8.125 77.375 1.1264
8.375 77.125 0.36385
8.375 77.375 0.90364
8.375 77.625 1.0416
8.375 77.875 1.2671
8.625 76.875 -0.11078
8.625 77.125 1.1736
8.625 77.375 0.70528
8.625 77.625 0.33758
8.625 77.875 0.57257
8.875 76.875 0.98263
8.875 77.125 1.3496
8.875 77.375 0.34593
8.875 77.625 0.17839
8.875 77.875 -0.41664
9.125 76.625 1.7206
9.125 76.875 1.3227
9.125 77.125 0.55718
9.125 77.375 0.48964
9.125 77.625 0.11545
9.125 77.875 -0.32213
9.125 78.125 0.18692
9.125 78.375 NaN
9.375 76.625 2.0115
9.375 76.875 1.9398
9.375 77.125 0.43358
9.375 77.375 0.2299
9.375 77.625 0.010591
9.375 77.875 -0.21645
9.375 78.125 0.25727
9.375 78.375 0.2168
9.375 78.625 0.06318
9.375 78.875 NaN
9.625 76.375 2.2579
9.625 76.625 2.4381
9.625 76.875 2.2524
9.625 77.125 0.62454
9.625 77.375 0.026072
9.625 77.625 -0.042507
9.625 77.875 0.45517
9.625 78.125 0.036192
9.625 78.375 0.26557
9.625 78.625 0.66561
9.875 76.625 2.4634
9.875 76.875 2.3854
9.875 77.125 0.66069
9.875 77.375 0.067973
9.875 77.625 0.17881
9.875 77.875 0.005883
9.875 78.125 -0.18527
9.875 78.375 0.50792
9.875 78.625 0.96241
9.875 78.875 0.70604
10.125 76.375 1.7217
10.125 76.625 3.0161
10.125 76.875 5.4231
10.125 77.125 0.73929
10.125 77.375 -0.49604
10.125 77.625 0.23824
10.125 77.875 0.072359
10.125 78.125 0.36768
10.125 78.375 0.13084
10.125 78.625 -0.42011
10.125 78.875 0.33969
10.125 79.125 1.0039
10.375 76.375 2.0279
10.375 76.625 2.0814
10.375 76.875 2.5405
10.375 77.125 1.1388
10.375 77.375 0.18085
10.375 77.625 -0.13654
10.375 77.875 -0.2387
10.375 78.125 0.0091418
10.375 78.375 0.054382
10.375 78.625 -0.15985
10.375 78.875 0.020409
10.375 79.125 1.2301
10.375 79.375 NaN
10.375 79.625 NaN
10.625 76.125 2.1495
10.625 76.375 3.6957
10.625 76.625 2.7828
10.625 76.875 2.434
10.625 77.125 0.00052359
10.625 77.375 -0.29731
10.625 77.625 0.41117
10.625 77.875 0.29651
10.625 78.125 -0.21428
10.625 78.375 -0.31135
10.625 78.625 0.23734
10.625 78.875 0.3375
10.625 79.125 1.8704
10.625 79.375 1.7706
10.625 79.625 1.2289
10.875 76.125 2.8077
10.875 76.375 4.2332
10.875 76.625 2.681
10.875 76.875 1.6883
10.875 77.125 0.46206
10.875 77.375 0.84594
10.875 77.625 -0.17363
10.875 77.875 -0.24786
10.875 78.125 -0.056943
10.875 78.375 0.33139
10.875 78.625 1.3526
10.875 78.875 1.7647
10.875 79.125 1.2341
10.875 79.375 0.95572
10.875 79.625 1.1348
11.125 76.125 1.4071
11.125 76.375 4.9518
11.125 76.625 7.1944
11.125 76.875 0.31025
11.125 77.125 1.0468
11.125 77.375 0.075178
11.125 77.625 0.15691
11.125 77.875 1.1223
11.125 78.125 0.2432
11.125 78.375 1.1439
11.125 78.625 0.96567
11.125 78.875 1.4972
11.125 79.125 1.4403
11.125 79.375 1.3903
11.125 79.625 0.9397
11.375 75.875 2.5538
11.375 76.125 2.2273
11.375 76.375 2.656
11.375 76.625 2.4542
11.375 76.875 5.5962
11.375 77.125 1.2794
11.375 77.375 -0.058205
11.375 77.625 0.2442
11.375 77.875 1.7308
11.375 78.125 1.9493
11.375 78.375 0.51734
11.375 78.625 0.011862
11.375 78.875 0.94721
11.375 79.125 0.31271
11.375 79.375 1.7428
11.375 79.625 1.5236
11.625 75.875 2.2713
11.625 76.125 3.3021
11.625 76.375 0.87943
11.625 76.625 2.1554
11.625 76.875 -0.74633
11.625 77.125 -0.26627
11.625 77.375 1.7167
11.625 77.625 1.459
11.625 77.875 1.0965
11.625 78.125 0.4566
11.625 78.375 0.82952
11.625 78.625 2.2094
11.625 78.875 0.68893
11.625 79.125 2.3398
11.625 79.375 1.7348
11.625 79.625 NaN
11.875 75.625 NaN
11.875 75.875 0.58183
11.875 76.125 0.74512
11.875 76.375 0.57997
11.875 76.625 0.8089
11.875 76.875 -0.57888
11.875 77.125 0.61327
11.875 77.375 1.2264
11.875 77.625 2.139
11.875 77.875 1.7797
11.875 78.125 2.1592
11.875 78.375 2.1571
11.875 78.625 1.3778
11.875 78.875 1.4798
11.875 79.125 2.5909
11.875 79.375 2.1841
11.875 79.625 1.9801
12.125 75.375 2.3312
12.125 75.625 2.6216
12.125 75.875 1.3768
12.125 76.125 0.83361
12.125 76.375 0.039343
12.125 76.625 0.12429
12.125 76.875 -0.12934
12.125 77.125 0.66475
12.125 77.375 1.5191
12.125 77.625 1.6832
12.125 77.875 0.71994
12.125 78.125 2.5669
12.125 78.375 3.0049
12.125 78.625 1.7923
12.125 78.875 1.7433
12.125 79.125 2.4926
12.125 79.375 2.8565
12.125 79.625 2.1798
12.375 75.125 3.3919
12.375 75.375 3.7
12.375 75.625 2.2282
12.375 75.875 1.5219
12.375 76.125 1.0914
12.375 76.375 0.80083
12.375 76.625 1.4222
12.375 76.875 0.087589
12.375 77.125 -0.33247
12.375 77.375 0.93533
12.375 77.625 0.97342
12.375 77.875 1.6131
12.375 78.125 1.7658
12.375 78.375 1.0331
12.375 78.625 1.3843
12.375 78.875 1.1961
12.375 79.125 1.6378
12.375 79.375 1.8264
12.375 79.625 1.7437
12.375 79.875 1.251
12.625 75.125 3.677
12.625 75.375 4.364
12.625 75.625 2.1885
12.625 75.875 0.99979
12.625 76.125 1.0774
12.625 76.375 3.0383
12.625 76.625 3.1188
12.625 76.875 1.5396
12.625 77.125 0.41075
12.625 77.375 1.3166
12.625 77.625 1.9524
12.625 77.875 0.88122
12.625 78.125 1.2608
12.625 78.375 1.6803
12.625 78.625 1.9013
12.625 78.875 1.5791
12.625 79.125 1.4911
12.625 79.375 1.2457
12.625 79.625 1.2891
12.625 79.875 -0.069929
12.875 75.125 3.2559
12.875 75.375 4.4432
12.875 75.625 0.47892
12.875 75.875 0.26412
12.875 76.125 0.22503
12.875 76.375 1.6429
12.875 76.625 1.2132
12.875 76.875 0.5446
12.875 77.125 0.45231
12.875 77.375 1.5898
12.875 77.625 1.3409
12.875 77.875 1.2221
12.875 78.125 0.90348
12.875 78.375 1.2872
12.875 78.625 1.3978
12.875 78.875 1.3793
12.875 79.125 1.3183
12.875 79.375 2.6689
12.875 79.625 0.94609
12.875 79.875 0.72611
13.125 74.875 NaN
13.125 75.125 2.8224
13.125 75.375 2.3989
13.125 75.625 2.4777
13.125 75.875 1.0022
13.125 76.125 1.098
13.125 76.375 1.3872
13.125 76.625 1.2594
13.125 76.875 0.82291
13.125 77.125 0.7904
13.125 77.375 0.56941
13.125 77.625 0.51475
13.125 77.875 1.3037
13.125 78.125 0.65235
13.125 78.375 1.1607
13.125 78.625 1.1394
13.125 78.875 0.90759
13.125 79.125 2.1733
13.125 79.375 2.1522
13.125 79.625 1.6767
13.125 79.875 1.4305
13.125 80.125 0.91572
13.375 74.875 NaN
13.375 75.125 2.301
13.375 75.375 1.9308
13.375 75.625 0.80773
13.375 75.875 0.98072
13.375 76.125 1.6185
13.375 76.375 1.219
13.375 76.625 1.3536
13.375 76.875 0.40401
13.375 77.125 0.97512
13.375 77.375 0.36853
13.375 77.625 0.64309
13.375 77.875 1.3498
13.375 78.125 0.92469
13.375 78.375 0.66777
13.375 78.625 0.93031
13.375 78.875 0.76108
13.375 79.125 0.41904
13.375 79.375 0.4607
13.375 79.625 1.3315
13.375 79.875 1.4978
13.375 80.125 1.2577
13.625 74.875 1.7319
13.625 75.125 2.7347
13.625 75.375 1.5988
13.625 75.625 1.13
13.625 75.875 0.67834
13.625 76.125 0.6676
13.625 76.375 0.79124
13.625 76.625 0.2126
13.625 76.875 0.30767
13.625 77.125 0.77111
13.625 77.375 1.1763
13.625 77.625 2.2424
13.625 77.875 1.5263
13.625 78.125 1.0773
13.625 78.375 0.4778
13.625 78.625 0.50755
13.625 78.875 0.81328
13.625 79.125 0.85517
13.625 79.375 0.73294
13.625 79.625 0.17557
13.625 79.875 0.87908
13.625 80.125 1.261
13.875 74.875 1.9277
13.875 75.125 2.4099
13.875 75.375 1.4457
13.875 75.625 0.4375
13.875 75.875 1.0296
13.875 76.125 0.79771
13.875 76.375 0.93981
13.875 76.625 1.5169
13.875 76.875 0.40991
13.875 77.125 0.47985
13.875 77.375 2.3545
13.875 77.625 1.9258
13.875 77.875 1.0727
13.875 78.125 0.93494
13.875 78.375 1.5996
13.875 78.625 1.3726
13.875 78.875 0.67344
13.875 79.125 0.50602
13.875 79.375 0.24371
13.875 79.625 -0.54195
13.875 79.875 0.18079
14.125 74.625 2.8588
14.125 74.875 2.2892
14.125 75.125 2.7283
14.125 75.375 2.5037
14.125 75.625 0.68634
14.125 75.875 1.8123
14.125 76.125 1.2461
14.125 76.375 1.8868
14.125 76.625 1.9385
14.125 76.875 1.7795
14.125 77.125 0.99807
14.125 77.375 2.4161
14.125 77.625 1.2785
14.125 77.875 0.91828
14.125 78.125 -0.033767
14.125 78.375 0.64723
14.125 78.625 0.34646
14.125 78.875 0.18958
14.125 79.125 0.64162
14.125 79.375 0.43868
14.125 79.625 0.29764
14.125 79.875 0.38281
14.375 74.625 1.3059
14.375 74.875 2.392
14.375 75.125 2.0287
14.375 75.375 1.4912
14.375 75.625 1.8664
14.375 75.875 2.547
14.375 76.125 2.9173
14.375 76.375 2.2959
14.375 76.625 1.5915
14.375 76.875 2.1726
14.375 77.125 2.1006
14.375 77.375 1.697
14.375 77.625 0.26932
14.375 77.875 0.55453
14.375 78.125 -0.035906
14.375 78.375 0.20916
14.375 78.625 0.15675
14.375 78.875 0.31107
14.375 79.125 0.8256
14.375 79.375 0.99844
14.375 79.625 0.86032
14.375 79.875 1.0382
14.625 74.375 NaN
14.625 74.625 1.69
14.625 74.875 1.5494
14.625 75.125 1.1951
14.625 75.375 1.307
14.625 75.625 2.5972
14.625 75.875 2.3069
14.625 76.125 1.8201
14.625 76.375 1.3375
14.625 76.625 1.2054
14.625 76.875 2.2329
14.625 77.125 2.5996
14.625 77.375 1.4776
14.625 77.625 0.58443
14.625 77.875 0.42639
14.625 78.125 0.44802
14.625 78.375 0.41484
14.625 78.625 0.39956
14.625 78.875 0.4552
14.625 79.125 0.66363
14.625 79.375 0.68338
14.625 79.625 0.69135
14.625 79.875 0.84286
14.875 74.375 3.2167
14.875 74.625 1.7402
14.875 74.875 1.4349
14.875 75.125 1.5444
14.875 75.375 0.26999
14.875 75.625 1.7108
14.875 75.875 1.5921
14.875 76.125 1.4408
14.875 76.375 0.45624
14.875 76.625 1.6685
14.875 76.875 2.3512
14.875 77.125 2.3664
14.875 77.375 1.0019
14.875 77.625 0.55732
14.875 77.875 0.38367
14.875 78.125 0.79722
14.875 78.375 0.79195
14.875 78.625 0.34871
14.875 78.875 0.50066
14.875 79.125 0.38082
14.875 79.375 -0.31725
14.875 79.625 0.72738
14.875 79.875 0.72203
15.125 74.125 3.6305
15.125 74.375 2.249
15.125 74.625 1.8961
15.125 74.875 2.037
15.125 75.125 1.5395
15.125 75.375 1.5045
15.125 75.625 2.0596
15.125 75.875 2.0091
15.125 76.125 0.93852
15.125 76.375 0.92389
15.125 76.625 0.76636
15.125 76.875 1.6276
15.125 77.125 1.6677
15.125 77.375 1.4545
15.125 77.625 1.1243
15.125 77.875 0.64515
15.125 78.125 1.3175
15.125 78.375 1.0454
15.125 78.625 0.32125
15.125 78.875 0.13096
15.125 79.125 -0.021151
15.125 79.375 0.67864
15.125 79.625 1.5921
15.125 79.875 1.1058
15.375 73.875 2.5439
15.375 74.125 3.0779
15.375 74.375 2.7076
15.375 74.625 2.1629
15.375 74.875 2.5425
15.375 75.125 2.0725
15.375 75.375 2.8122
15.375 75.625 2.0508
15.375 75.875 1.8769
15.375 76.125 1.4988
15.375 76.375 1.7708
15.375 76.625 1.3767
15.375 76.875 1.9855
15.375 77.125 0.50892
15.375 77.375 0.85165
15.375 77.625 0.86822
15.375 77.875 0.22645
15.375 78.125 0.36562
15.375 78.375 0.33729
15.375 78.625 -0.047951
15.375 78.875 0.049618
15.375 79.125 0.16966
15.375 79.375 0.31751
15.375 79.625 0.62086
15.375 79.875 0.97527
15.625 73.875 1.4936
15.625 74.125 0.8324
15.625 74.375 1.2547
15.625 74.625 2.1683
15.625 74.875 1.8478
15.625 75.125 2.4348
15.625 75.375 1.9552
15.625 75.625 1.3752
15.625 75.875 1.8413
15.625 76.125 2.1637
15.625 76.375 1.7143
15.625 76.625 2.3144
15.625 76.875 2.0458
15.625 77.125 1.4149
15.625 77.375 0.91147
15.625 77.625 1.04
15.625 77.875 0.33528
15.625 78.125 0.2752
15.625 78.375 0.26347
15.625 78.625 -0.113
15.625 78.875 2.0379
15.625 79.125 1.0232
15.625 79.375 1.1302
15.625 79.625 1.3782
15.625 79.875 1.3939
15.625 80.125 1.6088
15.875 73.875 2.2975
15.875 74.125 1.5729
15.875 74.375 1.7443
15.875 74.625 2.2545
15.875 74.875 1.2857
15.875 75.125 1.1858
15.875 75.375 1.334
15.875 75.625 1.9472
15.875 75.875 1.8676
15.875 76.125 1.5941
15.875 76.375 1.7461
15.875 76.625 1.8984
15.875 76.875 2.028
15.875 77.125 2.0146
15.875 77.375 1.8852
15.875 77.625 1.0654
15.875 77.875 0.903
15.875 78.125 0.72319
15.875 78.375 0.93575
15.875 78.625 1.5819
15.875 78.875 1.9321
15.875 79.125 2.216
15.875 79.375 0.72968
15.875 79.625 0.078882
15.875 79.875 1.2208
15.875 80.125 1.9351
15.875 80.375 2.2247
15.875 80.625 NaN
15.875 80.875 2.4909
16.125 73.625 3.361
16.125 73.875 2.9389
16.125 74.125 2.3838
16.125 74.375 2.1195
16.125 74.625 2.7855
16.125 74.875 1.3672
16.125 75.125 -0.14898
16.125 75.375 0.053655
16.125 75.625 2.1825
16.125 75.875 2.8776
16.125 76.125 1.6565
16.125 76.375 1.2992
16.125 76.625 1.2467
16.125 76.875 2.7474
16.125 77.125 2.2329
16.125 77.375 2.0457
16.125 77.625 1.5381
16.125 77.875 1.3903
16.125 78.125 1.1106
16.125 78.375 0.87588
16.125 78.625 1.2154
16.125 78.875 1.8617
16.125 79.125 1.8152
16.125 79.375 0.43529
16.125 79.625 -0.034601
16.125 79.875 1.4333
16.125 80.125 2.2284
16.125 80.375 2.027
16.125 80.625 2.3568
16.125 80.875 2.2987
16.375 73.625 1.9898
16.375 73.875 2.7154
16.375 74.125 2.721
16.375 74.375 2.4607
16.375 74.625 1.7185
16.375 74.875 1.3583
16.375 75.125 1.6702
16.375 75.375 1.5456
16.375 75.625 2.002
16.375 75.875 2.0496
16.375 76.125 1.9674
16.375 76.375 2.2034
16.375 76.625 1.4775
16.375 76.875 2.5274
16.375 77.125 3.1508
16.375 77.375 2.6589
16.375 77.625 1.4372
16.375 77.875 1.1007
16.375 78.125 1.3883
16.375 78.375 1.4426
16.375 78.625 0.97378
16.375 78.875 1.0884
16.375 79.125 1.5004
16.375 79.375 0.21079
16.375 79.625 0.61786
16.375 79.875 1.2112
16.375 80.125 2.4157
16.375 80.375 1.4099
16.375 80.625 2.4899
16.375 80.875 2.2793
16.375 81.125 1.7251
16.375 81.375 NaN
16.375 81.625 NaN
16.625 73.625 2.7871
16.625 73.875 1.9045
16.625 74.125 2.551
16.625 74.375 -0.2069
16.625 74.625 2.2929
16.625 74.875 2.3798
16.625 75.125 2.0287
16.625 75.375 2.1565
16.625 75.625 2.1528
16.625 75.875 1.0855
16.625 76.125 1.7544
16.625 76.375 2.5186
16.625 76.625 1.728
16.625 76.875 1.6436
16.625 77.125 2.9519
16.625 77.375 2.8752
16.625 77.625 2.6263
16.625 77.875 3.4853
16.625 78.125 2.6076
16.625 78.375 1.9661
16.625 78.625 0.88554
16.625 78.875 0.57893
16.625 79.125 0.23753
16.625 79.375 -0.17503
16.625 79.625 0.94405
16.625 79.875 0.96259
16.625 80.125 1.8862
16.625 80.375 1.6551
16.625 80.625 1.9192
16.625 80.875 2.2209
16.625 81.125 1.4403
16.625 81.375 1.2808
16.625 81.625 1.001
16.625 81.875 0.72006
16.625 82.125 0.80703
16.875 73.375 3.0333
16.875 73.625 2.8101
16.875 73.875 1.9215
16.875 74.125 1.3587
16.875 74.375 1.0376
16.875 74.625 0.16296
16.875 74.875 2.1311
16.875 75.125 2.8622
16.875 75.375 3.5957
16.875 75.625 2.4755
16.875 75.875 1.3794
16.875 76.125 1.5692
16.875 76.375 2.4358
16.875 76.625 3.0007
16.875 76.875 2.1597
16.875 77.125 2.6336
16.875 77.375 2.9836
16.875 77.625 1.8219
16.875 77.875 1.2184
16.875 78.125 1.0377
16.875 78.375 1.121
16.875 78.625 0.76687
16.875 78.875 -0.21095
16.875 79.125 0.11826
16.875 79.375 -0.028749
16.875 79.625 1.1813
16.875 79.875 0.75118
16.875 80.125 1.4796
16.875 80.375 1.4117
16.875 80.625 1.8933
16.875 80.875 1.9272
16.875 81.125 1.0252
16.875 81.375 1.1921
16.875 81.625 1.0271
16.875 81.875 0.83188
16.875 82.125 0.86702
17.125 73.375 3.2962
17.125 73.625 2.2884
17.125 73.875 2.9853
17.125 74.125 2.3029
17.125 74.375 0.98314
17.125 74.625 -0.45494
17.125 74.875 0.49006
17.125 75.125 0.71841
17.125 75.375 2.1601
17.125 75.625 2.8554
17.125 75.875 2.3961
17.125 76.125 3.3104
17.125 76.375 2.0709
17.125 76.625 1.7014
17.125 76.875 2.1256
17.125 77.125 2.2469
17.125 77.375 1.7113
17.125 77.625 2.0618
17.125 77.875 1.2212
17.125 78.125 -0.36562
17.125 78.375 1.2109
17.125 78.625 0.36798
17.125 78.875 0.43505
17.125 79.125 1.4106
17.125 79.375 0.67824
17.125 79.625 0.58668
17.125 79.875 1.0973
17.125 80.125 1.5889
17.125 80.375 1.7356
17.125 80.625 1.6893
17.125 80.875 1.6475
17.125 81.125 1.3701
17.125 81.375 1.3212
17.125 81.625 0.42729
17.125 81.875 0.41458
17.125 82.125 0.97085
17.125 82.375 1.3563
17.375 73.375 2.5164
17.375 73.625 2.1655
17.375 73.875 3.5397
17.375 74.125 1.062
17.375 74.375 0.051348
17.375 74.625 -0.49074
17.375 74.875 -0.16007
17.375 75.125 -0.13089
17.375 75.375 0.4688
17.375 75.625 2.3995
17.375 75.875 1.2298
17.375 76.125 1.4398
17.375 76.375 1.2174
17.375 76.625 1.2169
17.375 76.875 2.1859
17.375 77.125 3.2079
17.375 77.375 1.9553
17.375 77.625 1.9055
17.375 77.875 0.40718
17.375 78.125 0.89113
17.375 78.375 0.94611
17.375 78.625 0.64701
17.375 78.875 1.4005
17.375 79.125 0.64555
17.375 79.375 2.1176
17.375 79.625 1.1079
17.375 79.875 1.9686
17.375 80.125 2.7694
17.375 80.375 1.8611
17.375 80.625 1.1454
17.375 80.875 1.0654
17.375 81.125 0.5555
17.375 81.375 0.7993
17.375 81.625 0.5767
17.375 81.875 0.44695
17.375 82.125 1.16
17.375 82.375 1.4924
17.375 82.625 NaN
17.625 73.375 2.2892
17.625 73.625 0.91302
17.625 73.875 3.488
17.625 74.125 1.8232
17.625 74.375 0.61712
17.625 74.625 0.54828
17.625 74.875 1.4439
17.625 75.125 1.5237
17.625 75.375 -0.36383
17.625 75.625 1.7605
17.625 75.875 1.5792
17.625 76.125 2.2562
17.625 76.375 3.1527
17.625 76.625 2.7036
17.625 76.875 2.631
17.625 77.125 2.1437
17.625 77.375 2.3406
17.625 77.625 0.81681
17.625 77.875 1.0284
17.625 78.125 1.1781
17.625 78.375 1.5989
17.625 78.625 1.6685
17.625 78.875 0.86488
17.625 79.125 0.45845
17.625 79.375 0.77344
17.625 79.625 1.7363
17.625 79.875 2.6405
17.625 80.125 2.4636
17.625 80.375 2.0622
17.625 80.625 1.5278
17.625 80.875 0.98614
17.625 81.125 0.46865
17.625 81.375 0.25258
17.625 81.625 0.53093
17.625 81.875 0.2588
17.625 82.125 0.70419
17.625 82.375 1.3731
17.625 82.625 1.0385
17.625 82.875 0.51491
17.625 83.125 0.63847
17.875 73.375 2.4589
17.875 73.625 1.3471
17.875 73.875 2.6068
17.875 74.125 4.8037
17.875 74.375 4.2389
17.875 74.625 1.9905
17.875 74.875 2.9611
17.875 75.125 0.15569
17.875 75.375 0.066831
17.875 75.625 1.9387
17.875 75.875 2.4792
17.875 76.125 3.7005
17.875 76.375 3.659
17.875 76.625 3.29
17.875 76.875 2.7697
17.875 77.125 3.3232
17.875 77.375 2.766
17.875 77.625 2.6903
17.875 77.875 2.5163
17.875 78.125 2.8563
17.875 78.375 1.8537
17.875 78.625 2.0065
17.875 78.875 1.2893
17.875 79.125 1.43
17.875 79.375 0.79078
17.875 79.625 2.1708
17.875 79.875 2.5432
17.875 80.125 2.1511
17.875 80.375 1.0233
17.875 80.625 2.1401
17.875 80.875 1.2396
17.875 81.125 0.90399
17.875 81.375 0.65954
17.875 81.625 0.59127
17.875 81.875 0.2677
17.875 82.125 0.27618
17.875 82.375 0.28987
17.875 82.625 1.7126
17.875 82.875 1.6636
17.875 83.125 0.56509
17.875 83.375 0.45442
18.125 73.125 NaN
18.125 73.375 2.3026
18.125 73.625 2.3169
18.125 73.875 2.4968
18.125 74.125 4.6191
18.125 74.375 4.3775
18.125 74.625 4.0935
18.125 74.875 2.9618
18.125 75.125 0.42708
18.125 75.375 3.0169
18.125 75.625 3.7901
18.125 75.875 5.0945
18.125 76.125 4.1554
18.125 76.375 4.3297
18.125 76.625 3.4596
18.125 76.875 3.623
18.125 77.125 3.6918
18.125 77.375 2.0104
18.125 77.625 2.8487
18.125 77.875 2.92
18.125 78.125 2.1876
18.125 78.375 1.9709
18.125 78.625 1.3931
18.125 78.875 1.3695
18.125 79.125 1.1295
18.125 79.375 1.1999
18.125 79.625 1.4628
18.125 79.875 1.7848
18.125 80.125 1.7539
18.125 80.375 1.3585
18.125 80.625 1.378
18.125 80.875 0.17473
18.125 81.125 0.5554
18.125 81.375 -0.025985
18.125 81.625 0.30497
18.125 81.875 0.2295
18.125 82.125 0.70764
18.125 82.375 0.24456
18.125 82.625 0.92422
18.125 82.875 0.89194
18.125 83.125 0.61524
18.125 83.375 0.80344
18.125 83.625 1.5087
18.375 73.125 2.8186
18.375 73.375 2.2159
18.375 73.625 2.6771
18.375 73.875 2.8771
18.375 74.125 3.4655
18.375 74.375 4.5331
18.375 74.625 4.2492
18.375 74.875 1.7657
18.375 75.125 0.96215
18.375 75.375 4.6711
18.375 75.625 3.1892
18.375 75.875 1.7324
18.375 76.125 3.2342
18.375 76.375 4.3755
18.375 76.625 3.0104
18.375 76.875 3.6052
18.375 77.125 2.1767
18.375 77.375 2.1811
18.375 77.625 1.7376
18.375 77.875 2.2372
18.375 78.125 2.7868
18.375 78.375 2.4279
18.375 78.625 0.35314
18.375 78.875 0.17893
18.375 79.125 0.79683
18.375 79.375 0.49725
18.375 79.625 0.81858
18.375 79.875 1.419
18.375 80.125 1.5303
18.375 80.375 2.3719
18.375 80.625 2.586
18.375 80.875 -0.48578
18.375 81.125 -0.55368
18.375 81.375 -0.15713
18.375 81.625 0.43183
18.375 81.875 0.33219
18.375 82.125 1.7347
18.375 82.375 1.5434
18.375 82.625 -0.15804
18.375 82.875 -0.4788
18.375 83.125 0.98831
18.375 83.375 1.4846
18.375 83.625 1.3806
18.375 83.875 1.4175
18.625 73.125 3.5671
18.625 73.375 3.1801
18.625 73.625 2.5056
18.625 73.875 3.1756
18.625 74.125 2.4822
18.625 74.375 3.1993
18.625 74.625 3.3102
18.625 74.875 2.3405
18.625 75.125 1.7745
18.625 75.375 2.5819
18.625 75.625 1.3838
18.625 75.875 1.0057
18.625 76.125 1.5592
18.625 76.375 1.3548
18.625 76.625 2.0524
18.625 76.875 0.83681
18.625 77.125 1.8492
18.625 77.375 0.25588
18.625 77.625 1.9114
18.625 77.875 2.4269
18.625 78.125 2.1043
18.625 78.375 3.4756
18.625 78.625 0.74857
18.625 78.875 0.10021
18.625 79.125 0.63619
18.625 79.375 0.86937
18.625 79.625 0.49799
18.625 79.875 1.0441
18.625 80.125 1.608
18.625 80.375 3.2504
18.625 80.625 3.0454
18.625 80.875 0.47105
18.625 81.125 -0.5391
18.625 81.375 -0.0027497
18.625 81.625 0.89888
18.625 81.875 0.47433
18.625 82.125 1.0961
18.625 82.375 0.91193
18.625 82.625 0.8484
18.625 82.875 1.4366
18.625 83.125 0.38373
18.625 83.375 0.94815
18.625 83.625 0.53594
18.625 83.875 1.0254
18.625 84.125 0.51933
18.875 73.125 3.4543
18.875 73.375 2.9219
18.875 73.625 3.4945
18.875 73.875 3.4296
18.875 74.125 1.191
18.875 74.375 4.9111
18.875 74.625 3.1908
18.875 74.875 2.2102
18.875 75.125 1.5315
18.875 75.375 2.0206
18.875 75.625 2.0762
18.875 75.875 0.94671
18.875 76.125 1.9553
18.875 76.375 1.3036
18.875 76.625 1.4659
18.875 76.875 -1.4743e-05
18.875 77.125 1.6764
18.875 77.375 0.36818
18.875 77.625 2.517
18.875 77.875 2.2824
18.875 78.125 2.3419
18.875 78.375 1.1047
18.875 78.625 1.3357
18.875 78.875 1.0513
18.875 79.125 0.63292
18.875 79.375 1.0664
18.875 79.625 0.59257
18.875 79.875 1.2995
18.875 80.125 1.7471
18.875 80.375 2.9449
18.875 80.625 3.5934
18.875 80.875 2.1502
18.875 81.125 0.63218
18.875 81.375 1.5785
18.875 81.625 0.5014
18.875 81.875 1.2437
18.875 82.125 0.79843
18.875 82.375 0.68582
18.875 82.625 1.2557
18.875 82.875 1.104
18.875 83.125 0.88821
18.875 83.375 1.7786
18.875 83.625 1.3844
18.875 83.875 1.0264
18.875 84.125 0.45413
18.875 84.375 0.6288
19.125 73.125 3.4429
19.125 73.375 2.988
19.125 73.625 3.0398
19.125 73.875 3.0065
19.125 74.125 2.7537
19.125 74.375 3.4822
19.125 74.625 2.6863
19.125 74.875 1.8179
19.125 75.125 1.3002
19.125 75.375 0.50181
19.125 75.625 0.31784
19.125 75.875 0.2163
19.125 76.125 0.77519
19.125 76.375 1.4786
19.125 76.625 0.83621
19.125 76.875 0.22844
19.125 77.125 1.0555
19.125 77.375 0.38684
19.125 77.625 0.70244
19.125 77.875 0.94958
19.125 78.125 1.2426
19.125 78.375 1.2271
19.125 78.625 1.1624
19.125 78.875 1.9478
19.125 79.125 1.0396
19.125 79.375 0.61278
19.125 79.625 0.93669
19.125 79.875 1.2046
19.125 80.125 1.5724
19.125 80.375 2.1152
19.125 80.625 2.4698
19.125 80.875 1.4225
19.125 81.125 0.4775
19.125 81.375 0.19254
19.125 81.625 0.62027
19.125 81.875 0.89552
19.125 82.125 0.94649
19.125 82.375 0.77476
19.125 82.625 0.78059
19.125 82.875 1.0183
19.125 83.125 0.32275
19.125 83.375 0.87887
19.125 83.625 -0.14487
19.125 83.875 0.53488
19.125 84.125 1.3941
19.125 84.375 1.44
19.125 84.625 1.1346
19.375 72.875 1.6262
19.375 73.125 1.603
19.375 73.375 2.3407
19.375 73.625 1.8707
19.375 73.875 1.9972
19.375 74.125 3.2466
19.375 74.375 3.1558
19.375 74.625 1.0174
19.375 74.875 1.214
19.375 75.125 0.24466
19.375 75.375 0.53779
19.375 75.625 -0.069517
19.375 75.875 0.14104
19.375 76.125 1.4766
19.375 76.375 0.80202
19.375 76.625 -0.47187
19.375 76.875 -0.71568
19.375 77.125 -0.29958
19.375 77.375 -0.33382
19.375 77.625 -0.10911
19.375 77.875 0.81603
19.375 78.125 1.6832
19.375 78.375 1.4019
19.375 78.625 1.3067
19.375 78.875 2.1885
19.375 79.125 2.4088
19.375 79.375 1.9073
19.375 79.625 0.97412
19.375 79.875 0.91493
19.375 80.125 1.349
19.375 80.375 1.5878
19.375 80.625 1.5183
19.375 80.875 0.97156
19.375 81.125 0.14502
19.375 81.375 -0.11979
19.375 81.625 -0.014417
19.375 81.875 1.1182
19.375 82.125 1.7856
19.375 82.375 0.61674
19.375 82.625 0.30087
19.375 82.875 1.168
19.375 83.125 1.4262
19.375 83.375 0.7748
19.375 83.625 0.17864
19.375 83.875 0.48848
19.375 84.125 1.4214
19.375 84.375 2.3973
19.375 84.625 1.7774
19.375 84.875 1.4328
19.625 72.875 1.9284
19.625 73.125 1.7974
19.625 73.375 1.9625
19.625 73.625 3.1203
19.625 73.875 3.2111
19.625 74.125 1.3563
19.625 74.375 1.7782
19.625 74.625 1.6817
19.625 74.875 1.3667
19.625 75.125 0.91426
19.625 75.375 0.94179
19.625 75.625 0.49388
19.625 75.875 0.38358
19.625 76.125 0.68423
19.625 76.375 0.34586
19.625 76.625 -0.61694
19.625 76.875 -0.64112
19.625 77.125 -0.6247
19.625 77.375 -0.33314
19.625 77.625 2.5659e-05
19.625 77.875 0.66562
19.625 78.125 1.4314
19.625 78.375 1.7189
19.625 78.625 2.2758
19.625 78.875 2.2753
19.625 79.125 1.9703
19.625 79.375 1.7897
19.625 79.625 1.2082
19.625 79.875 1.0721
19.625 80.125 0.97072
19.625 80.375 1.0836
19.625 80.625 0.87515
19.625 80.875 0.69356
19.625 81.125 0.32829
19.625 81.375 -0.1808
19.625 81.625 0.41416
19.625 81.875 1.1735
19.625 82.125 1.0853
19.625 82.375 1.2208
19.625 82.625 0.56032
19.625 82.875 1.4469
19.625 83.125 0.79017
19.625 83.375 2.1861
19.625 83.625 1.4944
19.625 83.875 0.97475
19.625 84.125 1.5778
19.625 84.375 1.7923
19.625 84.625 2.1858
19.625 84.875 1.7184
19.625 85.125 -0.48888
19.625 85.375 0.53115
19.875 72.875 1.5506
19.875 73.125 1.7236
19.875 73.375 2.9282
19.875 73.625 3.17
19.875 73.875 1.8074
19.875 74.125 1.5597
19.875 74.375 2.249
19.875 74.625 2.0426
19.875 74.875 0.45449
19.875 75.125 0.55444
19.875 75.375 0.52081
19.875 75.625 0.60891
19.875 75.875 0.62364
19.875 76.125 0.79049
19.875 76.375 0.84661
19.875 76.625 0.19886
19.875 76.875 0.34381
19.875 77.125 0.066239
19.875 77.375 -0.19727
19.875 77.625 0.18692
19.875 77.875 0.4448
19.875 78.125 1.0305
19.875 78.375 1.6381
19.875 78.625 1.9288
19.875 78.875 1.5574
19.875 79.125 1.2924
19.875 79.375 1.6482
19.875 79.625 1.747
19.875 79.875 1.4821
19.875 80.125 0.73165
19.875 80.375 0.77024
19.875 80.625 1.15
19.875 80.875 1.0763
19.875 81.125 0.29196
19.875 81.375 -0.49133
19.875 81.625 -0.40065
19.875 81.875 0.19119
19.875 82.125 1.1763
19.875 82.375 1.0836
19.875 82.625 0.59771
19.875 82.875 0.5623
19.875 83.125 1.5738
19.875 83.375 1.5792
19.875 83.625 1.2848
19.875 83.875 1.3138
19.875 84.125 2.0348
19.875 84.375 1.7817
19.875 84.625 2.1156
19.875 84.875 2.4588
19.875 85.125 1.3645
19.875 85.375 0.52803
19.875 85.625 NaN
19.875 85.875 NaN
19.875 86.125 NaN
20.125 72.875 1.5922
20.125 73.125 1.3621
20.125 73.375 1.474
20.125 73.625 1.755
20.125 73.875 1.8701
20.125 74.125 1.4108
20.125 74.375 2.0026
20.125 74.625 0.97629
20.125 74.875 0.20905
20.125 75.125 0.43969
20.125 75.375 0.85574
20.125 75.625 0.49553
20.125 75.875 0.74883
20.125 76.125 1.5635
20.125 76.375 1.7141
20.125 76.625 1.6621
20.125 76.875 0.90566
20.125 77.125 0.68873
20.125 77.375 0.4526
20.125 77.625 0.66047
20.125 77.875 0.38914
20.125 78.125 0.71989
20.125 78.375 1.312
20.125 78.625 1.3117
20.125 78.875 1.1684
20.125 79.125 0.87604
20.125 79.375 1.3234
20.125 79.625 1.263
20.125 79.875 1.3917
20.125 80.125 1.3058
20.125 80.375 0.6043
20.125 80.625 1.0479
20.125 80.875 1.0176
20.125 81.125 0.15373
20.125 81.375 0.074264
20.125 81.625 0.013964
20.125 81.875 -0.042289
20.125 82.125 0.5058
20.125 82.375 0.10056
20.125 82.625 0.14948
20.125 82.875 -0.44986
20.125 83.125 2.2287
20.125 83.375 1.0276
20.125 83.625 0.45633
20.125 83.875 1.7045
20.125 84.125 1.0923
20.125 84.375 0.49243
20.125 84.625 1.1904
20.125 84.875 1.6065
20.125 85.125 2.2716
20.125 85.375 1.1311
20.125 85.625 0.42406
20.125 85.875 0.92019
20.125 86.125 0.80566
20.125 86.375 NaN
20.375 73.125 2.0155
20.375 73.375 1.852
20.375 73.625 1.4906
20.375 73.875 1.4511
20.375 74.125 1.4657
20.375 74.375 0.73566
20.375 74.625 0.71984
20.375 74.875 0.73977
20.375 75.125 1.3118
20.375 75.375 1.6826
20.375 75.625 1.047
20.375 75.875 1.3929
20.375 76.125 2.293
20.375 76.375 2.947
20.375 76.625 2.3842
20.375 76.875 1.9072
20.375 77.125 1.3377
20.375 77.375 1.108
20.375 77.625 0.80672
20.375 77.875 0.38197
20.375 78.125 0.74222
20.375 78.375 0.82154
20.375 78.625 0.88012
20.375 78.875 0.61158
20.375 79.125 0.14751
20.375 79.375 0.57205
20.375 79.625 0.76094
20.375 79.875 1.2818
20.375 80.125 1.1861
20.375 80.375 0.5673
20.375 80.625 0.5118
20.375 80.875 0.80847
20.375 81.125 0.84501
20.375 81.375 0.76027
20.375 81.625 0.21876
20.375 81.875 0.27582
20.375 82.125 3.017
20.375 82.375 1.6101
20.375 82.625 0.44696
20.375 82.875 0.61912
20.375 83.125 0.58955
20.375 83.375 0.77233
20.375 83.625 1.4787
20.375 83.875 0.96127
20.375 84.125 1.6823
20.375 84.375 -0.5986
20.375 84.625 0.75648
20.375 84.875 0.97288
20.375 85.125 0.64414
20.375 85.375 -0.15962
20.375 85.625 0.86316
20.375 85.875 0.61895
20.375 86.125 0.99178
20.375 86.375 0.65567
20.375 86.625 NaN
20.625 73.125 1.5216
20.625 73.375 1.8909
20.625 73.625 1.9092
20.625 73.875 1.0256
20.625 74.125 1.8846
20.625 74.375 1.8224
20.625 74.625 2.1923
20.625 74.875 1.1962
20.625 75.125 1.1985
20.625 75.375 1.2139
20.625 75.625 0.6299
20.625 75.875 0.90522
20.625 76.125 2.6534
20.625 76.375 3.2802
20.625 76.625 2.7189
20.625 76.875 2.1753
20.625 77.125 1.3729
20.625 77.375 1.2268
20.625 77.625 1.3822
20.625 77.875 0.9391
20.625 78.125 1.1811
20.625 78.375 1.0063
20.625 78.625 0.86287
20.625 78.875 0.50294
20.625 79.125 0.31896
20.625 79.375 0.2097
20.625 79.625 0.56153
20.625 79.875 0.69003
20.625 80.125 0.70774
20.625 80.375 -0.14438
20.625 80.625 -0.26019
20.625 80.875 0.88501
20.625 81.125 0.98963
20.625 81.375 0.31026
20.625 81.625 -0.069848
20.625 81.875 0.67718
20.625 82.125 4.1994
20.625 82.375 1.3888
20.625 82.625 0.21151
20.625 82.875 0.60993
20.625 83.125 0.87151
20.625 83.375 0.94507
20.625 83.625 1.0262
20.625 83.875 1.0806
20.625 84.125 0.66904
20.625 84.375 0.52112
20.625 84.625 0.97554
20.625 84.875 0.75392
20.625 85.125 0.906
20.625 85.375 1.9486
20.625 85.625 -0.42899
20.625 85.875 0.90521
20.625 86.125 1.5601
20.625 86.375 1.1693
20.625 86.625 1.0134
20.625 86.875 NaN
20.875 70.625 2.3188
20.875 70.875 1.9063
20.875 71.125 1.9474
20.875 71.375 3.6684
20.875 72.875 1.3817
20.875 73.125 1.7442
20.875 73.375 1.2469
20.875 73.625 1.5911
20.875 73.875 1.4637
20.875 74.125 2.6732
20.875 74.375 2.9496
20.875 74.625 2.3362
20.875 74.875 0.93607
20.875 75.125 1.2759
20.875 75.375 1.2181
20.875 75.625 0.38629
20.875 75.875 0.6712
20.875 76.125 1.9669
20.875 76.375 2.4534
20.875 76.625 2.2718
20.875 76.875 2.4119
20.875 77.125 1.794
20.875 77.375 1.2965
20.875 77.625 1.568
20.875 77.875 1.1777
20.875 78.125 0.85919
20.875 78.375 1.0738
20.875 78.625 0.65299
20.875 78.875 0.65707
20.875 79.125 0.4972
20.875 79.375 -0.054719
20.875 79.625 0.056544
20.875 79.875 0.6388
20.875 80.125 0.5449
20.875 80.375 -0.33817
20.875 80.625 0.19004
20.875 80.875 0.46128
20.875 81.125 0.16669
20.875 81.375 0.042004
20.875 81.625 -0.082146
20.875 81.875 -0.23949
20.875 82.125 0.61842
20.875 82.375 1.0295
20.875 82.625 0.34797
20.875 82.875 -0.0073423
20.875 83.125 0.068905
20.875 83.375 0.1864
20.875 83.625 1.3878
20.875 83.875 0.83036
20.875 84.125 0.062333
20.875 84.375 1.4443
20.875 84.625 0.83672
20.875 84.875 0.98899
20.875 85.125 0.95609
20.875 85.375 0.59232
20.875 85.625 -0.053172
20.875 85.875 0.64479
20.875 86.125 0.49169
20.875 86.375 0.34455
20.875 86.625 0.66424
21.125 70.375 2.6698
21.125 70.625 2.7201
21.125 70.875 1.5766
21.125 71.125 3.6406
21.125 71.375 4.0451
21.125 71.625 NaN
21.125 71.875 NaN
21.125 72.875 0.69873
21.125 73.125 0.82198
21.125 73.375 0.93851
21.125 73.625 0.81444
21.125 73.875 1.6507
21.125 74.125 1.9495
21.125 74.375 1.4085
21.125 74.625 1.2548
21.125 74.875 1.6152
21.125 75.125 1.4856
21.125 75.375 1.055
21.125 75.625 0.69533
21.125 75.875 0.40795
21.125 76.125 0.93829
21.125 76.375 1.3803
21.125 76.625 1.5509
21.125 76.875 1.6849
21.125 77.125 1.381
21.125 77.375 1.5749
21.125 77.625 1.1016
21.125 77.875 0.91001
21.125 78.125 0.87735
21.125 78.375 0.94484
21.125 78.625 0.40596
21.125 78.875 1.624
21.125 79.125 0.94307
21.125 79.375 -0.27796
21.125 79.625 0.046704
21.125 79.875 1.1329
21.125 80.125 -0.070587
21.125 80.375 -0.51323
21.125 80.625 0.3033
21.125 80.875 0.38513
21.125 81.125 -0.10433
21.125 81.375 0.057019
21.125 81.625 -0.8496
21.125 81.875 -0.88261
21.125 82.125 -0.081385
21.125 82.375 0.20423
21.125 82.625 0.29375
21.125 82.875 0.1432
21.125 83.125 0.24252
21.125 83.375 0.68675
21.125 83.625 0.8986
21.125 83.875 0.73651
21.125 84.125 0.34605
21.125 84.375 -0.20342
21.125 84.625 0.70993
21.125 84.875 0.84147
21.125 85.125 0.82199
21.125 85.375 0.30491
21.125 85.625 0.13477
21.125 85.875 -0.67264
21.125 86.125 0.18422
21.125 86.375 0.11481
21.125 86.625 -0.17664
21.375 70.125 1.7925
21.375 70.375 2.2511
21.375 70.625 2.8163
21.375 70.875 2.4033
21.375 71.125 2.944
21.375 71.375 2.6886
21.375 71.625 3.4024
21.375 71.875 2.5316
21.375 72.875 1.9414
21.375 73.125 2.2626
21.375 73.375 2.1266
21.375 73.625 1.5376
21.375 73.875 1.3794
21.375 74.125 0.445
21.375 74.375 0.60554
21.375 74.625 1.3227
21.375 74.875 2.0662
21.375 75.125 1.8686
21.375 75.375 1.7787
21.375 75.625 1.0482
21.375 75.875 0.50087
21.375 76.125 0.86005
21.375 76.375 0.90219
21.375 76.625 0.75309
21.375 76.875 0.8159
21.375 77.125 0.67724
21.375 77.375 0.7405
21.375 77.625 0.54334
21.375 77.875 0.54506
21.375 78.125 1.0084
21.375 78.375 2.6694
21.375 78.625 1.4393
21.375 78.875 0.70263
21.375 79.125 -0.36183
21.375 79.375 -0.95875
21.375 79.625 -0.8245
21.375 79.875 0.47749
21.375 80.125 -0.52574
21.375 80.375 -0.51378
21.375 80.625 -0.30028
21.375 80.875 -0.31229
21.375 81.125 -0.37093
21.375 81.375 0.10395
21.375 81.625 -0.17832
21.375 81.875 0.11468
21.375 82.125 -0.00024745
21.375 82.375 0.29717
21.375 82.625 0.020051
21.375 82.875 0.023127
21.375 83.125 0.52593
21.375 83.375 0.55647
21.375 83.625 0.37489
21.375 83.875 -0.047745
21.375 84.125 0.064782
21.375 84.375 0.55824
21.375 84.625 0.80488
21.375 84.875 0.20419
21.375 85.125 0.72526
21.375 85.375 0.091186
21.375 85.625 0.49477
21.375 85.875 0.34942
21.375 86.125 1.0706
21.375 86.375 -0.0016528
21.375 86.625 -0.36144
21.375 86.875 -0.20124
21.625 69.875 1.7592
21.625 70.125 1.7189
21.625 70.375 3.4728
21.625 70.625 3.4106
21.625 70.875 2.847
21.625 71.125 2.4569
21.625 71.375 4.1644
21.625 71.625 4.9244
21.625 71.875 2.7182
21.625 72.125 2.0388
21.625 72.875 1.9751
21.625 73.125 1.6585
21.625 73.375 1.117
21.625 73.625 1.233
21.625 73.875 0.78538
21.625 74.125 0.58656
21.625 74.375 0.65343
21.625 74.625 1.6163
21.625 74.875 1.5433
21.625 75.125 1.0598
21.625 75.375 1.5135
21.625 75.625 1.0552
21.625 75.875 0.78553
21.625 76.125 1.8445
21.625 76.375 1.4633
21.625 76.625 1.2047
21.625 76.875 1.0436
21.625 77.125 0.86461
21.625 77.375 0.67301
21.625 77.625 0.33416
21.625 77.875 0.62827
21.625 78.125 0.89168
21.625 78.375 2.4756
21.625 78.625 0.87989
21.625 78.875 0.04171
21.625 79.125 -0.91431
21.625 79.375 -1.1464
21.625 79.625 -0.8045
21.625 79.875 -0.55285
21.625 80.125 -0.066013
21.625 80.375 0.29311
21.625 80.625 0.10042
21.625 80.875 -0.30283
21.625 81.125 -0.58475
21.625 81.375 -0.12082
21.625 81.625 0.3354
21.625 81.875 -0.14125
21.625 82.125 -0.055539
21.625 82.375 -0.04811
21.625 82.625 0.083532
21.625 82.875 NaN
21.625 83.125 0.26954
21.625 83.375 0.25261
21.625 83.625 -0.026946
21.625 83.875 0.064914
21.625 84.125 0.38644
21.625 84.375 2.0453
21.625 84.625 1.5753
21.625 84.875 2.2213
21.625 85.125 1.2437
21.625 85.375 0.69519
21.625 85.625 0.47925
21.625 85.875 0.93567
21.625 86.125 0.73392
21.625 86.375 0.46359
21.625 86.625 -0.5274
21.625 86.875 -0.42132
21.625 87.125 -0.45583
21.625 87.375 NaN
21.875 69.375 NaN
21.875 69.625 2.2278
21.875 69.875 2.319
21.875 70.125 2.2141
21.875 70.375 4.157
21.875 70.625 3.9222
21.875 70.875 2.3396
21.875 71.125 2.2746
21.875 71.375 4.8186
21.875 71.625 5.024
21.875 71.875 2.88
21.875 72.125 2.2612
21.875 72.625 NaN
21.875 72.875 1.7337
21.875 73.125 1.4413
21.875 73.375 1.2974
21.875 73.625 0.96845
21.875 73.875 0.94433
21.875 74.125 1.6677
21.875 74.375 1.2352
21.875 74.625 0.95017
21.875 74.875 0.68697
21.875 75.125 0.91148
21.875 75.375 0.80151
21.875 75.625 1.1654
21.875 75.875 1.582
21.875 76.125 1.798
21.875 76.375 2.2105
21.875 76.625 2.2442
21.875 76.875 2.1244
21.875 77.125 1.031
21.875 77.375 0.46329
21.875 77.625 0.34853
21.875 77.875 0.29978
21.875 78.125 0.27096
21.875 78.375 0.41484
21.875 78.625 -0.16125
21.875 78.875 0.42176
21.875 79.125 -0.21973
21.875 79.375 -0.21612
21.875 79.625 -0.67927
21.875 79.875 -0.56154
21.875 80.125 0.37874
21.875 80.375 0.70091
21.875 80.625 0.54378
21.875 80.875 0.28472
21.875 81.125 -0.55269
21.875 81.375 -0.49509
21.875 81.625 -0.070895
21.875 81.875 -0.59377
21.875 82.125 0.31987
21.875 82.375 -0.051048
21.875 82.625 -0.040073
21.875 82.875 0.31642
21.875 83.125 0.49281
21.875 83.375 1.0682
21.875 83.625 0.15883
21.875 83.875 1.3197
21.875 84.125 0.78399
21.875 84.375 1.6984
21.875 84.625 1.6464
21.875 84.875 2.042
21.875 85.125 1.7831
21.875 85.375 1.7519
21.875 85.625 0.0066671
21.875 85.875 1.2059
21.875 86.125 -0.040103
21.875 86.375 0.26439
21.875 86.625 -0.46279
21.875 86.875 -0.57094
21.875 87.125 -0.52741
21.875 87.375 -0.43161
21.875 87.625 0.49189
21.875 87.875 0.71667
21.875 88.375 0.93405
21.875 88.625 NaN
21.875 88.875 NaN
22.125 69.125 2.5766
22.125 69.375 2.206
22.125 69.625 2.0059
22.125 69.875 1.7043
22.125 70.125 1.5617
22.125 70.375 2.8465
22.125 70.625 3.5748
22.125 70.875 2.6984
22.125 71.125 2.6605
22.125 71.375 4.9491
22.125 71.625 3.7333
22.125 71.875 1.3072
22.125 72.125 2.0264
22.125 72.625 NaN
22.125 72.875 1.6305
22.125 73.125 1.7438
22.125 73.375 1.7901
22.125 73.625 0.60454
22.125 73.875 1.1476
22.125 74.125 1.9814
22.125 74.375 1.5449
22.125 74.625 1.1774
22.125 74.875 0.56881
22.125 75.125 0.72834
22.125 75.375 0.2687
22.125 75.625 1.0785
22.125 75.875 1.7059
22.125 76.125 0.9387
22.125 76.375 2.0567
22.125 76.625 2.9341
22.125 76.875 3.047
22.125 77.125 1.6109
22.125 77.375 0.5303
22.125 77.625 0.2976
22.125 77.875 0.38171
22.125 78.125 0.15413
22.125 78.375 0.38072
22.125 78.625 -0.46836
22.125 78.875 0.28263
22.125 79.125 -0.19996
22.125 79.375 -0.22355
22.125 79.625 -0.17025
22.125 79.875 -0.16828
22.125 80.125 0.22951
22.125 80.375 0.37435
22.125 80.625 0.1229
22.125 80.875 -0.3349
22.125 81.125 -0.83381
22.125 81.375 -0.26017
22.125 81.625 -0.28964
22.125 81.875 0.015591
22.125 82.125 0.43791
22.125 82.375 0.95883
22.125 82.625 0.11223
22.125 82.875 0.15867
22.125 83.125 -0.17148
22.125 83.375 -0.34768
22.125 83.625 0.73582
22.125 83.875 0.1534
22.125 84.125 0.72583
22.125 84.375 0.43318
22.125 84.625 0.9321
22.125 84.875 2.3722
22.125 85.125 1.787
22.125 85.375 1.6655
22.125 85.625 0.92672
22.125 85.875 0.62436
22.125 86.125 -0.044789
22.125 86.375 -0.25588
22.125 86.625 0.35051
22.125 86.875 0.0057927
22.125 87.125 -0.15004
22.125 87.375 0.17264
22.125 87.625 0.41317
22.125 87.875 0.5045
22.125 88.125 1.1082
22.125 88.375 0.94373
22.125 92.875 NaN
22.375 69.125 2.2079
22.375 69.875 1.2889
22.375 70.125 2.2604
22.375 70.375 1.6462
22.375 70.625 3.2774
22.375 70.875 3.166
22.375 71.125 4.6148
22.375 71.375 4.0955
22.375 71.625 1.8536
22.375 71.875 1.4073
22.375 72.125 2.7224
22.375 72.625 NaN
22.375 72.875 2.0183
22.375 73.125 1.0329
22.375 73.375 0.39377
22.375 73.625 0.77012
22.375 73.875 1.4558
22.375 74.125 1.9361
22.375 74.375 1.6445
22.375 74.625 1.5888
22.375 74.875 0.85052
22.375 75.125 0.59082
22.375 75.375 0.86212
22.375 75.625 0.77832
22.375 75.875 1.1292
22.375 76.125 1.6978
22.375 76.375 2.5714
22.375 76.625 2.3972
22.375 76.875 2.3558
22.375 77.125 1.7186
22.375 77.375 0.45163
22.375 77.625 0.16231
22.375 77.875 0.66137
22.375 78.125 0.40073
22.375 78.375 0.6865
22.375 78.625 -0.54872
22.375 78.875 -0.26774
22.375 79.125 0.21716
22.375 79.375 0.32856
22.375 79.625 0.13519
22.375 79.875 0.51222
22.375 80.125 0.53019
22.375 80.375 -0.034585
22.375 80.625 -0.41613
22.375 80.875 -0.58571
22.375 81.125 -0.35508
22.375 81.375 0.28944
22.375 81.625 -0.32465
22.375 81.875 -0.23967
22.375 82.125 0.33347
22.375 82.375 0.61535
22.375 82.625 -0.075585
22.375 82.875 -0.38138
22.375 83.125 -0.68876
22.375 83.375 -0.82305
22.375 83.625 -0.73766
22.375 83.875 0.26444
22.375 84.125 1.1945
22.375 84.375 1.0124
22.375 84.625 0.89537
22.375 84.875 1.9504
22.375 85.125 1.8537
22.375 85.375 2.1686
22.375 85.625 0.66684
22.375 85.875 0.91281
22.375 86.125 1.1262
22.375 86.375 0.96785
22.375 86.625 0.62214
22.375 86.875 -0.057581
22.375 87.125 0.0271
22.375 87.375 0.091547
22.375 87.625 -0.21409
22.375 87.875 0.082707
22.375 88.125 -0.25314
22.375 88.375 0.31581
22.375 88.625 0.45153
22.375 88.875 0.54905
22.375 92.875 3.2091
22.625 70.375 2.9175
22.625 70.625 3.1747
22.625 70.875 2.9256
22.625 71.125 3.68
22.625 71.375 2.8913
22.625 71.625 2.4359
22.625 71.875 1.6415
22.625 72.125 1.8969
22.625 72.375 2.5731
22.625 72.625 2.7335
22.625 72.875 1.0495
22.625 73.125 0.72593
22.625 73.375 0.66603
22.625 73.625 0.03712
22.625 73.875 -0.033596
22.625 74.125 0.51034
22.625 74.375 1.7582
22.625 74.625 1.7986
22.625 74.875 1.5885
22.625 75.125 0.949
22.625 75.375 1.2616
22.625 75.625 1.1297
22.625 75.875 1.4433
22.625 76.125 2.2721
22.625 76.375 2.2788
22.625 76.625 2.4705
22.625 76.875 1.5726
22.625 77.125 1.2165
22.625 77.375 0.092354
22.625 77.625 0.18351
22.625 77.875 0.87655
22.625 78.125 0.76107
22.625 78.375 -0.24675
22.625 78.625 -0.5713
22.625 78.875 -0.18398
22.625 79.125 0.32379
22.625 79.375 0.56628
22.625 79.625 0.28097
22.625 79.875 -0.049186
22.625 80.125 -0.14056
22.625 80.375 -0.62838
22.625 80.625 -0.90955
22.625 80.875 -0.53244
22.625 81.125 0.4484
22.625 81.375 0.45819
22.625 81.625 0.62034
22.625 81.875 0.11405
22.625 82.125 0.30339
22.625 82.375 -0.061579
22.625 82.625 -0.67656
22.625 82.875 -0.74886
22.625 83.125 -0.59046
22.625 83.375 -0.44099
22.625 83.625 -0.11854
22.625 83.875 -0.13623
22.625 84.125 1.0976
22.625 84.375 0.96313
22.625 84.625 1.2913
22.625 84.875 2.108
22.625 85.125 1.9805
22.625 85.375 1.7916
22.625 85.625 0.759
22.625 85.875 0.75304
22.625 86.125 0.90327
22.625 86.375 1.0009
22.625 86.625 1.3392
22.625 86.875 0.78296
22.625 87.125 0.26162
22.625 87.375 0.25988
22.625 87.625 0.31855
22.625 87.875 0.32265
22.625 88.125 0.31986
22.625 88.375 0.28097
22.625 88.625 0.40457
22.625 88.875 0.53201
22.625 92.625 0.60523
22.625 92.875 2.6147
22.875 69.375 NaN
22.875 69.625 NaN
22.875 69.875 NaN
22.875 70.625 2.8308
22.875 70.875 2.4991
22.875 71.125 2.1305
22.875 71.375 0.91773
22.875 71.625 1.9005
22.875 71.875 1.2242
22.875 72.125 0.78948
22.875 72.375 1.8807
22.875 72.625 2.3887
22.875 72.875 1.0435
22.875 73.125 1.2796
22.875 73.375 1.2991
22.875 73.625 0.53211
22.875 73.875 0.22913
22.875 74.125 1.2101
22.875 74.375 0.66746
22.875 74.625 2.001
22.875 74.875 1.9049
22.875 75.125 1.5629
22.875 75.375 1.5291
22.875 75.625 1.5239
22.875 75.875 1.1236
22.875 76.125 2.6357
22.875 76.375 2.0285
22.875 76.625 2.7674
22.875 76.875 1.8327
22.875 77.125 0.93576
22.875 77.375 -0.0087542
22.875 77.625 0.75855
22.875 77.875 1.0638
22.875 78.125 1.393
22.875 78.375 -0.0030726
22.875 78.625 -0.45938
22.875 78.875 -0.20454
22.875 79.125 -0.46985
22.875 79.375 -0.54307
22.875 79.625 -0.44414
22.875 79.875 -0.18251
22.875 80.125 -0.39464
22.875 80.375 -0.29259
22.875 80.625 -0.5976
22.875 80.875 -0.11164
22.875 81.125 0.18748
22.875 81.375 0.31645
22.875 81.625 -0.33275
22.875 81.875 -0.37393
22.875 82.125 0.047913
22.875 82.375 0.41784
22.875 82.625 -0.47479
22.875 82.875 -0.37552
22.875 83.125 -0.71937
22.875 83.375 0.048277
22.875 83.625 0.74365
22.875 83.875 0.60648
22.875 84.125 0.62293
22.875 84.375 0.7369
22.875 84.625 1.4925
22.875 84.875 2.0032
22.875 85.125 2.7053
22.875 85.375 2.1083
22.875 85.625 0.75213
22.875 85.875 0.94638
22.875 86.125 0.025457
22.875 86.375 0.42885
22.875 86.625 2.3723
22.875 86.875 2.4451
22.875 87.125 1.6479
22.875 87.375 0.94964
22.875 87.625 0.4267
22.875 87.875 -0.68747
22.875 88.125 -0.24226
22.875 88.375 0.067431
22.875 88.625 0.33679
22.875 92.625 0.92461
22.875 92.875 2.0154
23.125 68.875 1.2939
23.125 69.125 1.6153
23.125 69.375 1.636
23.125 69.625 1.5106
23.125 69.875 1.7397
23.125 70.125 1.2977
23.125 70.875 2.765
23.125 71.125 2.7344
23.125 71.375 2.0981
23.125 71.625 3.4038
23.125 71.875 1.8446
23.125 72.125 2.1131
23.125 72.375 0.8954
23.125 72.625 2.2396
23.125 72.875 1.8637
23.125 73.125 1.7902
23.125 73.375 2.2358
23.125 73.625 0.70733
23.125 73.875 0.47607
23.125 74.125 1.326
23.125 74.375 1.8073
23.125 74.625 4.1564
23.125 74.875 3.3784
23.125 75.125 2.9556
23.125 75.375 1.3053
23.125 75.625 1.1387
23.125 75.875 1.0451
23.125 76.125 1.1409
23.125 76.375 1.8511
23.125 76.625 1.6424
23.125 76.875 0.68874
23.125 77.125 0.63907
23.125 77.375 0.72775
23.125 77.625 0.81412
23.125 77.875 0.7034
23.125 78.125 1.0514
23.125 78.375 0.35201
23.125 78.625 0.3675
23.125 78.875 0.18545
23.125 79.125 -0.38592
23.125 79.375 -0.283
23.125 79.625 -0.57843
23.125 79.875 -0.14846
23.125 80.125 -0.11287
23.125 80.375 -0.11661
23.125 80.625 -0.4309
23.125 80.875 -0.03466
23.125 81.125 0.087557
23.125 81.375 -0.10516
23.125 81.625 0.34953
23.125 81.875 -0.67828
23.125 82.125 -0.41516
23.125 82.375 0.24449
23.125 82.625 0.50783
23.125 82.875 0.2385
23.125 83.125 0.54704
23.125 83.375 1.1314
23.125 83.625 1.5501
23.125 83.875 1.3182
23.125 84.125 0.91228
23.125 84.375 1.4097
23.125 84.625 0.94743
23.125 84.875 0.87775
23.125 85.125 1.6059
23.125 85.375 2.7242
23.125 85.625 0.91493
23.125 85.875 0.35304
23.125 86.125 0.75781
23.125 86.375 1.4655
23.125 86.625 1.9104
23.125 86.875 2.1217
23.125 87.125 1.9929
23.125 87.375 2.0996
23.125 87.625 1.0987
23.125 87.875 -0.56816
23.125 88.125 -1.0486
23.125 88.375 -0.65709
23.125 88.625 -0.34272
23.125 91.625 NaN
23.125 92.625 0.47404
23.125 92.875 0.7685
23.125 93.125 NaN
23.375 68.875 1.4812
23.375 69.125 1.661
23.375 69.375 1.9486
23.375 69.625 1.7809
23.375 69.875 1.4469
23.375 70.125 0.94848
23.375 70.375 0.51003
23.375 70.625 0.97828
23.375 70.875 1.6258
23.375 71.125 2.2576
23.375 71.375 2.511
23.375 71.625 1.5112
23.375 71.875 1.8512
23.375 72.125 1.9178
23.375 72.375 2.4322
23.375 72.625 1.986
23.375 72.875 2.6292
23.375 73.125 3.308
23.375 73.375 2.4833
23.375 73.625 1.2693
23.375 73.875 0.21514
23.375 74.125 0.37413
23.375 74.375 1.1082
23.375 74.625 3.823
23.375 74.875 3.7015
23.375 75.125 3.4853
23.375 75.375 2.4392
23.375 75.625 1.5996
23.375 75.875 0.93285
23.375 76.125 0.86338
23.375 76.375 2.1604
23.375 76.625 1.7766
23.375 76.875 0.73333
23.375 77.125 0.045387
23.375 77.375 0.60245
23.375 77.625 0.19058
23.375 77.875 0.15095
23.375 78.125 0.37877
23.375 78.375 0.39558
23.375 78.625 0.723
23.375 78.875 0.57204
23.375 79.125 -0.13353
23.375 79.375 0.12064
23.375 79.625 0.21802
23.375 79.875 0.17248
23.375 80.125 -0.26801
23.375 80.375 -0.15653
23.375 80.625 -0.49179
23.375 80.875 -0.31276
23.375 81.125 -0.36182
23.375 81.375 -0.17867
23.375 81.625 0.24024
23.375 81.875 -0.1654
23.375 82.125 -0.29466
23.375 82.375 0.29594
23.375 82.625 0.21766
23.375 82.875 0.14508
23.375 83.125 0.7883
23.375 83.375 1.1072
23.375 83.625 1.2903
23.375 83.875 1.2041
23.375 84.125 1.4107
23.375 84.375 2.283
23.375 84.625 1.1592
23.375 84.875 0.87316
23.375 85.125 1.438
23.375 85.375 1.2035
23.375 85.625 1.2838
23.375 85.875 0.30544
23.375 86.125 0.29678
23.375 86.375 1.6521
23.375 86.625 1.5898
23.375 86.875 0.97314
23.375 87.125 1.8348
23.375 87.375 0.96669
23.375 87.625 1.0813
23.375 87.875 -0.66495
23.375 88.125 -0.98457
23.375 88.375 -0.86879
23.375 88.625 -0.7419
23.375 91.375 -0.8319
23.375 91.625 -0.82219
23.375 92.625 0.43812
23.375 92.875 0.33242
23.375 93.125 -0.75739
23.625 68.625 0.64208
23.625 68.875 0.94204
23.625 69.125 1.314
23.625 69.375 1.5547
23.625 69.625 1.8758
23.625 69.875 1.2359
23.625 70.125 0.83341
23.625 70.375 0.68175
23.625 70.625 0.85773
23.625 70.875 1.2052
23.625 71.125 1.508
23.625 71.375 1.3967
23.625 71.625 1.6706
23.625 71.875 1.6886
23.625 72.125 2.1086
23.625 72.375 1.3633
23.625 72.625 2.2367
23.625 72.875 2.1299
23.625 73.125 1.6939
23.625 73.375 1.5506
23.625 73.625 1.708
23.625 73.875 1.8298
23.625 74.125 1.4278
23.625 74.375 1.5529
23.625 74.625 2.7377
23.625 74.875 2.8488
23.625 75.125 1.9916
23.625 75.375 2.6654
23.625 75.625 1.9739
23.625 75.875 1.4287
23.625 76.125 1.1301
23.625 76.375 2.7387
23.625 76.625 3.0517
23.625 76.875 2.0969
23.625 77.125 0.45604
23.625 77.375 0.3701
23.625 77.625 -0.062959
23.625 77.875 -0.0107
23.625 78.125 -0.27703
23.625 78.375 -0.44928
23.625 78.625 0.64454
23.625 78.875 0.87361
23.625 79.125 0.41903
23.625 79.375 0.45916
23.625 79.625 0.50308
23.625 79.875 0.44619
23.625 80.125 0.18304
23.625 80.375 -0.01381
23.625 80.625 -0.37919
23.625 80.875 -0.10126
23.625 81.125 0.31363
23.625 81.375 0.01915
23.625 81.625 0.15443
23.625 81.875 0.0097827
23.625 82.125 -0.006107
23.625 82.375 0.41355
23.625 82.625 1.6464
23.625 82.875 2.0327
23.625 83.125 0.84772
23.625 83.375 0.54536
23.625 83.625 0.80619
23.625 83.875 1.244
23.625 84.125 1.5387
23.625 84.375 1.6724
23.625 84.625 1.2085
23.625 84.875 0.88779
23.625 85.125 0.059374
23.625 85.375 1.4682
23.625 85.625 1.086
23.625 85.875 1.9162
23.625 86.125 -0.48601
23.625 86.375 1.1083
23.625 86.625 1.7046
23.625 86.875 0.73377
23.625 87.125 0.60962
23.625 87.375 0.8547
23.625 87.625 0.2646
23.625 87.875 -0.40869
23.625 88.125 -0.76844
23.625 88.375 -0.9308
23.625 91.375 -0.80021
23.625 91.625 -0.95437
23.625 91.875 NaN
23.625 92.375 0.47836
23.625 92.625 0.47549
23.625 92.875 -0.14859
23.625 93.125 -0.82581
23.875 68.875 0.77848
23.875 69.125 1.0784
23.875 69.375 1.3773
23.875 69.625 1.9309
23.875 69.875 1.2029
23.875 70.125 0.82955
23.875 70.375 0.70412
23.875 70.625 0.86039
23.875 70.875 1.1252
23.875 71.125 0.97386
23.875 71.375 1.1646
23.875 71.625 2.7904
23.875 71.875 2.7011
23.875 72.125 2.5842
23.875 72.375 2.2626
23.875 72.625 1.4269
23.875 72.875 1.4958
23.875 73.125 2.1469
23.875 73.375 2.6429
23.875 73.625 1.81
23.875 73.875 2.1842
23.875 74.125 1.4681
23.875 74.375 1.2094
23.875 74.625 1.0501
23.875 74.875 2.0925
23.875 75.125 2.0557
23.875 75.375 2.1812
23.875 75.625 1.8842
23.875 75.875 1.3118
23.875 76.125 0.6784
23.875 76.375 0.4148
23.875 76.625 3.2248
23.875 76.875 1.2635
23.875 77.125 0.88093
23.875 77.375 1.031
23.875 77.625 0.35538
23.875 77.875 0.2699
23.875 78.125 0.083093
23.875 78.375 -0.049432
23.875 78.625 0.43002
23.875 78.875 1.0349
23.875 79.125 0.52936
23.875 79.375 0.44226
23.875 79.625 0.51068
23.875 79.875 0.50835
23.875 80.125 0.15897
23.875 80.375 -0.55656
23.875 80.625 -0.35849
23.875 80.875 0.55533
23.875 81.125 0.69342
23.875 81.375 -0.012704
23.875 81.625 0.097364
23.875 81.875 -0.1045
23.875 82.125 0.28801
23.875 82.375 0.534
23.875 82.625 1.4057
23.875 82.875 1.1364
23.875 83.125 0.67045
23.875 83.375 0.35508
23.875 83.625 0.81987
23.875 83.875 1.2666
23.875 84.125 1.3491
23.875 84.375 0.94248
23.875 84.625 0.79047
23.875 84.875 0.36104
23.875 85.125 -0.19576
23.875 85.375 0.38674
23.875 85.625 0.45097
23.875 85.875 1.0171
23.875 86.125 0.51095
23.875 86.375 1.5238
23.875 86.625 1.6847
23.875 86.875 1.8646
23.875 87.125 0.94622
23.875 87.375 0.72771
23.875 87.625 0.14914
23.875 87.875 -0.33105
23.875 88.125 -0.46509
23.875 88.375 -0.71554
23.875 91.375 -0.93347
23.875 91.625 -0.61755
23.875 91.875 0.2825
23.875 92.125 0.34254
23.875 92.375 0.46426
23.875 92.625 0.68421
23.875 92.875 -0.85173
23.875 93.125 -1.2427
23.875 93.375 -1.2588
24.125 68.875 0.77342
24.125 69.125 0.95136
24.125 69.375 1.3603
24.125 69.625 1.9475
24.125 69.875 1.1647
24.125 70.125 0.79053
24.125 70.375 0.75456
24.125 70.625 0.71312
24.125 70.875 0.71246
24.125 71.125 0.78688
24.125 71.375 0.42225
24.125 71.625 1.28
24.125 71.875 1.2785
24.125 72.125 1.6676
24.125 72.375 2.4129
24.125 72.625 1.9468
24.125 72.875 2.6644
24.125 73.125 2.6577
24.125 73.375 2.8381
24.125 73.625 1.9582
24.125 73.875 2.1862
24.125 74.125 1.9636
24.125 74.375 1.4616
24.125 74.625 1.3465
24.125 74.875 1.4995
24.125 75.125 0.65139
24.125 75.375 1.9357
24.125 75.625 1.6904
24.125 75.875 0.6188
24.125 76.125 0.50837
24.125 76.375 0.10373
24.125 76.625 0.30776
24.125 76.875 0.55507
24.125 77.125 0.7648
24.125 77.375 1.1596
24.125 77.625 1.094
24.125 77.875 1.3045
24.125 78.125 -0.08881
24.125 78.375 -0.26219
24.125 78.625 0.49985
24.125 78.875 0.7284
24.125 79.125 0.76906
24.125 79.375 0.70021
24.125 79.625 -0.019754
24.125 79.875 0.29473
24.125 80.125 -0.35809
24.125 80.375 -0.10997
24.125 80.625 -0.22194
24.125 80.875 -0.0090859
24.125 81.125 -0.17816
24.125 81.375 -0.25766
24.125 81.625 -0.077264
24.125 81.875 -0.042796
24.125 82.125 0.13122
24.125 82.375 0.26992
24.125 82.625 0.076603
24.125 82.875 0.1821
24.125 83.125 0.42159
24.125 83.375 -0.10464
24.125 83.625 0.16661
24.125 83.875 0.79658
24.125 84.125 0.85662
24.125 84.375 0.66114
24.125 84.625 0.57472
24.125 84.875 0.39825
24.125 85.125 -0.15089
24.125 85.375 0.4774
24.125 85.625 -0.26073
24.125 85.875 0.37532
24.125 86.125 1.2977
24.125 86.375 1.5743
24.125 86.625 1.348
24.125 86.875 1.0822
24.125 87.125 0.75168
24.125 87.375 0.27698
24.125 87.625 0.20154
24.125 87.875 -0.17467
24.125 88.125 -0.05566
24.125 88.375 -0.43228
24.125 91.875 0.51638
24.125 92.125 1.1154
24.125 92.375 0.69852
24.125 92.625 0.19675
24.125 92.875 -0.64787
24.125 93.125 -1.2249
24.125 93.375 -1.2432
24.125 93.625 -1.1151
24.125 93.875 -0.93616
24.125 94.125 NaN
24.375 71.375 0.39922
24.375 71.625 0.98642
24.375 71.875 1.3466
24.375 72.125 1.7652
24.375 72.375 1.6628
24.375 72.625 1.6998
24.375 72.875 2.3434
24.375 73.125 3.3023
24.375 73.375 3.1953
24.375 73.625 2.7895
24.375 73.875 2.5336
24.375 74.125 2.3146
24.375 74.375 1.9046
24.375 74.625 2.0113
24.375 74.875 2.062
24.375 75.125 1.3724
24.375 75.375 1.9997
24.375 75.625 2.4913
24.375 75.875 2.6326
24.375 76.125 0.50312
24.375 76.375 0.11707
24.375 76.625 0.48659
24.375 76.875 0.4838
24.375 77.125 0.76915
24.375 77.375 1.0316
24.375 77.625 0.87461
24.375 77.875 1.1714
24.375 78.125 -0.16399
24.375 78.375 -0.47925
24.375 78.625 -0.224
24.375 78.875 0.64051
24.375 79.125 0.54552
24.375 79.375 0.31245
24.375 79.625 0.2884
24.375 79.875 0.34257
24.375 80.125 -0.46513
24.375 80.375 0.3561
24.375 80.625 -0.50168
24.375 80.875 -0.44486
24.375 81.125 -0.10573
24.375 81.375 -0.26851
24.375 81.625 -0.0050178
24.375 81.875 0.30025
24.375 82.125 0.20289
24.375 82.375 0.14361
24.375 82.625 -0.23
24.375 82.875 -0.073457
24.375 83.125 0.25695
24.375 83.375 -0.39102
24.375 83.625 -0.38121
24.375 83.875 0.021775
24.375 84.125 0.022061
24.375 84.375 0.27896
24.375 84.625 0.27806
24.375 84.875 0.18284
24.375 85.125 0.31619
24.375 85.375 0.38584
24.375 85.625 0.080317
24.375 85.875 -0.030955
24.375 86.125 0.34267
24.375 86.375 0.3584
24.375 86.625 1.2633
24.375 86.875 0.70972
24.375 87.125 0.022191
24.375 87.375 2.2797
24.375 87.625 0.91343
24.375 87.875 0.3118
24.375 88.125 -0.081137
24.375 92.375 0.070629
24.375 92.625 -0.28031
24.375 92.875 -0.88395
24.375 93.125 -1.039
24.375 93.375 -0.74859
24.375 93.625 -0.79123
24.375 93.875 -0.66184
24.375 94.125 -0.22841
24.625 71.125 0.095584
24.625 71.375 0.5639
24.625 71.625 1.039
24.625 71.875 1.7777
24.625 72.125 1.9462
24.625 72.375 1.1892
24.625 72.625 0.99109
24.625 72.875 0.62401
24.625 73.125 1.9205
24.625 73.375 2.8232
24.625 73.625 2.7417
24.625 73.875 2.0135
24.625 74.125 2.8949
24.625 74.375 3.0473
24.625 74.625 2.6334
24.625 74.875 1.4052
24.625 75.125 1.2037
24.625 75.375 1.7627
24.625 75.625 1.8507
24.625 75.875 1.5579
24.625 76.125 0.98471
24.625 76.375 0.54283
24.625 76.625 0.62819
24.625 76.875 0.46195
24.625 77.125 0.58188
24.625 77.375 0.42343
24.625 77.625 0.15675
24.625 77.875 1.1515
24.625 78.125 -0.053533
24.625 78.375 -0.16718
24.625 78.625 -0.20179
24.625 78.875 0.10137
24.625 79.125 0.61395
24.625 79.375 0.32601
24.625 79.625 0.20456
24.625 79.875 -0.022061
24.625 80.125 0.10365
24.625 80.375 -0.072463
24.625 80.625 -0.58561
24.625 80.875 -0.767
24.625 81.125 -0.8323
24.625 81.375 0.099741
24.625 81.625 0.0013635
24.625 81.875 0.15303
24.625 82.125 -0.40903
24.625 82.375 -0.45659
24.625 82.625 -0.45066
24.625 82.875 -0.24386
24.625 83.125 0.34637
24.625 83.375 -0.18849
24.625 83.625 0.097278
24.625 83.875 -0.03045
24.625 84.125 -0.51102
24.625 84.375 -0.20422
24.625 84.625 0.16548
24.625 84.875 0.060316
24.625 85.125 0.072484
24.625 85.375 0.001653
24.625 85.625 -0.34649
24.625 85.875 0.035426
24.625 86.125 0.36179
24.625 86.375 0.36018
24.625 86.625 1.2443
24.625 86.875 1.0424
24.625 87.125 0.79475
24.625 87.375 0.88292
24.625 87.625 0.98405
24.625 87.875 0.53587
24.625 92.375 0.18422
24.625 92.625 -0.48672
24.625 92.875 -0.9724
24.625 93.125 -0.58438
24.625 93.375 -0.33534
24.625 93.625 -0.38506
24.625 93.875 0.14304
24.625 94.125 0.22466
24.625 94.375 NaN
24.875 71.125 0.22809
24.875 71.375 0.48384
24.875 71.625 1.0663
24.875 71.875 0.90317
24.875 72.125 1.0872
24.875 72.375 0.41845
24.875 72.625 0.49222
24.875 72.875 1.0022
24.875 73.125 1.2666
24.875 73.375 2.2992
24.875 73.625 2.6648
24.875 73.875 1.9263
24.875 74.125 2.0904
24.875 74.375 2.9349
24.875 74.625 2.3596
24.875 74.875 0.57795
24.875 75.125 0.8708
24.875 75.375 0.70274
24.875 75.625 0.36046
24.875 75.875 0.47831
24.875 76.125 0.52771
24.875 76.375 1.8691
24.875 76.625 1.677
24.875 76.875 1.3457
24.875 77.125 1.033
24.875 77.375 0.97591
24.875 77.625 0.13265
24.875 77.875 -0.10434
24.875 78.125 -0.34433
24.875 78.375 0.89558
24.875 78.625 0.11529
24.875 78.875 0.061555
24.875 79.125 0.50907
24.875 79.375 0.3813
24.875 79.625 0.24579
24.875 79.875 0.28271
24.875 80.125 -0.10353
24.875 80.375 -0.32484
24.875 80.625 -0.23443
24.875 80.875 -0.50537
24.875 81.125 -1.0634
24.875 81.375 -0.97443
24.875 81.625 -0.67179
24.875 81.875 -0.68386
24.875 82.125 -0.80798
24.875 82.375 -1.1793
24.875 82.625 -0.81383
24.875 82.875 -0.86183
24.875 83.125 -0.57182
24.875 83.375 -0.70353
24.875 83.625 -0.14868
24.875 83.875 -0.50644
24.875 84.125 -0.88593
24.875 84.375 -1.2297
24.875 84.625 -0.83949
24.875 84.875 -0.012836
24.875 85.125 0.54185
24.875 85.375 -0.6466
24.875 85.625 0.18134
24.875 85.875 0.40879
24.875 86.125 0.19145
24.875 86.375 0.71929
24.875 86.625 1.0562
24.875 86.875 0.99671
24.875 87.125 0.63484
24.875 87.375 0.20771
24.875 87.625 0.56139
24.875 87.875 0.54113
24.875 88.125 0.64599
24.875 92.625 -0.37062
24.875 92.875 -0.68375
24.875 93.125 -0.42322
24.875 93.375 -0.016467
24.875 93.625 0.39721
24.875 93.875 0.56751
24.875 94.125 0.50142
24.875 94.375 0.6022
25.125 71.125 0.23534
25.125 71.375 0.36401
25.125 71.625 0.98821
25.125 71.875 0.28879
25.125 72.125 -0.025691
25.125 72.375 0.26161
25.125 72.625 0.47518
25.125 72.875 1.0133
25.125 73.125 1.8192
25.125 73.375 3.1196
25.125 73.625 2.7986
25.125 73.875 2.2868
25.125 74.125 2.2857
25.125 74.375 2.3626
25.125 74.625 1.1372
25.125 74.875 0.97864
25.125 75.125 1.0746
25.125 75.375 0.57106
25.125 75.625 0.80585
25.125 75.875 -0.2799
25.125 76.125 1.6474
25.125 76.375 2.2277
25.125 76.625 1.6923
25.125 76.875 1.4861
25.125 77.125 0.85673
25.125 77.375 0.63933
25.125 77.625 0.32221
25.125 77.875 0.32161
25.125 78.125 0.15007
25.125 78.375 0.22015
25.125 78.625 0.16648
25.125 78.875 -0.065722
25.125 79.125 -0.038762
25.125 79.375 -0.22989
25.125 79.625 -0.16293
25.125 79.875 1.6211
25.125 80.125 -0.36236
25.125 80.375 -0.028184
25.125 80.625 -0.22538
25.125 80.875 -0.20364
25.125 81.125 -0.72362
25.125 81.375 -0.43144
25.125 81.625 -1.0866
25.125 81.875 -0.52943
25.125 82.125 -0.60193
25.125 82.375 -0.61087
25.125 82.625 -0.67442
25.125 82.875 -0.67689
25.125 83.125 -0.57329
25.125 83.375 -0.84583
25.125 83.625 -0.46779
25.125 83.875 -0.82519
25.125 84.125 -0.75533
25.125 84.375 -0.88452
25.125 84.625 -0.7334
25.125 84.875 -0.27003
25.125 85.125 0.092514
25.125 85.375 0.09162
25.125 85.625 0.08917
25.125 85.875 -0.25821
25.125 86.125 -0.40564
25.125 86.375 -0.11739
25.125 86.625 -0.21849
25.125 86.875 -0.66607
25.125 87.125 -0.38193
25.125 87.375 -0.090948
25.125 87.625 0.38358
25.125 87.875 0.21746
25.125 88.125 0.3662
25.125 88.375 0.31632
25.125 92.375 -0.60123
25.125 92.625 -0.3649
25.125 92.875 -0.22277
25.125 93.125 0.078729
25.125 93.375 0.59001
25.125 93.625 0.63425
25.125 93.875 0.24241
25.125 94.125 0.17858
25.125 94.375 0.078229
25.375 70.875 0.85973
25.375 71.125 1.2138
25.375 71.375 1.2893
25.375 71.625 2.355
25.375 71.875 1.6276
25.375 72.125 0.27806
25.375 72.375 0.23767
25.375 72.625 0.39079
25.375 72.875 1.0444
25.375 73.125 1.8983
25.375 73.375 3.1398
25.375 73.625 1.9099
25.375 73.875 1.2787
25.375 74.125 1.7778
25.375 74.375 2.0925
25.375 74.625 1.7355
25.375 74.875 1.0864
25.375 75.125 1.0882
25.375 75.375 1.5506
25.375 75.625 0.73873
25.375 75.875 0.62315
25.375 76.125 2.0045
25.375 76.375 0.65294
25.375 76.625 0.38283
25.375 76.875 0.15741
25.375 77.125 0.21712
25.375 77.375 0.56444
25.375 77.625 2.366
25.375 77.875 0.87502
25.375 78.125 0.81515
25.375 78.375 0.64653
25.375 78.625 -0.40608
25.375 78.875 -1.168
25.375 79.125 -1.0346
25.375 79.375 -0.17683
25.375 79.625 -0.23585
25.375 79.875 0.65061
25.375 80.125 0.64422
25.375 80.375 -0.63721
25.375 80.625 -0.37945
25.375 80.875 -0.54657
25.375 81.125 -0.39443
25.375 81.375 -0.13397
25.375 81.625 -0.76393
25.375 81.875 -0.63285
25.375 82.125 -0.4709
25.375 82.375 -0.78868
25.375 82.625 -0.85188
25.375 82.875 -1.1765
25.375 83.125 -0.14966
25.375 83.375 -0.20427
25.375 83.625 -0.034211
25.375 83.875 -0.48704
25.375 84.125 -0.74049
25.375 84.375 -0.99995
25.375 84.625 -0.86502
25.375 84.875 -0.63725
25.375 85.125 -0.59863
25.375 85.375 -0.60095
25.375 85.625 -0.28366
25.375 85.875 0.36111
25.375 86.125 -0.11976
25.375 86.375 0.39711
25.375 86.625 0.33203
25.375 86.875 -0.013732
25.375 87.125 -0.32936
25.375 87.375 -0.11544
25.375 87.625 0.316
25.375 87.875 0.07269
25.375 88.125 0.29599
25.375 88.375 0.19478
25.375 88.625 -0.55453
25.375 90.125 0.5615
25.375 90.375 0.39341
25.375 90.625 0.40746
25.375 90.875 0.29545
25.375 91.125 0.25995
25.375 91.375 1.2247
25.375 91.625 -0.19333
25.375 91.875 -0.16707
25.375 92.125 -0.36487
25.375 92.375 0.22901
25.375 92.625 0.12987
25.375 92.875 0.30211
25.375 93.125 0.25997
25.375 93.375 0.28039
25.375 93.625 0.31446
25.375 93.875 0.15468
25.375 94.125 -0.26122
25.375 94.375 -0.18348
25.625 70.875 0.83032
25.625 71.125 1.3363
25.625 71.375 1.7125
25.625 71.625 2.3323
25.625 71.875 1.907
25.625 72.125 0.81248
25.625 72.375 0.54579
25.625 72.625 0.25393
25.625 72.875 0.608
25.625 73.125 1.305
25.625 73.375 2.0778
25.625 73.625 2.4111
25.625 73.875 2.0511
25.625 74.125 2.0551
25.625 74.375 1.4917
25.625 74.625 2.7734
25.625 74.875 1.6431
25.625 75.125 1.3318
25.625 75.375 1.2663
25.625 75.625 1.0251
25.625 75.875 1.4336
25.625 76.125 0.91524
25.625 76.375 0.46404
25.625 76.625 0.065213
25.625 76.875 -0.087012
25.625 77.125 0.13143
25.625 77.375 1.6112
25.625 77.625 2.9802
25.625 77.875 1.1544
25.625 78.125 0.40123
25.625 78.375 -0.54931
25.625 78.625 -0.085191
25.625 78.875 -0.28997
25.625 79.125 -0.059505
25.625 79.375 0.40318
25.625 79.625 0.21615
25.625 79.875 0.038499
25.625 80.125 0.50801
25.625 80.375 -0.84959
25.625 80.625 -1.2509
25.625 80.875 -1.2325
25.625 81.125 -1.1424
25.625 81.375 -0.93205
25.625 81.625 -0.31158
25.625 81.875 0.044248
25.625 82.125 -0.52304
25.625 82.375 -0.80787
25.625 82.625 -0.64243
25.625 82.875 -1.0806
25.625 83.125 -0.37247
25.625 83.375 -0.7921
25.625 83.625 -0.15716
25.625 83.875 -0.51
25.625 84.125 -1.1001
25.625 84.375 -0.98622
25.625 84.625 -0.88387
25.625 84.875 -0.72338
25.625 85.125 -1.1804
25.625 85.375 -0.83352
25.625 85.625 -0.06232
25.625 85.875 -0.70953
25.625 86.125 -1.0671
25.625 86.375 -0.71813
25.625 86.625 -1.2754
25.625 86.875 -0.70809
25.625 87.125 -0.46256
25.625 87.375 -0.075315
25.625 87.625 -0.13847
25.625 87.875 -0.23183
25.625 88.125 -0.37595
25.625 90.125 0.87627
25.625 90.375 0.8594
25.625 90.625 0.32475
25.625 90.875 0.77237
25.625 91.125 1.958
25.625 91.375 0.76852
25.625 91.625 0.20062
25.625 91.875 0.060661
25.625 92.125 0.47225
25.625 92.375 0.36476
25.625 92.625 0.44599
25.625 92.875 0.59488
25.625 93.125 -0.16091
25.625 93.375 0.00097322
25.625 93.625 -0.038443
25.625 93.875 -0.26254
25.625 94.125 -0.1962
25.625 94.375 -0.24029
25.625 94.625 NaN
25.625 94.875 NaN
25.875 70.375 0.76537
25.875 70.625 0.95384
25.875 70.875 1.727
25.875 71.125 1.9191
25.875 71.375 1.7803
25.875 71.625 1.8118
25.875 71.875 1.7841
25.875 72.125 1.5828
25.875 72.375 0.96457
25.875 72.625 0.46567
25.875 72.875 0.33501
25.875 73.125 1.3145
25.875 73.375 2.081
25.875 73.625 2.0896
25.875 73.875 2.663
25.875 74.125 1.8492
25.875 74.375 1.4001
25.875 74.625 1.4701
25.875 74.875 2.2292
25.875 75.125 1.2062
25.875 75.375 1.3013
25.875 75.625 2.1894
25.875 75.875 1.4501
25.875 76.125 0.68569
25.875 76.375 0.57435
25.875 76.625 -0.022771
25.875 76.875 -0.35821
25.875 77.125 0.37144
25.875 77.375 1.2303
25.875 77.625 1.7005
25.875 77.875 0.50991
25.875 78.125 0.63574
25.875 78.375 0.32696
25.875 78.625 1.2966
25.875 78.875 0.71946
25.875 79.125 0.22926
25.875 79.375 -0.16987
25.875 79.625 -0.13964
25.875 79.875 -0.062511
25.875 80.125 -0.38836
25.875 80.375 -1.0814
25.875 80.625 -1.1192
25.875 80.875 -1.101
25.875 81.125 -0.78264
25.875 81.375 -0.91177
25.875 81.625 0.042139
25.875 81.875 -0.040025
25.875 82.125 -0.88422
25.875 82.375 -0.775
25.875 82.625 -0.85616
25.875 82.875 -0.66759
25.875 83.125 -0.80545
25.875 83.375 -1.2512
25.875 83.625 -0.7514
25.875 83.875 -0.80204
25.875 84.125 -0.45707
25.875 84.375 -1.2979
25.875 84.625 -1.4833
25.875 84.875 -1.0542
25.875 85.125 -0.91426
25.875 85.375 -0.82797
25.875 85.625 -0.4444
25.875 85.875 -0.99426
25.875 86.125 -0.46202
25.875 86.375 -0.43639
25.875 86.625 -0.77564
25.875 86.875 0.058663
25.875 87.125 0.45064
25.875 87.375 -0.25694
25.875 87.625 -0.61534
25.875 87.875 -0.58405
25.875 90.125 -0.44327
25.875 90.375 -0.33251
25.875 90.625 0.18879
25.875 90.875 0.33591
25.875 91.125 -0.0010728
25.875 91.375 0.045533
25.875 91.625 0.28903
25.875 91.875 -0.42568
25.875 92.125 -0.51936
25.875 92.375 -0.37697
25.875 92.625 0.035471
25.875 92.875 0.54157
25.875 93.125 -0.65926
25.875 93.375 -0.84158
25.875 93.625 -0.59033
25.875 93.875 -0.31053
25.875 94.125 -0.41666
25.875 94.375 -0.4282
25.875 94.625 -0.40456
25.875 94.875 -0.59048
26.125 70.375 1.1046
26.125 70.625 1.3444
26.125 70.875 1.7418
26.125 71.125 1.7826
26.125 71.375 2.0299
26.125 71.625 2.1451
26.125 71.875 2.524
26.125 72.125 2.4068
26.125 72.375 2.0597
26.125 72.625 0.9389
26.125 72.875 0.76999
26.125 73.125 1.2787
26.125 73.375 1.7338
26.125 73.625 1.578
26.125 73.875 1.9139
26.125 74.125 1.4309
26.125 74.375 2.2302
26.125 74.625 2.1042
26.125 74.875 1.6263
26.125 75.125 1.8903
26.125 75.375 1.6863
26.125 75.625 1.7452
26.125 75.875 1.4471
26.125 76.125 1.5217
26.125 76.375 0.93274
26.125 76.625 0.53965
26.125 76.875 -0.10336
26.125 77.125 -0.093402
26.125 77.375 0.68023
26.125 77.625 1.5294
26.125 77.875 1.2734
26.125 78.125 1.0201
26.125 78.375 2.1097
26.125 78.625 2.4992
26.125 78.875 0.5702
26.125 79.125 -0.2847
26.125 79.375 -0.26101
26.125 79.625 -0.78217
26.125 79.875 -0.97145
26.125 80.125 -0.457
26.125 80.375 -0.98364
26.125 80.625 -1.2177
26.125 80.875 0.38431
26.125 81.125 0.32423
26.125 81.375 -1.0749
26.125 81.625 0.14206
26.125 81.875 -0.38159
26.125 82.125 -1.0188
26.125 82.375 -0.79401
26.125 82.625 -0.69169
26.125 82.875 -0.47062
26.125 83.125 -0.72227
26.125 83.375 -1.1272
26.125 83.625 -1.073
26.125 83.875 -0.40935
26.125 84.125 -0.43322
26.125 84.375 -1.0944
26.125 84.625 -1.1232
26.125 84.875 -1.2336
26.125 85.125 -0.66037
26.125 85.375 -1.1504
26.125 85.625 -1.0129
26.125 85.875 -0.15796
26.125 86.125 -0.34544
26.125 86.375 0.0080243
26.125 86.625 0.73368
26.125 86.875 0.65711
26.125 87.125 0.6725
26.125 87.375 0.74044
26.125 87.625 -0.17079
26.125 87.875 -0.49559
26.125 88.125 -0.34739
26.125 89.375 -0.39609
26.125 89.875 0.13358
26.125 90.125 -0.66957
26.125 90.375 -0.47502
26.125 90.625 -0.1509
26.125 90.875 -0.26865
26.125 91.125 -0.33721
26.125 91.375 0.054953
26.125 91.625 -0.57893
26.125 91.875 -0.72383
26.125 92.125 -0.58339
26.125 92.375 -0.31135
26.125 92.625 -0.015495
26.125 92.875 0.13307
26.125 93.125 -0.36868
26.125 93.375 0.97352
26.125 93.625 0.65403
26.125 93.875 0.3824
26.125 94.125 -0.0006336
26.125 94.375 -0.40505
26.125 94.625 -0.36234
26.125 94.875 -0.19931
26.375 70.375 1.3133
26.375 70.625 1.0836
26.375 70.875 1.2187
26.375 71.125 1.2519
26.375 71.375 2.0173
26.375 71.625 2.8261
26.375 71.875 2.8407
26.375 72.125 2.496
26.375 72.375 2.1234
26.375 72.625 0.88694
26.375 72.875 0.78609
26.375 73.125 0.60362
26.375 73.375 0.78746
26.375 73.625 1.6889
26.375 73.875 1.8156
26.375 74.125 1.3963
26.375 74.375 2.1776
26.375 74.625 -0.35756
26.375 74.875 1.2271
26.375 75.125 1.3954
26.375 75.375 1.6296
26.375 75.625 1.4522
26.375 75.875 1.6899
26.375 76.125 1.5162
26.375 76.375 1.2205
26.375 76.625 1.4151
26.375 76.875 0.86315
26.375 77.125 0.20446
26.375 77.375 0.8514
26.375 77.625 1.415
26.375 77.875 0.48081
26.375 78.125 0.51151
26.375 78.375 0.20638
26.375 78.625 1.7019
26.375 78.875 1.3982
26.375 79.125 0.82038
26.375 79.375 -0.77239
26.375 79.625 -0.9031
26.375 79.875 -0.2515
26.375 80.125 0.035142
26.375 80.375 -1.0116
26.375 80.625 -0.9064
26.375 80.875 -0.20052
26.375 81.125 -0.59546
26.375 81.375 -1.039
26.375 81.625 -1.054
26.375 81.875 -0.81891
26.375 82.125 -0.71452
26.375 82.375 -0.26272
26.375 82.625 -0.072793
26.375 82.875 0.26444
26.375 83.125 0.11524
26.375 83.375 -0.72049
26.375 83.625 -0.86951
26.375 83.875 -0.6306
26.375 84.125 -0.34381
26.375 84.375 -0.67677
26.375 84.625 -0.7745
26.375 84.875 -1.2464
26.375 85.125 -1.0016
26.375 85.375 -1.0332
26.375 85.625 -0.45673
26.375 85.875 -0.4164
26.375 86.125 -0.66426
26.375 86.375 -0.83143
26.375 86.625 -0.66579
26.375 86.875 0.43043
26.375 87.125 0.11242
26.375 87.625 -1.7166
26.375 87.875 -0.62516
26.375 88.125 -0.15365
26.375 88.375 -0.29849
26.375 88.875 -0.41099
26.375 89.375 -0.65661
26.375 89.625 -0.26726
26.375 89.875 -0.098839
26.375 90.125 -0.3529
26.375 90.375 -0.33034
26.375 90.625 -0.59652
26.375 90.875 -0.76731
26.375 91.125 -0.95544
26.375 91.375 -0.49124
26.375 91.625 -0.63992
26.375 91.875 -0.27976
26.375 92.125 -0.30289
26.375 92.375 -0.094638
26.375 92.625 -0.16407
26.375 92.875 -0.076303
26.375 93.125 -0.51463
26.375 93.375 -0.40658
26.375 93.625 -0.3346
26.375 93.875 -0.20821
26.375 94.125 -0.045559
26.375 94.375 -0.19218
26.375 94.625 -0.23708
26.375 94.875 0.15642
26.625 69.875 1.062
26.625 70.125 1.2652
26.625 70.375 1.533
26.625 70.625 0.69055
26.625 70.875 0.42205
26.625 71.125 0.48361
26.625 71.375 1.7662
26.625 71.625 2.447
26.625 71.875 2.4062
26.625 72.125 1.6433
26.625 72.375 0.85954
26.625 72.625 0.61431
26.625 72.875 0.66325
26.625 73.125 0.44398
26.625 73.375 0.28447
26.625 73.625 1.3662
26.625 73.875 1.7542
26.625 74.125 1.3041
26.625 74.375 3.2422
26.625 74.625 2.1763
26.625 74.875 3.163
26.625 75.125 0.88409
26.625 75.375 1.742
26.625 75.625 1.531
26.625 75.875 0.64786
26.625 76.125 1.6303
26.625 76.375 2.1355
26.625 76.625 1.1503
26.625 76.875 1.1401
26.625 77.125 0.5667
26.625 77.375 0.84125
26.625 77.625 1.8323
26.625 77.875 0.16664
26.625 78.125 0.42424
26.625 78.375 0.80471
26.625 78.625 0.77169
26.625 78.875 0.67857
26.625 79.125 -0.59151
26.625 79.375 -0.051931
26.625 79.625 -0.25556
26.625 79.875 -0.71702
26.625 80.125 -1.3178
26.625 80.375 -0.82266
26.625 80.625 -0.15285
26.625 80.875 -0.31424
26.625 81.125 -0.65943
26.625 81.375 -0.80009
26.625 81.625 -0.80515
26.625 81.875 -0.16615
26.625 82.125 0.78167
26.625 82.375 0.6738
26.625 82.625 -0.48827
26.625 82.875 0.29521
26.625 83.125 0.38663
26.625 83.375 -0.88287
26.625 83.625 -1.0733
26.625 83.875 -1.1107
26.625 84.125 -0.14142
26.625 84.375 -0.48227
26.625 84.625 -0.94815
26.625 84.875 -1.2894
26.625 85.125 -0.7635
26.625 85.375 -0.89685
26.625 85.625 -0.49451
26.625 86.125 -0.59788
26.625 88.375 0.14239
26.625 88.625 0.036683
26.625 88.875 -0.88626
26.625 89.125 -0.50771
26.625 89.375 -0.65438
26.625 89.625 -0.45061
26.625 89.875 -0.54618
26.625 90.125 -0.77298
26.625 90.375 -0.76986
26.625 90.625 -1.3138
26.625 90.875 -0.91288
26.625 91.125 -0.53784
26.625 91.375 -0.014031
26.625 91.625 -0.79162
26.625 91.875 -0.026127
26.625 92.125 -0.40354
26.625 92.375 -0.43368
26.625 92.625 -0.47143
26.625 92.875 0.17824
26.625 93.125 -0.52313
26.625 93.375 -0.74722
26.625 93.625 -0.19219
26.625 93.875 0.77133
26.625 94.125 -0.76555
26.625 94.375 -0.55455
26.625 94.625 0.0052663
26.625 94.875 -0.24486
26.625 95.125 -0.012839
26.875 69.625 1.0041
26.875 69.875 0.92383
26.875 70.125 1.1768
26.875 70.375 1.2616
26.875 70.625 0.26683
26.875 70.875 0.029454
26.875 71.125 0.23978
26.875 71.375 1.1641
26.875 71.625 1.5416
26.875 71.875 1.355
26.875 72.125 0.81135
26.875 72.375 0.78637
26.875 72.625 0.64298
26.875 72.875 0.78411
26.875 73.125 0.44478
26.875 73.375 0.2106
26.875 73.625 0.17139
26.875 73.875 0.60509
26.875 74.125 0.98976
26.875 74.375 2.6701
26.875 74.625 2.8248
26.875 74.875 2.8911
26.875 75.125 2.4925
26.875 75.375 1.841
26.875 75.625 -0.26908
26.875 75.875 0.78612
26.875 76.125 1.5233
26.875 76.375 1.4213
26.875 76.625 1.7124
26.875 76.875 2.1875
26.875 77.125 1.4461
26.875 77.375 0.46759
26.875 77.625 2.0568
26.875 77.875 0.68882
26.875 78.125 0.10692
26.875 78.375 0.62889
26.875 78.625 -0.15426
26.875 78.875 -0.055118
26.875 79.125 0.51634
26.875 79.375 0.56053
26.875 79.625 0.13255
26.875 79.875 -0.21907
26.875 80.125 0.15182
26.875 80.375 -0.57552
26.875 80.625 0.90901
26.875 80.875 -0.41729
26.875 81.125 -0.41907
26.875 81.375 -0.69052
26.875 81.625 -0.86982
26.875 81.875 0.095644
26.875 82.125 0.26614
26.875 82.375 -0.12851
26.875 82.625 -0.30973
26.875 82.875 -0.15539
26.875 83.125 0.13425
26.875 83.375 -0.8272
26.875 83.625 -0.949
26.875 83.875 -0.91183
26.875 84.125 -0.14791
26.875 84.375 -0.46894
26.875 84.625 -0.59999
26.875 84.875 -1.0414
26.875 88.375 0.17942
26.875 88.625 0.19298
26.875 88.875 -0.31858
26.875 92.375 -0.806
26.875 92.625 -0.45214
26.875 92.875 0.2454
26.875 93.125 0.41939
26.875 93.375 -0.25691
26.875 93.625 0.60361
26.875 93.875 1.4807
26.875 94.125 -1.4465
26.875 94.375 -0.34698
26.875 94.625 0.061965
26.875 94.875 -0.21255
26.875 95.125 -0.25962
26.875 95.375 -0.42079
26.875 95.625 -0.46427
27.125 69.875 0.46534
27.125 70.125 0.10554
27.125 70.375 -0.17698
27.125 70.625 -0.10858
27.125 70.875 -0.00049363
27.125 71.125 0.50362
27.125 71.375 0.94601
27.125 71.625 0.97738
27.125 71.875 0.31895
27.125 72.125 0.41408
27.125 72.375 0.4523
27.125 72.625 0.7175
27.125 72.875 0.63743
27.125 73.125 0.50663
27.125 73.375 0.14746
27.125 73.625 -0.07865
27.125 73.875 -0.17351
27.125 74.125 0.53763
27.125 74.375 2.0517
27.125 74.625 2.4469
27.125 74.875 1.7796
27.125 75.125 1.9134
27.125 75.375 2.5512
27.125 75.625 1.6365
27.125 75.875 1.1099
27.125 76.125 1.8167
27.125 76.375 1.7564
27.125 76.625 2.5329
27.125 76.875 0.017757
27.125 77.125 2.105
27.125 77.375 1.3309
27.125 77.625 1.2545
27.125 77.875 0.9913
27.125 78.125 1.1031
27.125 78.375 1.6616
27.125 78.625 0.064734
27.125 78.875 -0.21573
27.125 79.125 -0.18619
27.125 79.375 -0.88137
27.125 79.625 -0.23727
27.125 79.875 -0.21042
27.125 80.125 -0.70088
27.125 80.375 -0.59503
27.125 80.625 -0.84261
27.125 80.875 -0.23602
27.125 81.125 -0.39333
27.125 81.375 -0.47951
27.125 81.625 -0.41623
27.125 81.875 0.096972
27.125 82.125 -0.1483
27.125 82.375 -0.55242
27.125 82.625 0.31829
27.125 82.875 0.082103
27.125 83.125 -0.027968
27.125 83.375 0.48896
27.125 83.625 0.31914
27.125 83.875 0.18906
27.125 84.125 -0.33912
27.125 84.375 -0.37411
27.125 84.625 -0.68146
27.125 88.125 -0.057491
27.125 88.375 0.29102
27.125 88.625 0.42816
27.125 92.125 -1.3043
27.125 92.375 -0.66903
27.125 92.625 -0.38306
27.125 92.875 0.10388
27.125 93.125 0.14137
27.125 93.375 0.15024
27.125 93.625 0.18179
27.125 93.875 0.52682
27.125 94.125 0.15576
27.125 94.375 -0.0010129
27.125 94.625 0.10012
27.125 94.875 0.067408
27.125 95.125 -0.41986
27.125 95.375 -0.60488
27.125 95.625 -0.32158
27.125 95.875 -0.16719
27.375 70.125 -0.080001
27.375 70.375 -0.24107
27.375 70.625 -0.19342
27.375 70.875 -0.035744
27.375 71.125 1.0307
27.375 71.375 0.98871
27.375 71.625 0.96557
27.375 71.875 0.038307
27.375 72.125 -0.31761
27.375 72.375 0.038917
27.375 72.625 -0.036228
27.375 72.875 0.32118
27.375 73.125 0.58405
27.375 73.375 0.53342
27.375 73.625 0.35366
27.375 73.875 0.72678
27.375 74.125 1.2921
27.375 74.375 1.6784
27.375 74.625 2.5728
27.375 74.875 2.6437
27.375 75.125 2.5012
27.375 75.375 2.3064
27.375 75.625 1.67
27.375 75.875 0.60829
27.375 76.125 1.9176
27.375 76.375 1.4987
27.375 76.625 2.2027
27.375 76.875 2.2425
27.375 77.125 1.755
27.375 77.375 1.0674
27.375 77.625 1.1219
27.375 77.875 1.3246
27.375 78.125 1.9043
27.375 78.375 2.3439
27.375 78.625 1.2521
27.375 78.875 1.5597
27.375 79.125 -0.46131
27.375 79.375 -1.2024
27.375 79.625 -0.9259
27.375 79.875 -0.45546
27.375 80.125 -1.1666
27.375 80.375 -1.2798
27.375 80.625 -0.95553
27.375 80.875 -1.1828
27.375 81.125 -0.29652
27.375 81.375 -0.21681
27.375 81.625 -1.2409
27.375 81.875 0.10731
27.375 82.125 -0.40759
27.375 82.375 -0.40839
27.375 82.625 0.33422
27.375 82.875 -0.27704
27.375 83.125 -0.34114
27.375 83.625 0.19662
27.375 84.125 -0.12317
27.375 84.375 -0.26565
27.375 88.125 0.55308
27.375 88.375 -0.24953
27.375 88.625 -0.25286
27.375 92.125 -0.83286
27.375 92.375 -0.31064
27.375 92.625 -0.18991
27.375 92.875 -0.28166
27.375 93.125 -0.81756
27.375 93.375 -1.7409
27.375 93.625 -0.27263
27.375 93.875 -0.26155
27.375 94.125 0.5577
27.375 94.375 -0.62343
27.375 94.625 -0.34617
27.375 94.875 -0.26778
27.375 95.125 -0.59771
27.375 95.375 -0.78705
27.375 95.625 -0.42972
27.375 95.875 -0.44876
27.375 96.125 -0.57842
27.375 96.375 0.13156
27.375 96.625 0.39441
27.375 96.875 0.29685
27.625 70.125 -0.1555
27.625 70.375 -0.26747
27.625 70.625 -0.20829
27.625 70.875 0.41721
27.625 71.125 1.0877
27.625 71.375 0.95294
27.625 71.625 0.71458
27.625 71.875 0.088895
27.625 72.125 -0.24635
27.625 72.375 -0.31005
27.625 72.625 -0.22786
27.625 72.875 0.036082
27.625 73.125 0.28933
27.625 73.375 0.5297
27.625 73.625 1.2772
27.625 73.875 1.2365
27.625 74.125 1.3225
27.625 74.375 1.1672
27.625 74.625 2.1175
27.625 74.875 2.5564
27.625 75.125 1.678
27.625 75.375 1.8754
27.625 75.625 1.6444
27.625 75.875 1.1362
27.625 76.125 1.3791
27.625 76.375 0.9487
27.625 76.625 2.0625
27.625 76.875 3.0128
27.625 77.125 1.3756
27.625 77.375 0.99614
27.625 77.625 0.25276
27.625 77.875 0.21792
27.625 78.125 2.4316
27.625 78.375 2.2479
27.625 78.625 0.72649
27.625 78.875 0.38556
27.625 79.125 -0.75066
27.625 79.375 -1.29
27.625 79.625 -0.9922
27.625 79.875 -0.41646
27.625 80.125 -0.78712
27.625 80.375 -0.78591
27.625 80.625 -0.91419
27.625 80.875 -0.90838
27.625 81.125 -0.61398
27.625 81.375 -0.30287
27.625 81.625 -0.54003
27.625 81.875 -0.43381
27.625 82.125 -0.2793
27.625 82.375 -0.19655
27.625 82.625 0.20009
27.625 88.375 0.0064975
27.625 88.625 0.1274
27.625 91.625 -0.38763
27.625 91.875 -0.47429
27.625 92.125 -0.91233
27.625 92.375 -0.59452
27.625 92.625 -0.2998
27.625 92.875 -0.32833
27.625 93.125 -0.33797
27.625 93.375 -1.0856
27.625 93.625 -1.5923
27.625 93.875 -1.945
27.625 94.125 -0.82865
27.625 94.375 -0.013625
27.625 94.625 -0.71605
27.625 94.875 -0.74924
27.625 95.125 -0.86259
27.625 95.375 -0.85908
27.625 95.625 -0.88548
27.625 95.875 -0.91095
27.625 96.125 -0.9521
27.625 96.375 0.019749
27.625 96.625 0.17193
27.625 96.875 0.19294
27.875 70.375 -0.34813
27.875 71.875 0.072016
27.875 72.125 -0.34921
27.875 72.375 -0.46141
27.875 72.625 -0.149
27.875 72.875 -0.09972
27.875 73.125 -0.11717
27.875 73.375 0.3933
27.875 73.625 1.0866
27.875 73.875 1.1747
27.875 74.125 1.2944
27.875 74.375 1.2093
27.875 74.625 1.0186
27.875 74.875 1.3263
27.875 75.125 1.7331
27.875 75.375 1.7811
27.875 75.625 1.3403
27.875 75.875 1.3513
27.875 76.125 0.48271
27.875 76.375 1.2742
27.875 76.625 1.554
27.875 76.875 2.2551
27.875 77.125 1.4504
27.875 77.375 0.14272
27.875 77.625 -0.84159
27.875 77.875 0.5548
27.875 78.125 1.4484
27.875 78.375 1.2253
27.875 78.625 1.1041
27.875 78.875 1.0908
27.875 79.125 0.25458
27.875 79.375 -0.86806
27.875 79.625 -0.71689
27.875 79.875 -0.22186
27.875 80.125 -0.0057112
27.875 80.375 0.012584
27.875 80.625 -0.46152
27.875 80.875 -0.78144
27.875 81.125 -0.70089
27.875 81.375 -0.37288
27.875 81.625 -0.21375
27.875 88.375 NaN
27.875 88.625 NaN
27.875 92.875 -0.66896
27.875 93.125 -0.58029
27.875 93.375 -0.65487
27.875 93.625 -1.1636
27.875 93.875 -1.7033
27.875 94.125 -1.0961
27.875 94.375 -0.94042
27.875 94.625 -1.0761
27.875 94.875 -0.81272
27.875 95.125 -0.4433
27.875 95.375 -0.84765
27.875 95.625 -0.98881
27.875 95.875 -1.2133
27.875 96.125 -0.80984
27.875 96.375 -0.38807
27.875 96.625 0.092423
27.875 96.875 0.17033
27.875 97.125 0.19358
28.125 72.125 -0.39512
28.125 72.375 -0.14149
28.125 72.625 0.096581
28.125 72.875 0.20364
28.125 73.125 0.56797
28.125 73.375 0.54084
28.125 73.625 0.80477
28.125 73.875 0.98806
28.125 74.125 1.156
28.125 74.375 1.3566
28.125 74.625 1.7663
28.125 74.875 1.9456
28.125 75.125 1.7333
28.125 75.375 2.4494
28.125 75.625 0.70518
28.125 75.875 2.8998
28.125 76.125 2.9081
28.125 76.375 1.8911
28.125 76.625 3.0365
28.125 76.875 1.8526
28.125 77.125 0.7045
28.125 77.375 0.63562
28.125 77.625 0.18655
28.125 77.875 0.83066
28.125 78.125 3.0936
28.125 78.375 1.2526
28.125 78.625 0.74605
28.125 78.875 0.98433
28.125 79.125 1.7672
28.125 79.375 -0.15243
28.125 79.625 -0.68185
28.125 79.875 -0.17806
28.125 80.125 0.65129
28.125 80.375 0.50238
28.125 80.625 0.12523
28.125 80.875 -0.38315
28.125 81.125 -0.73139
28.125 81.375 -0.36087
28.125 92.875 -1.4454
28.125 93.125 -0.83797
28.125 93.375 -0.86912
28.125 93.625 -1.0173
28.125 93.875 -1.2597
28.125 94.125 -1.3421
28.125 94.375 -1.3607
28.125 94.625 -1.6728
28.125 94.875 -1.0364
28.125 95.125 -0.65798
28.125 95.375 -0.6555
28.125 95.625 -1.19
28.125 95.875 -1.2078
28.125 96.125 -0.83156
28.125 96.375 -0.050068
28.125 96.625 0.022752
28.125 96.875 0.12575
28.125 97.125 0.2993
28.375 72.375 -0.21404
28.375 72.625 0.092183
28.375 72.875 0.59279
28.375 73.125 0.56281
28.375 73.375 0.19335
28.375 73.625 0.097329
28.375 73.875 0.60251
28.375 74.125 0.91206
28.375 74.375 1.0493
28.375 74.625 1.807
28.375 74.875 1.544
28.375 75.125 0.96728
28.375 75.375 1.4076
28.375 75.625 1.1063
28.375 75.875 2.3767
28.375 76.125 1.4746
28.375 76.375 0.79549
28.375 76.625 1.9465
28.375 76.875 2.3303
28.375 77.125 0.64989
28.375 77.375 -0.251
28.375 77.625 -0.082956
28.375 77.875 0.025467
28.375 78.125 0.99156
28.375 78.375 0.51909
28.375 78.625 -0.4503
28.375 78.875 0.17334
28.375 79.125 2.1037
28.375 79.375 0.82248
28.375 79.625 -0.48521
28.375 79.875 -0.41976
28.375 80.125 0.35396
28.375 80.375 0.47614
28.375 80.625 0.29849
28.375 80.875 -0.074018
28.375 81.125 -0.54173
28.375 93.375 -0.86011
28.375 93.625 -0.43216
28.375 93.875 0.062541
28.375 94.125 -0.063875
28.375 94.375 -0.35264
28.375 94.625 -0.63235
28.375 94.875 -0.65002
28.375 95.125 -0.71943
28.375 95.375 -0.76631
28.375 95.625 -0.78775
28.375 95.875 -0.62095
28.375 96.125 -0.8989
28.375 96.625 -0.021821
28.625 72.375 -0.089762
28.625 72.625 0.39429
28.625 72.875 1.1951
28.625 73.125 0.58713
28.625 73.375 0.36573
28.625 73.625 0.25625
28.625 73.875 0.38767
28.625 74.125 0.55241
28.625 74.375 1.0276
28.625 74.625 1.5921
28.625 74.875 1.3196
28.625 75.125 0.65098
28.625 75.375 -0.1879
28.625 75.625 -0.64962
28.625 75.875 -0.061567
28.625 76.125 1.0856
28.625 76.375 1.2696
28.625 76.625 1.9788
28.625 76.875 1.1888
28.625 77.125 0.27488
28.625 77.375 -0.62014
28.625 77.625 -0.59564
28.625 77.875 -0.94764
28.625 78.125 -0.82445
28.625 78.375 -0.10491
28.625 78.625 -0.92545
28.625 78.875 -0.58258
28.625 79.125 2.0881
28.625 79.375 0.86433
28.625 79.625 0.12782
28.625 79.875 -0.28062
28.625 80.125 0.13607
28.625 80.375 0.46586
28.625 80.625 0.27558
28.625 93.625 0.52249
28.625 93.875 NaN
28.625 94.125 0.80466
28.625 94.375 0.28448
28.625 94.625 0.31439
28.625 94.875 0.11794
28.625 95.125 -0.35342
28.625 95.375 -0.22951
28.625 95.625 -0.54198
28.625 95.875 -0.70028
28.625 96.125 -0.60118
28.625 96.375 5.5522
28.875 72.875 0.024644
28.875 73.125 0.35807
28.875 73.375 0.54186
28.875 73.625 0.35059
28.875 73.875 0.37797
28.875 74.125 0.53224
28.875 74.375 0.65774
28.875 74.625 1.1034
28.875 74.875 1.643
28.875 75.125 0.1267
28.875 75.375 0.15897
28.875 75.625 0.54016
28.875 75.875 0.36247
28.875 76.125 1.029
28.875 76.375 0.30963
28.875 76.625 0.29054
28.875 76.875 0.30379
28.875 77.125 0.75655
28.875 77.375 1.1074
28.875 77.625 0.30805
28.875 77.875 -0.3285
28.875 78.125 -1.1766
28.875 78.375 -0.5961
28.875 78.625 -0.55142
28.875 78.875 -0.31219
28.875 79.125 0.68398
28.875 79.375 0.86544
28.875 79.625 0.20889
28.875 79.875 0.5455
28.875 94.125 0.81538
28.875 94.375 0.60925
28.875 94.625 0.4884
28.875 94.875 0.59267
28.875 95.125 0.28538
28.875 95.375 -0.19073
28.875 95.625 -0.23221
28.875 95.875 -0.44081
28.875 96.125 0.24224
28.875 96.375 5.8005
29.125 73.125 0.12055
29.125 73.375 0.70203
29.125 73.625 0.20112
29.125 73.875 0.23983
29.125 74.125 0.42947
29.125 74.375 0.69991
29.125 74.625 0.62863
29.125 74.875 1.3337
29.125 75.125 -0.29478
29.125 75.375 2.2052
29.125 75.625 1.9347
29.125 75.875 0.45828
29.125 76.125 1.1311
29.125 76.375 0.28611
29.125 76.625 1.9302
29.125 76.875 1.5569
29.125 77.125 -0.28098
29.125 77.375 -0.17404
29.125 77.625 0.088245
29.125 77.875 -0.030679
29.125 78.125 -0.48845
29.125 78.375 -0.37083
29.125 78.625 -0.11604
29.125 78.875 -0.40779
29.125 79.125 0.83956
29.125 79.375 0.61942
29.125 79.625 -0.46394
29.125 79.875 0.020538
29.125 80.125 0.29251
29.125 94.375 0.95414
29.125 94.625 0.59692
29.125 94.875 0.81271
29.125 95.625 0.1044
29.125 95.875 0.75389
29.125 96.125 5.8522
29.375 73.375 -0.032763
29.375 73.625 0.050705
29.375 73.875 -0.084547
29.375 74.125 1.1921
29.375 74.375 1.1617
29.375 74.625 0.23473
29.375 74.875 0.81904
29.375 75.125 0.38604
29.375 75.375 -0.078989
29.375 75.625 0.65339
29.375 75.875 -0.13588
29.375 76.125 0.9998
29.375 76.375 0.1606
29.375 76.625 2.1881
29.375 76.875 0.5402
29.375 77.125 -0.93987
29.375 77.375 -0.45626
29.375 77.625 -0.16452
29.375 77.875 0.12689
29.375 78.125 -0.3253
29.375 78.375 -0.15885
29.375 78.625 -0.67107
29.375 78.875 -0.50279
29.375 79.125 0.02192
29.375 79.375 -0.29469
29.375 79.625 -0.98178
29.375 79.875 -0.020638
29.375 80.125 0.21639
29.375 96.125 6.2822
29.625 73.375 -0.19272
29.625 73.625 0.33348
29.625 73.875 0.41976
29.625 74.125 1.5212
29.625 74.375 0.96373
29.625 74.625 -0.083335
29.625 74.875 0.79926
29.625 75.125 -0.021063
29.625 75.375 -0.58642
29.625 75.625 0.65788
29.625 75.875 -0.49065
29.625 76.125 -0.0083612
29.625 76.375 1.4161
29.625 76.625 1.537
29.625 76.875 1.4602
29.625 77.125 -0.44792
29.625 77.375 -0.51743
29.625 77.625 -0.80247
29.625 77.875 -0.69782
29.625 78.125 0.25676
29.625 78.375 -0.47441
29.625 78.625 -0.80572
29.625 78.875 -0.61673
29.625 79.125 -0.13008
29.625 79.375 -0.053687
29.625 79.625 -0.13121
29.625 79.875 0.048594
29.625 80.125 0.42849
29.875 73.625 0.47852
29.875 73.875 -0.096442
29.875 74.125 0.47234
29.875 74.375 -0.32523
29.875 74.625 -0.7806
29.875 74.875 -0.7116
29.875 75.125 -0.13234
29.875 75.375 -0.22414
29.875 75.625 -0.19709
29.875 75.875 -0.38494
29.875 76.125 0.038243
29.875 76.375 0.8879
29.875 76.625 0.63357
29.875 76.875 -0.91691
29.875 77.125 0.59219
29.875 77.375 -0.21797
29.875 77.625 -0.60593
29.875 77.875 -0.10265
29.875 78.125 -1.1891
29.875 78.375 0.11086
29.875 78.625 0.13313
29.875 78.875 0.32152
29.875 79.125 -0.41493
29.875 79.375 -0.24577
29.875 79.625 2.1052
29.875 79.875 0.14044
29.875 80.125 0.39909
29.875 80.375 0.29668
30.125 74.125 -0.40773
30.125 74.375 -0.56146
30.125 74.625 -0.36736
30.125 74.875 0.46372
30.125 75.125 1.2762
30.125 75.375 1.3018
30.125 75.625 0.27572
30.125 75.875 0.00081978
30.125 76.125 0.20952
30.125 76.375 0.093042
30.125 76.625 -0.26387
30.125 76.875 -0.71176
30.125 77.125 0.13276
30.125 77.375 -0.17982
30.125 77.625 0.79091
30.125 77.875 0.89375
30.125 78.125 1.149
30.125 78.375 0.05254
30.125 78.625 0.56968
30.125 78.875 0.8831
30.125 79.125 0.92264
30.125 79.375 1.1226
30.125 79.625 2.0245
30.125 79.875 0.32361
30.125 80.125 0.012735
30.125 80.375 0.17363
30.125 80.625 0.12852
30.375 74.125 -0.18379
30.375 74.375 -0.090095
30.375 74.625 0.20964
30.375 74.875 0.70099
30.375 75.125 1.8781
30.375 75.375 1.245
30.375 75.625 -0.14945
30.375 75.875 0.072594
30.375 76.125 -0.49954
30.375 76.375 -0.49494
30.375 76.625 -1.0017
30.375 76.875 -0.46726
30.375 77.125 0.26431
30.375 77.375 0.39088
30.375 77.625 0.87089
30.375 77.875 0.98389
30.375 78.125 0.71371
30.375 78.375 0.56368
30.375 78.625 1.7773
30.375 78.875 1.1365
30.375 79.125 1.589
30.375 79.375 1.1362
30.375 79.625 2.0325
30.375 79.875 1.2536
30.375 80.125 0.49435
30.375 80.375 -0.049209
30.375 80.625 -0.25807
30.625 74.375 -0.28268
30.625 74.625 0.012973
30.625 74.875 0.27925
30.625 75.125 0.87411
30.625 75.375 1.365
30.625 75.625 0.83901
30.625 75.875 -0.56155
30.625 76.125 -0.8054
30.625 76.375 -1.1484
30.625 76.625 -0.75062
30.625 76.875 0.7514
30.625 77.125 0.33344
30.625 77.375 0.73498
30.625 77.625 -0.0030464
30.625 77.875 -0.11156
30.625 78.125 0.15748
30.625 78.375 -0.3551
30.625 78.625 -0.21538
30.625 78.875 0.66329
30.625 79.125 1.0258
30.625 79.375 0.81554
30.625 79.625 1.9696
30.625 79.875 1.3199
30.625 80.125 0.89206
30.875 74.625 -0.1907
30.875 74.875 0.099926
30.875 75.125 0.27105
30.875 75.375 -0.14143
30.875 75.625 0.79152
30.875 75.875 -0.84184
30.875 76.125 -0.63507
30.875 76.375 -0.69935
30.875 76.625 -0.031713
30.875 76.875 0.98026
30.875 77.125 1.1171
30.875 77.375 -0.011052
30.875 77.625 -0.39806
30.875 77.875 -0.12302
30.875 78.125 -0.077008
30.875 78.375 -0.44352
30.875 78.625 -0.52225
30.875 78.875 -0.22818
30.875 79.125 0.34618
30.875 79.375 NaN
30.875 79.625 NaN
30.875 79.875 NaN
31.125 74.875 -0.99102
31.125 75.125 -0.40537
31.125 75.375 -1.3763
31.125 75.625 -1.2196
31.125 75.875 -0.4349
31.125 76.125 0.29278
31.125 76.375 -0.23096
31.125 76.625 -0.48192
31.125 76.875 1.382
31.125 77.125 1.5708
31.125 77.375 0.013022
31.125 77.625 0.36646
31.125 77.875 -0.42086
31.125 78.125 -0.90506
31.125 78.375 -1.0103
31.125 78.625 -1.0771
31.125 78.875 NaN
31.125 79.125 NaN
31.375 74.875 -0.83796
31.375 75.125 -0.88037
31.375 75.375 -1.2297
31.375 75.625 -0.61372
31.375 75.875 0.59523
31.375 76.125 0.52901
31.375 76.375 0.25717
31.375 76.625 -0.2756
31.375 76.875 0.64426
31.375 77.125 0.36481
31.375 77.375 -0.096887
31.375 77.625 -0.95636
31.375 77.875 -0.87513
31.375 78.125 -0.90879
31.375 78.375 -0.90439
31.375 78.625 -1.1995
31.625 74.875 -0.55919
31.625 75.125 -0.34658
31.625 75.375 -0.3823
31.625 75.625 -0.43613
31.625 75.875 -0.3573
31.625 76.125 -0.14061
31.625 76.375 -0.043877
31.625 76.625 -0.19637
31.625 76.875 -0.065479
31.625 77.125 -0.16463
31.625 77.375 -0.40553
31.625 77.625 -0.74832
31.625 77.875 -0.84419
31.625 78.125 -0.97338
31.625 78.375 -0.80434
31.625 78.625 -1.0771
31.875 74.875 -0.32898
31.875 75.125 -0.41705
31.875 75.375 -0.94081
31.875 75.625 -0.54153
31.875 75.875 -0.39366
31.875 76.125 0.40463
31.875 76.375 0.1089
31.875 76.625 0.035852
31.875 76.875 -0.047495
31.875 77.125 -0.52899
31.875 77.375 -0.74872
31.875 77.625 -1.2212
31.875 77.875 -1.1019
31.875 78.125 -1.0955
31.875 78.375 -1.2007
31.875 78.625 -1.3416
32.125 75.375 -0.025742
32.125 75.625 0.25631
32.125 75.875 -0.23329
32.125 76.125 -0.6023
32.125 76.375 0.087945
32.125 76.625 -0.56727
32.125 76.875 -0.38744
32.125 77.125 -0.39861
32.125 77.375 -1.3276
32.125 77.625 -2.0695
32.125 77.875 -1.7435
32.125 78.125 -1.5812
32.125 78.375 -1.5195
32.375 75.375 -0.31583
32.375 75.625 -0.34902
32.375 75.875 -0.30451
32.375 76.125 -0.59045
32.375 76.375 -0.20774
32.375 76.625 -0.79161
32.375 76.875 -0.86065
32.375 77.125 -0.58938
32.375 77.375 -1.444
32.375 77.625 -1.9353
32.375 77.875 -2.1933
32.375 78.125 -1.8552
32.375 78.375 -1.6254
32.625 74.875 0.028457
32.625 75.125 -0.25466
32.625 75.375 -0.61716
32.625 75.625 -0.5344
32.625 75.875 -0.53483
32.625 76.125 -0.36692
32.625 76.375 -0.56182
32.625 76.625 -0.66425
32.625 76.875 -0.50812
32.625 77.125 -0.54009
32.625 77.375 -1.1015
32.625 77.625 -1.5855
32.625 77.875 -1.8231
32.625 78.125 -1.8903
32.625 78.375 -1.5769
32.625 78.625 -1.4319
32.625 78.875 -1.3783
32.625 79.125 -1.3932
32.625 79.375 -1.4825
32.875 74.375 0.1518
32.875 74.625 -0.093475
32.875 74.875 0.00641
32.875 75.125 -0.35409
32.875 75.375 -0.69379
32.875 75.625 -0.72484
32.875 75.875 -0.66042
32.875 76.125 -0.12944
32.875 76.375 -0.43785
32.875 76.625 -0.4747
32.875 76.875 -0.39641
32.875 77.125 -0.56818
32.875 77.375 -0.94034
32.875 77.625 -1.4636
32.875 77.875 -1.6914
32.875 78.125 -1.5906
32.875 78.375 -1.5998
32.875 78.625 -1.5088
32.875 78.875 -1.4038
32.875 79.125 -1.4308
32.875 79.375 -1.4448
33.125 73.875 -0.53564
33.125 74.125 -0.25401
33.125 74.375 -0.0034908
33.125 74.625 0.12907
33.125 74.875 -0.0041304
33.125 75.125 -0.31224
33.125 75.375 -0.86493
33.125 75.625 -0.84828
33.125 75.875 -0.53376
33.125 76.125 -0.32622
33.125 76.375 -0.3761
33.125 76.625 -0.53536
33.125 76.875 -0.85654
33.125 77.125 -0.9865
33.125 77.375 -0.89718
33.125 77.625 -1.0088
33.125 77.875 -1.0371
33.125 78.125 -0.88872
33.125 78.375 -0.87451
33.125 78.625 -1.2603
33.125 78.875 -1.3363
33.125 79.125 -1.413
33.375 73.875 -0.68535
33.375 74.125 -0.55908
33.375 74.375 -0.68581
33.375 74.625 -0.57376
33.375 74.875 -0.26057
33.375 75.125 -0.94601
33.375 75.375 -0.61677
33.375 75.625 -0.77047
33.375 75.875 -0.30572
33.375 76.125 -0.090764
33.375 76.375 0.1327
33.375 76.625 -0.86436
33.375 76.875 -0.94091
33.375 77.125 -0.83407
33.375 77.375 -0.92571
33.375 77.625 -0.97054
33.375 77.875 -1.0053
33.375 78.125 -1.1511
33.375 78.375 -1.155
33.375 78.625 -1.23
33.375 78.875 -1.4268
33.625 73.875 -1.6225
33.625 74.125 -0.53226
33.625 74.375 -0.8217
33.625 74.625 -1.1358
33.625 74.875 -0.80664
33.625 75.125 -0.98335
33.625 75.375 -0.48592
33.625 75.625 -0.51844
33.625 75.875 -0.25269
33.625 76.125 -0.63596
33.625 76.375 -0.61077
33.625 76.625 -0.74496
33.625 76.875 -0.81024
33.625 77.125 -0.85081
33.625 77.375 -0.65616
33.625 77.625 -1.0842
33.625 77.875 -0.93295
33.625 78.125 -0.80746
33.625 78.375 -1.1624
33.625 78.625 -1.2585
33.625 78.875 -1.4494
33.875 73.875 -0.69639
33.875 74.125 -0.079716
33.875 74.375 -0.42754
33.875 74.625 -0.47889
33.875 74.875 -0.58758
33.875 75.125 -0.2782
33.875 75.375 -0.12242
33.875 75.625 -0.31842
33.875 75.875 -0.44644
33.875 76.125 -0.59984
33.875 76.375 -0.48456
33.875 76.625 -0.63933
33.875 76.875 -0.90099
33.875 77.125 -0.93668
33.875 77.375 -0.60657
33.875 77.625 -0.74185
33.875 77.875 -0.75922
33.875 78.125 -1.0211
33.875 78.375 -1.2801
33.875 78.625 -1.0647
33.875 78.875 -1.6553
34.125 73.625 -0.57743
34.125 73.875 -0.40385
34.125 74.125 -0.10384
34.125 74.375 -0.91446
34.125 74.625 -0.75978
34.125 74.875 -0.69397
34.125 75.125 -0.3581
34.125 75.375 -0.2379
34.125 75.625 -0.70312
34.125 75.875 -0.84341
34.125 76.125 -0.69816
34.125 76.375 -0.42374
34.125 76.625 -0.72853
34.125 76.875 -0.90026
34.125 77.125 -0.75977
34.125 77.375 -0.60021
34.125 77.625 -1.1055
34.125 77.875 -0.89363
34.125 78.125 -1.0666
34.125 78.375 -1.1893
34.125 78.625 -1.3244
34.125 78.875 -1.2001
34.125 79.125 -1.3353
34.125 79.375 -1.6072
34.375 73.625 -0.72407
34.375 73.875 -0.77114
34.375 74.125 -0.93041
34.375 74.375 -0.81856
34.375 74.625 -0.59296
34.375 74.875 -0.53012
34.375 75.125 -0.33732
34.375 75.375 -0.77365
34.375 75.625 -1.0159
34.375 75.875 -1.0947
34.375 76.125 -1.324
34.375 76.375 -0.88462
34.375 76.625 -0.76903
34.375 76.875 -0.80553
34.375 77.125 -1.0144
34.375 77.375 -0.91991
34.375 77.625 -0.94523
34.375 77.875 -0.94802
34.375 78.125 -0.96351
34.375 78.375 -1.0736
34.375 78.625 -1.1297
34.375 78.875 -1.1711
34.375 79.125 -1.3336
34.375 79.375 -1.4929
34.625 73.875 -0.68951
34.625 74.125 -0.86351
34.625 74.375 -0.8579
34.625 74.625 -0.68891
34.625 74.875 -0.5569
34.625 75.125 -0.2812
34.625 75.375 -0.95804
34.625 75.625 -1.2952
34.625 75.875 -1.5259
34.625 76.125 -1.4997
34.625 76.375 -0.88838
34.625 76.625 -1.0732
34.625 76.875 -1.0909
34.625 77.125 -0.9518
34.625 77.375 -0.91352
34.625 77.625 -1.0581
34.625 77.875 -1.2153
34.625 78.125 -0.83256
34.625 78.375 -0.8971
34.625 78.625 -0.92006
34.625 78.875 -1.0927
34.625 79.125 -0.78559
34.625 79.375 -1.2015
34.625 79.625 -1.1748
34.875 74.125 -0.54854
34.875 74.375 -0.71652
34.875 74.625 -0.60746
34.875 74.875 -0.51123
34.875 75.125 -0.56568
34.875 75.375 -0.94012
34.875 75.625 -0.74991
34.875 75.875 -1.0657
34.875 76.125 -1.2586
34.875 76.375 -0.85204
34.875 76.625 -0.87721
34.875 76.875 -0.94424
34.875 77.125 -0.97769
34.875 77.375 -0.91511
34.875 77.625 -1.0948
34.875 77.875 -0.94663
34.875 78.125 -0.86448
34.875 78.375 -0.97829
34.875 78.625 -1.208
34.875 78.875 -1.0097
34.875 79.125 -0.92646
34.875 79.375 -0.85515
34.875 79.625 -0.97807
34.875 79.875 -0.80466
35.125 74.375 0.025185
35.125 74.625 -0.18481
35.125 74.875 -0.1053
35.125 75.125 -0.26063
35.125 75.375 -0.79095
35.125 75.625 -0.28293
35.125 75.875 -0.32939
35.125 76.125 -1.0279
35.125 76.375 -1.1653
35.125 76.625 -0.98089
35.125 76.875 -0.99243
35.125 77.125 -1.0485
35.125 77.375 -1.0307
35.125 77.625 -1.0027
35.125 77.875 -1.0933
35.125 78.125 -0.95724
35.125 78.375 -1.1891
35.125 78.625 -1.0743
35.125 78.875 -1.0777
35.125 79.125 -1.0414
35.125 79.375 -1.0434
35.125 79.625 -1.0833
35.125 79.875 -0.52761
35.375 73.875 0.088839
35.375 74.125 0.29332
35.375 74.375 0.2115
35.375 74.625 0.12492
35.375 74.875 0.088373
35.375 75.125 -0.11638
35.375 75.375 -0.29169
35.375 75.625 -0.37134
35.375 75.875 -0.6084
35.375 76.125 -1.0023
35.375 76.375 -1.1459
35.375 76.625 -1.1269
35.375 76.875 -1.1318
35.375 77.125 -0.98459
35.375 77.375 -0.86733
35.375 77.625 -0.99482
35.375 77.875 -0.98214
35.375 78.125 -1.2228
35.375 78.375 -1.059
35.375 78.625 -1.1173
35.375 78.875 -1.0341
35.375 79.125 -1.0325
35.375 79.375 -0.82708
35.375 79.625 -0.83931
35.375 79.875 -0.82733
35.375 80.125 NaN
35.625 73.375 -0.31614
35.625 73.625 -0.098565
35.625 73.875 0.086101
35.625 74.125 -0.039564
35.625 74.375 -0.30377
35.625 74.625 -0.16969
35.625 74.875 -0.33096
35.625 75.125 -1.0212
35.625 75.375 -1.4279
35.625 75.625 -1.4722
35.625 75.875 -1.2916
35.625 76.125 -1.3554
35.625 76.375 -1.209
35.625 76.625 -1.1793
35.625 76.875 -1.1116
35.625 77.125 -1.1697
35.625 78.375 -1.0109
35.625 78.625 -0.95408
35.625 78.875 -0.84561
35.625 79.125 -0.87238
35.625 79.375 -0.91803
35.625 79.625 -1.2476
35.625 79.875 -0.81255
35.625 80.125 -0.79755
35.875 73.125 1.502
35.875 73.375 0.53603
35.875 73.625 0.21986
35.875 73.875 -0.075194
35.875 74.125 -0.20826
35.875 74.375 -0.88642
35.875 74.625 -0.71274
35.875 74.875 -0.74949
35.875 75.125 -1.23
35.875 75.375 -1.6609
35.875 75.625 -1.8512
35.875 75.875 -1.8982
35.875 76.125 -1.3291
35.875 76.375 -1.4269
35.875 76.625 -1.4658
35.875 79.375 -0.81935
36.125 72.625 0.80793
36.125 72.875 NaN
36.125 73.125 NaN
36.125 73.375 0.85879
36.125 73.625 0.40957
36.125 73.875 -0.089537
36.125 74.125 -0.58956
36.125 74.375 -1.114
36.125 74.625 -0.85285
36.125 74.875 -0.64682
36.125 75.125 -1.0144
36.125 75.375 -1.4741
36.125 75.625 -2.148
36.125 75.875 -1.8844
36.125 76.125 -1.1225
36.125 76.375 -0.86569
36.125 76.625 -1.4431
36.375 73.125 0.55769
36.375 73.375 0.51448
36.375 73.625 0.56195
36.375 73.875 0.085787
36.375 74.125 -0.37202
36.375 74.375 -1.079
36.375 74.625 -1.1267
36.375 74.875 -1.2449
36.375 75.125 -1.3262
36.375 75.375 -1.3477
36.375 75.625 -1.9716
36.375 75.875 -1.2025
36.375 76.125 -0.18732
36.625 73.375 0.60839
36.625 73.625 0.43181
36.625 73.875 0.21453
36.625 74.125 0.18686
36.625 74.375 -0.82789
36.625 74.625 -0.93324
36.625 74.875 -1.5749
36.625 75.125 -1.4547
36.625 75.375 -1.4573
36.625 75.625 -1.7097
36.875 73.875 -0.044757
36.875 74.375 -0.10707
36.875 74.625 -0.5315
36.875 74.875 -0.94494
36.875 75.125 -1.3097
36.875 75.375 -1.1834
