8.125 77.375 1.0927
8.375 77.125 0.18736
8.375 77.375 0.7358
8.375 77.625 1.0896
8.375 77.875 1.133
8.625 76.875 -0.16708
8.625 77.125 1.0507
8.625 77.375 0.62498
8.625 77.625 0.35567
8.625 77.875 0.53536
8.875 76.875 0.87046
8.875 77.125 1.2338
8.875 77.375 0.29489
8.875 77.625 0.1677
8.875 77.875 -0.45203
9.125 76.625 1.5547
9.125 76.875 1.1489
9.125 77.125 0.56401
9.125 77.375 0.37991
9.125 77.625 0.062333
9.125 77.875 -0.30701
9.125 78.125 0.17194
9.125 78.375 NaN
9.375 76.625 1.7365
9.375 76.875 1.746
9.375 77.125 0.44022
9.375 77.375 0.19455
9.375 77.625 0.0020949
9.375 77.875 -0.22239
9.375 78.125 0.22226
9.375 78.375 0.23446
9.375 78.625 0.11117
9.375 78.875 NaN
9.625 76.375 1.9859
9.625 76.625 2.2702
9.625 76.875 2.0388
9.625 77.125 0.70288
9.625 77.375 -0.0061856
9.625 77.625 -0.060055
9.625 77.875 0.39116
9.625 78.125 0.025061
9.625 78.375 0.27208
9.625 78.625 0.73403
9.875 76.625 2.1487
9.875 76.875 1.8343
9.875 77.125 0.71553
9.875 77.375 0.11672
9.875 77.625 0.11529
9.875 77.875 -0.0023027
9.875 78.125 -0.20027
9.875 78.375 0.5488
9.875 78.625 1.0455
9.875 78.875 0.83671
10.125 76.375 1.6842
10.125 76.625 2.6617
10.125 76.875 5.1924
10.125 77.125 0.83441
10.125 77.375 -0.44776
10.125 77.625 0.3209
10.125 77.875 0.10231
10.125 78.125 0.32473
10.125 78.375 0.19845
10.125 78.625 -0.39115
10.125 78.875 0.34306
10.125 79.125 1.022
10.375 76.375 1.854
10.375 76.625 1.8199
10.375 76.875 2.4994
10.375 77.125 1.0987
10.375 77.375 0.15281
10.375 77.625 -0.11729
10.375 77.875 -0.23556
10.375 78.125 -0.046799
10.375 78.375 -0.015292
10.375 78.625 -0.13595
10.375 78.875 0.024766
10.375 79.125 1.1357
10.375 79.375 NaN
10.375 79.625 NaN
10.625 76.125 1.7374
10.625 76.375 3.5308
10.625 76.625 2.622
10.625 76.875 2.2783
10.625 77.125 0.049413
10.625 77.375 -0.32593
10.625 77.625 0.39851
10.625 77.875 0.24622
10.625 78.125 -0.24216
10.625 78.375 -0.3285
10.625 78.625 0.12208
10.625 78.875 0.14939
10.625 79.125 1.7007
10.625 79.375 1.4668
10.625 79.625 0.9598
10.875 76.125 2.4909
10.875 76.375 4.0792
10.875 76.625 2.5336
10.875 76.875 1.6167
10.875 77.125 0.45646
10.875 77.375 0.78049
10.875 77.625 -0.18586
10.875 77.875 -0.23532
10.875 78.125 -0.097845
10.875 78.375 0.20996
10.875 78.625 1.1149
10.875 78.875 1.4726
10.875 79.125 1.0556
10.875 79.375 0.88664
10.875 79.625 1.0008
11.125 76.125 0.85393
11.125 76.375 4.415
11.125 76.625 7.1978
11.125 76.875 0.2962
11.125 77.125 0.99911
11.125 77.375 0.11952
11.125 77.625 0.19267
11.125 77.875 1.1515
11.125 78.125 0.36156
11.125 78.375 1.4517
11.125 78.625 1.0219
11.125 78.875 1.5467
11.125 79.125 1.3821
11.125 79.375 1.4273
11.125 79.625 1.0096
11.375 75.875 2.031
11.375 76.125 1.4253
11.375 76.375 2.3749
11.375 76.625 2.7282
11.375 76.875 5.4293
11.375 77.125 1.3009
11.375 77.375 -0.090669
11.375 77.625 0.18569
11.375 77.875 1.8364
11.375 78.125 1.9267
11.375 78.375 0.58283
11.375 78.625 0.22734
11.375 78.875 0.96106
11.375 79.125 0.18955
11.375 79.375 1.8139
11.375 79.625 1.7067
11.625 75.875 1.9657
11.625 76.125 3.0133
11.625 76.375 1.0632
11.625 76.625 2.1988
11.625 76.875 -0.7849
11.625 77.125 -0.34534
11.625 77.375 1.5816
11.625 77.625 1.3914
11.625 77.875 0.91686
11.625 78.125 0.36973
11.625 78.375 0.79341
11.625 78.625 1.9194
11.625 78.875 0.75021
11.625 79.125 2.1794
11.625 79.375 1.4389
11.625 79.625 NaN
11.875 75.625 NaN
11.875 75.875 0.26457
11.875 76.125 0.59324
11.875 76.375 0.42683
11.875 76.625 0.71773
11.875 76.875 -0.67122
11.875 77.125 0.53614
11.875 77.375 0.99945
11.875 77.625 1.9745
11.875 77.875 1.2002
11.875 78.125 1.7924
11.875 78.375 1.874
11.875 78.625 1.2547
11.875 78.875 1.4221
11.875 79.125 2.3323
11.875 79.375 2.0612
11.875 79.625 1.7651
12.125 75.375 1.9172
12.125 75.625 2.4004
12.125 75.875 1.0958
12.125 76.125 0.72481
12.125 76.375 -0.061739
12.125 76.625 0.056047
12.125 76.875 -0.23634
12.125 77.125 0.57219
12.125 77.375 1.3246
12.125 77.625 1.5975
12.125 77.875 0.533
12.125 78.125 2.1935
12.125 78.375 2.717
12.125 78.625 1.5421
12.125 78.875 1.3229
12.125 79.125 2.0952
12.125 79.375 2.1841
12.125 79.625 1.7208
12.375 75.125 2.6364
12.375 75.375 3.038
12.375 75.625 2.0142
12.375 75.875 1.3357
12.375 76.125 0.97156
12.375 76.375 0.77757
12.375 76.625 1.7664
12.375 76.875 -0.12621
12.375 77.125 -0.4501
12.375 77.375 0.64293
12.375 77.625 0.66699
12.375 77.875 1.3847
12.375 78.125 1.3708
12.375 78.375 0.87403
12.375 78.625 1.1617
12.375 78.875 0.89561
12.375 79.125 1.2042
12.375 79.375 1.3945
12.375 79.625 1.5385
12.375 79.875 1.196
12.625 75.125 3.1778
12.625 75.375 4.1461
12.625 75.625 2.2199
12.625 75.875 1.0378
12.625 76.125 0.99406
12.625 76.375 3.1822
12.625 76.625 3.2526
12.625 76.875 1.1354
12.625 77.125 0.078848
12.625 77.375 0.87901
12.625 77.625 1.4622
12.625 77.875 0.68902
12.625 78.125 1.1098
12.625 78.375 1.4459
12.625 78.625 1.2503
12.625 78.875 1.2679
12.625 79.125 1.2242
12.625 79.375 0.87435
12.625 79.625 0.79891
12.625 79.875 -0.021082
12.875 75.125 2.8185
12.875 75.375 3.8039
12.875 75.625 0.15256
12.875 75.875 0.22998
12.875 76.125 0.18198
12.875 76.375 1.5132
12.875 76.625 0.98037
12.875 76.875 0.18199
12.875 77.125 0.25938
12.875 77.375 1.1977
12.875 77.625 0.80391
12.875 77.875 0.72361
12.875 78.125 0.62482
12.875 78.375 0.89811
12.875 78.625 0.67634
12.875 78.875 1.086
12.875 79.125 0.91822
12.875 79.375 1.8135
12.875 79.625 0.82116
12.875 79.875 0.52717
13.125 74.875 NaN
13.125 75.125 2.3074
13.125 75.375 1.6891
13.125 75.625 2.0427
13.125 75.875 0.71218
13.125 76.125 0.87333
13.125 76.375 1.2259
13.125 76.625 1.2948
13.125 76.875 0.67735
13.125 77.125 0.61462
13.125 77.375 0.53036
13.125 77.625 0.32962
13.125 77.875 0.78526
13.125 78.125 0.46126
13.125 78.375 0.82865
13.125 78.625 0.8071
13.125 78.875 0.70638
13.125 79.125 1.7553
13.125 79.375 1.634
13.125 79.625 1.4498
13.125 79.875 1.3396
13.125 80.125 0.83308
13.375 74.875 NaN
13.375 75.125 2.0045
13.375 75.375 1.5058
13.375 75.625 0.59063
13.375 75.875 0.83936
13.375 76.125 1.4224
13.375 76.375 1.1311
13.375 76.625 1.4453
13.375 76.875 0.3423
13.375 77.125 0.99377
13.375 77.375 0.32543
13.375 77.625 0.57011
13.375 77.875 1.0548
13.375 78.125 0.56838
13.375 78.375 0.39341
13.375 78.625 0.69617
13.375 78.875 0.44298
13.375 79.125 0.23425
13.375 79.375 0.29584
13.375 79.625 1.0334
13.375 79.875 1.4821
13.375 80.125 1.2006
13.625 74.875 1.4208
13.625 75.125 2.4389
13.625 75.375 1.2366
13.625 75.625 1.0742
13.625 75.875 0.62308
13.625 76.125 0.60453
13.625 76.375 0.72439
13.625 76.625 0.13309
13.625 76.875 0.18957
13.625 77.125 0.69713
13.625 77.375 1.0285
13.625 77.625 2.1152
13.625 77.875 1.4527
13.625 78.125 0.98988
13.625 78.375 0.34626
13.625 78.625 0.35337
13.625 78.875 0.55975
13.625 79.125 0.59622
13.625 79.375 0.47225
13.625 79.625 0.0086204
13.625 79.875 0.78058
13.625 80.125 1.2024
13.875 74.875 1.5716
13.875 75.125 2.096
13.875 75.375 1.3363
13.875 75.625 0.39108
13.875 75.875 1.2174
13.875 76.125 0.8085
13.875 76.375 0.88483
13.875 76.625 1.7116
13.875 76.875 0.33695
13.875 77.125 0.40613
13.875 77.375 2.2008
13.875 77.625 1.694
13.875 77.875 0.98496
13.875 78.125 0.64685
13.875 78.375 1.3667
13.875 78.625 1.1088
13.875 78.875 0.35614
13.875 79.125 0.25693
13.875 79.375 -0.0032871
13.875 79.625 -0.70045
13.875 79.875 0.017731
14.125 74.625 2.22
14.125 74.875 1.8676
14.125 75.125 2.5647
14.125 75.375 2.8171
14.125 75.625 0.48848
14.125 75.875 2.1584
14.125 76.125 1.6271
14.125 76.375 2.309
14.125 76.625 2.6894
14.125 76.875 2.0253
14.125 77.125 1.0968
14.125 77.375 2.1471
14.125 77.625 1.1953
14.125 77.875 0.75782
14.125 78.125 -0.2444
14.125 78.375 0.45324
14.125 78.625 0.1129
14.125 78.875 -0.1192
14.125 79.125 0.25817
14.125 79.375 0.20251
14.125 79.625 0.17082
14.125 79.875 0.24595
14.375 74.625 1.1591
14.375 74.875 2.088
14.375 75.125 1.9917
14.375 75.375 1.0968
14.375 75.625 1.9733
14.375 75.875 2.6133
14.375 76.125 2.9611
14.375 76.375 2.4144
14.375 76.625 1.7255
14.375 76.875 2.2296
14.375 77.125 2.0752
14.375 77.375 1.4904
14.375 77.625 0.15863
14.375 77.875 0.36932
14.375 78.125 -0.24669
14.375 78.375 0.0028583
14.375 78.625 -0.053711
14.375 78.875 0.01632
14.375 79.125 0.45143
14.375 79.375 0.67501
14.375 79.625 0.64938
14.375 79.875 0.81588
14.625 74.375 NaN
14.625 74.625 1.4509
14.625 74.875 1.3313
14.625 75.125 1.1207
14.625 75.375 1.131
14.625 75.625 2.7041
14.625 75.875 2.4575
14.625 76.125 1.8399
14.625 76.375 1.4928
14.625 76.625 1.3849
14.625 76.875 2.392
14.625 77.125 2.4808
14.625 77.375 1.3116
14.625 77.625 0.4244
14.625 77.875 0.24468
14.625 78.125 0.13553
14.625 78.375 0.18358
14.625 78.625 0.11658
14.625 78.875 0.1865
14.625 79.125 0.39182
14.625 79.375 0.37365
14.625 79.625 0.41956
14.625 79.875 0.58402
14.875 74.375 3.1197
14.875 74.625 1.1695
14.875 74.875 1.044
14.875 75.125 1.2879
14.875 75.375 0.12725
14.875 75.625 1.763
14.875 75.875 1.5859
14.875 76.125 1.2719
14.875 76.375 0.36338
14.875 76.625 1.8172
14.875 76.875 2.4095
14.875 77.125 2.3519
14.875 77.375 0.8817
14.875 77.625 0.30789
14.875 77.875 0.027434
14.875 78.125 0.40248
14.875 78.375 0.49381
14.875 78.625 0.19035
14.875 78.875 0.27196
14.875 79.125 0.12556
14.875 79.375 -0.55438
14.875 79.625 0.3847
14.875 79.875 0.39338
15.125 74.125 3.5684
15.125 74.375 2.0967
15.125 74.625 1.268
15.125 74.875 1.4273
15.125 75.125 1.2227
15.125 75.375 1.4832
15.125 75.625 2.2279
15.125 75.875 1.7998
15.125 76.125 0.75198
15.125 76.375 0.75302
15.125 76.625 0.7596
15.125 76.875 1.8359
15.125 77.125 1.7219
15.125 77.375 1.3673
15.125 77.625 0.82872
15.125 77.875 0.24009
15.125 78.125 0.93816
15.125 78.375 0.84517
15.125 78.625 0.20001
15.125 78.875 -0.021751
15.125 79.125 -0.28508
15.125 79.375 0.2387
15.125 79.625 1.0441
15.125 79.875 0.73837
15.375 73.875 1.8394
15.375 74.125 3.3191
15.375 74.375 3.1876
15.375 74.625 1.9963
15.375 74.875 2.2439
15.375 75.125 1.7838
15.375 75.375 2.7659
15.375 75.625 1.6732
15.375 75.875 1.3957
15.375 76.125 1.0936
15.375 76.375 1.5336
15.375 76.625 1.1719
15.375 76.875 1.8882
15.375 77.125 0.3918
15.375 77.375 0.79932
15.375 77.625 0.6603
15.375 77.875 0.0020367
15.375 78.125 0.14848
15.375 78.375 0.13799
15.375 78.625 -0.1382
15.375 78.875 -0.061469
15.375 79.125 -0.19705
15.375 79.375 -0.18481
15.375 79.625 0.35219
15.375 79.875 0.66435
15.625 73.875 1.3188
15.625 74.125 1.0368
15.625 74.375 0.73167
15.625 74.625 1.9251
15.625 74.875 1.6993
15.625 75.125 2.1539
15.625 75.375 1.4647
15.625 75.625 0.81931
15.625 75.875 1.3241
15.625 76.125 1.5929
15.625 76.375 1.4198
15.625 76.625 1.8823
15.625 76.875 1.6026
15.625 77.125 1.0962
15.625 77.375 0.44994
15.625 77.625 0.61555
15.625 77.875 0.048581
15.625 78.125 0.0076367
15.625 78.375 0.034363
15.625 78.625 -0.2502
15.625 78.875 1.3358
15.625 79.125 0.41783
15.625 79.375 0.47909
15.625 79.625 0.99426
15.625 79.875 0.95641
15.625 80.125 0.98559
15.875 73.875 3.2143
15.875 74.125 2.1876
15.875 74.375 1.7957
15.875 74.625 1.9651
15.875 74.875 1.1802
15.875 75.125 0.74712
15.875 75.375 0.8156
15.875 75.625 1.5261
15.875 75.875 1.3704
15.875 76.125 1.2183
15.875 76.375 1.3626
15.875 76.625 1.5642
15.875 76.875 1.6617
15.875 77.125 1.605
15.875 77.375 1.5888
15.875 77.625 0.71626
15.875 77.875 0.63347
15.875 78.125 0.50163
15.875 78.375 0.78207
15.875 78.625 1.4463
15.875 78.875 1.2943
15.875 79.125 1.4767
15.875 79.375 0.62337
15.875 79.625 -0.2042
15.875 79.875 0.66178
15.875 80.125 1.2563
15.875 80.375 1.2179
15.875 80.625 NaN
15.875 80.875 1.5226
16.125 73.625 3.6233
16.125 73.875 4.1328
16.125 74.125 2.3858
16.125 74.375 1.9331
16.125 74.625 2.6492
16.125 74.875 1.1042
16.125 75.125 -0.56245
16.125 75.375 -0.35786
16.125 75.625 1.8469
16.125 75.875 2.5998
16.125 76.125 1.2071
16.125 76.375 0.96486
16.125 76.625 0.96034
16.125 76.875 2.4054
16.125 77.125 2.0161
16.125 77.375 1.9955
16.125 77.625 1.2899
16.125 77.875 1.1259
16.125 78.125 0.95378
16.125 78.375 0.69672
16.125 78.625 1.0683
16.125 78.875 1.1681
16.125 79.125 1.0765
16.125 79.375 -0.0066925
16.125 79.625 -0.31862
16.125 79.875 0.86438
16.125 80.125 1.4128
16.125 80.375 1.2308
16.125 80.625 1.5961
16.125 80.875 1.5024
16.375 73.625 1.6508
16.375 73.875 3.624
16.375 74.125 3.02
16.375 74.375 2.2676
16.375 74.625 1.4375
16.375 74.875 0.93702
16.375 75.125 1.0921
16.375 75.375 0.97315
16.375 75.625 1.6559
16.375 75.875 1.6227
16.375 76.125 1.7169
16.375 76.375 1.8256
16.375 76.625 0.98868
16.375 76.875 1.955
16.375 77.125 2.6532
16.375 77.375 2.0856
16.375 77.625 1.091
16.375 77.875 0.77878
16.375 78.125 1.0792
16.375 78.375 1.1225
16.375 78.625 0.52518
16.375 78.875 0.41356
16.375 79.125 0.87508
16.375 79.375 -0.26757
16.375 79.625 0.10835
16.375 79.875 0.6561
16.375 80.125 1.6716
16.375 80.375 0.91246
16.375 80.625 1.9922
16.375 80.875 1.8378
16.375 81.125 1.4297
16.375 81.375 NaN
16.375 81.625 NaN
16.625 73.625 2.9584
16.625 73.875 1.9312
16.625 74.125 2.4045
16.625 74.375 -0.14563
16.625 74.625 1.9728
16.625 74.875 1.8859
16.625 75.125 1.4794
16.625 75.375 1.6712
16.625 75.625 1.7121
16.625 75.875 0.64463
16.625 76.125 1.3028
16.625 76.375 2.0439
16.625 76.625 1.3537
16.625 76.875 1.1157
16.625 77.125 2.544
16.625 77.375 2.4193
16.625 77.625 1.6534
16.625 77.875 2.8609
16.625 78.125 2.1632
16.625 78.375 1.4554
16.625 78.625 0.4223
16.625 78.875 0.00020677
16.625 79.125 -0.30358
16.625 79.375 -0.68038
16.625 79.625 0.22209
16.625 79.875 0.6868
16.625 80.125 1.5556
16.625 80.375 1.5927
16.625 80.625 1.9167
16.625 80.875 2.156
16.625 81.125 1.4171
16.625 81.375 0.97199
16.625 81.625 0.64984
16.625 81.875 0.21722
16.625 82.125 0.30982
16.875 73.375 2.7059
16.875 73.625 2.9635
16.875 73.875 1.781
16.875 74.125 0.96266
16.875 74.375 0.85107
16.875 74.625 -0.048423
16.875 74.875 1.5416
16.875 75.125 2.1778
16.875 75.375 3.0822
16.875 75.625 1.8711
16.875 75.875 0.88272
16.875 76.125 1.1005
16.875 76.375 2.0725
16.875 76.625 2.6806
16.875 76.875 1.7089
16.875 77.125 2.1767
16.875 77.375 2.2945
16.875 77.625 1.2237
16.875 77.875 0.62552
16.875 78.125 0.42005
16.875 78.375 0.346
16.875 78.625 0.20624
16.875 78.875 -0.61415
16.875 79.125 -0.41765
16.875 79.375 -0.5496
16.875 79.625 0.51578
16.875 79.875 0.53565
16.875 80.125 1.4592
16.875 80.375 1.4371
16.875 80.625 1.7506
16.875 80.875 1.7505
16.875 81.125 1.5164
16.875 81.375 1.0756
16.875 81.625 1.0201
16.875 81.875 0.23264
16.875 82.125 0.38352
17.125 73.375 2.9622
17.125 73.625 1.8295
17.125 73.875 2.2922
17.125 74.125 1.7122
17.125 74.375 0.66421
17.125 74.625 -0.50554
17.125 74.875 0.11746
17.125 75.125 0.26679
17.125 75.375 1.7192
17.125 75.625 2.1644
17.125 75.875 1.8056
17.125 76.125 2.932
17.125 76.375 1.556
17.125 76.625 1.1743
17.125 76.875 1.467
17.125 77.125 1.4673
17.125 77.375 1.0285
17.125 77.625 1.2736
17.125 77.875 0.52027
17.125 78.125 -0.81268
17.125 78.375 0.58223
17.125 78.625 -0.087514
17.125 78.875 -0.029376
17.125 79.125 0.7369
17.125 79.375 -0.02423
17.125 79.625 -0.0091023
17.125 79.875 0.72487
17.125 80.125 1.7869
17.125 80.375 1.5716
17.125 80.625 1.4571
17.125 80.875 1.3644
17.125 81.125 1.2379
17.125 81.375 1.0251
17.125 81.625 0.24111
17.125 81.875 0.26538
17.125 82.125 0.64177
17.125 82.375 1.0231
17.375 73.375 1.9464
17.375 73.625 1.6435
17.375 73.875 2.9357
17.375 74.125 0.56975
17.375 74.375 -0.23787
17.375 74.625 -0.58647
17.375 74.875 -0.42467
17.375 75.125 -0.45614
17.375 75.375 0.081816
17.375 75.625 1.5926
17.375 75.875 0.70094
17.375 76.125 0.95022
17.375 76.375 0.79816
17.375 76.625 0.80329
17.375 76.875 1.4475
17.375 77.125 2.1655
17.375 77.375 1.1837
17.375 77.625 1.0992
17.375 77.875 -0.14681
17.375 78.125 0.16704
17.375 78.375 0.24224
17.375 78.625 -0.0093983
17.375 78.875 0.9093
17.375 79.125 0.21928
17.375 79.375 1.3088
17.375 79.625 0.59274
17.375 79.875 1.4617
17.375 80.125 2.0989
17.375 80.375 1.4181
17.375 80.625 0.77224
17.375 80.875 0.70238
17.375 81.125 0.29796
17.375 81.375 0.53825
17.375 81.625 0.33601
17.375 81.875 0.23081
17.375 82.125 0.87585
17.375 82.375 1.2961
17.375 82.625 NaN
17.625 73.375 2.5109
17.625 73.625 0.52537
17.625 73.875 2.9561
17.625 74.125 1.2114
17.625 74.375 0.12167
17.625 74.625 0.23372
17.625 74.875 0.78049
17.625 75.125 0.81126
17.625 75.375 -0.6913
17.625 75.625 1.0182
17.625 75.875 0.94352
17.625 76.125 1.5504
17.625 76.375 2.4031
17.625 76.625 1.9394
17.625 76.875 2.0292
17.625 77.125 1.2189
17.625 77.375 1.1787
17.625 77.625 0.18793
17.625 77.875 0.12052
17.625 78.125 0.37485
17.625 78.375 0.4844
17.625 78.625 0.81683
17.625 78.875 0.34285
17.625 79.125 -0.044397
17.625 79.375 0.36093
17.625 79.625 1.0916
17.625 79.875 1.9758
17.625 80.125 1.7601
17.625 80.375 1.5892
17.625 80.625 1.1534
17.625 80.875 0.56579
17.625 81.125 0.16947
17.625 81.375 0.055542
17.625 81.625 0.1931
17.625 81.875 -0.019097
17.625 82.125 0.41653
17.625 82.375 1.0517
17.625 82.625 0.76889
17.625 82.875 0.050233
17.625 83.125 0.22815
17.875 73.375 2.9045
17.875 73.625 1.1939
17.875 73.875 2.2123
17.875 74.125 3.8016
17.875 74.375 2.9838
17.875 74.625 1.2665
17.875 74.875 2.0079
17.875 75.125 -0.36319
17.875 75.375 -0.32475
17.875 75.625 1.215
17.875 75.875 1.865
17.875 76.125 2.8912
17.875 76.375 2.7257
17.875 76.625 2.2583
17.875 76.875 1.7527
17.875 77.125 2.2377
17.875 77.375 1.6733
17.875 77.625 1.841
17.875 77.875 1.0885
17.875 78.125 1.3053
17.875 78.375 0.71598
17.875 78.625 1.1606
17.875 78.875 0.48783
17.875 79.125 0.41743
17.875 79.375 0.40741
17.875 79.625 1.6168
17.875 79.875 2.2834
17.875 80.125 1.7373
17.875 80.375 0.73539
17.875 80.625 1.6094
17.875 80.875 0.78339
17.875 81.125 0.53447
17.875 81.375 0.36811
17.875 81.625 0.17835
17.875 81.875 -0.01804
17.875 82.125 0.035168
17.875 82.375 0.12753
17.875 82.625 1.1487
17.875 82.875 1.1444
17.875 83.125 0.20107
17.875 83.375 0.16929
18.125 73.125 NaN
18.125 73.375 2.7537
18.125 73.625 2.4592
18.125 73.875 2.2078
18.125 74.125 3.4614
18.125 74.375 3.0024
18.125 74.625 2.9612
18.125 74.875 1.8546
18.125 75.125 -0.13219
18.125 75.375 2.0013
18.125 75.625 2.8142
18.125 75.875 4.5055
18.125 76.125 3.2308
18.125 76.375 3.246
18.125 76.625 2.1966
18.125 76.875 2.4721
18.125 77.125 2.7279
18.125 77.375 1.1469
18.125 77.625 1.7673
18.125 77.875 1.6967
18.125 78.125 1.1605
18.125 78.375 1.1146
18.125 78.625 0.732
18.125 78.875 0.5667
18.125 79.125 0.37859
18.125 79.375 0.8256
18.125 79.625 1.2591
18.125 79.875 1.8405
18.125 80.125 1.3317
18.125 80.375 0.88305
18.125 80.625 0.86722
18.125 80.875 -0.10501
18.125 81.125 0.17671
18.125 81.375 -0.20333
18.125 81.625 0.073525
18.125 81.875 0.17241
18.125 82.125 0.56447
18.125 82.375 0.054535
18.125 82.625 0.49836
18.125 82.875 0.43885
18.125 83.125 0.19254
18.125 83.375 0.43371
18.125 83.625 1.0738
18.375 73.125 2.986
18.375 73.375 2.4598
18.375 73.625 2.4044
18.375 73.875 2.5084
18.375 74.125 2.5204
18.375 74.375 3.3816
18.375 74.625 3.1877
18.375 74.875 1.1629
18.375 75.125 0.44437
18.375 75.375 3.7387
18.375 75.625 2.441
18.375 75.875 1.197
18.375 76.125 2.2173
18.375 76.375 3.2269
18.375 76.625 1.8652
18.375 76.875 2.4161
18.375 77.125 1.3386
18.375 77.375 1.2674
18.375 77.625 1.0001
18.375 77.875 1.5202
18.375 78.125 1.7706
18.375 78.375 1.4814
18.375 78.625 -0.24754
18.375 78.875 -0.43792
18.375 79.125 0.15326
18.375 79.375 -0.14709
18.375 79.625 0.214
18.375 79.875 1.1322
18.375 80.125 1.2413
18.375 80.375 1.9415
18.375 80.625 2.0169
18.375 80.875 -0.56742
18.375 81.125 -0.65888
18.375 81.375 -0.32694
18.375 81.625 0.26662
18.375 81.875 0.37451
18.375 82.125 1.5745
18.375 82.375 1.4115
18.375 82.625 -0.25959
18.375 82.875 -0.78722
18.375 83.125 0.47007
18.375 83.375 1.0969
18.375 83.625 0.98676
18.375 83.875 1.0436
18.625 73.125 3.9589
18.625 73.375 3.4519
18.625 73.625 2.2638
18.625 73.875 2.8166
18.625 74.125 1.8891
18.625 74.375 2.4757
18.625 74.625 2.5963
18.625 74.875 1.6976
18.625 75.125 1.2271
18.625 75.375 1.93
18.625 75.625 0.8483
18.625 75.875 0.44317
18.625 76.125 0.67381
18.625 76.375 0.37231
18.625 76.625 1.0012
18.625 76.875 0.081233
18.625 77.125 1.0049
18.625 77.375 -0.1791
18.625 77.625 1.2508
18.625 77.875 1.8806
18.625 78.125 1.1113
18.625 78.375 2.5328
18.625 78.625 0.13589
18.625 78.875 -0.39705
18.625 79.125 0.022759
18.625 79.375 0.16391
18.625 79.625 -0.098381
18.625 79.875 0.80048
18.625 80.125 1.4092
18.625 80.375 2.8456
18.625 80.625 2.6082
18.625 80.875 0.24591
18.625 81.125 -0.57885
18.625 81.375 -0.032429
18.625 81.625 0.56052
18.625 81.875 0.31492
18.625 82.125 0.75988
18.625 82.375 0.69592
18.625 82.625 0.64202
18.625 82.875 0.79676
18.625 83.125 -0.090657
18.625 83.375 0.58468
18.625 83.625 0.22206
18.625 83.875 0.62468
18.625 84.125 0.094084
18.875 73.125 3.6934
18.875 73.375 2.9626
18.875 73.625 3.0141
18.875 73.875 3.1554
18.875 74.125 0.76184
18.875 74.375 4.2267
18.875 74.625 2.5315
18.875 74.875 1.4676
18.875 75.125 0.74905
18.875 75.375 1.3277
18.875 75.625 1.3538
18.875 75.875 0.29317
18.875 76.125 1.0362
18.875 76.375 0.45409
18.875 76.625 0.63305
18.875 76.875 -0.60118
18.875 77.125 0.79467
18.875 77.375 -0.15321
18.875 77.625 1.6686
18.875 77.875 1.494
18.875 78.125 1.3188
18.875 78.375 0.30698
18.875 78.625 0.75318
18.875 78.875 0.32974
18.875 79.125 0.24704
18.875 79.375 0.70306
18.875 79.625 0.066552
18.875 79.875 1.0687
18.875 80.125 1.5291
18.875 80.375 2.5306
18.875 80.625 2.9582
18.875 80.875 1.6479
18.875 81.125 0.53887
18.875 81.375 1.124
18.875 81.625 0.10752
18.875 81.875 0.74689
18.875 82.125 0.41178
18.875 82.375 0.38118
18.875 82.625 0.67685
18.875 82.875 0.48811
18.875 83.125 0.33132
18.875 83.375 1.4598
18.875 83.625 1.0826
18.875 83.875 0.67738
18.875 84.125 0.019169
18.875 84.375 0.1735
19.125 73.125 3.5545
19.125 73.375 3.168
19.125 73.625 2.9934
19.125 73.875 2.7827
19.125 74.125 2.1676
19.125 74.375 2.7352
19.125 74.625 1.9898
19.125 74.875 1.0608
19.125 75.125 0.58356
19.125 75.375 -0.1074
19.125 75.625 -0.2257
19.125 75.875 -0.31818
19.125 76.125 0.10673
19.125 76.375 0.71391
19.125 76.625 0.28696
19.125 76.875 -0.32054
19.125 77.125 0.38939
19.125 77.375 -0.062311
19.125 77.625 0.28288
19.125 77.875 0.36003
19.125 78.125 0.68584
19.125 78.375 0.71005
19.125 78.625 0.70925
19.125 78.875 1.7235
19.125 79.125 1.207
19.125 79.375 0.73424
19.125 79.625 0.67727
19.125 79.875 0.94023
19.125 80.125 1.4006
19.125 80.375 2.027
19.125 80.625 1.9464
19.125 80.875 0.91366
19.125 81.125 0.29477
19.125 81.375 -0.10809
19.125 81.625 0.20294
19.125 81.875 0.50755
19.125 82.125 0.71588
19.125 82.375 0.57294
19.125 82.625 0.42885
19.125 82.875 0.88705
19.125 83.125 0.10216
19.125 83.375 0.64803
19.125 83.625 -0.18282
19.125 83.875 0.30425
19.125 84.125 0.60485
19.125 84.375 0.70299
19.125 84.625 0.37867
19.375 72.875 2.4865
19.375 73.125 1.9478
19.375 73.375 3.5991
19.375 73.625 2.3968
19.375 73.875 1.7553
19.375 74.125 2.7086
19.375 74.375 2.3829
19.375 74.625 0.55837
19.375 74.875 0.63492
19.375 75.125 -0.16509
19.375 75.375 -0.017837
19.375 75.625 -0.49113
19.375 75.875 -0.20558
19.375 76.125 0.81133
19.375 76.375 0.17569
19.375 76.625 -0.87439
19.375 76.875 -1.0938
19.375 77.125 -0.7451
19.375 77.375 -0.71594
19.375 77.625 -0.41252
19.375 77.875 0.39066
19.375 78.125 1.0867
19.375 78.375 0.91918
19.375 78.625 0.96023
19.375 78.875 1.9677
19.375 79.125 2.0916
19.375 79.375 1.3309
19.375 79.625 0.66367
19.375 79.875 0.81534
19.375 80.125 1.4164
19.375 80.375 1.6334
19.375 80.625 1.1838
19.375 80.875 0.63327
19.375 81.125 -0.038575
19.375 81.375 -0.3103
19.375 81.625 -0.29597
19.375 81.875 0.74054
19.375 82.125 1.4947
19.375 82.375 0.32246
19.375 82.625 0.22446
19.375 82.875 1.0105
19.375 83.125 0.79718
19.375 83.375 0.32703
19.375 83.625 -0.059494
19.375 83.875 0.03753
19.375 84.125 0.65436
19.375 84.375 1.4435
19.375 84.625 0.94492
19.375 84.875 0.79698
19.625 72.875 3.2615
19.625 73.125 4.1916
19.625 73.375 3.6138
19.625 73.625 3.4011
19.625 73.875 2.9278
19.625 74.125 0.94403
19.625 74.375 1.3981
19.625 74.625 1.1174
19.625 74.875 0.80707
19.625 75.125 0.43826
19.625 75.375 0.31948
19.625 75.625 -0.022708
19.625 75.875 0.003556
19.625 76.125 0.19635
19.625 76.375 -0.2188
19.625 76.625 -1.049
19.625 76.875 -1.0075
19.625 77.125 -1.0702
19.625 77.375 -0.71175
19.625 77.625 -0.26347
19.625 77.875 0.26631
19.625 78.125 0.86221
19.625 78.375 1.1573
19.625 78.625 1.7832
19.625 78.875 1.8236
19.625 79.125 1.5789
19.625 79.375 0.96927
19.625 79.625 0.85085
19.625 79.875 0.85941
19.625 80.125 0.86078
19.625 80.375 0.98759
19.625 80.625 0.72883
19.625 80.875 0.62464
19.625 81.125 0.15468
19.625 81.375 -0.34038
19.625 81.625 0.064178
19.625 81.875 0.65226
19.625 82.125 0.681
19.625 82.375 0.61091
19.625 82.625 0.27495
19.625 82.875 1.0369
19.625 83.125 0.66383
19.625 83.375 2.042
19.625 83.625 1.5588
19.625 83.875 0.63136
19.625 84.125 1.099
19.625 84.375 1.1623
19.625 84.625 1.3052
19.625 84.875 1.0936
19.625 85.125 -0.76015
19.625 85.375 -0.011982
19.875 72.875 4.3221
19.875 73.125 4.495
19.875 73.375 5.3237
19.875 73.625 4.088
19.875 73.875 2.742
19.875 74.125 1.3625
19.875 74.375 1.9223
19.875 74.625 1.5329
19.875 74.875 0.31762
19.875 75.125 0.15067
19.875 75.375 0.03205
19.875 75.625 0.20977
19.875 75.875 0.2304
19.875 76.125 0.20823
19.875 76.375 0.13992
19.875 76.625 -0.50232
19.875 76.875 -0.47795
19.875 77.125 -0.55224
19.875 77.375 -0.68231
19.875 77.625 -0.28337
19.875 77.875 -0.036332
19.875 78.125 0.51847
19.875 78.375 1.0447
19.875 78.625 1.3305
19.875 78.875 1.4577
19.875 79.125 1.1417
19.875 79.375 0.86819
19.875 79.625 1.0053
19.875 79.875 0.86731
19.875 80.125 0.44544
19.875 80.375 0.53578
19.875 80.625 0.7784
19.875 80.875 0.91794
19.875 81.125 0.04523
19.875 81.375 -0.3957
19.875 81.625 -0.53054
19.875 81.875 -0.14473
19.875 82.125 0.9088
19.875 82.375 0.86763
19.875 82.625 0.27565
19.875 82.875 0.20306
19.875 83.125 1.1575
19.875 83.375 1.5109
19.875 83.625 1.5709
19.875 83.875 0.98753
19.875 84.125 1.6937
19.875 84.375 1.4431
19.875 84.625 1.1418
19.875 84.875 1.7595
19.875 85.125 0.78087
19.875 85.375 -0.055415
19.875 85.625 NaN
19.875 85.875 NaN
19.875 86.125 NaN
20.125 72.875 4.1672
20.125 73.125 3.9371
20.125 73.375 2.7293
20.125 73.625 4.7457
20.125 73.875 2.845
20.125 74.125 1.439
20.125 74.375 1.3222
20.125 74.625 0.58335
20.125 74.875 -0.043412
20.125 75.125 -0.015724
20.125 75.375 0.22052
20.125 75.625 0.14525
20.125 75.875 0.27513
20.125 76.125 0.71194
20.125 76.375 0.78037
20.125 76.625 0.73794
20.125 76.875 0.022391
20.125 77.125 0.0048795
20.125 77.375 -0.16121
20.125 77.625 0.085606
20.125 77.875 0.0016941
20.125 78.125 0.19797
20.125 78.375 0.7522
20.125 78.625 0.75705
20.125 78.875 0.83741
20.125 79.125 0.46709
20.125 79.375 0.63959
20.125 79.625 0.74589
20.125 79.875 0.76517
20.125 80.125 0.69279
20.125 80.375 0.15274
20.125 80.625 0.55932
20.125 80.875 0.52238
20.125 81.125 -0.40976
20.125 81.375 -0.26432
20.125 81.625 -0.32857
20.125 81.875 -0.31764
20.125 82.125 0.13821
20.125 82.375 -0.42589
20.125 82.625 -0.15823
20.125 82.875 -0.72606
20.125 83.125 1.773
20.125 83.375 0.89969
20.125 83.625 0.37261
20.125 83.875 1.2718
20.125 84.125 0.90026
20.125 84.375 0.66313
20.125 84.625 0.86848
20.125 84.875 1.0719
20.125 85.125 1.6361
20.125 85.375 0.59653
20.125 85.625 -0.072308
20.125 85.875 0.643
20.125 86.125 0.70562
20.125 86.375 NaN
20.375 73.125 4.4993
20.375 73.375 3.4685
20.375 73.625 2.6735
20.375 73.875 1.4525
20.375 74.125 1.1922
20.375 74.375 0.32653
20.375 74.625 0.34255
20.375 74.875 0.33936
20.375 75.125 0.67924
20.375 75.375 1.0661
20.375 75.625 0.44283
20.375 75.875 0.65437
20.375 76.125 1.4371
20.375 76.375 2.0539
20.375 76.625 1.5174
20.375 76.875 1.0706
20.375 77.125 0.67549
20.375 77.375 0.4354
20.375 77.625 0.20997
20.375 77.875 -0.12757
20.375 78.125 0.23634
20.375 78.375 0.38572
20.375 78.625 0.41571
20.375 78.875 0.088739
20.375 79.125 -0.16603
20.375 79.375 0.19942
20.375 79.625 0.27195
20.375 79.875 0.7209
20.375 80.125 0.82351
20.375 80.375 0.036052
20.375 80.625 0.072289
20.375 80.875 0.23159
20.375 81.125 0.19721
20.375 81.375 0.17392
20.375 81.625 -0.20037
20.375 81.875 -0.15173
20.375 82.125 1.9727
20.375 82.375 0.75445
20.375 82.625 -0.073211
20.375 82.875 0.047899
20.375 83.125 0.060493
20.375 83.375 0.36551
20.375 83.625 1.0574
20.375 83.875 0.65574
20.375 84.125 1.0015
20.375 84.375 -0.80048
20.375 84.625 0.36388
20.375 84.875 0.56527
20.375 85.125 0.32993
20.375 85.375 -0.35077
20.375 85.625 0.47937
20.375 85.875 0.40311
20.375 86.125 1.0495
20.375 86.375 0.65592
20.375 86.625 NaN
20.625 73.125 2.6833
20.625 73.375 3.4155
20.625 73.625 3.453
20.625 73.875 1.7089
20.625 74.125 1.7888
20.625 74.375 1.4057
20.625 74.625 1.6821
20.625 74.875 0.60213
20.625 75.125 0.62821
20.625 75.375 0.8678
20.625 75.625 0.49112
20.625 75.875 0.47338
20.625 76.125 1.9967
20.625 76.375 2.2481
20.625 76.625 1.9229
20.625 76.875 1.4075
20.625 77.125 0.82821
20.625 77.375 0.69984
20.625 77.625 0.78947
20.625 77.875 0.32996
20.625 78.125 0.81325
20.625 78.375 0.58358
20.625 78.625 0.30145
20.625 78.875 -0.081341
20.625 79.125 -0.21158
20.625 79.375 -0.20608
20.625 79.625 0.22468
20.625 79.875 0.37614
20.625 80.125 0.73914
20.625 80.375 -0.41861
20.625 80.625 -0.80218
20.625 80.875 0.14293
20.625 81.125 0.19219
20.625 81.375 -0.30664
20.625 81.625 -0.57844
20.625 81.875 0.10899
20.625 82.125 3.4289
20.625 82.375 0.82576
20.625 82.625 -0.22474
20.625 82.875 0.10039
20.625 83.125 0.47351
20.625 83.375 0.47169
20.625 83.625 0.76661
20.625 83.875 0.71963
20.625 84.125 0.19895
20.625 84.375 0.16247
20.625 84.625 0.76882
20.625 84.875 0.43366
20.625 85.125 1.0014
20.625 85.375 1.5058
20.625 85.625 -0.51051
20.625 85.875 0.86148
20.625 86.125 1.4765
20.625 86.375 1.247
20.625 86.625 1.0967
20.625 86.875 NaN
20.875 70.625 1.9802
20.875 70.875 1.4583
20.875 71.125 1.2931
20.875 71.375 2.9006
20.875 72.875 2.3586
20.875 73.125 3.061
20.875 73.375 1.941
20.875 73.625 2.6046
20.875 73.875 1.9099
20.875 74.125 2.7045
20.875 74.375 2.6598
20.875 74.625 1.8397
20.875 74.875 0.45262
20.875 75.125 0.87122
20.875 75.375 0.85861
20.875 75.625 0.19877
20.875 75.875 0.65008
20.875 76.125 1.92
20.875 76.375 2.2254
20.875 76.625 1.977
20.875 76.875 1.9002
20.875 77.125 1.3598
20.875 77.375 0.76605
20.875 77.625 0.99963
20.875 77.875 0.68566
20.875 78.125 0.5501
20.875 78.375 0.54766
20.875 78.625 -0.026459
20.875 78.875 0.012046
20.875 79.125 -0.070307
20.875 79.375 -0.45181
20.875 79.625 -0.51276
20.875 79.875 0.092821
20.875 80.125 0.15931
20.875 80.375 -0.78542
20.875 80.625 -0.5007
20.875 80.875 -0.27894
20.875 81.125 -0.25396
20.875 81.375 -0.54517
20.875 81.625 -0.49944
20.875 81.875 -0.47317
20.875 82.125 0.19128
20.875 82.375 0.65076
20.875 82.625 0.21049
20.875 82.875 -0.21602
20.875 83.125 -0.20091
20.875 83.375 0.16906
20.875 83.625 1.0703
20.875 83.875 0.50121
20.875 84.125 -0.16271
20.875 84.375 1.3681
20.875 84.625 0.58608
20.875 84.875 0.90944
20.875 85.125 0.82591
20.875 85.375 0.50998
20.875 85.625 -0.10475
20.875 85.875 0.53842
20.875 86.125 0.33576
20.875 86.375 0.35975
20.875 86.625 0.66703
21.125 70.375 2.211
21.125 70.625 1.7175
21.125 70.875 0.88657
21.125 71.125 3.0385
21.125 71.375 3.5157
21.125 71.625 NaN
21.125 71.875 NaN
21.125 72.875 0.79316
21.125 73.125 1.6828
21.125 73.375 1.922
21.125 73.625 1.1642
21.125 73.875 2.5794
21.125 74.125 2.529
21.125 74.375 1.3269
21.125 74.625 1.0842
21.125 74.875 1.4413
21.125 75.125 1.3615
21.125 75.375 0.6953
21.125 75.625 0.34136
21.125 75.875 0.060519
21.125 76.125 0.64125
21.125 76.375 1.2081
21.125 76.625 1.4983
21.125 76.875 1.4456
21.125 77.125 0.74234
21.125 77.375 0.89434
21.125 77.625 0.45196
21.125 77.875 0.32292
21.125 78.125 0.17261
21.125 78.375 0.072751
21.125 78.625 -0.29038
21.125 78.875 0.78307
21.125 79.125 0.2112
21.125 79.375 -0.66919
21.125 79.625 -0.42913
21.125 79.875 0.40336
21.125 80.125 -0.58198
21.125 80.375 -0.93163
21.125 80.625 -0.47762
21.125 80.875 -0.32036
21.125 81.125 -0.46663
21.125 81.375 -0.54263
21.125 81.625 -1.0517
21.125 81.875 -0.9853
21.125 82.125 -0.30045
21.125 82.375 -0.11892
21.125 82.625 0.023136
21.125 82.875 -0.070885
21.125 83.125 -0.042394
21.125 83.375 0.37202
21.125 83.625 0.69205
21.125 83.875 0.54167
21.125 84.125 0.092016
21.125 84.375 -0.31529
21.125 84.625 0.63848
21.125 84.875 0.96233
21.125 85.125 0.92375
21.125 85.375 0.34722
21.125 85.625 0.11164
21.125 85.875 -0.72279
21.125 86.125 -0.029523
21.125 86.375 -0.10733
21.125 86.625 -0.42702
21.375 70.125 1.6579
21.375 70.375 1.8585
21.375 70.625 1.7816
21.375 70.875 1.6199
21.375 71.125 2.7048
21.375 71.375 2.4559
21.375 71.625 2.811
21.375 71.875 2.148
21.375 72.875 2.7895
21.375 73.125 3.713
21.375 73.375 3.7062
21.375 73.625 2.8993
21.375 73.875 2.7426
21.375 74.125 1.4229
21.375 74.375 1.3875
21.375 74.625 1.4122
21.375 74.875 2.1298
21.375 75.125 1.8098
21.375 75.375 1.4971
21.375 75.625 0.80799
21.375 75.875 0.421
21.375 76.125 0.60461
21.375 76.375 0.64073
21.375 76.625 0.58107
21.375 76.875 0.44927
21.375 77.125 0.19331
21.375 77.375 0.24227
21.375 77.625 0.13256
21.375 77.875 0.18861
21.375 78.125 0.385
21.375 78.375 1.9359
21.375 78.625 0.62681
21.375 78.875 0.014351
21.375 79.125 -0.80943
21.375 79.375 -1.2293
21.375 79.625 -1.1536
21.375 79.875 -0.11994
21.375 80.125 -0.82772
21.375 80.375 -0.93161
21.375 80.625 -0.75357
21.375 80.875 -0.80363
21.375 81.125 -0.765
21.375 81.375 -0.34195
21.375 81.625 -0.57479
21.375 81.875 -0.24308
21.375 82.125 -0.086088
21.375 82.375 0.067842
21.375 82.625 -0.40724
21.375 82.875 -0.33055
21.375 83.125 0.32425
21.375 83.375 0.2756
21.375 83.625 0.12057
21.375 83.875 -0.076603
21.375 84.125 -0.10066
21.375 84.375 0.40286
21.375 84.625 0.94982
21.375 84.875 0.38441
21.375 85.125 0.80009
21.375 85.375 0.16125
21.375 85.625 1.9329
21.375 85.875 1.0493
21.375 86.125 1.6299
21.375 86.375 -0.16434
21.375 86.625 -0.54051
21.375 86.875 -0.29474
21.625 69.875 1.3021
21.625 70.125 1.0436
21.625 70.375 2.5992
21.625 70.625 2.7086
21.625 70.875 2.4938
21.625 71.125 2.2061
21.625 71.375 3.8351
21.625 71.625 4.6107
21.625 71.875 2.4709
21.625 72.125 1.8017
21.625 72.875 2.779
21.625 73.125 2.657
21.625 73.375 2.2471
21.625 73.625 2.0735
21.625 73.875 1.534
21.625 74.125 1.5462
21.625 74.375 1.0859
21.625 74.625 1.7394
21.625 74.875 1.5375
21.625 75.125 0.96891
21.625 75.375 1.3114
21.625 75.625 0.91369
21.625 75.875 0.88086
21.625 76.125 1.51
21.625 76.375 1.4966
21.625 76.625 1.1413
21.625 76.875 0.76675
21.625 77.125 0.50801
21.625 77.375 0.27444
21.625 77.625 0.015656
21.625 77.875 0.42314
21.625 78.125 0.56279
21.625 78.375 1.7619
21.625 78.625 0.34592
21.625 78.875 -0.29744
21.625 79.125 -1.3217
21.625 79.375 -1.5457
21.625 79.625 -1.0084
21.625 79.875 -0.55656
21.625 80.125 -0.20019
21.625 80.375 0.33255
21.625 80.625 -0.36351
21.625 80.875 -0.54924
21.625 81.125 -0.84869
21.625 81.375 -0.46768
21.625 81.625 -0.30431
21.625 81.875 -0.41228
21.625 82.125 -0.026806
21.625 82.375 -0.13631
21.625 82.625 -0.20246
21.625 82.875 NaN
21.625 83.125 0.12771
21.625 83.375 0.22997
21.625 83.625 -0.2339
21.625 83.875 -0.0010965
21.625 84.125 0.44364
21.625 84.375 2.3214
21.625 84.625 1.7705
21.625 84.875 2.0766
21.625 85.125 1.3073
21.625 85.375 0.81532
21.625 85.625 0.72594
21.625 85.875 1.3366
21.625 86.125 0.73945
21.625 86.375 0.31369
21.625 86.625 -0.61532
21.625 86.875 -0.54214
21.625 87.125 -0.51027
21.625 87.375 NaN
21.875 69.375 NaN
21.875 69.625 1.3064
21.875 69.875 1.6009
21.875 70.125 1.9165
21.875 70.375 3.0411
21.875 70.625 2.8455
21.875 70.875 1.927
21.875 71.125 2.0679
21.875 71.375 4.4758
21.875 71.625 4.7444
21.875 71.875 2.8422
21.875 72.125 2.2093
21.875 72.625 NaN
21.875 72.875 2.0122
21.875 73.125 2.1252
21.875 73.375 2.5066
21.875 73.625 2.0453
21.875 73.875 1.5414
21.875 74.125 1.7496
21.875 74.375 1.0841
21.875 74.625 0.77396
21.875 74.875 0.43051
21.875 75.125 0.83678
21.875 75.375 0.78251
21.875 75.625 1.0566
21.875 75.875 1.3916
21.875 76.125 1.4148
21.875 76.375 1.7275
21.875 76.625 1.9193
21.875 76.875 1.6079
21.875 77.125 0.70093
21.875 77.375 0.36951
21.875 77.625 0.20231
21.875 77.875 0.14275
21.875 78.125 -0.0079014
21.875 78.375 -0.10033
21.875 78.625 -0.27358
21.875 78.875 0.10663
21.875 79.125 -0.49371
21.875 79.375 -0.45044
21.875 79.625 -0.68796
21.875 79.875 -0.53165
21.875 80.125 0.29027
21.875 80.375 0.98379
21.875 80.625 0.65083
21.875 80.875 -0.20959
21.875 81.125 -0.94162
21.875 81.375 -0.82227
21.875 81.625 -0.30547
21.875 81.875 -0.96816
21.875 82.125 0.21301
21.875 82.375 -0.17335
21.875 82.625 -0.3571
21.875 82.875 0.049189
21.875 83.125 0.3585
21.875 83.375 0.95794
21.875 83.625 0.27642
21.875 83.875 1.5357
21.875 84.125 1.0265
21.875 84.375 2.0549
21.875 84.625 1.8307
21.875 84.875 2.206
21.875 85.125 2.0937
21.875 85.375 1.8445
21.875 85.625 0.44252
21.875 85.875 1.7882
21.875 86.125 0.42127
21.875 86.375 0.30866
21.875 86.625 -0.59267
21.875 86.875 -0.63185
21.875 87.125 -0.55198
21.875 87.375 -0.59728
21.875 87.625 0.14359
21.875 87.875 0.36002
21.875 88.375 0.55293
21.875 88.625 NaN
21.875 88.875 NaN
22.125 69.125 2.2063
22.125 69.375 1.6913
22.125 69.625 1.5525
22.125 69.875 1.3919
22.125 70.125 2.1865
22.125 70.375 2.5461
22.125 70.625 2.5986
22.125 70.875 2.2068
22.125 71.125 2.5089
22.125 71.375 4.5985
22.125 71.625 3.628
22.125 71.875 1.5401
22.125 72.125 2.4045
22.125 72.625 NaN
22.125 72.875 2.106
22.125 73.125 2.2448
22.125 73.375 2.8357
22.125 73.625 2.8076
22.125 73.875 3.1085
22.125 74.125 3.4929
22.125 74.375 1.9789
22.125 74.625 1.1838
22.125 74.875 0.60033
22.125 75.125 0.79786
22.125 75.375 0.41577
22.125 75.625 1.257
22.125 75.875 1.6027
22.125 76.125 0.59984
22.125 76.375 1.4677
22.125 76.625 2.3393
22.125 76.875 2.5567
22.125 77.125 1.2595
22.125 77.375 0.54263
22.125 77.625 0.53336
22.125 77.875 0.57808
22.125 78.125 0.0093526
22.125 78.375 -0.22007
22.125 78.625 -0.14076
22.125 78.875 0.023707
22.125 79.125 -0.40075
22.125 79.375 -0.17707
22.125 79.625 -0.027006
22.125 79.875 -0.23514
22.125 80.125 0.050188
22.125 80.375 0.57982
22.125 80.625 0.18568
22.125 80.875 -0.77882
22.125 81.125 -1.2783
22.125 81.375 -0.70556
22.125 81.625 -0.6492
22.125 81.875 -0.4557
22.125 82.125 0.026102
22.125 82.375 0.66498
22.125 82.625 -0.12504
22.125 82.875 -0.013396
22.125 83.125 -0.25952
22.125 83.375 -0.42071
22.125 83.625 1.1861
22.125 83.875 0.4707
22.125 84.125 1.0135
22.125 84.375 0.72141
22.125 84.625 1.2573
22.125 84.875 2.5295
22.125 85.125 2.0347
22.125 85.375 2.0602
22.125 85.625 1.6157
22.125 85.875 1.513
22.125 86.125 0.68786
22.125 86.375 0.60963
22.125 86.625 0.62132
22.125 86.875 0.11305
22.125 87.125 -0.014588
22.125 87.375 0.0035123
22.125 87.625 0.14968
22.125 87.875 0.19797
22.125 88.125 0.64938
22.125 88.375 0.53175
22.125 92.875 NaN
22.375 69.125 2.0358
22.375 69.875 1.4045
22.375 70.125 2.3801
22.375 70.375 2.0302
22.375 70.625 3.003
22.375 70.875 2.9932
22.375 71.125 3.9051
22.375 71.375 2.9622
22.375 71.625 1.6127
22.375 71.875 1.6291
22.375 72.125 3.3596
22.375 72.625 NaN
22.375 72.875 2.628
22.375 73.125 1.6464
22.375 73.375 1.7041
22.375 73.625 2.5708
22.375 73.875 5.1739
22.375 74.125 4.5943
22.375 74.375 3.2392
22.375 74.625 1.8144
22.375 74.875 1.2648
22.375 75.125 1.5261
22.375 75.375 1.6265
22.375 75.625 1.1042
22.375 75.875 1.1179
22.375 76.125 1.4837
22.375 76.375 2.185
22.375 76.625 2.0208
22.375 76.875 2.0422
22.375 77.125 1.7062
22.375 77.375 1.5749
22.375 77.625 1.2189
22.375 77.875 1.0454
22.375 78.125 0.66301
22.375 78.375 0.3186
22.375 78.625 -0.28341
22.375 78.875 -0.039007
22.375 79.125 0.12582
22.375 79.375 0.36178
22.375 79.625 0.49414
22.375 79.875 0.88384
22.375 80.125 1.4485
22.375 80.375 0.30071
22.375 80.625 -0.52775
22.375 80.875 -0.82545
22.375 81.125 -0.83455
22.375 81.375 -0.19777
22.375 81.625 -0.68139
22.375 81.875 -0.64136
22.375 82.125 0.073837
22.375 82.375 0.32175
22.375 82.625 -0.14631
22.375 82.875 -0.35198
22.375 83.125 -0.50157
22.375 83.375 -0.27152
22.375 83.625 -0.11304
22.375 83.875 1.268
22.375 84.125 2.1031
22.375 84.375 1.876
22.375 84.625 1.6015
22.375 84.875 2.7069
22.375 85.125 2.5026
22.375 85.375 2.9703
22.375 85.625 1.5353
22.375 85.875 1.797
22.375 86.125 2.2812
22.375 86.375 1.7666
22.375 86.625 1.1277
22.375 86.875 0.16792
22.375 87.125 0.14421
22.375 87.375 0.11221
22.375 87.625 -0.25951
22.375 87.875 -0.16344
22.375 88.125 -0.4674
22.375 88.375 0.032733
22.375 88.625 0.14503
22.375 88.875 0.29613
22.375 92.875 2.8606
22.625 70.375 2.904
22.625 70.625 2.7921
22.625 70.875 2.7618
22.625 71.125 2.7908
22.625 71.375 2.3287
22.625 71.625 1.5236
22.625 71.875 1.4696
22.625 72.125 2.2232
22.625 72.375 2.7836
22.625 72.625 3.4609
22.625 72.875 1.3041
22.625 73.125 1.0804
22.625 73.375 2.5472
22.625 73.625 0.89307
22.625 73.875 1.207
22.625 74.125 2.041
22.625 74.375 3.0851
22.625 74.625 2.3243
22.625 74.875 1.8842
22.625 75.125 1.9262
22.625 75.375 1.6717
22.625 75.625 1.0421
22.625 75.875 1.3087
22.625 76.125 1.9062
22.625 76.375 1.5991
22.625 76.625 1.9575
22.625 76.875 1.4642
22.625 77.125 1.4244
22.625 77.375 1.729
22.625 77.625 1.5834
22.625 77.875 1.5012
22.625 78.125 1.0712
22.625 78.375 0.093444
22.625 78.625 -0.14359
22.625 78.875 0.04305
22.625 79.125 0.37219
22.625 79.375 0.72131
22.625 79.625 0.6983
22.625 79.875 0.76594
22.625 80.125 0.93378
22.625 80.375 -0.15451
22.625 80.625 -0.93633
22.625 80.875 -0.72187
22.625 81.125 0.29627
22.625 81.375 0.043394
22.625 81.625 0.67515
22.625 81.875 -0.22128
22.625 82.125 -0.066525
22.625 82.375 -0.37806
22.625 82.625 -0.94162
22.625 82.875 -0.89895
22.625 83.125 -0.60939
22.625 83.375 0.22342
22.625 83.625 0.72316
22.625 83.875 0.73679
22.625 84.125 2.1711
22.625 84.375 1.9127
22.625 84.625 2.2986
22.625 84.875 2.9398
22.625 85.125 2.4562
22.625 85.375 2.6229
22.625 85.625 2.7474
22.625 85.875 2.4736
22.625 86.125 2.1439
22.625 86.375 2.1128
22.625 86.625 2.4535
22.625 86.875 1.5849
22.625 87.125 0.5361
22.625 87.375 0.44247
22.625 87.625 0.42556
22.625 87.875 0.33614
22.625 88.125 0.2221
22.625 88.375 0.12061
22.625 88.625 0.28215
22.625 88.875 0.42413
22.625 92.625 0.39971
22.625 92.875 2.2988
22.875 69.375 NaN
22.875 69.625 NaN
22.875 69.875 NaN
22.875 70.625 2.5259
22.875 70.875 2.127
22.875 71.125 1.6802
22.875 71.375 0.65672
22.875 71.625 1.1604
22.875 71.875 1.4322
22.875 72.125 0.99941
22.875 72.375 2.2093
22.875 72.625 4.1998
22.875 72.875 1.6508
22.875 73.125 1.699
22.875 73.375 2.8091
22.875 73.625 2.0414
22.875 73.875 1.9973
22.875 74.125 3.105
22.875 74.375 2.1222
22.875 74.625 2.1841
22.875 74.875 1.7607
22.875 75.125 1.1956
22.875 75.375 1.1613
22.875 75.625 1.1147
22.875 75.875 0.77588
22.875 76.125 1.9043
22.875 76.375 1.3201
22.875 76.625 2.3282
22.875 76.875 1.713
22.875 77.125 0.95542
22.875 77.375 -0.26785
22.875 77.625 0.99808
22.875 77.875 1.2793
22.875 78.125 1.6918
22.875 78.375 0.44892
22.875 78.625 -0.13967
22.875 78.875 -0.077198
22.875 79.125 -0.22219
22.875 79.375 -0.19086
22.875 79.625 0.054527
22.875 79.875 0.75316
22.875 80.125 0.71512
22.875 80.375 0.5452
22.875 80.625 -0.48884
22.875 80.875 -0.30907
22.875 81.125 0.26922
22.875 81.375 0.68284
22.875 81.625 -0.7544
22.875 81.875 -0.72608
22.875 82.125 0.077981
22.875 82.375 0.33909
22.875 82.625 -0.65412
22.875 82.875 -0.47564
22.875 83.125 -0.57134
22.875 83.375 0.79557
22.875 83.625 1.9982
22.875 83.875 1.7652
22.875 84.125 2.0628
22.875 84.375 2.056
22.875 84.625 2.866
22.875 84.875 2.9029
22.875 85.125 2.948
22.875 85.375 3.2056
22.875 85.625 2.1147
22.875 85.875 2.1928
22.875 86.125 1.2736
22.875 86.375 1.484
22.875 86.625 3.0347
22.875 86.875 3.2189
22.875 87.125 1.6894
22.875 87.375 1.0679
22.875 87.625 0.46552
22.875 87.875 -0.64781
22.875 88.125 0.67318
22.875 88.375 0.62469
22.875 88.625 0.45003
22.875 92.625 0.67201
22.875 92.875 1.7142
23.125 68.875 1.5083
23.125 69.125 1.79
23.125 69.375 1.6651
23.125 69.625 1.4118
23.125 69.875 1.9513
23.125 70.125 1.2682
23.125 70.875 2.2111
23.125 71.125 2.0646
23.125 71.375 1.1952
23.125 71.625 2.2475
23.125 71.875 1.6653
23.125 72.125 1.9435
23.125 72.375 1.8283
23.125 72.625 3.5209
23.125 72.875 2.3764
23.125 73.125 2.2033
23.125 73.375 3.4504
23.125 73.625 1.5408
23.125 73.875 1.7354
23.125 74.125 2.277
23.125 74.375 2.9325
23.125 74.625 4.2716
23.125 74.875 3.6042
23.125 75.125 2.7606
23.125 75.375 1.5596
23.125 75.625 0.68311
23.125 75.875 0.583
23.125 76.125 0.53729
23.125 76.375 1.0103
23.125 76.625 0.79509
23.125 76.875 0.38031
23.125 77.125 0.42565
23.125 77.375 0.70444
23.125 77.625 0.80406
23.125 77.875 0.88254
23.125 78.125 1.3074
23.125 78.375 0.70487
23.125 78.625 0.20448
23.125 78.875 0.037964
23.125 79.125 -0.25031
23.125 79.375 -0.25051
23.125 79.625 -0.12547
23.125 79.875 0.36428
23.125 80.125 0.56775
23.125 80.375 0.65727
23.125 80.625 0.16118
23.125 80.875 0.41929
23.125 81.125 0.47814
23.125 81.375 0.017024
23.125 81.625 0.15739
23.125 81.875 -0.87197
23.125 82.125 0.092118
23.125 82.375 0.45251
23.125 82.625 0.6741
23.125 82.875 0.21624
23.125 83.125 0.53673
23.125 83.375 2.1134
23.125 83.625 3.6369
23.125 83.875 2.9304
23.125 84.125 2.4633
23.125 84.375 3.6724
23.125 84.625 3.6769
23.125 84.875 3.6283
23.125 85.125 3.3549
23.125 85.375 3.5675
23.125 85.625 3.0284
23.125 85.875 2.479
23.125 86.125 2.5485
23.125 86.375 2.055
23.125 86.625 2.1744
23.125 86.875 2.3167
23.125 87.125 1.7148
23.125 87.375 1.9681
23.125 87.625 1.1769
23.125 87.875 -0.43493
23.125 88.125 -0.94508
23.125 88.375 -0.23716
23.125 88.625 -0.048548
23.125 91.625 NaN
23.125 92.625 0.3642
23.125 92.875 0.60611
23.125 93.125 NaN
23.375 68.875 1.7118
23.375 69.125 1.8303
23.375 69.375 2.0103
23.375 69.625 1.7729
23.375 69.875 1.4502
23.375 70.125 0.9641
23.375 70.375 0.40595
23.375 70.625 0.87056
23.375 70.875 1.3971
23.375 71.125 1.7913
23.375 71.375 1.8615
23.375 71.625 1.098
23.375 71.875 1.3883
23.375 72.125 1.8605
23.375 72.375 3.47
23.375 72.625 2.3215
23.375 72.875 3.6135
23.375 73.125 4.747
23.375 73.375 3.8871
23.375 73.625 1.3433
23.375 73.875 0.41093
23.375 74.125 2.3315
23.375 74.375 2.9234
23.375 74.625 4.823
23.375 74.875 4.1432
23.375 75.125 3.3085
23.375 75.375 2.2322
23.375 75.625 1.1968
23.375 75.875 0.57851
23.375 76.125 0.77116
23.375 76.375 1.463
23.375 76.625 1.0225
23.375 76.875 0.44413
23.375 77.125 -0.18763
23.375 77.375 0.62478
23.375 77.625 0.02307
23.375 77.875 0.50437
23.375 78.125 0.87384
23.375 78.375 0.44695
23.375 78.625 0.66083
23.375 78.875 0.45473
23.375 79.125 -0.017145
23.375 79.375 0.33354
23.375 79.625 0.34837
23.375 79.875 0.54053
23.375 80.125 0.10167
23.375 80.375 0.3918
23.375 80.625 -0.083189
23.375 80.875 0.011793
23.375 81.125 -0.1265
23.375 81.375 0.020685
23.375 81.625 0.23839
23.375 81.875 -0.12792
23.375 82.125 -0.12253
23.375 82.375 0.10414
23.375 82.625 0.15077
23.375 82.875 0.089859
23.375 83.125 0.95862
23.375 83.375 1.968
23.375 83.625 2.9329
23.375 83.875 2.4956
23.375 84.125 3.4518
23.375 84.375 4.4121
23.375 84.625 3.5092
23.375 84.875 1.8073
23.375 85.125 2.5335
23.375 85.375 1.6539
23.375 85.625 1.8353
23.375 85.875 1.2613
23.375 86.125 1.8496
23.375 86.375 1.5168
23.375 86.625 1.3115
23.375 86.875 1.0003
23.375 87.125 1.4476
23.375 87.375 0.61825
23.375 87.625 1.1784
23.375 87.875 -0.67048
23.375 88.125 -1.079
23.375 88.375 -0.70835
23.375 88.625 -0.43887
23.375 91.375 -0.89446
23.375 91.625 -0.9263
23.375 92.625 0.33957
23.375 92.875 0.26272
23.375 93.125 -0.70507
23.625 68.625 0.70828
23.625 68.875 1.0924
23.625 69.125 1.4543
23.625 69.375 1.6298
23.625 69.625 1.7552
23.625 69.875 1.2336
23.625 70.125 0.87071
23.625 70.375 0.60371
23.625 70.625 0.76772
23.625 70.875 1.0468
23.625 71.125 1.2993
23.625 71.375 1.255
23.625 71.625 1.2964
23.625 71.875 1.2587
23.625 72.125 2.1001
23.625 72.375 1.7199
23.625 72.625 3.3221
23.625 72.875 3.3696
23.625 73.125 2.0947
23.625 73.375 1.6939
23.625 73.625 2.0597
23.625 73.875 2.0468
23.625 74.125 1.8509
23.625 74.375 2.7079
23.625 74.625 3.7725
23.625 74.875 3.2742
23.625 75.125 1.9229
23.625 75.375 2.6919
23.625 75.625 1.5083
23.625 75.875 1.0632
23.625 76.125 1.2086
23.625 76.375 2.5517
23.625 76.625 2.6913
23.625 76.875 1.6012
23.625 77.125 0.3386
23.625 77.375 0.20532
23.625 77.625 -0.21895
23.625 77.875 0.27364
23.625 78.125 -0.0014636
23.625 78.375 -0.15835
23.625 78.625 0.57085
23.625 78.875 0.57986
23.625 79.125 0.28552
23.625 79.375 0.43979
23.625 79.625 0.50971
23.625 79.875 0.87528
23.625 80.125 0.14003
23.625 80.375 0.52518
23.625 80.625 -0.3456
23.625 80.875 -0.23621
23.625 81.125 0.12357
23.625 81.375 0.2803
23.625 81.625 0.48009
23.625 81.875 0.24554
23.625 82.125 0.086216
23.625 82.375 0.44305
23.625 82.625 1.6881
23.625 82.875 2.1805
23.625 83.125 1.2078
23.625 83.375 1.0842
23.625 83.625 1.6857
23.625 83.875 2.3426
23.625 84.125 2.701
23.625 84.375 3.7402
23.625 84.625 2.5889
23.625 84.875 2.0938
23.625 85.125 1.1474
23.625 85.375 1.8891
23.625 85.625 1.2831
23.625 85.875 2.2583
23.625 86.125 -0.24452
23.625 86.375 1.2446
23.625 86.625 1.2321
23.625 86.875 0.45338
23.625 87.125 0.15714
23.625 87.375 0.49031
23.625 87.625 -0.05763
23.625 87.875 -0.50985
23.625 88.125 -0.94193
23.625 88.375 -1.1068
23.625 91.375 -0.9105
23.625 91.625 -1.0601
23.625 91.875 NaN
23.625 92.375 0.33916
23.625 92.625 0.35972
23.625 92.875 -0.17792
23.625 93.125 -0.72247
23.875 68.875 0.86207
23.875 69.125 1.1918
23.875 69.375 1.4973
23.875 69.625 1.8081
23.875 69.875 1.1514
23.875 70.125 0.79712
23.875 70.375 0.605
23.875 70.625 0.69864
23.875 70.875 0.88396
23.875 71.125 0.64192
23.875 71.375 0.87585
23.875 71.625 2.2964
23.875 71.875 2.1355
23.875 72.125 2.2764
23.875 72.375 2.1535
23.875 72.625 3.9357
23.875 72.875 4.4158
23.875 73.125 2.919
23.875 73.375 3.6121
23.875 73.625 2.1059
23.875 73.875 2.5767
23.875 74.125 1.7057
23.875 74.375 1.2651
23.875 74.625 0.97611
23.875 74.875 2.6902
23.875 75.125 2.5826
23.875 75.375 1.8441
23.875 75.625 1.5923
23.875 75.875 1.3041
23.875 76.125 1.1673
23.875 76.375 1.3119
23.875 76.625 3.6119
23.875 76.875 2.9879
23.875 77.125 0.922
23.875 77.375 0.78514
23.875 77.625 0.12063
23.875 77.875 0.24751
23.875 78.125 0.12326
23.875 78.375 0.071592
23.875 78.625 0.36643
23.875 78.875 0.5269
23.875 79.125 0.62808
23.875 79.375 0.77132
23.875 79.625 0.70411
23.875 79.875 0.74441
23.875 80.125 0.5689
23.875 80.375 0.25933
23.875 80.625 -0.054548
23.875 80.875 0.10072
23.875 81.125 0.37324
23.875 81.375 0.38398
23.875 81.625 0.63555
23.875 81.875 -0.14317
23.875 82.125 0.40726
23.875 82.375 0.68869
23.875 82.625 1.63
23.875 82.875 1.4388
23.875 83.125 0.95285
23.875 83.375 0.64216
23.875 83.625 1.2526
23.875 83.875 2.344
23.875 84.125 3.4109
23.875 84.375 2.6464
23.875 84.625 2.0842
23.875 84.875 1.6165
23.875 85.125 0.80708
23.875 85.375 0.82158
23.875 85.625 0.65017
23.875 85.875 0.8448
23.875 86.125 0.66243
23.875 86.375 1.6933
23.875 86.625 1.6529
23.875 86.875 1.5869
23.875 87.125 0.42778
23.875 87.375 0.35936
23.875 87.625 -0.19695
23.875 87.875 -0.59256
23.875 88.125 -0.65905
23.875 88.375 -0.90523
23.875 91.375 -1.0583
23.875 91.625 -0.74438
23.875 91.875 0.16021
23.875 92.125 0.22375
23.875 92.375 0.30422
23.875 92.625 0.57021
23.875 92.875 -0.76131
23.875 93.125 -1.0705
23.875 93.375 -1.1155
24.125 68.875 0.80014
24.125 69.125 1.0012
24.125 69.375 1.4364
24.125 69.625 1.7764
24.125 69.875 1.0581
24.125 70.125 0.67766
24.125 70.375 0.55339
24.125 70.625 0.45894
24.125 70.875 0.47433
24.125 71.125 0.49751
24.125 71.375 0.27397
24.125 71.625 1.1364
24.125 71.875 1.0842
24.125 72.125 1.6391
24.125 72.375 3.5251
24.125 72.625 3.9544
24.125 72.875 2.9123
24.125 73.125 2.7933
24.125 73.375 2.6825
24.125 73.625 2.0224
24.125 73.875 2.6382
24.125 74.125 2.1275
24.125 74.375 1.5042
24.125 74.625 1.4051
24.125 74.875 1.878
24.125 75.125 1.5646
24.125 75.375 1.9667
24.125 75.625 1.5619
24.125 75.875 1.0783
24.125 76.125 2.0502
24.125 76.375 1.4081
24.125 76.625 1.7709
24.125 76.875 2.614
24.125 77.125 1.5984
24.125 77.375 1.2167
24.125 77.625 1.8619
24.125 77.875 1.7032
24.125 78.125 0.40414
24.125 78.375 0.46222
24.125 78.625 0.74289
24.125 78.875 0.88367
24.125 79.125 0.97754
24.125 79.375 1.1491
24.125 79.625 0.34021
24.125 79.875 0.5537
24.125 80.125 -0.13941
24.125 80.375 -0.25919
24.125 80.625 -0.43397
24.125 80.875 -0.30534
24.125 81.125 0.022905
24.125 81.375 0.14118
24.125 81.625 0.27972
24.125 81.875 0.24984
24.125 82.125 0.41488
24.125 82.375 0.71349
24.125 82.625 0.53339
24.125 82.875 0.24929
24.125 83.125 0.52135
24.125 83.375 0.059546
24.125 83.625 0.86658
24.125 83.875 1.8083
24.125 84.125 2.3972
24.125 84.375 2.032
24.125 84.625 1.5433
24.125 84.875 1.0445
24.125 85.125 0.20349
24.125 85.375 0.6143
24.125 85.625 -0.20336
24.125 85.875 0.35227
24.125 86.125 0.85413
24.125 86.375 0.86025
24.125 86.625 1.0142
24.125 86.875 0.94922
24.125 87.125 0.71046
24.125 87.375 0.0993
24.125 87.625 -0.11846
24.125 87.875 -0.44456
24.125 88.125 -0.36715
24.125 88.375 -0.66787
24.125 91.875 0.42908
24.125 92.125 0.85175
24.125 92.375 0.55393
24.125 92.625 0.25336
24.125 92.875 -0.52174
24.125 93.125 -1.0262
24.125 93.375 -1.1482
24.125 93.625 -1.0321
24.125 93.875 -0.81996
24.125 94.125 NaN
24.375 71.375 0.28859
24.375 71.625 0.83168
24.375 71.875 1.1497
24.375 72.125 1.8637
24.375 72.375 2.6648
24.375 72.625 2.2956
24.375 72.875 2.1672
24.375 73.125 2.9436
24.375 73.375 3.3298
24.375 73.625 2.8424
24.375 73.875 2.7229
24.375 74.125 2.4036
24.375 74.375 3.3914
24.375 74.625 3.2302
24.375 74.875 2.5845
24.375 75.125 2.0223
24.375 75.375 2.53
24.375 75.625 3.4272
24.375 75.875 3.4182
24.375 76.125 2.4855
24.375 76.375 2.2562
24.375 76.625 2.3876
24.375 76.875 1.6571
24.375 77.125 2.01
24.375 77.375 1.8356
24.375 77.625 3.6252
24.375 77.875 3.8392
24.375 78.125 1.3488
24.375 78.375 1.4923
24.375 78.625 1.1111
24.375 78.875 1.6002
24.375 79.125 1.3723
24.375 79.375 0.646
24.375 79.625 0.80379
24.375 79.875 0.49911
24.375 80.125 -0.41744
24.375 80.375 0.45838
24.375 80.625 -0.50403
24.375 80.875 -0.36585
24.375 81.125 0.38735
24.375 81.375 0.21949
24.375 81.625 0.35612
24.375 81.875 1.0107
24.375 82.125 0.64288
24.375 82.375 0.89418
24.375 82.625 0.6457
24.375 82.875 0.51843
24.375 83.125 0.68124
24.375 83.375 0.55802
24.375 83.625 0.19994
24.375 83.875 0.61212
24.375 84.125 0.65377
24.375 84.375 1.5533
24.375 84.625 1.4236
24.375 84.875 0.71377
24.375 85.125 0.68338
24.375 85.375 0.52114
24.375 85.625 0.087733
24.375 85.875 0.022645
24.375 86.125 0.19826
24.375 86.375 0.14886
24.375 86.625 0.64755
24.375 86.875 0.49996
24.375 87.125 0.031761
24.375 87.375 1.1997
24.375 87.625 0.28306
24.375 87.875 -0.13618
24.375 88.125 -0.40369
24.375 92.375 0.079258
24.375 92.625 -0.19245
24.375 92.875 -0.74988
24.375 93.125 -0.82626
24.375 93.375 -0.61914
24.375 93.625 -0.68032
24.375 93.875 -0.5311
24.375 94.125 0.0073572
24.625 71.125 0.040227
24.625 71.375 0.46796
24.625 71.625 0.90435
24.625 71.875 1.8965
24.625 72.125 1.8582
24.625 72.375 1.441
24.625 72.625 2.7217
24.625 72.875 1.3185
24.625 73.125 2.0575
24.625 73.375 2.7114
24.625 73.625 3.3095
24.625 73.875 3.583
24.625 74.125 4.0305
24.625 74.375 4.4644
24.625 74.625 4.4721
24.625 74.875 2.4311
24.625 75.125 2.5661
24.625 75.375 3.3255
24.625 75.625 3.6221
24.625 75.875 2.6965
24.625 76.125 2.8209
24.625 76.375 3.5224
24.625 76.625 3.1756
24.625 76.875 2.2812
24.625 77.125 2.6595
24.625 77.375 3.0988
24.625 77.625 2.6222
24.625 77.875 3.6768
24.625 78.125 1.3085
24.625 78.375 1.7063
24.625 78.625 0.71078
24.625 78.875 1.1032
24.625 79.125 1.3407
24.625 79.375 0.51388
24.625 79.625 0.64452
24.625 79.875 1.0871
24.625 80.125 0.64414
24.625 80.375 0.25901
24.625 80.625 -0.20033
24.625 80.875 0.094901
24.625 81.125 -0.58921
24.625 81.375 1.1271
24.625 81.625 0.88996
24.625 81.875 1.1945
24.625 82.125 0.37857
24.625 82.375 1.0342
24.625 82.625 0.42594
24.625 82.875 0.45203
24.625 83.125 0.63196
24.625 83.375 0.3682
24.625 83.625 0.58343
24.625 83.875 0.51579
24.625 84.125 -0.16207
24.625 84.375 0.40464
24.625 84.625 1.039
24.625 84.875 0.54187
24.625 85.125 0.49012
24.625 85.375 0.72116
24.625 85.625 0.2286
24.625 85.875 0.20499
24.625 86.125 0.39703
24.625 86.375 0.23728
24.625 86.625 0.82104
24.625 86.875 0.63996
24.625 87.125 0.41492
24.625 87.375 0.5054
24.625 87.625 0.53875
24.625 87.875 0.19556
24.625 92.375 0.16402
24.625 92.625 -0.43683
24.625 92.875 -0.76645
24.625 93.125 -0.33035
24.625 93.375 -0.19109
24.625 93.625 -0.10272
24.625 93.875 0.50926
24.625 94.125 0.5826
24.625 94.375 NaN
24.875 71.125 0.10978
24.875 71.375 0.29278
24.875 71.625 0.94631
24.875 71.875 1.0595
24.875 72.125 1.0535
24.875 72.375 0.93986
24.875 72.625 1.6264
24.875 72.875 1.2362
24.875 73.125 1.1493
24.875 73.375 2.2674
24.875 73.625 2.9903
24.875 73.875 3.3887
24.875 74.125 3.0362
24.875 74.375 4.1661
24.875 74.625 3.8912
24.875 74.875 1.9607
24.875 75.125 3.3887
24.875 75.375 2.8741
24.875 75.625 2.0246
24.875 75.875 1.9508
24.875 76.125 2.898
24.875 76.375 4.5768
24.875 76.625 5.101
24.875 76.875 5.0265
24.875 77.125 4.3789
24.875 77.375 4.2953
24.875 77.625 2.67
24.875 77.875 1.7069
24.875 78.125 2.0507
24.875 78.375 2.7838
24.875 78.625 1.4812
24.875 78.875 2.0365
24.875 79.125 1.2256
24.875 79.375 0.59994
24.875 79.625 0.29167
24.875 79.875 1.898
24.875 80.125 0.99417
24.875 80.375 0.30837
24.875 80.625 0.32457
24.875 80.875 0.32377
24.875 81.125 -0.57341
24.875 81.375 -0.47144
24.875 81.625 -0.24133
24.875 81.875 -0.28868
24.875 82.125 -0.42644
24.875 82.375 -0.71646
24.875 82.625 -0.73041
24.875 82.875 -0.62667
24.875 83.125 -0.27283
24.875 83.375 -0.35691
24.875 83.625 0.20421
24.875 83.875 0.11404
24.875 84.125 -0.51771
24.875 84.375 -1.0069
24.875 84.625 -0.67894
24.875 84.875 0.19055
24.875 85.125 0.93147
24.875 85.375 -0.47206
24.875 85.625 0.39573
24.875 85.875 0.80494
24.875 86.125 0.24423
24.875 86.375 0.47117
24.875 86.625 0.78477
24.875 86.875 0.54895
24.875 87.125 0.38248
24.875 87.375 0.070913
24.875 87.625 0.31464
24.875 87.875 0.29374
24.875 88.125 0.38403
24.875 92.625 -0.24015
24.875 92.875 -0.42949
24.875 93.125 -0.081384
24.875 93.375 0.15658
24.875 93.625 0.76351
24.875 93.875 1.0564
24.875 94.125 0.97447
24.875 94.375 0.9909
25.125 71.125 0.10585
25.125 71.375 0.19015
25.125 71.625 0.82111
25.125 71.875 0.58544
25.125 72.125 0.52666
25.125 72.375 0.81406
25.125 72.625 0.99751
25.125 72.875 1.1794
25.125 73.125 1.4448
25.125 73.375 2.7033
25.125 73.625 3.8012
25.125 73.875 3.7322
25.125 74.125 3.7187
25.125 74.375 5.1234
25.125 74.625 4.767
25.125 74.875 4.5644
25.125 75.125 4.5378
25.125 75.375 4.1242
25.125 75.625 3.7746
25.125 75.875 1.2935
25.125 76.125 3.2869
25.125 76.375 4.6591
25.125 76.625 4.875
25.125 76.875 5.2555
25.125 77.125 3.8739
25.125 77.375 3.3161
25.125 77.625 2.7248
25.125 77.875 2.7192
25.125 78.125 2.072
25.125 78.375 1.5551
25.125 78.625 0.93775
25.125 78.875 0.48412
25.125 79.125 0.49698
25.125 79.375 0.21972
25.125 79.625 0.89985
25.125 79.875 2.1405
25.125 80.125 0.14936
25.125 80.375 0.79357
25.125 80.625 0.26727
25.125 80.875 0.26198
25.125 81.125 -0.27639
25.125 81.375 0.40785
25.125 81.625 -0.62628
25.125 81.875 -0.30727
25.125 82.125 -0.41259
25.125 82.375 -0.53838
25.125 82.625 -0.63556
25.125 82.875 -0.73203
25.125 83.125 -0.45571
25.125 83.375 -0.59089
25.125 83.625 -0.12095
25.125 83.875 -0.48344
25.125 84.125 -0.46959
25.125 84.375 -0.73275
25.125 84.625 -0.55623
25.125 84.875 0.088323
25.125 85.125 0.25494
25.125 85.375 0.25098
25.125 85.625 0.039261
25.125 85.875 -0.22728
25.125 86.125 -0.32413
25.125 86.375 -0.24787
25.125 86.625 -0.18125
25.125 86.875 -0.62062
25.125 87.125 -0.49108
25.125 87.375 -0.25548
25.125 87.625 0.16216
25.125 87.875 0.038026
25.125 88.125 0.15755
25.125 88.375 0.10445
25.125 92.375 -0.62992
25.125 92.625 -0.26197
25.125 92.875 -0.012192
25.125 93.125 0.41057
25.125 93.375 0.83081
25.125 93.625 0.89498
25.125 93.875 0.68602
25.125 94.125 0.62627
25.125 94.375 0.52311
25.375 70.875 0.67669
25.375 71.125 1.1263
25.375 71.375 1.2655
25.375 71.625 2.2657
25.375 71.875 1.6068
25.375 72.125 0.74176
25.375 72.375 0.81384
25.375 72.625 0.97246
25.375 72.875 1.4403
25.375 73.125 2.0262
25.375 73.375 3.0205
25.375 73.625 2.4652
25.375 73.875 2.4565
25.375 74.125 3.2486
25.375 74.375 3.8704
25.375 74.625 4.713
25.375 74.875 3.972
25.375 75.125 3.3205
25.375 75.375 4.189
25.375 75.625 4.1422
25.375 75.875 2.3918
25.375 76.125 4.3613
25.375 76.375 3.109
25.375 76.625 2.8749
25.375 76.875 2.3806
25.375 77.125 2.7153
25.375 77.375 2.0312
25.375 77.625 3.4879
25.375 77.875 3.3158
25.375 78.125 2.3392
25.375 78.375 1.7994
25.375 78.625 0.23225
25.375 78.875 -1.1203
25.375 79.125 -0.49288
25.375 79.375 0.65796
25.375 79.625 0.7427
25.375 79.875 1.4016
25.375 80.125 1.14
25.375 80.375 -0.15082
25.375 80.625 0.022302
25.375 80.875 -0.32994
25.375 81.125 0.0032461
25.375 81.375 0.90244
25.375 81.625 -0.40769
25.375 81.875 -0.75608
25.375 82.125 -0.67957
25.375 82.375 -0.82349
25.375 82.625 -0.89595
25.375 82.875 -1.2176
25.375 83.125 -0.45122
25.375 83.375 -0.14481
25.375 83.625 0.27218
25.375 83.875 -0.28454
25.375 84.125 -0.56815
25.375 84.375 -0.87525
25.375 84.625 -0.7237
25.375 84.875 -0.5607
25.375 85.125 -0.43851
25.375 85.375 -0.51747
25.375 85.625 -0.36481
25.375 85.875 0.046655
25.375 86.125 -0.34676
25.375 86.375 0.090691
25.375 86.625 0.11625
25.375 86.875 -0.18451
25.375 87.125 -0.42745
25.375 87.375 -0.27116
25.375 87.625 0.17806
25.375 87.875 0.055782
25.375 88.125 0.061347
25.375 88.375 -0.047684
25.375 88.625 -0.66326
25.375 90.125 0.42153
25.375 90.375 0.21788
25.375 90.625 0.24231
25.375 90.875 0.15055
25.375 91.125 0.26054
25.375 91.375 0.84335
25.375 91.625 -0.33388
25.375 91.875 -0.32962
25.375 92.125 -0.48915
25.375 92.375 0.1212
25.375 92.625 0.18152
25.375 92.875 0.46042
25.375 93.125 0.3784
25.375 93.375 0.456
25.375 93.625 0.39878
25.375 93.875 0.36996
25.375 94.125 0.12631
25.375 94.375 0.24062
25.625 70.875 0.64865
25.625 71.125 1.3439
25.625 71.375 1.7643
25.625 71.625 2.2468
25.625 71.875 2.2952
25.625 72.125 1.3358
25.625 72.375 1.1451
25.625 72.625 1.3614
25.625 72.875 1.7326
25.625 73.125 2.0187
25.625 73.375 2.7824
25.625 73.625 3.1909
25.625 73.875 2.8754
25.625 74.125 3.1702
25.625 74.375 2.6982
25.625 74.625 4.98
25.625 74.875 3.0855
25.625 75.125 2.2465
25.625 75.375 2.9037
25.625 75.625 3.9027
25.625 75.875 3.7563
25.625 76.125 2.7398
25.625 76.375 2.3852
25.625 76.625 1.6869
25.625 76.875 1.0659
25.625 77.125 0.95944
25.625 77.375 2.5581
25.625 77.625 3.5661
25.625 77.875 2.1414
25.625 78.125 1.6188
25.625 78.375 0.46021
25.625 78.625 0.22659
25.625 78.875 -0.37707
25.625 79.125 0.90935
25.625 79.375 1.318
25.625 79.625 1.5662
25.625 79.875 1.517
25.625 80.125 1.2387
25.625 80.375 -0.42249
25.625 80.625 -1.0943
25.625 80.875 -1.1594
25.625 81.125 -0.93192
25.625 81.375 -0.52665
25.625 81.625 -0.16568
25.625 81.875 0.19079
25.625 82.125 -0.69347
25.625 82.375 -0.89753
25.625 82.625 -0.91753
25.625 82.875 -1.1914
25.625 83.125 -0.57736
25.625 83.375 -0.84575
25.625 83.625 -0.21725
25.625 83.875 -0.57722
25.625 84.125 -0.96978
25.625 84.375 -0.92469
25.625 84.625 -0.7425
25.625 84.875 -0.67467
25.625 85.125 -0.94277
25.625 85.375 -0.81491
25.625 85.625 0.027827
25.625 85.875 -0.57114
25.625 86.125 -1.0469
25.625 86.375 -0.90179
25.625 86.625 -1.3099
25.625 86.875 -0.81321
25.625 87.125 -0.61514
25.625 87.375 -0.052337
25.625 87.625 -0.045044
25.625 87.875 -0.27847
25.625 88.125 -0.51611
25.625 90.125 0.70493
25.625 90.375 0.6389
25.625 90.625 0.14614
25.625 90.875 0.46086
25.625 91.125 1.5678
25.625 91.375 0.31283
25.625 91.625 -0.14299
25.625 91.875 -0.13633
25.625 92.125 0.2626
25.625 92.375 0.52175
25.625 92.625 0.34859
25.625 92.875 0.52247
25.625 93.125 -0.17354
25.625 93.375 0.16706
25.625 93.625 0.0087404
25.625 93.875 0.06637
25.625 94.125 0.27494
25.625 94.375 0.2477
25.625 94.625 NaN
25.625 94.875 NaN
25.875 70.375 0.52325
25.875 70.625 0.68921
25.875 70.875 1.3483
25.875 71.125 1.4928
25.875 71.375 1.6236
25.875 71.625 1.753
25.875 71.875 2.303
25.875 72.125 2.2688
25.875 72.375 1.6491
25.875 72.625 1.2882
25.875 72.875 1.4365
25.875 73.125 2.1627
25.875 73.375 2.7686
25.875 73.625 2.8305
25.875 73.875 3.2844
25.875 74.125 2.45
25.875 74.375 2.2948
25.875 74.625 2.2187
25.875 74.875 2.4255
25.875 75.125 2.5535
25.875 75.375 2.5559
25.875 75.625 3.2029
25.875 75.875 3.7948
25.875 76.125 2.3749
25.875 76.375 1.8616
25.875 76.625 1.6008
25.875 76.875 1.6993
25.875 77.125 1.7603
25.875 77.375 2.725
25.875 77.625 2.8198
25.875 77.875 1.8763
25.875 78.125 2.1907
25.875 78.375 1.2305
25.875 78.625 1.389
25.875 78.875 0.72864
25.875 79.125 0.74584
25.875 79.375 0.3878
25.875 79.625 0.43187
25.875 79.875 0.75209
25.875 80.125 0.20585
25.875 80.375 -0.97621
25.875 80.625 -1.0244
25.875 80.875 -1.115
25.875 81.125 -0.8675
25.875 81.375 -0.18365
25.875 81.625 -0.14298
25.875 81.875 0.017951
25.875 82.125 -0.7675
25.875 82.375 -0.21074
25.875 82.625 -0.96028
25.875 82.875 -0.70302
25.875 83.125 -0.78375
25.875 83.375 -1.249
25.875 83.625 -0.68766
25.875 83.875 -0.68083
25.875 84.125 -0.43151
25.875 84.375 -1.1762
25.875 84.625 -1.5411
25.875 84.875 -1.0556
25.875 85.125 -1.0949
25.875 85.375 -0.75635
25.875 85.625 -0.32014
25.875 85.875 -0.73325
25.875 86.125 -0.20912
25.875 86.375 -0.644
25.875 86.625 -0.8578
25.875 86.875 -0.14048
25.875 87.125 0.092969
25.875 87.375 -0.36521
25.875 87.625 -0.74489
25.875 87.875 -0.81896
25.875 90.125 -0.50419
25.875 90.375 -0.39035
25.875 90.625 -0.066363
25.875 90.875 0.04831
25.875 91.125 -0.26762
25.875 91.375 -0.27599
25.875 91.625 0.038365
25.875 91.875 -0.3859
25.875 92.125 -0.58499
25.875 92.375 -0.23774
25.875 92.625 0.040529
25.875 92.875 0.4594
25.875 93.125 -0.73543
25.875 93.375 -0.89441
25.875 93.625 -0.44195
25.875 93.875 0.31254
25.875 94.125 0.29718
25.875 94.375 0.17684
25.875 94.625 0.1452
25.875 94.875 -0.18832
26.125 70.375 0.84192
26.125 70.625 1.0626
26.125 70.875 1.3707
26.125 71.125 1.1959
26.125 71.375 1.5909
26.125 71.625 2.1798
26.125 71.875 2.5281
26.125 72.125 2.3519
26.125 72.375 2.2976
26.125 72.625 1.517
26.125 72.875 1.2166
26.125 73.125 2.0949
26.125 73.375 2.6784
26.125 73.625 2.2661
26.125 73.875 2.7058
26.125 74.125 2.0736
26.125 74.375 2.3508
26.125 74.625 2.4083
26.125 74.875 2.3593
26.125 75.125 3.2487
26.125 75.375 3.4431
26.125 75.625 4.1633
26.125 75.875 3.2916
26.125 76.125 2.763
26.125 76.375 2.1581
26.125 76.625 2.7752
26.125 76.875 2.2157
26.125 77.125 3.0215
26.125 77.375 2.5155
26.125 77.625 2.9515
26.125 77.875 2.725
26.125 78.125 2.1991
26.125 78.375 2.8698
26.125 78.625 2.6245
26.125 78.875 0.78262
26.125 79.125 -0.033852
26.125 79.375 0.68338
26.125 79.625 -0.55673
26.125 79.875 -0.55286
26.125 80.125 -0.029473
26.125 80.375 -0.75946
26.125 80.625 -1.2263
26.125 80.875 0.14802
26.125 81.125 0.20629
26.125 81.375 -1.0258
26.125 81.625 -0.18947
26.125 81.875 -0.65639
26.125 82.125 -1.0555
26.125 82.375 -0.81581
26.125 82.625 -0.6668
26.125 82.875 -0.52954
26.125 83.125 -0.69523
26.125 83.375 -1.2295
26.125 83.625 -1.1453
26.125 83.875 -0.28439
26.125 84.125 -0.41242
26.125 84.375 -1.1328
26.125 84.625 -1.1539
26.125 84.875 -1.2883
26.125 85.125 -0.76477
26.125 85.375 -1.1858
26.125 85.625 -1.0114
26.125 85.875 0.055848
26.125 86.125 -0.52338
26.125 86.375 -0.36002
26.125 86.625 0.18498
26.125 86.875 0.6202
26.125 87.125 0.17587
26.125 87.375 0.37221
26.125 87.625 -0.46526
26.125 87.875 -0.62583
26.125 88.125 -0.69982
26.125 89.375 -0.4304
26.125 89.875 0.010216
26.125 90.125 -0.70143
26.125 90.375 -0.59971
26.125 90.625 -0.36362
26.125 90.875 -0.48318
26.125 91.125 -0.5983
26.125 91.375 -0.1982
26.125 91.625 -0.63322
26.125 91.875 -0.57439
26.125 92.125 -0.48108
26.125 92.375 -0.17659
26.125 92.625 0.1077
26.125 92.875 0.0066043
26.125 93.125 -0.50344
26.125 93.375 0.62254
26.125 93.625 0.42292
26.125 93.875 0.9729
26.125 94.125 0.55801
26.125 94.375 0.093157
26.125 94.625 0.10146
26.125 94.875 0.13153
26.375 70.375 1.079
26.375 70.625 0.88876
26.375 70.875 0.9928
26.375 71.125 0.94456
26.375 71.375 1.6138
26.375 71.625 2.4477
26.375 71.875 2.6294
26.375 72.125 2.4373
26.375 72.375 2.1287
26.375 72.625 1.251
26.375 72.875 1.2956
26.375 73.125 2.4965
26.375 73.375 2.9423
26.375 73.625 2.1055
26.375 73.875 2.0116
26.375 74.125 2.0362
26.375 74.375 1.703
26.375 74.625 0.049492
26.375 74.875 1.3557
26.375 75.125 2.9067
26.375 75.375 3.4159
26.375 75.625 4.6915
26.375 75.875 3.686
26.375 76.125 2.6831
26.375 76.375 2.55
26.375 76.625 3.9825
26.375 76.875 2.8139
26.375 77.125 0.72722
26.375 77.375 2.6723
26.375 77.625 2.7335
26.375 77.875 1.9178
26.375 78.125 1.4997
26.375 78.375 1.0806
26.375 78.625 2.1432
26.375 78.875 1.4932
26.375 79.125 0.64415
26.375 79.375 -0.66499
26.375 79.625 -0.8393
26.375 79.875 0.60504
26.375 80.125 0.69031
26.375 80.375 -0.49793
26.375 80.625 -0.72715
26.375 80.875 -0.32416
26.375 81.125 -0.68671
26.375 81.375 -1.002
26.375 81.625 -1.0223
26.375 81.875 -0.77707
26.375 82.125 -0.75187
26.375 82.375 -0.44774
26.375 82.625 -0.22658
26.375 82.875 0.046689
26.375 83.125 -0.024182
26.375 83.375 -0.80405
26.375 83.625 -0.89293
26.375 83.875 -0.70445
26.375 84.125 -0.42313
26.375 84.375 -0.7156
26.375 84.625 -0.92096
26.375 84.875 -0.71828
26.375 85.125 -1.1363
26.375 85.375 -1.158
26.375 85.625 -0.6813
26.375 85.875 -0.58828
26.375 86.125 -0.77679
26.375 86.375 -1.1567
26.375 86.625 -1.0831
26.375 86.875 0.10031
26.375 87.125 -0.28228
26.375 87.625 -1.4257
26.375 87.875 -0.60016
26.375 88.125 -0.30992
26.375 88.375 -0.67633
26.375 88.875 -0.40922
26.375 89.375 -0.57526
26.375 89.625 -0.088965
26.375 89.875 0.0017088
26.375 90.125 -0.47819
26.375 90.375 -0.5523
26.375 90.625 -0.83675
26.375 90.875 -0.86999
26.375 91.125 -1.1792
26.375 91.375 -0.72049
26.375 91.625 -0.65261
26.375 91.875 -0.29267
26.375 92.125 -0.22583
26.375 92.375 0.11284
26.375 92.625 0.05836
26.375 92.875 -0.061334
26.375 93.125 -0.5253
26.375 93.375 -0.5048
26.375 93.625 -0.39342
26.375 93.875 0.20749
26.375 94.125 0.36076
26.375 94.375 0.22596
26.375 94.625 0.07167
26.375 94.875 0.43018
26.625 69.875 0.85738
26.625 70.125 1.0509
26.625 70.375 1.2754
26.625 70.625 0.54287
26.625 70.875 0.30922
26.625 71.125 0.33324
26.625 71.375 1.4379
26.625 71.625 2.0671
26.625 71.875 2.033
26.625 72.125 1.3542
26.625 72.375 0.9087
26.625 72.625 0.9278
26.625 72.875 1.2086
26.625 73.125 1.8266
26.625 73.375 1.8709
26.625 73.625 1.5428
26.625 73.875 1.808
26.625 74.125 1.4695
26.625 74.375 2.9037
26.625 74.625 2.2289
26.625 74.875 2.9973
26.625 75.125 2.074
26.625 75.375 3.8347
26.625 75.625 3.8518
26.625 75.875 1.7158
26.625 76.125 3.2653
26.625 76.375 3.9433
26.625 76.625 2.4264
26.625 76.875 2.2098
26.625 77.125 1.4588
26.625 77.375 2.1756
26.625 77.625 2.6591
26.625 77.875 1.488
26.625 78.125 1.9536
26.625 78.375 2.1045
26.625 78.625 2.0961
26.625 78.875 0.99817
26.625 79.125 -0.23868
26.625 79.375 0.20817
26.625 79.625 0.14139
26.625 79.875 0.35476
26.625 80.125 0.27199
26.625 80.375 -0.034574
26.625 80.625 0.016351
26.625 80.875 -0.46658
26.625 81.125 -0.59082
26.625 81.375 -0.82216
26.625 81.625 -0.79598
26.625 81.875 -0.13662
26.625 82.125 0.4264
26.625 82.375 0.50306
26.625 82.625 -0.55373
26.625 82.875 0.16267
26.625 83.125 0.24504
26.625 83.375 -1.0083
26.625 83.625 -1.1588
26.625 83.875 -1.2151
26.625 84.125 -0.17759
26.625 84.375 -0.59786
26.625 84.625 -1.0383
26.625 84.875 -1.2867
26.625 85.125 -0.82296
26.625 85.375 -1.0536
26.625 85.625 -0.72488
26.625 86.125 -0.77883
26.625 88.375 -0.1086
26.625 88.625 -0.026134
26.625 88.875 -0.87024
26.625 89.125 -0.42119
26.625 89.375 -0.50189
26.625 89.625 -0.27945
26.625 89.875 -0.27952
26.625 90.125 -0.80902
26.625 90.375 -0.93144
26.625 90.625 -1.4389
26.625 90.875 -1.092
26.625 91.125 -0.74786
26.625 91.375 -0.26369
26.625 91.625 -0.83035
26.625 91.875 0.098285
26.625 92.125 -0.44871
26.625 92.375 -0.28757
26.625 92.625 -0.29878
26.625 92.875 0.40025
26.625 93.125 -0.4004
26.625 93.375 -0.59351
26.625 93.625 -0.15049
26.625 93.875 0.91336
26.625 94.125 -0.45835
26.625 94.375 -0.33116
26.625 94.625 0.047955
26.625 94.875 -0.096692
26.625 95.125 0.3767
26.875 69.625 0.81652
26.875 69.875 0.73754
26.875 70.125 0.96358
26.875 70.375 1.0125
26.875 70.625 0.16568
26.875 70.875 -0.063588
26.875 71.125 0.147
26.875 71.375 1.0535
26.875 71.625 1.2785
26.875 71.875 1.0622
26.875 72.125 0.54969
26.875 72.375 0.63752
26.875 72.625 0.72365
26.875 72.875 1.0629
26.875 73.125 0.44768
26.875 73.375 0.37866
26.875 73.625 0.29037
26.875 73.875 0.79017
26.875 74.125 1.1781
26.875 74.375 2.6239
26.875 74.625 2.8038
26.875 74.875 3.0433
26.875 75.125 2.8574
26.875 75.375 2.756
26.875 75.625 0.95543
26.875 75.875 2.0516
26.875 76.125 3.0171
26.875 76.375 2.7818
26.875 76.625 3.107
26.875 76.875 2.9195
26.875 77.125 1.9938
26.875 77.375 0.70486
26.875 77.625 2.4777
26.875 77.875 1.8311
26.875 78.125 1.5273
26.875 78.375 2.4695
26.875 78.625 1.3819
26.875 78.875 1.1875
26.875 79.125 1.3804
26.875 79.375 0.9122
26.875 79.625 0.64146
26.875 79.875 0.31295
26.875 80.125 0.64049
26.875 80.375 0.32168
26.875 80.625 1.3169
26.875 80.875 -0.57041
26.875 81.125 -0.67682
26.875 81.375 -0.79926
26.875 81.625 -0.99233
26.875 81.875 -0.12508
26.875 82.125 0.36561
26.875 82.375 -0.23764
26.875 82.625 -0.3446
26.875 82.875 -0.11451
26.875 83.125 0.26419
26.875 83.375 -0.81059
26.875 83.625 -1.0259
26.875 83.875 -1.0353
26.875 84.125 -0.19266
26.875 84.375 -0.63087
26.875 84.625 -0.76611
26.875 84.875 -1.0258
26.875 88.375 0.15213
26.875 88.625 0.075915
26.875 88.875 -0.37214
26.875 92.375 -0.62218
26.875 92.625 -0.29098
26.875 92.875 0.35037
26.875 93.125 0.56024
26.875 93.375 -0.06517
26.875 93.625 0.86867
26.875 93.875 1.5188
26.875 94.125 -1.4579
26.875 94.375 -0.36122
26.875 94.625 -0.082919
26.875 94.875 -0.2359
26.875 95.125 0.06684
26.875 95.375 0.0067286
26.875 95.625 -0.23013
27.125 69.875 0.34346
27.125 70.125 0.011244
27.125 70.375 -0.28929
27.125 70.625 -0.18957
27.125 70.875 -0.05763
27.125 71.125 0.57225
27.125 71.375 1.0033
27.125 71.625 0.82843
27.125 71.875 0.14269
27.125 72.125 0.20099
27.125 72.375 0.22524
27.125 72.625 0.54297
27.125 72.875 0.70239
27.125 73.125 0.5081
27.125 73.375 0.20498
27.125 73.625 0.084689
27.125 73.875 0.16302
27.125 74.125 1.0254
27.125 74.375 2.6142
27.125 74.625 2.4989
27.125 74.875 1.6924
27.125 75.125 2.5855
27.125 75.375 2.8114
27.125 75.625 2.1216
27.125 75.875 1.8325
27.125 76.125 1.958
27.125 76.375 1.8353
27.125 76.625 2.0577
27.125 76.875 0.48874
27.125 77.125 3.4935
27.125 77.375 1.9685
27.125 77.625 1.1822
27.125 77.875 1.7588
27.125 78.125 3.0332
27.125 78.375 3.2474
27.125 78.625 0.6564
27.125 78.875 1.0091
27.125 79.125 0.33492
27.125 79.375 -0.7458
27.125 79.625 -0.020096
27.125 79.875 0.049586
27.125 80.125 -0.080633
27.125 80.375 0.26387
27.125 80.625 -0.28364
27.125 80.875 0.10703
27.125 81.125 -0.37595
27.125 81.375 -0.49831
27.125 81.625 -0.26031
27.125 81.875 0.28359
27.125 82.125 0.055335
27.125 82.375 -0.43738
27.125 82.625 0.41063
27.125 82.875 0.36184
27.125 83.125 0.1418
27.125 83.375 0.48505
27.125 83.625 0.2443
27.125 83.875 0.091207
27.125 84.125 -0.2545
27.125 84.375 -0.46243
27.125 84.625 -0.79216
27.125 88.125 0.096649
27.125 88.375 0.353
27.125 88.625 0.44838
27.125 92.125 -1.1895
27.125 92.375 -0.60013
27.125 92.625 -0.32002
27.125 92.875 0.20589
27.125 93.125 0.28779
27.125 93.375 0.54189
27.125 93.625 0.70648
27.125 93.875 0.96077
27.125 94.125 0.20756
27.125 94.375 -0.05735
27.125 94.625 -0.19894
27.125 94.875 -0.16879
27.125 95.125 -0.097376
27.125 95.375 -0.098133
27.125 95.625 -0.27146
27.125 95.875 -0.13928
27.375 70.125 -0.16752
27.375 70.375 -0.34103
27.375 70.625 -0.29511
27.375 70.875 -0.059492
27.375 71.125 1.1907
27.375 71.375 0.87097
27.375 71.625 0.82595
27.375 71.875 -0.0088918
27.375 72.125 -0.31261
27.375 72.375 -0.058302
27.375 72.625 0.33259
27.375 72.875 0.58667
27.375 73.125 0.73
27.375 73.375 0.60386
27.375 73.625 0.37695
27.375 73.875 0.69766
27.375 74.125 1.3964
27.375 74.375 2.3402
27.375 74.625 2.9598
27.375 74.875 2.7432
27.375 75.125 2.6765
27.375 75.375 2.4194
27.375 75.625 1.9439
27.375 75.875 1.3317
27.375 76.125 1.7745
27.375 76.375 1.6199
27.375 76.625 1.5586
27.375 76.875 1.8518
27.375 77.125 1.527
27.375 77.375 1.1634
27.375 77.625 1.7366
27.375 77.875 2.4535
27.375 78.125 3.2555
27.375 78.375 2.7421
27.375 78.625 1.5259
27.375 78.875 2.1459
27.375 79.125 -0.093579
27.375 79.375 -1.0491
27.375 79.625 -0.8951
27.375 79.875 -0.33123
27.375 80.125 -0.9188
27.375 80.375 -1.127
27.375 80.625 -0.85088
27.375 80.875 -1.1141
27.375 81.125 0.017283
27.375 81.375 0.29468
27.375 81.625 -0.70751
27.375 81.875 0.6327
27.375 82.125 0.034901
27.375 82.375 -0.1573
27.375 82.625 0.5147
27.375 82.875 -0.10498
27.375 83.125 -0.28088
27.375 83.625 0.16198
27.375 84.125 -0.083363
27.375 84.375 -0.28654
27.375 88.125 0.34633
27.375 88.375 -0.42615
27.375 88.625 -0.47328
27.375 92.125 -0.7161
27.375 92.375 -0.28637
27.375 92.625 -0.1386
27.375 92.875 -0.22436
27.375 93.125 -0.67965
27.375 93.375 -1.5131
27.375 93.625 0.32776
27.375 93.875 0.30086
27.375 94.125 0.74616
27.375 94.375 -0.69209
27.375 94.625 -0.48665
27.375 94.875 -0.35544
27.375 95.125 -0.32616
27.375 95.375 -0.53974
27.375 95.625 -0.46113
27.375 95.875 -0.49394
27.375 96.125 -0.54283
27.375 96.375 0.23303
27.375 96.625 0.52076
27.375 96.875 0.43281
27.625 70.125 -0.23719
27.625 70.375 -0.36488
27.625 70.625 -0.27304
27.625 70.875 0.48847
27.625 71.125 1.2388
27.625 71.375 0.82803
27.625 71.625 0.60791
27.625 71.875 0.031815
27.625 72.125 -0.25668
27.625 72.375 -0.25502
27.625 72.625 -0.01104
27.625 72.875 0.43524
27.625 73.125 0.62793
27.625 73.375 0.62389
27.625 73.625 0.99793
27.625 73.875 0.99692
27.625 74.125 1.2737
27.625 74.375 1.1881
27.625 74.625 2.2511
27.625 74.875 2.7548
27.625 75.125 1.7854
27.625 75.375 1.8119
27.625 75.625 1.5258
27.625 75.875 1.0072
27.625 76.125 1.0115
27.625 76.375 1.0714
27.625 76.625 1.6476
27.625 76.875 2.3206
27.625 77.125 0.87731
27.625 77.375 1.1617
27.625 77.625 -0.067998
27.625 77.875 0.025996
27.625 78.125 2.7697
27.625 78.375 2.5166
27.625 78.625 0.80277
27.625 78.875 0.58546
27.625 79.125 -0.60849
27.625 79.375 -1.2538
27.625 79.625 -0.90533
27.625 79.875 -0.30055
27.625 80.125 -0.65216
27.625 80.375 -0.44627
27.625 80.625 -0.74761
27.625 80.875 -0.8709
27.625 81.125 -0.59176
27.625 81.375 0.20218
27.625 81.625 0.3031
27.625 81.875 0.20448
27.625 82.125 0.25773
27.625 82.375 0.11892
27.625 82.625 0.39145
27.625 88.375 -0.32621
27.625 88.625 -0.17851
27.625 91.625 -0.32897
27.625 91.875 -0.37827
27.625 92.125 -0.82073
27.625 92.375 -0.51869
27.625 92.625 -0.27552
27.625 92.875 -0.35352
27.625 93.125 -0.26769
27.625 93.375 -0.97432
27.625 93.625 -1.2781
27.625 93.875 -1.7867
27.625 94.125 -0.51282
27.625 94.375 0.29007
27.625 94.625 -0.70836
27.625 94.875 -0.79401
27.625 95.125 -0.99743
27.625 95.375 -0.91931
27.625 95.625 -0.83548
27.625 95.875 -0.85639
27.625 96.125 -0.82541
27.625 96.375 0.13427
27.625 96.625 0.26712
27.625 96.875 0.31089
27.875 70.375 -0.44404
27.875 71.875 0.025386
27.875 72.125 -0.28509
27.875 72.375 -0.27635
27.875 72.625 0.0017062
27.875 72.875 0.14387
27.875 73.125 -0.12258
27.875 73.375 0.48257
27.875 73.625 0.82883
27.875 73.875 0.86339
27.875 74.125 1.1562
27.875 74.375 1.1542
27.875 74.625 1.0586
27.875 74.875 1.5322
27.875 75.125 2.0006
27.875 75.375 1.5434
27.875 75.625 1.0998
27.875 75.875 1.5867
27.875 76.125 0.45224
27.875 76.375 0.97884
27.875 76.625 1.0174
27.875 76.875 1.6643
27.875 77.125 1.3425
27.875 77.375 -0.081576
27.875 77.625 -1.0587
27.875 77.875 -0.010896
27.875 78.125 1.7258
27.875 78.375 0.97535
27.875 78.625 0.65955
27.875 78.875 0.59049
27.875 79.125 -0.010099
27.875 79.375 -0.17083
27.875 79.625 -0.42723
27.875 79.875 -0.081394
27.875 80.125 0.32811
27.875 80.375 0.55256
27.875 80.625 -0.21015
27.875 80.875 -0.67405
27.875 81.125 -0.67593
27.875 81.375 -0.10098
27.875 81.625 0.29026
27.875 88.375 NaN
27.875 88.625 NaN
27.875 92.875 -0.74523
27.875 93.125 -0.56581
27.875 93.375 -0.67889
27.875 93.625 -1.1029
27.875 93.875 -1.6675
27.875 94.125 -0.78137
27.875 94.375 -0.54835
27.875 94.625 -0.80759
27.875 94.875 -0.6683
27.875 95.125 -0.39386
27.875 95.375 -0.8355
27.875 95.625 -0.9346
27.875 95.875 -1.1752
27.875 96.125 -0.71187
27.875 96.375 -0.3567
27.875 96.625 0.15194
27.875 96.875 0.26363
27.875 97.125 0.28155
28.125 72.125 -0.31641
28.125 72.375 -0.19107
28.125 72.625 0.017139
28.125 72.875 0.30076
28.125 73.125 0.67318
28.125 73.375 0.62424
28.125 73.625 0.70194
28.125 73.875 0.89078
28.125 74.125 1.4775
28.125 74.375 1.5264
28.125 74.625 1.5884
28.125 74.875 1.8292
28.125 75.125 1.8339
28.125 75.375 2.1779
28.125 75.625 0.60047
28.125 75.875 2.3391
28.125 76.125 3.2812
28.125 76.375 1.9947
28.125 76.625 2.4012
28.125 76.875 1.1736
28.125 77.125 0.18967
28.125 77.375 0.03271
28.125 77.625 -0.21909
28.125 77.875 0.62879
28.125 78.125 3.957
28.125 78.375 1.3066
28.125 78.625 0.55252
28.125 78.875 0.63824
28.125 79.125 1.5834
28.125 79.375 -0.29276
28.125 79.625 -0.7277
28.125 79.875 -0.1733
28.125 80.125 0.72157
28.125 80.375 0.80103
28.125 80.625 0.41349
28.125 80.875 -0.1523
28.125 81.125 -0.57129
28.125 81.375 -0.043418
28.125 92.875 -1.3896
28.125 93.125 -0.878
28.125 93.375 -0.85047
28.125 93.625 -0.96295
28.125 93.875 -1.1112
28.125 94.125 -1.1123
28.125 94.375 -1.061
28.125 94.625 -1.3779
28.125 94.875 -0.8097
28.125 95.125 -0.58245
28.125 95.375 -0.59337
28.125 95.625 -1.1495
28.125 95.875 -1.1575
28.125 96.125 -0.77806
28.125 96.375 0.009397
28.125 96.625 0.090601
28.125 96.875 0.20471
28.125 97.125 0.37923
28.375 72.375 -0.31735
28.375 72.625 0.0040842
28.375 72.875 0.47777
28.375 73.125 0.60616
28.375 73.375 0.20735
28.375 73.625 0.11306
28.375 73.875 0.89914
28.375 74.125 1.4979
28.375 74.375 1.5728
28.375 74.625 1.5979
28.375 74.875 1.3023
28.375 75.125 0.7414
28.375 75.375 1.0028
28.375 75.625 0.70824
28.375 75.875 2.0182
28.375 76.125 1.1779
28.375 76.375 0.62855
28.375 76.625 1.541
28.375 76.875 1.5098
28.375 77.125 -0.030243
28.375 77.375 -0.71976
28.375 77.625 -0.49651
28.375 77.875 -0.31395
28.375 78.125 0.36694
28.375 78.375 -0.1063
28.375 78.625 -0.62068
28.375 78.875 0.014022
28.375 79.125 1.7528
28.375 79.375 0.41242
28.375 79.625 -0.60424
28.375 79.875 -0.48714
28.375 80.125 0.19958
28.375 80.375 0.33357
28.375 80.625 0.40352
28.375 80.875 0.10417
28.375 81.125 -0.43316
28.375 93.375 -0.91041
28.375 93.625 -0.40401
28.375 93.875 0.099985
28.375 94.125 0.012369
28.375 94.375 -0.1784
28.375 94.625 -0.3973
28.375 94.875 -0.43742
28.375 95.125 -0.55122
28.375 95.375 -0.65707
28.375 95.625 -0.70617
28.375 95.875 -0.54196
28.375 96.125 -0.84547
28.375 96.625 0.046706
28.625 72.375 -0.20076
28.625 72.625 0.30648
28.625 72.875 1.1169
28.625 73.125 0.61052
28.625 73.375 0.40332
28.625 73.625 0.3225
28.625 73.875 0.74195
28.625 74.125 0.94317
28.625 74.375 1.1447
28.625 74.625 1.2836
28.625 74.875 1.0523
28.625 75.125 0.42328
28.625 75.375 -0.37511
28.625 75.625 -0.65918
28.625 75.875 -0.016628
28.625 76.125 0.73004
28.625 76.375 0.86894
28.625 76.625 1.4645
28.625 76.875 0.67505
28.625 77.125 -0.27804
28.625 77.375 -0.84652
28.625 77.625 -0.88239
28.625 77.875 -1.096
28.625 78.125 -0.90169
28.625 78.375 -0.49553
28.625 78.625 -1.0888
28.625 78.875 -0.72037
28.625 79.125 1.2991
28.625 79.375 0.39661
28.625 79.625 0.10372
28.625 79.875 -0.2727
28.625 80.125 0.028571
28.625 80.375 0.48922
28.625 80.625 0.32871
28.625 93.625 0.50239
28.625 93.875 NaN
28.625 94.125 0.72526
28.625 94.375 0.1657
28.625 94.625 0.34738
28.625 94.875 0.20746
28.625 95.125 -0.22139
28.625 95.375 -0.13772
28.625 95.625 -0.45269
28.625 95.875 -0.64742
28.625 96.125 -0.57407
28.625 96.375 5.6592
28.875 72.875 -0.035109
28.875 73.125 0.2914
28.875 73.375 0.51043
28.875 73.625 0.37091
28.875 73.875 0.57147
28.875 74.125 0.44685
28.875 74.375 0.36311
28.875 74.625 0.75099
28.875 74.875 1.2579
28.875 75.125 -0.11916
28.875 75.375 -0.16796
28.875 75.625 0.15188
28.875 75.875 0.13272
28.875 76.125 0.59516
28.875 76.375 0.17034
28.875 76.625 0.087707
28.875 76.875 -0.069538
28.875 77.125 0.78017
28.875 77.375 0.8623
28.875 77.625 -0.21979
28.875 77.875 -0.62783
28.875 78.125 -1.1105
28.875 78.375 -0.55285
28.875 78.625 -0.61901
28.875 78.875 -0.65933
28.875 79.125 0.4261
28.875 79.375 0.81256
28.875 79.625 0.23648
28.875 79.875 0.57309
28.875 94.125 0.75728
28.875 94.375 0.55125
28.875 94.625 0.45618
28.875 94.875 0.57527
28.875 95.125 0.33568
28.875 95.375 -0.12413
28.875 95.625 -0.2021
28.875 95.875 -0.41892
28.875 96.125 0.24243
28.875 96.375 5.8052
29.125 73.125 0.085171
29.125 73.375 0.6571
29.125 73.625 0.19701
29.125 73.875 0.33822
29.125 74.125 0.55392
29.125 74.375 0.38089
29.125 74.625 0.31831
29.125 74.875 1.1349
29.125 75.125 -0.51639
29.125 75.375 1.4072
29.125 75.625 1.2203
29.125 75.875 0.039986
29.125 76.125 0.72942
29.125 76.375 -0.016014
29.125 76.625 1.0123
29.125 76.875 0.54667
29.125 77.125 -0.19438
29.125 77.375 -0.32619
29.125 77.625 -0.30431
29.125 77.875 -0.28868
29.125 78.125 -0.2939
29.125 78.375 0.023393
29.125 78.625 0.038536
29.125 78.875 -0.47594
29.125 79.125 1.0254
29.125 79.375 0.8441
29.125 79.625 -0.62489
29.125 79.875 -0.12041
29.125 80.125 0.12461
29.125 94.375 0.84467
29.125 94.625 0.5446
29.125 94.875 0.76058
29.125 95.625 0.092004
29.125 95.875 0.7577
29.125 96.125 5.875
29.375 73.375 -0.15425
29.375 73.625 -0.0023871
29.375 73.875 -0.11696
29.375 74.125 1.4844
29.375 74.375 0.59496
29.375 74.625 -0.013812
29.375 74.875 0.41244
29.375 75.125 0.011942
29.375 75.375 -0.38955
29.375 75.625 0.11966
29.375 75.875 -0.38554
29.375 76.125 1.2665
29.375 76.375 0.10391
29.375 76.625 1.3035
29.375 76.875 0.052315
29.375 77.125 -0.8468
29.375 77.375 -0.34784
29.375 77.625 -0.19873
29.375 77.875 -0.12457
29.375 78.125 -0.27535
29.375 78.375 0.25209
29.375 78.625 -0.52787
29.375 78.875 -0.53513
29.375 79.125 -0.0054844
29.375 79.375 -0.28907
29.375 79.625 -1.0852
29.375 79.875 -0.14633
29.375 80.125 0.17193
29.375 96.125 6.2468
29.625 73.375 -0.31071
29.625 73.625 0.17921
29.625 73.875 0.2726
29.625 74.125 1.1954
29.625 74.375 0.56846
29.625 74.625 -0.40313
29.625 74.875 0.26828
29.625 75.125 -0.29799
29.625 75.375 -0.84242
29.625 75.625 0.034443
29.625 75.875 -0.46092
29.625 76.125 -0.2812
29.625 76.375 1.397
29.625 76.625 1.9191
29.625 76.875 2.0644
29.625 77.125 -0.23428
29.625 77.375 -0.56836
29.625 77.625 -0.30111
29.625 77.875 0.17711
29.625 78.125 0.35689
29.625 78.375 -0.48916
29.625 78.625 -0.90057
29.625 78.875 -0.80523
29.625 79.125 -0.32174
29.625 79.375 -0.2338
29.625 79.625 -0.21689
29.625 79.875 0.13105
29.625 80.125 0.41094
29.875 73.625 0.29777
29.875 73.875 -0.29812
29.875 74.125 0.16469
29.875 74.375 -0.54018
29.875 74.625 -0.96054
29.875 74.875 -0.90937
29.875 75.125 -0.44641
29.875 75.375 -0.56717
29.875 75.625 -0.4822
29.875 75.875 -0.31809
29.875 76.125 -0.15555
29.875 76.375 0.74858
29.875 76.625 3.2945
29.875 76.875 -0.67348
29.875 77.125 0.56321
29.875 77.375 0.0085704
29.875 77.625 -0.21084
29.875 77.875 -0.05705
29.875 78.125 -1.2042
29.875 78.375 -0.11944
29.875 78.625 0.05509
29.875 78.875 0.33222
29.875 79.125 -0.47116
29.875 79.375 -0.18994
29.875 79.625 2.6169
29.875 79.875 0.28659
29.875 80.125 0.4599
29.875 80.375 0.32231
30.125 74.125 -0.50841
30.125 74.375 -0.6891
30.125 74.625 -0.57284
30.125 74.875 0.060658
30.125 75.125 0.80803
30.125 75.375 0.82278
30.125 75.625 -0.071058
30.125 75.875 0.18711
30.125 76.125 0.14134
30.125 76.375 -0.095681
30.125 76.625 -0.23133
30.125 76.875 -0.73004
30.125 77.125 0.70907
30.125 77.375 0.049299
30.125 77.625 0.78027
30.125 77.875 0.87667
30.125 78.125 0.97194
30.125 78.375 -0.1455
30.125 78.625 0.85547
30.125 78.875 1.2908
30.125 79.125 1.1506
30.125 79.375 1.3182
30.125 79.625 2.5742
30.125 79.875 0.48717
30.125 80.125 0.13952
30.125 80.375 0.28657
30.125 80.625 0.19059
30.375 74.125 -0.30395
30.375 74.375 -0.25673
30.375 74.625 -0.038365
30.375 74.875 0.35774
30.375 75.125 1.2593
30.375 75.375 0.77603
30.375 75.625 -0.15906
30.375 75.875 1.0267
30.375 76.125 0.0121
30.375 76.375 -0.58625
30.375 76.625 -1.1965
30.375 76.875 -0.64876
30.375 77.125 0.7643
30.375 77.375 0.99904
30.375 77.625 1.2033
30.375 77.875 0.68327
30.375 78.125 0.42474
30.375 78.375 0.36626
30.375 78.625 1.8172
30.375 78.875 1.1845
30.375 79.125 1.6792
30.375 79.375 1.2188
30.375 79.625 2.4309
30.375 79.875 1.6791
30.375 80.125 0.70008
30.375 80.375 0.056882
30.375 80.625 -0.22106
30.625 74.375 -0.4559
30.625 74.625 -0.15426
30.625 74.875 -0.10544
30.625 75.125 0.42074
30.625 75.375 1.2007
30.625 75.625 1.7969
30.625 75.875 0.63978
30.625 76.125 -0.14593
30.625 76.375 -1.2469
30.625 76.625 -0.91519
30.625 76.875 0.29682
30.625 77.125 0.21291
30.625 77.375 0.48966
30.625 77.625 -0.18578
30.625 77.875 -0.24781
30.625 78.125 -0.0082487
30.625 78.375 -0.52556
30.625 78.625 -0.20618
30.625 78.875 0.70759
30.625 79.125 1.1794
30.625 79.375 1.0045
30.625 79.625 2.3034
30.625 79.875 1.6653
30.625 80.125 1.2082
30.875 74.625 -0.40006
30.875 74.875 -0.052565
30.875 75.125 0.52056
30.875 75.375 0.17726
30.875 75.625 2.2091
30.875 75.875 -0.59392
30.875 76.125 -0.4273
30.875 76.375 -0.65436
30.875 76.625 -0.21615
30.875 76.875 0.68806
30.875 77.125 1.0521
30.875 77.375 -0.24836
30.875 77.625 -0.49451
30.875 77.875 -0.1994
30.875 78.125 -0.18247
30.875 78.375 -0.51547
30.875 78.625 -0.51009
30.875 78.875 -0.10215
30.875 79.125 0.46088
30.875 79.375 NaN
30.875 79.625 NaN
30.875 79.875 NaN
31.125 74.875 -1.018
31.125 75.125 -0.2095
31.125 75.375 -1.3636
31.125 75.625 -1.1793
31.125 75.875 -0.52672
31.125 76.125 0.30026
31.125 76.375 -0.22789
31.125 76.625 -0.56985
31.125 76.875 1.4015
31.125 77.125 1.6776
31.125 77.375 -0.048259
31.125 77.625 0.28341
31.125 77.875 -0.48035
31.125 78.125 -0.94003
31.125 78.375 -0.97657
31.125 78.625 -1.0489
31.125 78.875 NaN
31.125 79.125 NaN
31.375 74.875 -0.90791
31.375 75.125 -0.95818
31.375 75.375 -1.4221
31.375 75.625 -0.74917
31.375 75.875 0.46268
31.375 76.125 0.47812
31.375 76.375 0.25895
31.375 76.625 -0.4234
31.375 76.875 0.9662
31.375 77.125 0.43181
31.375 77.375 -0.13726
31.375 77.625 -0.93955
31.375 77.875 -0.89538
31.375 78.125 -0.93655
31.375 78.375 -0.88085
31.375 78.625 -1.1541
31.625 74.875 -0.45051
31.625 75.125 -0.65279
31.625 75.375 -0.62187
31.625 75.625 -0.60089
31.625 75.875 -0.54599
31.625 76.125 0.22872
31.625 76.375 0.21355
31.625 76.625 0.049439
31.625 76.875 0.054394
31.625 77.125 -0.064407
31.625 77.375 -0.38169
31.625 77.625 -0.72338
31.625 77.875 -0.85945
31.625 78.125 -0.96755
31.625 78.375 -0.78578
31.625 78.625 -1.0371
31.875 74.875 -0.3895
31.875 75.125 -0.68029
31.875 75.375 -1.0264
31.875 75.625 -0.63434
31.875 75.875 -0.062042
31.875 76.125 0.97543
31.875 76.375 0.63053
31.875 76.625 0.61544
31.875 76.875 0.080691
31.875 77.125 -0.44004
31.875 77.375 -0.67403
31.875 77.625 -1.1101
31.875 77.875 -1.1484
31.875 78.125 -1.0983
31.875 78.375 -1.1795
31.875 78.625 -1.317
32.125 75.375 0.0037284
32.125 75.625 0.19352
32.125 75.875 0.2071
32.125 76.125 -0.70751
32.125 76.375 0.49366
32.125 76.625 -0.36996
32.125 76.875 -0.36232
32.125 77.125 -0.33429
32.125 77.375 -1.2523
32.125 77.625 -2.0593
32.125 77.875 -1.8242
32.125 78.125 -1.6015
32.125 78.375 -1.5133
32.375 75.375 0.57656
32.375 75.625 0.092573
32.375 75.875 -0.20754
32.375 76.125 -0.82734
32.375 76.375 -0.27971
32.375 76.625 -0.73525
32.375 76.875 -0.79467
32.375 77.125 -0.52278
32.375 77.375 -1.3558
32.375 77.625 -1.8785
32.375 77.875 -2.2761
32.375 78.125 -1.8521
32.375 78.375 -1.6203
32.625 74.875 0.19154
32.625 75.125 -0.13238
32.625 75.375 -0.30539
32.625 75.625 -0.23158
32.625 75.875 -0.48458
32.625 76.125 -0.51277
32.625 76.375 -0.63741
32.625 76.625 -0.64729
32.625 76.875 -0.43939
32.625 77.125 -0.50267
32.625 77.375 -1.0446
32.625 77.625 -1.5668
32.625 77.875 -1.8028
32.625 78.125 -1.9443
32.625 78.375 -1.5875
32.625 78.625 -1.4335
32.625 78.875 -1.389
32.625 79.125 -1.3813
32.625 79.375 -1.4544
32.875 74.375 1.0222
32.875 74.625 1.1975
32.875 74.875 0.46723
32.875 75.125 -0.30126
32.875 75.375 -0.70755
32.875 75.625 -0.76263
32.875 75.875 -0.67058
32.875 76.125 -0.17643
32.875 76.375 -0.44443
32.875 76.625 -0.456
32.875 76.875 -0.34716
32.875 77.125 -0.54112
32.875 77.375 -0.94137
32.875 77.625 -1.4522
32.875 77.875 -1.6801
32.875 78.125 -1.5526
32.875 78.375 -1.5901
32.875 78.625 -1.5235
32.875 78.875 -1.3821
32.875 79.125 -1.4153
32.875 79.375 -1.4194
33.125 73.875 -0.20999
33.125 74.125 0.087798
33.125 74.375 0.8173
33.125 74.625 1.2866
33.125 74.875 0.43041
33.125 75.125 -0.26291
33.125 75.375 -0.91103
33.125 75.625 -0.93266
33.125 75.875 -0.62521
33.125 76.125 -0.37068
33.125 76.375 -0.34717
33.125 76.625 -0.48284
33.125 76.875 -0.75742
33.125 77.125 -0.95475
33.125 77.375 -0.83766
33.125 77.625 -1.0149
33.125 77.875 -1.015
33.125 78.125 -0.86696
33.125 78.375 -0.86808
33.125 78.625 -1.2632
33.125 78.875 -1.3336
33.125 79.125 -1.4068
33.375 73.875 -0.33734
33.375 74.125 -0.28633
33.375 74.375 -0.49402
33.375 74.625 -0.45219
33.375 74.875 -0.10548
33.375 75.125 -0.84175
33.375 75.375 -0.54793
33.375 75.625 -0.7987
33.375 75.875 -0.29889
33.375 76.125 -0.091997
33.375 76.375 0.12486
33.375 76.625 -0.85538
33.375 76.875 -0.90838
33.375 77.125 -0.81307
33.375 77.375 -0.91219
33.375 77.625 -0.94473
33.375 77.875 -0.94507
33.375 78.125 -1.1478
33.375 78.375 -1.1182
33.375 78.625 -1.2385
33.375 78.875 -1.4311
33.625 73.875 -0.7574
33.625 74.125 -0.18467
33.625 74.375 -0.79273
33.625 74.625 -1.0694
33.625 74.875 -0.74432
33.625 75.125 -0.91115
33.625 75.375 -0.42829
33.625 75.625 -0.4815
33.625 75.875 -0.24619
33.625 76.125 -0.60039
33.625 76.375 -0.60812
33.625 76.625 -0.74827
33.625 76.875 -0.79914
33.625 77.125 -0.82376
33.625 77.375 -0.63326
33.625 77.625 -1.0525
33.625 77.875 -0.91151
33.625 78.125 -0.79363
33.625 78.375 -1.1614
33.625 78.625 -1.2892
33.625 78.875 -1.4437
33.875 73.875 -0.37582
33.875 74.125 -0.060569
33.875 74.375 -0.3723
33.875 74.625 -0.39242
33.875 74.875 -0.56297
33.875 75.125 -0.23466
33.875 75.375 -0.084768
33.875 75.625 -0.28973
33.875 75.875 -0.41696
33.875 76.125 -0.53073
33.875 76.375 -0.41277
33.875 76.625 -0.61122
33.875 76.875 -0.87265
33.875 77.125 -0.92039
33.875 77.375 -0.58571
33.875 77.625 -0.72053
33.875 77.875 -0.7413
33.875 78.125 -0.949
33.875 78.375 -1.2501
33.875 78.625 -1.0154
33.875 78.875 -1.6147
34.125 73.625 -0.5456
34.125 73.875 -0.35229
34.125 74.125 -0.066655
34.125 74.375 -0.91733
34.125 74.625 -0.73639
34.125 74.875 -0.76897
34.125 75.125 -0.34592
34.125 75.375 -0.22261
34.125 75.625 -0.68164
34.125 75.875 -0.84441
34.125 76.125 -0.66459
34.125 76.375 -0.39815
34.125 76.625 -0.68236
34.125 76.875 -0.88022
34.125 77.125 -0.73631
34.125 77.375 -0.59265
34.125 77.625 -1.0762
34.125 77.875 -0.86827
34.125 78.125 -1.0392
34.125 78.375 -1.178
34.125 78.625 -1.3053
34.125 78.875 -1.1702
34.125 79.125 -1.3437
34.125 79.375 -1.5669
34.375 73.625 -0.69246
34.375 73.875 -0.75019
34.375 74.125 -0.92921
34.375 74.375 -0.87309
34.375 74.625 -0.63283
34.375 74.875 -0.55098
34.375 75.125 -0.32853
34.375 75.375 -0.77709
34.375 75.625 -1.0234
34.375 75.875 -1.1158
34.375 76.125 -1.3873
34.375 76.375 -0.88978
34.375 76.625 -0.749
34.375 76.875 -0.78081
34.375 77.125 -0.97699
34.375 77.375 -0.88948
34.375 77.625 -0.92311
34.375 77.875 -0.92362
34.375 78.125 -0.94083
34.375 78.375 -1.0583
34.375 78.625 -1.0976
34.375 78.875 -1.1674
34.375 79.125 -1.3163
34.375 79.375 -1.49
34.625 73.875 -0.69433
34.625 74.125 -0.90933
34.625 74.375 -0.92408
34.625 74.625 -0.73399
34.625 74.875 -0.57049
34.625 75.125 -0.2794
34.625 75.375 -0.94465
34.625 75.625 -1.3182
34.625 75.875 -1.5766
34.625 76.125 -1.5341
34.625 76.375 -0.8887
34.625 76.625 -1.0547
34.625 76.875 -1.0611
34.625 77.125 -0.92399
34.625 77.375 -0.87939
34.625 77.625 -1.0138
34.625 77.875 -1.1712
34.625 78.125 -0.80044
34.625 78.375 -0.86004
34.625 78.625 -0.91773
34.625 78.875 -1.0626
34.625 79.125 -0.79769
34.625 79.375 -1.2304
34.625 79.625 -1.3134
34.875 74.125 -0.57975
34.875 74.375 -0.72715
34.875 74.625 -0.64014
34.875 74.875 -0.49524
34.875 75.125 -0.55895
34.875 75.375 -0.88409
34.875 75.625 -0.74098
34.875 75.875 -1.098
34.875 76.125 -1.2429
34.875 76.375 -0.85374
34.875 76.625 -0.87105
34.875 76.875 -0.91778
34.875 77.125 -0.94419
34.875 77.375 -0.87779
34.875 77.625 -1.0449
34.875 77.875 -0.89747
34.875 78.125 -0.81033
34.875 78.375 -0.91556
34.875 78.625 -1.1757
34.875 78.875 -0.97594
34.875 79.125 -0.91204
34.875 79.375 -0.92136
34.875 79.625 -1.0088
34.875 79.875 -0.84822
35.125 74.375 0.068117
35.125 74.625 -0.11393
35.125 74.875 -0.029074
35.125 75.125 -0.21865
35.125 75.375 -0.77248
35.125 75.625 -0.31879
35.125 75.875 -0.3706
35.125 76.125 -1.047
35.125 76.375 -1.1647
35.125 76.625 -0.96698
35.125 76.875 -0.9692
35.125 77.125 -1.0099
35.125 77.375 -0.99189
35.125 77.625 -0.96747
35.125 77.875 -1.0448
35.125 78.125 -0.92901
35.125 78.375 -1.1464
35.125 78.625 -1.0322
35.125 78.875 -1.0611
35.125 79.125 -1.0448
35.125 79.375 -1.0462
35.125 79.625 -1.0893
35.125 79.875 -0.5825
35.375 73.875 0.19438
35.375 74.125 0.35935
35.375 74.375 0.29115
35.375 74.625 0.21841
35.375 74.875 0.112
35.375 75.125 -0.13019
35.375 75.375 -0.30196
35.375 75.625 -0.36501
35.375 75.875 -0.64475
35.375 76.125 -1.0381
35.375 76.375 -1.149
35.375 76.625 -1.1182
35.375 76.875 -1.1147
35.375 77.125 -0.95837
35.375 77.375 -0.8387
35.375 77.625 -0.95839
35.375 77.875 -0.95401
35.375 78.125 -1.1911
35.375 78.375 -1.0493
35.375 78.625 -1.0652
35.375 78.875 -0.9973
35.375 79.125 -0.98756
35.375 79.375 -0.81026
35.375 79.625 -0.83359
35.375 79.875 -0.83501
35.375 80.125 NaN
35.625 73.375 -0.2125
35.625 73.625 -0.017976
35.625 73.875 0.15359
35.625 74.125 -0.0075157
35.625 74.375 -0.31029
35.625 74.625 -0.1869
35.625 74.875 -0.33692
35.625 75.125 -1.0496
35.625 75.375 -1.4047
35.625 75.625 -1.4458
35.625 75.875 -1.3321
35.625 76.125 -1.3813
35.625 76.375 -1.224
35.625 76.625 -1.1873
35.625 76.875 -1.1092
35.625 77.125 -1.1624
35.625 78.375 -0.97973
35.625 78.625 -0.91821
35.625 78.875 -0.82253
35.625 79.125 -0.84292
35.625 79.375 -0.87397
35.625 79.625 -1.211
35.625 79.875 -0.79266
35.625 80.125 -0.78415
35.875 73.125 1.5577
35.875 73.375 0.66305
35.875 73.625 0.30949
35.875 73.875 0.015396
35.875 74.125 -0.1416
35.875 74.375 -0.95055
35.875 74.625 -0.7512
35.875 74.875 -0.74685
35.875 75.125 -1.2518
35.875 75.375 -1.6587
35.875 75.625 -1.8151
35.875 75.875 -1.8551
35.875 76.125 -1.3653
35.875 76.375 -1.4617
35.875 76.625 -1.4794
35.875 79.375 -0.78844
36.125 72.625 0.68724
36.125 72.875 NaN
36.125 73.125 NaN
36.125 73.375 0.92891
36.125 73.625 0.52969
36.125 73.875 0.063094
36.125 74.125 -0.44897
36.125 74.375 -1.0579
36.125 74.625 -0.86705
36.125 74.875 -0.63884
36.125 75.125 -1.0266
36.125 75.375 -1.4823
36.125 75.625 -2.1534
36.125 75.875 -1.8461
36.125 76.125 -1.0783
36.125 76.375 -0.88145
36.125 76.625 -1.4793
36.375 73.125 0.49347
36.375 73.375 0.50895
36.375 73.625 0.65106
36.375 73.875 0.20666
36.375 74.125 -0.21745
36.375 74.375 -0.98317
36.375 74.625 -1.1116
36.375 74.875 -1.225
36.375 75.125 -1.3336
36.375 75.375 -1.3574
36.375 75.625 -2.0023
36.375 75.875 -1.2344
36.375 76.125 -0.1884
36.625 73.375 0.5688
36.625 73.625 0.45439
36.625 73.875 0.31338
36.625 74.125 0.38662
36.625 74.375 -0.74159
36.625 74.625 -0.85915
36.625 74.875 -1.5163
36.625 75.125 -1.4526
36.625 75.375 -1.4804
36.625 75.625 -1.8278
36.875 73.875 0.064998
36.875 74.375 0.070708
36.875 74.625 -0.50961
36.875 74.875 -0.92589
36.875 75.125 -1.2541
36.875 75.375 -1.1211
