8.125 77.375 0.96206
8.375 77.125 0.008297
8.375 77.375 0.79652
8.375 77.625 1.8062
8.375 77.875 2.298
8.625 76.875 0.25995
8.625 77.125 1.1012
8.625 77.375 0.89568
8.625 77.625 0.50869
8.625 77.875 1.1502
8.875 76.875 0.28172
8.875 77.125 1.9426
8.875 77.375 0.77007
8.875 77.625 0.80275
8.875 77.875 0.15491
9.125 76.625 0.72278
9.125 76.875 1.0386
9.125 77.125 0.66173
9.125 77.375 0.69027
9.125 77.625 -0.18736
9.125 77.875 -0.17092
9.125 78.125 0.69187
9.125 78.375 NaN
9.375 76.625 0.28352
9.375 76.875 0.68396
9.375 77.125 0.53835
9.375 77.375 0.67531
9.375 77.625 -0.0061872
9.375 77.875 0.3397
9.375 78.125 0.36101
9.375 78.375 0.068248
9.375 78.625 0.39353
9.375 78.875 NaN
9.625 76.375 0.48874
9.625 76.625 0.48882
9.625 76.875 0.93612
9.625 77.125 0.080216
9.625 77.375 0.059961
9.625 77.625 -0.60255
9.625 77.875 0.57446
9.625 78.125 -0.33557
9.625 78.375 -0.093531
9.625 78.625 0.65017
9.875 76.625 0.355
9.875 76.875 0.26363
9.875 77.125 -0.06771
9.875 77.375 -0.6599
9.875 77.625 -0.37045
9.875 77.875 0.0035194
9.875 78.125 -0.57142
9.875 78.375 0.37585
9.875 78.625 0.64311
9.875 78.875 0.50897
10.125 76.375 -0.32453
10.125 76.625 0.65702
10.125 76.875 1.8765
10.125 77.125 -0.2153
10.125 77.375 -0.78488
10.125 77.625 0.023681
10.125 77.875 -0.4407
10.125 78.125 -0.057753
10.125 78.375 0.36528
10.125 78.625 -0.31906
10.125 78.875 0.052682
10.125 79.125 0.57307
10.375 76.375 -0.15051
10.375 76.625 0.042672
10.375 76.875 0.98543
10.375 77.125 0.28672
10.375 77.375 -0.3185
10.375 77.625 -0.28193
10.375 77.875 -0.62352
10.375 78.125 -0.48866
10.375 78.375 -0.013989
10.375 78.625 -0.24822
10.375 78.875 -0.2114
10.375 79.125 0.56715
10.375 79.375 NaN
10.375 79.625 NaN
10.625 76.125 -0.53058
10.625 76.375 0.29233
10.625 76.625 0.45914
10.625 76.875 0.77045
10.625 77.125 -0.54855
10.625 77.375 -1.0382
10.625 77.625 -0.25129
10.625 77.875 -0.38233
10.625 78.125 -0.77086
10.625 78.375 -0.56982
10.625 78.625 -0.15217
10.625 78.875 0.24557
10.625 79.125 1.6598
10.625 79.375 0.85891
10.625 79.625 1.0525
10.875 76.125 -0.15781
10.875 76.375 0.57586
10.875 76.625 -0.21537
10.875 76.875 -0.47334
10.875 77.125 -0.96812
10.875 77.375 -0.26092
10.875 77.625 -0.66854
10.875 77.875 -0.39138
10.875 78.125 -1.1768
10.875 78.375 -0.20694
10.875 78.625 0.54601
10.875 78.875 0.51782
10.875 79.125 0.3585
10.875 79.375 0.07171
10.875 79.625 0.85506
11.125 76.125 0.30777
11.125 76.375 0.23623
11.125 76.625 1.7274
11.125 76.875 -1.1411
11.125 77.125 -0.60646
11.125 77.375 -0.64432
11.125 77.625 -0.26926
11.125 77.875 0.28211
11.125 78.125 -0.76771
11.125 78.375 0.24737
11.125 78.625 0.0014757
11.125 78.875 -0.013498
11.125 79.125 0.60027
11.125 79.375 0.9092
11.125 79.625 0.57642
11.375 75.875 0.24557
11.375 76.125 -0.11064
11.375 76.375 0.24634
11.375 76.625 -0.18349
11.375 76.875 1.4243
11.375 77.125 -0.54829
11.375 77.375 -0.91522
11.375 77.625 -0.49187
11.375 77.875 0.29874
11.375 78.125 0.0014333
11.375 78.375 -0.18408
11.375 78.625 -0.78553
11.375 78.875 -0.35789
11.375 79.125 -0.08573
11.375 79.375 0.95139
11.375 79.625 0.77422
11.625 75.875 -0.22732
11.625 76.125 0.35925
11.625 76.375 -0.38929
11.625 76.625 0.1048
11.625 76.875 -0.85028
11.625 77.125 -0.58576
11.625 77.375 -0.30995
11.625 77.625 -0.60265
11.625 77.875 -0.3403
11.625 78.125 -0.44643
11.625 78.375 -0.68195
11.625 78.625 0.14783
11.625 78.875 -0.36094
11.625 79.125 0.7257
11.625 79.375 0.35541
11.625 79.625 NaN
11.875 75.625 NaN
11.875 75.875 -0.90524
11.875 76.125 -0.097076
11.875 76.375 -0.15837
11.875 76.625 -0.71286
11.875 76.875 -1.0778
11.875 77.125 -0.08364
11.875 77.375 -0.18545
11.875 77.625 0.015992
11.875 77.875 -0.76778
11.875 78.125 -0.22222
11.875 78.375 -0.17209
11.875 78.625 -0.24357
11.875 78.875 -0.49804
11.875 79.125 1.1142
11.875 79.375 0.33365
11.875 79.625 0.18241
12.125 75.375 -0.58642
12.125 75.625 -0.06915
12.125 75.875 -0.30206
12.125 76.125 -0.095596
12.125 76.375 -0.38827
12.125 76.625 -0.61688
12.125 76.875 -0.9478
12.125 77.125 -0.12569
12.125 77.375 -0.26726
12.125 77.625 -0.14189
12.125 77.875 -0.97856
12.125 78.125 -0.051588
12.125 78.375 0.70592
12.125 78.625 -0.35422
12.125 78.875 -0.78529
12.125 79.125 0.31819
12.125 79.375 0.42578
12.125 79.625 -0.061251
12.375 75.125 0.28243
12.375 75.375 0.26358
12.375 75.625 0.026367
12.375 75.875 0.26377
12.375 76.125 0.071203
12.375 76.375 0.14305
12.375 76.625 0.51914
12.375 76.875 -0.88483
12.375 77.125 -1.2036
12.375 77.375 -0.82706
12.375 77.625 -0.47602
12.375 77.875 -0.016119
12.375 78.125 0.35822
12.375 78.375 1.0879
12.375 78.625 0.23395
12.375 78.875 -0.29323
12.375 79.125 0.15466
12.375 79.375 -0.13927
12.375 79.625 -0.35329
12.375 79.875 -0.048353
12.625 75.125 0.3253
12.625 75.375 0.3708
12.625 75.625 0.46128
12.625 75.875 0.79717
12.625 76.125 0.2618
12.625 76.375 1.3372
12.625 76.625 1.2981
12.625 76.875 0.013094
12.625 77.125 -0.74566
12.625 77.375 -0.68042
12.625 77.625 0.037917
12.625 77.875 0.1801
12.625 78.125 0.81981
12.625 78.375 1.1085
12.625 78.625 0.72568
12.625 78.875 1.0377
12.625 79.125 0.97338
12.625 79.375 -0.3587
12.625 79.625 -0.44524
12.625 79.875 -0.88506
12.875 75.125 0.88609
12.875 75.375 1.57
12.875 75.625 -0.53038
12.875 75.875 0.098477
12.875 76.125 -0.13902
12.875 76.375 0.83026
12.875 76.625 0.37207
12.875 76.875 -0.46379
12.875 77.125 -0.37908
12.875 77.375 -0.43269
12.875 77.625 -0.027367
12.875 77.875 0.48978
12.875 78.125 1.0935
12.875 78.375 1.0338
12.875 78.625 0.60796
12.875 78.875 0.79828
12.875 79.125 0.37413
12.875 79.375 0.59291
12.875 79.625 0.17913
12.875 79.875 -0.14039
13.125 74.875 NaN
13.125 75.125 0.37916
13.125 75.375 0.41882
13.125 75.625 0.62837
13.125 75.875 0.17716
13.125 76.125 0.35818
13.125 76.375 0.35074
13.125 76.625 0.27395
13.125 76.875 -0.062498
13.125 77.125 -0.026579
13.125 77.375 0.11478
13.125 77.625 0.24609
13.125 77.875 0.41107
13.125 78.125 1.2248
13.125 78.375 1.0734
13.125 78.625 0.82147
13.125 78.875 0.44602
13.125 79.125 0.76391
13.125 79.375 0.40876
13.125 79.625 0.98539
13.125 79.875 1.327
13.125 80.125 1.2616
13.375 74.875 NaN
13.375 75.125 0.17667
13.375 75.375 -0.32758
13.375 75.625 -0.13964
13.375 75.875 0.25709
13.375 76.125 0.79066
13.375 76.375 0.321
13.375 76.625 0.25712
13.375 76.875 -0.14107
13.375 77.125 0.36709
13.375 77.375 -0.17914
13.375 77.625 0.26858
13.375 77.875 1.0126
13.375 78.125 0.4199
13.375 78.375 0.70796
13.375 78.625 1.1998
13.375 78.875 0.92479
13.375 79.125 0.41935
13.375 79.375 0.18963
13.375 79.625 1.3447
13.375 79.875 1.2391
13.375 80.125 1.4344
13.625 74.875 -0.70189
13.625 75.125 0.36014
13.625 75.375 -0.12117
13.625 75.625 0.11521
13.625 75.875 0.0042705
13.625 76.125 0.11995
13.625 76.375 -0.11127
13.625 76.625 -0.46604
13.625 76.875 -0.51463
13.625 77.125 -0.58355
13.625 77.375 -0.75607
13.625 77.625 0.34851
13.625 77.875 0.53336
13.625 78.125 0.99083
13.625 78.375 0.83529
13.625 78.625 0.4537
13.625 78.875 1.4745
13.625 79.125 1.7647
13.625 79.375 1.456
13.625 79.625 0.4489
13.625 79.875 0.56119
13.625 80.125 1.3335
13.875 74.875 -0.10884
13.875 75.125 0.22023
13.875 75.375 -0.048065
13.875 75.625 -0.019491
13.875 75.875 -0.19475
13.875 76.125 -0.18039
13.875 76.375 0.0086502
13.875 76.625 0.11289
13.875 76.875 -0.68468
13.875 77.125 -0.50369
13.875 77.375 0.33088
13.875 77.625 0.1654
13.875 77.875 0.099645
13.875 78.125 0.12957
13.875 78.375 1.3187
13.875 78.625 0.79559
13.875 78.875 1.6889
13.875 79.125 1.4098
13.875 79.375 0.58284
13.875 79.625 -0.53707
13.875 79.875 0.31997
14.125 74.625 0.67069
14.125 74.875 -0.41824
14.125 75.125 -0.247
14.125 75.375 -0.032741
14.125 75.625 -0.46933
14.125 75.875 0.037
14.125 76.125 0.25551
14.125 76.375 0.50043
14.125 76.625 0.12024
14.125 76.875 -0.047648
14.125 77.125 -0.27416
14.125 77.375 -0.15082
14.125 77.625 0.26174
14.125 77.875 0.33383
14.125 78.125 0.47082
14.125 78.375 0.91805
14.125 78.625 0.68235
14.125 78.875 1.0757
14.125 79.125 1.18
14.125 79.375 0.72264
14.125 79.625 0.63363
14.125 79.875 0.66932
14.375 74.625 -0.41952
14.375 74.875 -0.042182
14.375 75.125 -0.33729
14.375 75.375 -0.5533
14.375 75.625 -0.16767
14.375 75.875 0.38396
14.375 76.125 0.62446
14.375 76.375 0.73227
14.375 76.625 -0.10903
14.375 76.875 0.1447
14.375 77.125 0.27895
14.375 77.375 0.57296
14.375 77.625 0.21157
14.375 77.875 0.39304
14.375 78.125 0.71827
14.375 78.375 1.134
14.375 78.625 1.1248
14.375 78.875 1.386
14.375 79.125 1.4715
14.375 79.375 1.5103
14.375 79.625 1.2796
14.375 79.875 1.4446
14.625 74.375 NaN
14.625 74.625 -0.55673
14.625 74.875 -0.26485
14.625 75.125 -0.48927
14.625 75.375 -0.27092
14.625 75.625 -0.32557
14.625 75.875 0.098885
14.625 76.125 0.60868
14.625 76.375 0.098849
14.625 76.625 -0.2072
14.625 76.875 0.04118
14.625 77.125 0.61366
14.625 77.375 0.31244
14.625 77.625 0.27326
14.625 77.875 0.40111
14.625 78.125 1.0085
14.625 78.375 1.1499
14.625 78.625 0.96615
14.625 78.875 0.85765
14.625 79.125 1.0925
14.625 79.375 1.2418
14.625 79.625 0.83208
14.625 79.875 1.1061
14.875 74.375 0.75111
14.875 74.625 -0.6364
14.875 74.875 -0.63258
14.875 75.125 -0.36642
14.875 75.375 -0.80045
14.875 75.625 -0.35727
14.875 75.875 0.076028
14.875 76.125 0.052428
14.875 76.375 -0.47737
14.875 76.625 0.023459
14.875 76.875 0.38673
14.875 77.125 0.60087
14.875 77.375 -0.079796
14.875 77.625 0.2249
14.875 77.875 0.37186
14.875 78.125 0.87986
14.875 78.375 1.1512
14.875 78.625 0.6153
14.875 78.875 0.6425
14.875 79.125 0.63529
14.875 79.375 0.23124
14.875 79.625 0.79504
14.875 79.875 0.81681
15.125 74.125 1.1102
15.125 74.375 0.50225
15.125 74.625 -0.24514
15.125 74.875 -0.26293
15.125 75.125 -0.25526
15.125 75.375 0.10541
15.125 75.625 0.58235
15.125 75.875 0.78571
15.125 76.125 0.31544
15.125 76.375 -0.18465
15.125 76.625 0.074162
15.125 76.875 0.8729
15.125 77.125 0.8089
15.125 77.375 0.14456
15.125 77.625 0.37686
15.125 77.875 0.53078
15.125 78.125 1.0384
15.125 78.375 1.5602
15.125 78.625 0.81213
15.125 78.875 0.3444
15.125 79.125 0.027469
15.125 79.375 0.75248
15.125 79.625 1.1777
15.125 79.875 1.1048
15.375 73.875 -0.010908
15.375 74.125 0.71203
15.375 74.375 0.36213
15.375 74.625 -0.087021
15.375 74.875 0.078458
15.375 75.125 0.55952
15.375 75.375 1.7954
15.375 75.625 0.87523
15.375 75.875 0.45374
15.375 76.125 0.25828
15.375 76.375 0.068661
15.375 76.625 0.19745
15.375 76.875 0.35144
15.375 77.125 0.98565
15.375 77.375 0.54779
15.375 77.625 0.68689
15.375 77.875 0.80937
15.375 78.125 1.2684
15.375 78.375 1.2197
15.375 78.625 0.77771
15.375 78.875 0.46763
15.375 79.125 0.2643
15.375 79.375 0.051643
15.375 79.625 0.69986
15.375 79.875 0.77119
15.625 73.875 -0.043866
15.625 74.125 -0.83019
15.625 74.375 -0.98926
15.625 74.625 0.85992
15.625 74.875 0.50338
15.625 75.125 0.28864
15.625 75.375 0.89333
15.625 75.625 0.37354
15.625 75.875 0.92596
15.625 76.125 1.6737
15.625 76.375 0.63919
15.625 76.625 0.57742
15.625 76.875 0.79976
15.625 77.125 0.98197
15.625 77.375 0.81972
15.625 77.625 1.1822
15.625 77.875 0.82523
15.625 78.125 0.746
15.625 78.375 1.1113
15.625 78.625 0.92763
15.625 78.875 1.2731
15.625 79.125 0.72728
15.625 79.375 1.0328
15.625 79.625 0.34873
15.625 79.875 0.4952
15.625 80.125 0.79423
15.875 73.875 0.25097
15.875 74.125 -0.17176
15.875 74.375 -0.35733
15.875 74.625 0.24464
15.875 74.875 0.59179
15.875 75.125 0.80083
15.875 75.375 1.1619
15.875 75.625 0.88602
15.875 75.875 0.81251
15.875 76.125 0.77797
15.875 76.375 0.74801
15.875 76.625 0.91671
15.875 76.875 0.49138
15.875 77.125 0.68483
15.875 77.375 0.92361
15.875 77.625 0.8575
15.875 77.875 2.0892
15.875 78.125 2.1434
15.875 78.375 2.0086
15.875 78.625 2.2594
15.875 78.875 0.90667
15.875 79.125 0.84459
15.875 79.375 0.35537
15.875 79.625 -0.40131
15.875 79.875 0.34873
15.875 80.125 0.89414
15.875 80.375 0.14331
15.875 80.625 NaN
15.875 80.875 -0.14835
16.125 73.625 1.112
16.125 73.875 0.7063
16.125 74.125 0.26691
16.125 74.375 -0.034772
16.125 74.625 0.23792
16.125 74.875 0.028697
16.125 75.125 -0.39729
16.125 75.375 0.28832
16.125 75.625 0.73691
16.125 75.875 1.4889
16.125 76.125 0.28797
16.125 76.375 0.58322
16.125 76.625 0.31313
16.125 76.875 0.15106
16.125 77.125 0.53364
16.125 77.375 1.2313
16.125 77.625 0.70903
16.125 77.875 2.2016
16.125 78.125 2.5064
16.125 78.375 2.0537
16.125 78.625 1.9039
16.125 78.875 1.3949
16.125 79.125 1.3981
16.125 79.375 0.58478
16.125 79.625 -0.036966
16.125 79.875 1.0238
16.125 80.125 2.5197
16.125 80.375 0.54315
16.125 80.625 0.2477
16.125 80.875 0.027711
16.375 73.625 0.52197
16.375 73.875 0.96822
16.375 74.125 0.13508
16.375 74.375 0.2442
16.375 74.625 -0.41379
16.375 74.875 -0.14707
16.375 75.125 -0.17119
16.375 75.375 0.66915
16.375 75.625 0.97233
16.375 75.875 1.8801
16.375 76.125 1.778
16.375 76.375 1.1357
16.375 76.625 0.48863
16.375 76.875 1.5171
16.375 77.125 1.032
16.375 77.375 1.1873
16.375 77.625 1.667
16.375 77.875 2.3805
16.375 78.125 2.6625
16.375 78.375 1.9851
16.375 78.625 2.5883
16.375 78.875 1.8666
16.375 79.125 1.5933
16.375 79.375 1.2716
16.375 79.625 0.67142
16.375 79.875 0.82689
16.375 80.125 0.93918
16.375 80.375 0.4949
16.375 80.625 0.61147
16.375 80.875 0.91711
16.375 81.125 0.7194
16.375 81.375 NaN
16.375 81.625 NaN
16.625 73.625 0.783
16.625 73.875 -0.39468
16.625 74.125 0.34939
16.625 74.375 -1.2009
16.625 74.625 0.034351
16.625 74.875 -0.14278
16.625 75.125 0.31302
16.625 75.375 0.79448
16.625 75.625 1.1337
16.625 75.875 1.027
16.625 76.125 1.0079
16.625 76.375 1.4048
16.625 76.625 0.14833
16.625 76.875 0.74448
16.625 77.125 1.447
16.625 77.375 1.6395
16.625 77.625 1.9101
16.625 77.875 2.7391
16.625 78.125 3.436
16.625 78.375 2.6814
16.625 78.625 2.4727
16.625 78.875 1.8927
16.625 79.125 1.0668
16.625 79.375 0.56569
16.625 79.625 0.56751
16.625 79.875 0.66609
16.625 80.125 0.99528
16.625 80.375 -0.0458
16.625 80.625 -0.15659
16.625 80.875 0.24868
16.625 81.125 0.29051
16.625 81.375 -0.24723
16.625 81.625 0.0060794
16.625 81.875 0.27166
16.625 82.125 0.0053389
16.875 73.375 1.392
16.875 73.625 0.61185
16.875 73.875 -0.36237
16.875 74.125 -1.0607
16.875 74.375 -0.2853
16.875 74.625 -0.5373
16.875 74.875 -0.015328
16.875 75.125 0.42116
16.875 75.375 1.5619
16.875 75.625 1.4457
16.875 75.875 0.88225
16.875 76.125 0.64341
16.875 76.375 1.0857
16.875 76.625 1.5089
16.875 76.875 1.1254
16.875 77.125 1.1144
16.875 77.375 1.9714
16.875 77.625 0.96444
16.875 77.875 1.063
16.875 78.125 1.0736
16.875 78.375 1.0402
16.875 78.625 1.2082
16.875 78.875 0.69988
16.875 79.125 0.88591
16.875 79.375 0.50982
16.875 79.625 1.0604
16.875 79.875 0.67286
16.875 80.125 1.3576
16.875 80.375 1.0971
16.875 80.625 0.74827
16.875 80.875 0.94625
16.875 81.125 0.31027
16.875 81.375 -0.50492
16.875 81.625 -0.23675
16.875 81.875 -0.47062
16.875 82.125 -0.19003
17.125 73.375 1.2194
17.125 73.625 -0.1688
17.125 73.875 -0.17961
17.125 74.125 -0.49474
17.125 74.375 -0.7059
17.125 74.625 -0.71176
17.125 74.875 -0.35456
17.125 75.125 -0.30421
17.125 75.375 1.2093
17.125 75.625 1.2439
17.125 75.875 1.0974
17.125 76.125 1.3242
17.125 76.375 1.0911
17.125 76.625 0.99221
17.125 76.875 2.045
17.125 77.125 1.3944
17.125 77.375 0.96932
17.125 77.625 1.6763
17.125 77.875 1.1364
17.125 78.125 1.1962
17.125 78.375 1.786
17.125 78.625 1.4192
17.125 78.875 2.439
17.125 79.125 1.7861
17.125 79.375 1.4267
17.125 79.625 1.0838
17.125 79.875 0.76824
17.125 80.125 1.2447
17.125 80.375 1.5391
17.125 80.625 1.3443
17.125 80.875 0.95542
17.125 81.125 0.37279
17.125 81.375 0.23646
17.125 81.625 -0.31793
17.125 81.875 -0.3449
17.125 82.125 0.14612
17.125 82.375 0.3832
17.375 73.375 0.64017
17.375 73.625 -0.66442
17.375 73.875 0.0011089
17.375 74.125 -1.0124
17.375 74.375 -1.3151
17.375 74.625 -0.73202
17.375 74.875 -0.40008
17.375 75.125 -0.45479
17.375 75.375 0.018303
17.375 75.625 1.0218
17.375 75.875 0.67306
17.375 76.125 0.98778
17.375 76.375 1.3409
17.375 76.625 1.1347
17.375 76.875 1.9212
17.375 77.125 1.4791
17.375 77.375 0.48665
17.375 77.625 1.7978
17.375 77.875 0.90863
17.375 78.125 1.4057
17.375 78.375 1.0708
17.375 78.625 2.27
17.375 78.875 3.7971
17.375 79.125 2.2979
17.375 79.375 2.2388
17.375 79.625 2.4667
17.375 79.875 2.026
17.375 80.125 2.0844
17.375 80.375 1.5024
17.375 80.625 0.81253
17.375 80.875 0.21519
17.375 81.125 -0.25262
17.375 81.375 0.051782
17.375 81.625 -0.23195
17.375 81.875 -0.30922
17.375 82.125 0.22453
17.375 82.375 0.57236
17.375 82.625 NaN
17.625 73.375 0.77146
17.625 73.625 -1.2655
17.625 73.875 -0.30437
17.625 74.125 -0.90872
17.625 74.375 -1.2164
17.625 74.625 -0.46612
17.625 74.875 0.021548
17.625 75.125 0.27442
17.625 75.375 0.14321
17.625 75.625 0.61446
17.625 75.875 0.5522
17.625 76.125 1.1805
17.625 76.375 1.664
17.625 76.625 1.9475
17.625 76.875 1.9432
17.625 77.125 1.7441
17.625 77.375 1.1094
17.625 77.625 1.0576
17.625 77.875 1.8052
17.625 78.125 1.6652
17.625 78.375 2.0351
17.625 78.625 1.8208
17.625 78.875 2.0542
17.625 79.125 2.4374
17.625 79.375 2.2049
17.625 79.625 3.2145
17.625 79.875 2.4849
17.625 80.125 2.1261
17.625 80.375 1.5963
17.625 80.625 1.3006
17.625 80.875 0.5495
17.625 81.125 0.4051
17.625 81.375 0.22554
17.625 81.625 -0.22156
17.625 81.875 -0.38376
17.625 82.125 -0.06592
17.625 82.375 0.54119
17.625 82.625 1.1033
17.625 82.875 0.4073
17.625 83.125 0.54167
17.875 73.375 1.0152
17.875 73.625 -0.69981
17.875 73.875 -0.29021
17.875 74.125 0.094659
17.875 74.375 -0.11535
17.875 74.625 -0.035357
17.875 74.875 0.59438
17.875 75.125 0.49697
17.875 75.375 0.28377
17.875 75.625 0.08792
17.875 75.875 0.18885
17.875 76.125 1.4085
17.875 76.375 1.9609
17.875 76.625 2.1562
17.875 76.875 1.8192
17.875 77.125 2.262
17.875 77.375 1.7122
17.875 77.625 2.8313
17.875 77.875 2.1579
17.875 78.125 2.3857
17.875 78.375 1.5688
17.875 78.625 2.189
17.875 78.875 2.3655
17.875 79.125 2.3777
17.875 79.375 1.7792
17.875 79.625 2.9606
17.875 79.875 2.9466
17.875 80.125 1.9271
17.875 80.375 1.0888
17.875 80.625 1.611
17.875 80.875 1.1496
17.875 81.125 0.89417
17.875 81.375 1.1288
17.875 81.625 0.45872
17.875 81.875 -0.1689
17.875 82.125 0.12911
17.875 82.375 0.99946
17.875 82.625 1.1747
17.875 82.875 1.1245
17.875 83.125 0.45908
17.875 83.375 0.36369
18.125 73.125 NaN
18.125 73.375 -0.043807
18.125 73.625 -0.26086
18.125 73.875 -0.28259
18.125 74.125 -0.015181
18.125 74.375 0.074961
18.125 74.625 0.58182
18.125 74.875 1.1182
18.125 75.125 0.36331
18.125 75.375 0.78592
18.125 75.625 0.89706
18.125 75.875 2.0261
18.125 76.125 1.7252
18.125 76.375 1.9073
18.125 76.625 2.1672
18.125 76.875 1.9694
18.125 77.125 2.7492
18.125 77.375 1.225
18.125 77.625 2.2508
18.125 77.875 2.1715
18.125 78.125 2.1662
18.125 78.375 1.8424
18.125 78.625 1.3819
18.125 78.875 3.1382
18.125 79.125 2.0453
18.125 79.375 1.7878
18.125 79.625 2.1236
18.125 79.875 2.238
18.125 80.125 2.1218
18.125 80.375 1.3645
18.125 80.625 1.1266
18.125 80.875 0.90029
18.125 81.125 0.65423
18.125 81.375 1.038
18.125 81.625 1.212
18.125 81.875 0.8142
18.125 82.125 1.0863
18.125 82.375 1.0083
18.125 82.625 1.0642
18.125 82.875 0.79487
18.125 83.125 0.86643
18.125 83.375 0.63427
18.125 83.625 1.3923
18.375 73.125 0.53974
18.375 73.375 -0.37972
18.375 73.625 0.19905
18.375 73.875 -0.10289
18.375 74.125 0.047126
18.375 74.375 0.42789
18.375 74.625 0.69633
18.375 74.875 0.68458
18.375 75.125 1.74
18.375 75.375 3.103
18.375 75.625 2.7421
18.375 75.875 1.024
18.375 76.125 1.5128
18.375 76.375 1.9591
18.375 76.625 1.8142
18.375 76.875 1.9654
18.375 77.125 1.3097
18.375 77.375 0.75987
18.375 77.625 0.94746
18.375 77.875 1.2533
18.375 78.125 1.7126
18.375 78.375 1.2448
18.375 78.625 0.46346
18.375 78.875 0.70254
18.375 79.125 1.6524
18.375 79.375 1.2964
18.375 79.625 1.4817
18.375 79.875 1.4666
18.375 80.125 1.0509
18.375 80.375 1.4989
18.375 80.625 1.5586
18.375 80.875 0.017864
18.375 81.125 0.56979
18.375 81.375 0.95696
18.375 81.625 1.259
18.375 81.875 1.0985
18.375 82.125 1.5103
18.375 82.375 1.4678
18.375 82.625 0.79748
18.375 82.875 -0.39924
18.375 83.125 1.1416
18.375 83.375 0.75157
18.375 83.625 0.96105
18.375 83.875 0.42194
18.625 73.125 1.4301
18.625 73.375 0.28367
18.625 73.625 -0.057975
18.625 73.875 0.081466
18.625 74.125 -0.024662
18.625 74.375 0.03281
18.625 74.625 0.51582
18.625 74.875 0.76152
18.625 75.125 1.9774
18.625 75.375 2.4422
18.625 75.625 1.7081
18.625 75.875 1.4165
18.625 76.125 0.73675
18.625 76.375 0.87441
18.625 76.625 2.4428
18.625 76.875 1.969
18.625 77.125 1.6272
18.625 77.375 0.41488
18.625 77.625 1.0043
18.625 77.875 0.5253
18.625 78.125 1.0222
18.625 78.375 1.3587
18.625 78.625 -0.96128
18.625 78.875 0.39431
18.625 79.125 -0.24521
18.625 79.375 0.91383
18.625 79.625 0.24705
18.625 79.875 0.73838
18.625 80.125 1.0654
18.625 80.375 1.9647
18.625 80.625 1.8638
18.625 80.875 0.34881
18.625 81.125 0.10097
18.625 81.375 1.3361
18.625 81.625 1.883
18.625 81.875 1.6353
18.625 82.125 1.4997
18.625 82.375 1.1343
18.625 82.625 1.4001
18.625 82.875 1.014
18.625 83.125 -0.056099
18.625 83.375 0.12184
18.625 83.625 0.1104
18.625 83.875 0.17788
18.625 84.125 0.24613
18.875 73.125 1.6615
18.875 73.375 0.75555
18.875 73.625 0.14383
18.875 73.875 0.041152
18.875 74.125 -0.20959
18.875 74.375 0.98876
18.875 74.625 0.8107
18.875 74.875 1.4072
18.875 75.125 1.1968
18.875 75.375 1.7331
18.875 75.625 1.3919
18.875 75.875 0.69836
18.875 76.125 1.4784
18.875 76.375 1.3893
18.875 76.625 2.1734
18.875 76.875 2.2754
18.875 77.125 1.3779
18.875 77.375 0.94984
18.875 77.625 2.4477
18.875 77.875 2.0845
18.875 78.125 1.4167
18.875 78.375 -1.1415
18.875 78.625 0.60604
18.875 78.875 0.71696
18.875 79.125 0.57778
18.875 79.375 1.6633
18.875 79.625 0.51218
18.875 79.875 0.65367
18.875 80.125 0.87471
18.875 80.375 1.3932
18.875 80.625 2.0002
18.875 80.875 1.3404
18.875 81.125 1.0934
18.875 81.375 1.564
18.875 81.625 0.56238
18.875 81.875 1.9547
18.875 82.125 0.95844
18.875 82.375 0.86739
18.875 82.625 0.96476
18.875 82.875 1.1284
18.875 83.125 0.50594
18.875 83.375 -0.048547
18.875 83.625 0.88971
18.875 83.875 0.78476
18.875 84.125 0.17032
18.875 84.375 -0.2997
19.125 73.125 2.108
19.125 73.375 1.6645
19.125 73.625 0.23333
19.125 73.875 0.272
19.125 74.125 0.32021
19.125 74.375 1.25
19.125 74.625 0.96688
19.125 74.875 2.1844
19.125 75.125 1.9491
19.125 75.375 1.4411
19.125 75.625 1.0861
19.125 75.875 0.70892
19.125 76.125 1.2047
19.125 76.375 1.37
19.125 76.625 1.5803
19.125 76.875 1.0409
19.125 77.125 1.4133
19.125 77.375 1.0159
19.125 77.625 1.8317
19.125 77.875 1.0871
19.125 78.125 0.42996
19.125 78.375 0.70228
19.125 78.625 1.0106
19.125 78.875 1.5348
19.125 79.125 1.8336
19.125 79.375 0.90242
19.125 79.625 1.2567
19.125 79.875 0.80149
19.125 80.125 0.59368
19.125 80.375 1.3894
19.125 80.625 1.6495
19.125 80.875 1.1315
19.125 81.125 1.2956
19.125 81.375 0.77293
19.125 81.625 0.55363
19.125 81.875 -0.3667
19.125 82.125 0.62424
19.125 82.375 0.8877
19.125 82.625 -0.17277
19.125 82.875 0.050844
19.125 83.125 -0.19745
19.125 83.375 -0.46627
19.125 83.625 -0.18791
19.125 83.875 0.47505
19.125 84.125 0.09617
19.125 84.375 -0.23079
19.125 84.625 -0.53047
19.375 72.875 1.4278
19.375 73.125 0.74392
19.375 73.375 1.6758
19.375 73.625 0.7718
19.375 73.875 0.3426
19.375 74.125 0.97868
19.375 74.375 1.4238
19.375 74.625 1.0354
19.375 74.875 1.1685
19.375 75.125 2.1981
19.375 75.375 1.0313
19.375 75.625 0.11647
19.375 75.875 0.15489
19.375 76.125 1.0516
19.375 76.375 0.37581
19.375 76.625 0.41732
19.375 76.875 0.53783
19.375 77.125 0.99923
19.375 77.375 1.1036
19.375 77.625 1.6207
19.375 77.875 1.0478
19.375 78.125 1.8563
19.375 78.375 1.2631
19.375 78.625 1.2606
19.375 78.875 1.6108
19.375 79.125 1.4546
19.375 79.375 1.4916
19.375 79.625 1.156
19.375 79.875 1.3624
19.375 80.125 1.3454
19.375 80.375 1.3109
19.375 80.625 1.3589
19.375 80.875 0.92801
19.375 81.125 0.43085
19.375 81.375 0.74781
19.375 81.625 0.39046
19.375 81.875 0.68226
19.375 82.125 0.9208
19.375 82.375 0.051273
19.375 82.625 0.016005
19.375 82.875 0.50465
19.375 83.125 0.1911
19.375 83.375 -0.30457
19.375 83.625 -0.14966
19.375 83.875 0.17599
19.375 84.125 0.17282
19.375 84.375 0.19335
19.375 84.625 -0.18723
19.375 84.875 -0.22728
19.625 72.875 1.6924
19.625 73.125 1.8582
19.625 73.375 1.7394
19.625 73.625 0.8285
19.625 73.875 0.46251
19.625 74.125 0.42762
19.625 74.375 0.99984
19.625 74.625 0.8235
19.625 74.875 0.38651
19.625 75.125 1.0168
19.625 75.375 0.69095
19.625 75.625 0.73335
19.625 75.875 0.74551
19.625 76.125 1.116
19.625 76.375 0.49066
19.625 76.625 0.23247
19.625 76.875 -0.62412
19.625 77.125 0.077733
19.625 77.375 1.0475
19.625 77.625 1.0168
19.625 77.875 0.82298
19.625 78.125 1.2802
19.625 78.375 1.2435
19.625 78.625 1.3694
19.625 78.875 1.6819
19.625 79.125 1.4449
19.625 79.375 1.1511
19.625 79.625 1.4227
19.625 79.875 1.471
19.625 80.125 1.3013
19.625 80.375 1.0626
19.625 80.625 1.1555
19.625 80.875 0.95691
19.625 81.125 0.83433
19.625 81.375 0.33823
19.625 81.625 0.47607
19.625 81.875 0.97413
19.625 82.125 0.77431
19.625 82.375 0.76898
19.625 82.625 0.4989
19.625 82.875 0.64646
19.625 83.125 0.60034
19.625 83.375 0.53322
19.625 83.625 0.74419
19.625 83.875 0.54083
19.625 84.125 -0.0035401
19.625 84.375 -0.17123
19.625 84.625 -0.089443
19.625 84.875 -0.27073
19.625 85.125 -0.93406
19.625 85.375 -0.62503
19.875 72.875 1.6214
19.875 73.125 1.7995
19.875 73.375 2.2264
19.875 73.625 1.1073
19.875 73.875 0.78675
19.875 74.125 0.82997
19.875 74.375 1.2008
19.875 74.625 1.2781
19.875 74.875 1.2493
19.875 75.125 0.46053
19.875 75.375 0.46884
19.875 75.625 0.64783
19.875 75.875 0.95063
19.875 76.125 1.0339
19.875 76.375 0.95999
19.875 76.625 0.37148
19.875 76.875 0.55623
19.875 77.125 0.83656
19.875 77.375 0.97598
19.875 77.625 0.99474
19.875 77.875 0.65241
19.875 78.125 0.50312
19.875 78.375 0.65105
19.875 78.625 0.99944
19.875 78.875 1.4343
19.875 79.125 1.7872
19.875 79.375 1.0647
19.875 79.625 1.263
19.875 79.875 1.5579
19.875 80.125 1.5575
19.875 80.375 0.98993
19.875 80.625 1.422
19.875 80.875 1.4098
19.875 81.125 1.3795
19.875 81.375 -0.24346
19.875 81.625 0.48209
19.875 81.875 1.503
19.875 82.125 0.62945
19.875 82.375 0.6028
19.875 82.625 0.45525
19.875 82.875 0.17159
19.875 83.125 0.39757
19.875 83.375 0.059135
19.875 83.625 0.38564
19.875 83.875 0.35909
19.875 84.125 0.03664
19.875 84.375 -0.19465
19.875 84.625 -0.16373
19.875 84.875 -0.28156
19.875 85.125 -0.51797
19.875 85.375 -0.85975
19.875 85.625 NaN
19.875 85.875 NaN
19.875 86.125 NaN
20.125 72.875 1.738
20.125 73.125 1.4353
20.125 73.375 1.1655
20.125 73.625 3.0186
20.125 73.875 0.9911
20.125 74.125 0.89241
20.125 74.375 1.9845
20.125 74.625 1.2434
20.125 74.875 0.79919
20.125 75.125 0.5453
20.125 75.375 0.3003
20.125 75.625 -0.13738
20.125 75.875 -0.066538
20.125 76.125 0.70364
20.125 76.375 0.79001
20.125 76.625 0.83764
20.125 76.875 0.85528
20.125 77.125 0.96226
20.125 77.375 1.344
20.125 77.625 1.1702
20.125 77.875 0.74736
20.125 78.125 0.4502
20.125 78.375 0.69902
20.125 78.625 0.97457
20.125 78.875 0.9948
20.125 79.125 1.1121
20.125 79.375 0.91441
20.125 79.625 1.2646
20.125 79.875 1.5327
20.125 80.125 1.5253
20.125 80.375 1.4415
20.125 80.625 1.602
20.125 80.875 1.2591
20.125 81.125 0.52339
20.125 81.375 0.52754
20.125 81.625 0.56808
20.125 81.875 1.4767
20.125 82.125 1.2473
20.125 82.375 -0.038007
20.125 82.625 -0.14634
20.125 82.875 -0.51125
20.125 83.125 0.23736
20.125 83.375 -0.77302
20.125 83.625 -0.90303
20.125 83.875 0.83474
20.125 84.125 0.9298
20.125 84.375 -0.25014
20.125 84.625 0.30265
20.125 84.875 0.20519
20.125 85.125 0.59603
20.125 85.375 -0.23542
20.125 85.625 -0.036612
20.125 85.875 -0.80047
20.125 86.125 -0.83089
20.125 86.375 NaN
20.375 73.125 1.7555
20.375 73.375 1.5
20.375 73.625 1.2146
20.375 73.875 0.3059
20.375 74.125 0.1286
20.375 74.375 0.76362
20.375 74.625 0.56812
20.375 74.875 0.60834
20.375 75.125 1.5521
20.375 75.375 1.2505
20.375 75.625 0.4467
20.375 75.875 0.19264
20.375 76.125 0.16902
20.375 76.375 -0.092472
20.375 76.625 0.20481
20.375 76.875 0.10053
20.375 77.125 0.78326
20.375 77.375 0.97533
20.375 77.625 0.65269
20.375 77.875 0.018639
20.375 78.125 0.47107
20.375 78.375 0.74311
20.375 78.625 0.86147
20.375 78.875 0.95784
20.375 79.125 0.83316
20.375 79.375 0.81205
20.375 79.625 1.0924
20.375 79.875 1.6326
20.375 80.125 2.0245
20.375 80.375 1.4562
20.375 80.625 1.5327
20.375 80.875 1.3185
20.375 81.125 0.88659
20.375 81.375 0.75253
20.375 81.625 0.65313
20.375 81.875 0.90272
20.375 82.125 1.9722
20.375 82.375 1.3877
20.375 82.625 0.51403
20.375 82.875 0.1177
20.375 83.125 -0.056749
20.375 83.375 -0.21665
20.375 83.625 -0.34612
20.375 83.875 -0.32679
20.375 84.125 -0.29362
20.375 84.375 -0.96199
20.375 84.625 -0.1544
20.375 84.875 -0.4595
20.375 85.125 -0.46027
20.375 85.375 -0.57296
20.375 85.625 0.17611
20.375 85.875 -0.51684
20.375 86.125 -0.27245
20.375 86.375 -0.53452
20.375 86.625 NaN
20.625 73.125 0.6934
20.625 73.375 1.6759
20.625 73.625 2.0376
20.625 73.875 2.68
20.625 74.125 0.83793
20.625 74.375 1.3501
20.625 74.625 1.3715
20.625 74.875 0.7678
20.625 75.125 1.6252
20.625 75.375 1.1048
20.625 75.625 0.27273
20.625 75.875 -0.21658
20.625 76.125 -0.24238
20.625 76.375 -0.2675
20.625 76.625 -0.17699
20.625 76.875 0.089822
20.625 77.125 0.21121
20.625 77.375 0.14524
20.625 77.625 0.24433
20.625 77.875 0.66429
20.625 78.125 0.70712
20.625 78.375 0.68146
20.625 78.625 0.8314
20.625 78.875 0.8896
20.625 79.125 0.74901
20.625 79.375 0.46156
20.625 79.625 1.1404
20.625 79.875 1.3805
20.625 80.125 1.9612
20.625 80.375 1.0571
20.625 80.625 0.58285
20.625 80.875 1.029
20.625 81.125 0.82069
20.625 81.375 0.71985
20.625 81.625 0.53168
20.625 81.875 0.98208
20.625 82.125 2.8412
20.625 82.375 1.4361
20.625 82.625 0.68612
20.625 82.875 0.61765
20.625 83.125 0.53532
20.625 83.375 -0.051036
20.625 83.625 -0.34002
20.625 83.875 -0.66227
20.625 84.125 -0.96879
20.625 84.375 -0.77657
20.625 84.625 -0.22576
20.625 84.875 -0.23203
20.625 85.125 -0.38719
20.625 85.375 0.66912
20.625 85.625 -1.0981
20.625 85.875 -0.21325
20.625 86.125 0.26049
20.625 86.375 0.030161
20.625 86.625 -0.02096
20.625 86.875 NaN
20.875 70.625 2.3757
20.875 70.875 2.0214
20.875 71.125 1.7849
20.875 71.375 2.8864
20.875 72.875 1.339
20.875 73.125 1.916
20.875 73.375 1.7479
20.875 73.625 1.9724
20.875 73.875 1.5938
20.875 74.125 1.6651
20.875 74.375 1.8055
20.875 74.625 1.369
20.875 74.875 0.32553
20.875 75.125 0.82459
20.875 75.375 -0.0047266
20.875 75.625 -0.38232
20.875 75.875 -0.10354
20.875 76.125 -0.13681
20.875 76.375 -0.41366
20.875 76.625 -0.13402
20.875 76.875 0.37318
20.875 77.125 0.2369
20.875 77.375 0.074684
20.875 77.625 0.52878
20.875 77.875 0.74331
20.875 78.125 0.97754
20.875 78.375 0.87738
20.875 78.625 0.52688
20.875 78.875 0.83003
20.875 79.125 0.78077
20.875 79.375 0.14784
20.875 79.625 0.36834
20.875 79.875 0.50179
20.875 80.125 0.94921
20.875 80.375 0.31018
20.875 80.625 0.68776
20.875 80.875 1.1848
20.875 81.125 1.2558
20.875 81.375 0.4451
20.875 81.625 0.94523
20.875 81.875 0.81187
20.875 82.125 1.3855
20.875 82.375 1.4472
20.875 82.625 0.042972
20.875 82.875 0.46538
20.875 83.125 0.67719
20.875 83.375 -0.16474
20.875 83.625 -0.083521
20.875 83.875 -0.21777
20.875 84.125 -0.52517
20.875 84.375 0.57903
20.875 84.625 -0.032622
20.875 84.875 0.041719
20.875 85.125 0.031933
20.875 85.375 0.75526
20.875 85.625 0.24732
20.875 85.875 0.21267
20.875 86.125 -0.27044
20.875 86.375 -0.75555
20.875 86.625 -0.27159
21.125 70.375 1.4196
21.125 70.625 0.86354
21.125 70.875 0.63175
21.125 71.125 1.3033
21.125 71.375 1.9603
21.125 71.625 NaN
21.125 71.875 NaN
21.125 72.875 0.61608
21.125 73.125 0.73376
21.125 73.375 2.9111
21.125 73.625 0.91681
21.125 73.875 0.9877
21.125 74.125 0.99522
21.125 74.375 0.68782
21.125 74.625 0.82735
21.125 74.875 1.0028
21.125 75.125 0.40661
21.125 75.375 1.7101
21.125 75.625 -0.0081568
21.125 75.875 -0.053726
21.125 76.125 0.69505
21.125 76.375 0.56451
21.125 76.625 -0.035425
21.125 76.875 0.040538
21.125 77.125 -0.28871
21.125 77.375 -0.013155
21.125 77.625 0.44283
21.125 77.875 0.56535
21.125 78.125 0.37153
21.125 78.375 0.37972
21.125 78.625 0.20208
21.125 78.875 0.74601
21.125 79.125 0.39129
21.125 79.375 0.05986
21.125 79.625 0.14224
21.125 79.875 0.43776
21.125 80.125 0.15566
21.125 80.375 -0.12107
21.125 80.625 0.76607
21.125 80.875 0.45384
21.125 81.125 0.032201
21.125 81.375 0.52354
21.125 81.625 0.68533
21.125 81.875 0.94998
21.125 82.125 1.2885
21.125 82.375 0.69111
21.125 82.625 0.72132
21.125 82.875 0.89826
21.125 83.125 0.43815
21.125 83.375 0.23098
21.125 83.625 0.55987
21.125 83.875 0.20041
21.125 84.125 -0.39173
21.125 84.375 -0.62978
21.125 84.625 0.35672
21.125 84.875 0.55436
21.125 85.125 0.52764
21.125 85.375 0.56132
21.125 85.625 1.2553
21.125 85.875 1.7808
21.125 86.125 -0.30704
21.125 86.375 -0.20024
21.125 86.625 0.17219
21.375 70.125 1.519
21.375 70.375 0.89115
21.375 70.625 1.1062
21.375 70.875 0.58546
21.375 71.125 0.77379
21.375 71.375 1.0593
21.375 71.625 1.4009
21.375 71.875 1.9163
21.375 72.875 1.2622
21.375 73.125 2.0615
21.375 73.375 2.4066
21.375 73.625 1.3627
21.375 73.875 1.1253
21.375 74.125 0.70939
21.375 74.375 0.84622
21.375 74.625 1.195
21.375 74.875 1.707
21.375 75.125 1.237
21.375 75.375 0.87862
21.375 75.625 0.10422
21.375 75.875 0.15212
21.375 76.125 1.0937
21.375 76.375 0.62682
21.375 76.625 -0.28696
21.375 76.875 -0.40987
21.375 77.125 -0.24039
21.375 77.375 0.2242
21.375 77.625 0.17793
21.375 77.875 0.29299
21.375 78.125 0.21254
21.375 78.375 1.05
21.375 78.625 0.76931
21.375 78.875 0.43511
21.375 79.125 0.27576
21.375 79.375 0.033368
21.375 79.625 -0.74263
21.375 79.875 0.37293
21.375 80.125 -0.47192
21.375 80.375 -0.31792
21.375 80.625 0.3695
21.375 80.875 -0.18145
21.375 81.125 -1.0024
21.375 81.375 0.084104
21.375 81.625 0.41089
21.375 81.875 1.024
21.375 82.125 0.95963
21.375 82.375 0.98751
21.375 82.625 0.60228
21.375 82.875 0.83839
21.375 83.125 0.77877
21.375 83.375 0.80842
21.375 83.625 0.81677
21.375 83.875 0.43978
21.375 84.125 0.033516
21.375 84.375 0.064452
21.375 84.625 0.29598
21.375 84.875 0.33196
21.375 85.125 0.55278
21.375 85.375 0.54004
21.375 85.625 1.3421
21.375 85.875 0.65509
21.375 86.125 0.61801
21.375 86.375 0.47304
21.375 86.625 0.19029
21.375 86.875 0.040124
21.625 69.875 0.65932
21.625 70.125 0.22631
21.625 70.375 0.78413
21.625 70.625 1.0674
21.625 70.875 0.60642
21.625 71.125 0.53499
21.625 71.375 1.4316
21.625 71.625 2.4699
21.625 71.875 1.6941
21.625 72.125 1.0873
21.625 72.875 1.5192
21.625 73.125 1.5232
21.625 73.375 1.4792
21.625 73.625 1.2119
21.625 73.875 1.0108
21.625 74.125 0.8835
21.625 74.375 0.93736
21.625 74.625 1.9956
21.625 74.875 2.2526
21.625 75.125 0.99564
21.625 75.375 0.55437
21.625 75.625 -0.0095403
21.625 75.875 0.18093
21.625 76.125 0.37593
21.625 76.375 -0.025674
21.625 76.625 -0.33915
21.625 76.875 0.010402
21.625 77.125 0.47577
21.625 77.375 0.56046
21.625 77.625 0.032112
21.625 77.875 -0.043928
21.625 78.125 0.075975
21.625 78.375 0.86366
21.625 78.625 0.19971
21.625 78.875 -0.0051731
21.625 79.125 0.10309
21.625 79.375 0.08391
21.625 79.625 -0.028714
21.625 79.875 0.01744
21.625 80.125 -0.0081684
21.625 80.375 0.36822
21.625 80.625 -0.19041
21.625 80.875 -0.45523
21.625 81.125 -1.0008
21.625 81.375 -0.83451
21.625 81.625 0.061374
21.625 81.875 0.81373
21.625 82.125 1.0298
21.625 82.375 0.46105
21.625 82.625 0.92606
21.625 82.875 NaN
21.625 83.125 0.99648
21.625 83.375 0.29499
21.625 83.625 0.50677
21.625 83.875 1.004
21.625 84.125 0.66183
21.625 84.375 0.84683
21.625 84.625 0.67545
21.625 84.875 1.2969
21.625 85.125 0.64164
21.625 85.375 0.6994
21.625 85.625 0.69224
21.625 85.875 1.0781
21.625 86.125 0.70688
21.625 86.375 0.73332
21.625 86.625 -0.49745
21.625 86.875 -0.21212
21.625 87.125 -0.011186
21.625 87.375 NaN
21.875 69.375 NaN
21.875 69.625 0.98499
21.875 69.875 0.77011
21.875 70.125 0.75179
21.875 70.375 0.89571
21.875 70.625 0.89719
21.875 70.875 0.086875
21.875 71.125 -0.020947
21.875 71.375 1.0735
21.875 71.625 1.9345
21.875 71.875 1.3384
21.875 72.125 0.93149
21.875 72.625 NaN
21.875 72.875 1.2971
21.875 73.125 1.0304
21.875 73.375 0.8915
21.875 73.625 0.67002
21.875 73.875 0.90387
21.875 74.125 0.86056
21.875 74.375 0.81977
21.875 74.625 0.83379
21.875 74.875 0.82397
21.875 75.125 0.69404
21.875 75.375 -0.2868
21.875 75.625 -0.043243
21.875 75.875 0.53202
21.875 76.125 0.34745
21.875 76.375 0.0809
21.875 76.625 0.026012
21.875 76.875 0.46979
21.875 77.125 0.73764
21.875 77.375 0.45437
21.875 77.625 0.22304
21.875 77.875 -0.094788
21.875 78.125 -0.42386
21.875 78.375 -0.36774
21.875 78.625 -0.13125
21.875 78.875 0.32626
21.875 79.125 0.51472
21.875 79.375 0.46993
21.875 79.625 0.30909
21.875 79.875 0.42354
21.875 80.125 0.73029
21.875 80.375 0.56199
21.875 80.625 0.31863
21.875 80.875 -0.031808
21.875 81.125 -0.52081
21.875 81.375 -0.060462
21.875 81.625 0.56855
21.875 81.875 -0.12068
21.875 82.125 1.1444
21.875 82.375 0.60992
21.875 82.625 0.084698
21.875 82.875 0.34559
21.875 83.125 0.54525
21.875 83.375 0.31529
21.875 83.625 0.50488
21.875 83.875 1.2212
21.875 84.125 0.5472
21.875 84.375 0.81268
21.875 84.625 0.82183
21.875 84.875 1.1121
21.875 85.125 0.87137
21.875 85.375 0.94756
21.875 85.625 -0.021084
21.875 85.875 1.4358
21.875 86.125 0.90319
21.875 86.375 0.86466
21.875 86.625 -0.24701
21.875 86.875 -0.52076
21.875 87.125 -0.040777
21.875 87.375 0.23911
21.875 87.625 0.011756
21.875 87.875 0.1179
21.875 88.375 0.081423
21.875 88.625 NaN
21.875 88.875 NaN
22.125 69.125 1.4261
22.125 69.375 0.9539
22.125 69.625 0.69616
22.125 69.875 0.49048
22.125 70.125 0.63417
22.125 70.375 0.51721
22.125 70.625 0.32749
22.125 70.875 0.52812
22.125 71.125 -0.21498
22.125 71.375 0.8711
22.125 71.625 1.2134
22.125 71.875 0.61417
22.125 72.125 0.71385
22.125 72.625 NaN
22.125 72.875 0.70101
22.125 73.125 0.73606
22.125 73.375 1.4372
22.125 73.625 0.98292
22.125 73.875 0.8027
22.125 74.125 1.8839
22.125 74.375 0.81575
22.125 74.625 0.39755
22.125 74.875 0.49664
22.125 75.125 0.56217
22.125 75.375 0.11136
22.125 75.625 1.0602
22.125 75.875 1.0284
22.125 76.125 0.31302
22.125 76.375 0.1748
22.125 76.625 0.50779
22.125 76.875 0.74635
22.125 77.125 0.7652
22.125 77.375 0.53713
22.125 77.625 0.20539
22.125 77.875 0.31913
22.125 78.125 -0.035227
22.125 78.375 -0.21951
22.125 78.625 -0.35884
22.125 78.875 -0.1075
22.125 79.125 0.27932
22.125 79.375 -0.072579
22.125 79.625 0.46865
22.125 79.875 0.88736
22.125 80.125 0.98823
22.125 80.375 1.2922
22.125 80.625 0.81671
22.125 80.875 -0.079424
22.125 81.125 -0.78916
22.125 81.375 1.0984
22.125 81.625 0.035304
22.125 81.875 0.3342
22.125 82.125 0.21305
22.125 82.375 -0.16551
22.125 82.625 -0.17908
22.125 82.875 -0.036494
22.125 83.125 -0.096043
22.125 83.375 -0.068395
22.125 83.625 0.56021
22.125 83.875 0.31053
22.125 84.125 0.55795
22.125 84.375 0.25077
22.125 84.625 0.45174
22.125 84.875 1.3752
22.125 85.125 0.82961
22.125 85.375 0.91248
22.125 85.625 0.67357
22.125 85.875 0.9828
22.125 86.125 0.92877
22.125 86.375 0.76312
22.125 86.625 0.12162
22.125 86.875 0.19814
22.125 87.125 -0.024419
22.125 87.375 -0.34157
22.125 87.625 -0.20613
22.125 87.875 0.28889
22.125 88.125 0.34462
22.125 88.375 0.17509
22.125 92.875 NaN
22.375 69.125 1.1174
22.375 69.875 0.30892
22.375 70.125 0.66509
22.375 70.375 0.087532
22.375 70.625 0.33715
22.375 70.875 0.49359
22.375 71.125 1.2469
22.375 71.375 0.91603
22.375 71.625 0.49679
22.375 71.875 0.74517
22.375 72.125 0.66502
22.375 72.625 NaN
22.375 72.875 0.65572
22.375 73.125 0.92489
22.375 73.375 0.84437
22.375 73.625 1.4326
22.375 73.875 1.0192
22.375 74.125 1.0374
22.375 74.375 0.76773
22.375 74.625 0.64364
22.375 74.875 0.74827
22.375 75.125 0.92974
22.375 75.375 0.99659
22.375 75.625 0.79909
22.375 75.875 -0.016265
22.375 76.125 0.46685
22.375 76.375 0.44952
22.375 76.625 1.1476
22.375 76.875 0.90247
22.375 77.125 0.9623
22.375 77.375 0.94353
22.375 77.625 0.68545
22.375 77.875 0.80936
22.375 78.125 0.56928
22.375 78.375 0.45507
22.375 78.625 0.03969
22.375 78.875 0.3881
22.375 79.125 0.48577
22.375 79.375 0.76698
22.375 79.625 1.0199
22.375 79.875 0.71149
22.375 80.125 1.0218
22.375 80.375 2.0262
22.375 80.625 0.71242
22.375 80.875 0.23539
22.375 81.125 0.10023
22.375 81.375 0.82143
22.375 81.625 0.21714
22.375 81.875 0.59708
22.375 82.125 0.20988
22.375 82.375 -0.078286
22.375 82.625 -0.64063
22.375 82.875 -0.64011
22.375 83.125 -0.82736
22.375 83.375 -0.80557
22.375 83.625 -0.82637
22.375 83.875 -0.0017631
22.375 84.125 -0.074327
22.375 84.375 0.20214
22.375 84.625 0.5249
22.375 84.875 0.95427
22.375 85.125 0.81658
22.375 85.375 0.78166
22.375 85.625 0.43755
22.375 85.875 1.5139
22.375 86.125 2.6134
22.375 86.375 0.62061
22.375 86.625 0.34989
22.375 86.875 0.19793
22.375 87.125 0.12783
22.375 87.375 -0.24947
22.375 87.625 -0.27491
22.375 87.875 0.73528
22.375 88.125 -0.86397
22.375 88.375 0.19662
22.375 88.625 0.23262
22.375 88.875 0.16062
22.375 92.875 1.3589
22.625 70.375 0.9693
22.625 70.625 1.1431
22.625 70.875 0.68698
22.625 71.125 0.92367
22.625 71.375 0.79226
22.625 71.625 0.32828
22.625 71.875 0.3395
22.625 72.125 0.42103
22.625 72.375 0.53133
22.625 72.625 2.1806
22.625 72.875 0.4652
22.625 73.125 0.54325
22.625 73.375 1.4385
22.625 73.625 0.61243
22.625 73.875 -0.047387
22.625 74.125 0.64474
22.625 74.375 1.13
22.625 74.625 0.82621
22.625 74.875 0.74074
22.625 75.125 0.96431
22.625 75.375 0.93494
22.625 75.625 0.55677
22.625 75.875 0.096622
22.625 76.125 0.46364
22.625 76.375 0.2985
22.625 76.625 0.86509
22.625 76.875 1.0266
22.625 77.125 1.0656
22.625 77.375 1.0965
22.625 77.625 1.0054
22.625 77.875 1.2885
22.625 78.125 1.1402
22.625 78.375 0.66977
22.625 78.625 0.66466
22.625 78.875 0.6317
22.625 79.125 0.79171
22.625 79.375 0.83534
22.625 79.625 0.72163
22.625 79.875 0.56002
22.625 80.125 0.86616
22.625 80.375 0.31827
22.625 80.625 -0.57443
22.625 80.875 -0.33994
22.625 81.125 0.70443
22.625 81.375 0.27285
22.625 81.625 0.73195
22.625 81.875 0.52862
22.625 82.125 0.0056098
22.625 82.375 -0.47414
22.625 82.625 -0.90014
22.625 82.875 -1.0358
22.625 83.125 -1.1294
22.625 83.375 -0.60388
22.625 83.625 -0.22373
22.625 83.875 -0.57827
22.625 84.125 -0.18466
22.625 84.375 -0.0082304
22.625 84.625 0.60214
22.625 84.875 1.2536
22.625 85.125 0.88347
22.625 85.375 0.47152
22.625 85.625 1.1174
22.625 85.875 1.466
22.625 86.125 2.1855
22.625 86.375 0.60637
22.625 86.625 0.47061
22.625 86.875 0.34483
22.625 87.125 0.24159
22.625 87.375 0.080981
22.625 87.625 0.15793
22.625 87.875 0.13626
22.625 88.125 0.05453
22.625 88.375 0.44353
22.625 88.625 0.35065
22.625 88.875 0.29831
22.625 92.625 -0.087409
22.625 92.875 1.0436
22.875 69.375 NaN
22.875 69.625 NaN
22.875 69.875 NaN
22.875 70.625 1.2492
22.875 70.875 0.75526
22.875 71.125 0.41446
22.875 71.375 -0.11225
22.875 71.625 0.018056
22.875 71.875 -0.16599
22.875 72.125 0.22582
22.875 72.375 0.56504
22.875 72.625 1.95
22.875 72.875 0.57104
22.875 73.125 1.1697
22.875 73.375 1.3862
22.875 73.625 0.4738
22.875 73.875 0.39171
22.875 74.125 1.0154
22.875 74.375 0.8363
22.875 74.625 0.91342
22.875 74.875 1.0394
22.875 75.125 0.71434
22.875 75.375 0.16036
22.875 75.625 -0.063912
22.875 75.875 0.0046035
22.875 76.125 -0.13519
22.875 76.375 -0.19085
22.875 76.625 0.17791
22.875 76.875 0.75167
22.875 77.125 0.69458
22.875 77.375 1.1845
22.875 77.625 1.0682
22.875 77.875 1.1894
22.875 78.125 1.589
22.875 78.375 1.0112
22.875 78.625 0.87108
22.875 78.875 0.77112
22.875 79.125 0.40266
22.875 79.375 0.37256
22.875 79.625 -0.16304
22.875 79.875 0.44726
22.875 80.125 0.33766
22.875 80.375 0.49392
22.875 80.625 -0.041212
22.875 80.875 0.36918
22.875 81.125 0.66107
22.875 81.375 0.29225
22.875 81.625 -0.093998
22.875 81.875 0.030244
22.875 82.125 0.0060028
22.875 82.375 0.1614
22.875 82.625 -0.47659
22.875 82.875 -0.25015
22.875 83.125 -1.0141
22.875 83.375 -0.28299
22.875 83.625 0.31478
22.875 83.875 -0.22301
22.875 84.125 -0.29657
22.875 84.375 -0.18319
22.875 84.625 0.93589
22.875 84.875 0.64822
22.875 85.125 1.3539
22.875 85.375 1.4042
22.875 85.625 1.121
22.875 85.875 0.53564
22.875 86.125 0.090992
22.875 86.375 0.26418
22.875 86.625 0.97013
22.875 86.875 1.0997
22.875 87.125 0.45924
22.875 87.375 0.31005
22.875 87.625 -0.20912
22.875 87.875 -1.2955
22.875 88.125 -0.30032
22.875 88.375 0.074237
22.875 88.625 0.35798
22.875 92.625 -0.11417
22.875 92.875 0.7546
23.125 68.875 0.38019
23.125 69.125 0.85745
23.125 69.375 0.99915
23.125 69.625 1.1646
23.125 69.875 1.5345
23.125 70.125 1.3838
23.125 70.875 0.61139
23.125 71.125 0.42264
23.125 71.375 0.038171
23.125 71.625 0.20832
23.125 71.875 -0.17622
23.125 72.125 0.1033
23.125 72.375 0.1399
23.125 72.625 1.8121
23.125 72.875 0.83026
23.125 73.125 0.453
23.125 73.375 1.4221
23.125 73.625 1.309
23.125 73.875 0.96865
23.125 74.125 0.65669
23.125 74.375 0.8121
23.125 74.625 1.4975
23.125 74.875 0.98915
23.125 75.125 0.89214
23.125 75.375 0.41459
23.125 75.625 -0.043146
23.125 75.875 -0.064736
23.125 76.125 -0.33079
23.125 76.375 -0.40857
23.125 76.625 -0.47101
23.125 76.875 -0.28822
23.125 77.125 0.12499
23.125 77.375 0.7728
23.125 77.625 0.81051
23.125 77.875 0.87983
23.125 78.125 0.93338
23.125 78.375 1.0529
23.125 78.625 0.80926
23.125 78.875 0.51998
23.125 79.125 0.14054
23.125 79.375 0.45979
23.125 79.625 -0.12028
23.125 79.875 0.26798
23.125 80.125 0.23966
23.125 80.375 0.48069
23.125 80.625 0.99356
23.125 80.875 1.2703
23.125 81.125 1.0451
23.125 81.375 0.37168
23.125 81.625 0.14449
23.125 81.875 0.013013
23.125 82.125 0.30657
23.125 82.375 0.79827
23.125 82.625 0.96255
23.125 82.875 -0.22767
23.125 83.125 -0.58657
23.125 83.375 1.5462
23.125 83.625 2.6385
23.125 83.875 1.4603
23.125 84.125 0.17827
23.125 84.375 0.72057
23.125 84.625 1.1393
23.125 84.875 1.132
23.125 85.125 0.9033
23.125 85.375 1.8068
23.125 85.625 0.82722
23.125 85.875 0.049868
23.125 86.125 0.35435
23.125 86.375 0.93588
23.125 86.625 0.90382
23.125 86.875 1.0503
23.125 87.125 0.36524
23.125 87.375 0.38465
23.125 87.625 0.25023
23.125 87.875 -0.52064
23.125 88.125 -0.8393
23.125 88.375 -0.58
23.125 88.625 -0.11593
23.125 91.625 NaN
23.125 92.625 -0.34851
23.125 92.875 -0.18389
23.125 93.125 NaN
23.375 68.875 0.66714
23.375 69.125 0.90392
23.375 69.375 1.19
23.375 69.625 1.4369
23.375 69.875 1.4675
23.375 70.125 1.4555
23.375 70.375 1.4813
23.375 70.625 1.4433
23.375 70.875 0.98479
23.375 71.125 0.8679
23.375 71.375 0.37348
23.375 71.625 -0.069391
23.375 71.875 0.05629
23.375 72.125 -0.072024
23.375 72.375 0.20436
23.375 72.625 0.64745
23.375 72.875 1.2092
23.375 73.125 1.2219
23.375 73.375 1.1625
23.375 73.625 0.47835
23.375 73.875 0.31643
23.375 74.125 0.53906
23.375 74.375 0.61741
23.375 74.625 1.7762
23.375 74.875 1.3666
23.375 75.125 0.79005
23.375 75.375 0.4349
23.375 75.625 0.031609
23.375 75.875 -0.24943
23.375 76.125 -0.067538
23.375 76.375 -0.27611
23.375 76.625 -0.32663
23.375 76.875 -0.094187
23.375 77.125 -0.24952
23.375 77.375 0.45621
23.375 77.625 -0.084464
23.375 77.875 0.46251
23.375 78.125 0.29836
23.375 78.375 0.54659
23.375 78.625 0.54759
23.375 78.875 0.27184
23.375 79.125 -0.013189
23.375 79.375 0.25834
23.375 79.625 0.82696
23.375 79.875 0.58001
23.375 80.125 0.08198
23.375 80.375 0.43555
23.375 80.625 1.0587
23.375 80.875 1.1729
23.375 81.125 0.56762
23.375 81.375 0.29466
23.375 81.625 0.62123
23.375 81.875 0.63944
23.375 82.125 1.8562
23.375 82.375 0.25591
23.375 82.625 0.29812
23.375 82.875 0.11673
23.375 83.125 1.5774
23.375 83.375 2.4499
23.375 83.625 2.7075
23.375 83.875 1.0487
23.375 84.125 0.57467
23.375 84.375 0.98037
23.375 84.625 0.82988
23.375 84.875 0.48735
23.375 85.125 0.94521
23.375 85.375 0.93259
23.375 85.625 0.75964
23.375 85.875 0.0090561
23.375 86.125 -0.056441
23.375 86.375 0.48908
23.375 86.625 0.2007
23.375 86.875 0.36722
23.375 87.125 0.36117
23.375 87.375 -0.071809
23.375 87.625 0.32544
23.375 87.875 -0.59846
23.375 88.125 -0.85244
23.375 88.375 -0.62123
23.375 88.625 -0.4798
23.375 91.375 -0.76162
23.375 91.625 -0.88772
23.375 92.625 -0.52702
23.375 92.875 -0.65333
23.375 93.125 -1.2983
23.625 68.625 0.69161
23.625 68.875 0.71519
23.625 69.125 0.79337
23.625 69.375 1.0652
23.625 69.625 1.214
23.625 69.875 1.2469
23.625 70.125 1.4777
23.625 70.375 1.5145
23.625 70.625 1.5687
23.625 70.875 1.0812
23.625 71.125 1.1003
23.625 71.375 1.3761
23.625 71.625 0.064139
23.625 71.875 -0.16249
23.625 72.125 0.22028
23.625 72.375 0.04017
23.625 72.625 0.9009
23.625 72.875 1.4461
23.625 73.125 1.2288
23.625 73.375 0.85843
23.625 73.625 0.8321
23.625 73.875 0.73538
23.625 74.125 1.2338
23.625 74.375 0.76617
23.625 74.625 1.4341
23.625 74.875 1.1128
23.625 75.125 0.036051
23.625 75.375 0.54733
23.625 75.625 0.59648
23.625 75.875 0.51465
23.625 76.125 0.36644
23.625 76.375 0.32881
23.625 76.625 0.95386
23.625 76.875 0.86339
23.625 77.125 -0.013977
23.625 77.375 -0.023348
23.625 77.625 -0.39593
23.625 77.875 0.26474
23.625 78.125 0.32965
23.625 78.375 0.27972
23.625 78.625 0.11401
23.625 78.875 0.032211
23.625 79.125 -0.0048511
23.625 79.375 0.10943
23.625 79.625 0.37963
23.625 79.875 1.1989
23.625 80.125 0.65274
23.625 80.375 0.44595
23.625 80.625 0.94207
23.625 80.875 0.91073
23.625 81.125 0.12895
23.625 81.375 0.69396
23.625 81.625 1.1248
23.625 81.875 1.1233
23.625 82.125 1.1209
23.625 82.375 1.2171
23.625 82.625 1.3843
23.625 82.875 1.5455
23.625 83.125 1.9446
23.625 83.375 1.5663
23.625 83.625 1.543
23.625 83.875 0.68646
23.625 84.125 0.49392
23.625 84.375 0.45288
23.625 84.625 0.30028
23.625 84.875 0.35553
23.625 85.125 0.47227
23.625 85.375 0.87006
23.625 85.625 0.68101
23.625 85.875 2.4077
23.625 86.125 -0.97829
23.625 86.375 0.43689
23.625 86.625 0.33903
23.625 86.875 -0.11904
23.625 87.125 -0.59061
23.625 87.375 -0.15307
23.625 87.625 -0.34105
23.625 87.875 -0.58849
23.625 88.125 -0.77723
23.625 88.375 -0.71909
23.625 91.375 -0.69175
23.625 91.625 -0.87312
23.625 91.875 NaN
23.625 92.375 -0.8259
23.625 92.625 -0.67763
23.625 92.875 -1.0579
23.625 93.125 -1.5071
23.875 68.875 0.55448
23.875 69.125 0.58574
23.875 69.375 0.90739
23.875 69.625 1.1375
23.875 69.875 1.3528
23.875 70.125 1.3304
23.875 70.375 1.3079
23.875 70.625 1.2717
23.875 70.875 1.1658
23.875 71.125 1.443
23.875 71.375 1.892
23.875 71.625 0.9785
23.875 71.875 0.64061
23.875 72.125 0.77789
23.875 72.375 0.78545
23.875 72.625 1.1318
23.875 72.875 2.1414
23.875 73.125 1.9789
23.875 73.375 2.3948
23.875 73.625 0.97727
23.875 73.875 1.8229
23.875 74.125 1.4156
23.875 74.375 1.134
23.875 74.625 1.1264
23.875 74.875 0.60772
23.875 75.125 0.47518
23.875 75.375 0.26614
23.875 75.625 0.43213
23.875 75.875 0.43604
23.875 76.125 0.93288
23.875 76.375 0.7946
23.875 76.625 1.5046
23.875 76.875 1.0752
23.875 77.125 0.044558
23.875 77.375 0.14136
23.875 77.625 0.04895
23.875 77.875 0.53147
23.875 78.125 0.30937
23.875 78.375 0.049242
23.875 78.625 0.16422
23.875 78.875 0.25595
23.875 79.125 0.11082
23.875 79.375 0.11602
23.875 79.625 0.48545
23.875 79.875 0.71351
23.875 80.125 0.62354
23.875 80.375 0.084424
23.875 80.625 0.89615
23.875 80.875 0.54771
23.875 81.125 0.25718
23.875 81.375 0.90012
23.875 81.625 0.92667
23.875 81.875 1.1105
23.875 82.125 1.4277
23.875 82.375 1.5309
23.875 82.625 1.6773
23.875 82.875 1.2322
23.875 83.125 1.3284
23.875 83.375 0.59216
23.875 83.625 0.78008
23.875 83.875 1.1458
23.875 84.125 1.3683
23.875 84.375 0.76202
23.875 84.625 0.64811
23.875 84.875 0.1129
23.875 85.125 -0.192
23.875 85.375 0.38302
23.875 85.625 0.4163
23.875 85.875 0.86272
23.875 86.125 0.51731
23.875 86.375 1.3552
23.875 86.625 0.71159
23.875 86.875 0.61314
23.875 87.125 -0.46653
23.875 87.375 -0.34411
23.875 87.625 -0.54102
23.875 87.875 -0.59888
23.875 88.125 -0.55822
23.875 88.375 -0.7249
23.875 91.375 -1.1501
23.875 91.625 -1.176
23.875 91.875 -0.14997
23.875 92.125 -0.16818
23.875 92.375 -0.62654
23.875 92.625 -0.73643
23.875 92.875 -1.7366
23.875 93.125 -1.8305
23.875 93.375 -1.7899
24.125 68.875 0.54321
24.125 69.125 0.58232
24.125 69.375 0.89736
24.125 69.625 1.1777
24.125 69.875 1.2614
24.125 70.125 1.3139
24.125 70.375 1.3797
24.125 70.625 1.2331
24.125 70.875 1.2324
24.125 71.125 1.3825
24.125 71.375 1.4645
24.125 71.625 0.6569
24.125 71.875 0.82807
24.125 72.125 1.2054
24.125 72.375 0.92967
24.125 72.625 1.2545
24.125 72.875 1.3002
24.125 73.125 1.5305
24.125 73.375 1.2913
24.125 73.625 1.3286
24.125 73.875 1.8714
24.125 74.125 1.9465
24.125 74.375 1.5075
24.125 74.625 0.65004
24.125 74.875 0.29131
24.125 75.125 -0.21891
24.125 75.375 -0.015738
24.125 75.625 0.033668
24.125 75.875 0.36472
24.125 76.125 0.8304
24.125 76.375 0.86726
24.125 76.625 1.112
24.125 76.875 1.5163
24.125 77.125 0.75244
24.125 77.375 0.3921
24.125 77.625 0.43283
24.125 77.875 0.011654
24.125 78.125 -0.087418
24.125 78.375 0.14859
24.125 78.625 0.24061
24.125 78.875 0.020495
24.125 79.125 0.024604
24.125 79.375 -0.06256
24.125 79.625 -0.68662
24.125 79.875 0.12448
24.125 80.125 -0.44906
24.125 80.375 0.075496
24.125 80.625 0.79747
24.125 80.875 0.96134
24.125 81.125 0.44904
24.125 81.375 0.88201
24.125 81.625 1.0637
24.125 81.875 0.72448
24.125 82.125 1.1908
24.125 82.375 1.4945
24.125 82.625 1.64
24.125 82.875 0.77505
24.125 83.125 1.085
24.125 83.375 -0.0090736
24.125 83.625 -0.01542
24.125 83.875 0.7404
24.125 84.125 1.0478
24.125 84.375 0.852
24.125 84.625 0.65026
24.125 84.875 0.24466
24.125 85.125 -0.2836
24.125 85.375 0.20688
24.125 85.625 -0.010637
24.125 85.875 0.54364
24.125 86.125 0.1553
24.125 86.375 -0.78145
24.125 86.625 -0.30303
24.125 86.875 -0.23006
24.125 87.125 -0.67527
24.125 87.375 -0.7255
24.125 87.625 -0.83742
24.125 87.875 -0.85262
24.125 88.125 -0.59899
24.125 88.375 -0.63842
24.125 91.875 -0.32222
24.125 92.125 -0.2392
24.125 92.375 -0.91163
24.125 92.625 -0.91003
24.125 92.875 -1.555
24.125 93.125 -1.8398
24.125 93.375 -1.5013
24.125 93.625 -1.2512
24.125 93.875 -1.1585
24.125 94.125 NaN
24.375 71.375 1.2823
24.375 71.625 0.99327
24.375 71.875 0.82992
24.375 72.125 0.92988
24.375 72.375 0.31631
24.375 72.625 0.98879
24.375 72.875 0.97481
24.375 73.125 1.2399
24.375 73.375 2.0087
24.375 73.625 2.3281
24.375 73.875 2.0282
24.375 74.125 1.5793
24.375 74.375 1.9453
24.375 74.625 1.448
24.375 74.875 1.0521
24.375 75.125 0.52426
24.375 75.375 0.87643
24.375 75.625 1.3994
24.375 75.875 1.2431
24.375 76.125 0.96064
24.375 76.375 1.3573
24.375 76.625 1.9156
24.375 76.875 1.5283
24.375 77.125 1.0406
24.375 77.375 0.96934
24.375 77.625 1.1899
24.375 77.875 1.2016
24.375 78.125 0.86785
24.375 78.375 1.1804
24.375 78.625 0.37395
24.375 78.875 0.44255
24.375 79.125 0.43784
24.375 79.375 0.12887
24.375 79.625 -0.099039
24.375 79.875 -0.018919
24.375 80.125 -0.54138
24.375 80.375 0.26761
24.375 80.625 0.61929
24.375 80.875 0.62998
24.375 81.125 0.38723
24.375 81.375 0.77363
24.375 81.625 1.0258
24.375 81.875 1.8819
24.375 82.125 1.3789
24.375 82.375 1.4416
24.375 82.625 1.9966
24.375 82.875 2.0044
24.375 83.125 1.1187
24.375 83.375 0.81706
24.375 83.625 0.2392
24.375 83.875 0.057401
24.375 84.125 0.018451
24.375 84.375 0.80865
24.375 84.625 0.53126
24.375 84.875 0.2179
24.375 85.125 0.5341
24.375 85.375 0.58653
24.375 85.625 0.53919
24.375 85.875 -0.31301
24.375 86.125 -0.18997
24.375 86.375 -0.065239
24.375 86.625 -0.29944
24.375 86.875 -0.68006
24.375 87.125 -0.90221
24.375 87.375 -0.45406
24.375 87.625 -1.184
24.375 87.875 -0.79599
24.375 88.125 -0.61523
24.375 92.375 -1.3939
24.375 92.625 -1.0585
24.375 92.875 -1.3342
24.375 93.125 -1.8505
24.375 93.375 -1.2738
24.375 93.625 -1.18
24.375 93.875 -1.1635
24.375 94.125 -1.0437
24.625 71.125 0.30957
24.625 71.375 0.96733
24.625 71.625 1.2244
24.625 71.875 0.94529
24.625 72.125 0.59783
24.625 72.375 0.60683
24.625 72.625 0.94473
24.625 72.875 1.0964
24.625 73.125 1.5748
24.625 73.375 1.8243
24.625 73.625 2.7101
24.625 73.875 2.4264
24.625 74.125 1.5846
24.625 74.375 1.9272
24.625 74.625 1.969
24.625 74.875 1.7416
24.625 75.125 1.7867
24.625 75.375 1.9652
24.625 75.625 1.6691
24.625 75.875 1.3741
24.625 76.125 1.9348
24.625 76.375 2.16
24.625 76.625 2.0864
24.625 76.875 1.5939
24.625 77.125 1.1542
24.625 77.375 1.3347
24.625 77.625 1.2887
24.625 77.875 1.6616
24.625 78.125 1.1443
24.625 78.375 1.2549
24.625 78.625 0.53124
24.625 78.875 0.66772
24.625 79.125 0.68328
24.625 79.375 0.57399
24.625 79.625 0.39361
24.625 79.875 0.29327
24.625 80.125 0.47291
24.625 80.375 0.48375
24.625 80.625 0.71015
24.625 80.875 -0.024805
24.625 81.125 -0.54626
24.625 81.375 1.4155
24.625 81.625 2.0496
24.625 81.875 2.3191
24.625 82.125 0.3127
24.625 82.375 0.65719
24.625 82.625 2.1646
24.625 82.875 2.2596
24.625 83.125 0.58817
24.625 83.375 0.2722
24.625 83.625 0.80375
24.625 83.875 0.20644
24.625 84.125 0.31231
24.625 84.375 0.40436
24.625 84.625 -0.103
24.625 84.875 -0.28106
24.625 85.125 -0.25446
24.625 85.375 -0.068413
24.625 85.625 -0.38356
24.625 85.875 -0.79213
24.625 86.125 -0.23292
24.625 86.375 0.034987
24.625 86.625 0.23714
24.625 86.875 -0.60618
24.625 87.125 -0.12247
24.625 87.375 -0.07647
24.625 87.625 -0.21621
24.625 87.875 -0.01478
24.625 92.375 -0.80618
24.625 92.625 -0.95822
24.625 92.875 -1.1283
24.625 93.125 -0.80279
24.625 93.375 -0.93681
24.625 93.625 -1.4035
24.625 93.875 -0.89612
24.625 94.125 -0.71207
24.625 94.375 NaN
24.875 71.125 0.17448
24.875 71.375 0.25734
24.875 71.625 0.58717
24.875 71.875 0.30385
24.875 72.125 0.15827
24.875 72.375 0.56926
24.875 72.625 0.51024
24.875 72.875 0.44736
24.875 73.125 0.67412
24.875 73.375 1.3375
24.875 73.625 1.7184
24.875 73.875 1.7515
24.875 74.125 2.0937
24.875 74.375 2.1882
24.875 74.625 2.0466
24.875 74.875 1.8321
24.875 75.125 2.2685
24.875 75.375 1.9486
24.875 75.625 1.2929
24.875 75.875 1.9812
24.875 76.125 2.4157
24.875 76.375 2.9651
24.875 76.625 2.8351
24.875 76.875 2.2152
24.875 77.125 1.7191
24.875 77.375 1.6135
24.875 77.625 1.4366
24.875 77.875 1.2205
24.875 78.125 1.6155
24.875 78.375 1.422
24.875 78.625 0.77525
24.875 78.875 2.3229
24.875 79.125 1.3832
24.875 79.375 0.91277
24.875 79.625 0.82013
24.875 79.875 0.65656
24.875 80.125 0.40032
24.875 80.375 0.83111
24.875 80.625 0.93904
24.875 80.875 -0.065924
24.875 81.125 -1.059
24.875 81.375 -0.62058
24.875 81.625 0.70282
24.875 81.875 0.76548
24.875 82.125 0.23383
24.875 82.375 0.08196
24.875 82.625 1.8974
24.875 82.875 0.17542
24.875 83.125 -0.12808
24.875 83.375 -0.2177
24.875 83.625 0.43278
24.875 83.875 -0.090159
24.875 84.125 -0.055502
24.875 84.375 -1.2037
24.875 84.625 -0.80342
24.875 84.875 -0.16974
24.875 85.125 -0.040281
24.875 85.375 -0.55547
24.875 85.625 -0.54932
24.875 85.875 0.14398
24.875 86.125 -0.65967
24.875 86.375 -0.14199
24.875 86.625 0.0049235
24.875 86.875 -1.0181
24.875 87.125 -0.9252
24.875 87.375 -0.11095
24.875 87.625 0.0036468
24.875 87.875 0.11076
24.875 88.125 0.24282
24.875 92.625 -0.61486
24.875 92.875 -0.4936
24.875 93.125 -0.19284
24.875 93.375 -0.7646
24.875 93.625 -0.6768
24.875 93.875 -0.6501
24.875 94.125 -0.6852
24.875 94.375 -0.67091
25.125 71.125 0.39203
25.125 71.375 0.31666
25.125 71.625 0.28051
25.125 71.875 0.59518
25.125 72.125 0.73735
25.125 72.375 2.2459
25.125 72.625 1.669
25.125 72.875 0.63623
25.125 73.125 0.97772
25.125 73.375 1.7648
25.125 73.625 2.0138
25.125 73.875 1.2933
25.125 74.125 1.6952
25.125 74.375 2.4007
25.125 74.625 2.8637
25.125 74.875 2.4523
25.125 75.125 3.0841
25.125 75.375 2.1581
25.125 75.625 2.5351
25.125 75.875 2.118
25.125 76.125 2.9887
25.125 76.375 3.1725
25.125 76.625 2.8721
25.125 76.875 2.2383
25.125 77.125 2.0306
25.125 77.375 1.7269
25.125 77.625 1.7023
25.125 77.875 1.6369
25.125 78.125 1.8658
25.125 78.375 1.1282
25.125 78.625 0.80688
25.125 78.875 0.66077
25.125 79.125 1.0243
25.125 79.375 0.86051
25.125 79.625 0.69137
25.125 79.875 1.6444
25.125 80.125 0.4289
25.125 80.375 1.0398
25.125 80.625 0.8815
25.125 80.875 0.12463
25.125 81.125 -1.0543
25.125 81.375 -0.45238
25.125 81.625 -1.3741
25.125 81.875 -0.44839
25.125 82.125 0.45249
25.125 82.375 1.6698
25.125 82.625 1.5176
25.125 82.875 0.11563
25.125 83.125 -0.093753
25.125 83.375 -0.24435
25.125 83.625 0.23197
25.125 83.875 0.15859
25.125 84.125 0.137
25.125 84.375 -0.57776
25.125 84.625 -0.20629
25.125 84.875 -0.45865
25.125 85.125 0.0046028
25.125 85.375 0.4042
25.125 85.625 -0.72981
25.125 85.875 -0.068832
25.125 86.125 -0.13023
25.125 86.375 -0.10754
25.125 86.625 -0.32973
25.125 86.875 -1.1078
25.125 87.125 -0.66504
25.125 87.375 -0.31039
25.125 87.625 -0.052236
25.125 87.875 -0.095791
25.125 88.125 0.28906
25.125 88.375 -0.052527
25.125 92.375 -1.3291
25.125 92.625 -1.0658
25.125 92.875 -0.34526
25.125 93.125 -0.21503
25.125 93.375 -0.56128
25.125 93.625 -0.58151
25.125 93.875 -0.63961
25.125 94.125 -0.64258
25.125 94.375 -0.64214
25.375 70.875 -0.19781
25.375 71.125 0.013392
25.375 71.375 0.24122
25.375 71.625 0.74422
25.375 71.875 0.87988
25.375 72.125 1.1853
25.375 72.375 2.0936
25.375 72.625 1.7749
25.375 72.875 1.5342
25.375 73.125 1.9044
25.375 73.375 2.1296
25.375 73.625 1.918
25.375 73.875 1.1218
25.375 74.125 1.628
25.375 74.375 1.918
25.375 74.625 2.9681
25.375 74.875 3.0443
25.375 75.125 2.8746
25.375 75.375 3.0035
25.375 75.625 3.3573
25.375 75.875 3.0169
25.375 76.125 4.0328
25.375 76.375 4.1249
25.375 76.625 2.9545
25.375 76.875 2.086
25.375 77.125 1.8515
25.375 77.375 1.9166
25.375 77.625 2.0235
25.375 77.875 1.8976
25.375 78.125 1.6056
25.375 78.375 1.5481
25.375 78.625 -0.34793
25.375 78.875 -0.56963
25.375 79.125 -0.057236
25.375 79.375 1.0559
25.375 79.625 1.1965
25.375 79.875 1.8799
25.375 80.125 1.4269
25.375 80.375 0.78779
25.375 80.625 0.63297
25.375 80.875 -0.79169
25.375 81.125 -0.7408
25.375 81.375 -0.1371
25.375 81.625 -0.48563
25.375 81.875 -1.4667
25.375 82.125 -0.95241
25.375 82.375 -0.39964
25.375 82.625 0.029747
25.375 82.875 0.062921
25.375 83.125 -0.20899
25.375 83.375 0.44827
25.375 83.625 0.87446
25.375 83.875 0.78043
25.375 84.125 0.6433
25.375 84.375 0.28493
25.375 84.625 -0.15289
25.375 84.875 0.21034
25.375 85.125 -0.41176
25.375 85.375 -0.13486
25.375 85.625 0.32252
25.375 85.875 0.57033
25.375 86.125 0.94259
25.375 86.375 0.94386
25.375 86.625 -0.022195
25.375 86.875 -0.62082
25.375 87.125 -0.64689
25.375 87.375 -0.54265
25.375 87.625 -0.26069
25.375 87.875 -0.45871
25.375 88.125 0.11608
25.375 88.375 -0.1686
25.375 88.625 -0.53159
25.375 90.125 0.020339
25.375 90.375 -0.39828
25.375 90.625 -0.32199
25.375 90.875 -0.41229
25.375 91.125 -0.22681
25.375 91.375 -0.3051
25.375 91.625 -0.54704
25.375 91.875 -0.7121
25.375 92.125 -0.99984
25.375 92.375 -1.2561
25.375 92.625 -0.94806
25.375 92.875 -0.25741
25.375 93.125 -0.35266
25.375 93.375 -0.57888
25.375 93.625 0.011304
25.375 93.875 -0.39879
25.375 94.125 -0.29217
25.375 94.375 -0.29415
25.625 70.875 -0.24191
25.625 71.125 0.17166
25.625 71.375 0.27933
25.625 71.625 0.53548
25.625 71.875 1.144
25.625 72.125 0.91325
25.625 72.375 1.1544
25.625 72.625 0.50914
25.625 72.875 0.89472
25.625 73.125 2.059
25.625 73.375 1.9353
25.625 73.625 1.4624
25.625 73.875 1.6304
25.625 74.125 1.8529
25.625 74.375 2.246
25.625 74.625 2.699
25.625 74.875 3.3603
25.625 75.125 3.2361
25.625 75.375 3.9547
25.625 75.625 4.6117
25.625 75.875 4.0455
25.625 76.125 3.6647
25.625 76.375 3.674
25.625 76.625 2.5686
25.625 76.875 1.5157
25.625 77.125 1.7463
25.625 77.375 2.0944
25.625 77.625 1.9068
25.625 77.875 1.3763
25.625 78.125 0.98146
25.625 78.375 0.13197
25.625 78.625 -0.35888
25.625 78.875 -0.65699
25.625 79.125 0.70293
25.625 79.375 1.3429
25.625 79.625 1.8618
25.625 79.875 1.7583
25.625 80.125 1.6027
25.625 80.375 0.3136
25.625 80.625 -0.95535
25.625 80.875 -1.184
25.625 81.125 -0.61605
25.625 81.375 -0.7155
25.625 81.625 -0.66977
25.625 81.875 0.068871
25.625 82.125 -0.82846
25.625 82.375 0.37636
25.625 82.625 -0.48127
25.625 82.875 -0.97066
25.625 83.125 -0.36817
25.625 83.375 -0.20689
25.625 83.625 1.656
25.625 83.875 0.90566
25.625 84.125 0.095951
25.625 84.375 0.24424
25.625 84.625 0.93093
25.625 84.875 0.44517
25.625 85.125 -0.47269
25.625 85.375 -0.48548
25.625 85.625 0.32201
25.625 85.875 0.028592
25.625 86.125 -0.49862
25.625 86.375 -0.33276
25.625 86.625 -1.0848
25.625 86.875 -0.56276
25.625 87.125 -0.50742
25.625 87.375 -0.97134
25.625 87.625 -0.90488
25.625 87.875 -0.92042
25.625 88.125 -0.9248
25.625 90.125 -0.03568
25.625 90.375 -0.27999
25.625 90.625 -0.62733
25.625 90.875 -0.52089
25.625 91.125 0.0088318
25.625 91.375 3.5022e-05
25.625 91.625 -0.33723
25.625 91.875 -0.56453
25.625 92.125 -1.0518
25.625 92.375 -1.232
25.625 92.625 -0.93023
25.625 92.875 -0.59339
25.625 93.125 -0.90385
25.625 93.375 -0.52943
25.625 93.625 -0.13364
25.625 93.875 0.19964
25.625 94.125 0.47619
25.625 94.375 0.42227
25.625 94.625 NaN
25.625 94.875 NaN
25.875 70.375 -0.14514
25.875 70.625 -0.20463
25.875 70.875 -0.028146
25.875 71.125 0.12605
25.875 71.375 0.25177
25.875 71.625 0.47281
25.875 71.875 1.3405
25.875 72.125 1.3298
25.875 72.375 1.3582
25.875 72.625 0.46867
25.875 72.875 0.41992
25.875 73.125 1.7155
25.875 73.375 2.3422
25.875 73.625 1.8875
25.875 73.875 1.7052
25.875 74.125 1.4712
25.875 74.375 2.2445
25.875 74.625 3.6775
25.875 74.875 2.814
25.875 75.125 2.9882
25.875 75.375 2.931
25.875 75.625 3.7184
25.875 75.875 3.6397
25.875 76.125 3.0515
25.875 76.375 2.6128
25.875 76.625 1.7385
25.875 76.875 1.4518
25.875 77.125 1.9105
25.875 77.375 2.0156
25.875 77.625 1.8429
25.875 77.875 1.0394
25.875 78.125 1.2176
25.875 78.375 0.5234
25.875 78.625 0.18213
25.875 78.875 -0.26982
25.875 79.125 0.9901
25.875 79.375 0.38904
25.875 79.625 0.22972
25.875 79.875 0.93149
25.875 80.125 0.35445
25.875 80.375 -0.60298
25.875 80.625 -0.69105
25.875 80.875 -0.98922
25.875 81.125 -0.91444
25.875 81.375 -0.2263
25.875 81.625 -0.088207
25.875 81.875 0.14152
25.875 82.125 -1.1137
25.875 82.375 -0.93051
25.875 82.625 -1.0026
25.875 82.875 -0.38352
25.875 83.125 -0.76599
25.875 83.375 -0.82088
25.875 83.625 0.20932
25.875 83.875 -0.33599
25.875 84.125 1.2705
25.875 84.375 0.16335
25.875 84.625 -0.027667
25.875 84.875 0.14331
25.875 85.125 0.062481
25.875 85.375 -0.093119
25.875 85.625 0.23301
25.875 85.875 -0.28821
25.875 86.125 -0.027745
25.875 86.375 0.27511
25.875 86.625 -0.21699
25.875 86.875 -0.11111
25.875 87.125 -0.74827
25.875 87.375 -1.3019
25.875 87.625 -1.3111
25.875 87.875 -0.76155
25.875 90.125 -1.0506
25.875 90.375 -1.0668
25.875 90.625 -0.9279
25.875 90.875 -0.63173
25.875 91.125 -0.92764
25.875 91.375 -0.87082
25.875 91.625 -0.6324
25.875 91.875 -1.274
25.875 92.125 -1.3343
25.875 92.375 -1.196
25.875 92.625 -0.80599
25.875 92.875 -0.8713
25.875 93.125 -2.208
25.875 93.375 -2.0184
25.875 93.625 -0.60605
25.875 93.875 0.57896
25.875 94.125 0.54785
25.875 94.375 0.69227
25.875 94.625 0.36521
25.875 94.875 0.061382
26.125 70.375 -0.14022
26.125 70.625 -0.13649
26.125 70.875 -0.075041
26.125 71.125 -0.20422
26.125 71.375 0.023162
26.125 71.625 1.0156
26.125 71.875 1.4107
26.125 72.125 1.1902
26.125 72.375 1.175
26.125 72.625 0.70355
26.125 72.875 0.50205
26.125 73.125 0.89147
26.125 73.375 1.2857
26.125 73.625 1.1488
26.125 73.875 1.4879
26.125 74.125 2.2577
26.125 74.375 3.253
26.125 74.625 4.0446
26.125 74.875 4.0555
26.125 75.125 3.147
26.125 75.375 2.8682
26.125 75.625 2.7444
26.125 75.875 3.0631
26.125 76.125 2.9428
26.125 76.375 1.8883
26.125 76.625 1.5113
26.125 76.875 1.7329
26.125 77.125 0.92985
26.125 77.375 1.6696
26.125 77.625 1.9408
26.125 77.875 2.1582
26.125 78.125 1.5847
26.125 78.375 1.5157
26.125 78.625 1.005
26.125 78.875 0.90745
26.125 79.125 0.74662
26.125 79.375 0.60322
26.125 79.625 -0.7098
26.125 79.875 -0.54283
26.125 80.125 0.26157
26.125 80.375 -0.15589
26.125 80.625 -1.0306
26.125 80.875 0.76725
26.125 81.125 -0.29318
26.125 81.375 -1.1872
26.125 81.625 -0.51262
26.125 81.875 -0.67291
26.125 82.125 -1.1512
26.125 82.375 -1.0533
26.125 82.625 -0.98859
26.125 82.875 -0.62318
26.125 83.125 -0.91718
26.125 83.375 -1.0417
26.125 83.625 -0.76297
26.125 83.875 0.53882
26.125 84.125 1.5204
26.125 84.375 0.22529
26.125 84.625 -0.15886
26.125 84.875 -0.57018
26.125 85.125 -0.76451
26.125 85.375 -0.79802
26.125 85.625 -0.16146
26.125 85.875 1.8839
26.125 86.125 0.56845
26.125 86.375 0.14387
26.125 86.625 0.74519
26.125 86.875 0.71791
26.125 87.125 -0.38494
26.125 87.375 -0.28298
26.125 87.625 0.19146
26.125 87.875 0.032698
26.125 88.125 0.34273
26.125 89.375 -0.7501
26.125 89.875 -1.2475
26.125 90.125 -1.2225
26.125 90.375 -1.2897
26.125 90.625 -1.2205
26.125 90.875 -1.2552
26.125 91.125 -1.7014
26.125 91.375 -1.7058
26.125 91.625 -1.6248
26.125 91.875 -1.2475
26.125 92.125 -0.99537
26.125 92.375 -0.93951
26.125 92.625 -0.58577
26.125 92.875 -1.2243
26.125 93.125 -2.2017
26.125 93.375 -1.477
26.125 93.625 -0.79601
26.125 93.875 1.3767
26.125 94.125 1.1511
26.125 94.375 0.55082
26.125 94.625 0.26701
26.125 94.875 0.022921
26.375 70.375 -0.35556
26.375 70.625 -0.21632
26.375 70.875 -0.16189
26.375 71.125 -0.14011
26.375 71.375 0.46723
26.375 71.625 1.7254
26.375 71.875 1.5301
26.375 72.125 1.2159
26.375 72.375 1.1703
26.375 72.625 0.92915
26.375 72.875 0.75253
26.375 73.125 0.97336
26.375 73.375 0.9425
26.375 73.625 1.5638
26.375 73.875 2.0723
26.375 74.125 2.417
26.375 74.375 2.373
26.375 74.625 0.23043
26.375 74.875 2.3824
26.375 75.125 2.5843
26.375 75.375 2.4368
26.375 75.625 2.3552
26.375 75.875 2.6102
26.375 76.125 1.8973
26.375 76.375 1.0272
26.375 76.625 1.9853
26.375 76.875 2.3236
26.375 77.125 2.8205
26.375 77.375 2.3416
26.375 77.625 1.9936
26.375 77.875 1.2545
26.375 78.125 0.9607
26.375 78.375 0.20849
26.375 78.625 1.0357
26.375 78.875 0.62916
26.375 79.125 0.81349
26.375 79.375 -0.85038
26.375 79.625 -1.0207
26.375 79.875 0.28655
26.375 80.125 0.64003
26.375 80.375 -0.75101
26.375 80.625 -0.99561
26.375 80.875 -0.26591
26.375 81.125 -0.82163
26.375 81.375 -1.4179
26.375 81.625 -1.4095
26.375 81.875 -1.1084
26.375 82.125 -1.1258
26.375 82.375 -1.0561
26.375 82.625 -1.0763
26.375 82.875 -0.42237
26.375 83.125 -0.7934
26.375 83.375 -1.332
26.375 83.625 -0.11807
26.375 83.875 0.59936
26.375 84.125 0.49427
26.375 84.375 0.49952
26.375 84.625 -0.1243
26.375 84.875 0.84843
26.375 85.125 -0.022286
26.375 85.375 -0.26277
26.375 85.625 0.47638
26.375 85.875 0.94155
26.375 86.125 0.55902
26.375 86.375 -0.44257
26.375 86.625 -0.38041
26.375 86.875 0.57983
26.375 87.125 -0.44018
26.375 87.625 -0.92293
26.375 87.875 -0.062977
26.375 88.125 0.73086
26.375 88.375 0.42738
26.375 88.875 0.13726
26.375 89.375 -0.25445
26.375 89.625 -0.61262
26.375 89.875 -1.2397
26.375 90.125 -1.3186
26.375 90.375 -1.2379
26.375 90.625 -2.0264
26.375 90.875 -1.6015
26.375 91.125 -2.0413
26.375 91.375 -2.0292
26.375 91.625 -1.1046
26.375 91.875 -0.96885
26.375 92.125 -0.72375
26.375 92.375 -0.35127
26.375 92.625 -0.53558
26.375 92.875 -1.0762
26.375 93.125 -1.3255
26.375 93.375 -1.1292
26.375 93.625 -0.80297
26.375 93.875 0.73599
26.375 94.125 0.79663
26.375 94.375 -0.0013667
26.375 94.625 -0.2299
26.375 94.875 -0.5373
26.625 69.875 -0.27413
26.625 70.125 -0.37243
26.625 70.375 -0.4887
26.625 70.625 -0.22392
26.625 70.875 -0.1717
26.625 71.125 -0.20836
26.625 71.375 1.0517
26.625 71.625 1.7639
26.625 71.875 1.667
26.625 72.125 0.87199
26.625 72.375 0.77763
26.625 72.625 0.86187
26.625 72.875 1.2091
26.625 73.125 1.8144
26.625 73.375 1.1454
26.625 73.625 1.818
26.625 73.875 2.2611
26.625 74.125 2.2368
26.625 74.375 2.335
26.625 74.625 1.5698
26.625 74.875 2.8393
26.625 75.125 2.1546
26.625 75.375 2.822
26.625 75.625 2.6977
26.625 75.875 1.5903
26.625 76.125 2.9175
26.625 76.375 2.2395
26.625 76.625 1.6164
26.625 76.875 1.3724
26.625 77.125 2.0645
26.625 77.375 2.537
26.625 77.625 2.2984
26.625 77.875 0.70043
26.625 78.125 0.72511
26.625 78.375 0.42527
26.625 78.625 0.752
26.625 78.875 -0.32972
26.625 79.125 -0.8597
26.625 79.375 -0.41894
26.625 79.625 -0.2728
26.625 79.875 -0.33854
26.625 80.125 -0.53045
26.625 80.375 -0.18972
26.625 80.625 -0.78406
26.625 80.875 -0.29802
26.625 81.125 -0.11029
26.625 81.375 -0.43167
26.625 81.625 -1.1074
26.625 81.875 0.019098
26.625 82.125 0.22402
26.625 82.375 -0.67655
26.625 82.625 -1.6867
26.625 82.875 -0.61637
26.625 83.125 -0.55366
26.625 83.375 -1.0798
26.625 83.625 -0.93971
26.625 83.875 -0.67225
26.625 84.125 1.1375
26.625 84.375 0.13224
26.625 84.625 -0.50653
26.625 84.875 0.26475
26.625 85.125 -0.11607
26.625 85.375 -0.31666
26.625 85.625 0.52594
26.625 86.125 0.46361
26.625 88.375 0.86068
26.625 88.625 0.37909
26.625 88.875 -0.302
26.625 89.125 -0.23458
26.625 89.375 -0.061505
26.625 89.625 -0.2288
26.625 89.875 -1.2789
26.625 90.125 -1.5282
26.625 90.375 -1.2615
26.625 90.625 -1.8106
26.625 90.875 -1.9022
26.625 91.125 -2.0053
26.625 91.375 -1.5678
26.625 91.625 -0.91889
26.625 91.875 -0.94381
26.625 92.125 -0.74903
26.625 92.375 -0.62332
26.625 92.625 -0.78364
26.625 92.875 -0.52066
26.625 93.125 -1.0865
26.625 93.375 -1.4534
26.625 93.625 -1.2109
26.625 93.875 -0.67159
26.625 94.125 -1.2469
26.625 94.375 -1.0396
26.625 94.625 -0.79298
26.625 94.875 -0.91056
26.625 95.125 -0.54224
26.875 69.625 -0.28933
26.875 69.875 -0.35523
26.875 70.125 -0.32263
26.875 70.375 -0.43592
26.875 70.625 -0.23156
26.875 70.875 -0.19387
26.875 71.125 -0.013306
26.875 71.375 0.85522
26.875 71.625 1.6759
26.875 71.875 1.3177
26.875 72.125 0.5597
26.875 72.375 0.63331
26.875 72.625 0.84985
26.875 72.875 2.1989
26.875 73.125 2.3994
26.875 73.375 1.8851
26.875 73.625 1.9365
26.875 73.875 2.1833
26.875 74.125 2.2847
26.875 74.375 2.8403
26.875 74.625 3.2864
26.875 74.875 3.2775
26.875 75.125 2.3837
26.875 75.375 2.7095
26.875 75.625 0.82613
26.875 75.875 2.1816
26.875 76.125 3.0782
26.875 76.375 1.8292
26.875 76.625 2.407
26.875 76.875 0.88199
26.875 77.125 1.0426
26.875 77.375 0.14368
26.875 77.625 1.3073
26.875 77.875 0.61357
26.875 78.125 -0.30566
26.875 78.375 -0.16932
26.875 78.625 0.71058
26.875 78.875 -0.3142
26.875 79.125 0.16151
26.875 79.375 0.39669
26.875 79.625 0.30602
26.875 79.875 -0.071573
26.875 80.125 -0.2685
26.875 80.375 -0.14377
26.875 80.625 -0.53833
26.875 80.875 -0.17649
26.875 81.125 -0.5341
26.875 81.375 -0.59983
26.875 81.625 -1.1598
26.875 81.875 -0.69952
26.875 82.125 -0.35001
26.875 82.375 -1.3618
26.875 82.625 -2.0098
26.875 82.875 -1.4165
26.875 83.125 -1.1112
26.875 83.375 -1.4892
26.875 83.625 -1.0637
26.875 83.875 -0.69577
26.875 84.125 1.0544
26.875 84.375 0.66715
26.875 84.625 0.3365
26.875 84.875 0.1234
26.875 88.375 1.3767
26.875 88.625 0.61523
26.875 88.875 -0.0097111
26.875 92.375 -1.4127
26.875 92.625 -1.1481
26.875 92.875 -0.67096
26.875 93.125 -0.28062
26.875 93.375 -1.3955
26.875 93.625 -1.0443
26.875 93.875 -0.71481
26.875 94.125 -1.8602
26.875 94.375 -0.87845
26.875 94.625 -1.0757
26.875 94.875 -1.1246
26.875 95.125 -0.93242
26.875 95.375 -0.86219
26.875 95.625 -0.8924
27.125 69.875 -0.33129
27.125 70.125 -0.25978
27.125 70.375 -0.29328
27.125 70.625 -0.29114
27.125 70.875 -0.2459
27.125 71.125 0.26757
27.125 71.375 0.76383
27.125 71.625 0.86263
27.125 71.875 0.4937
27.125 72.125 0.38515
27.125 72.375 0.33593
27.125 72.625 0.96444
27.125 72.875 1.9892
27.125 73.125 1.9138
27.125 73.375 1.6789
27.125 73.625 1.6007
27.125 73.875 2.0771
27.125 74.125 2.1153
27.125 74.375 2.1592
27.125 74.625 3.2461
27.125 74.875 1.637
27.125 75.125 2.0762
27.125 75.375 3.1547
27.125 75.625 2.6535
27.125 75.875 2.1813
27.125 76.125 0.94439
27.125 76.375 0.82857
27.125 76.625 0.39195
27.125 76.875 0.04844
27.125 77.125 0.90065
27.125 77.375 0.18573
27.125 77.625 0.82287
27.125 77.875 0.0052697
27.125 78.125 0.3282
27.125 78.375 0.80544
27.125 78.625 -0.89036
27.125 78.875 -0.59241
27.125 79.125 0.32936
27.125 79.375 -0.65192
27.125 79.625 -0.32788
27.125 79.875 -0.23671
27.125 80.125 -0.4115
27.125 80.375 -0.5365
27.125 80.625 -0.99069
27.125 80.875 0.21417
27.125 81.125 -0.21712
27.125 81.375 -0.30781
27.125 81.625 -0.95441
27.125 81.875 -0.49934
27.125 82.125 -0.69121
27.125 82.375 -1.2369
27.125 82.625 -0.61041
27.125 82.875 -0.53997
27.125 83.125 -0.9123
27.125 83.375 -0.15474
27.125 83.625 0.076645
27.125 83.875 0.14985
27.125 84.125 0.36053
27.125 84.375 0.51254
27.125 84.625 0.81918
27.125 88.125 0.53354
27.125 88.375 0.90747
27.125 88.625 0.82317
27.125 92.125 -1.3367
27.125 92.375 -1.2188
27.125 92.625 -1.3319
27.125 92.875 -1.0008
27.125 93.125 -0.76157
27.125 93.375 -0.47754
27.125 93.625 -0.25749
27.125 93.875 0.33411
27.125 94.125 -0.36689
27.125 94.375 -0.8171
27.125 94.625 -1.4593
27.125 94.875 -1.5172
27.125 95.125 -1.118
27.125 95.375 -0.69533
27.125 95.625 -0.92788
27.125 95.875 -0.91811
27.375 70.125 -0.30199
27.375 70.375 -0.19552
27.375 70.625 -0.3095
27.375 70.875 -0.058029
27.375 71.125 0.7579
27.375 71.375 0.68462
27.375 71.625 0.66007
27.375 71.875 0.21997
27.375 72.125 -0.16692
27.375 72.375 0.13785
27.375 72.625 0.32228
27.375 72.875 1.2038
27.375 73.125 1.693
27.375 73.375 1.8384
27.375 73.625 1.9838
27.375 73.875 2.5169
27.375 74.125 2.3764
27.375 74.375 2.0513
27.375 74.625 2.3559
27.375 74.875 2.2908
27.375 75.125 2.5725
27.375 75.375 2.6201
27.375 75.625 2.8082
27.375 75.875 1.9235
27.375 76.125 0.81555
27.375 76.375 1.3142
27.375 76.625 0.50727
27.375 76.875 1.0075
27.375 77.125 0.86919
27.375 77.375 0.030089
27.375 77.625 0.703
27.375 77.875 0.75512
27.375 78.125 0.5487
27.375 78.375 0.28145
27.375 78.625 -0.42205
27.375 78.875 0.15629
27.375 79.125 -0.78373
27.375 79.375 -0.80689
27.375 79.625 -0.80451
27.375 79.875 -0.3188
27.375 80.125 -0.94869
27.375 80.375 -1.0816
27.375 80.625 -0.91072
27.375 80.875 -1.2455
27.375 81.125 -0.59798
27.375 81.375 -0.41577
27.375 81.625 -1.6571
27.375 81.875 -0.078273
27.375 82.125 -0.26939
27.375 82.375 -0.79231
27.375 82.625 -0.39901
27.375 82.875 -0.70815
27.375 83.125 -0.9187
27.375 83.625 0.1597
27.375 84.125 0.37972
27.375 84.375 0.54224
27.375 88.125 0.74894
27.375 88.375 -0.48079
27.375 88.625 -0.67603
27.375 92.125 -1.2033
27.375 92.375 -1.1189
27.375 92.625 -1.2269
27.375 92.875 -1.4042
27.375 93.125 -1.5894
27.375 93.375 -1.8194
27.375 93.625 -0.41407
27.375 93.875 0.0077384
27.375 94.125 0.46068
27.375 94.375 -0.82685
27.375 94.625 -0.78309
27.375 94.875 -1.0905
27.375 95.125 -1.0235
27.375 95.375 -1.06
27.375 95.625 -1.1755
27.375 95.875 -1.0094
27.375 96.125 -1.14
27.375 96.375 -0.4655
27.375 96.625 -0.016347
27.375 96.875 -0.069831
27.625 70.125 -0.28168
27.625 70.375 -0.26323
27.625 70.625 -0.2431
27.625 70.875 0.13797
27.625 71.125 0.89676
27.625 71.375 0.76781
27.625 71.625 0.58974
27.625 71.875 0.20985
27.625 72.125 -0.1732
27.625 72.375 -0.16603
27.625 72.625 0.33656
27.625 72.875 0.70093
27.625 73.125 1.0624
27.625 73.375 1.8566
27.625 73.625 2.151
27.625 73.875 2.4098
27.625 74.125 2.6526
27.625 74.375 2.1616
27.625 74.625 2.348
27.625 74.875 2.3936
27.625 75.125 1.6972
27.625 75.375 2.077
27.625 75.625 1.9926
27.625 75.875 1.4006
27.625 76.125 0.70199
27.625 76.375 0.35619
27.625 76.625 0.94066
27.625 76.875 1.5317
27.625 77.125 -0.065384
27.625 77.375 0.10982
27.625 77.625 -0.61536
27.625 77.875 0.31752
27.625 78.125 0.092845
27.625 78.375 -0.0024179
27.625 78.625 -0.87668
27.625 78.875 -0.74981
27.625 79.125 -1.0795
27.625 79.375 -1.2374
27.625 79.625 -1.0388
27.625 79.875 -0.45046
27.625 80.125 -0.71239
27.625 80.375 -0.53798
27.625 80.625 -0.73815
27.625 80.875 -1.1438
27.625 81.125 -0.66578
27.625 81.375 -0.42562
27.625 81.625 -0.56492
27.625 81.875 -0.59366
27.625 82.125 -0.46303
27.625 82.375 -0.61062
27.625 82.625 -0.42404
27.625 88.375 -0.086953
27.625 88.625 -0.24831
27.625 91.625 -0.68368
27.625 91.875 -0.90895
27.625 92.125 -1.1013
27.625 92.375 -1.2664
27.625 92.625 -1.3169
27.625 92.875 -1.3006
27.625 93.125 -1.6163
27.625 93.375 -1.7585
27.625 93.625 -1.673
27.625 93.875 -1.9744
27.625 94.125 -1.4481
27.625 94.375 -0.69678
27.625 94.625 -1.1838
27.625 94.875 -1.4791
27.625 95.125 -1.8368
27.625 95.375 -1.4969
27.625 95.625 -1.6012
27.625 95.875 -1.384
27.625 96.125 -1.0207
27.625 96.375 -0.44659
27.625 96.625 -0.18325
27.625 96.875 -0.15242
27.875 70.375 -0.23109
27.875 71.875 0.080513
27.875 72.125 -0.21701
27.875 72.375 -0.18622
27.875 72.625 0.42362
27.875 72.875 0.5566
27.875 73.125 0.66981
27.875 73.375 1.5098
27.875 73.625 1.7703
27.875 73.875 1.4503
27.875 74.125 1.8219
27.875 74.375 1.309
27.875 74.625 1.6366
27.875 74.875 1.8376
27.875 75.125 1.4375
27.875 75.375 1.5688
27.875 75.625 1.2911
27.875 75.875 1.3586
27.875 76.125 0.82868
27.875 76.375 0.72061
27.875 76.625 0.2295
27.875 76.875 0.6274
27.875 77.125 0.41925
27.875 77.375 -0.17185
27.875 77.625 -0.65282
27.875 77.875 0.36861
27.875 78.125 0.3486
27.875 78.375 -0.54158
27.875 78.625 -0.41615
27.875 78.875 -0.1904
27.875 79.125 -0.81903
27.875 79.375 -0.72809
27.875 79.625 -0.91947
27.875 79.875 -0.12049
27.875 80.125 -0.051865
27.875 80.375 -0.0034397
27.875 80.625 -0.83256
27.875 80.875 -1.2515
27.875 81.125 -0.94573
27.875 81.375 -0.47484
27.875 81.625 -0.41366
27.875 88.375 NaN
27.875 88.625 NaN
27.875 92.875 -2.0158
27.875 93.125 -1.5283
27.875 93.375 -1.5849
27.875 93.625 -1.814
27.875 93.875 -2.2593
27.875 94.125 -1.7771
27.875 94.375 -1.4039
27.875 94.625 -1.2764
27.875 94.875 -1.0441
27.875 95.125 -0.86221
27.875 95.375 -1.3012
27.875 95.625 -1.4451
27.875 95.875 -1.6085
27.875 96.125 -0.95635
27.875 96.375 -0.78461
27.875 96.625 -0.22851
27.875 96.875 -0.11041
27.875 97.125 -0.23424
28.125 72.125 -0.07962
28.125 72.375 0.133
28.125 72.625 0.49098
28.125 72.875 0.84695
28.125 73.125 1.3538
28.125 73.375 1.5478
28.125 73.625 1.4894
28.125 73.875 1.1948
28.125 74.125 0.84108
28.125 74.375 1.1647
28.125 74.625 1.7975
28.125 74.875 1.7351
28.125 75.125 1.0956
28.125 75.375 2.1566
28.125 75.625 0.82449
28.125 75.875 1.426
28.125 76.125 2.078
28.125 76.375 1.2169
28.125 76.625 1.2131
28.125 76.875 1.5398
28.125 77.125 0.62229
28.125 77.375 -0.22653
28.125 77.625 -0.43315
28.125 77.875 0.15547
28.125 78.125 1.8
28.125 78.375 0.064883
28.125 78.625 -0.77376
28.125 78.875 -0.57554
28.125 79.125 -0.51942
28.125 79.375 -1.1438
28.125 79.625 -1.2394
28.125 79.875 -0.45306
28.125 80.125 -0.10926
28.125 80.375 0.073429
28.125 80.625 -0.020469
28.125 80.875 -0.89581
28.125 81.125 -1.3455
28.125 81.375 -0.48218
28.125 92.875 -2.3229
28.125 93.125 -1.7449
28.125 93.375 -1.4956
28.125 93.625 -1.5523
28.125 93.875 -1.6446
28.125 94.125 -1.5908
28.125 94.375 -1.3459
28.125 94.625 -1.1944
28.125 94.875 -1.0569
28.125 95.125 -0.6947
28.125 95.375 -0.7436
28.125 95.625 -1.5294
28.125 95.875 -1.4929
28.125 96.125 -1.0249
28.125 96.375 -0.31368
28.125 96.625 -0.225
28.125 96.875 -0.17637
28.125 97.125 -0.11518
28.375 72.375 0.167
28.375 72.625 0.3441
28.375 72.875 0.77895
28.375 73.125 1.1255
28.375 73.375 1.2195
28.375 73.625 1.3411
28.375 73.875 0.95107
28.375 74.125 0.65763
28.375 74.375 0.75408
28.375 74.625 1.6977
28.375 74.875 1.5209
28.375 75.125 1.0453
28.375 75.375 1.2485
28.375 75.625 1.0313
28.375 75.875 1.3499
28.375 76.125 0.97861
28.375 76.375 1.1569
28.375 76.625 1.1995
28.375 76.875 1.1794
28.375 77.125 -0.028097
28.375 77.375 -0.59901
28.375 77.625 -0.26942
28.375 77.875 -0.45914
28.375 78.125 0.59669
28.375 78.375 0.13023
28.375 78.625 -1.1386
28.375 78.875 -1.0225
28.375 79.125 -0.37145
28.375 79.375 -0.56256
28.375 79.625 -1.0505
28.375 79.875 -0.70659
28.375 80.125 -0.40493
28.375 80.375 -0.37621
28.375 80.625 -0.2844
28.375 80.875 -0.74781
28.375 81.125 -0.77821
28.375 93.375 -1.6848
28.375 93.625 -1.3145
28.375 93.875 -1.0323
28.375 94.125 -0.99733
28.375 94.375 -0.95711
28.375 94.625 -0.85131
28.375 94.875 -0.75518
28.375 95.125 -0.74458
28.375 95.375 -1.0043
28.375 95.625 -0.92181
28.375 95.875 -0.77668
28.375 96.125 -0.97345
28.375 96.625 -0.21658
28.625 72.375 0.52937
28.625 72.625 0.93486
28.625 72.875 1.2466
28.625 73.125 1.0563
28.625 73.375 1.3529
28.625 73.625 1.4953
28.625 73.875 1.2763
28.625 74.125 1.2505
28.625 74.375 1.6914
28.625 74.625 1.963
28.625 74.875 1.6611
28.625 75.125 0.93367
28.625 75.375 0.1995
28.625 75.625 -0.6305
28.625 75.875 -0.41938
28.625 76.125 0.66658
28.625 76.375 0.84639
28.625 76.625 1.982
28.625 76.875 0.90012
28.625 77.125 -0.53205
28.625 77.375 -0.48925
28.625 77.625 -0.74951
28.625 77.875 -1.0047
28.625 78.125 0.011909
28.625 78.375 -0.047628
28.625 78.625 -1.1479
28.625 78.875 -1.0445
28.625 79.125 0.087825
28.625 79.375 -0.43897
28.625 79.625 -0.057639
28.625 79.875 -0.17946
28.625 80.125 -0.13383
28.625 80.375 -0.1517
28.625 80.625 -0.43591
28.625 93.625 -1.047
28.625 93.875 NaN
28.625 94.125 -0.58385
28.625 94.375 -0.6795
28.625 94.625 -0.69712
28.625 94.875 -0.44311
28.625 95.125 -0.54141
28.625 95.375 -0.61978
28.625 95.625 -1.0759
28.625 95.875 -1.0528
28.625 96.125 -0.81903
28.625 96.375 3.8161
28.875 72.875 1.6446
28.875 73.125 2.4262
28.875 73.375 3.2295
28.875 73.625 2.9402
28.875 73.875 3.1761
28.875 74.125 2.7113
28.875 74.375 2.3235
28.875 74.625 2.3866
28.875 74.875 2.4862
28.875 75.125 0.94744
28.875 75.375 0.37648
28.875 75.625 0.39849
28.875 75.875 0.18589
28.875 76.125 0.66382
28.875 76.375 0.51532
28.875 76.625 0.35539
28.875 76.875 -0.10233
28.875 77.125 0.84027
28.875 77.375 0.29875
28.875 77.625 -0.0058428
28.875 77.875 -0.35059
28.875 78.125 -0.38211
28.875 78.375 -0.49122
28.875 78.625 -0.82409
28.875 78.875 -0.86626
28.875 79.125 0.59815
28.875 79.375 0.63795
28.875 79.625 0.3258
28.875 79.875 0.4253
28.875 94.125 -0.43991
28.875 94.375 -0.19499
28.875 94.625 -0.43604
28.875 94.875 -0.34555
28.875 95.125 -0.20391
28.875 95.375 -0.42677
28.875 95.625 -0.9521
28.875 95.875 -0.86488
28.875 96.125 -0.059481
28.875 96.375 3.7724
29.125 73.125 2.8205
29.125 73.375 3.4518
29.125 73.625 3.2667
29.125 73.875 3.4852
29.125 74.125 2.89
29.125 74.375 2.4044
29.125 74.625 2.0676
29.125 74.875 1.9037
29.125 75.125 0.57429
29.125 75.375 1.1484
29.125 75.625 0.9795
29.125 75.875 0.26006
29.125 76.125 -0.14209
29.125 76.375 -0.70972
29.125 76.625 -0.1565
29.125 76.875 -0.15561
29.125 77.125 -0.52551
29.125 77.375 -0.20541
29.125 77.625 0.085579
29.125 77.875 0.2362
29.125 78.125 0.092622
29.125 78.375 0.16303
29.125 78.625 -0.044221
29.125 78.875 -0.65385
29.125 79.125 0.57208
29.125 79.375 0.60823
29.125 79.625 -0.57829
29.125 79.875 -0.1853
29.125 80.125 -0.10376
29.125 94.375 -0.29741
29.125 94.625 -0.10599
29.125 94.875 -0.11545
29.125 95.625 -0.21383
29.125 95.875 0.53191
29.125 96.125 3.1227
29.375 73.375 2.0662
29.375 73.625 2.8067
29.375 73.875 3.3858
29.375 74.125 3.4107
29.375 74.375 1.1694
29.375 74.625 0.90071
29.375 74.875 1.4049
29.375 75.125 0.98686
29.375 75.375 0.58158
29.375 75.625 0.40487
29.375 75.875 -0.40844
29.375 76.125 0.183
29.375 76.375 -0.574
29.375 76.625 -0.20324
29.375 76.875 -0.91672
29.375 77.125 -1.0786
29.375 77.375 -0.2484
29.375 77.625 0.10853
29.375 77.875 0.59685
29.375 78.125 0.03325
29.375 78.375 0.15637
29.375 78.625 -0.89422
29.375 78.875 -0.67755
29.375 79.125 -0.11523
29.375 79.375 0.067444
29.375 79.625 -0.92052
29.375 79.875 -0.33802
29.375 80.125 0.22171
29.375 96.125 3.3578
29.625 73.375 1.7762
29.625 73.625 1.9099
29.625 73.875 2.2211
29.625 74.125 2.6593
29.625 74.375 1.2786
29.625 74.625 0.10798
29.625 74.875 0.57058
29.625 75.125 0.34605
29.625 75.375 0.14822
29.625 75.625 1.1132
29.625 75.875 0.019514
29.625 76.125 -0.35437
29.625 76.375 0.27109
29.625 76.625 0.0054972
29.625 76.875 0.25949
29.625 77.125 -0.22196
29.625 77.375 -0.9923
29.625 77.625 -0.074833
29.625 77.875 0.58754
29.625 78.125 0.21616
29.625 78.375 -0.48638
29.625 78.625 -1.0898
29.625 78.875 -0.82854
29.625 79.125 -0.48944
29.625 79.375 -0.15168
29.625 79.625 -0.30288
29.625 79.875 0.4732
29.625 80.125 0.51316
29.875 73.625 1.7998
29.875 73.875 1.5095
29.875 74.125 1.5765
29.875 74.375 0.041232
29.875 74.625 -0.28405
29.875 74.875 -0.20553
29.875 75.125 0.22492
29.875 75.375 0.53031
29.875 75.625 0.4167
29.875 75.875 0.037571
29.875 76.125 0.12222
29.875 76.375 0.034297
29.875 76.625 0.8927
29.875 76.875 -0.54437
29.875 77.125 -0.020856
29.875 77.375 -0.29371
29.875 77.625 0.083324
29.875 77.875 1.5894
29.875 78.125 -1.3761
29.875 78.375 0.11771
29.875 78.625 -0.26439
29.875 78.875 0.24378
29.875 79.125 -0.36242
29.875 79.375 -0.13967
29.875 79.625 2.1284
29.875 79.875 0.40277
29.875 80.125 0.53967
29.875 80.375 0.47404
30.125 74.125 0.57593
30.125 74.375 -0.073677
30.125 74.625 -0.27454
30.125 74.875 0.13014
30.125 75.125 0.59652
30.125 75.375 0.81977
30.125 75.625 0.79727
30.125 75.875 -0.36135
30.125 76.125 -0.22898
30.125 76.375 -0.63539
30.125 76.625 -0.44302
30.125 76.875 -0.41346
30.125 77.125 0.30165
30.125 77.375 -0.83105
30.125 77.625 0.61215
30.125 77.875 0.77199
30.125 78.125 0.46988
30.125 78.375 0.34712
30.125 78.625 0.68613
30.125 78.875 1.1915
30.125 79.125 0.88084
30.125 79.375 0.88484
30.125 79.625 2.1241
30.125 79.875 0.49055
30.125 80.125 0.26906
30.125 80.375 0.42515
30.125 80.625 0.39913
30.375 74.125 0.43917
30.375 74.375 0.173
30.375 74.625 0.46854
30.375 74.875 0.55045
30.375 75.125 0.89473
30.375 75.375 0.79057
30.375 75.625 0.19112
30.375 75.875 -0.28669
30.375 76.125 -0.58515
30.375 76.375 -0.66138
30.375 76.625 -1.186
30.375 76.875 -0.81259
30.375 77.125 0.24286
30.375 77.375 0.37944
30.375 77.625 0.93354
30.375 77.875 0.28879
30.375 78.125 -0.014022
30.375 78.375 -0.50499
30.375 78.625 0.93313
30.375 78.875 0.8217
30.375 79.125 1.0191
30.375 79.375 0.42816
30.375 79.625 1.4947
30.375 79.875 1.3382
30.375 80.125 0.85824
30.375 80.375 0.10689
30.375 80.625 0.06673
30.625 74.375 0.14234
30.625 74.625 0.13809
30.625 74.875 0.14175
30.625 75.125 1.0712
30.625 75.375 0.91855
30.625 75.625 0.4752
30.625 75.875 0.14917
30.625 76.125 -0.69915
30.625 76.375 -1.2237
30.625 76.625 -0.087003
30.625 76.875 1.0448
30.625 77.125 0.30489
30.625 77.375 0.29777
30.625 77.625 -0.1885
30.625 77.875 -0.054485
30.625 78.125 0.10431
30.625 78.375 -0.39112
30.625 78.625 -0.15983
30.625 78.875 0.62373
30.625 79.125 0.64012
30.625 79.375 0.34622
30.625 79.625 1.4142
30.625 79.875 1.1218
30.625 80.125 0.9253
30.875 74.625 -0.31119
30.875 74.875 0.78512
30.875 75.125 2.3141
30.875 75.375 0.34454
30.875 75.625 0.46837
30.875 75.875 0.07965
30.875 76.125 0.037707
30.875 76.375 0.58858
30.875 76.625 0.73587
30.875 76.875 0.71045
30.875 77.125 1.6199
30.875 77.375 0.3186
30.875 77.625 0.15012
30.875 77.875 0.42133
30.875 78.125 0.16001
30.875 78.375 -0.2377
30.875 78.625 -0.34706
30.875 78.875 0.10537
30.875 79.125 0.56377
30.875 79.375 NaN
30.875 79.625 NaN
30.875 79.875 NaN
31.125 74.875 0.024387
31.125 75.125 1.6167
31.125 75.375 -0.13684
31.125 75.625 -0.37515
31.125 75.875 0.13117
31.125 76.125 1.9592
31.125 76.375 1.2746
31.125 76.625 0.73366
31.125 76.875 2.0741
31.125 77.125 1.9461
31.125 77.375 0.2397
31.125 77.625 1.0971
31.125 77.875 0.25168
31.125 78.125 -0.71928
31.125 78.375 -0.64081
31.125 78.625 -0.60039
31.125 78.875 NaN
31.125 79.125 NaN
31.375 74.875 0.068874
31.375 75.125 0.18694
31.375 75.375 -0.27354
31.375 75.625 0.32217
31.375 75.875 1.4762
31.375 76.125 1.1161
31.375 76.375 1.6884
31.375 76.625 1.0639
31.375 76.875 2.027
31.375 77.125 1.7213
31.375 77.375 0.98044
31.375 77.625 0.71789
31.375 77.875 -0.31921
31.375 78.125 -0.84566
31.375 78.375 -0.89275
31.375 78.625 -0.89933
31.625 74.875 0.52729
31.625 75.125 0.55783
31.625 75.375 0.18235
31.625 75.625 0.60587
31.625 75.875 0.46341
31.625 76.125 1.0702
31.625 76.375 1.4117
31.625 76.625 1.7131
31.625 76.875 1.133
31.625 77.125 1.4655
31.625 77.375 1.7647
31.625 77.625 1.1367
31.625 77.875 -0.30593
31.625 78.125 -0.96198
31.625 78.375 -0.86083
31.625 78.625 -0.83926
31.875 74.875 1.1218
31.875 75.125 0.75099
31.875 75.375 0.04843
31.875 75.625 0.040695
31.875 75.875 0.25443
31.875 76.125 0.88732
31.875 76.375 0.66441
31.875 76.625 0.92536
31.875 76.875 1.0346
31.875 77.125 0.70529
31.875 77.375 0.89411
31.875 77.625 0.68627
31.875 77.875 -0.44549
31.875 78.125 -0.97116
31.875 78.375 -0.97548
31.875 78.625 -0.94735
32.125 75.375 0.93252
32.125 75.625 0.99917
32.125 75.875 0.26421
32.125 76.125 -0.4003
32.125 76.375 0.0050775
32.125 76.625 0.59036
32.125 76.875 0.35463
32.125 77.125 0.58962
32.125 77.375 -0.12527
32.125 77.625 -0.42612
32.125 77.875 -0.7432
32.125 78.125 -1.3184
32.125 78.375 -1.2581
32.375 75.375 1.4727
32.375 75.625 1.3486
32.375 75.875 0.78128
32.375 76.125 -0.69714
32.375 76.375 -0.51835
32.375 76.625 0.058856
32.375 76.875 0.18133
32.375 77.125 0.36566
32.375 77.375 -0.29414
32.375 77.625 -0.74033
32.375 77.875 -1.0574
32.375 78.125 -1.2899
32.375 78.375 -1.3421
32.625 74.875 1.0485
32.625 75.125 0.67693
32.625 75.375 0.74939
32.625 75.625 0.906
32.625 75.875 0.56179
32.625 76.125 -0.20309
32.625 76.375 -0.31427
32.625 76.625 0.036697
32.625 76.875 0.32523
32.625 77.125 0.22925
32.625 77.375 -0.1525
32.625 77.625 -0.48425
32.625 77.875 -0.66467
32.625 78.125 -1.2808
32.625 78.375 -1.3404
32.625 78.625 -1.1855
32.625 78.875 -1.1803
32.625 79.125 -0.74419
32.625 79.375 -0.77599
32.875 74.375 1.6708
32.875 74.625 1.6009
32.875 74.875 1.4951
32.875 75.125 0.63445
32.875 75.375 0.28845
32.875 75.625 0.050143
32.875 75.875 -0.034307
32.875 76.125 0.12595
32.875 76.375 -0.090311
32.875 76.625 0.13884
32.875 76.875 0.36225
32.875 77.125 0.15413
32.875 77.375 -0.14545
32.875 77.625 -0.57535
32.875 77.875 -0.78318
32.875 78.125 -0.94505
32.875 78.375 -1.1144
32.875 78.625 -1.0899
32.875 78.875 -0.88108
32.875 79.125 -0.58508
32.875 79.375 -0.29923
33.125 73.875 0.19387
33.125 74.125 0.35783
33.125 74.375 1.508
33.125 74.625 2.0881
33.125 74.875 1.5775
33.125 75.125 0.48212
33.125 75.375 -0.38469
33.125 75.625 -0.48839
33.125 75.875 -0.1625
33.125 76.125 -0.08441
33.125 76.375 0.041811
33.125 76.625 0.16364
33.125 76.875 0.39216
33.125 77.125 0.048699
33.125 77.375 -0.29016
33.125 77.625 -0.45212
33.125 77.875 -0.49971
33.125 78.125 -0.30956
33.125 78.375 -0.60883
33.125 78.625 -0.7239
33.125 78.875 -0.78088
33.125 79.125 -0.53317
33.375 73.875 0.32509
33.375 74.125 0.52103
33.375 74.375 0.13974
33.375 74.625 -0.066932
33.375 74.875 0.03867
33.375 75.125 -0.40007
33.375 75.375 -0.13354
33.375 75.625 -0.26609
33.375 75.875 0.22251
33.375 76.125 0.29105
33.375 76.375 0.42382
33.375 76.625 0.14214
33.375 76.875 -0.073575
33.375 77.125 0.27652
33.375 77.375 -0.32085
33.375 77.625 -0.60045
33.375 77.875 -0.51279
33.375 78.125 -0.33639
33.375 78.375 -0.34602
33.375 78.625 -0.54622
33.375 78.875 -0.70352
33.625 73.875 -0.51526
33.625 74.125 -0.50626
33.625 74.375 -0.94188
33.625 74.625 -0.96926
33.625 74.875 0.10692
33.625 75.125 -0.1331
33.625 75.375 0.075114
33.625 75.625 -0.038938
33.625 75.875 0.028168
33.625 76.125 -0.25369
33.625 76.375 -0.084586
33.625 76.625 -0.1843
33.625 76.875 0.14562
33.625 77.125 -0.033115
33.625 77.375 -0.023682
33.625 77.625 -0.27394
33.625 77.875 -0.22698
33.625 78.125 -0.24541
33.625 78.375 -0.48344
33.625 78.625 -0.75069
33.625 78.875 -0.81117
33.875 73.875 -0.523
33.875 74.125 -0.61325
33.875 74.375 -0.73472
33.875 74.625 -0.32044
33.875 74.875 -0.31613
33.875 75.125 0.011181
33.875 75.375 0.33479
33.875 75.625 -0.047691
33.875 75.875 -0.3601
33.875 76.125 -0.50252
33.875 76.375 -0.1399
33.875 76.625 -0.15094
33.875 76.875 -0.29172
33.875 77.125 -0.097007
33.875 77.375 -0.074639
33.875 77.625 -0.05496
33.875 77.875 -0.042861
33.875 78.125 -0.34876
33.875 78.375 -0.7564
33.875 78.625 -0.68165
33.875 78.875 -0.64187
34.125 73.625 -1.0408
34.125 73.875 -0.92555
34.125 74.125 -0.69836
34.125 74.375 -1.1121
34.125 74.625 -0.68403
34.125 74.875 -0.76473
34.125 75.125 -0.29415
34.125 75.375 -0.18659
34.125 75.625 -0.42294
34.125 75.875 -0.76948
34.125 76.125 -0.67295
34.125 76.375 -0.29452
34.125 76.625 -0.12758
34.125 76.875 -0.31549
34.125 77.125 -0.19966
34.125 77.375 -0.068938
34.125 77.625 -0.079606
34.125 77.875 -0.05197
34.125 78.125 -0.38873
34.125 78.375 -0.73681
34.125 78.625 -0.70222
34.125 78.875 -0.61007
34.125 79.125 -0.3623
34.125 79.375 -0.47868
34.375 73.625 -1.1182
34.375 73.875 -1.2657
34.375 74.125 -1.3934
34.375 74.375 -1.1918
34.375 74.625 -0.98036
34.375 74.875 -0.67154
34.375 75.125 -0.35534
34.375 75.375 -0.60837
34.375 75.625 -0.67425
34.375 75.875 -0.76367
34.375 76.125 -0.62002
34.375 76.375 -0.050576
34.375 76.625 -0.22708
34.375 76.875 -0.40603
34.375 77.125 -0.44668
34.375 77.375 -0.39245
34.375 77.625 -0.15699
34.375 77.875 -0.087704
34.375 78.125 -0.4497
34.375 78.375 -0.36219
34.375 78.625 -0.42512
34.375 78.875 -0.42844
34.375 79.125 -0.39861
34.375 79.375 -0.48613
34.625 73.875 -1.2804
34.625 74.125 -1.4167
34.625 74.375 -1.282
34.625 74.625 -1.258
34.625 74.875 -0.8958
34.625 75.125 -0.40729
34.625 75.375 -0.794
34.625 75.625 -0.92156
34.625 75.875 -0.90471
34.625 76.125 -0.54621
34.625 76.375 -0.46016
34.625 76.625 -0.49399
34.625 76.875 -0.643
34.625 77.125 -0.68373
34.625 77.375 -0.64977
34.625 77.625 -0.50781
34.625 77.875 -0.54993
34.625 78.125 -0.52689
34.625 78.375 -0.53473
34.625 78.625 -0.59804
34.625 78.875 -0.51608
34.625 79.125 -0.38838
34.625 79.375 -0.24159
34.625 79.625 -0.30661
34.875 74.125 -1.2539
34.875 74.375 -1.2537
34.875 74.625 -1.1875
34.875 74.875 -0.94781
34.875 75.125 -0.93582
34.875 75.375 -1.0223
34.875 75.625 -1.0554
34.875 75.875 -1.0527
34.875 76.125 -0.80545
34.875 76.375 -0.68728
34.875 76.625 -0.69832
34.875 76.875 -0.80561
34.875 77.125 -0.79601
34.875 77.375 -0.78589
34.875 77.625 -0.85976
34.875 77.875 -0.65002
34.875 78.125 -0.58611
34.875 78.375 -0.55194
34.875 78.625 -0.19783
34.875 78.875 -0.2668
34.875 79.125 -0.29843
34.875 79.375 -0.31116
34.875 79.625 -0.15729
34.875 79.875 0.10219
35.125 74.375 -1.0045
35.125 74.625 -0.89792
35.125 74.875 -0.8695
35.125 75.125 -1.0586
35.125 75.375 -1.0549
35.125 75.625 -1.0659
35.125 75.875 -1.0148
35.125 76.125 -1.1412
35.125 76.375 -0.9423
35.125 76.625 -0.80689
35.125 76.875 -0.95977
35.125 77.125 -1.0062
35.125 77.375 -0.98728
35.125 77.625 -1.1737
35.125 77.875 -0.87797
35.125 78.125 -0.84697
35.125 78.375 -0.72782
35.125 78.625 -0.17824
35.125 78.875 -0.073079
35.125 79.125 -0.47445
35.125 79.375 -0.36725
35.125 79.625 -0.37221
35.125 79.875 0.49751
35.375 73.875 -1.0498
35.375 74.125 -1.0757
35.375 74.375 -0.87487
35.375 74.625 -1.0258
35.375 74.875 -0.95875
35.375 75.125 -1.0392
35.375 75.375 -1.062
35.375 75.625 -1.1568
35.375 75.875 -1.3016
35.375 76.125 -1.4198
35.375 76.375 -1.3824
35.375 76.625 -1.0668
35.375 76.875 -1.0118
35.375 77.125 -0.94311
35.375 77.375 -0.97575
35.375 77.625 -0.93123
35.375 77.875 -0.97021
35.375 78.125 -1.0126
35.375 78.375 -0.5873
35.375 78.625 -0.47187
35.375 78.875 -0.22954
35.375 79.125 -0.53706
35.375 79.375 -0.24436
35.375 79.625 -0.23108
35.375 79.875 -0.42151
35.375 80.125 NaN
35.625 73.375 -1.12
35.625 73.625 -1.1171
35.625 73.875 -1.1379
35.625 74.125 -1.3327
35.625 74.375 -1.3317
35.625 74.625 -1.2198
35.625 74.875 -1.1667
35.625 75.125 -1.3826
35.625 75.375 -1.5647
35.625 75.625 -1.5093
35.625 75.875 -1.5117
35.625 76.125 -1.5035
35.625 76.375 -1.1416
35.625 76.625 -1.2673
35.625 76.875 -1.28
35.625 77.125 -1.0658
35.625 78.375 -0.59608
35.625 78.625 -0.70015
35.625 78.875 -0.85563
35.625 79.125 -0.54257
35.625 79.375 -0.39429
35.625 79.625 -0.3676
35.625 79.875 -0.39881
35.625 80.125 -0.15165
35.875 73.125 -0.23272
35.875 73.375 -0.60498
35.875 73.625 -1.131
35.875 73.875 -1.3558
35.875 74.125 -1.2734
35.875 74.375 -1.6031
35.875 74.625 -1.5815
35.875 74.875 -1.6306
35.875 75.125 -1.644
35.875 75.375 -1.7853
35.875 75.625 -1.8761
35.875 75.875 -1.7478
35.875 76.125 -1.8386
35.875 76.375 -1.5862
35.875 76.625 -1.4573
35.875 79.375 -0.36561
36.125 72.625 0.32466
36.125 72.875 NaN
36.125 73.125 NaN
36.125 73.375 -0.29994
36.125 73.625 -0.63131
36.125 73.875 -1.1034
36.125 74.125 -1.4637
36.125 74.375 -1.608
36.125 74.625 -2.074
36.125 74.875 -1.7681
36.125 75.125 -1.6567
36.125 75.375 -2.096
36.125 75.625 -2.1148
36.125 75.875 -2.0017
36.125 76.125 -1.556
36.125 76.375 -1.5692
36.125 76.625 -1.4134
36.375 73.125 0.056268
36.375 73.375 -0.078673
36.375 73.625 -0.36813
36.375 73.875 -0.71081
36.375 74.125 -1.1926
36.375 74.375 -1.6137
36.375 74.625 -1.9996
36.375 74.875 -1.7527
36.375 75.125 -1.9737
36.375 75.375 -2.0061
36.375 75.625 -2.4744
36.375 75.875 -2.0407
36.375 76.125 -1.2037
36.625 73.375 -0.078183
36.625 73.625 -0.18879
36.625 73.875 -0.47626
36.625 74.125 -0.93851
36.625 74.375 -1.4355
36.625 74.625 -1.7512
36.625 74.875 -1.7908
36.625 75.125 -1.7537
36.625 75.375 -1.874
36.625 75.625 -2.1323
36.875 73.875 -0.34241
36.875 74.375 -0.77918
36.875 74.625 -1.2292
36.875 74.875 -1.6247
36.875 75.125 -1.7819
36.875 75.375 -1.9459
