8.125 77.375 0.26435
8.375 77.125 -0.51372
8.375 77.375 0.24432
8.375 77.625 0.22225
8.375 77.875 0.19399
8.625 76.875 -0.53255
8.625 77.125 -0.64637
8.625 77.375 0.69103
8.625 77.625 0.21989
8.625 77.875 -0.50873
8.875 76.875 -0.11807
8.875 77.125 0.41243
8.875 77.375 0.65876
8.875 77.625 0.56906
8.875 77.875 -0.83531
9.125 76.625 0.37845
9.125 76.875 0.49805
9.125 77.125 0.35096
9.125 77.375 0.58598
9.125 77.625 0.91338
9.125 77.875 -0.56012
9.125 78.125 -0.56113
9.125 78.375 NaN
9.375 76.625 0.70915
9.375 76.875 1.0947
9.375 77.125 0.80382
9.375 77.375 0.62117
9.375 77.625 1.1728
9.375 77.875 0.6881
9.375 78.125 0.10331
9.375 78.375 0.053904
9.375 78.625 -0.081668
9.375 78.875 NaN
9.625 76.375 0.20012
9.625 76.625 0.8702
9.625 76.875 1.4324
9.625 77.125 0.75023
9.625 77.375 1.4832
9.625 77.625 1.153
9.625 77.875 1.135
9.625 78.125 0.55305
9.625 78.375 0.29225
9.625 78.625 0.51449
9.875 76.625 1.0087
9.875 76.875 1.6022
9.875 77.125 0.61127
9.875 77.375 1.1356
9.875 77.625 -0.16885
9.875 77.875 0.37768
9.875 78.125 0.22686
9.875 78.375 1.2188
9.875 78.625 0.75415
9.875 78.875 0.71714
10.125 76.375 0.81838
10.125 76.625 2.8006
10.125 76.875 3.9696
10.125 77.125 2.0667
10.125 77.375 0.33309
10.125 77.625 1.88
10.125 77.875 2.159
10.125 78.125 1.0608
10.125 78.375 1.1693
10.125 78.625 0.97805
10.125 78.875 0.44828
10.125 79.125 0.39434
10.375 76.375 0.064239
10.375 76.625 1.7572
10.375 76.875 1.8297
10.375 77.125 0.45736
10.375 77.375 0.51253
10.375 77.625 2.6865
10.375 77.875 0.92001
10.375 78.125 0.64632
10.375 78.375 0.27897
10.375 78.625 1.6652
10.375 78.875 0.35802
10.375 79.125 0.80083
10.375 79.375 NaN
10.375 79.625 NaN
10.625 76.125 0.011559
10.625 76.375 0.52572
10.625 76.625 0.85818
10.625 76.875 0.95728
10.625 77.125 -0.038633
10.625 77.375 0.58385
10.625 77.625 0.69942
10.625 77.875 1.2012
10.625 78.125 0.61202
10.625 78.375 -0.39664
10.625 78.625 1.2475
10.625 78.875 1.4713
10.625 79.125 1.0696
10.625 79.375 1.1001
10.625 79.625 0.12501
10.875 76.125 0.38206
10.875 76.375 1.4106
10.875 76.625 0.80842
10.875 76.875 -0.29552
10.875 77.125 0.8121
10.875 77.375 0.69261
10.875 77.625 1.5271
10.875 77.875 1.0586
10.875 78.125 -0.16347
10.875 78.375 0.76013
10.875 78.625 1.1073
10.875 78.875 1.2747
10.875 79.125 0.053589
10.875 79.375 0.35113
10.875 79.625 0.032962
11.125 76.125 2.039
11.125 76.375 1.3114
11.125 76.625 -0.1195
11.125 76.875 0.93538
11.125 77.125 1.5122
11.125 77.375 1.8567
11.125 77.625 2.1468
11.125 77.875 0.81306
11.125 78.125 0.51282
11.125 78.375 0.59263
11.125 78.625 1.5747
11.125 78.875 0.65777
11.125 79.125 0.62228
11.125 79.375 0.62165
11.125 79.625 -0.086001
11.375 75.875 -0.097249
11.375 76.125 0.33985
11.375 76.375 1.0091
11.375 76.625 0.95268
11.375 76.875 1.1615
11.375 77.125 2.0713
11.375 77.375 2.43
11.375 77.625 2.0357
11.375 77.875 2.5148
11.375 78.125 1.6532
11.375 78.375 1.3707
11.375 78.625 1.8566
11.375 78.875 1.8683
11.375 79.125 1.2968
11.375 79.375 0.40262
11.375 79.625 0.1578
11.625 75.875 0.61301
11.625 76.125 1.8711
11.625 76.375 2.1363
11.625 76.625 2.2271
11.625 76.875 3.2782
11.625 77.125 2.8776
11.625 77.375 1.3537
11.625 77.625 1.4915
11.625 77.875 1.6765
11.625 78.125 -0.2235
11.625 78.375 0.6473
11.625 78.625 2.2716
11.625 78.875 2.0208
11.625 79.125 1.3255
11.625 79.375 1.1285
11.625 79.625 NaN
11.875 75.625 NaN
11.875 75.875 -0.53029
11.875 76.125 1.9507
11.875 76.375 3.0994
11.875 76.625 2.4989
11.875 76.875 1.5553
11.875 77.125 2.9151
11.875 77.375 1.3619
11.875 77.625 1.8923
11.875 77.875 0.88243
11.875 78.125 2.1479
11.875 78.375 2.7873
11.875 78.625 3.487
11.875 78.875 0.75036
11.875 79.125 0.63551
11.875 79.375 0.41819
11.875 79.625 0.73949
12.125 75.375 -0.89711
12.125 75.625 -0.34513
12.125 75.875 1.5074
12.125 76.125 2.3418
12.125 76.375 1.7253
12.125 76.625 2.056
12.125 76.875 1.4746
12.125 77.125 2.3488
12.125 77.375 2.4729
12.125 77.625 2.3353
12.125 77.875 1.465
12.125 78.125 2.6421
12.125 78.375 3.9341
12.125 78.625 2.3715
12.125 78.875 1.4899
12.125 79.125 2.1963
12.125 79.375 2.1976
12.125 79.625 0.9343
12.375 75.125 -0.5297
12.375 75.375 -0.30804
12.375 75.625 0.094491
12.375 75.875 1.7052
12.375 76.125 1.0346
12.375 76.375 2.2311
12.375 76.625 1.0822
12.375 76.875 1.3735
12.375 77.125 2.0279
12.375 77.375 1.9369
12.375 77.625 2.9314
12.375 77.875 2.9088
12.375 78.125 3.3947
12.375 78.375 2.834
12.375 78.625 2.8864
12.375 78.875 2.6804
12.375 79.125 2.9682
12.375 79.375 1.8648
12.375 79.625 0.84845
12.375 79.875 0.80651
12.625 75.125 -1.7219
12.625 75.375 -1.0873
12.625 75.625 0.27877
12.625 75.875 1.1903
12.625 76.125 0.92878
12.625 76.375 1.1028
12.625 76.625 1.1628
12.625 76.875 2.8241
12.625 77.125 2.6816
12.625 77.375 1.3544
12.625 77.625 4.0047
12.625 77.875 4.6405
12.625 78.125 3.2203
12.625 78.375 1.9618
12.625 78.625 1.7844
12.625 78.875 2.3099
12.625 79.125 3.1529
12.625 79.375 3.3665
12.625 79.625 1.3316
12.625 79.875 0.18269
12.875 75.125 -0.60416
12.875 75.375 -0.0036379
12.875 75.625 0.12619
12.875 75.875 1.5931
12.875 76.125 1.5338
12.875 76.375 1.4795
12.875 76.625 2.7146
12.875 76.875 1.3009
12.875 77.125 1.4102
12.875 77.375 2.4422
12.875 77.625 3.6456
12.875 77.875 2.8818
12.875 78.125 2.8097
12.875 78.375 2.4619
12.875 78.625 1.338
12.875 78.875 2.1552
12.875 79.125 3.4302
12.875 79.375 1.9695
12.875 79.625 0.72031
12.875 79.875 0.864
13.125 74.875 NaN
13.125 75.125 -0.40363
13.125 75.375 -0.19382
13.125 75.625 0.29744
13.125 75.875 1.1725
13.125 76.125 0.84975
13.125 76.375 1.6811
13.125 76.625 2.4637
13.125 76.875 2.1877
13.125 77.125 1.6185
13.125 77.375 1.6315
13.125 77.625 2.8009
13.125 77.875 3.0617
13.125 78.125 2.7816
13.125 78.375 2.6508
13.125 78.625 1.8511
13.125 78.875 1.7633
13.125 79.125 2.3451
13.125 79.375 2.1378
13.125 79.625 1.5533
13.125 79.875 0.90622
13.125 80.125 0.91663
13.375 74.875 NaN
13.375 75.125 -0.27881
13.375 75.375 -0.015704
13.375 75.625 -0.21068
13.375 75.875 0.72477
13.375 76.125 1.4057
13.375 76.375 1.2673
13.375 76.625 2.4604
13.375 76.875 2.6265
13.375 77.125 2.9326
13.375 77.375 1.6654
13.375 77.625 1.9113
13.375 77.875 2.5979
13.375 78.125 2.3102
13.375 78.375 2.5352
13.375 78.625 2.3559
13.375 78.875 1.535
13.375 79.125 1.0094
13.375 79.375 1.9042
13.375 79.625 1.4851
13.375 79.875 1.3171
13.375 80.125 1.5248
13.625 74.875 -0.93562
13.625 75.125 -0.1732
13.625 75.375 0.38399
13.625 75.625 0.40842
13.625 75.875 1.4403
13.625 76.125 1.3883
13.625 76.375 1.3659
13.625 76.625 0.90652
13.625 76.875 2.8181
13.625 77.125 1.9762
13.625 77.375 1.492
13.625 77.625 2.1103
13.625 77.875 2.9579
13.625 78.125 1.8482
13.625 78.375 2.1821
13.625 78.625 1.6806
13.625 78.875 1.2185
13.625 79.125 1.3286
13.625 79.375 0.98123
13.625 79.625 1.0656
13.625 79.875 1.4427
13.625 80.125 1.5122
13.875 74.875 -0.36023
13.875 75.125 0.47747
13.875 75.375 0.68526
13.875 75.625 -0.006522
13.875 75.875 0.051693
13.875 76.125 0.12679
13.875 76.375 1.313
13.875 76.625 2.5114
13.875 76.875 3.2093
13.875 77.125 2.1911
13.875 77.375 1.4945
13.875 77.625 2.5629
13.875 77.875 3.2508
13.875 78.125 3.6646
13.875 78.375 2.7957
13.875 78.625 1.9236
13.875 78.875 0.75943
13.875 79.125 0.67816
13.875 79.375 0.98817
13.875 79.625 0.91883
13.875 79.875 0.90145
14.125 74.625 -1.2515
14.125 74.875 -0.90875
14.125 75.125 -0.53451
14.125 75.375 0.75877
14.125 75.625 -0.33994
14.125 75.875 0.34849
14.125 76.125 0.047792
14.125 76.375 1.1183
14.125 76.625 3.1361
14.125 76.875 2.5459
14.125 77.125 2.2311
14.125 77.375 2.3835
14.125 77.625 2.094
14.125 77.875 3.3123
14.125 78.125 2.3035
14.125 78.375 1.7078
14.125 78.625 2.0189
14.125 78.875 1.7917
14.125 79.125 1.6837
14.125 79.375 1.435
14.125 79.625 0.75751
14.125 79.875 0.79309
14.375 74.625 -1.0604
14.375 74.875 -0.56228
14.375 75.125 -0.6966
14.375 75.375 0.23874
14.375 75.625 -0.19901
14.375 75.875 0.85042
14.375 76.125 0.81744
14.375 76.375 0.89478
14.375 76.625 1.922
14.375 76.875 3.5615
14.375 77.125 1.9582
14.375 77.375 3.0325
14.375 77.625 4.0267
14.375 77.875 2.8209
14.375 78.125 2.7762
14.375 78.375 2.672
14.375 78.625 2.0643
14.375 78.875 1.8461
14.375 79.125 1.4864
14.375 79.375 1.0601
14.375 79.625 0.61348
14.375 79.875 1.0201
14.625 74.375 NaN
14.625 74.625 -1.1103
14.625 74.875 -1.2614
14.625 75.125 -0.94441
14.625 75.375 0.30928
14.625 75.625 0.62228
14.625 75.875 0.90884
14.625 76.125 0.84063
14.625 76.375 1.5892
14.625 76.625 1.5471
14.625 76.875 2.5315
14.625 77.125 2.8593
14.625 77.375 3.9445
14.625 77.625 3.4768
14.625 77.875 1.9922
14.625 78.125 3.1501
14.625 78.375 3.2821
14.625 78.625 1.3107
14.625 78.875 1.3138
14.625 79.125 1.3443
14.625 79.375 1.2092
14.625 79.625 1.1595
14.625 79.875 1.1586
14.875 74.375 -0.79436
14.875 74.625 -1.0733
14.875 74.875 -0.81419
14.875 75.125 -0.42642
14.875 75.375 -0.2785
14.875 75.625 0.35779
14.875 75.875 0.77229
14.875 76.125 0.53546
14.875 76.375 1.8075
14.875 76.625 2.0052
14.875 76.875 3.1038
14.875 77.125 4.3962
14.875 77.375 4.5724
14.875 77.625 2.6747
14.875 77.875 3.3477
14.875 78.125 2.3768
14.875 78.375 1.9688
14.875 78.625 0.25294
14.875 78.875 0.93409
14.875 79.125 1.4941
14.875 79.375 1.1368
14.875 79.625 1.5206
14.875 79.875 1.4108
15.125 74.125 -0.38636
15.125 74.375 -0.080644
15.125 74.625 -0.11145
15.125 74.875 0.44296
15.125 75.125 0.70153
15.125 75.375 0.83567
15.125 75.625 0.15905
15.125 75.875 1.1163
15.125 76.125 1.5921
15.125 76.375 1.8772
15.125 76.625 2.2365
15.125 76.875 3.8988
15.125 77.125 3.725
15.125 77.375 2.0899
15.125 77.625 2.58
15.125 77.875 4.7647
15.125 78.125 1.551
15.125 78.375 1.749
15.125 78.625 0.55335
15.125 78.875 1.1235
15.125 79.125 1.5904
15.125 79.375 2.0704
15.125 79.625 2.1105
15.125 79.875 1.5926
15.375 73.875 -0.79046
15.375 74.125 -0.15436
15.375 74.375 -0.073834
15.375 74.625 -0.27469
15.375 74.875 0.22657
15.375 75.125 0.24444
15.375 75.375 0.73813
15.375 75.625 0.34295
15.375 75.875 0.79833
15.375 76.125 0.83297
15.375 76.375 1.6288
15.375 76.625 1.7554
15.375 76.875 3.0505
15.375 77.125 3.4227
15.375 77.375 2.3191
15.375 77.625 2.0092
15.375 77.875 3.7434
15.375 78.125 2.2485
15.375 78.375 1.6819
15.375 78.625 0.61344
15.375 78.875 1.4064
15.375 79.125 1.658
15.375 79.375 2.3815
15.375 79.625 1.1488
15.375 79.875 1.1137
15.625 73.875 -0.51377
15.625 74.125 -0.21868
15.625 74.375 -0.5531
15.625 74.625 0.2025
15.625 74.875 0.13997
15.625 75.125 -0.21189
15.625 75.375 0.83077
15.625 75.625 0.48811
15.625 75.875 1.6671
15.625 76.125 1.9131
15.625 76.375 1.7732
15.625 76.625 1.8003
15.625 76.875 2.5653
15.625 77.125 4.8682
15.625 77.375 3.8209
15.625 77.625 3.2794
15.625 77.875 3.3349
15.625 78.125 3.734
15.625 78.375 3.2437
15.625 78.625 2.4543
15.625 78.875 2.3341
15.625 79.125 1.8946
15.625 79.375 2.8858
15.625 79.625 1.2266
15.625 79.875 1.2251
15.625 80.125 0.74626
15.875 73.875 0.80007
15.875 74.125 -0.00082419
15.875 74.375 -0.22808
15.875 74.625 0.83912
15.875 74.875 0.71609
15.875 75.125 0.82539
15.875 75.375 2.0293
15.875 75.625 1.9871
15.875 75.875 1.6908
15.875 76.125 4.2897
15.875 76.375 3.6139
15.875 76.625 2.8347
15.875 76.875 3.6648
15.875 77.125 4.2673
15.875 77.375 4.159
15.875 77.625 3.168
15.875 77.875 4.5637
15.875 78.125 5.1259
15.875 78.375 3.5857
15.875 78.625 2.0772
15.875 78.875 1.3371
15.875 79.125 1.5306
15.875 79.375 2.6122
15.875 79.625 1.9821
15.875 79.875 1.5381
15.875 80.125 0.8404
15.875 80.375 0.79156
15.875 80.625 NaN
15.875 80.875 2.1315
16.125 73.625 0.06253
16.125 73.875 -0.066546
16.125 74.125 -0.63673
16.125 74.375 0.40141
16.125 74.625 1.6789
16.125 74.875 1.1686
16.125 75.125 0.75867
16.125 75.375 0.69992
16.125 75.625 1.3038
16.125 75.875 1.3002
16.125 76.125 2.2808
16.125 76.375 2.8571
16.125 76.625 3.1151
16.125 76.875 3.691
16.125 77.125 3.7954
16.125 77.375 4.7548
16.125 77.625 4.9585
16.125 77.875 4.2918
16.125 78.125 4.235
16.125 78.375 2.871
16.125 78.625 1.2194
16.125 78.875 2.1142
16.125 79.125 2.9375
16.125 79.375 3.7121
16.125 79.625 2.9683
16.125 79.875 1.4017
16.125 80.125 1.2219
16.125 80.375 1.6361
16.125 80.625 3.6106
16.125 80.875 2.2666
16.375 73.625 0.17555
16.375 73.875 -0.017158
16.375 74.125 0.47182
16.375 74.375 0.71813
16.375 74.625 1.4636
16.375 74.875 1.2796
16.375 75.125 0.66408
16.375 75.375 0.50298
16.375 75.625 1.4342
16.375 75.875 1.2631
16.375 76.125 2.6113
16.375 76.375 3.3957
16.375 76.625 2.8978
16.375 76.875 4.5897
16.375 77.125 3.2182
16.375 77.375 4.5723
16.375 77.625 3.5214
16.375 77.875 1.5196
16.375 78.125 3.54
16.375 78.375 3.3052
16.375 78.625 1.99
16.375 78.875 1.8121
16.375 79.125 3.7772
16.375 79.375 1.911
16.375 79.625 3.187
16.375 79.875 1.5024
16.375 80.125 1.5194
16.375 80.375 1.6308
16.375 80.625 3.5796
16.375 80.875 1.7905
16.375 81.125 1.7215
16.375 81.375 NaN
16.375 81.625 NaN
16.625 73.625 0.88749
16.625 73.875 0.85909
16.625 74.125 -0.03921
16.625 74.375 0.093311
16.625 74.625 0.060782
16.625 74.875 0.39931
16.625 75.125 0.10174
16.625 75.375 -0.14133
16.625 75.625 0.74405
16.625 75.875 1.2502
16.625 76.125 3.6593
16.625 76.375 3.6304
16.625 76.625 2.8658
16.625 76.875 3.6179
16.625 77.125 3.1405
16.625 77.375 3.5614
16.625 77.625 3.57
16.625 77.875 2.5051
16.625 78.125 4.0383
16.625 78.375 3.7796
16.625 78.625 2.2453
16.625 78.875 0.46528
16.625 79.125 -0.020593
16.625 79.375 1.022
16.625 79.625 1.8888
16.625 79.875 1.5632
16.625 80.125 2.3836
16.625 80.375 2.3655
16.625 80.625 2.4275
16.625 80.875 1.4138
16.625 81.125 1.7069
16.625 81.375 1.6798
16.625 81.625 2.7771
16.625 81.875 2.8922
16.625 82.125 2.9542
16.875 73.375 0.39366
16.875 73.625 1.2106
16.875 73.875 0.56856
16.875 74.125 -1.1116
16.875 74.375 -0.13677
16.875 74.625 0.21141
16.875 74.875 0.25676
16.875 75.125 0.38605
16.875 75.375 1.2569
16.875 75.625 1.4461
16.875 75.875 1.4655
16.875 76.125 2.4303
16.875 76.375 1.651
16.875 76.625 2.4457
16.875 76.875 2.6546
16.875 77.125 3.5637
16.875 77.375 2.6537
16.875 77.625 1.7
16.875 77.875 3.0548
16.875 78.125 3.0039
16.875 78.375 2.3842
16.875 78.625 3.3481
16.875 78.875 1.1543
16.875 79.125 0.3445
16.875 79.375 0.64512
16.875 79.625 0.79851
16.875 79.875 2.2767
16.875 80.125 2.6658
16.875 80.375 2.0721
16.875 80.625 2.4214
16.875 80.875 2.6805
16.875 81.125 0.94961
16.875 81.375 0.79627
16.875 81.625 0.78027
16.875 81.875 1.4322
16.875 82.125 1.3469
17.125 73.375 0.23543
17.125 73.625 0.14277
17.125 73.875 -0.21317
17.125 74.125 -0.54472
17.125 74.375 -0.239
17.125 74.625 0.2339
17.125 74.875 0.13252
17.125 75.125 0.24661
17.125 75.375 1.7297
17.125 75.625 2.3894
17.125 75.875 1.1835
17.125 76.125 1.0676
17.125 76.375 2.7334
17.125 76.625 3.2276
17.125 76.875 2.1171
17.125 77.125 2.3844
17.125 77.375 2.3849
17.125 77.625 2.1207
17.125 77.875 3.1618
17.125 78.125 2.6585
17.125 78.375 2.2642
17.125 78.625 2.6749
17.125 78.875 2.5268
17.125 79.125 3.2388
17.125 79.375 2.4263
17.125 79.625 2.7911
17.125 79.875 1.9022
17.125 80.125 2.7311
17.125 80.375 1.9064
17.125 80.625 2.4081
17.125 80.875 2.9169
17.125 81.125 2.0117
17.125 81.375 1.8574
17.125 81.625 1.6365
17.125 81.875 1.7021
17.125 82.125 0.72172
17.125 82.375 0.60333
17.375 73.375 0.57154
17.375 73.625 0.22286
17.375 73.875 0.23783
17.375 74.125 0.067817
17.375 74.375 -0.22219
17.375 74.625 0.039116
17.375 74.875 -0.030235
17.375 75.125 0.0039649
17.375 75.375 0.78296
17.375 75.625 1.0402
17.375 75.875 -0.4534
17.375 76.125 1.4467
17.375 76.375 2.6564
17.375 76.625 3.0131
17.375 76.875 3.6463
17.375 77.125 1.9208
17.375 77.375 3.915
17.375 77.625 4.0197
17.375 77.875 2.7589
17.375 78.125 4.2561
17.375 78.375 3.9149
17.375 78.625 4.4129
17.375 78.875 4.4982
17.375 79.125 4.8007
17.375 79.375 4.4523
17.375 79.625 3.3356
17.375 79.875 3.2472
17.375 80.125 2.8287
17.375 80.375 2.7205
17.375 80.625 2.9942
17.375 80.875 2.3131
17.375 81.125 1.6696
17.375 81.375 1.5129
17.375 81.625 1.6505
17.375 81.875 1.239
17.375 82.125 0.50433
17.375 82.375 1.1922
17.375 82.625 NaN
17.625 73.375 0.37467
17.625 73.625 -0.13091
17.625 73.875 0.54677
17.625 74.125 0.4666
17.625 74.375 -0.058173
17.625 74.625 -0.19804
17.625 74.875 -0.10511
17.625 75.125 -0.14427
17.625 75.375 0.46345
17.625 75.625 0.94738
17.625 75.875 0.22425
17.625 76.125 1.5343
17.625 76.375 1.8537
17.625 76.625 3.6033
17.625 76.875 3.7523
17.625 77.125 4.4719
17.625 77.375 3.3121
17.625 77.625 2.8582
17.625 77.875 2.8151
17.625 78.125 3.7035
17.625 78.375 2.6351
17.625 78.625 4.7286
17.625 78.875 5.5657
17.625 79.125 5.0001
17.625 79.375 4.531
17.625 79.625 5.4154
17.625 79.875 3.8595
17.625 80.125 2.3505
17.625 80.375 3.4437
17.625 80.625 2.9385
17.625 80.875 2.5401
17.625 81.125 2.5789
17.625 81.375 1.7323
17.625 81.625 0.93542
17.625 81.875 0.14406
17.625 82.125 0.21756
17.625 82.375 0.56559
17.625 82.625 0.62539
17.625 82.875 0.58523
17.625 83.125 0.57789
17.875 73.375 0.2729
17.875 73.625 0.15262
17.875 73.875 0.901
17.875 74.125 1.2056
17.875 74.375 0.92988
17.875 74.625 0.21848
17.875 74.875 -0.054986
17.875 75.125 -0.15041
17.875 75.375 0.023138
17.875 75.625 0.83537
17.875 75.875 0.67604
17.875 76.125 1.5936
17.875 76.375 4.334
17.875 76.625 5.0192
17.875 76.875 4.4904
17.875 77.125 4.8801
17.875 77.375 4.1145
17.875 77.625 3.2682
17.875 77.875 4.5979
17.875 78.125 4.285
17.875 78.375 3.4997
17.875 78.625 4.419
17.875 78.875 4.9945
17.875 79.125 4.3048
17.875 79.375 3.743
17.875 79.625 4.7004
17.875 79.875 4.9312
17.875 80.125 3.2235
17.875 80.375 3.2435
17.875 80.625 3.7769
17.875 80.875 3.8454
17.875 81.125 3.4976
17.875 81.375 2.8245
17.875 81.625 0.95873
17.875 81.875 0.26131
17.875 82.125 0.23402
17.875 82.375 0.58653
17.875 82.625 1.0704
17.875 82.875 0.82222
17.875 83.125 0.71257
17.875 83.375 0.68675
18.125 73.125 NaN
18.125 73.375 1.076
18.125 73.625 1.4193
18.125 73.875 1.3754
18.125 74.125 0.89235
18.125 74.375 1.1669
18.125 74.625 0.74806
18.125 74.875 0.14721
18.125 75.125 0.75612
18.125 75.375 -0.43104
18.125 75.625 0.82439
18.125 75.875 0.45031
18.125 76.125 2.9774
18.125 76.375 4.1038
18.125 76.625 4.8866
18.125 76.875 4.2899
18.125 77.125 5.5359
18.125 77.375 4.6686
18.125 77.625 5.0643
18.125 77.875 4.9517
18.125 78.125 5.0393
18.125 78.375 3.5123
18.125 78.625 3.6922
18.125 78.875 3.7765
18.125 79.125 4.1531
18.125 79.375 3.4846
18.125 79.625 3.7131
18.125 79.875 3.3372
18.125 80.125 2.925
18.125 80.375 2.7577
18.125 80.625 3.1765
18.125 80.875 3.9002
18.125 81.125 3.7921
18.125 81.375 2.425
18.125 81.625 1.4891
18.125 81.875 0.56572
18.125 82.125 1.2476
18.125 82.375 1.2597
18.125 82.625 1.3931
18.125 82.875 0.72415
18.125 83.125 0.65592
18.125 83.375 1.0846
18.125 83.625 1.0263
18.375 73.125 0.16908
18.375 73.375 1.1794
18.375 73.625 1.3373
18.375 73.875 1.2443
18.375 74.125 -0.027057
18.375 74.375 -0.32925
18.375 74.625 0.40403
18.375 74.875 0.53894
18.375 75.125 0.74711
18.375 75.375 1.3886
18.375 75.625 0.41892
18.375 75.875 0.16089
18.375 76.125 2.1627
18.375 76.375 2.9902
18.375 76.625 3.6714
18.375 76.875 4.4693
18.375 77.125 2.7819
18.375 77.375 2.7232
18.375 77.625 3.7681
18.375 77.875 4.3067
18.375 78.125 4.2836
18.375 78.375 3.92
18.375 78.625 4.248
18.375 78.875 3.514
18.375 79.125 2.0753
18.375 79.375 2.6287
18.375 79.625 3.7059
18.375 79.875 3.2642
18.375 80.125 2.2521
18.375 80.375 2.3656
18.375 80.625 2.0521
18.375 80.875 2.0887
18.375 81.125 2.8579
18.375 81.375 2.3358
18.375 81.625 1.5954
18.375 81.875 1.6266
18.375 82.125 3.2
18.375 82.375 3.0504
18.375 82.625 2.3329
18.375 82.875 1.3783
18.375 83.125 1.9826
18.375 83.375 2.0738
18.375 83.625 1.1504
18.375 83.875 1.1461
18.625 73.125 1.1719
18.625 73.375 1.0137
18.625 73.625 0.16339
18.625 73.875 0.29196
18.625 74.125 0.20639
18.625 74.375 0.12246
18.625 74.625 0.58926
18.625 74.875 1.5661
18.625 75.125 0.90633
18.625 75.375 1.3984
18.625 75.625 0.58819
18.625 75.875 0.38719
18.625 76.125 0.29397
18.625 76.375 0.56322
18.625 76.625 2.5667
18.625 76.875 1.6611
18.625 77.125 1.8042
18.625 77.375 1.2892
18.625 77.625 4.2338
18.625 77.875 5.0617
18.625 78.125 2.6808
18.625 78.375 3.7424
18.625 78.625 2.6008
18.625 78.875 3.5496
18.625 79.125 2.9929
18.625 79.375 2.1004
18.625 79.625 1.8817
18.625 79.875 1.9232
18.625 80.125 1.968
18.625 80.375 2.1574
18.625 80.625 2.3442
18.625 80.875 3.01
18.625 81.125 2.7589
18.625 81.375 2.7144
18.625 81.625 2.5848
18.625 81.875 2.4056
18.625 82.125 2.8201
18.625 82.375 3.8624
18.625 82.625 3.7763
18.625 82.875 1.6916
18.625 83.125 2.0029
18.625 83.375 1.6027
18.625 83.625 1.5355
18.625 83.875 1.2802
18.625 84.125 1.3031
18.875 73.125 1.2319
18.875 73.375 0.63305
18.875 73.625 1.1709
18.875 73.875 0.53179
18.875 74.125 0.45582
18.875 74.375 2.9341
18.875 74.625 0.6639
18.875 74.875 0.92562
18.875 75.125 0.13024
18.875 75.375 2.5956
18.875 75.625 2.6879
18.875 75.875 0.15598
18.875 76.125 2.371
18.875 76.375 1.5946
18.875 76.625 3.619
18.875 76.875 1.5536
18.875 77.125 1.9128
18.875 77.375 0.55015
18.875 77.625 3.8087
18.875 77.875 3.6202
18.875 78.125 4.1647
18.875 78.375 3.5463
18.875 78.625 2.6133
18.875 78.875 2.0988
18.875 79.125 2.8123
18.875 79.375 2.5097
18.875 79.625 1.7486
18.875 79.875 1.7341
18.875 80.125 2.0513
18.875 80.375 2.5785
18.875 80.625 2.6008
18.875 80.875 3.0804
18.875 81.125 3.0079
18.875 81.375 2.1457
18.875 81.625 1.1927
18.875 81.875 2.3692
18.875 82.125 1.7959
18.875 82.375 2.675
18.875 82.625 1.4835
18.875 82.875 0.64736
18.875 83.125 1.2808
18.875 83.375 1.1464
18.875 83.625 2.429
18.875 83.875 2.2428
18.875 84.125 0.76909
18.875 84.375 0.62632
19.125 73.125 0.57872
19.125 73.375 0.84019
19.125 73.625 1.0473
19.125 73.875 1.108
19.125 74.125 1.9799
19.125 74.375 3.6913
19.125 74.625 1.5546
19.125 74.875 1.4193
19.125 75.125 1.5621
19.125 75.375 2.753
19.125 75.625 1.9565
19.125 75.875 0.38302
19.125 76.125 1.663
19.125 76.375 1.3229
19.125 76.625 2.92
19.125 76.875 1.1326
19.125 77.125 0.53099
19.125 77.375 0.72693
19.125 77.625 1.4494
19.125 77.875 3.1003
19.125 78.125 4.0016
19.125 78.375 3.7348
19.125 78.625 2.9813
19.125 78.875 2.1536
19.125 79.125 2.1275
19.125 79.375 2.2447
19.125 79.625 2.6392
19.125 79.875 2.2292
19.125 80.125 2.9326
19.125 80.375 2.4962
19.125 80.625 2.7588
19.125 80.875 2.6718
19.125 81.125 2.054
19.125 81.375 0.98797
19.125 81.625 1.4462
19.125 81.875 2.2846
19.125 82.125 1.7557
19.125 82.375 1.3479
19.125 82.625 0.99887
19.125 82.875 1.0661
19.125 83.125 0.79684
19.125 83.375 1.9382
19.125 83.625 1.6884
19.125 83.875 1.5658
19.125 84.125 1.2208
19.125 84.375 1.0045
19.125 84.625 0.91633
19.375 72.875 0.99489
19.375 73.125 0.51973
19.375 73.375 1.7653
19.375 73.625 1.554
19.375 73.875 1.2717
19.375 74.125 2.2963
19.375 74.375 3.647
19.375 74.625 1.8738
19.375 74.875 2.723
19.375 75.125 3.0807
19.375 75.375 1.7611
19.375 75.625 0.036527
19.375 75.875 -0.11891
19.375 76.125 1.2289
19.375 76.375 0.3044
19.375 76.625 -0.8031
19.375 76.875 -0.6879
19.375 77.125 0.39327
19.375 77.375 0.025804
19.375 77.625 0.52961
19.375 77.875 1.8147
19.375 78.125 4.1583
19.375 78.375 3.5578
19.375 78.625 3.0937
19.375 78.875 2.2954
19.375 79.125 1.9988
19.375 79.375 2.7724
19.375 79.625 2.5664
19.375 79.875 2.0706
19.375 80.125 2.7867
19.375 80.375 2.583
19.375 80.625 2.2015
19.375 80.875 1.9676
19.375 81.125 0.98829
19.375 81.375 0.63003
19.375 81.625 1.6342
19.375 81.875 2.8378
19.375 82.125 3.4422
19.375 82.375 1.166
19.375 82.625 1.607
19.375 82.875 2.1633
19.375 83.125 1.6159
19.375 83.375 1.9373
19.375 83.625 1.3262
19.375 83.875 0.81723
19.375 84.125 1.195
19.375 84.375 0.63791
19.375 84.625 0.44858
19.375 84.875 0.28064
19.625 72.875 1.0733
19.625 73.125 2.6818
19.625 73.375 2.2407
19.625 73.625 2.4852
19.625 73.875 2.0406
19.625 74.125 1.6077
19.625 74.375 2.0566
19.625 74.625 3.7182
19.625 74.875 4.7214
19.625 75.125 3.6187
19.625 75.375 1.1585
19.625 75.625 0.36704
19.625 75.875 0.33349
19.625 76.125 0.074022
19.625 76.375 0.088193
19.625 76.625 -0.97279
19.625 76.875 -0.43552
19.625 77.125 1.6057
19.625 77.375 3.9137
19.625 77.625 1.4827
19.625 77.875 1.9786
19.625 78.125 4.5824
19.625 78.375 4.443
19.625 78.625 4.053
19.625 78.875 2.7898
19.625 79.125 1.9625
19.625 79.375 1.5383
19.625 79.625 2.4842
19.625 79.875 1.9915
19.625 80.125 2.6399
19.625 80.375 2.245
19.625 80.625 1.3719
19.625 80.875 1.1228
19.625 81.125 1.0369
19.625 81.375 0.74347
19.625 81.625 2.0447
19.625 81.875 3.2765
19.625 82.125 2.4466
19.625 82.375 1.6614
19.625 82.625 0.81621
19.625 82.875 1.3858
19.625 83.125 0.70799
19.625 83.375 2.3135
19.625 83.625 2.2537
19.625 83.875 2.1398
19.625 84.125 1.0984
19.625 84.375 0.72008
19.625 84.625 1.0625
19.625 84.875 1.1767
19.625 85.125 1.0211
19.625 85.375 -0.66215
19.875 72.875 2.009
19.875 73.125 3.5491
19.875 73.375 2.4471
19.875 73.625 2.4141
19.875 73.875 1.0712
19.875 74.125 1.8203
19.875 74.375 2.5689
19.875 74.625 4.0909
19.875 74.875 3.5556
19.875 75.125 2.8388
19.875 75.375 1.6239
19.875 75.625 1.5174
19.875 75.875 3.2114
19.875 76.125 2.1023
19.875 76.375 1.9262
19.875 76.625 3.1722
19.875 76.875 4.5668
19.875 77.125 5.0982
19.875 77.375 5.0278
19.875 77.625 5.4371
19.875 77.875 4.9771
19.875 78.125 5.2358
19.875 78.375 5.083
19.875 78.625 4.0834
19.875 78.875 2.8846
19.875 79.125 2.7518
19.875 79.375 2.8388
19.875 79.625 2.1509
19.875 79.875 2.3144
19.875 80.125 2.4174
19.875 80.375 2.2752
19.875 80.625 1.8805
19.875 80.875 1.6641
19.875 81.125 1.6395
19.875 81.375 0.54384
19.875 81.625 1.0446
19.875 81.875 2.7935
19.875 82.125 1.8374
19.875 82.375 1.4646
19.875 82.625 0.92287
19.875 82.875 1.3375
19.875 83.125 1.3477
19.875 83.375 2.2788
19.875 83.625 2.3981
19.875 83.875 2.6308
19.875 84.125 1.3809
19.875 84.375 0.95363
19.875 84.625 0.83761
19.875 84.875 0.35
19.875 85.125 0.14795
19.875 85.375 -0.53051
19.875 85.625 NaN
19.875 85.875 NaN
19.875 86.125 NaN
20.125 72.875 2.5091
20.125 73.125 2.0506
20.125 73.375 1.3112
20.125 73.625 1.1665
20.125 73.875 1.0282
20.125 74.125 1.1139
20.125 74.375 1.825
20.125 74.625 2.2152
20.125 74.875 3.7705
20.125 75.125 3.3942
20.125 75.375 3.3262
20.125 75.625 1.087
20.125 75.875 2.5824
20.125 76.125 3.3789
20.125 76.375 3.087
20.125 76.625 3.2566
20.125 76.875 4.8678
20.125 77.125 5.8278
20.125 77.375 5.5232
20.125 77.625 5.4315
20.125 77.875 4.682
20.125 78.125 5.3003
20.125 78.375 5.0678
20.125 78.625 4.5747
20.125 78.875 4.2241
20.125 79.125 4.2493
20.125 79.375 3.4181
20.125 79.625 2.647
20.125 79.875 2.6035
20.125 80.125 3.0999
20.125 80.375 4.0016
20.125 80.625 1.8174
20.125 80.875 2.0334
20.125 81.125 2.3054
20.125 81.375 1.4295
20.125 81.625 1.9619
20.125 81.875 1.4283
20.125 82.125 1.6965
20.125 82.375 1.1891
20.125 82.625 0.55479
20.125 82.875 -0.078784
20.125 83.125 1.4705
20.125 83.375 1.9692
20.125 83.625 2.4824
20.125 83.875 2.9006
20.125 84.125 2.6469
20.125 84.375 0.75524
20.125 84.625 0.69734
20.125 84.875 0.4171
20.125 85.125 0.65724
20.125 85.375 0.9568
20.125 85.625 0.45427
20.125 85.875 0.062608
20.125 86.125 0.023488
20.125 86.375 NaN
20.375 73.125 1.6067
20.375 73.375 2.7198
20.375 73.625 1.4131
20.375 73.875 0.83284
20.375 74.125 1.4191
20.375 74.375 0.53904
20.375 74.625 1.0377
20.375 74.875 2.0094
20.375 75.125 2.7634
20.375 75.375 2.9367
20.375 75.625 3.3177
20.375 75.875 4.3684
20.375 76.125 4.0248
20.375 76.375 3.239
20.375 76.625 3.0992
20.375 76.875 4.2162
20.375 77.125 4.5425
20.375 77.375 5.0818
20.375 77.625 4.7194
20.375 77.875 4.5719
20.375 78.125 5.0706
20.375 78.375 5.1284
20.375 78.625 5.0824
20.375 78.875 4.6477
20.375 79.125 4.0736
20.375 79.375 3.8174
20.375 79.625 3.5183
20.375 79.875 3.258
20.375 80.125 4.4518
20.375 80.375 4.1851
20.375 80.625 3.2725
20.375 80.875 3.2316
20.375 81.125 2.9807
20.375 81.375 1.9405
20.375 81.625 1.9208
20.375 81.875 1.6981
20.375 82.125 1.4619
20.375 82.375 1.5068
20.375 82.625 1.2282
20.375 82.875 0.45814
20.375 83.125 0.63963
20.375 83.375 1.0827
20.375 83.625 2.0155
20.375 83.875 1.4144
20.375 84.125 1.4352
20.375 84.375 0.80126
20.375 84.625 0.7878
20.375 84.875 0.88689
20.375 85.125 0.154
20.375 85.375 -0.33406
20.375 85.625 0.64117
20.375 85.875 0.55141
20.375 86.125 0.022037
20.375 86.375 -0.1117
20.375 86.625 NaN
20.625 73.125 1.7302
20.625 73.375 3.4636
20.625 73.625 3.0406
20.625 73.875 -0.14207
20.625 74.125 2.5119
20.625 74.375 3.3894
20.625 74.625 5.1706
20.625 74.875 2.9696
20.625 75.125 2.2331
20.625 75.375 4.501
20.625 75.625 4.0294
20.625 75.875 2.8811
20.625 76.125 2.9769
20.625 76.375 2.7308
20.625 76.625 3.1212
20.625 76.875 2.7997
20.625 77.125 2.4216
20.625 77.375 2.8473
20.625 77.625 3.4943
20.625 77.875 3.8411
20.625 78.125 4.0966
20.625 78.375 3.8674
20.625 78.625 4.9976
20.625 78.875 4.3231
20.625 79.125 4.0512
20.625 79.375 3.7448
20.625 79.625 4.4445
20.625 79.875 4.6418
20.625 80.125 5.2227
20.625 80.375 3.1088
20.625 80.625 4.3709
20.625 80.875 3.2987
20.625 81.125 4.2326
20.625 81.375 3.5364
20.625 81.625 2.0319
20.625 81.875 1.9167
20.625 82.125 1.4915
20.625 82.375 1.4611
20.625 82.625 0.61134
20.625 82.875 0.78428
20.625 83.125 0.8066
20.625 83.375 0.86904
20.625 83.625 0.48454
20.625 83.875 0.52705
20.625 84.125 0.67994
20.625 84.375 0.609
20.625 84.625 0.062897
20.625 84.875 0.51131
20.625 85.125 0.23872
20.625 85.375 0.71869
20.625 85.625 -0.63312
20.625 85.875 0.22034
20.625 86.125 0.07462
20.625 86.375 0.039757
20.625 86.625 0.12076
20.625 86.875 NaN
20.875 70.625 1.7697
20.875 70.875 1.8497
20.875 71.125 1.9127
20.875 71.375 1.16
20.875 72.875 1.5164
20.875 73.125 1.2204
20.875 73.375 2.2366
20.875 73.625 3.2977
20.875 73.875 2.9104
20.875 74.125 3.6301
20.875 74.375 5.2306
20.875 74.625 5.173
20.875 74.875 1.6564
20.875 75.125 1.9963
20.875 75.375 2.3831
20.875 75.625 1.3556
20.875 75.875 1.6902
20.875 76.125 2.4444
20.875 76.375 3.982
20.875 76.625 3.0098
20.875 76.875 3.0737
20.875 77.125 3.205
20.875 77.375 2.7503
20.875 77.625 3.25
20.875 77.875 2.6631
20.875 78.125 2.811
20.875 78.375 3.6295
20.875 78.625 3.2141
20.875 78.875 3.6615
20.875 79.125 4.0922
20.875 79.375 2.4201
20.875 79.625 3.8692
20.875 79.875 4.7483
20.875 80.125 4.8614
20.875 80.375 3.4599
20.875 80.625 2.8351
20.875 80.875 4.0284
20.875 81.125 4.1157
20.875 81.375 3.3481
20.875 81.625 3.0611
20.875 81.875 2.894
20.875 82.125 1.906
20.875 82.375 1.639
20.875 82.625 1.2605
20.875 82.875 1.1333
20.875 83.125 0.8186
20.875 83.375 -0.23003
20.875 83.625 0.44795
20.875 83.875 -0.072154
20.875 84.125 -0.46841
20.875 84.375 0.65345
20.875 84.625 0.20851
20.875 84.875 -0.13165
20.875 85.125 0.33286
20.875 85.375 0.008261
20.875 85.625 -0.27343
20.875 85.875 0.15913
20.875 86.125 0.48288
20.875 86.375 0.93049
20.875 86.625 0.89889
21.125 70.375 3.6988
21.125 70.625 3.4774
21.125 70.875 3.0704
21.125 71.125 3.5502
21.125 71.375 0.99842
21.125 71.625 NaN
21.125 71.875 NaN
21.125 72.875 0.80419
21.125 73.125 1.868
21.125 73.375 0.22544
21.125 73.625 -0.010655
21.125 73.875 3.2617
21.125 74.125 3.0602
21.125 74.375 1.7443
21.125 74.625 1.2139
21.125 74.875 2.1151
21.125 75.125 2.1345
21.125 75.375 1.3906
21.125 75.625 3.1051
21.125 75.875 2.2
21.125 76.125 3.5443
21.125 76.375 4.676
21.125 76.625 3.4162
21.125 76.875 3.7167
21.125 77.125 4.4371
21.125 77.375 4.1827
21.125 77.625 3.9103
21.125 77.875 3.6428
21.125 78.125 3.6027
21.125 78.375 3.3045
21.125 78.625 3.3609
21.125 78.875 3.4105
21.125 79.125 2.6405
21.125 79.375 2.6817
21.125 79.625 3.6936
21.125 79.875 4.4536
21.125 80.125 3.9858
21.125 80.375 2.4569
21.125 80.625 2.8755
21.125 80.875 2.9347
21.125 81.125 3.4031
21.125 81.375 2.4268
21.125 81.625 2.2924
21.125 81.875 2.9801
21.125 82.125 1.8713
21.125 82.375 2.0056
21.125 82.625 1.5161
21.125 82.875 1.3689
21.125 83.125 1.3319
21.125 83.375 0.78475
21.125 83.625 0.52648
21.125 83.875 0.20495
21.125 84.125 0.19186
21.125 84.375 0.4936
21.125 84.625 0.36137
21.125 84.875 -0.75767
21.125 85.125 -0.4487
21.125 85.375 -0.13061
21.125 85.625 0.77321
21.125 85.875 0.98114
21.125 86.125 1.1239
21.125 86.375 1.2429
21.125 86.625 0.92204
21.375 70.125 4.0668
21.375 70.375 3.5321
21.375 70.625 3.1613
21.375 70.875 3.7195
21.375 71.125 2.206
21.375 71.375 0.75386
21.375 71.625 0.99608
21.375 71.875 1.0893
21.375 72.875 1.4622
21.375 73.125 2.0051
21.375 73.375 2.3698
21.375 73.625 2.4556
21.375 73.875 4.5332
21.375 74.125 1.1686
21.375 74.375 0.58442
21.375 74.625 0.98307
21.375 74.875 3.2925
21.375 75.125 3.7454
21.375 75.375 3.876
21.375 75.625 3.7505
21.375 75.875 2.2541
21.375 76.125 3.6685
21.375 76.375 3.9125
21.375 76.625 3.6649
21.375 76.875 4.3822
21.375 77.125 4.723
21.375 77.375 5.1722
21.375 77.625 3.5226
21.375 77.875 3.6235
21.375 78.125 3.8278
21.375 78.375 4.599
21.375 78.625 3.6081
21.375 78.875 2.8429
21.375 79.125 2.6027
21.375 79.375 2.8238
21.375 79.625 3.3395
21.375 79.875 3.8461
21.375 80.125 0.42421
21.375 80.375 0.97163
21.375 80.625 1.9608
21.375 80.875 2.6785
21.375 81.125 1.7838
21.375 81.375 1.599
21.375 81.625 1.867
21.375 81.875 2.7003
21.375 82.125 2.3867
21.375 82.375 2.3807
21.375 82.625 2.1855
21.375 82.875 1.8272
21.375 83.125 0.51021
21.375 83.375 1.4706
21.375 83.625 1.0796
21.375 83.875 0.2738
21.375 84.125 0.14113
21.375 84.375 0.077402
21.375 84.625 0.13869
21.375 84.875 -0.4023
21.375 85.125 -0.25569
21.375 85.375 -0.2738
21.375 85.625 -0.93541
21.375 85.875 -0.35624
21.375 86.125 0.98918
21.375 86.375 0.17985
21.375 86.625 0.74082
21.375 86.875 0.69866
21.625 69.875 4.0624
21.625 70.125 6.0978
21.625 70.375 4.4984
21.625 70.625 3.5133
21.625 70.875 4.1626
21.625 71.125 3.4788
21.625 71.375 2.6425
21.625 71.625 3.0793
21.625 71.875 2.9476
21.625 72.125 2.8157
21.625 72.875 0.80253
21.625 73.125 0.71069
21.625 73.375 2.0633
21.625 73.625 1.2843
21.625 73.875 1.0271
21.625 74.125 0.93447
21.625 74.375 2.328
21.625 74.625 4.2923
21.625 74.875 4.9509
21.625 75.125 3.1458
21.625 75.375 2.9494
21.625 75.625 3.5894
21.625 75.875 1.6396
21.625 76.125 1.8346
21.625 76.375 2.3874
21.625 76.625 2.5185
21.625 76.875 4.0599
21.625 77.125 4.425
21.625 77.375 5.0217
21.625 77.625 2.9541
21.625 77.875 4.4379
21.625 78.125 4.5002
21.625 78.375 4.2919
21.625 78.625 3.6903
21.625 78.875 3.73
21.625 79.125 1.4822
21.625 79.375 2.6382
21.625 79.625 3.3634
21.625 79.875 2.9909
21.625 80.125 1.8141
21.625 80.375 2.6976
21.625 80.625 2.8248
21.625 80.875 2.2217
21.625 81.125 1.8599
21.625 81.375 2.158
21.625 81.625 2.6306
21.625 81.875 2.73
21.625 82.125 2.4219
21.625 82.375 2.5672
21.625 82.625 0.92054
21.625 82.875 NaN
21.625 83.125 0.97315
21.625 83.375 0.19881
21.625 83.625 0.39785
21.625 83.875 0.71093
21.625 84.125 0.45299
21.625 84.375 0.74936
21.625 84.625 1.5052
21.625 84.875 0.47436
21.625 85.125 -0.74048
21.625 85.375 -0.10913
21.625 85.625 -0.034112
21.625 85.875 0.41651
21.625 86.125 -0.023698
21.625 86.375 -0.11478
21.625 86.625 0.46634
21.625 86.875 -0.5633
21.625 87.125 -0.57122
21.625 87.375 NaN
21.875 69.375 NaN
21.875 69.625 1.8431
21.875 69.875 2.5232
21.875 70.125 3.4551
21.875 70.375 3.8565
21.875 70.625 3.3442
21.875 70.875 2.909
21.875 71.125 2.5909
21.875 71.375 3.9847
21.875 71.625 2.7622
21.875 71.875 1.6489
21.875 72.125 1.395
21.875 72.625 NaN
21.875 72.875 0.21891
21.875 73.125 0.11649
21.875 73.375 0.55838
21.875 73.625 0.96685
21.875 73.875 0.88086
21.875 74.125 0.69226
21.875 74.375 3.4061
21.875 74.625 4.5876
21.875 74.875 4.5058
21.875 75.125 2.2255
21.875 75.375 1.9512
21.875 75.625 2.6538
21.875 75.875 2.3858
21.875 76.125 2.0121
21.875 76.375 2.2046
21.875 76.625 2.1613
21.875 76.875 2.1052
21.875 77.125 3.28
21.875 77.375 3.4674
21.875 77.625 3.8122
21.875 77.875 4.479
21.875 78.125 3.8886
21.875 78.375 3.1021
21.875 78.625 2.6915
21.875 78.875 3.5459
21.875 79.125 2.8121
21.875 79.375 3.0549
21.875 79.625 3.462
21.875 79.875 3.445
21.875 80.125 4.1374
21.875 80.375 3.1162
21.875 80.625 3.4453
21.875 80.875 2.9193
21.875 81.125 2.8262
21.875 81.375 2.1383
21.875 81.625 2.7016
21.875 81.875 2.8554
21.875 82.125 1.6188
21.875 82.375 2.159
21.875 82.625 0.40392
21.875 82.875 0.40985
21.875 83.125 1.2203
21.875 83.375 0.80307
21.875 83.625 -0.032712
21.875 83.875 0.76747
21.875 84.125 0.1952
21.875 84.375 0.60286
21.875 84.625 1.3222
21.875 84.875 0.32619
21.875 85.125 -0.022045
21.875 85.375 0.07529
21.875 85.625 0.60144
21.875 85.875 0.68893
21.875 86.125 -0.50619
21.875 86.375 -0.3427
21.875 86.625 -0.11734
21.875 86.875 -0.59432
21.875 87.125 -0.33714
21.875 87.375 -0.41545
21.875 87.625 -0.51442
21.875 87.875 -0.95077
21.875 88.375 -0.98551
21.875 88.625 NaN
21.875 88.875 NaN
22.125 69.125 2.9705
22.125 69.375 2.2446
22.125 69.625 3.1949
22.125 69.875 4.2149
22.125 70.125 2.9108
22.125 70.375 2.5544
22.125 70.625 2.7477
22.125 70.875 2.7994
22.125 71.125 1.7539
22.125 71.375 1.9357
22.125 71.625 1.444
22.125 71.875 0.22545
22.125 72.125 0.29624
22.125 72.625 NaN
22.125 72.875 0.14715
22.125 73.125 0.15074
22.125 73.375 2.6965
22.125 73.625 3.0987
22.125 73.875 0.97129
22.125 74.125 0.24623
22.125 74.375 2.8691
22.125 74.625 3.4383
22.125 74.875 4.3775
22.125 75.125 3.0839
22.125 75.375 3.3228
22.125 75.625 3.2461
22.125 75.875 3.2091
22.125 76.125 3.7683
22.125 76.375 2.4628
22.125 76.625 2.56
22.125 76.875 3.6402
22.125 77.125 3.3512
22.125 77.375 4.1709
22.125 77.625 4.2504
22.125 77.875 4.3015
22.125 78.125 3.2977
22.125 78.375 2.7856
22.125 78.625 1.7465
22.125 78.875 2.2271
22.125 79.125 3.04
22.125 79.375 2.6055
22.125 79.625 3.1117
22.125 79.875 3.4966
22.125 80.125 4.0295
22.125 80.375 3.4098
22.125 80.625 4.023
22.125 80.875 3.6328
22.125 81.125 2.4816
22.125 81.375 2.8429
22.125 81.625 2.5432
22.125 81.875 2.1871
22.125 82.125 1.1786
22.125 82.375 0.63982
22.125 82.625 0.67109
22.125 82.875 -0.003799
22.125 83.125 -0.076993
22.125 83.375 -0.23998
22.125 83.625 -0.32588
22.125 83.875 -0.5405
22.125 84.125 0.34966
22.125 84.375 0.17113
22.125 84.625 0.4644
22.125 84.875 0.607
22.125 85.125 0.0048071
22.125 85.375 0.27653
22.125 85.625 -0.1076
22.125 85.875 -0.31546
22.125 86.125 -0.58923
22.125 86.375 -0.44619
22.125 86.625 -0.19878
22.125 86.875 -0.013251
22.125 87.125 0.026371
22.125 87.375 -0.64325
22.125 87.625 -0.63167
22.125 87.875 -0.69662
22.125 88.125 -1.0712
22.125 88.375 -0.94773
22.125 92.875 NaN
22.375 69.125 1.8104
22.375 69.875 5.2599
22.375 70.125 3.8127
22.375 70.375 2.9172
22.375 70.625 1.3853
22.375 70.875 0.64407
22.375 71.125 0.33429
22.375 71.375 0.53121
22.375 71.625 0.34757
22.375 71.875 0.37169
22.375 72.125 0.016002
22.375 72.625 NaN
22.375 72.875 -0.30708
22.375 73.125 -0.028333
22.375 73.375 0.72973
22.375 73.625 2.445
22.375 73.875 -0.45746
22.375 74.125 0.054222
22.375 74.375 3.0785
22.375 74.625 2.4905
22.375 74.875 2.578
22.375 75.125 3.6477
22.375 75.375 3.216
22.375 75.625 2.5788
22.375 75.875 2.851
22.375 76.125 2.8327
22.375 76.375 3.07
22.375 76.625 5.3181
22.375 76.875 4.3781
22.375 77.125 4.524
22.375 77.375 4.1845
22.375 77.625 3.8924
22.375 77.875 4.2744
22.375 78.125 3.1404
22.375 78.375 3.294
22.375 78.625 2.0689
22.375 78.875 2.5449
22.375 79.125 3.3419
22.375 79.375 3.286
22.375 79.625 3.0197
22.375 79.875 3.1852
22.375 80.125 2.9346
22.375 80.375 2.9846
22.375 80.625 3.9504
22.375 80.875 3.5608
22.375 81.125 2.7019
22.375 81.375 3.1551
22.375 81.625 2.3218
22.375 81.875 1.6952
22.375 82.125 1.1561
22.375 82.375 0.81015
22.375 82.625 0.50638
22.375 82.875 0.30299
22.375 83.125 0.0036386
22.375 83.375 -0.31777
22.375 83.625 -0.50941
22.375 83.875 -0.50792
22.375 84.125 -0.21281
22.375 84.375 -0.21421
22.375 84.625 -0.30499
22.375 84.875 0.11515
22.375 85.125 0.12788
22.375 85.375 0.34283
22.375 85.625 -0.075267
22.375 85.875 -0.14385
22.375 86.125 -0.12532
22.375 86.375 -0.058772
22.375 86.625 -0.66642
22.375 86.875 0.10795
22.375 87.125 -0.043509
22.375 87.375 -0.87132
22.375 87.625 -0.74427
22.375 87.875 -0.995
22.375 88.125 -0.90872
22.375 88.375 -0.38193
22.375 88.625 -0.42698
22.375 88.875 -0.55456
22.375 92.875 1.1018
22.625 70.375 4.1887
22.625 70.625 3.3351
22.625 70.875 1.5713
22.625 71.125 1.0862
22.625 71.375 0.47429
22.625 71.625 1.1889
22.625 71.875 0.4097
22.625 72.125 -0.34319
22.625 72.375 0.84183
22.625 72.625 0.48953
22.625 72.875 -0.32357
22.625 73.125 -0.61076
22.625 73.375 0.054022
22.625 73.625 -0.27533
22.625 73.875 -0.23763
22.625 74.125 0.20704
22.625 74.375 0.88858
22.625 74.625 2.3297
22.625 74.875 2.5889
22.625 75.125 3.5922
22.625 75.375 1.8853
22.625 75.625 1.6786
22.625 75.875 2.4928
22.625 76.125 2.2599
22.625 76.375 4.1154
22.625 76.625 5.346
22.625 76.875 4.847
22.625 77.125 4.6291
22.625 77.375 3.5011
22.625 77.625 3.4286
22.625 77.875 4.2091
22.625 78.125 3.9272
22.625 78.375 3.3421
22.625 78.625 3.0042
22.625 78.875 3.0881
22.625 79.125 3.2426
22.625 79.375 3.2328
22.625 79.625 2.8809
22.625 79.875 3.5421
22.625 80.125 2.7576
22.625 80.375 2.4387
22.625 80.625 1.1031
22.625 80.875 1.3704
22.625 81.125 2.0833
22.625 81.375 1.9706
22.625 81.625 2.267
22.625 81.875 2.2175
22.625 82.125 0.97262
22.625 82.375 0.37642
22.625 82.625 0.28047
22.625 82.875 -0.019824
22.625 83.125 0.035508
22.625 83.375 -0.49621
22.625 83.625 -0.39134
22.625 83.875 -0.6058
22.625 84.125 -0.64667
22.625 84.375 -0.83569
22.625 84.625 -0.72487
22.625 84.875 -0.22051
22.625 85.125 -0.18561
22.625 85.375 0.047768
22.625 85.625 0.22162
22.625 85.875 0.40938
22.625 86.125 -0.15428
22.625 86.375 -0.35194
22.625 86.625 -0.056781
22.625 86.875 -0.20465
22.625 87.125 -0.53369
22.625 87.375 -1.2096
22.625 87.625 -1.0677
22.625 87.875 -1.0525
22.625 88.125 -0.78645
22.625 88.375 -0.25543
22.625 88.625 -0.36096
22.625 88.875 -0.41993
22.625 92.625 -0.59185
22.625 92.875 0.58911
22.875 69.375 NaN
22.875 69.625 NaN
22.875 69.875 NaN
22.875 70.625 2.7445
22.875 70.875 2.2084
22.875 71.125 0.92715
22.875 71.375 0.074859
22.875 71.625 0.94541
22.875 71.875 -0.18054
22.875 72.125 0.24018
22.875 72.375 0.0035519
22.875 72.625 0.85672
22.875 72.875 0.1883
22.875 73.125 0.4612
22.875 73.375 0.6754
22.875 73.625 0.34793
22.875 73.875 0.41778
22.875 74.125 0.51615
22.875 74.375 0.42654
22.875 74.625 0.88699
22.875 74.875 3.2324
22.875 75.125 2.7206
22.875 75.375 2.5021
22.875 75.625 2.7629
22.875 75.875 2.9269
22.875 76.125 2.4028
22.875 76.375 3.2063
22.875 76.625 4.7004
22.875 76.875 3.8144
22.875 77.125 4.0136
22.875 77.375 4.6357
22.875 77.625 4.385
22.875 77.875 4.3865
22.875 78.125 4.3033
22.875 78.375 2.9955
22.875 78.625 2.3641
22.875 78.875 2.4277
22.875 79.125 3.1544
22.875 79.375 3.1325
22.875 79.625 2.9249
22.875 79.875 3.1478
22.875 80.125 1.1502
22.875 80.375 2.5677
22.875 80.625 1.4657
22.875 80.875 1.9469
22.875 81.125 1.6958
22.875 81.375 1.5795
22.875 81.625 1.6054
22.875 81.875 1.6472
22.875 82.125 0.82749
22.875 82.375 1.1274
22.875 82.625 0.23913
22.875 82.875 0.072387
22.875 83.125 -0.032853
22.875 83.375 -0.0601
22.875 83.625 -0.14462
22.875 83.875 -0.29958
22.875 84.125 -0.74043
22.875 84.375 -1.0163
22.875 84.625 -0.7691
22.875 84.875 -0.74279
22.875 85.125 3.9029e-05
22.875 85.375 -0.092614
22.875 85.625 -0.53841
22.875 85.875 -0.24643
22.875 86.125 -0.75651
22.875 86.375 -0.8966
22.875 86.625 -0.44481
22.875 86.875 -0.22044
22.875 87.125 -0.79618
22.875 87.375 -1.2308
22.875 87.625 -1.1112
22.875 87.875 -0.97568
22.875 88.125 -1.0071
22.875 88.375 -0.63369
22.875 88.625 -0.43784
22.875 92.625 -0.66073
22.875 92.875 0.11482
23.125 68.875 4.1981
23.125 69.125 5.4521
23.125 69.375 4.8254
23.125 69.625 2.7802
23.125 69.875 3.8823
23.125 70.125 2.4644
23.125 70.875 1.4625
23.125 71.125 0.84098
23.125 71.375 0.067745
23.125 71.625 0.92782
23.125 71.875 0.47703
23.125 72.125 0.79499
23.125 72.375 0.40199
23.125 72.625 0.69908
23.125 72.875 1.4548
23.125 73.125 2.0999
23.125 73.375 0.79203
23.125 73.625 0.6403
23.125 73.875 1.4786
23.125 74.125 1.0998
23.125 74.375 0.93714
23.125 74.625 0.65171
23.125 74.875 1.4468
23.125 75.125 2.6387
23.125 75.375 1.0999
23.125 75.625 2.2766
23.125 75.875 2.7348
23.125 76.125 2.8959
23.125 76.375 3.6319
23.125 76.625 4.3736
23.125 76.875 4.9861
23.125 77.125 4.6675
23.125 77.375 5.153
23.125 77.625 4.4485
23.125 77.875 4.3611
23.125 78.125 3.5739
23.125 78.375 2.2883
23.125 78.625 1.4873
23.125 78.875 1.5314
23.125 79.125 3.1702
23.125 79.375 4.2347
23.125 79.625 3.154
23.125 79.875 2.0483
23.125 80.125 1.4028
23.125 80.375 2.5952
23.125 80.625 2.5741
23.125 80.875 2.9324
23.125 81.125 2.7856
23.125 81.375 2.7508
23.125 81.625 1.7216
23.125 81.875 0.61717
23.125 82.125 1.1564
23.125 82.375 1.3817
23.125 82.625 0.98408
23.125 82.875 -0.036775
23.125 83.125 -0.22438
23.125 83.375 0.29074
23.125 83.625 0.45759
23.125 83.875 0.188
23.125 84.125 -0.45817
23.125 84.375 -0.22305
23.125 84.625 -0.25014
23.125 84.875 -0.7105
23.125 85.125 -0.67052
23.125 85.375 0.097894
23.125 85.625 0.33718
23.125 85.875 -0.32209
23.125 86.125 -0.36815
23.125 86.375 -0.41754
23.125 86.625 -0.64457
23.125 86.875 -0.23227
23.125 87.125 -0.49677
23.125 87.375 -0.98385
23.125 87.625 -0.92877
23.125 87.875 -1.0628
23.125 88.125 -1.0073
23.125 88.375 -0.9754
23.125 88.625 -0.67648
23.125 91.625 NaN
23.125 92.625 -1.0239
23.125 92.875 -0.85626
23.125 93.125 NaN
23.375 68.875 5.1944
23.375 69.125 5.5033
23.375 69.375 5.6126
23.375 69.625 4.463
23.375 69.875 3.984
23.375 70.125 2.4576
23.375 70.375 0.92364
23.375 70.625 0.85947
23.375 70.875 0.44864
23.375 71.125 0.53606
23.375 71.375 0.77764
23.375 71.625 0.83446
23.375 71.875 2.7587
23.375 72.125 2.6714
23.375 72.375 1.5008
23.375 72.625 1.9934
23.375 72.875 2.5372
23.375 73.125 1.8475
23.375 73.375 1.8714
23.375 73.625 1.0777
23.375 73.875 0.46047
23.375 74.125 1.5762
23.375 74.375 2.4526
23.375 74.625 1.4633
23.375 74.875 2.055
23.375 75.125 2.5265
23.375 75.375 2.8118
23.375 75.625 2.6909
23.375 75.875 2.6696
23.375 76.125 2.8519
23.375 76.375 3.1538
23.375 76.625 4.9518
23.375 76.875 5.5697
23.375 77.125 5.2698
23.375 77.375 4.02
23.375 77.625 2.8695
23.375 77.875 4.0121
23.375 78.125 4.2975
23.375 78.375 3.2798
23.375 78.625 2.0251
23.375 78.875 2.0933
23.375 79.125 2.8814
23.375 79.375 1.8755
23.375 79.625 1.0167
23.375 79.875 0.84774
23.375 80.125 0.27902
23.375 80.375 0.094664
23.375 80.625 1.5419
23.375 80.875 2.7268
23.375 81.125 2.4177
23.375 81.375 2.034
23.375 81.625 1.1284
23.375 81.875 1.2263
23.375 82.125 1.1192
23.375 82.375 0.92975
23.375 82.625 0.6548
23.375 82.875 0.20657
23.375 83.125 -0.58515
23.375 83.375 -0.47034
23.375 83.625 0.024644
23.375 83.875 0.06596
23.375 84.125 -0.15213
23.375 84.375 -0.012184
23.375 84.625 0.045619
23.375 84.875 -1.0626
23.375 85.125 -0.90977
23.375 85.375 0.49045
23.375 85.625 0.96529
23.375 85.875 -0.26745
23.375 86.125 -0.34674
23.375 86.375 -0.25927
23.375 86.625 -0.66474
23.375 86.875 0.10127
23.375 87.125 -0.67138
23.375 87.375 -0.98543
23.375 87.625 -0.92532
23.375 87.875 -1.0969
23.375 88.125 -0.98902
23.375 88.375 -0.98052
23.375 88.625 -0.88394
23.375 91.375 -1.3777
23.375 91.625 -1.363
23.375 92.625 -1.1882
23.375 92.875 -1.0886
23.375 93.125 -1.1743
23.625 68.625 4.7102
23.625 68.875 4.9845
23.625 69.125 5.5259
23.625 69.375 5.4049
23.625 69.625 5.1537
23.625 69.875 3.724
23.625 70.125 2.3238
23.625 70.375 1.2112
23.625 70.625 0.90501
23.625 70.875 0.77692
23.625 71.125 1.0842
23.625 71.375 1.8701
23.625 71.625 1.2896
23.625 71.875 1.2488
23.625 72.125 3.0832
23.625 72.375 2.0905
23.625 72.625 2.9607
23.625 72.875 2.8238
23.625 73.125 2.0969
23.625 73.375 1.6351
23.625 73.625 1.8372
23.625 73.875 0.83233
23.625 74.125 1.2245
23.625 74.375 1.2584
23.625 74.625 2.5164
23.625 74.875 2.942
23.625 75.125 1.4933
23.625 75.375 2.7078
23.625 75.625 3.0781
23.625 75.875 3.5242
23.625 76.125 3.5032
23.625 76.375 2.9806
23.625 76.625 3.337
23.625 76.875 4.0426
23.625 77.125 5.212
23.625 77.375 4.4233
23.625 77.625 2.9455
23.625 77.875 4.4513
23.625 78.125 3.3721
23.625 78.375 3.1217
23.625 78.625 2.6659
23.625 78.875 2.7304
23.625 79.125 1.7896
23.625 79.375 1.9685
23.625 79.625 2.1472
23.625 79.875 1.8518
23.625 80.125 2.0098
23.625 80.375 -0.058449
23.625 80.625 0.82436
23.625 80.875 1.5137
23.625 81.125 1.6053
23.625 81.375 0.40489
23.625 81.625 0.55392
23.625 81.875 0.69364
23.625 82.125 0.66547
23.625 82.375 0.91411
23.625 82.625 0.35743
23.625 82.875 -0.29741
23.625 83.125 -0.83804
23.625 83.375 -0.55972
23.625 83.625 -0.54469
23.625 83.875 0.13686
23.625 84.125 0.42985
23.625 84.375 -0.004543
23.625 84.625 -0.51866
23.625 84.875 -0.82021
23.625 85.125 -0.68518
23.625 85.375 -0.17459
23.625 85.625 -0.201
23.625 85.875 -0.080268
23.625 86.125 -0.75524
23.625 86.375 -0.58578
23.625 86.625 -0.53016
23.625 86.875 -0.86891
23.625 87.125 -1.2505
23.625 87.375 -1.1726
23.625 87.625 -1.3014
23.625 87.875 -0.89901
23.625 88.125 -0.94322
23.625 88.375 -0.99736
23.625 91.375 -1.3684
23.625 91.625 -1.4861
23.625 91.875 NaN
23.625 92.375 -1.4808
23.625 92.625 -1.2923
23.625 92.875 -1.3507
23.625 93.125 -1.3291
23.875 68.875 4.8788
23.875 69.125 5.2864
23.875 69.375 5.607
23.875 69.625 5.2556
23.875 69.875 3.4012
23.875 70.125 2.4886
23.875 70.375 1.0943
23.875 70.625 0.44624
23.875 70.875 0.51743
23.875 71.125 1.3174
23.875 71.375 1.2633
23.875 71.625 1.0594
23.875 71.875 2.2296
23.875 72.125 2.4248
23.875 72.375 1.1656
23.875 72.625 3.5211
23.875 72.875 1.9091
23.875 73.125 1.1507
23.875 73.375 2.1264
23.875 73.625 1.5422
23.875 73.875 2.5522
23.875 74.125 2.5732
23.875 74.375 3.0182
23.875 74.625 3.8052
23.875 74.875 3.2868
23.875 75.125 2.6005
23.875 75.375 0.97717
23.875 75.625 1.8044
23.875 75.875 3.0342
23.875 76.125 2.6815
23.875 76.375 2.6609
23.875 76.625 3.1306
23.875 76.875 2.9963
23.875 77.125 2.8436
23.875 77.375 3.2713
23.875 77.625 3.7777
23.875 77.875 4.4438
23.875 78.125 3.0052
23.875 78.375 2.5362
23.875 78.625 1.9039
23.875 78.875 2.5871
23.875 79.125 2.0333
23.875 79.375 1.4631
23.875 79.625 1.8593
23.875 79.875 2.5325
23.875 80.125 1.4338
23.875 80.375 0.53455
23.875 80.625 0.90288
23.875 80.875 2.5548
23.875 81.125 2.763
23.875 81.375 1.234
23.875 81.625 0.54764
23.875 81.875 1.0554
23.875 82.125 0.63984
23.875 82.375 0.69537
23.875 82.625 -0.049504
23.875 82.875 -0.55569
23.875 83.125 -0.8963
23.875 83.375 -0.87282
23.875 83.625 -0.79892
23.875 83.875 -0.31894
23.875 84.125 -0.60444
23.875 84.375 -0.32215
23.875 84.625 -0.26972
23.875 84.875 0.043467
23.875 85.125 -0.3784
23.875 85.375 -0.46476
23.875 85.625 -0.19883
23.875 85.875 -0.8048
23.875 86.125 -1.194
23.875 86.375 -0.81745
23.875 86.625 -0.77473
23.875 86.875 -0.62266
23.875 87.125 -1.0323
23.875 87.375 -0.80798
23.875 87.625 -1.0494
23.875 87.875 -1.0524
23.875 88.125 -0.99989
23.875 88.375 -0.96568
23.875 91.375 -1.3591
23.875 91.625 -1.5177
23.875 91.875 -1.362
23.875 92.125 -1.4061
23.875 92.375 -1.4168
23.875 92.625 -1.3153
23.875 92.875 -1.2655
23.875 93.125 -1.2371
23.875 93.375 -1.2404
24.125 68.875 4.9183
24.125 69.125 5.2844
24.125 69.375 5.3477
24.125 69.625 4.8754
24.125 69.875 3.0484
24.125 70.125 1.7175
24.125 70.375 0.66437
24.125 70.625 0.36534
24.125 70.875 0.57931
24.125 71.125 1.1263
24.125 71.375 1.3112
24.125 71.625 0.96521
24.125 71.875 1.6862
24.125 72.125 2.0116
24.125 72.375 2.1992
24.125 72.625 2.663
24.125 72.875 3.4694
24.125 73.125 1.7968
24.125 73.375 2.5881
24.125 73.625 2.2965
24.125 73.875 2.758
24.125 74.125 1.8148
24.125 74.375 1.8969
24.125 74.625 3.3346
24.125 74.875 3.2921
24.125 75.125 1.8873
24.125 75.375 1.2088
24.125 75.625 2.6644
24.125 75.875 2.3008
24.125 76.125 3.0636
24.125 76.375 3.4675
24.125 76.625 3.2734
24.125 76.875 2.6388
24.125 77.125 2.4979
24.125 77.375 2.8853
24.125 77.625 3.2233
24.125 77.875 2.8709
24.125 78.125 2.7487
24.125 78.375 1.9876
24.125 78.625 1.6154
24.125 78.875 1.9781
24.125 79.125 2.1144
24.125 79.375 1.3
24.125 79.625 0.49448
24.125 79.875 1.9207
24.125 80.125 2.2891
24.125 80.375 0.88653
24.125 80.625 1.5144
24.125 80.875 1.6106
24.125 81.125 1.2993
24.125 81.375 0.79312
24.125 81.625 0.55129
24.125 81.875 0.5717
24.125 82.125 0.64695
24.125 82.375 0.41065
24.125 82.625 -0.41977
24.125 82.875 -0.51215
24.125 83.125 -0.82573
24.125 83.375 -0.97297
24.125 83.625 -1.1389
24.125 83.875 -0.87592
24.125 84.125 -0.71954
24.125 84.375 -0.70648
24.125 84.625 -0.05749
24.125 84.875 0.35875
24.125 85.125 -0.15089
24.125 85.375 0.69021
24.125 85.625 -0.20134
24.125 85.875 -0.53614
24.125 86.125 -0.81485
24.125 86.375 -0.42816
24.125 86.625 -0.69638
24.125 86.875 -0.36816
24.125 87.125 -0.43602
24.125 87.375 -0.40713
24.125 87.625 -0.92538
24.125 87.875 -1.0161
24.125 88.125 -0.9771
24.125 88.375 -0.98181
24.125 91.875 -1.0772
24.125 92.125 -1
24.125 92.375 -1.0949
24.125 92.625 -0.90747
24.125 92.875 -0.97077
24.125 93.125 -1.2469
24.125 93.375 -1.3699
24.125 93.625 -1.4245
24.125 93.875 -1.603
24.125 94.125 NaN
24.375 71.375 1.3519
24.375 71.625 1.0347
24.375 71.875 1.1374
24.375 72.125 1.5898
24.375 72.375 1.0353
24.375 72.625 1.6836
24.375 72.875 3.2681
24.375 73.125 4.1311
24.375 73.375 3.288
24.375 73.625 3.5017
24.375 73.875 2.8727
24.375 74.125 1.8936
24.375 74.375 1.9414
24.375 74.625 2.1441
24.375 74.875 3.5992
24.375 75.125 3.0669
24.375 75.375 1.5928
24.375 75.625 3.8385
24.375 75.875 3.2519
24.375 76.125 2.7684
24.375 76.375 2.6842
24.375 76.625 3.0655
24.375 76.875 2.371
24.375 77.125 2.4028
24.375 77.375 2.5472
24.375 77.625 3.4332
24.375 77.875 2.7141
24.375 78.125 2.0468
24.375 78.375 0.47756
24.375 78.625 0.94681
24.375 78.875 2.2384
24.375 79.125 2.2657
24.375 79.375 1.9421
24.375 79.625 1.6263
24.375 79.875 2.8279
24.375 80.125 3.0984
24.375 80.375 2.3868
24.375 80.625 0.90978
24.375 80.875 0.47768
24.375 81.125 1.1653
24.375 81.375 0.47116
24.375 81.625 0.95499
24.375 81.875 0.022148
24.375 82.125 0.40629
24.375 82.375 0.29708
24.375 82.625 -0.31303
24.375 82.875 -0.43559
24.375 83.125 -0.062828
24.375 83.375 -0.13985
24.375 83.625 0.29681
24.375 83.875 0.45327
24.375 84.125 0.051635
24.375 84.375 -0.2742
24.375 84.625 -0.48386
24.375 84.875 0.42711
24.375 85.125 -0.017485
24.375 85.375 0.12452
24.375 85.625 -0.19998
24.375 85.875 -1.0601
24.375 86.125 -0.83067
24.375 86.375 -0.67425
24.375 86.625 -0.43034
24.375 86.875 -0.84189
24.375 87.125 -0.9007
24.375 87.375 -1.3464
24.375 87.625 -0.88737
24.375 87.875 -1.1277
24.375 88.125 -1.2945
24.375 92.375 -1.5118
24.375 92.625 -1.3596
24.375 92.875 -1.0454
24.375 93.125 -1.2143
24.375 93.375 -1.3281
24.375 93.625 -1.4722
24.375 93.875 -1.496
24.375 94.125 -1.4422
24.625 71.125 1.2188
24.625 71.375 0.8142
24.625 71.625 0.37241
24.625 71.875 1.5511
24.625 72.125 1.4365
24.625 72.375 0.98775
24.625 72.625 1.0666
24.625 72.875 2.3579
24.625 73.125 2.8505
24.625 73.375 3.3355
24.625 73.625 2.8204
24.625 73.875 1.9491
24.625 74.125 2.8826
24.625 74.375 2.8033
24.625 74.625 2.6475
24.625 74.875 3.6239
24.625 75.125 3.4499
24.625 75.375 2.883
24.625 75.625 4.0279
24.625 75.875 3.0793
24.625 76.125 3.046
24.625 76.375 3.3525
24.625 76.625 3.21
24.625 76.875 1.9827
24.625 77.125 2.2327
24.625 77.375 3.661
24.625 77.625 4.5801
24.625 77.875 3.509
24.625 78.125 2.3671
24.625 78.375 1.0366
24.625 78.625 1.7954
24.625 78.875 1.9342
24.625 79.125 2.4291
24.625 79.375 2.8149
24.625 79.625 2.829
24.625 79.875 2.1194
24.625 80.125 3.807
24.625 80.375 1.984
24.625 80.625 2.0976
24.625 80.875 1.9364
24.625 81.125 0.67016
24.625 81.375 1.6812
24.625 81.625 2.6451
24.625 81.875 1.4278
24.625 82.125 0.26028
24.625 82.375 -0.15103
24.625 82.625 -0.24321
24.625 82.875 0.069727
24.625 83.125 1.1231
24.625 83.375 0.3005
24.625 83.625 1.0526
24.625 83.875 0.83512
24.625 84.125 0.46273
24.625 84.375 -0.21596
24.625 84.625 -0.67573
24.625 84.875 -0.21015
24.625 85.125 -0.53604
24.625 85.375 -0.51268
24.625 85.625 -0.55345
24.625 85.875 -1.6719
24.625 86.125 -0.85029
24.625 86.375 -0.67321
24.625 86.625 -1.0588
24.625 86.875 -1.1325
24.625 87.125 -0.86211
24.625 87.375 -0.82535
24.625 87.625 -0.84429
24.625 87.875 -0.83814
24.625 92.375 -1.5159
24.625 92.625 -1.3033
24.625 92.875 -1.297
24.625 93.125 -1.2574
24.625 93.375 -1.4048
24.625 93.625 -1.6128
24.625 93.875 -1.6369
24.625 94.125 -1.3496
24.625 94.375 NaN
24.875 71.125 0.7616
24.875 71.375 0.10458
24.875 71.625 0.2061
24.875 71.875 0.98305
24.875 72.125 1.4782
24.875 72.375 1.1464
24.875 72.625 1.0457
24.875 72.875 2.39
24.875 73.125 1.4837
24.875 73.375 2.0069
24.875 73.625 2.9396
24.875 73.875 1.7503
24.875 74.125 1.9711
24.875 74.375 3.0945
24.875 74.625 3.5359
24.875 74.875 3.3044
24.875 75.125 3.22
24.875 75.375 3.1156
24.875 75.625 4.0088
24.875 75.875 3.5533
24.875 76.125 2.9554
24.875 76.375 4.0335
24.875 76.625 4.0722
24.875 76.875 3.2568
24.875 77.125 3.0313
24.875 77.375 2.7046
24.875 77.625 3.7653
24.875 77.875 2.2938
24.875 78.125 1.8372
24.875 78.375 1.7205
24.875 78.625 1.8112
24.875 78.875 1.9022
24.875 79.125 1.1324
24.875 79.375 2.8102
24.875 79.625 2.6614
24.875 79.875 1.9358
24.875 80.125 0.72837
24.875 80.375 1.1568
24.875 80.625 2.5803
24.875 80.875 3.4602
24.875 81.125 2.7732
24.875 81.375 0.17162
24.875 81.625 1.0509
24.875 81.875 0.93063
24.875 82.125 0.085928
24.875 82.375 0.016083
24.875 82.625 0.8276
24.875 82.875 0.66982
24.875 83.125 0.91221
24.875 83.375 -0.050888
24.875 83.625 0.18889
24.875 83.875 1.122
24.875 84.125 0.1796
24.875 84.375 0.33618
24.875 84.625 -0.082481
24.875 84.875 0.17086
24.875 85.125 -0.44467
24.875 85.375 -0.50934
24.875 85.625 -0.42046
24.875 85.875 -0.91124
24.875 86.125 -0.76809
24.875 86.375 -0.94246
24.875 86.625 -1.0675
24.875 86.875 -0.79884
24.875 87.125 -1.0361
24.875 87.375 -0.35193
24.875 87.625 -0.7445
24.875 87.875 -0.85701
24.875 88.125 -0.90134
24.875 92.625 -1.5663
24.875 92.875 -1.2395
24.875 93.125 -1.0132
24.875 93.375 -1.5653
24.875 93.625 -1.557
24.875 93.875 -1.5805
24.875 94.125 -1.4402
24.875 94.375 -1.2634
25.125 71.125 0.6688
25.125 71.375 0.20679
25.125 71.625 0.33006
25.125 71.875 0.52511
25.125 72.125 1.3318
25.125 72.375 2.4867
25.125 72.625 2.2272
25.125 72.875 1.6587
25.125 73.125 1.3037
25.125 73.375 1.2653
25.125 73.625 3.3587
25.125 73.875 2.5784
25.125 74.125 1.9737
25.125 74.375 2.5632
25.125 74.625 1.7691
25.125 74.875 1.4779
25.125 75.125 3.6251
25.125 75.375 4.0349
25.125 75.625 3.5633
25.125 75.875 2.0214
25.125 76.125 3.2278
25.125 76.375 3.7742
25.125 76.625 3.7676
25.125 76.875 3.4318
25.125 77.125 3.0751
25.125 77.375 2.866
25.125 77.625 2.1762
25.125 77.875 2.1028
25.125 78.125 1.5294
25.125 78.375 1.478
25.125 78.625 1.9681
25.125 78.875 1.6226
25.125 79.125 0.9325
25.125 79.375 0.65154
25.125 79.625 0.67546
25.125 79.875 2.7617
25.125 80.125 0.51037
25.125 80.375 1.2606
25.125 80.625 2.6537
25.125 80.875 2.5504
25.125 81.125 1.0238
25.125 81.375 0.74886
25.125 81.625 -0.13546
25.125 81.875 1.2836
25.125 82.125 1.3134
25.125 82.375 1.0246
25.125 82.625 2.1459
25.125 82.875 -0.40022
25.125 83.125 0.94601
25.125 83.375 1.0851
25.125 83.625 0.37523
25.125 83.875 0.52832
25.125 84.125 0.23514
25.125 84.375 0.1181
25.125 84.625 -0.056101
25.125 84.875 0.57527
25.125 85.125 -0.26515
25.125 85.375 -0.93319
25.125 85.625 -0.84256
25.125 85.875 -0.72559
25.125 86.125 -0.7441
25.125 86.375 -0.72905
25.125 86.625 -1.1729
25.125 86.875 -1.0842
25.125 87.125 -1.2062
25.125 87.375 -0.71881
25.125 87.625 -0.64734
25.125 87.875 -1.0595
25.125 88.125 -1.3696
25.125 88.375 -1.4532
25.125 92.375 -1.6205
25.125 92.625 -1.6321
25.125 92.875 -1.1547
25.125 93.125 -0.98255
25.125 93.375 -1.3077
25.125 93.625 -1.292
25.125 93.875 -1.5316
25.125 94.125 -1.4568
25.125 94.375 -1.4094
25.375 70.875 1.5344
25.375 71.125 2.1338
25.375 71.375 2.0245
25.375 71.625 1.8894
25.375 71.875 1.3636
25.375 72.125 1.0149
25.375 72.375 2.0516
25.375 72.625 1.8625
25.375 72.875 1.4039
25.375 73.125 1.2981
25.375 73.375 1.6857
25.375 73.625 0.96424
25.375 73.875 1.8503
25.375 74.125 2.3284
25.375 74.375 1.7512
25.375 74.625 2.8496
25.375 74.875 2.2237
25.375 75.125 3.4426
25.375 75.375 3.9974
25.375 75.625 3.7158
25.375 75.875 3.255
25.375 76.125 3.9205
25.375 76.375 3.0909
25.375 76.625 2.3483
25.375 76.875 2.0259
25.375 77.125 1.9178
25.375 77.375 2.6662
25.375 77.625 2.2755
25.375 77.875 1.5225
25.375 78.125 1.0279
25.375 78.375 1.2992
25.375 78.625 0.6082
25.375 78.875 -0.63845
25.375 79.125 -0.61606
25.375 79.375 -0.19308
25.375 79.625 0.97195
25.375 79.875 2.5302
25.375 80.125 2.2148
25.375 80.375 0.55103
25.375 80.625 1.6283
25.375 80.875 -0.31434
25.375 81.125 0.49092
25.375 81.375 1.27
25.375 81.625 0.35974
25.375 81.875 0.59885
25.375 82.125 0.22022
25.375 82.375 1.6723
25.375 82.625 1.4646
25.375 82.875 0.88299
25.375 83.125 0.55299
25.375 83.375 1.7116
25.375 83.625 0.24079
25.375 83.875 0.22297
25.375 84.125 0.14069
25.375 84.375 -0.029679
25.375 84.625 0.1383
25.375 84.875 -0.18363
25.375 85.125 -0.23272
25.375 85.375 -0.068798
25.375 85.625 0.95077
25.375 85.875 -0.073717
25.375 86.125 -0.41131
25.375 86.375 -0.41547
25.375 86.625 -0.94472
25.375 86.875 -1.0913
25.375 87.125 -1.0556
25.375 87.375 -0.94827
25.375 87.625 -0.63441
25.375 87.875 -1.1156
25.375 88.125 -1.348
25.375 88.375 -1.6247
25.375 88.625 -1.6086
25.375 90.125 -0.075289
25.375 90.375 -0.024484
25.375 90.625 -0.1171
25.375 90.875 -0.32798
25.375 91.125 -0.45541
25.375 91.375 -0.7842
25.375 91.625 -0.72211
25.375 91.875 -0.67666
25.375 92.125 -0.68661
25.375 92.375 -0.72064
25.375 92.625 -1.0771
25.375 92.875 -1.14
25.375 93.125 -1.1724
25.375 93.375 -1.1278
25.375 93.625 -0.93027
25.375 93.875 -1.4951
25.375 94.125 -1.3249
25.375 94.375 -1.2201
25.625 70.875 1.5663
25.625 71.125 1.8248
25.625 71.375 1.8875
25.625 71.625 1.7079
25.625 71.875 1.1263
25.625 72.125 0.33678
25.625 72.375 0.63298
25.625 72.625 1.0436
25.625 72.875 1.0839
25.625 73.125 0.94006
25.625 73.375 1.5473
25.625 73.625 1.2168
25.625 73.875 1.2521
25.625 74.125 2.4563
25.625 74.375 1.6154
25.625 74.625 3.3612
25.625 74.875 1.3823
25.625 75.125 1.0034
25.625 75.375 4.2403
25.625 75.625 3.8973
25.625 75.875 4.3256
25.625 76.125 4.3875
25.625 76.375 2.794
25.625 76.625 2.0209
25.625 76.875 1.6205
25.625 77.125 2.5554
25.625 77.375 2.8719
25.625 77.625 2.2672
25.625 77.875 1.4914
25.625 78.125 1.4857
25.625 78.375 0.0066825
25.625 78.625 -0.19098
25.625 78.875 -0.45812
25.625 79.125 0.47176
25.625 79.375 1.5047
25.625 79.625 2.1444
25.625 79.875 2.1182
25.625 80.125 2.2791
25.625 80.375 1.4777
25.625 80.625 0.12057
25.625 80.875 -0.62984
25.625 81.125 1.4419
25.625 81.375 1.0819
25.625 81.625 1.8394
25.625 81.875 1.1229
25.625 82.125 -0.32646
25.625 82.375 1.0226
25.625 82.625 0.098914
25.625 82.875 -0.14804
25.625 83.125 0.88968
25.625 83.375 0.91771
25.625 83.625 -0.022381
25.625 83.875 -0.10789
25.625 84.125 -0.53957
25.625 84.375 -1.2296
25.625 84.625 -0.55803
25.625 84.875 -0.42172
25.625 85.125 -1.1801
25.625 85.375 -0.78902
25.625 85.625 -0.54397
25.625 85.875 -0.6463
25.625 86.125 -0.8436
25.625 86.375 -1.0931
25.625 86.625 -1.6179
25.625 86.875 -1.2639
25.625 87.125 -0.98216
25.625 87.375 -0.93261
25.625 87.625 -0.76427
25.625 87.875 -0.62281
25.625 88.125 -1.4098
25.625 90.125 0.18232
25.625 90.375 -0.21965
25.625 90.625 -0.56246
25.625 90.875 -0.56378
25.625 91.125 -0.74106
25.625 91.375 -0.47333
25.625 91.625 -0.42157
25.625 91.875 -0.56897
25.625 92.125 -0.29838
25.625 92.375 -0.53746
25.625 92.625 -1.1022
25.625 92.875 -1.0351
25.625 93.125 -1.1242
25.625 93.375 -0.97237
25.625 93.625 -1.0649
25.625 93.875 -1.4691
25.625 94.125 -1.4369
25.625 94.375 -1.4766
25.625 94.625 NaN
25.625 94.875 NaN
25.875 70.375 1.2152
25.875 70.625 1.4217
25.875 70.875 1.8978
25.875 71.125 1.9515
25.875 71.375 1.704
25.875 71.625 1.3003
25.875 71.875 1.1568
25.875 72.125 1.0151
25.875 72.375 0.63402
25.875 72.625 0.68418
25.875 72.875 0.42426
25.875 73.125 0.97139
25.875 73.375 1.4546
25.875 73.625 1.9906
25.875 73.875 2.9496
25.875 74.125 2.653
25.875 74.375 1.5652
25.875 74.625 2.2724
25.875 74.875 2.7224
25.875 75.125 1.5861
25.875 75.375 2.0745
25.875 75.625 3.4358
25.875 75.875 3.9318
25.875 76.125 3.573
25.875 76.375 3.7522
25.875 76.625 3.5163
25.875 76.875 3.1364
25.875 77.125 2.5624
25.875 77.375 3.3809
25.875 77.625 3.1378
25.875 77.875 0.79571
25.875 78.125 2.0704
25.875 78.375 0.2694
25.875 78.625 0.51123
25.875 78.875 0.48623
25.875 79.125 1.4448
25.875 79.375 2.4798
25.875 79.625 1.9698
25.875 79.875 2.1112
25.875 80.125 2.0387
25.875 80.375 1.2059
25.875 80.625 0.88726
25.875 80.875 0.30567
25.875 81.125 0.036592
25.875 81.375 0.089998
25.875 81.625 2.2413
25.875 81.875 1.6448
25.875 82.125 0.75501
25.875 82.375 1.3572
25.875 82.625 0.24936
25.875 82.875 0.57635
25.875 83.125 0.41205
25.875 83.375 -0.095258
25.875 83.625 0.34484
25.875 83.875 -0.36399
25.875 84.125 0.39481
25.875 84.375 -1.3219
25.875 84.625 -1.1452
25.875 84.875 -0.40516
25.875 85.125 -0.43756
25.875 85.375 -0.9033
25.875 85.625 -0.60928
25.875 85.875 -0.65196
25.875 86.125 -0.87521
25.875 86.375 -0.66522
25.875 86.625 -1.5122
25.875 86.875 -0.95015
25.875 87.125 -0.87417
25.875 87.375 -1.1604
25.875 87.625 -1.2378
25.875 87.875 -1.1258
25.875 90.125 -0.74554
25.875 90.375 -0.61847
25.875 90.625 -0.60075
25.875 90.875 -0.33558
25.875 91.125 -0.41154
25.875 91.375 -0.33485
25.875 91.625 -0.68226
25.875 91.875 -1.1411
25.875 92.125 -0.55054
25.875 92.375 -0.15554
25.875 92.625 -0.28462
25.875 92.875 -1.0057
25.875 93.125 -1.9661
25.875 93.375 -2.1855
25.875 93.625 -1.5947
25.875 93.875 -1.2976
25.875 94.125 -1.6199
25.875 94.375 -1.6863
25.875 94.625 -1.523
25.875 94.875 -1.326
26.125 70.375 1.6209
26.125 70.625 2.21
26.125 70.875 2.3652
26.125 71.125 1.5057
26.125 71.375 1.965
26.125 71.625 1.2717
26.125 71.875 0.993
26.125 72.125 0.36568
26.125 72.375 0.94847
26.125 72.625 1.2667
26.125 72.875 1.304
26.125 73.125 1.3454
26.125 73.375 1.8239
26.125 73.625 1.9871
26.125 73.875 2.2766
26.125 74.125 1.8332
26.125 74.375 2.018
26.125 74.625 3.0855
26.125 74.875 3.7616
26.125 75.125 3.5906
26.125 75.375 2.3816
26.125 75.625 1.8761
26.125 75.875 2.1087
26.125 76.125 2.2391
26.125 76.375 4.3193
26.125 76.625 4.3283
26.125 76.875 3.7784
26.125 77.125 1.6123
26.125 77.375 2.3928
26.125 77.625 2.3584
26.125 77.875 0.55435
26.125 78.125 0.56271
26.125 78.375 0.29953
26.125 78.625 1.1751
26.125 78.875 0.31538
26.125 79.125 0.76228
26.125 79.375 1.9376
26.125 79.625 0.40621
26.125 79.875 1.0975
26.125 80.125 2.3804
26.125 80.375 0.84141
26.125 80.625 0.80427
26.125 80.875 0.68701
26.125 81.125 1.0369
26.125 81.375 0.035963
26.125 81.625 2.175
26.125 81.875 1.3688
26.125 82.125 0.39284
26.125 82.375 0.13906
26.125 82.625 0.52677
26.125 82.875 0.40768
26.125 83.125 0.61525
26.125 83.375 0.079315
26.125 83.625 -0.26509
26.125 83.875 0.89692
26.125 84.125 0.76314
26.125 84.375 -0.67939
26.125 84.625 -0.71365
26.125 84.875 -0.75536
26.125 85.125 -0.6937
26.125 85.375 -0.198
26.125 85.625 -0.78788
26.125 85.875 -0.31381
26.125 86.125 -0.52276
26.125 86.375 -0.27859
26.125 86.625 0.12434
26.125 86.875 -0.18865
26.125 87.125 -0.61206
26.125 87.375 -0.86491
26.125 87.625 -0.87875
26.125 87.875 -0.61265
26.125 88.125 -0.28951
26.125 89.375 -0.59876
26.125 89.875 -0.7781
26.125 90.125 -0.85937
26.125 90.375 -0.44318
26.125 90.625 -0.09127
26.125 90.875 -0.30164
26.125 91.125 -0.4503
26.125 91.375 -0.00082181
26.125 91.625 -1.2319
26.125 91.875 -1.4949
26.125 92.125 -0.34637
26.125 92.375 -0.0037191
26.125 92.625 0.035607
26.125 92.875 -1.0784
26.125 93.125 -1.9699
26.125 93.375 -1.9144
26.125 93.625 -1.683
26.125 93.875 -1.3926
26.125 94.125 -1.4833
26.125 94.375 -1.4244
26.125 94.625 -1.5356
26.125 94.875 -1.467
26.375 70.375 2.6284
26.375 70.625 3.3827
26.375 70.875 2.6673
26.375 71.125 2.5308
26.375 71.375 1.9907
26.375 71.625 0.90385
26.375 71.875 0.70136
26.375 72.125 0.62962
26.375 72.375 0.93272
26.375 72.625 1.5448
26.375 72.875 1.4249
26.375 73.125 0.56246
26.375 73.375 0.76994
26.375 73.625 2.9981
26.375 73.875 3.2256
26.375 74.125 1.8877
26.375 74.375 2.8314
26.375 74.625 1.2938
26.375 74.875 3.3584
26.375 75.125 3.2468
26.375 75.375 3.211
26.375 75.625 1.6081
26.375 75.875 2.1742
26.375 76.125 2.2008
26.375 76.375 2.0771
26.375 76.625 2.1399
26.375 76.875 2.8522
26.375 77.125 2.6173
26.375 77.375 1.5409
26.375 77.625 1.6869
26.375 77.875 0.19738
26.375 78.125 0.54381
26.375 78.375 1.1312
26.375 78.625 0.63903
26.375 78.875 0.82167
26.375 79.125 0.84043
26.375 79.375 -0.49889
26.375 79.625 -0.49411
26.375 79.875 3.4432
26.375 80.125 3.4353
26.375 80.375 0.87511
26.375 80.625 0.37754
26.375 80.875 2.5442
26.375 81.125 2.1296
26.375 81.375 0.029991
26.375 81.625 0.33798
26.375 81.875 1.0865
26.375 82.125 0.30763
26.375 82.375 0.7159
26.375 82.625 -0.06317
26.375 82.875 -0.18247
26.375 83.125 0.21147
26.375 83.375 0.89229
26.375 83.625 -0.14472
26.375 83.875 -0.30802
26.375 84.125 -0.75819
26.375 84.375 -0.61532
26.375 84.625 -0.3126
26.375 84.875 -1.347
26.375 85.125 -1.2684
26.375 85.375 -1.5043
26.375 85.625 -0.278
26.375 85.875 -0.46998
26.375 86.125 -0.89259
26.375 86.375 -0.92277
26.375 86.625 -0.78241
26.375 86.875 -0.40422
26.375 87.125 -0.94046
26.375 87.625 -1.2837
26.375 87.875 -0.53585
26.375 88.125 -0.4373
26.375 88.375 -0.41873
26.375 88.875 -0.95643
26.375 89.375 -0.58405
26.375 89.625 -0.5433
26.375 89.875 -0.65531
26.375 90.125 -0.34594
26.375 90.375 -0.24814
26.375 90.625 -0.28066
26.375 90.875 0.15543
26.375 91.125 -0.4313
26.375 91.375 -0.95229
26.375 91.625 -0.9988
26.375 91.875 -1.079
26.375 92.125 -0.23493
26.375 92.375 -0.77927
26.375 92.625 -0.50727
26.375 92.875 -0.94647
26.375 93.125 -1.0378
26.375 93.375 -1.4294
26.375 93.625 -1.1929
26.375 93.875 -1.0872
26.375 94.125 -1.2283
26.375 94.375 -1.2433
26.375 94.625 -1.3687
26.375 94.875 -0.76733
26.625 69.875 2.1629
26.625 70.125 2.0145
26.625 70.375 1.3809
26.625 70.625 3.6452
26.625 70.875 3.746
26.625 71.125 3.5859
26.625 71.375 1.3684
26.625 71.625 0.6518
26.625 71.875 0.81369
26.625 72.125 1.6964
26.625 72.375 2.0591
26.625 72.625 2.1712
26.625 72.875 1.1701
26.625 73.125 0.036274
26.625 73.375 0.21113
26.625 73.625 2.5942
26.625 73.875 3.2506
26.625 74.125 3.1486
26.625 74.375 3.3036
26.625 74.625 2.6316
26.625 74.875 1.856
26.625 75.125 2.302
26.625 75.375 2.616
26.625 75.625 2.1016
26.625 75.875 1.7429
26.625 76.125 2.6552
26.625 76.375 1.66
26.625 76.625 2.5986
26.625 76.875 2.3108
26.625 77.125 1.9452
26.625 77.375 1.7429
26.625 77.625 2.1399
26.625 77.875 -0.062343
26.625 78.125 0.4911
26.625 78.375 3.2609
26.625 78.625 0.97789
26.625 78.875 0.41774
26.625 79.125 -0.23356
26.625 79.375 -0.3432
26.625 79.625 -0.14642
26.625 79.875 1.3239
26.625 80.125 1.5169
26.625 80.375 2.2217
26.625 80.625 0.75327
26.625 80.875 2.3918
26.625 81.125 1.8666
26.625 81.375 0.63264
26.625 81.625 0.63423
26.625 81.875 1.3884
26.625 82.125 0.46105
26.625 82.375 -0.021406
26.625 82.625 -1.1054
26.625 82.875 -0.77221
26.625 83.125 -0.57225
26.625 83.375 -0.86946
26.625 83.625 -0.89844
26.625 83.875 -1.2483
26.625 84.125 -0.93929
26.625 84.375 -0.85237
26.625 84.625 -1.0502
26.625 84.875 -1.6254
26.625 85.125 -1.6622
26.625 85.375 -1.6737
26.625 85.625 -0.62873
26.625 86.125 -0.90144
26.625 88.375 0.94162
26.625 88.625 0.14544
26.625 88.875 -0.78528
26.625 89.125 -0.68051
26.625 89.375 -0.62046
26.625 89.625 -0.61398
26.625 89.875 -0.5815
26.625 90.125 -0.4119
26.625 90.375 -0.43954
26.625 90.625 -0.34863
26.625 90.875 -0.29839
26.625 91.125 -0.23613
26.625 91.375 -0.46024
26.625 91.625 -0.34204
26.625 91.875 -0.5657
26.625 92.125 -0.80785
26.625 92.375 -0.66585
26.625 92.625 -0.37809
26.625 92.875 -0.23284
26.625 93.125 -0.36758
26.625 93.375 -0.66051
26.625 93.625 -0.99539
26.625 93.875 -1.0646
26.625 94.125 -1.0026
26.625 94.375 -0.80171
26.625 94.625 -0.41107
26.625 94.875 0.35356
26.625 95.125 0.27322
26.875 69.625 2.3515
26.875 69.875 2.5485
26.875 70.125 2.1325
26.875 70.375 2.3713
26.875 70.625 3.863
26.875 70.875 3.9829
26.875 71.125 3.6808
26.875 71.375 1.2656
26.875 71.625 0.69032
26.875 71.875 0.80628
26.875 72.125 1.8267
26.875 72.375 2.0697
26.875 72.625 1.9354
26.875 72.875 0.85037
26.875 73.125 -0.31207
26.875 73.375 0.082081
26.875 73.625 0.96274
26.875 73.875 2.0895
26.875 74.125 2.9399
26.875 74.375 3.5831
26.875 74.625 2.8517
26.875 74.875 1.9443
26.875 75.125 1.8885
26.875 75.375 1.7598
26.875 75.625 0.39007
26.875 75.875 2.7136
26.875 76.125 2.7141
26.875 76.375 1.7661
26.875 76.625 2.8104
26.875 76.875 2.0861
26.875 77.125 2.1959
26.875 77.375 1.0152
26.875 77.625 1.6533
26.875 77.875 0.81392
26.875 78.125 0.35191
26.875 78.375 0.62112
26.875 78.625 1.8504
26.875 78.875 1.1805
26.875 79.125 0.93136
26.875 79.375 0.18498
26.875 79.625 0.31673
26.875 79.875 0.49399
26.875 80.125 1.2371
26.875 80.375 1.6248
26.875 80.625 1.0378
26.875 80.875 1.6792
26.875 81.125 1.3422
26.875 81.375 0.82183
26.875 81.625 -0.043253
26.875 81.875 0.79493
26.875 82.125 1.1149
26.875 82.375 0.4533
26.875 82.625 -0.58148
26.875 82.875 -1.1299
26.875 83.125 -0.61004
26.875 83.375 -1.0499
26.875 83.625 -1.1774
26.875 83.875 -1.6173
26.875 84.125 -1.1939
26.875 84.375 -1.2091
26.875 84.625 -1.3724
26.875 84.875 -1.7644
26.875 88.375 1.273
26.875 88.625 0.13339
26.875 88.875 -0.28077
26.875 92.375 -0.36134
26.875 92.625 -0.18062
26.875 92.875 -0.15148
26.875 93.125 -0.16153
26.875 93.375 -0.53307
26.875 93.625 -0.73452
26.875 93.875 -0.70171
26.875 94.125 -0.7783
26.875 94.375 -0.21312
26.875 94.625 0.1873
26.875 94.875 0.17912
26.875 95.125 0.14371
26.875 95.375 0.25354
26.875 95.625 -0.54784
27.125 69.875 2.9422
27.125 70.125 2.9575
27.125 70.375 2.8995
27.125 70.625 3.4819
27.125 70.875 3.8644
27.125 71.125 3.6311
27.125 71.375 2.1043
27.125 71.625 1.1758
27.125 71.875 1.8616
27.125 72.125 1.9929
27.125 72.375 2.0106
27.125 72.625 2.2501
27.125 72.875 0.82838
27.125 73.125 0.30346
27.125 73.375 0.48521
27.125 73.625 0.54763
27.125 73.875 0.77466
27.125 74.125 1.8184
27.125 74.375 3.6553
27.125 74.625 2.7743
27.125 74.875 1.3676
27.125 75.125 1.7207
27.125 75.375 2.3005
27.125 75.625 3.0561
27.125 75.875 3.0672
27.125 76.125 2.0885
27.125 76.375 2.5389
27.125 76.625 0.84114
27.125 76.875 1.3929
27.125 77.125 1.5854
27.125 77.375 1.1527
27.125 77.625 2.6197
27.125 77.875 1.4284
27.125 78.125 0.99194
27.125 78.375 2.1183
27.125 78.625 1.1114
27.125 78.875 -0.11805
27.125 79.125 1.0548
27.125 79.375 0.10276
27.125 79.625 0.42601
27.125 79.875 1.111
27.125 80.125 0.52268
27.125 80.375 0.81807
27.125 80.625 0.83451
27.125 80.875 2.063
27.125 81.125 2.4995
27.125 81.375 1.5917
27.125 81.625 0.3254
27.125 81.875 0.68783
27.125 82.125 0.33992
27.125 82.375 -0.42351
27.125 82.625 -0.50826
27.125 82.875 -1.1761
27.125 83.125 -0.61574
27.125 83.375 -0.98141
27.125 83.625 -0.55405
27.125 83.875 -0.32252
27.125 84.125 -0.80627
27.125 84.375 -0.98955
27.125 84.625 -1.3398
27.125 88.125 2.2715
27.125 88.375 1.6559
27.125 88.625 0.78577
27.125 92.125 -1.1373
27.125 92.375 -0.46414
27.125 92.625 -0.20023
27.125 92.875 -0.23877
27.125 93.125 -0.23904
27.125 93.375 -0.26146
27.125 93.625 -0.15694
27.125 93.875 -0.36991
27.125 94.125 -0.53108
27.125 94.375 -0.076946
27.125 94.625 -0.1295
27.125 94.875 0.092175
27.125 95.125 0.18674
27.125 95.375 -0.080528
27.125 95.625 -0.31729
27.125 95.875 -0.43576
27.375 70.125 3.0853
27.375 70.375 2.9029
27.375 70.625 3.1998
27.375 70.875 3.6495
27.375 71.125 2.961
27.375 71.375 1.4654
27.375 71.625 1.6199
27.375 71.875 1.5237
27.375 72.125 1.2634
27.375 72.375 1.9968
27.375 72.625 1.5109
27.375 72.875 1.2909
27.375 73.125 1.2099
27.375 73.375 1.1304
27.375 73.625 0.92325
27.375 73.875 0.75156
27.375 74.125 1.3028
27.375 74.375 2.9773
27.375 74.625 2.9343
27.375 74.875 2.5567
27.375 75.125 2.5979
27.375 75.375 2.0422
27.375 75.625 2.886
27.375 75.875 2.2726
27.375 76.125 1.5405
27.375 76.375 1.168
27.375 76.625 0.92139
27.375 76.875 2.9637
27.375 77.125 1.1902
27.375 77.375 0.86937
27.375 77.625 1.9213
27.375 77.875 1.3105
27.375 78.125 1.3529
27.375 78.375 2.0948
27.375 78.625 1.5324
27.375 78.875 1.2261
27.375 79.125 -0.96442
27.375 79.375 -0.80542
27.375 79.625 -0.26608
27.375 79.875 1.0736
27.375 80.125 -0.36796
27.375 80.375 -0.46968
27.375 80.625 0.5201
27.375 80.875 0.16187
27.375 81.125 1.2483
27.375 81.375 1.0372
27.375 81.625 0.074835
27.375 81.875 -0.23684
27.375 82.125 -0.31599
27.375 82.375 -0.41715
27.375 82.625 -0.91599
27.375 82.875 -1.0262
27.375 83.125 -0.93575
27.375 83.625 -0.5495
27.375 84.125 -0.4801
27.375 84.375 -1.018
27.375 88.125 2.4118
27.375 88.375 2.5336
27.375 88.625 2.4476
27.375 92.125 -1.152
27.375 92.375 -0.70076
27.375 92.625 -0.38239
27.375 92.875 -0.4785
27.375 93.125 -0.49158
27.375 93.375 -0.67006
27.375 93.625 -0.72843
27.375 93.875 -0.42881
27.375 94.125 -0.14577
27.375 94.375 -0.23922
27.375 94.625 -0.18874
27.375 94.875 -0.2643
27.375 95.125 -0.18964
27.375 95.375 -0.30703
27.375 95.625 -0.52048
27.375 95.875 -0.64112
27.375 96.125 -0.7344
27.375 96.375 -0.18599
27.375 96.625 0.079926
27.375 96.875 0.13139
27.625 70.125 3.1457
27.625 70.375 2.9601
27.625 70.625 3.0291
27.625 70.875 3.1437
27.625 71.125 3.4391
27.625 71.375 1.291
27.625 71.625 1.6635
27.625 71.875 1.4831
27.625 72.125 1.4452
27.625 72.375 1.5699
27.625 72.625 1.3805
27.625 72.875 1.2079
27.625 73.125 1.2618
27.625 73.375 1.3549
27.625 73.625 1.8916
27.625 73.875 1.5597
27.625 74.125 1.1708
27.625 74.375 1.0331
27.625 74.625 2.4033
27.625 74.875 2.4202
27.625 75.125 1.5516
27.625 75.375 2.1227
27.625 75.625 1.9399
27.625 75.875 1.5221
27.625 76.125 1.1713
27.625 76.375 1.7631
27.625 76.625 2.3563
27.625 76.875 1.8392
27.625 77.125 2.3445
27.625 77.375 0.97385
27.625 77.625 2.1984
27.625 77.875 2.1902
27.625 78.125 2.5786
27.625 78.375 1.9224
27.625 78.625 1.4697
27.625 78.875 0.53623
27.625 79.125 -0.58567
27.625 79.375 -0.89974
27.625 79.625 -0.28062
27.625 79.875 0.378
27.625 80.125 -0.047394
27.625 80.375 0.6659
27.625 80.625 0.65133
27.625 80.875 1.0317
27.625 81.125 0.48138
27.625 81.375 0.42247
27.625 81.625 0.33423
27.625 81.875 0.074021
27.625 82.125 -0.12797
27.625 82.375 -0.54435
27.625 82.625 -1.1359
27.625 88.375 2.5974
27.625 88.625 2.4522
27.625 91.625 -1.169
27.625 91.875 -1.2196
27.625 92.125 -0.89448
27.625 92.375 -0.44305
27.625 92.625 -0.093235
27.625 92.875 -0.49186
27.625 93.125 -0.8317
27.625 93.375 -0.97127
27.625 93.625 -1.014
27.625 93.875 -1.0567
27.625 94.125 -0.54559
27.625 94.375 -0.13589
27.625 94.625 -0.41962
27.625 94.875 -0.46282
27.625 95.125 -0.57096
27.625 95.375 -0.24942
27.625 95.625 -0.50924
27.625 95.875 -0.78178
27.625 96.125 -0.73496
27.625 96.375 -0.24128
27.625 96.625 -0.073048
27.625 96.875 -0.024808
27.875 70.375 2.7581
27.875 71.875 1.3256
27.875 72.125 1.3323
27.875 72.375 1.1718
27.875 72.625 1.5087
27.875 72.875 1.2023
27.875 73.125 1.3161
27.875 73.375 1.8159
27.875 73.625 1.8234
27.875 73.875 1.8882
27.875 74.125 1.5401
27.875 74.375 1.9628
27.875 74.625 1.889
27.875 74.875 1.8146
27.875 75.125 2.1311
27.875 75.375 3.3535
27.875 75.625 3.8983
27.875 75.875 2.7941
27.875 76.125 4.7718
27.875 76.375 2.9674
27.875 76.625 1.619
27.875 76.875 2.1486
27.875 77.125 5.1642
27.875 77.375 1.9634
27.875 77.625 1.247
27.875 77.875 2.9697
27.875 78.125 3.3636
27.875 78.375 2.7256
27.875 78.625 1.9157
27.875 78.875 1.4305
27.875 79.125 1.1997
27.875 79.375 0.61769
27.875 79.625 0.18914
27.875 79.875 0.34415
27.875 80.125 0.90386
27.875 80.375 1.7002
27.875 80.625 1.9567
27.875 80.875 1.5488
27.875 81.125 0.43421
27.875 81.375 0.1328
27.875 81.625 0.25689
27.875 88.375 NaN
27.875 88.625 NaN
27.875 92.875 -0.52877
27.875 93.125 -0.81025
27.875 93.375 -1.152
27.875 93.625 -1.1455
27.875 93.875 -1.2581
27.875 94.125 -0.50902
27.875 94.375 -0.49518
27.875 94.625 -0.45021
27.875 94.875 -0.12041
27.875 95.125 0.064481
27.875 95.375 -0.10032
27.875 95.625 -0.33837
27.875 95.875 -0.74673
27.875 96.125 -0.76339
27.875 96.375 -0.26149
27.875 96.625 -0.011017
27.875 96.875 0.084548
27.875 97.125 0.11235
28.125 72.125 1.6172
28.125 72.375 1.5206
28.125 72.625 1.3865
28.125 72.875 1.3953
28.125 73.125 1.6039
28.125 73.375 1.4712
28.125 73.625 1.3628
28.125 73.875 1.3044
28.125 74.125 1.1365
28.125 74.375 1.4903
28.125 74.625 0.49748
28.125 74.875 1.0071
28.125 75.125 2.1164
28.125 75.375 1.3337
28.125 75.625 3.1839
28.125 75.875 3.8129
28.125 76.125 4.4266
28.125 76.375 3.5527
28.125 76.625 3.1562
28.125 76.875 3.6363
28.125 77.125 2.9372
28.125 77.375 1.6483
28.125 77.625 0.9458
28.125 77.875 2.9987
28.125 78.125 3.8348
28.125 78.375 3.8046
28.125 78.625 1.4143
28.125 78.875 0.99307
28.125 79.125 2.4034
28.125 79.375 1.0962
28.125 79.625 0.82449
28.125 79.875 0.72683
28.125 80.125 2.011
28.125 80.375 2.0613
28.125 80.625 1.5956
28.125 80.875 1.4781
28.125 81.125 0.99352
28.125 81.375 0.51931
28.125 92.875 -0.63327
28.125 93.125 -0.774
28.125 93.375 -1.0566
28.125 93.625 -1.1462
28.125 93.875 -0.95911
28.125 94.125 -0.70278
28.125 94.375 -0.41814
28.125 94.625 -0.61117
28.125 94.875 -0.229
28.125 95.125 0.087754
28.125 95.375 -0.070136
28.125 95.625 -0.38292
28.125 95.875 -0.62609
28.125 96.125 -0.6658
28.125 96.375 -0.057743
28.125 96.625 -0.0071584
28.125 96.875 0.010891
28.125 97.125 0.14102
28.375 72.375 1.3357
28.375 72.625 0.73642
28.375 72.875 0.55404
28.375 73.125 1.1354
28.375 73.375 0.67358
28.375 73.625 0.259
28.375 73.875 0.63708
28.375 74.125 0.71387
28.375 74.375 0.60307
28.375 74.625 0.48353
28.375 74.875 0.96056
28.375 75.125 1.633
28.375 75.375 1.2995
28.375 75.625 2.4606
28.375 75.875 1.7198
28.375 76.125 2.4731
28.375 76.375 2.8018
28.375 76.625 1.7784
28.375 76.875 1.5409
28.375 77.125 1.5825
28.375 77.375 0.66984
28.375 77.625 2.0378
28.375 77.875 3.3249
28.375 78.125 4.3848
28.375 78.375 4.0562
28.375 78.625 1.3608
28.375 78.875 1.6023
28.375 79.125 3.0648
28.375 79.375 4.1678
28.375 79.625 2.4355
28.375 79.875 1.8551
28.375 80.125 2.1422
28.375 80.375 2.273
28.375 80.625 1.8586
28.375 80.875 1.7297
28.375 81.125 1.0564
28.375 93.375 -0.66517
28.375 93.625 -0.13876
28.375 93.875 0.40138
28.375 94.125 0.99452
28.375 94.375 0.20302
28.375 94.625 -0.074476
28.375 94.875 -0.28091
28.375 95.125 -0.43921
28.375 95.375 -0.52785
28.375 95.625 -0.44828
28.375 95.875 -0.55186
28.375 96.125 -0.7911
28.375 96.625 -0.13284
28.625 72.375 1.5574
28.625 72.625 1.0353
28.625 72.875 0.60601
28.625 73.125 0.60981
28.625 73.375 0.92815
28.625 73.625 0.80048
28.625 73.875 0.46202
28.625 74.125 0.76094
28.625 74.375 0.93268
28.625 74.625 0.75169
28.625 74.875 0.72024
28.625 75.125 1.3608
28.625 75.375 -0.019843
28.625 75.625 -0.27726
28.625 75.875 0.40889
28.625 76.125 1.5938
28.625 76.375 2.0545
28.625 76.625 2.0546
28.625 76.875 1.7403
28.625 77.125 0.61418
28.625 77.375 0.018485
28.625 77.625 0.90179
28.625 77.875 1.5811
28.625 78.125 2.6651
28.625 78.375 3.6985
28.625 78.625 1.2664
28.625 78.875 1.4895
28.625 79.125 3.9927
28.625 79.375 3.94
28.625 79.625 2.5653
28.625 79.875 1.9861
28.625 80.125 2.0311
28.625 80.375 2.2528
28.625 80.625 1.7182
28.625 93.625 1.3559
28.625 93.875 NaN
28.625 94.125 2.003
28.625 94.375 1.0515
28.625 94.625 0.54933
28.625 94.875 0.21475
28.625 95.125 -0.44894
28.625 95.375 -0.57112
28.625 95.625 -0.68863
28.625 95.875 -0.7916
28.625 96.125 -0.67291
28.625 96.375 2.1475
28.875 72.875 0.023938
28.875 73.125 0.5507
28.875 73.375 1.6136
28.875 73.625 1.601
28.875 73.875 1.2326
28.875 74.125 1.1686
28.875 74.375 1.4171
28.875 74.625 1.3958
28.875 74.875 0.65278
28.875 75.125 0.26064
28.875 75.375 -0.45621
28.875 75.625 -0.3485
28.875 75.875 0.37311
28.875 76.125 0.63793
28.875 76.375 2.0195
28.875 76.625 2.4342
28.875 76.875 0.79378
28.875 77.125 0.1485
28.875 77.375 0.47508
28.875 77.625 1.2288
28.875 77.875 3.2672
28.875 78.125 2.8021
28.875 78.375 3.1882
28.875 78.625 2.8448
28.875 78.875 1.8179
28.875 79.125 2.8033
28.875 79.375 2.7833
28.875 79.625 1.6603
28.875 79.875 1.4724
28.875 94.125 1.7986
28.875 94.375 1.8988
28.875 94.625 1.1201
28.875 94.875 0.65853
28.875 95.125 -0.028815
28.875 95.375 -0.55673
28.875 95.625 -0.67973
28.875 95.875 -0.65767
28.875 96.125 -0.093102
28.875 96.375 2.0537
29.125 73.125 0.21741
29.125 73.375 1.771
29.125 73.625 1.4995
29.125 73.875 1.1773
29.125 74.125 0.94904
29.125 74.375 1.4618
29.125 74.625 1.6453
29.125 74.875 0.22934
29.125 75.125 0.71069
29.125 75.375 0.1852
29.125 75.625 -0.24473
29.125 75.875 0.086447
29.125 76.125 0.33557
29.125 76.375 0.1707
29.125 76.625 0.92661
29.125 76.875 0.61053
29.125 77.125 1.4773
29.125 77.375 1.5269
29.125 77.625 2.1594
29.125 77.875 2.7103
29.125 78.125 3.0689
29.125 78.375 2.0675
29.125 78.625 1.9895
29.125 78.875 0.95992
29.125 79.125 2.5601
29.125 79.375 2.2104
29.125 79.625 0.84239
29.125 79.875 1.0917
29.125 80.125 0.96148
29.125 94.375 1.8609
29.125 94.625 1.2958
29.125 94.875 0.92295
29.125 95.625 -0.12643
29.125 95.875 0.38542
29.125 96.125 2.2874
29.375 73.375 0.98404
29.375 73.625 1.1683
29.375 73.875 0.98216
29.375 74.125 1.451
29.375 74.375 0.63769
29.375 74.625 0.34249
29.375 74.875 1.2357
29.375 75.125 0.86477
29.375 75.375 0.67791
29.375 75.625 0.55061
29.375 75.875 -0.32533
29.375 76.125 1.1463
29.375 76.375 0.72986
29.375 76.625 1.8734
29.375 76.875 0.43343
29.375 77.125 0.59015
29.375 77.375 2.9266
29.375 77.625 2.9308
29.375 77.875 2.1792
29.375 78.125 0.42681
29.375 78.375 1.3601
29.375 78.625 -0.062058
29.375 78.875 0.33685
29.375 79.125 1.1959
29.375 79.375 1.1762
29.375 79.625 0.13114
29.375 79.875 0.2631
29.375 80.125 0.26331
29.375 96.125 2.1359
29.625 73.375 1.0616
29.625 73.625 1.8649
29.625 73.875 1.0672
29.625 74.125 1.0872
29.625 74.375 0.6527
29.625 74.625 0.045408
29.625 74.875 0.54553
29.625 75.125 0.16207
29.625 75.375 0.18644
29.625 75.625 1.1032
29.625 75.875 0.37993
29.625 76.125 0.027229
29.625 76.375 1.307
29.625 76.625 2.1344
29.625 76.875 2.386
29.625 77.125 1.2814
29.625 77.375 0.52224
29.625 77.625 0.72397
29.625 77.875 0.43976
29.625 78.125 1.2048
29.625 78.375 -0.35326
29.625 78.625 -0.63671
29.625 78.875 -0.19702
29.625 79.125 0.5501
29.625 79.375 0.39015
29.625 79.625 0.080721
29.625 79.875 -0.24192
29.625 80.125 0.26569
29.875 73.625 2.2202
29.875 73.875 0.4553
29.875 74.125 0.5524
29.875 74.375 0.14253
29.875 74.625 0.17659
29.875 74.875 -0.054859
29.875 75.125 -0.34462
29.875 75.375 -0.1204
29.875 75.625 -0.010631
29.875 75.875 1.0247
29.875 76.125 1.2749
29.875 76.375 1.1612
29.875 76.625 1.0959
29.875 76.875 0.74819
29.875 77.125 0.45611
29.875 77.375 0.71322
29.875 77.625 0.71632
29.875 77.875 1.2754
29.875 78.125 -0.22997
29.875 78.375 -0.015196
29.875 78.625 -0.42527
29.875 78.875 -0.21137
29.875 79.125 0.18039
29.875 79.375 0.28023
29.875 79.625 0.24754
29.875 79.875 -0.14667
29.875 80.125 0.084131
29.875 80.375 0.15807
30.125 74.125 0.52823
30.125 74.375 0.46639
30.125 74.625 0.84972
30.125 74.875 0.76439
30.125 75.125 0.22976
30.125 75.375 0.46322
30.125 75.625 0.2474
30.125 75.875 0.28249
30.125 76.125 0.82783
30.125 76.375 0.69579
30.125 76.625 -0.3642
30.125 76.875 -0.76188
30.125 77.125 1.7249
30.125 77.375 0.34736
30.125 77.625 1.6635
30.125 77.875 1.0832
30.125 78.125 2.182
30.125 78.375 0.24446
30.125 78.625 0.47364
30.125 78.875 0.91748
30.125 79.125 0.68059
30.125 79.375 0.44431
30.125 79.625 -0.031343
30.125 79.875 -0.054612
30.125 80.125 -0.10301
30.125 80.375 -0.06603
30.125 80.625 -0.12597
30.375 74.125 0.60215
30.375 74.375 0.80368
30.375 74.625 1.4716
30.375 74.875 1.6881
30.375 75.125 1.3102
30.375 75.375 0.67309
30.375 75.625 0.31002
30.375 75.875 0.35193
30.375 76.125 0.32709
30.375 76.375 0.49672
30.375 76.625 -0.6819
30.375 76.875 -0.51027
30.375 77.125 0.99855
30.375 77.375 0.42498
30.375 77.625 1.3128
30.375 77.875 2.3804
30.375 78.125 0.50984
30.375 78.375 0.40842
30.375 78.625 0.50778
30.375 78.875 0.5663
30.375 79.125 0.66263
30.375 79.375 0.54961
30.375 79.625 0.39788
30.375 79.875 -0.074571
30.375 80.125 0.25585
30.375 80.375 0.18525
30.375 80.625 0.39267
30.625 74.375 2.0557
30.625 74.625 1.1351
30.625 74.875 1.2071
30.625 75.125 1.8454
30.625 75.375 2.0184
30.625 75.625 1.0544
30.625 75.875 0.77666
30.625 76.125 0.56824
30.625 76.375 1.195
30.625 76.625 0.41956
30.625 76.875 0.86413
30.625 77.125 1.2436
30.625 77.375 2.066
30.625 77.625 1.2149
30.625 77.875 1.0577
30.625 78.125 0.93818
30.625 78.375 0.38481
30.625 78.625 0.83021
30.625 78.875 0.56181
30.625 79.125 0.42119
30.625 79.375 0.30121
30.625 79.625 0.39446
30.625 79.875 0.71135
30.625 80.125 0.7061
30.875 74.625 0.80941
30.875 74.875 1.305
30.875 75.125 1.7633
30.875 75.375 0.74951
30.875 75.625 0.8231
30.875 75.875 0.84222
30.875 76.125 1.2373
30.875 76.375 1.8905
30.875 76.625 0.9482
30.875 76.875 1.1448
30.875 77.125 1.2979
30.875 77.375 1.3441
30.875 77.625 0.78902
30.875 77.875 0.54793
30.875 78.125 0.62266
30.875 78.375 0.76752
30.875 78.625 0.74743
30.875 78.875 0.86678
30.875 79.125 0.57872
30.875 79.375 NaN
30.875 79.625 NaN
30.875 79.875 NaN
31.125 74.875 1.4046
31.125 75.125 1.7215
31.125 75.375 0.56858
31.125 75.625 0.16673
31.125 75.875 0.54613
31.125 76.125 0.62069
31.125 76.375 0.10233
31.125 76.625 0.31619
31.125 76.875 1.7279
31.125 77.125 1.1625
31.125 77.375 1.2947
31.125 77.625 2.0328
31.125 77.875 0.19302
31.125 78.125 0.17011
31.125 78.375 0.35129
31.125 78.625 0.34185
31.125 78.875 NaN
31.125 79.125 NaN
31.375 74.875 1.1056
31.375 75.125 1.4174
31.375 75.375 0.2761
31.375 75.625 -0.27438
31.375 75.875 0.39391
31.375 76.125 0.51336
31.375 76.375 0.99736
31.375 76.625 0.022456
31.375 76.875 0.37464
31.375 77.125 1.4499
31.375 77.375 1.0876
31.375 77.625 0.23242
31.375 77.875 0.11242
31.375 78.125 0.022725
31.375 78.375 0.11574
31.375 78.625 0.082153
31.625 74.875 0.21207
31.625 75.125 -0.27053
31.625 75.375 -0.47786
31.625 75.625 -0.14928
31.625 75.875 -1.372
31.625 76.125 0.30589
31.625 76.375 -0.023624
31.625 76.625 0.97563
31.625 76.875 1.1893
31.625 77.125 1.5585
31.625 77.375 1.5207
31.625 77.625 0.31518
31.625 77.875 0.2036
31.625 78.125 -0.15085
31.625 78.375 -0.192
31.625 78.625 -0.066422
31.875 74.875 -0.29322
31.875 75.125 -0.62519
31.875 75.375 -0.59087
31.875 75.625 0.46415
31.875 75.875 0.31528
31.875 76.125 0.81415
31.875 76.375 0.66799
31.875 76.625 1.002
31.875 76.875 1.5181
31.875 77.125 1.1406
31.875 77.375 0.39366
31.875 77.625 0.094458
31.875 77.875 -0.040517
31.875 78.125 -0.028106
31.875 78.375 -0.10441
31.875 78.625 -0.0096903
32.125 75.375 -0.16666
32.125 75.625 0.19827
32.125 75.875 1.4129
32.125 76.125 1.2397
32.125 76.375 0.84602
32.125 76.625 0.73508
32.125 76.875 0.82404
32.125 77.125 0.92808
32.125 77.375 -0.23642
32.125 77.625 -0.31371
32.125 77.875 -0.54775
32.125 78.125 -0.42212
32.125 78.375 -0.1893
32.375 75.375 -0.1365
32.375 75.625 0.40683
32.375 75.875 1.1719
32.375 76.125 0.10422
32.375 76.375 0.64576
32.375 76.625 -0.34847
32.375 76.875 0.11513
32.375 77.125 0.56018
32.375 77.375 -0.33299
32.375 77.625 -0.5169
32.375 77.875 -0.68359
32.375 78.125 -0.60366
32.375 78.375 -0.21128
32.625 74.875 0.34766
32.625 75.125 0.67825
32.625 75.375 0.48244
32.625 75.625 0.61112
32.625 75.875 0.73284
32.625 76.125 0.41657
32.625 76.375 -0.47308
32.625 76.625 -0.18129
32.625 76.875 0.45196
32.625 77.125 0.46769
32.625 77.375 -0.087034
32.625 77.625 -0.24597
32.625 77.875 -0.55208
32.625 78.125 -0.47113
32.625 78.375 -0.14827
32.625 78.625 -0.25773
32.625 78.875 -0.15511
32.625 79.125 -0.02264
32.625 79.375 -0.17502
32.875 74.375 0.97786
32.875 74.625 0.97184
32.875 74.875 0.96102
32.875 75.125 0.9481
32.875 75.375 0.59726
32.875 75.625 0.56671
32.875 75.875 0.67849
32.875 76.125 0.62634
32.875 76.375 0.55947
32.875 76.625 0.41926
32.875 76.875 0.69342
32.875 77.125 0.67651
32.875 77.375 0.23028
32.875 77.625 -0.2976
32.875 77.875 -0.67833
32.875 78.125 0.02312
32.875 78.375 0.019646
32.875 78.625 -0.22358
32.875 78.875 -0.071534
32.875 79.125 -0.20158
32.875 79.375 -0.36592
33.125 73.875 0.29413
33.125 74.125 0.47439
33.125 74.375 0.78186
33.125 74.625 0.83929
33.125 74.875 1.0745
33.125 75.125 1.1136
33.125 75.375 0.38744
33.125 75.625 0.42437
33.125 75.875 0.70758
33.125 76.125 0.71385
33.125 76.375 0.84791
33.125 76.625 0.46274
33.125 76.875 0.70163
33.125 77.125 0.17397
33.125 77.375 0.10057
33.125 77.625 0.38642
33.125 77.875 0.7751
33.125 78.125 0.8082
33.125 78.375 0.0037367
33.125 78.625 -0.036814
33.125 78.875 -0.19329
33.125 79.125 -0.23154
33.375 73.875 0.24073
33.375 74.125 0.31577
33.375 74.375 0.3394
33.375 74.625 0.96602
33.375 74.875 0.90481
33.375 75.125 0.70617
33.375 75.375 0.67784
33.375 75.625 0.68289
33.375 75.875 0.90731
33.375 76.125 1.0096
33.375 76.375 1.4504
33.375 76.625 0.86886
33.375 76.875 0.25899
33.375 77.125 -0.24648
33.375 77.375 -0.32675
33.375 77.625 0.35483
33.375 77.875 0.23873
33.375 78.125 -0.10485
33.375 78.375 0.13421
33.375 78.625 0.022854
33.375 78.875 -0.055575
33.625 73.875 0.22408
33.625 74.125 0.6608
33.625 74.375 0.058179
33.625 74.625 -0.33976
33.625 74.875 0.2631
33.625 75.125 0.70485
33.625 75.375 0.90984
33.625 75.625 0.90628
33.625 75.875 0.60016
33.625 76.125 0.68393
33.625 76.375 0.53912
33.625 76.625 0.19624
33.625 76.875 -0.24193
33.625 77.125 -0.5326
33.625 77.375 -0.33766
33.625 77.625 -0.15039
33.625 77.875 -0.070188
33.625 78.125 -0.083011
33.625 78.375 0.11246
33.625 78.625 0.012639
33.625 78.875 -0.36187
33.875 73.875 0.31078
33.875 74.125 0.76139
33.875 74.375 0.21943
33.875 74.625 0.20437
33.875 74.875 0.073724
33.875 75.125 0.90511
33.875 75.375 0.97706
33.875 75.625 0.58146
33.875 75.875 -0.0067245
33.875 76.125 -0.53061
33.875 76.375 -0.55048
33.875 76.625 -0.12913
33.875 76.875 -0.28815
33.875 77.125 -0.46151
33.875 77.375 -0.43704
33.875 77.625 -0.31645
33.875 77.875 -0.22425
33.875 78.125 -0.3742
33.875 78.375 -0.21306
33.875 78.625 -0.47021
33.875 78.875 -0.2868
34.125 73.625 -0.2915
34.125 73.875 -0.011693
34.125 74.125 0.97107
34.125 74.375 -0.32134
34.125 74.625 0.10111
34.125 74.875 -0.13037
34.125 75.125 0.29314
34.125 75.375 0.41177
34.125 75.625 -0.32382
34.125 75.875 -0.88859
34.125 76.125 -0.88195
34.125 76.375 -0.43482
34.125 76.625 -0.46832
34.125 76.875 -0.50406
34.125 77.125 -0.45719
34.125 77.375 -0.43376
34.125 77.625 -0.4557
34.125 77.875 -0.34303
34.125 78.125 -0.57512
34.125 78.375 -0.29821
34.125 78.625 -0.11744
34.125 78.875 -0.12309
34.125 79.125 -0.44543
34.125 79.375 -0.2214
34.375 73.625 -0.51735
34.375 73.875 -0.75537
34.375 74.125 -0.94874
34.375 74.375 -0.76568
34.375 74.625 -0.51194
34.375 74.875 -0.25171
34.375 75.125 0.22125
34.375 75.375 -0.41111
34.375 75.625 -0.58549
34.375 75.875 -0.72695
34.375 76.125 -0.68484
34.375 76.375 -0.38114
34.375 76.625 -0.39047
34.375 76.875 -0.61565
34.375 77.125 -0.47974
34.375 77.375 -0.49693
34.375 77.625 -0.46263
34.375 77.875 -0.5683
34.375 78.125 -0.49306
34.375 78.375 -0.60961
34.375 78.625 -0.17699
34.375 78.875 -0.099676
34.375 79.125 -0.29102
34.375 79.375 -0.016427
34.625 73.875 -0.68592
34.625 74.125 -1.1247
34.625 74.375 -0.86272
34.625 74.625 -0.617
34.625 74.875 -0.28554
34.625 75.125 0.22244
34.625 75.375 -0.62704
34.625 75.625 -0.69614
34.625 75.875 -0.59129
34.625 76.125 -0.60206
34.625 76.375 -0.44479
34.625 76.625 -0.7056
34.625 76.875 -0.78388
34.625 77.125 -0.66322
34.625 77.375 -0.72379
34.625 77.625 -0.66266
34.625 77.875 -0.57197
34.625 78.125 -0.70363
34.625 78.375 -0.67848
34.625 78.625 -0.31143
34.625 78.875 -0.24043
34.625 79.125 -0.55841
34.625 79.375 -0.61301
34.625 79.625 -0.55116
34.875 74.125 -0.76276
34.875 74.375 -0.90757
34.875 74.625 -0.72902
34.875 74.875 -0.61848
34.875 75.125 -0.54539
34.875 75.375 -1.2023
34.875 75.625 -0.65773
34.875 75.875 -0.61934
34.875 76.125 -0.62701
34.875 76.375 -0.55449
34.875 76.625 -0.66889
34.875 76.875 -0.69279
34.875 77.125 -0.68164
34.875 77.375 -0.70008
34.875 77.625 -0.88995
34.875 77.875 -0.63841
34.875 78.125 -0.75495
34.875 78.375 -0.5986
34.875 78.625 -0.29701
34.875 78.875 -0.28141
34.875 79.125 -0.52155
34.875 79.375 -0.43081
34.875 79.625 -0.83115
34.875 79.875 -0.59392
35.125 74.375 -0.98807
35.125 74.625 -0.83016
35.125 74.875 -0.49544
35.125 75.125 -0.69316
35.125 75.375 -1.1668
35.125 75.625 -0.86581
35.125 75.875 -0.72542
35.125 76.125 -0.79265
35.125 76.375 -0.54464
35.125 76.625 -0.65138
35.125 76.875 -0.94463
35.125 77.125 -0.88863
35.125 77.375 -0.9369
35.125 77.625 -0.56071
35.125 77.875 -0.83621
35.125 78.125 -0.48711
35.125 78.375 -0.50833
35.125 78.625 -0.51752
35.125 78.875 -0.26197
35.125 79.125 -0.19439
35.125 79.375 -0.42544
35.125 79.625 -0.77649
35.125 79.875 -0.56536
35.375 73.875 -1.3303
35.375 74.125 -1.1803
35.375 74.375 -1.3034
35.375 74.625 -1.3038
35.375 74.875 -0.78465
35.375 75.125 -0.8645
35.375 75.375 -1.0576
35.375 75.625 -0.9321
35.375 75.875 -0.82843
35.375 76.125 -0.59954
35.375 76.375 -0.56146
35.375 76.625 -0.95062
35.375 76.875 -0.81376
35.375 77.125 -0.94567
35.375 77.375 -0.65406
35.375 77.625 -0.66007
35.375 77.875 -0.73746
35.375 78.125 -0.65073
35.375 78.375 -0.50692
35.375 78.625 -0.65504
35.375 78.875 -0.71381
35.375 79.125 -0.45013
35.375 79.375 -0.74819
35.375 79.625 -0.68175
35.375 79.875 -0.53342
35.375 80.125 NaN
35.625 73.375 -1.3981
35.625 73.625 -1.3451
35.625 73.875 -1.2534
35.625 74.125 -1.3915
35.625 74.375 -1.5268
35.625 74.625 -1.0376
35.625 74.875 -0.72116
35.625 75.125 -1.0059
35.625 75.375 -1.124
35.625 75.625 -1.0021
35.625 75.875 -0.94351
35.625 76.125 -0.73226
35.625 76.375 -0.9643
35.625 76.625 -0.68556
35.625 76.875 -0.61158
35.625 77.125 -0.89287
35.625 78.375 -0.83014
35.625 78.625 -1.0048
35.625 78.875 -0.75285
35.625 79.125 -0.57524
35.625 79.375 -0.7307
35.625 79.625 -0.91676
35.625 79.875 -0.69574
35.625 80.125 -0.60384
35.875 73.125 2.0399
35.875 73.375 0.2285
35.875 73.625 -0.55711
35.875 73.875 -0.92625
35.875 74.125 -0.94601
35.875 74.375 -0.941
35.875 74.625 -0.91204
35.875 74.875 -0.75285
35.875 75.125 -0.88662
35.875 75.375 -1.123
35.875 75.625 -1.181
35.875 75.875 -1.0641
35.875 76.125 -0.86365
35.875 76.375 -1.1296
35.875 76.625 -0.79137
35.875 79.375 -0.53156
36.125 72.625 3.7544
36.125 72.875 NaN
36.125 73.125 NaN
36.125 73.375 1.0836
36.125 73.625 0.18647
36.125 73.875 -0.32834
36.125 74.125 -0.67314
36.125 74.375 -0.69084
36.125 74.625 -0.64089
36.125 74.875 -0.79835
36.125 75.125 -1.0069
36.125 75.375 -1.1447
36.125 75.625 -0.99873
36.125 75.875 -1.1439
36.125 76.125 -1.258
36.125 76.375 -1.1088
36.125 76.625 -1.1978
36.375 73.125 3.4135
36.375 73.375 1.8951
36.375 73.625 1.1911
36.375 73.875 0.19318
36.375 74.125 -0.11919
36.375 74.375 -0.30333
36.375 74.625 -0.58774
36.375 74.875 -1.0254
36.375 75.125 -1.1783
36.375 75.375 -1.2885
36.375 75.625 -1.5144
36.375 75.875 -1.3806
36.375 76.125 -1.4533
36.625 73.375 3.12
36.625 73.625 1.7433
36.625 73.875 0.74243
36.625 74.125 0.19179
36.625 74.375 0.35423
36.625 74.625 -0.3474
36.625 74.875 -1.0185
36.625 75.125 -1.2614
36.625 75.375 -1.2779
36.625 75.625 -0.97178
36.875 73.875 0.9776
36.875 74.375 0.27079
36.875 74.625 -0.15243
36.875 74.875 -0.60281
36.875 75.125 -0.78983
36.875 75.375 -0.96862
