8.125 77.375 -0.1194
8.375 77.125 0.8801
8.375 77.375 0.47455
8.375 77.625 0.37589
8.375 77.875 0.63909
8.625 76.875 0.75402
8.625 77.125 1.5083
8.625 77.375 1.3051
8.625 77.625 0.53049
8.625 77.875 1.6
8.875 76.875 0.96901
8.875 77.125 2.0581
8.875 77.375 1.0169
8.875 77.625 1.3174
8.875 77.875 0.37647
9.125 76.625 1.0851
9.125 76.875 1.7677
9.125 77.125 1.0683
9.125 77.375 0.76328
9.125 77.625 0.99415
9.125 77.875 0.6807
9.125 78.125 1.6099
9.125 78.375 NaN
9.375 76.625 1.3963
9.375 76.875 1.5539
9.375 77.125 1.0195
9.375 77.375 1.2512
9.375 77.625 0.76924
9.375 77.875 0.75667
9.375 78.125 1.2781
9.375 78.375 0.85121
9.375 78.625 0.46135
9.375 78.875 NaN
9.625 76.375 0.57082
9.625 76.625 0.85226
9.625 76.875 1.1879
9.625 77.125 0.43283
9.625 77.375 0.32125
9.625 77.625 0.33859
9.625 77.875 1.0856
9.625 78.125 0.51875
9.625 78.375 0.58764
9.625 78.625 0.9079
9.875 76.625 0.35414
9.875 76.875 0.85362
9.875 77.125 0.31614
9.875 77.375 0.87412
9.875 77.625 1.0576
9.875 77.875 0.86755
9.875 78.125 0.56875
9.875 78.375 1.3801
9.875 78.625 1.6132
9.875 78.875 1.7408
10.125 76.375 0.62877
10.125 76.625 0.97543
10.125 76.875 3.2167
10.125 77.125 1.0463
10.125 77.375 -0.35618
10.125 77.625 1.0305
10.125 77.875 0.9424
10.125 78.125 1.1792
10.125 78.375 1.1859
10.125 78.625 0.099293
10.125 78.875 0.44332
10.125 79.125 0.9902
10.375 76.375 0.22782
10.375 76.625 0.52978
10.375 76.875 1.595
10.375 77.125 1.3203
10.375 77.375 0.65889
10.375 77.625 1.1382
10.375 77.875 0.4916
10.375 78.125 0.79562
10.375 78.375 0.95397
10.375 78.625 0.58877
10.375 78.875 0.10919
10.375 79.125 0.81308
10.375 79.375 NaN
10.375 79.625 NaN
10.625 76.125 -0.080383
10.625 76.375 0.61247
10.625 76.625 0.36655
10.625 76.875 1.1721
10.625 77.125 0.74963
10.625 77.375 0.89193
10.625 77.625 0.82665
10.625 77.875 1.277
10.625 78.125 0.56251
10.625 78.375 0.50787
10.625 78.625 0.81238
10.625 78.875 0.30339
10.625 79.125 1.6786
10.625 79.375 1.0938
10.625 79.625 0.7901
10.875 76.125 0.67557
10.875 76.375 1.271
10.875 76.625 0.87737
10.875 76.875 0.74403
10.875 77.125 0.26741
10.875 77.375 1.8212
10.875 77.625 0.42348
10.875 77.875 1.3339
10.875 78.125 1.1997
10.875 78.375 1.3612
10.875 78.625 2.084
10.875 78.875 1.3219
10.875 79.125 0.65518
10.875 79.375 0.61115
10.875 79.625 0.82034
11.125 76.125 1.0913
11.125 76.375 0.9959
11.125 76.625 2.0793
11.125 76.875 -0.83237
11.125 77.125 0.43529
11.125 77.375 0.27875
11.125 77.625 0.92608
11.125 77.875 1.0831
11.125 78.125 0.23638
11.125 78.375 1.822
11.125 78.625 1.0419
11.125 78.875 1.3563
11.125 79.125 0.57568
11.125 79.375 0.10332
11.125 79.625 0.078382
11.375 75.875 0.48402
11.375 76.125 0.36861
11.375 76.375 0.63172
11.375 76.625 0.40899
11.375 76.875 1.4474
11.375 77.125 0.42579
11.375 77.375 0.20745
11.375 77.625 0.73966
11.375 77.875 1.626
11.375 78.125 1.5053
11.375 78.375 1.9662
11.375 78.625 0.7191
11.375 78.875 0.43799
11.375 79.125 -0.55909
11.375 79.375 0.44738
11.375 79.625 0.066055
11.625 75.875 0.067278
11.625 76.125 0.75532
11.625 76.375 -0.14808
11.625 76.625 1.2182
11.625 76.875 -0.29372
11.625 77.125 -0.15361
11.625 77.375 0.72509
11.625 77.625 0.53438
11.625 77.875 1.8946
11.625 78.125 1.0953
11.625 78.375 1.5694
11.625 78.625 1.781
11.625 78.875 0.2714
11.625 79.125 1.462
11.625 79.375 0.92098
11.625 79.625 NaN
11.875 75.625 NaN
11.875 75.875 -0.69634
11.875 76.125 -0.065196
11.875 76.375 -0.007509
11.875 76.625 0.56957
11.875 76.875 -0.5555
11.875 77.125 0.50352
11.875 77.375 0.44694
11.875 77.625 0.83676
11.875 77.875 1.2599
11.875 78.125 2.2932
11.875 78.375 2.1149
11.875 78.625 1.1242
11.875 78.875 0.83323
11.875 79.125 2.8371
11.875 79.375 0.73501
11.875 79.625 0.85432
12.125 75.375 0.076962
12.125 75.625 0.19209
12.125 75.875 0.86076
12.125 76.125 0.44669
12.125 76.375 -0.42899
12.125 76.625 -0.74082
12.125 76.875 -0.55888
12.125 77.125 1.229
12.125 77.375 1.2278
12.125 77.625 0.50201
12.125 77.875 1.2579
12.125 78.125 2.8956
12.125 78.375 2.4619
12.125 78.625 0.95455
12.125 78.875 0.63261
12.125 79.125 1.1699
12.125 79.375 1.3777
12.125 79.625 0.77176
12.375 75.125 0.011507
12.375 75.375 0.27414
12.375 75.625 0.23243
12.375 75.875 0.51343
12.375 76.125 0.61446
12.375 76.375 0.37859
12.375 76.625 0.067854
12.375 76.875 -0.61699
12.375 77.125 -0.59729
12.375 77.375 0.85665
12.375 77.625 0.27276
12.375 77.875 1.2194
12.375 78.125 2.3646
12.375 78.375 1.1957
12.375 78.625 0.57382
12.375 78.875 0.45183
12.375 79.125 0.63395
12.375 79.375 0.5428
12.375 79.625 1.056
12.375 79.875 0.46164
12.625 75.125 0.10714
12.625 75.375 0.3867
12.625 75.625 0.35864
12.625 75.875 0.28037
12.625 76.125 1.1004
12.625 76.375 2.3509
12.625 76.625 2.0616
12.625 76.875 0.05018
12.625 77.125 -0.62495
12.625 77.375 0.043366
12.625 77.625 0.62449
12.625 77.875 0.69393
12.625 78.125 0.56454
12.625 78.375 1.5938
12.625 78.625 0.90861
12.625 78.875 1.6699
12.625 79.125 1.4539
12.625 79.375 0.50439
12.625 79.625 0.13032
12.625 79.875 -0.47734
12.875 75.125 1.1268
12.875 75.375 1.4083
12.875 75.625 -0.82163
12.875 75.875 0.28875
12.875 76.125 1.034
12.875 76.375 2.9065
12.875 76.625 1.6131
12.875 76.875 1.0024
12.875 77.125 0.30417
12.875 77.375 0.77293
12.875 77.625 0.082561
12.875 77.875 0.20697
12.875 78.125 0.57872
12.875 78.375 0.66218
12.875 78.625 0.40999
12.875 78.875 1.5851
12.875 79.125 1.3195
12.875 79.375 1.4016
12.875 79.625 1.1692
12.875 79.875 0.74891
13.125 74.875 NaN
13.125 75.125 1.3155
13.125 75.375 0.0069334
13.125 75.625 0.66822
13.125 75.875 0.82143
13.125 76.125 1.1438
13.125 76.375 1.8048
13.125 76.625 1.6477
13.125 76.875 0.89078
13.125 77.125 0.56463
13.125 77.375 0.17388
13.125 77.625 0.29493
13.125 77.875 0.3921
13.125 78.125 0.83587
13.125 78.375 0.38538
13.125 78.625 0.79106
13.125 78.875 1.0808
13.125 79.125 1.7169
13.125 79.375 1.6278
13.125 79.625 1.0506
13.125 79.875 1.2376
13.125 80.125 1.2935
13.375 74.875 NaN
13.375 75.125 1.0289
13.375 75.375 0.36764
13.375 75.625 0.80722
13.375 75.875 1.2434
13.375 76.125 1.6203
13.375 76.375 1.2647
13.375 76.625 1.6659
13.375 76.875 0.83144
13.375 77.125 0.7735
13.375 77.375 0.53402
13.375 77.625 0.55066
13.375 77.875 1.0607
13.375 78.125 1.0555
13.375 78.375 1.0556
13.375 78.625 1.6227
13.375 78.875 1.6673
13.375 79.125 1.1606
13.375 79.375 0.64813
13.375 79.625 0.77836
13.375 79.875 0.94754
13.375 80.125 1.1443
13.625 74.875 0.3613
13.625 75.125 1.2636
13.625 75.375 0.79154
13.625 75.625 1.275
13.625 75.875 1.148
13.625 76.125 1.2796
13.625 76.375 1.1561
13.625 76.625 0.5531
13.625 76.875 0.9777
13.625 77.125 1.3035
13.625 77.375 1.0611
13.625 77.625 1.9853
13.625 77.875 1.8383
13.625 78.125 1.2411
13.625 78.375 0.9209
13.625 78.625 0.32512
13.625 78.875 1.9599
13.625 79.125 2.1867
13.625 79.375 0.95201
13.625 79.625 -0.12843
13.625 79.875 0.18892
13.625 80.125 1.0778
13.875 74.875 0.93056
13.875 75.125 1.1486
13.875 75.375 1.1809
13.875 75.625 0.54038
13.875 75.875 0.99209
13.875 76.125 0.84857
13.875 76.375 1.5472
13.875 76.625 1.8754
13.875 76.875 1.1375
13.875 77.125 1.5533
13.875 77.375 2.3228
13.875 77.625 1.8526
13.875 77.875 1.6914
13.875 78.125 1.931
13.875 78.375 1.26
13.875 78.625 0.3714
13.875 78.875 1.417
13.875 79.125 1.1182
13.875 79.375 -0.051219
13.875 79.625 -0.9939
13.875 79.875 -0.19168
14.125 74.625 0.84538
14.125 74.875 1.2662
14.125 75.125 1.379
14.125 75.375 1.5623
14.125 75.625 0.89133
14.125 75.875 1.2834
14.125 76.125 1.4228
14.125 76.375 3.5183
14.125 76.625 2.3461
14.125 76.875 1.5227
14.125 77.125 1.5459
14.125 77.375 1.576
14.125 77.625 1.2795
14.125 77.875 1.2249
14.125 78.125 0.64156
14.125 78.375 0.96363
14.125 78.625 0.73716
14.125 78.875 0.89876
14.125 79.125 0.39105
14.125 79.375 -0.058532
14.125 79.625 -0.020391
14.125 79.875 0.021793
14.375 74.625 0.42389
14.375 74.875 0.94236
14.375 75.125 1.3003
14.375 75.375 1.258
14.375 75.625 2.0144
14.375 75.875 1.8935
14.375 76.125 3.6974
14.375 76.375 5.315
14.375 76.625 1.8232
14.375 76.875 2.0259
14.375 77.125 1.8901
14.375 77.375 1.2271
14.375 77.625 0.6437
14.375 77.875 0.72964
14.375 78.125 0.44657
14.375 78.375 0.69334
14.375 78.625 0.52483
14.375 78.875 0.25219
14.375 79.125 0.24529
14.375 79.375 0.26024
14.375 79.625 0.67575
14.375 79.875 0.98127
14.625 74.375 NaN
14.625 74.625 0.39156
14.625 74.875 0.59765
14.625 75.125 1.6168
14.625 75.375 0.74538
14.625 75.625 1.2091
14.625 75.875 1.1287
14.625 76.125 1.9254
14.625 76.375 2.8079
14.625 76.625 1.8422
14.625 76.875 1.5831
14.625 77.125 1.6485
14.625 77.375 0.55863
14.625 77.625 0.44783
14.625 77.875 1.5753
14.625 78.125 0.88925
14.625 78.375 0.46905
14.625 78.625 0.14226
14.625 78.875 0.25291
14.625 79.125 0.47102
14.625 79.375 0.22594
14.625 79.625 0.77343
14.625 79.875 1.0427
14.875 74.375 1.5262
14.875 74.625 1.1907
14.875 74.875 1.0975
14.875 75.125 0.98275
14.875 75.375 -0.1801
14.875 75.625 1.0166
14.875 75.875 1.2622
14.875 76.125 0.96578
14.875 76.375 0.67133
14.875 76.625 1.2276
14.875 76.875 0.91719
14.875 77.125 0.58945
14.875 77.375 0.46405
14.875 77.625 0.062327
14.875 77.875 0.41964
14.875 78.125 0.78688
14.875 78.375 0.5169
14.875 78.625 0.34509
14.875 78.875 0.53056
14.875 79.125 0.73086
14.875 79.375 0.16667
14.875 79.625 1.0248
14.875 79.875 1.0045
15.125 74.125 1.6789
15.125 74.375 1.3687
15.125 74.625 0.99448
15.125 74.875 0.74582
15.125 75.125 0.35065
15.125 75.375 0.10946
15.125 75.625 0.29604
15.125 75.875 0.78442
15.125 76.125 -0.10996
15.125 76.375 0.3929
15.125 76.625 0.50917
15.125 76.875 0.48124
15.125 77.125 0.050812
15.125 77.375 0.075511
15.125 77.625 0.027192
15.125 77.875 0.19621
15.125 78.125 0.51291
15.125 78.375 0.77028
15.125 78.625 0.39626
15.125 78.875 0.37555
15.125 79.125 0.20689
15.125 79.375 1.1277
15.125 79.625 1.6796
15.125 79.875 1.3384
15.375 73.875 1.5146
15.375 74.125 1.718
15.375 74.375 2.0285
15.375 74.625 0.83013
15.375 74.875 1.0403
15.375 75.125 0.86203
15.375 75.375 0.92187
15.375 75.625 0.33222
15.375 75.875 0.30283
15.375 76.125 0.20667
15.375 76.375 0.28675
15.375 76.625 -0.17718
15.375 76.875 -0.010257
15.375 77.125 -0.18896
15.375 77.375 -0.057749
15.375 77.625 0.044326
15.375 77.875 -0.24316
15.375 78.125 0.059067
15.375 78.375 0.41419
15.375 78.625 0.24795
15.375 78.875 0.30665
15.375 79.125 0.37559
15.375 79.375 0.39039
15.375 79.625 0.59611
15.375 79.875 0.77819
15.625 73.875 1.218
15.625 74.125 0.38242
15.625 74.375 -1.1025
15.625 74.625 0.83752
15.625 74.875 -0.14669
15.625 75.125 1.1481
15.625 75.375 0.18274
15.625 75.625 -0.13019
15.625 75.875 0.19908
15.625 76.125 0.21604
15.625 76.375 -0.13457
15.625 76.625 -0.41135
15.625 76.875 -0.54706
15.625 77.125 -0.10483
15.625 77.375 -0.20221
15.625 77.625 0.24261
15.625 77.875 -0.16482
15.625 78.125 1.0054
15.625 78.375 0.91157
15.625 78.625 0.62147
15.625 78.875 1.8237
15.625 79.125 0.49821
15.625 79.375 0.052658
15.625 79.625 0.64835
15.625 79.875 0.34663
15.625 80.125 0.1756
15.875 73.875 1.6629
15.875 74.125 1.1624
15.875 74.375 0.75672
15.875 74.625 0.20629
15.875 74.875 -1.1033
15.875 75.125 -0.26159
15.875 75.375 0.057592
15.875 75.625 0.05977
15.875 75.875 0.20039
15.875 76.125 -0.36783
15.875 76.375 -0.28143
15.875 76.625 -0.64094
15.875 76.875 -0.33347
15.875 77.125 0.010254
15.875 77.375 0.31511
15.875 77.625 -0.18852
15.875 77.875 0.69521
15.875 78.125 1.3006
15.875 78.375 1.4277
15.875 78.625 2.1935
15.875 78.875 0.61795
15.875 79.125 0.23832
15.875 79.375 0.50243
15.875 79.625 0.41126
15.875 79.875 0.18476
15.875 80.125 0.023545
15.875 80.375 0.18937
15.875 80.625 NaN
15.875 80.875 0.043132
16.125 73.625 1.851
16.125 73.875 1.3199
16.125 74.125 0.62658
16.125 74.375 0.6369
16.125 74.625 0.79812
16.125 74.875 0.58603
16.125 75.125 -0.74203
16.125 75.375 -1.0942
16.125 75.625 0.17343
16.125 75.875 -0.20626
16.125 76.125 -0.15996
16.125 76.375 -0.28464
16.125 76.625 -0.2846
16.125 76.875 0.089196
16.125 77.125 0.44342
16.125 77.375 0.73302
16.125 77.625 0.42722
16.125 77.875 0.53494
16.125 78.125 2.2767
16.125 78.375 2.3916
16.125 78.625 1.5896
16.125 78.875 0.79517
16.125 79.125 0.53274
16.125 79.375 0.76209
16.125 79.625 0.67606
16.125 79.875 0.53286
16.125 80.125 1.2288
16.125 80.375 0.6983
16.125 80.625 0.27598
16.125 80.875 0.16083
16.375 73.625 0.94056
16.375 73.875 0.77577
16.375 74.125 0.91103
16.375 74.375 0.78954
16.375 74.625 0.090228
16.375 74.875 0.013517
16.375 75.125 0.038634
16.375 75.375 -0.4386
16.375 75.625 0.026415
16.375 75.875 -0.72038
16.375 76.125 -0.077325
16.375 76.375 0.18753
16.375 76.625 -0.38757
16.375 76.875 -0.29519
16.375 77.125 0.35404
16.375 77.375 0.72977
16.375 77.625 0.51679
16.375 77.875 0.38002
16.375 78.125 1.7059
16.375 78.375 1.8353
16.375 78.625 0.55758
16.375 78.875 0.4582
16.375 79.125 0.99045
16.375 79.375 0.30592
16.375 79.625 0.59611
16.375 79.875 0.13113
16.375 80.125 0.29447
16.375 80.375 0.24169
16.375 80.625 0.31212
16.375 80.875 0.29788
16.375 81.125 0.48042
16.375 81.375 NaN
16.375 81.625 NaN
16.625 73.625 1.8618
16.625 73.875 1.1452
16.625 74.125 0.62381
16.625 74.375 -0.17053
16.625 74.625 1.2023
16.625 74.875 0.22592
16.625 75.125 -0.15176
16.625 75.375 -0.12749
16.625 75.625 0.13052
16.625 75.875 -0.61793
16.625 76.125 -0.39287
16.625 76.375 -0.49709
16.625 76.625 -0.15728
16.625 76.875 -0.50858
16.625 77.125 0.94086
16.625 77.375 1.2063
16.625 77.625 0.54237
16.625 77.875 1.0757
16.625 78.125 1.8849
16.625 78.375 0.99815
16.625 78.625 0.34868
16.625 78.875 0.25127
16.625 79.125 0.38719
16.625 79.375 0.11469
16.625 79.625 0.35507
16.625 79.875 0.56369
16.625 80.125 0.70203
16.625 80.375 0.36338
16.625 80.625 0.46868
16.625 80.875 0.19201
16.625 81.125 0.48001
16.625 81.375 0.10745
16.625 81.625 0.30708
16.625 81.875 0.54311
16.625 82.125 0.13487
16.875 73.375 2.0422
16.875 73.625 1.7454
16.875 73.875 1.1394
16.875 74.125 -0.078394
16.875 74.375 1.0864
16.875 74.625 0.65835
16.875 74.875 0.018234
16.875 75.125 -0.18791
16.875 75.375 -0.46474
16.875 75.625 -0.10883
16.875 75.875 -0.61985
16.875 76.125 -0.77545
16.875 76.375 -0.83983
16.875 76.625 -0.62314
16.875 76.875 -0.67319
16.875 77.125 -1.0057
16.875 77.375 0.92527
16.875 77.625 -0.018261
16.875 77.875 0.50193
16.875 78.125 -0.061682
16.875 78.375 -0.41526
16.875 78.625 -0.11754
16.875 78.875 0.14747
16.875 79.125 0.43096
16.875 79.375 0.24678
16.875 79.625 0.98077
16.875 79.875 0.34976
16.875 80.125 1.04
16.875 80.375 0.90703
16.875 80.625 0.82006
16.875 80.875 0.85341
16.875 81.125 0.23928
16.875 81.375 -0.30983
16.875 81.625 -0.02885
16.875 81.875 -0.36031
16.875 82.125 -0.22023
17.125 73.375 2.2174
17.125 73.625 1.5889
17.125 73.875 1.6376
17.125 74.125 0.76734
17.125 74.375 0.18206
17.125 74.625 -0.47414
17.125 74.875 -0.54335
17.125 75.125 -0.70186
17.125 75.375 -0.41087
17.125 75.625 -0.3958
17.125 75.875 -0.93146
17.125 76.125 -1.636
17.125 76.375 -0.47552
17.125 76.625 -0.42162
17.125 76.875 -0.75511
17.125 77.125 -0.55177
17.125 77.375 0.56679
17.125 77.625 0.10952
17.125 77.875 0.29035
17.125 78.125 -0.90329
17.125 78.375 -0.1397
17.125 78.625 -0.11213
17.125 78.875 0.38341
17.125 79.125 1.0237
17.125 79.375 0.76202
17.125 79.625 0.93041
17.125 79.875 0.78709
17.125 80.125 0.94095
17.125 80.375 0.76213
17.125 80.625 0.80473
17.125 80.875 0.91677
17.125 81.125 0.64278
17.125 81.375 0.80944
17.125 81.625 -0.34044
17.125 81.875 -0.44286
17.125 82.125 0.098692
17.125 82.375 0.58208
17.375 73.375 0.95439
17.375 73.625 0.90066
17.375 73.875 1.6322
17.375 74.125 0.15985
17.375 74.375 -0.59585
17.375 74.625 -0.99102
17.375 74.875 -0.74249
17.375 75.125 -0.90517
17.375 75.375 -0.90867
17.375 75.625 -0.50151
17.375 75.875 -1.0941
17.375 76.125 -1.0035
17.375 76.375 -0.42973
17.375 76.625 -0.97125
17.375 76.875 0.66843
17.375 77.125 0.27045
17.375 77.375 0.058397
17.375 77.625 0.46424
17.375 77.875 0.10484
17.375 78.125 0.31663
17.375 78.375 0.069589
17.375 78.625 1.0341
17.375 78.875 1.0985
17.375 79.125 0.99913
17.375 79.375 1.2197
17.375 79.625 1.1195
17.375 79.875 0.9389
17.375 80.125 0.74254
17.375 80.375 0.54184
17.375 80.625 0.675
17.375 80.875 1.0928
17.375 81.125 0.98228
17.375 81.375 0.80834
17.375 81.625 -0.20148
17.375 81.875 -0.14855
17.375 82.125 0.42636
17.375 82.375 0.89708
17.375 82.625 NaN
17.625 73.375 1.0308
17.625 73.625 -0.87091
17.625 73.875 0.38193
17.625 74.125 -0.34237
17.625 74.375 -0.75504
17.625 74.625 -0.7352
17.625 74.875 -0.18212
17.625 75.125 -0.042808
17.625 75.375 -0.90059
17.625 75.625 -0.37733
17.625 75.875 -0.49903
17.625 76.125 -0.13781
17.625 76.375 0.23316
17.625 76.625 -0.93386
17.625 76.875 0.81071
17.625 77.125 -0.82838
17.625 77.375 0.24682
17.625 77.625 0.0028347
17.625 77.875 -0.07874
17.625 78.125 -0.44631
17.625 78.375 0.20218
17.625 78.625 0.84338
17.625 78.875 0.51557
17.625 79.125 0.50675
17.625 79.375 0.63941
17.625 79.625 1.2293
17.625 79.875 0.88929
17.625 80.125 0.62599
17.625 80.375 0.63275
17.625 80.625 0.40016
17.625 80.875 1.5598
17.625 81.125 1.5471
17.625 81.375 0.90697
17.625 81.625 0.54531
17.625 81.875 0.20541
17.625 82.125 0.49624
17.625 82.375 0.45508
17.625 82.625 0.79679
17.625 82.875 1.5285
17.625 83.125 1.9363
17.875 73.375 1.2105
17.875 73.625 -0.060752
17.875 73.875 0.41789
17.875 74.125 0.024098
17.875 74.375 -0.07091
17.875 74.625 0.074266
17.875 74.875 0.11218
17.875 75.125 -0.74415
17.875 75.375 -0.90067
17.875 75.625 0.77975
17.875 75.875 1.1923
17.875 76.125 0.68552
17.875 76.375 0.92596
17.875 76.625 0.30643
17.875 76.875 -0.47829
17.875 77.125 0.31682
17.875 77.375 -0.23129
17.875 77.625 0.34165
17.875 77.875 0.40222
17.875 78.125 0.71204
17.875 78.375 0.57531
17.875 78.625 1.2581
17.875 78.875 0.58022
17.875 79.125 0.5323
17.875 79.375 0.502
17.875 79.625 1.176
17.875 79.875 1.1686
17.875 80.125 0.90224
17.875 80.375 0.70214
17.875 80.625 0.80191
17.875 80.875 1.9965
17.875 81.125 1.8051
17.875 81.375 1.6257
17.875 81.625 1.1455
17.875 81.875 0.48825
17.875 82.125 0.39238
17.875 82.375 0.49997
17.875 82.625 0.74049
17.875 82.875 1.2282
17.875 83.125 1.4184
17.875 83.375 1.29
18.125 73.125 NaN
18.125 73.375 0.26902
18.125 73.625 0.26224
18.125 73.875 -0.0029228
18.125 74.125 -0.0068345
18.125 74.375 0.061996
18.125 74.625 0.259
18.125 74.875 0.42463
18.125 75.125 -1.3106
18.125 75.375 -0.3422
18.125 75.625 0.22196
18.125 75.875 0.34734
18.125 76.125 0.97297
18.125 76.375 0.67887
18.125 76.625 -0.14218
18.125 76.875 -0.39058
18.125 77.125 0.96463
18.125 77.375 -0.72935
18.125 77.625 0.0053544
18.125 77.875 0.32845
18.125 78.125 0.60943
18.125 78.375 1.1703
18.125 78.625 0.94696
18.125 78.875 1.1084
18.125 79.125 0.76261
18.125 79.375 0.47603
18.125 79.625 0.95483
18.125 79.875 0.9858
18.125 80.125 0.48894
18.125 80.375 0.3329
18.125 80.625 0.18372
18.125 80.875 0.89491
18.125 81.125 1.4594
18.125 81.375 1.1992
18.125 81.625 1.2708
18.125 81.875 1.1806
18.125 82.125 0.80581
18.125 82.375 0.29834
18.125 82.625 0.55445
18.125 82.875 2.0124
18.125 83.125 1.9183
18.125 83.375 0.96674
18.125 83.625 1.3239
18.375 73.125 0.52524
18.375 73.375 -0.056638
18.375 73.625 0.26969
18.375 73.875 -0.21601
18.375 74.125 -0.20333
18.375 74.375 0.16506
18.375 74.625 0.50649
18.375 74.875 0.7452
18.375 75.125 -0.20245
18.375 75.375 0.59793
18.375 75.625 0.25218
18.375 75.875 -0.19785
18.375 76.125 0.44422
18.375 76.375 -0.089321
18.375 76.625 -0.27286
18.375 76.875 0.39228
18.375 77.125 -0.16171
18.375 77.375 -0.42171
18.375 77.625 -0.69238
18.375 77.875 0.50848
18.375 78.125 0.12928
18.375 78.375 0.27275
18.375 78.625 0.60339
18.375 78.875 -0.58288
18.375 79.125 0.65142
18.375 79.375 0.48619
18.375 79.625 0.53281
18.375 79.875 0.93622
18.375 80.125 0.9651
18.375 80.375 1.751
18.375 80.625 1.972
18.375 80.875 -0.22199
18.375 81.125 0.46804
18.375 81.375 0.89123
18.375 81.625 1.3384
18.375 81.875 1.3817
18.375 82.125 1.7136
18.375 82.375 1.0611
18.375 82.625 -0.10893
18.375 82.875 0.71661
18.375 83.125 2.6334
18.375 83.375 1.9905
18.375 83.625 1.5316
18.375 83.875 0.98439
18.625 73.125 1.6823
18.625 73.375 0.56793
18.625 73.625 -0.2888
18.625 73.875 -0.15834
18.625 74.125 -0.35624
18.625 74.375 -0.31406
18.625 74.625 0.12094
18.625 74.875 0.75043
18.625 75.125 0.56569
18.625 75.375 0.80239
18.625 75.625 0.00669
18.625 75.875 -0.13664
18.625 76.125 0.081851
18.625 76.375 0.038242
18.625 76.625 0.21518
18.625 76.875 0.085702
18.625 77.125 0.20123
18.625 77.375 -0.45524
18.625 77.625 -0.057846
18.625 77.875 -0.087893
18.625 78.125 0.1409
18.625 78.375 0.48506
18.625 78.625 -0.61167
18.625 78.875 -0.1725
18.625 79.125 -0.38737
18.625 79.375 0.59057
18.625 79.625 0.18641
18.625 79.875 0.77672
18.625 80.125 1.2844
18.625 80.375 2.9648
18.625 80.625 3.305
18.625 80.875 0.4374
18.625 81.125 0.070656
18.625 81.375 0.72131
18.625 81.625 0.85832
18.625 81.875 1.268
18.625 82.125 1.3011
18.625 82.375 0.89044
18.625 82.625 0.42166
18.625 82.875 1.1589
18.625 83.125 1.3422
18.625 83.375 0.96354
18.625 83.625 0.92168
18.625 83.875 0.96331
18.625 84.125 0.78138
18.875 73.125 2.1454
18.875 73.375 0.85499
18.875 73.625 0.75845
18.875 73.875 0.03052
18.875 74.125 -0.18568
18.875 74.375 0.5063
18.875 74.625 -0.050836
18.875 74.875 0.26245
18.875 75.125 -0.84276
18.875 75.375 -0.33834
18.875 75.625 -0.44029
18.875 75.875 -0.31107
18.875 76.125 0.58268
18.875 76.375 0.18046
18.875 76.625 0.36638
18.875 76.875 -0.1776
18.875 77.125 0.21129
18.875 77.375 -0.69504
18.875 77.625 0.57528
18.875 77.875 0.40561
18.875 78.125 0.14515
18.875 78.375 -0.16436
18.875 78.625 -0.32996
18.875 78.875 -0.48154
18.875 79.125 -0.45927
18.875 79.375 0.42561
18.875 79.625 0.15922
18.875 79.875 0.87711
18.875 80.125 1.265
18.875 80.375 2.5581
18.875 80.625 3.2698
18.875 80.875 1.3972
18.875 81.125 0.53338
18.875 81.375 1.2862
18.875 81.625 0.24174
18.875 81.875 1.3342
18.875 82.125 0.81406
18.875 82.375 0.66088
18.875 82.625 -0.22759
18.875 82.875 -0.56604
18.875 83.125 1.8412
18.875 83.375 1.1858
18.875 83.625 0.53089
18.875 83.875 0.34184
18.875 84.125 0.2941
18.875 84.375 0.37853
19.125 73.125 1.9014
19.125 73.375 1.418
19.125 73.625 0.12406
19.125 73.875 0.29659
19.125 74.125 0.027645
19.125 74.375 0.2967
19.125 74.625 -0.0094781
19.125 74.875 0.49465
19.125 75.125 -0.29554
19.125 75.375 -0.20488
19.125 75.625 -0.13463
19.125 75.875 -0.0022506
19.125 76.125 0.26285
19.125 76.375 0.095876
19.125 76.625 -0.096505
19.125 76.875 -0.48361
19.125 77.125 -0.014281
19.125 77.375 -0.44024
19.125 77.625 0.029574
19.125 77.875 -0.079072
19.125 78.125 0.0024442
19.125 78.375 -0.00098235
19.125 78.625 -0.024135
19.125 78.875 0.07982
19.125 79.125 -0.17122
19.125 79.375 -0.11001
19.125 79.625 0.064283
19.125 79.875 0.3489
19.125 80.125 1.0159
19.125 80.375 1.2758
19.125 80.625 1.6003
19.125 80.875 0.43651
19.125 81.125 0.34337
19.125 81.375 0.085692
19.125 81.625 0.29408
19.125 81.875 1.0752
19.125 82.125 0.57333
19.125 82.375 0.63781
19.125 82.625 0.064574
19.125 82.875 -0.025998
19.125 83.125 0.2148
19.125 83.375 0.54228
19.125 83.625 -0.33334
19.125 83.875 0.15318
19.125 84.125 1.2002
19.125 84.375 1.0633
19.125 84.625 0.52261
19.375 72.875 0.87601
19.375 73.125 0.14722
19.375 73.375 1.5346
19.375 73.625 1.0539
19.375 73.875 0.60167
19.375 74.125 0.38306
19.375 74.375 0.25773
19.375 74.625 0.47275
19.375 74.875 0.38614
19.375 75.125 -0.28589
19.375 75.375 -0.14985
19.375 75.625 -0.16133
19.375 75.875 0.54572
19.375 76.125 0.35875
19.375 76.375 -0.21762
19.375 76.625 -1.008
19.375 76.875 -1.1094
19.375 77.125 -0.6338
19.375 77.375 -0.46178
19.375 77.625 -0.0061228
19.375 77.875 0.0077342
19.375 78.125 -0.29303
19.375 78.375 -0.13013
19.375 78.625 -0.11545
19.375 78.875 0.041832
19.375 79.125 0.13417
19.375 79.375 -0.0455
19.375 79.625 -0.15086
19.375 79.875 -0.16975
19.375 80.125 0.65056
19.375 80.375 0.79364
19.375 80.625 0.60445
19.375 80.875 0.26706
19.375 81.125 -0.33443
19.375 81.375 -0.31156
19.375 81.625 -0.08852
19.375 81.875 1.3891
19.375 82.125 2.3924
19.375 82.375 0.84029
19.375 82.625 0.85102
19.375 82.875 0.63412
19.375 83.125 0.93713
19.375 83.375 0.30794
19.375 83.625 -0.17675
19.375 83.875 0.1237
19.375 84.125 1.4762
19.375 84.375 1.5378
19.375 84.625 0.92727
19.375 84.875 1.455
19.625 72.875 1.2377
19.625 73.125 1.6426
19.625 73.375 1.662
19.625 73.625 0.96764
19.625 73.875 0.40359
19.625 74.125 -0.023364
19.625 74.375 0.27716
19.625 74.625 0.75162
19.625 74.875 0.68586
19.625 75.125 0.052856
19.625 75.375 -0.030917
19.625 75.625 -0.18341
19.625 75.875 0.65515
19.625 76.125 0.56203
19.625 76.375 -0.45801
19.625 76.625 -1.2795
19.625 76.875 -1.3431
19.625 77.125 -1.0632
19.625 77.375 -0.090525
19.625 77.625 0.16223
19.625 77.875 -0.011832
19.625 78.125 -0.31498
19.625 78.375 -0.36287
19.625 78.625 -0.41068
19.625 78.875 -0.33505
19.625 79.125 -0.15417
19.625 79.375 -0.54842
19.625 79.625 -0.54184
19.625 79.875 -0.29885
19.625 80.125 0.3
19.625 80.375 0.54265
19.625 80.625 0.24808
19.625 80.875 0.16186
19.625 81.125 0.44467
19.625 81.375 -0.62029
19.625 81.625 0.22149
19.625 81.875 1.3267
19.625 82.125 1.0766
19.625 82.375 0.76637
19.625 82.625 1.9373
19.625 82.875 1.4255
19.625 83.125 0.91084
19.625 83.375 0.59879
19.625 83.625 0.57716
19.625 83.875 0.012439
19.625 84.125 1.6919
19.625 84.375 1.4274
19.625 84.625 1.4115
19.625 84.875 1.6168
19.625 85.125 -0.11536
19.625 85.375 0.49022
19.875 72.875 1.3138
19.875 73.125 1.584
19.875 73.375 1.8544
19.875 73.625 1.1555
19.875 73.875 0.4014
19.875 74.125 0.64386
19.875 74.375 0.64674
19.875 74.625 0.62853
19.875 74.875 0.22359
19.875 75.125 0.17662
19.875 75.375 0.27034
19.875 75.625 0.39445
19.875 75.875 0.3597
19.875 76.125 0.21857
19.875 76.375 0.070713
19.875 76.625 -0.34023
19.875 76.875 -0.096198
19.875 77.125 -0.024896
19.875 77.375 0.17277
19.875 77.625 0.7647
19.875 77.875 0.34482
19.875 78.125 0.10038
19.875 78.375 0.34073
19.875 78.625 0.15336
19.875 78.875 0.1888
19.875 79.125 0.067289
19.875 79.375 0.067889
19.875 79.625 0.065538
19.875 79.875 0.011246
19.875 80.125 0.43483
19.875 80.375 0.60146
19.875 80.625 0.26233
19.875 80.875 0.16015
19.875 81.125 1.1511
19.875 81.375 -0.0010806
19.875 81.625 -0.36339
19.875 81.875 0.15887
19.875 82.125 0.90365
19.875 82.375 1.1111
19.875 82.625 1.9451
19.875 82.875 1.9153
19.875 83.125 1.6145
19.875 83.375 0.48478
19.875 83.625 1.0846
19.875 83.875 0.26518
19.875 84.125 1.6855
19.875 84.375 1.6985
19.875 84.625 0.87675
19.875 84.875 2.5223
19.875 85.125 1.8997
19.875 85.375 0.85616
19.875 85.625 NaN
19.875 85.875 NaN
19.875 86.125 NaN
20.125 72.875 1.64
20.125 73.125 0.71385
20.125 73.375 1.2158
20.125 73.625 2.3044
20.125 73.875 1.4819
20.125 74.125 1.8217
20.125 74.375 1.3408
20.125 74.625 0.78398
20.125 74.875 -0.059664
20.125 75.125 0.25836
20.125 75.375 0.51896
20.125 75.625 0.53052
20.125 75.875 0.57125
20.125 76.125 0.14234
20.125 76.375 -0.018224
20.125 76.625 0.45452
20.125 76.875 0.32548
20.125 77.125 0.22514
20.125 77.375 0.2542
20.125 77.625 0.57556
20.125 77.875 -0.059398
20.125 78.125 0.22206
20.125 78.375 0.59084
20.125 78.625 0.49487
20.125 78.875 0.31422
20.125 79.125 0.41844
20.125 79.375 0.73117
20.125 79.625 0.41134
20.125 79.875 0.14722
20.125 80.125 0.11602
20.125 80.375 -0.26528
20.125 80.625 0.073822
20.125 80.875 -0.030133
20.125 81.125 -0.53596
20.125 81.375 -0.19461
20.125 81.625 -0.036128
20.125 81.875 -0.22969
20.125 82.125 0.38615
20.125 82.375 -0.0064292
20.125 82.625 -0.032829
20.125 82.875 0.17587
20.125 83.125 1.2429
20.125 83.375 0.54383
20.125 83.625 0.16042
20.125 83.875 0.60351
20.125 84.125 0.83748
20.125 84.375 0.49701
20.125 84.625 1.2638
20.125 84.875 1.6966
20.125 85.125 2.5951
20.125 85.375 1.519
20.125 85.625 1.9583
20.125 85.875 0.8102
20.125 86.125 0.63183
20.125 86.375 NaN
20.375 73.125 2.0677
20.375 73.375 2.1779
20.375 73.625 1.6897
20.375 73.875 1.5875
20.375 74.125 1.7634
20.375 74.375 0.98816
20.375 74.625 1.0674
20.375 74.875 1.2028
20.375 75.125 1.6104
20.375 75.375 1.4058
20.375 75.625 1.0399
20.375 75.875 1.3915
20.375 76.125 1.0783
20.375 76.375 0.90632
20.375 76.625 0.31345
20.375 76.875 0.18694
20.375 77.125 0.05885
20.375 77.375 0.1115
20.375 77.625 0.10782
20.375 77.875 0.14277
20.375 78.125 0.39702
20.375 78.375 0.49508
20.375 78.625 0.49516
20.375 78.875 0.2084
20.375 79.125 0.10326
20.375 79.375 0.24718
20.375 79.625 0.017989
20.375 79.875 0.30095
20.375 80.125 0.0003168
20.375 80.375 -0.75303
20.375 80.625 -0.41179
20.375 80.875 -0.061873
20.375 81.125 -0.28791
20.375 81.375 -0.41453
20.375 81.625 -0.45331
20.375 81.875 -0.27901
20.375 82.125 0.75226
20.375 82.375 0.44279
20.375 82.625 0.040463
20.375 82.875 -0.21342
20.375 83.125 -0.61552
20.375 83.375 -0.25693
20.375 83.625 0.56818
20.375 83.875 0.70605
20.375 84.125 0.50405
20.375 84.375 0.51123
20.375 84.625 0.72287
20.375 84.875 0.90152
20.375 85.125 0.91858
20.375 85.375 1.1928
20.375 85.625 1.8471
20.375 85.875 1.6047
20.375 86.125 0.75109
20.375 86.375 0.57301
20.375 86.625 NaN
20.625 73.125 2.0951
20.625 73.375 1.9095
20.625 73.625 2.06
20.625 73.875 2.6479
20.625 74.125 2.6878
20.625 74.375 2.0085
20.625 74.625 1.8298
20.625 74.875 1.3276
20.625 75.125 1.4584
20.625 75.375 1.4623
20.625 75.625 1.0244
20.625 75.875 1.8102
20.625 76.125 1.7732
20.625 76.375 1.3793
20.625 76.625 0.55107
20.625 76.875 0.13282
20.625 77.125 -0.10641
20.625 77.375 -0.27623
20.625 77.625 -0.11614
20.625 77.875 -0.03244
20.625 78.125 1.015
20.625 78.375 0.64187
20.625 78.625 0.36309
20.625 78.875 -0.14702
20.625 79.125 -0.19608
20.625 79.375 -0.097478
20.625 79.625 0.19092
20.625 79.875 0.073371
20.625 80.125 -0.23699
20.625 80.375 -0.67824
20.625 80.625 -0.65643
20.625 80.875 -0.0045195
20.625 81.125 -0.2167
20.625 81.375 -0.7959
20.625 81.625 -0.85664
20.625 81.875 -0.25522
20.625 82.125 1.4586
20.625 82.375 -0.042695
20.625 82.625 -0.86274
20.625 82.875 -0.62236
20.625 83.125 -0.44325
20.625 83.375 -0.29045
20.625 83.625 -0.63379
20.625 83.875 0.53507
20.625 84.125 0.74681
20.625 84.375 0.23284
20.625 84.625 1.012
20.625 84.875 1.1955
20.625 85.125 0.85176
20.625 85.375 0.79535
20.625 85.625 0.19525
20.625 85.875 1.1624
20.625 86.125 1.3137
20.625 86.375 0.92485
20.625 86.625 0.82061
20.625 86.875 NaN
20.875 70.625 1.6431
20.875 70.875 0.79433
20.875 71.125 0.44656
20.875 71.375 1.0195
20.875 72.875 3.049
20.875 73.125 3.0755
20.875 73.375 2.3348
20.875 73.625 2.3474
20.875 73.875 2.31
20.875 74.125 2.8473
20.875 74.375 2.6798
20.875 74.625 2.2134
20.875 74.875 1.714
20.875 75.125 1.0363
20.875 75.375 2.0607
20.875 75.625 1.5483
20.875 75.875 1.746
20.875 76.125 2.2719
20.875 76.375 0.89728
20.875 76.625 0.75606
20.875 76.875 0.3264
20.875 77.125 -0.11317
20.875 77.375 -0.34634
20.875 77.625 -0.070252
20.875 77.875 0.43146
20.875 78.125 0.85765
20.875 78.375 0.58826
20.875 78.625 0.056572
20.875 78.875 -0.0039542
20.875 79.125 0.067983
20.875 79.375 -0.41559
20.875 79.625 -0.39588
20.875 79.875 -0.11677
20.875 80.125 0.046021
20.875 80.375 -0.74812
20.875 80.625 -0.48022
20.875 80.875 -0.28519
20.875 81.125 -0.42492
20.875 81.375 -0.7728
20.875 81.625 -0.71288
20.875 81.875 -0.53997
20.875 82.125 -0.35972
20.875 82.375 0.30751
20.875 82.625 -0.16147
20.875 82.875 -0.82368
20.875 83.125 -0.67456
20.875 83.375 -0.64586
20.875 83.625 -0.45443
20.875 83.875 -0.25214
20.875 84.125 -0.70714
20.875 84.375 -0.96029
20.875 84.625 0.58162
20.875 84.875 1.1361
20.875 85.125 0.55038
20.875 85.375 0.13786
20.875 85.625 0.37753
20.875 85.875 0.67755
20.875 86.125 0.47744
20.875 86.375 0.1615
20.875 86.625 0.45947
21.125 70.375 3.1055
21.125 70.625 2.5576
21.125 70.875 0.65637
21.125 71.125 0.53966
21.125 71.375 0.35927
21.125 71.625 NaN
21.125 71.875 NaN
21.125 72.875 0.26822
21.125 73.125 1.8177
21.125 73.375 2.8848
21.125 73.625 1.6567
21.125 73.875 1.7802
21.125 74.125 1.872
21.125 74.375 1.6557
21.125 74.625 1.4472
21.125 74.875 1.6306
21.125 75.125 1.1444
21.125 75.375 2.103
21.125 75.625 1.7303
21.125 75.875 0.56925
21.125 76.125 0.60432
21.125 76.375 0.91073
21.125 76.625 0.40169
21.125 76.875 0.11953
21.125 77.125 -0.2943
21.125 77.375 -0.12916
21.125 77.625 -0.043774
21.125 77.875 0.78113
21.125 78.125 0.089771
21.125 78.375 -0.048076
21.125 78.625 -0.60841
21.125 78.875 0.24477
21.125 79.125 -0.12923
21.125 79.375 -0.4874
21.125 79.625 -0.39144
21.125 79.875 -0.17717
21.125 80.125 -0.49272
21.125 80.375 -0.5511
21.125 80.625 -0.41808
21.125 80.875 -0.76652
21.125 81.125 -1.336
21.125 81.375 -0.54264
21.125 81.625 -1.1215
21.125 81.875 -0.82067
21.125 82.125 -0.01906
21.125 82.375 -0.28082
21.125 82.625 -0.20695
21.125 82.875 -0.8074
21.125 83.125 -0.92894
21.125 83.375 -0.81883
21.125 83.625 -0.58411
21.125 83.875 -0.59781
21.125 84.125 -1.061
21.125 84.375 -1.014
21.125 84.625 -0.50679
21.125 84.875 -0.042357
21.125 85.125 0.36866
21.125 85.375 -0.16366
21.125 85.625 0.10696
21.125 85.875 -0.8667
21.125 86.125 0.1285
21.125 86.375 0.015396
21.125 86.625 0.073924
21.375 70.125 2.1907
21.375 70.375 2.0045
21.375 70.625 2.2523
21.375 70.875 1.3541
21.375 71.125 0.7574
21.375 71.375 0.54754
21.375 71.625 0.099204
21.375 71.875 0.43828
21.375 72.875 2.8924
21.375 73.125 2.8324
21.375 73.375 2.7719
21.375 73.625 1.5877
21.375 73.875 1.9051
21.375 74.125 0.4666
21.375 74.375 0.79296
21.375 74.625 1.3485
21.375 74.875 1.3937
21.375 75.125 1.4649
21.375 75.375 1.9493
21.375 75.625 1.3799
21.375 75.875 0.86186
21.375 76.125 0.80119
21.375 76.375 0.44605
21.375 76.625 -0.20001
21.375 76.875 -0.048844
21.375 77.125 0.22472
21.375 77.375 0.34405
21.375 77.625 0.12383
21.375 77.875 -0.25074
21.375 78.125 0.50517
21.375 78.375 1.3089
21.375 78.625 0.15993
21.375 78.875 -0.13584
21.375 79.125 -0.36152
21.375 79.375 -0.45474
21.375 79.625 -0.76594
21.375 79.875 -0.13434
21.375 80.125 -0.72156
21.375 80.375 -0.86071
21.375 80.625 -0.82676
21.375 80.875 -0.85176
21.375 81.125 -1.3514
21.375 81.375 -0.19428
21.375 81.625 -0.36013
21.375 81.875 -0.16141
21.375 82.125 0.10277
21.375 82.375 -0.67246
21.375 82.625 -0.48704
21.375 82.875 -0.60604
21.375 83.125 -0.50804
21.375 83.375 -0.58462
21.375 83.625 -0.79944
21.375 83.875 -0.87467
21.375 84.125 -1.0208
21.375 84.375 -0.93946
21.375 84.625 -0.063199
21.375 84.875 -0.34197
21.375 85.125 -0.23309
21.375 85.375 -0.4088
21.375 85.625 -0.47143
21.375 85.875 0.09421
21.375 86.125 1.2637
21.375 86.375 0.16109
21.375 86.625 0.15933
21.375 86.875 0.035956
21.625 69.875 2.173
21.625 70.125 2.3276
21.625 70.375 2.4545
21.625 70.625 2.4477
21.625 70.875 1.4835
21.625 71.125 0.62812
21.625 71.375 2.5398
21.625 71.625 1.3815
21.625 71.875 0.9569
21.625 72.125 1.0544
21.625 72.875 2.4789
21.625 73.125 2.0108
21.625 73.375 1.5608
21.625 73.625 1.6091
21.625 73.875 1.6126
21.625 74.125 1.1483
21.625 74.375 0.85377
21.625 74.625 1.4368
21.625 74.875 1.8042
21.625 75.125 1.9951
21.625 75.375 2.2171
21.625 75.625 1.9831
21.625 75.875 1.7894
21.625 76.125 2.422
21.625 76.375 1.3051
21.625 76.625 0.52793
21.625 76.875 0.59915
21.625 77.125 0.96849
21.625 77.375 0.75518
21.625 77.625 1.0529
21.625 77.875 -0.30436
21.625 78.125 0.05528
21.625 78.375 1.36
21.625 78.625 1.0943
21.625 78.875 1.0224
21.625 79.125 -0.37887
21.625 79.375 -0.54256
21.625 79.625 -0.52652
21.625 79.875 -0.42272
21.625 80.125 -0.28903
21.625 80.375 -0.18173
21.625 80.625 -0.59319
21.625 80.875 -0.65487
21.625 81.125 -1.3986
21.625 81.375 -0.33329
21.625 81.625 -0.19226
21.625 81.875 -0.14399
21.625 82.125 -0.24942
21.625 82.375 -0.94034
21.625 82.625 -0.3535
21.625 82.875 NaN
21.625 83.125 -0.51839
21.625 83.375 -1.0718
21.625 83.625 -1.0643
21.625 83.875 -0.88516
21.625 84.125 -1.034
21.625 84.375 -0.79183
21.625 84.625 -0.63989
21.625 84.875 -0.35575
21.625 85.125 -0.43011
21.625 85.375 -0.29576
21.625 85.625 -0.080215
21.625 85.875 1.3045
21.625 86.125 0.98989
21.625 86.375 0.69976
21.625 86.625 0.14042
21.625 86.875 -0.10453
21.625 87.125 0.31295
21.625 87.375 NaN
21.875 69.375 NaN
21.875 69.625 2.8505
21.875 69.875 2.4834
21.875 70.125 2.8364
21.875 70.375 3.0881
21.875 70.625 2.7698
21.875 70.875 1.4922
21.875 71.125 0.55785
21.875 71.375 1.2329
21.875 71.625 0.9854
21.875 71.875 0.56345
21.875 72.125 0.80184
21.875 72.625 NaN
21.875 72.875 1.7143
21.875 73.125 0.92098
21.875 73.375 1.2322
21.875 73.625 1.1336
21.875 73.875 1.9976
21.875 74.125 2.214
21.875 74.375 0.87674
21.875 74.625 0.87921
21.875 74.875 1.2597
21.875 75.125 0.96411
21.875 75.375 2.3922
21.875 75.625 2.7749
21.875 75.875 2.2098
21.875 76.125 2.1069
21.875 76.375 1.2635
21.875 76.625 1.0374
21.875 76.875 1.437
21.875 77.125 1.2546
21.875 77.375 0.66225
21.875 77.625 1.5119
21.875 77.875 0.61421
21.875 78.125 -0.058505
21.875 78.375 0.33666
21.875 78.625 0.70384
21.875 78.875 1.4335
21.875 79.125 1.0162
21.875 79.375 0.72252
21.875 79.625 -0.04117
21.875 79.875 0.2569
21.875 80.125 0.42034
21.875 80.375 0.31029
21.875 80.625 -0.12813
21.875 80.875 -0.32538
21.875 81.125 -1.0912
21.875 81.375 -0.91591
21.875 81.625 -0.50027
21.875 81.875 -0.74791
21.875 82.125 0.040524
21.875 82.375 -0.47795
21.875 82.625 -0.49338
21.875 82.875 -0.55429
21.875 83.125 -0.38403
21.875 83.375 -0.47278
21.875 83.625 -1.0392
21.875 83.875 -0.72989
21.875 84.125 -0.88516
21.875 84.375 -0.77986
21.875 84.625 -0.49152
21.875 84.875 -0.50556
21.875 85.125 -0.34416
21.875 85.375 -0.19027
21.875 85.625 0.37182
21.875 85.875 1.6637
21.875 86.125 0.57566
21.875 86.375 0.43063
21.875 86.625 0.10263
21.875 86.875 0.27809
21.875 87.125 0.14543
21.875 87.375 0.026463
21.875 87.625 0.92011
21.875 87.875 1.1165
21.875 88.375 0.63314
21.875 88.625 NaN
21.875 88.875 NaN
22.125 69.125 2.9921
22.125 69.375 3.1727
22.125 69.625 3.2501
22.125 69.875 2.542
22.125 70.125 2.5378
22.125 70.375 2.5545
22.125 70.625 1.8622
22.125 70.875 2.2709
22.125 71.125 0.58944
22.125 71.375 0.72463
22.125 71.625 0.75519
22.125 71.875 0.16154
22.125 72.125 0.62298
22.125 72.625 NaN
22.125 72.875 1.8012
22.125 73.125 0.95316
22.125 73.375 0.87671
22.125 73.625 0.88612
22.125 73.875 2.0746
22.125 74.125 3.3758
22.125 74.375 1.5356
22.125 74.625 1.5091
22.125 74.875 1.9501
22.125 75.125 0.89189
22.125 75.375 0.66765
22.125 75.625 1.3728
22.125 75.875 1.6591
22.125 76.125 0.76419
22.125 76.375 1.1668
22.125 76.625 1.5139
22.125 76.875 1.779
22.125 77.125 1.4375
22.125 77.375 1.3006
22.125 77.625 0.98962
22.125 77.875 1.2415
22.125 78.125 0.3599
22.125 78.375 0.14124
22.125 78.625 0.15373
22.125 78.875 0.74251
22.125 79.125 0.85738
22.125 79.375 0.31365
22.125 79.625 0.43167
22.125 79.875 1.0755
22.125 80.125 0.7642
22.125 80.375 0.36412
22.125 80.625 0.067429
22.125 80.875 -0.43938
22.125 81.125 -1.1559
22.125 81.375 0.13311
22.125 81.625 -0.032565
22.125 81.875 0.033502
22.125 82.125 -0.18322
22.125 82.375 -0.034273
22.125 82.625 -0.51807
22.125 82.875 -0.53774
22.125 83.125 -0.7194
22.125 83.375 -0.89937
22.125 83.625 -1.1705
22.125 83.875 -1.4415
22.125 84.125 -0.80568
22.125 84.375 -0.88967
22.125 84.625 -0.63439
22.125 84.875 -0.19786
22.125 85.125 -0.39032
22.125 85.375 -0.23174
22.125 85.625 -0.13725
22.125 85.875 0.14484
22.125 86.125 0.42333
22.125 86.375 0.62074
22.125 86.625 1.1391
22.125 86.875 1.1284
22.125 87.125 1.1124
22.125 87.375 1.1617
22.125 87.625 1.188
22.125 87.875 1.3763
22.125 88.125 0.77161
22.125 88.375 0.62349
22.125 92.875 NaN
22.375 69.125 2.8601
22.375 69.875 1.2893
22.375 70.125 1.2177
22.375 70.375 0.7816
22.375 70.625 1.7885
22.375 70.875 1.689
22.375 71.125 1.349
22.375 71.375 1.3043
22.375 71.625 0.14229
22.375 71.875 0.30211
22.375 72.125 1.156
22.375 72.625 NaN
22.375 72.875 0.62446
22.375 73.125 0.2491
22.375 73.375 0.29697
22.375 73.625 1.3203
22.375 73.875 1.9425
22.375 74.125 1.5134
22.375 74.375 2.0114
22.375 74.625 1.946
22.375 74.875 2.303
22.375 75.125 2.1322
22.375 75.375 1.3155
22.375 75.625 0.3893
22.375 75.875 1.6639
22.375 76.125 2.0382
22.375 76.375 2.5887
22.375 76.625 1.9462
22.375 76.875 2.1555
22.375 77.125 2.4216
22.375 77.375 1.8302
22.375 77.625 1.5001
22.375 77.875 1.7008
22.375 78.125 0.8724
22.375 78.375 0.50848
22.375 78.625 0.23493
22.375 78.875 0.49778
22.375 79.125 0.83911
22.375 79.375 1.0712
22.375 79.625 0.70691
22.375 79.875 0.70678
22.375 80.125 0.37563
22.375 80.375 0.46269
22.375 80.625 0.048438
22.375 80.875 -0.18188
22.375 81.125 -0.38028
22.375 81.375 0.37674
22.375 81.625 0.17406
22.375 81.875 0.46037
22.375 82.125 0.87019
22.375 82.375 0.63186
22.375 82.625 -0.63354
22.375 82.875 -0.86193
22.375 83.125 -0.99187
22.375 83.375 -1.4911
22.375 83.625 -1.5985
22.375 83.875 -0.5634
22.375 84.125 -0.054139
22.375 84.375 -0.24494
22.375 84.625 -0.016053
22.375 84.875 0.25378
22.375 85.125 -0.11411
22.375 85.375 -0.040848
22.375 85.625 -0.4016
22.375 85.875 0.018428
22.375 86.125 0.60204
22.375 86.375 0.76938
22.375 86.625 1.0308
22.375 86.875 0.95097
22.375 87.125 1.0232
22.375 87.375 1.1425
22.375 87.625 1.1397
22.375 87.875 0.95643
22.375 88.125 0.054067
22.375 88.375 0.56881
22.375 88.625 0.63494
22.375 88.875 0.65058
22.375 92.875 0.68612
22.625 70.375 1.8918
22.625 70.625 2.5543
22.625 70.875 1.6982
22.625 71.125 1.4607
22.625 71.375 0.92716
22.625 71.625 0.83533
22.625 71.875 0.19289
22.625 72.125 0.33566
22.625 72.375 0.97297
22.625 72.625 1.8548
22.625 72.875 0.2178
22.625 73.125 0.038907
22.625 73.375 1.4249
22.625 73.625 0.38123
22.625 73.875 0.35936
22.625 74.125 0.61642
22.625 74.375 1.2475
22.625 74.625 2.0846
22.625 74.875 2.3353
22.625 75.125 2.0915
22.625 75.375 0.88005
22.625 75.625 0.16121
22.625 75.875 1.0416
22.625 76.125 1.2087
22.625 76.375 1.1526
22.625 76.625 1.7688
22.625 76.875 2.4012
22.625 77.125 2.538
22.625 77.375 1.5131
22.625 77.625 1.8418
22.625 77.875 2.1763
22.625 78.125 1.65
22.625 78.375 0.80851
22.625 78.625 0.65744
22.625 78.875 0.56618
22.625 79.125 0.99303
22.625 79.375 1.2785
22.625 79.625 0.72907
22.625 79.875 0.4515
22.625 80.125 0.051005
22.625 80.375 -0.41337
22.625 80.625 -0.46723
22.625 80.875 -0.29302
22.625 81.125 0.29214
22.625 81.375 0.052738
22.625 81.625 0.73686
22.625 81.875 0.36303
22.625 82.125 0.45708
22.625 82.375 -0.39718
22.625 82.625 -1.524
22.625 82.875 -1.8493
22.625 83.125 -1.5238
22.625 83.375 -1.0766
22.625 83.625 -0.30441
22.625 83.875 -0.75219
22.625 84.125 0.081992
22.625 84.375 0.12849
22.625 84.625 0.68647
22.625 84.875 0.52734
22.625 85.125 -0.27335
22.625 85.375 -0.32688
22.625 85.625 -0.52503
22.625 85.875 -0.2059
22.625 86.125 0.29731
22.625 86.375 0.54629
22.625 86.625 0.96396
22.625 86.875 0.9509
22.625 87.125 1.4612
22.625 87.375 1.3381
22.625 87.625 1.4033
22.625 87.875 0.97907
22.625 88.125 0.97
22.625 88.375 0.93007
22.625 88.625 0.85367
22.625 88.875 0.90808
22.625 92.625 -0.84319
22.625 92.875 0.42798
22.875 69.375 NaN
22.875 69.625 NaN
22.875 69.875 NaN
22.875 70.625 1.7633
22.875 70.875 1.2083
22.875 71.125 0.80784
22.875 71.375 0.036336
22.875 71.625 0.60215
22.875 71.875 -0.26338
22.875 72.125 -0.37639
22.875 72.375 0.54736
22.875 72.625 1.6004
22.875 72.875 0.39061
22.875 73.125 0.50927
22.875 73.375 0.62307
22.875 73.625 1.1186
22.875 73.875 0.52679
22.875 74.125 0.91836
22.875 74.375 0.62452
22.875 74.625 0.53811
22.875 74.875 1.4262
22.875 75.125 2.4566
22.875 75.375 1.9194
22.875 75.625 0.97785
22.875 75.875 0.51209
22.875 76.125 -0.0097455
22.875 76.375 -0.025713
22.875 76.625 1.7219
22.875 76.875 2.2628
22.875 77.125 1.614
22.875 77.375 0.38565
22.875 77.625 1.0913
22.875 77.875 1.5037
22.875 78.125 2.2594
22.875 78.375 1.171
22.875 78.625 1.0448
22.875 78.875 0.99561
22.875 79.125 1.1413
22.875 79.375 0.96291
22.875 79.625 0.8148
22.875 79.875 0.96091
22.875 80.125 0.38288
22.875 80.375 0.41044
22.875 80.625 -0.097928
22.875 80.875 -0.053386
22.875 81.125 0.10306
22.875 81.375 -0.0049903
22.875 81.625 -0.62856
22.875 81.875 -0.43314
22.875 82.125 -0.16296
22.875 82.375 0.43983
22.875 82.625 -1.2289
22.875 82.875 -1.1109
22.875 83.125 -1.4114
22.875 83.375 -0.13775
22.875 83.625 -0.0029686
22.875 83.875 -0.17856
22.875 84.125 0.04205
22.875 84.375 -0.14618
22.875 84.625 0.7803
22.875 84.875 0.020398
22.875 85.125 0.19811
22.875 85.375 0.021781
22.875 85.625 -0.60762
22.875 85.875 -0.1809
22.875 86.125 0.186
22.875 86.375 0.36983
22.875 86.625 1.2635
22.875 86.875 1.5584
22.875 87.125 1.5156
22.875 87.375 1.5906
22.875 87.625 1.1855
22.875 87.875 0.40211
22.875 88.125 1.1004
22.875 88.375 1.0781
22.875 88.625 1.0182
22.875 92.625 -0.88722
22.875 92.875 0.18734
23.125 68.875 2.0027
23.125 69.125 2.2283
23.125 69.375 2.4202
23.125 69.625 2.1721
23.125 69.875 1.1397
23.125 70.125 0.45896
23.125 70.875 0.81962
23.125 71.125 0.77248
23.125 71.375 0.22299
23.125 71.625 0.87655
23.125 71.875 0.058473
23.125 72.125 1.4697
23.125 72.375 0.25325
23.125 72.625 1.4136
23.125 72.875 0.4593
23.125 73.125 0.29346
23.125 73.375 0.73245
23.125 73.625 0.71902
23.125 73.875 0.52596
23.125 74.125 0.8348
23.125 74.375 0.78415
23.125 74.625 0.89563
23.125 74.875 0.2263
23.125 75.125 1.0171
23.125 75.375 0.88552
23.125 75.625 0.41266
23.125 75.875 0.7586
23.125 76.125 0.34061
23.125 76.375 -0.045667
23.125 76.625 0.10757
23.125 76.875 0.55156
23.125 77.125 1.0709
23.125 77.375 1.6788
23.125 77.625 0.90669
23.125 77.875 0.85697
23.125 78.125 1.1147
23.125 78.375 1.5133
23.125 78.625 1.7619
23.125 78.875 1.3589
23.125 79.125 1.1913
23.125 79.375 1.5655
23.125 79.625 1.085
23.125 79.875 0.78921
23.125 80.125 0.579
23.125 80.375 0.56399
23.125 80.625 0.52737
23.125 80.875 0.33369
23.125 81.125 0.2234
23.125 81.375 -0.5092
23.125 81.625 -0.19802
23.125 81.875 -0.22495
23.125 82.125 -0.53124
23.125 82.375 0.098226
23.125 82.625 -0.029402
23.125 82.875 -0.15474
23.125 83.125 0.74617
23.125 83.375 2.2935
23.125 83.625 2.276
23.125 83.875 1.1896
23.125 84.125 -0.24884
23.125 84.375 -0.33786
23.125 84.625 -0.15249
23.125 84.875 0.10849
23.125 85.125 0.17653
23.125 85.375 0.65998
23.125 85.625 0.11579
23.125 85.875 -0.0048885
23.125 86.125 0.29086
23.125 86.375 1.1227
23.125 86.625 1.1169
23.125 86.875 2.0038
23.125 87.125 1.5273
23.125 87.375 1.2056
23.125 87.625 0.6858
23.125 87.875 -0.21749
23.125 88.125 -0.56039
23.125 88.375 0.25461
23.125 88.625 0.57344
23.125 91.625 NaN
23.125 92.625 -1.2424
23.125 92.875 -0.90033
23.125 93.125 NaN
23.375 68.875 2.2208
23.375 69.125 2.3337
23.375 69.375 2.2672
23.375 69.625 1.9179
23.375 69.875 1.1364
23.375 70.125 0.41766
23.375 70.375 0.43015
23.375 70.625 0.48977
23.375 70.875 0.71657
23.375 71.125 0.75561
23.375 71.375 0.69151
23.375 71.625 0.26326
23.375 71.875 1.3389
23.375 72.125 1.4742
23.375 72.375 1.4336
23.375 72.625 1.3388
23.375 72.875 0.76661
23.375 73.125 0.91876
23.375 73.375 0.98839
23.375 73.625 0.34762
23.375 73.875 -0.144
23.375 74.125 0.099635
23.375 74.375 0.31271
23.375 74.625 0.58361
23.375 74.875 0.5743
23.375 75.125 0.15765
23.375 75.375 0.15448
23.375 75.625 -0.07857
23.375 75.875 0.94068
23.375 76.125 0.10099
23.375 76.375 -0.052187
23.375 76.625 0.21254
23.375 76.875 0.59025
23.375 77.125 0.60851
23.375 77.375 1.5811
23.375 77.625 0.18356
23.375 77.875 0.33675
23.375 78.125 0.40725
23.375 78.375 0.85492
23.375 78.625 1.6417
23.375 78.875 1.4206
23.375 79.125 1.489
23.375 79.375 2.2332
23.375 79.625 2.092
23.375 79.875 1.3071
23.375 80.125 0.70269
23.375 80.375 0.40432
23.375 80.625 0.47239
23.375 80.875 0.39284
23.375 81.125 0.2639
23.375 81.375 -0.30834
23.375 81.625 -0.03468
23.375 81.875 -0.071311
23.375 82.125 -0.22168
23.375 82.375 -0.28499
23.375 82.625 -0.056505
23.375 82.875 0.11584
23.375 83.125 1.1244
23.375 83.375 2.0216
23.375 83.625 2.4062
23.375 83.875 0.73175
23.375 84.125 -0.19183
23.375 84.375 -0.03869
23.375 84.625 -0.52211
23.375 84.875 -0.20819
23.375 85.125 0.40001
23.375 85.375 0.48731
23.375 85.625 0.59416
23.375 85.875 -0.0089484
23.375 86.125 -0.045242
23.375 86.375 1.4812
23.375 86.625 1.7537
23.375 86.875 2.0185
23.375 87.125 1.2211
23.375 87.375 0.59416
23.375 87.625 0.35653
23.375 87.875 -0.4317
23.375 88.125 -0.90202
23.375 88.375 -0.2484
23.375 88.625 0.034165
23.375 91.375 -0.59706
23.375 91.625 -0.79076
23.375 92.625 -1.2646
23.375 92.875 -0.93441
23.375 93.125 -1.4145
23.625 68.625 1.256
23.625 68.875 1.5443
23.625 69.125 1.789
23.625 69.375 1.9108
23.625 69.625 1.6902
23.625 69.875 1.0568
23.625 70.125 0.58799
23.625 70.375 0.49786
23.625 70.625 0.53635
23.625 70.875 0.60431
23.625 71.125 0.63024
23.625 71.375 0.65992
23.625 71.625 0.33017
23.625 71.875 0.41652
23.625 72.125 0.68987
23.625 72.375 0.30934
23.625 72.625 0.73732
23.625 72.875 0.57205
23.625 73.125 0.60425
23.625 73.375 0.47212
23.625 73.625 0.28072
23.625 73.875 -0.10126
23.625 74.125 0.014747
23.625 74.375 0.48104
23.625 74.625 0.61498
23.625 74.875 0.79141
23.625 75.125 0.66279
23.625 75.375 1.0577
23.625 75.625 0.93454
23.625 75.875 0.38096
23.625 76.125 0.18063
23.625 76.375 0.5413
23.625 76.625 1.3747
23.625 76.875 1.8174
23.625 77.125 1.5618
23.625 77.375 0.81416
23.625 77.625 -0.050345
23.625 77.875 0.48129
23.625 78.125 0.28111
23.625 78.375 0.23675
23.625 78.625 1.1265
23.625 78.875 1.2318
23.625 79.125 1.302
23.625 79.375 1.5515
23.625 79.625 1.3425
23.625 79.875 2.004
23.625 80.125 1.0062
23.625 80.375 0.60872
23.625 80.625 0.75689
23.625 80.875 1.0181
23.625 81.125 0.81302
23.625 81.375 0.80833
23.625 81.625 0.62876
23.625 81.875 0.40959
23.625 82.125 0.12869
23.625 82.375 0.20599
23.625 82.625 1.3041
23.625 82.875 1.326
23.625 83.125 0.89929
23.625 83.375 0.97091
23.625 83.625 1.0519
23.625 83.875 0.22151
23.625 84.125 -0.18526
23.625 84.375 -0.05229
23.625 84.625 0.12915
23.625 84.875 -0.28181
23.625 85.125 -0.57931
23.625 85.375 0.41485
23.625 85.625 0.72403
23.625 85.875 1.5037
23.625 86.125 -0.25819
23.625 86.375 1.3266
23.625 86.625 1.7447
23.625 86.875 0.37147
23.625 87.125 0.18197
23.625 87.375 0.77722
23.625 87.625 -0.28464
23.625 87.875 -0.056481
23.625 88.125 -0.74688
23.625 88.375 -0.79028
23.625 91.375 -0.617
23.625 91.625 -0.85393
23.625 91.875 NaN
23.625 92.375 -0.89094
23.625 92.625 -0.91026
23.625 92.875 -1.3577
23.625 93.125 -1.644
23.875 68.875 1.2788
23.875 69.125 1.4683
23.875 69.375 1.7944
23.875 69.625 1.6868
23.875 69.875 0.92087
23.875 70.125 0.5308
23.875 70.375 0.50298
23.875 70.625 0.50794
23.875 70.875 0.46019
23.875 71.125 0.31886
23.875 71.375 0.29592
23.875 71.625 -0.081101
23.875 71.875 0.60975
23.875 72.125 0.77265
23.875 72.375 0.67723
23.875 72.625 0.16309
23.875 72.875 0.40024
23.875 73.125 1.0409
23.875 73.375 1.3736
23.875 73.625 0.69918
23.875 73.875 0.31947
23.875 74.125 0.24734
23.875 74.375 0.5731
23.875 74.625 0.47066
23.875 74.875 0.1449
23.875 75.125 0.36277
23.875 75.375 1.2827
23.875 75.625 0.99563
23.875 75.875 0.14924
23.875 76.125 0.85926
23.875 76.375 0.20704
23.875 76.625 1.2766
23.875 76.875 0.7145
23.875 77.125 0.78733
23.875 77.375 0.36322
23.875 77.625 0.71813
23.875 77.875 1.4448
23.875 78.125 1.301
23.875 78.375 0.56641
23.875 78.625 0.45161
23.875 78.875 1.0866
23.875 79.125 0.70577
23.875 79.375 1.3589
23.875 79.625 1.3557
23.875 79.875 0.67253
23.875 80.125 0.59285
23.875 80.375 0.41957
23.875 80.625 0.78057
23.875 80.875 0.91994
23.875 81.125 0.91564
23.875 81.375 0.88729
23.875 81.625 0.85714
23.875 81.875 0.52384
23.875 82.125 0.583
23.875 82.375 0.78645
23.875 82.625 1.0882
23.875 82.875 0.85479
23.875 83.125 0.37458
23.875 83.375 0.039536
23.875 83.625 0.56887
23.875 83.875 0.68958
23.875 84.125 0.16001
23.875 84.375 -0.3199
23.875 84.625 -0.38079
23.875 84.875 -0.28965
23.875 85.125 -0.85005
23.875 85.375 -0.66222
23.875 85.625 0.064445
23.875 85.875 -0.070497
23.875 86.125 0.15475
23.875 86.375 0.6194
23.875 86.625 0.79569
23.875 86.875 0.88945
23.875 87.125 0.13974
23.875 87.375 0.26423
23.875 87.625 -0.52282
23.875 87.875 -0.71593
23.875 88.125 -0.5845
23.875 88.375 -0.79486
23.875 91.375 -0.93593
23.875 91.625 -0.63239
23.875 91.875 -0.30912
23.875 92.125 -0.15474
23.875 92.375 -0.32514
23.875 92.625 -0.65118
23.875 92.875 -1.7861
23.875 93.125 -1.84
23.875 93.375 -1.8178
24.125 68.875 1.2676
24.125 69.125 1.2925
24.125 69.375 1.6824
24.125 69.625 1.7168
24.125 69.875 0.75846
24.125 70.125 0.4532
24.125 70.375 0.48887
24.125 70.625 0.16852
24.125 70.875 0.094277
24.125 71.125 0.15405
24.125 71.375 -0.31955
24.125 71.625 0.27102
24.125 71.875 0.002707
24.125 72.125 0.055384
24.125 72.375 0.80113
24.125 72.625 0.59432
24.125 72.875 0.47446
24.125 73.125 1.2252
24.125 73.375 1.2035
24.125 73.625 0.42779
24.125 73.875 0.23539
24.125 74.125 0.38846
24.125 74.375 0.30064
24.125 74.625 0.3854
24.125 74.875 0.30667
24.125 75.125 0.16533
24.125 75.375 1.8143
24.125 75.625 1.6272
24.125 75.875 -0.25769
24.125 76.125 0.1321
24.125 76.375 0.13674
24.125 76.625 0.082774
24.125 76.875 0.56188
24.125 77.125 0.50247
24.125 77.375 0.27542
24.125 77.625 0.86627
24.125 77.875 2.0792
24.125 78.125 1.2909
24.125 78.375 0.93257
24.125 78.625 0.62878
24.125 78.875 0.8236
24.125 79.125 0.90436
24.125 79.375 1.1713
24.125 79.625 0.90436
24.125 79.875 0.91844
24.125 80.125 -0.358
24.125 80.375 0.022436
24.125 80.625 0.15855
24.125 80.875 0.81016
24.125 81.125 0.94068
24.125 81.375 0.63641
24.125 81.625 0.44154
24.125 81.875 0.55541
24.125 82.125 0.49865
24.125 82.375 0.56001
24.125 82.625 0.11842
24.125 82.875 0.26861
24.125 83.125 0.38293
24.125 83.375 -0.77446
24.125 83.625 -0.36917
24.125 83.875 0.35666
24.125 84.125 0.13858
24.125 84.375 -0.2685
24.125 84.625 -0.20629
24.125 84.875 -0.18773
24.125 85.125 -0.68201
24.125 85.375 0.20351
24.125 85.625 -0.36109
24.125 85.875 0.018014
24.125 86.125 0.034299
24.125 86.375 0.27112
24.125 86.625 0.24182
24.125 86.875 0.20542
24.125 87.125 -0.046426
24.125 87.375 -0.44808
24.125 87.625 -0.49348
24.125 87.875 -0.68517
24.125 88.125 -0.5441
24.125 88.375 -0.6195
24.125 91.875 0.17605
24.125 92.125 0.43277
24.125 92.375 0.0032182
24.125 92.625 -0.5462
24.125 92.875 -1.4761
24.125 93.125 -1.9561
24.125 93.375 -1.9552
24.125 93.625 -1.5647
24.125 93.875 -1.2454
24.125 94.125 NaN
24.375 71.375 -0.27928
24.375 71.625 0.20407
24.375 71.875 0.31627
24.375 72.125 0.11181
24.375 72.375 0.40291
24.375 72.625 0.79868
24.375 72.875 0.26183
24.375 73.125 1.2917
24.375 73.375 1.3188
24.375 73.625 1.2089
24.375 73.875 1.2023
24.375 74.125 1.0696
24.375 74.375 0.29321
24.375 74.625 1.0877
24.375 74.875 0.52104
24.375 75.125 0.555
24.375 75.375 1.5703
24.375 75.625 0.88754
24.375 75.875 0.070252
24.375 76.125 0.10667
24.375 76.375 0.50292
24.375 76.625 0.65745
24.375 76.875 0.64878
24.375 77.125 0.89034
24.375 77.375 0.42865
24.375 77.625 0.55935
24.375 77.875 0.80615
24.375 78.125 0.78741
24.375 78.375 0.88715
24.375 78.625 0.54286
24.375 78.875 0.63006
24.375 79.125 0.67913
24.375 79.375 0.88355
24.375 79.625 0.72729
24.375 79.875 0.25161
24.375 80.125 -0.63147
24.375 80.375 0.022702
24.375 80.625 -0.4971
24.375 80.875 -0.59213
24.375 81.125 0.21301
24.375 81.375 0.28782
24.375 81.625 0.38316
24.375 81.875 0.43104
24.375 82.125 0.45796
24.375 82.375 0.28155
24.375 82.625 -0.025892
24.375 82.875 0.202
24.375 83.125 0.11044
24.375 83.375 -0.72794
24.375 83.625 -0.57317
24.375 83.875 -0.020239
24.375 84.125 -0.23461
24.375 84.375 -0.17668
24.375 84.625 -0.28428
24.375 84.875 -0.0084463
24.375 85.125 0.047259
24.375 85.375 0.35131
24.375 85.625 0.11551
24.375 85.875 -0.53653
24.375 86.125 -0.87073
24.375 86.375 -0.74603
24.375 86.625 -0.077673
24.375 86.875 -0.40037
24.375 87.125 -0.75502
24.375 87.375 0.69121
24.375 87.625 -0.35589
24.375 87.875 -0.37647
24.375 88.125 -0.66815
24.375 92.375 -0.58401
24.375 92.625 -1.1249
24.375 92.875 -1.4816
24.375 93.125 -1.5684
24.375 93.375 -0.9907
24.375 93.625 -1.0533
24.375 93.875 -0.93282
24.375 94.125 -0.56981
24.625 71.125 0.25716
24.625 71.375 0.47062
24.625 71.625 0.94134
24.625 71.875 0.47828
24.625 72.125 0.073151
24.625 72.375 0.039843
24.625 72.625 0.60252
24.625 72.875 0.47748
24.625 73.125 1.8263
24.625 73.375 2.3074
24.625 73.625 1.205
24.625 73.875 0.69664
24.625 74.125 0.77761
24.625 74.375 0.67792
24.625 74.625 1.3376
24.625 74.875 0.50797
24.625 75.125 0.46505
24.625 75.375 0.6878
24.625 75.625 0.12698
24.625 75.875 0.14159
24.625 76.125 1.0771
24.625 76.375 0.72806
24.625 76.625 0.7181
24.625 76.875 0.72598
24.625 77.125 0.8016
24.625 77.375 0.6669
24.625 77.625 0.27429
24.625 77.875 0.38847
24.625 78.125 0.45409
24.625 78.375 0.72713
24.625 78.625 0.53776
24.625 78.875 0.5548
24.625 79.125 0.70931
24.625 79.375 0.85781
24.625 79.625 0.92959
24.625 79.875 0.66284
24.625 80.125 0.18875
24.625 80.375 -0.064695
24.625 80.625 0.31187
24.625 80.875 -0.87974
24.625 81.125 -1.0045
24.625 81.375 -0.40676
24.625 81.625 0.35424
24.625 81.875 0.44478
24.625 82.125 -0.48323
24.625 82.375 -0.34315
24.625 82.625 -0.15626
24.625 82.875 -0.13505
24.625 83.125 -0.49122
24.625 83.375 -0.71321
24.625 83.625 -0.45455
24.625 83.875 -0.61755
24.625 84.125 -0.60178
24.625 84.375 -0.61213
24.625 84.625 -0.53863
24.625 84.875 -0.15538
24.625 85.125 -0.059886
24.625 85.375 -0.14932
24.625 85.625 -0.22102
24.625 85.875 -0.28177
24.625 86.125 -0.51086
24.625 86.375 -0.66108
24.625 86.625 -0.15209
24.625 86.875 -0.14786
24.625 87.125 0.40678
24.625 87.375 -0.23867
24.625 87.625 -0.21909
24.625 87.875 -0.3595
24.625 92.375 -0.33089
24.625 92.625 -1.2874
24.625 92.875 -1.0834
24.625 93.125 -0.50704
24.625 93.375 -0.40714
24.625 93.625 -0.6239
24.625 93.875 -0.24101
24.625 94.125 -0.12474
24.625 94.375 NaN
24.875 71.125 0.87268
24.875 71.375 0.50934
24.875 71.625 0.69382
24.875 71.875 -0.33298
24.875 72.125 -0.29455
24.875 72.375 -0.17372
24.875 72.625 0.13757
24.875 72.875 0.33127
24.875 73.125 0.36865
24.875 73.375 0.87864
24.875 73.625 0.76085
24.875 73.875 0.44213
24.875 74.125 0.93213
24.875 74.375 -0.051335
24.875 74.625 0.41833
24.875 74.875 0.10154
24.875 75.125 0.34878
24.875 75.375 0.48425
24.875 75.625 0.40602
24.875 75.875 1.18
24.875 76.125 1.2024
24.875 76.375 1.6857
24.875 76.625 1.8177
24.875 76.875 1.9148
24.875 77.125 1.6806
24.875 77.375 1.4768
24.875 77.625 0.5551
24.875 77.875 0.33547
24.875 78.125 -0.081421
24.875 78.375 0.92695
24.875 78.625 0.36645
24.875 78.875 0.58558
24.875 79.125 0.65146
24.875 79.375 1.0017
24.875 79.625 0.96982
24.875 79.875 1.2501
24.875 80.125 0.33697
24.875 80.375 0.18467
24.875 80.625 0.65153
24.875 80.875 -0.28587
24.875 81.125 -1.1393
24.875 81.375 -0.97081
24.875 81.625 -0.60217
24.875 81.875 -0.47921
24.875 82.125 -0.58891
24.875 82.375 -1.2987
24.875 82.625 -1.1042
24.875 82.875 -1.2274
24.875 83.125 -1.1023
24.875 83.375 -1.1741
24.875 83.625 -0.68397
24.875 83.875 -0.73971
24.875 84.125 -0.92384
24.875 84.375 -1.4904
24.875 84.625 -1.3216
24.875 84.875 -0.5692
24.875 85.125 0.084897
24.875 85.375 -0.63398
24.875 85.625 0.24843
24.875 85.875 0.025647
24.875 86.125 -0.57168
24.875 86.375 -0.30789
24.875 86.625 -0.10837
24.875 86.875 -0.27243
24.875 87.125 -0.15103
24.875 87.375 -0.21082
24.875 87.625 -0.53693
24.875 87.875 -0.50904
24.875 88.125 -0.43503
24.875 92.625 -0.58566
24.875 92.875 -0.41226
24.875 93.125 -0.13383
24.875 93.375 -0.30078
24.875 93.625 -0.24028
24.875 93.875 -0.23627
24.875 94.125 -0.17829
24.875 94.375 -0.23152
25.125 71.125 0.67871
25.125 71.375 0.50535
25.125 71.625 0.48769
25.125 71.875 -0.29384
25.125 72.125 -0.49642
25.125 72.375 0.44189
25.125 72.625 0.38935
25.125 72.875 0.32949
25.125 73.125 0.22885
25.125 73.375 0.64823
25.125 73.625 1.4473
25.125 73.875 1.364
25.125 74.125 1.3316
25.125 74.375 0.78093
25.125 74.625 0.99852
25.125 74.875 0.21896
25.125 75.125 0.40541
25.125 75.375 0.78201
25.125 75.625 1.315
25.125 75.875 0.021555
25.125 76.125 1.1669
25.125 76.375 1.843
25.125 76.625 1.9054
25.125 76.875 1.9983
25.125 77.125 1.8029
25.125 77.375 1.7808
25.125 77.625 1.3431
25.125 77.875 1.1572
25.125 78.125 0.53891
25.125 78.375 0.86643
25.125 78.625 0.25267
25.125 78.875 -0.22476
25.125 79.125 0.41378
25.125 79.375 0.1671
25.125 79.625 -0.4536
25.125 79.875 0.12255
25.125 80.125 -0.26874
25.125 80.375 0.71653
25.125 80.625 0.71346
25.125 80.875 0.052233
25.125 81.125 -1.0066
25.125 81.375 -0.72696
25.125 81.625 -1.1108
25.125 81.875 -1.0843
25.125 82.125 -0.7804
25.125 82.375 -0.73213
25.125 82.625 -0.9607
25.125 82.875 -1.2121
25.125 83.125 -1.2182
25.125 83.375 -1.4139
25.125 83.625 -0.9081
25.125 83.875 -0.8445
25.125 84.125 -0.65024
25.125 84.375 -0.78896
25.125 84.625 -1.1851
25.125 84.875 -1.2867
25.125 85.125 -0.48599
25.125 85.375 -0.1254
25.125 85.625 -0.57549
25.125 85.875 -0.94181
25.125 86.125 -0.49325
25.125 86.375 -0.39432
25.125 86.625 -0.42587
25.125 86.875 -0.71818
25.125 87.125 -0.8577
25.125 87.375 -0.39356
25.125 87.625 -0.49487
25.125 87.875 -0.75795
25.125 88.125 -0.66265
25.125 88.375 -0.63852
25.125 92.375 -1.2275
25.125 92.625 -0.69533
25.125 92.875 -0.52622
25.125 93.125 -0.36924
25.125 93.375 -0.54595
25.125 93.625 -0.58077
25.125 93.875 -0.38168
25.125 94.125 -0.41093
25.125 94.375 -0.41495
25.375 70.875 0.19882
25.375 71.125 0.56109
25.375 71.375 0.52237
25.375 71.625 1.2466
25.375 71.875 0.64747
25.375 72.125 0.05758
25.375 72.375 0.37342
25.375 72.625 0.42995
25.375 72.875 0.88296
25.375 73.125 1.0245
25.375 73.375 1.2904
25.375 73.625 1.8163
25.375 73.875 1.6021
25.375 74.125 1.9825
25.375 74.375 1.7701
25.375 74.625 1.5316
25.375 74.875 1.4722
25.375 75.125 1.5146
25.375 75.375 1.4923
25.375 75.625 1.8265
25.375 75.875 1.0653
25.375 76.125 2.1072
25.375 76.375 2.6574
25.375 76.625 1.7162
25.375 76.875 1.2802
25.375 77.125 0.97251
25.375 77.375 1.1182
25.375 77.625 1.9209
25.375 77.875 2.2414
25.375 78.125 1.0656
25.375 78.375 0.91543
25.375 78.625 0.096439
25.375 78.875 -0.73937
25.375 79.125 -0.72544
25.375 79.375 -0.22042
25.375 79.625 -0.33211
25.375 79.875 0.82302
25.375 80.125 1.0214
25.375 80.375 -0.17427
25.375 80.625 0.15419
25.375 80.875 -0.85063
25.375 81.125 -0.81039
25.375 81.375 -0.6027
25.375 81.625 -0.83428
25.375 81.875 -1.2056
25.375 82.125 -0.93311
25.375 82.375 -0.96563
25.375 82.625 -1.1377
25.375 82.875 -1.522
25.375 83.125 -0.82158
25.375 83.375 -0.49506
25.375 83.625 -0.54713
25.375 83.875 -0.67288
25.375 84.125 -0.73186
25.375 84.375 -1.3561
25.375 84.625 -0.94293
25.375 84.875 -1.0373
25.375 85.125 -1.3775
25.375 85.375 -1.3826
25.375 85.625 -0.43563
25.375 85.875 -0.14372
25.375 86.125 -0.2331
25.375 86.375 0.2466
25.375 86.625 0.15438
25.375 86.875 -0.20531
25.375 87.125 -0.74962
25.375 87.375 -0.71461
25.375 87.625 -0.80514
25.375 87.875 -0.99991
25.375 88.125 -0.71354
25.375 88.375 -0.91651
25.375 88.625 -1.1268
25.375 90.125 -0.023256
25.375 90.375 -0.3274
25.375 90.625 -0.24592
25.375 90.875 -0.4426
25.375 91.125 -0.42128
25.375 91.375 -0.72105
25.375 91.625 -0.91001
25.375 91.875 -1.0121
25.375 92.125 -1.2275
25.375 92.375 -0.93598
25.375 92.625 -0.72506
25.375 92.875 -0.57176
25.375 93.125 -0.8698
25.375 93.375 -0.98892
25.375 93.625 -0.75445
25.375 93.875 -0.93543
25.375 94.125 -0.5666
25.375 94.375 -0.39058
25.625 70.875 0.61867
25.625 71.125 0.56071
25.625 71.375 0.65839
25.625 71.625 1.2439
25.625 71.875 1.2757
25.625 72.125 0.54602
25.625 72.375 0.4643
25.625 72.625 0.37154
25.625 72.875 0.75848
25.625 73.125 1.656
25.625 73.375 1.6267
25.625 73.625 1.9612
25.625 73.875 1.1638
25.625 74.125 2.2367
25.625 74.375 1.754
25.625 74.625 1.8639
25.625 74.875 2.0608
25.625 75.125 2.9203
25.625 75.375 2.8731
25.625 75.625 3.0341
25.625 75.875 2.7477
25.625 76.125 2.1448
25.625 76.375 2.3722
25.625 76.625 1.6849
25.625 76.875 0.90409
25.625 77.125 1.0661
25.625 77.375 1.5484
25.625 77.625 1.8377
25.625 77.875 1.485
25.625 78.125 0.92819
25.625 78.375 0.39181
25.625 78.625 0.1888
25.625 78.875 -0.36978
25.625 79.125 0.1671
25.625 79.375 0.52728
25.625 79.625 0.66197
25.625 79.875 0.77375
25.625 80.125 0.99143
25.625 80.375 -0.66687
25.625 80.625 -1.0367
25.625 80.875 -1.0932
25.625 81.125 -0.97652
25.625 81.375 -0.92326
25.625 81.625 0.14642
25.625 81.875 -0.52149
25.625 82.125 -0.91972
25.625 82.375 -1.0405
25.625 82.625 -0.93851
25.625 82.875 -1.3025
25.625 83.125 -0.92587
25.625 83.375 -0.92723
25.625 83.625 -0.37571
25.625 83.875 -0.75563
25.625 84.125 -1.2834
25.625 84.375 -1.5244
25.625 84.625 -1.4128
25.625 84.875 -1.389
25.625 85.125 -1.8843
25.625 85.375 -1.2451
25.625 85.625 -0.60862
25.625 85.875 -0.9941
25.625 86.125 -1.3384
25.625 86.375 -1.2545
25.625 86.625 -1.6965
25.625 86.875 -0.98898
25.625 87.125 -0.80284
25.625 87.375 -0.78145
25.625 87.625 -0.96278
25.625 87.875 -1.0482
25.625 88.125 -1.4947
25.625 90.125 0.014457
25.625 90.375 -0.032091
25.625 90.625 -0.026432
25.625 90.875 -0.58539
25.625 91.125 -0.16131
25.625 91.375 -0.70476
25.625 91.625 -0.92987
25.625 91.875 -0.86444
25.625 92.125 -0.86741
25.625 92.375 -0.79847
25.625 92.625 -0.67068
25.625 92.875 -0.78476
25.625 93.125 -1.1618
25.625 93.375 -1.282
25.625 93.625 -1.0553
25.625 93.875 -0.85447
25.625 94.125 -0.43725
25.625 94.375 -0.45386
25.625 94.625 NaN
25.625 94.875 NaN
25.875 70.375 0.61239
25.875 70.625 0.72903
25.875 70.875 1.1369
25.875 71.125 1.2238
25.875 71.375 0.78097
25.875 71.625 1.1439
25.875 71.875 1.1362
25.875 72.125 1.2847
25.875 72.375 1.0741
25.875 72.625 0.91797
25.875 72.875 0.80652
25.875 73.125 1.6943
25.875 73.375 2.346
25.875 73.625 2.4102
25.875 73.875 2.4511
25.875 74.125 1.8077
25.875 74.375 2.2204
25.875 74.625 2.7049
25.875 74.875 1.6308
25.875 75.125 1.2208
25.875 75.375 1.292
25.875 75.625 2.6599
25.875 75.875 2.2935
25.875 76.125 1.4472
25.875 76.375 2.0386
25.875 76.625 1.4857
25.875 76.875 0.70371
25.875 77.125 1.5169
25.875 77.375 1.4538
25.875 77.625 1.5071
25.875 77.875 0.57614
25.875 78.125 0.95203
25.875 78.375 0.666
25.875 78.625 0.62551
25.875 78.875 0.1573
25.875 79.125 0.76316
25.875 79.375 0.58982
25.875 79.625 0.33361
25.875 79.875 0.21447
25.875 80.125 -0.29206
25.875 80.375 -1.2169
25.875 80.625 -1.0439
25.875 80.875 -1.0897
25.875 81.125 -0.81815
25.875 81.375 -0.61051
25.875 81.625 0.35674
25.875 81.875 -0.32664
25.875 82.125 -0.9774
25.875 82.375 -1.1366
25.875 82.625 -0.99995
25.875 82.875 -0.24175
25.875 83.125 -0.83091
25.875 83.375 -1.3424
25.875 83.625 -0.96102
25.875 83.875 -1.3026
25.875 84.125 -0.79218
25.875 84.375 -1.8223
25.875 84.625 -1.6953
25.875 84.875 -1.4044
25.875 85.125 -1.3426
25.875 85.375 -1.1437
25.875 85.625 -0.81681
25.875 85.875 -1.4854
25.875 86.125 -0.91604
25.875 86.375 -1.09
25.875 86.625 -1.0606
25.875 86.875 -0.7364
25.875 87.125 -0.55889
25.875 87.375 -0.86464
25.875 87.625 -0.68031
25.875 87.875 -1.0006
25.875 90.125 -0.75953
25.875 90.375 -0.68481
25.875 90.625 -0.072911
25.875 90.875 -0.53824
25.875 91.125 -1.0795
25.875 91.375 -0.43366
25.875 91.625 -0.57957
25.875 91.875 -1.1333
25.875 92.125 -1.1764
25.875 92.375 -0.95786
25.875 92.625 -0.69372
25.875 92.875 -0.78464
25.875 93.125 -2.0672
25.875 93.375 -2.1393
25.875 93.625 -1.4483
25.875 93.875 -0.19137
25.875 94.125 -0.16222
25.875 94.375 -0.28876
25.875 94.625 -0.39481
25.875 94.875 -0.5026
26.125 70.375 1.2822
26.125 70.625 1.5079
26.125 70.875 1.6766
26.125 71.125 1.1868
26.125 71.375 1.3767
26.125 71.625 1.8236
26.125 71.875 1.8721
26.125 72.125 1.9732
26.125 72.375 1.9155
26.125 72.625 0.97215
26.125 72.875 0.85852
26.125 73.125 1.0788
26.125 73.375 1.1726
26.125 73.625 1.6753
26.125 73.875 2.5077
26.125 74.125 2.979
26.125 74.375 3.4669
26.125 74.625 3.1598
26.125 74.875 2.1872
26.125 75.125 2.6026
26.125 75.375 1.7458
26.125 75.625 1.9834
26.125 75.875 1.8769
26.125 76.125 2.1247
26.125 76.375 2.3802
26.125 76.625 1.9769
26.125 76.875 0.54475
26.125 77.125 0.59769
26.125 77.375 0.62297
26.125 77.625 1.4196
26.125 77.875 0.98026
26.125 78.125 1.319
26.125 78.375 1.8636
26.125 78.625 1.6054
26.125 78.875 0.22784
26.125 79.125 0.37028
26.125 79.375 0.61215
26.125 79.625 -0.68847
26.125 79.875 -0.88703
26.125 80.125 -0.64041
26.125 80.375 -1.0397
26.125 80.625 -1.2972
26.125 80.875 -0.14604
26.125 81.125 -0.60485
26.125 81.375 -1.3074
26.125 81.625 0.36289
26.125 81.875 -0.28009
26.125 82.125 -1.1288
26.125 82.375 -1.0562
26.125 82.625 -0.81852
26.125 82.875 -0.5966
26.125 83.125 -0.82689
26.125 83.375 -1.2815
26.125 83.625 -1.2657
26.125 83.875 -1.1015
26.125 84.125 -0.81105
26.125 84.375 -1.2799
26.125 84.625 -1.3639
26.125 84.875 -1.6469
26.125 85.125 -0.84636
26.125 85.375 -1.5392
26.125 85.625 -1.4568
26.125 85.875 -1.095
26.125 86.125 -0.64902
26.125 86.375 -0.8366
26.125 86.625 -0.49366
26.125 86.875 -0.14645
26.125 87.125 -0.24686
26.125 87.375 -0.18085
26.125 87.625 -0.79252
26.125 87.875 -1.1385
26.125 88.125 -1.4347
26.125 89.375 -0.99596
26.125 89.875 -0.5953
26.125 90.125 -1.0262
26.125 90.375 -0.55111
26.125 90.625 0.19895
26.125 90.875 -0.28562
26.125 91.125 -0.83654
26.125 91.375 -0.66573
26.125 91.625 -0.94705
26.125 91.875 -1.0437
26.125 92.125 -0.64133
26.125 92.375 -0.54387
26.125 92.625 -0.1647
26.125 92.875 -1.233
26.125 93.125 -1.8111
26.125 93.375 -1.2539
26.125 93.625 -0.8974
26.125 93.875 0.24035
26.125 94.125 0.1254
26.125 94.375 -0.03953
26.125 94.625 -0.23821
26.125 94.875 -0.046339
26.375 70.375 1.428
26.375 70.625 1.708
26.375 70.875 1.9052
26.375 71.125 2.0629
26.375 71.375 2.2453
26.375 71.625 2.4965
26.375 71.875 2.4159
26.375 72.125 2.1463
26.375 72.375 2.0304
26.375 72.625 1.3968
26.375 72.875 1.0745
26.375 73.125 0.44334
26.375 73.375 0.43497
26.375 73.625 1.409
26.375 73.875 2.0326
26.375 74.125 3.6636
26.375 74.375 3.1855
26.375 74.625 0.11643
26.375 74.875 1.4073
26.375 75.125 1.7473
26.375 75.375 1.9013
26.375 75.625 2.2941
26.375 75.875 2.4101
26.375 76.125 2.3729
26.375 76.375 1.974
26.375 76.625 2.3751
26.375 76.875 1.9055
26.375 77.125 1.2525
26.375 77.375 1.3289
26.375 77.625 1.6373
26.375 77.875 0.98974
26.375 78.125 1.3534
26.375 78.375 0.81684
26.375 78.625 1.0037
26.375 78.875 1.3569
26.375 79.125 1.5497
26.375 79.375 -0.5881
26.375 79.625 -0.85375
26.375 79.875 -0.38082
26.375 80.125 -0.16149
26.375 80.375 -1.0099
26.375 80.625 -0.97065
26.375 80.875 -0.59179
26.375 81.125 -1.1672
26.375 81.375 -1.6486
26.375 81.625 -1.4948
26.375 81.875 -1.3266
26.375 82.125 -1.0455
26.375 82.375 -0.57996
26.375 82.625 -0.47307
26.375 82.875 -0.35388
26.375 83.125 -0.2814
26.375 83.375 -0.98596
26.375 83.625 -1.0996
26.375 83.875 -0.97705
26.375 84.125 -0.83965
26.375 84.375 -0.81995
26.375 84.625 -0.68712
26.375 84.875 -1.2108
26.375 85.125 -0.9809
26.375 85.375 -1.3996
26.375 85.625 -1.1111
26.375 85.875 -1.202
26.375 86.125 -1.3488
26.375 86.375 -0.7527
26.375 86.625 -0.66252
26.375 86.875 -0.50489
26.375 87.125 -0.87822
26.375 87.625 -1.7223
26.375 87.875 -1.0596
26.375 88.125 -1.0142
26.375 88.375 -1.4707
26.375 88.875 -0.79223
26.375 89.375 -0.7335
26.375 89.625 -0.97919
26.375 89.875 -0.99833
26.375 90.125 -0.78332
26.375 90.375 -0.39764
26.375 90.625 -0.66251
26.375 90.875 -0.59421
26.375 91.125 -0.52719
26.375 91.375 -0.52407
26.375 91.625 -0.87546
26.375 91.875 -0.50912
26.375 92.125 0.11446
26.375 92.375 -0.30662
26.375 92.625 -0.37871
26.375 92.875 -0.97331
26.375 93.125 -1.2958
26.375 93.375 -1.2216
26.375 93.625 -0.86189
26.375 93.875 -0.070338
26.375 94.125 -0.066149
26.375 94.375 -0.040111
26.375 94.625 -0.10365
26.375 94.875 0.85273
26.625 69.875 1.2141
26.625 70.125 1.2188
26.625 70.375 1.4588
26.625 70.625 1.3614
26.625 70.875 1.3527
26.625 71.125 1.5603
26.625 71.375 2.4057
26.625 71.625 2.8186
26.625 71.875 2.7265
26.625 72.125 2.0692
26.625 72.375 1.5768
26.625 72.625 1.7801
26.625 72.875 1.4867
26.625 73.125 0.76524
26.625 73.375 0.31116
26.625 73.625 1.0071
26.625 73.875 1.7429
26.625 74.125 1.6566
26.625 74.375 2.5289
26.625 74.625 1.3691
26.625 74.875 2.1982
26.625 75.125 0.93796
26.625 75.375 2.7023
26.625 75.625 2.9252
26.625 75.875 2.4302
26.625 76.125 3.3471
26.625 76.375 2.2818
26.625 76.625 1.6733
26.625 76.875 1.4802
26.625 77.125 1.6094
26.625 77.375 1.9716
26.625 77.625 2.0973
26.625 77.875 1.066
26.625 78.125 1.2574
26.625 78.375 0.98388
26.625 78.625 0.44807
26.625 78.875 0.045954
26.625 79.125 -0.47785
26.625 79.375 -0.082221
26.625 79.625 -0.43119
26.625 79.875 -0.75843
26.625 80.125 -0.94705
26.625 80.375 -0.46304
26.625 80.625 -0.546
26.625 80.875 -0.5733
26.625 81.125 -1.0827
26.625 81.375 -1.1713
26.625 81.625 -1.2154
26.625 81.875 -0.17169
26.625 82.125 -0.13454
26.625 82.375 0.071879
26.625 82.625 -0.98108
26.625 82.875 -0.79482
26.625 83.125 -0.59094
26.625 83.375 -1.1097
26.625 83.625 -1.1919
26.625 83.875 -1.2716
26.625 84.125 -0.52574
26.625 84.375 -0.46266
26.625 84.625 -0.60932
26.625 84.875 -1.4397
26.625 85.125 -0.73838
26.625 85.375 -1.1586
26.625 85.625 -1.2533
26.625 86.125 -1.3583
26.625 88.375 -0.29824
26.625 88.625 0.06621
26.625 88.875 -1.1406
26.625 89.125 -1.0719
26.625 89.375 -1.4482
26.625 89.625 -1.1216
26.625 89.875 -1.3024
26.625 90.125 -1.038
26.625 90.375 -0.77529
26.625 90.625 -0.765
26.625 90.875 -0.31633
26.625 91.125 -0.44641
26.625 91.375 -0.21746
26.625 91.625 -0.74155
26.625 91.875 -0.045667
26.625 92.125 -0.46402
26.625 92.375 -0.66704
26.625 92.625 -0.61113
26.625 92.875 0.27885
26.625 93.125 -1.0301
26.625 93.375 -1.0979
26.625 93.625 -0.91423
26.625 93.875 0.22736
26.625 94.125 -0.231
26.625 94.375 0.48875
26.625 94.625 0.99224
26.625 94.875 0.95942
26.625 95.125 0.55402
26.875 69.625 1.2686
26.875 69.875 1.2495
26.875 70.125 1.385
26.875 70.375 1.3535
26.875 70.625 1.2185
26.875 70.875 1.0793
26.875 71.125 1.3565
26.875 71.375 1.8522
26.875 71.625 2.3008
26.875 71.875 2.1135
26.875 72.125 1.346
26.875 72.375 1.4587
26.875 72.625 1.5568
26.875 72.875 1.5929
26.875 73.125 0.84372
26.875 73.375 0.34935
26.875 73.625 0.38016
26.875 73.875 0.87777
26.875 74.125 1.2378
26.875 74.375 1.4562
26.875 74.625 1.585
26.875 74.875 1.9015
26.875 75.125 2.0324
26.875 75.375 2.1732
26.875 75.625 0.15481
26.875 75.875 2.6347
26.875 76.125 3.4678
26.875 76.375 1.9881
26.875 76.625 2.153
26.875 76.875 1.6456
26.875 77.125 1.2825
26.875 77.375 0.34561
26.875 77.625 1.5034
26.875 77.875 1.7024
26.875 78.125 0.47239
26.875 78.375 0.6147
26.875 78.625 0.59312
26.875 78.875 -0.11565
26.875 79.125 0.028007
26.875 79.375 0.50649
26.875 79.625 0.093851
26.875 79.875 -0.47438
26.875 80.125 -0.80864
26.875 80.375 -0.43732
26.875 80.625 -0.23816
26.875 80.875 -0.66163
26.875 81.125 -0.90687
26.875 81.375 -1.3406
26.875 81.625 -0.95751
26.875 81.875 -0.2459
26.875 82.125 0.34428
26.875 82.375 0.039787
26.875 82.625 -0.37134
26.875 82.875 -0.50322
26.875 83.125 -0.51825
26.875 83.375 -1.3382
26.875 83.625 -1.1055
26.875 83.875 -0.85933
26.875 84.125 -0.24054
26.875 84.375 -0.87315
26.875 84.625 -0.89377
26.875 84.875 -0.93552
26.875 88.375 0.39066
26.875 88.625 0.46331
26.875 88.875 -0.3028
26.875 92.375 -1.041
26.875 92.625 -0.32971
26.875 92.875 0.40687
26.875 93.125 0.62369
26.875 93.375 -0.67481
26.875 93.625 -0.38084
26.875 93.875 1.4891
26.875 94.125 -0.032163
26.875 94.375 0.63233
26.875 94.625 0.85691
26.875 94.875 0.47976
26.875 95.125 0.29254
26.875 95.375 0.21302
26.875 95.625 -0.35261
27.125 69.875 0.98944
27.125 70.125 0.69979
27.125 70.375 0.77554
27.125 70.625 0.86768
27.125 70.875 0.83652
27.125 71.125 1.4257
27.125 71.375 1.7541
27.125 71.625 1.8439
27.125 71.875 1.1891
27.125 72.125 1.0308
27.125 72.375 1.0717
27.125 72.625 1.4404
27.125 72.875 1.0837
27.125 73.125 0.55614
27.125 73.375 0.19686
27.125 73.625 0.022014
27.125 73.875 0.39916
27.125 74.125 0.71808
27.125 74.375 1.153
27.125 74.625 1.7549
27.125 74.875 2.267
27.125 75.125 2.6456
27.125 75.375 2.5851
27.125 75.625 2.0889
27.125 75.875 1.9037
27.125 76.125 1.826
27.125 76.375 1.9761
27.125 76.625 1.4705
27.125 76.875 0.19901
27.125 77.125 2.5256
27.125 77.375 1.2448
27.125 77.625 1.18
27.125 77.875 1.6593
27.125 78.125 1.3035
27.125 78.375 1.4425
27.125 78.625 0.57916
27.125 78.875 -0.36724
27.125 79.125 -0.3064
27.125 79.375 -0.91082
27.125 79.625 -0.35767
27.125 79.875 -0.28456
27.125 80.125 -1.1089
27.125 80.375 -0.80087
27.125 80.625 -1.1892
27.125 80.875 -0.91987
27.125 81.125 -0.32977
27.125 81.375 -0.66619
27.125 81.625 -0.99152
27.125 81.875 -0.14564
27.125 82.125 0.20006
27.125 82.375 -0.097512
27.125 82.625 0.20849
27.125 82.875 -0.32314
27.125 83.125 -0.45952
27.125 83.375 -0.41597
27.125 83.625 -0.33424
27.125 83.875 -0.0027259
27.125 84.125 -0.14102
27.125 84.375 -0.61822
27.125 84.625 -0.98127
27.125 88.125 0.26982
27.125 88.375 0.77438
27.125 88.625 0.78877
27.125 92.125 -1.213
27.125 92.375 -0.73479
27.125 92.625 -0.22652
27.125 92.875 0.11595
27.125 93.125 -0.024207
27.125 93.375 -0.53343
27.125 93.625 -0.82291
27.125 93.875 0.5548
27.125 94.125 1.0937
27.125 94.375 0.80869
27.125 94.625 0.3839
27.125 94.875 0.31658
27.125 95.125 0.36194
27.125 95.375 -0.47755
27.125 95.625 -0.019512
27.125 95.875 0.053487
27.375 70.125 0.63394
27.375 70.375 0.7301
27.375 70.625 0.79083
27.375 70.875 0.96059
27.375 71.125 1.6659
27.375 71.375 2.0249
27.375 71.625 1.8218
27.375 71.875 0.93555
27.375 72.125 0.26776
27.375 72.375 0.74652
27.375 72.625 0.97022
27.375 72.875 0.70254
27.375 73.125 0.52819
27.375 73.375 0.31165
27.375 73.625 0.26403
27.375 73.875 0.29959
27.375 74.125 0.37227
27.375 74.375 0.74117
27.375 74.625 1.2476
27.375 74.875 1.342
27.375 75.125 2.0188
27.375 75.375 2.6915
27.375 75.625 2.4988
27.375 75.875 1.1909
27.375 76.125 1.5666
27.375 76.375 1.7887
27.375 76.625 1.4581
27.375 76.875 1.285
27.375 77.125 1.335
27.375 77.375 0.30471
27.375 77.625 1.521
27.375 77.875 2.0051
27.375 78.125 2.4367
27.375 78.375 1.1584
27.375 78.625 0.45825
27.375 78.875 0.43082
27.375 79.125 -0.60632
27.375 79.375 -1.0882
27.375 79.625 -0.77547
27.375 79.875 -0.38187
27.375 80.125 -1.3458
27.375 80.375 -1.3548
27.375 80.625 -1.1439
27.375 80.875 -1.4777
27.375 81.125 -0.59782
27.375 81.375 -0.55793
27.375 81.625 -1.986
27.375 81.875 -0.082929
27.375 82.125 -0.37593
27.375 82.375 -0.30561
27.375 82.625 0.0053525
27.375 82.875 -0.2298
27.375 83.125 -0.41296
27.375 83.625 -0.33099
27.375 84.125 0.066875
27.375 84.375 -0.32076
27.375 88.125 1.0804
27.375 88.375 0.77733
27.375 88.625 0.53306
27.375 92.125 -0.9626
27.375 92.375 -0.60404
27.375 92.625 -0.18316
27.375 92.875 -0.55854
27.375 93.125 -1.4378
27.375 93.375 -1.8985
27.375 93.625 -0.91516
27.375 93.875 0.43217
27.375 94.125 1.6091
27.375 94.375 -0.17415
27.375 94.625 0.052
27.375 94.875 0.1819
27.375 95.125 -0.19666
27.375 95.375 -0.57844
27.375 95.625 -0.12284
27.375 95.875 -0.077418
27.375 96.125 -0.43581
27.375 96.375 -0.16608
27.375 96.625 0.14441
27.375 96.875 0.040822
27.625 70.125 0.57267
27.625 70.375 0.46667
27.625 70.625 0.59692
27.625 70.875 1.3487
27.625 71.125 2.0094
27.625 71.375 1.9506
27.625 71.625 1.6182
27.625 71.875 0.87995
27.625 72.125 0.36135
27.625 72.375 0.37684
27.625 72.625 0.47479
27.625 72.875 0.72696
27.625 73.125 0.61643
27.625 73.375 0.45894
27.625 73.625 0.81202
27.625 73.875 0.44777
27.625 74.125 0.47478
27.625 74.375 0.53933
27.625 74.625 1.1575
27.625 74.875 1.2541
27.625 75.125 0.58204
27.625 75.375 2.084
27.625 75.625 2.6917
27.625 75.875 1.8089
27.625 76.125 1.6588
27.625 76.375 1.5007
27.625 76.625 1.4241
27.625 76.875 1.8938
27.625 77.125 -0.21795
27.625 77.375 -0.20905
27.625 77.625 -0.66894
27.625 77.875 0.30011
27.625 78.125 1.643
27.625 78.375 1.6706
27.625 78.625 0.14326
27.625 78.875 -0.081319
27.625 79.125 -0.96664
27.625 79.375 -1.4828
27.625 79.625 -0.91282
27.625 79.875 -0.33893
27.625 80.125 -0.97419
27.625 80.375 -1.1194
27.625 80.625 -1.1875
27.625 80.875 -1.0348
27.625 81.125 -0.6981
27.625 81.375 -0.54968
27.625 81.625 -0.73617
27.625 81.875 -0.64634
27.625 82.125 -0.39925
27.625 82.375 -0.29535
27.625 82.625 -0.20875
27.625 88.375 1.1294
27.625 88.625 0.76542
27.625 91.625 -0.68752
27.625 91.875 -0.80677
27.625 92.125 -0.85122
27.625 92.375 -0.7818
27.625 92.625 -0.25553
27.625 92.875 -0.62671
27.625 93.125 -1.1788
27.625 93.375 -1.6338
27.625 93.625 -1.3215
27.625 93.875 -1.0493
27.625 94.125 -0.82735
27.625 94.375 -0.27608
27.625 94.625 -0.33181
27.625 94.875 -0.11212
27.625 95.125 -0.084206
27.625 95.375 -0.49158
27.625 95.625 -0.63229
27.625 95.875 -0.51644
27.625 96.125 -0.7942
27.625 96.375 -0.33512
27.625 96.625 -0.05876
27.625 96.875 -0.018813
27.875 70.375 0.5133
27.875 71.875 0.91217
27.875 72.125 0.45604
27.875 72.375 0.42681
27.875 72.625 0.65176
27.875 72.875 0.8303
27.875 73.125 0.58629
27.875 73.375 1.6182
27.875 73.625 1.0776
27.875 73.875 0.75222
27.875 74.125 1.1534
27.875 74.375 1.7809
27.875 74.625 1.2815
27.875 74.875 1.2618
27.875 75.125 1.242
27.875 75.375 0.99727
27.875 75.625 0.62846
27.875 75.875 2.5079
27.875 76.125 1.4808
27.875 76.375 2.2948
27.875 76.625 0.54439
27.875 76.875 1.0114
27.875 77.125 0.15833
27.875 77.375 -0.36326
27.875 77.625 -1.1989
27.875 77.875 -0.11846
27.875 78.125 0.43108
27.875 78.375 0.99488
27.875 78.625 0.40982
27.875 78.875 -0.013217
27.875 79.125 -0.42892
27.875 79.375 -0.99737
27.875 79.625 -0.6605
27.875 79.875 -0.074742
27.875 80.125 -0.42855
27.875 80.375 -1.0183
27.875 80.625 -0.87286
27.875 80.875 -0.86919
27.875 81.125 -0.78599
27.875 81.375 -0.4799
27.875 81.625 -0.62629
27.875 88.375 NaN
27.875 88.625 NaN
27.875 92.875 -1.2647
27.875 93.125 -1.1448
27.875 93.375 -1.2591
27.875 93.625 -1.236
27.875 93.875 -1.4335
27.875 94.125 -1.1808
27.875 94.375 -0.87131
27.875 94.625 -0.84814
27.875 94.875 -0.40004
27.875 95.125 0.24285
27.875 95.375 -0.14119
27.875 95.625 -0.65786
27.875 95.875 -1.0031
27.875 96.125 -0.78955
27.875 96.375 -0.74813
27.875 96.625 -0.16671
27.875 96.875 0.022896
27.875 97.125 -0.0323
28.125 72.125 0.84227
28.125 72.375 0.97606
28.125 72.625 0.54425
28.125 72.875 1.2875
28.125 73.125 2.2839
28.125 73.375 2.0951
28.125 73.625 0.93389
28.125 73.875 0.92053
28.125 74.125 1.2804
28.125 74.375 1.6452
28.125 74.625 1.825
28.125 74.875 1.9028
28.125 75.125 1.924
28.125 75.375 1.1039
28.125 75.625 0.18213
28.125 75.875 2.2311
28.125 76.125 2.8734
28.125 76.375 2.2807
28.125 76.625 1.9869
28.125 76.875 1.568
28.125 77.125 0.17982
28.125 77.375 -0.064384
28.125 77.625 -0.20887
28.125 77.875 -0.23298
28.125 78.125 0.90484
28.125 78.375 0.34684
28.125 78.625 -0.46598
28.125 78.875 -0.5459
28.125 79.125 -0.44549
28.125 79.375 -0.70154
28.125 79.625 -0.83257
28.125 79.875 -0.60938
28.125 80.125 -0.51618
28.125 80.375 -0.73947
28.125 80.625 -0.84841
28.125 80.875 -1.0125
28.125 81.125 -0.89319
28.125 81.375 -0.59866
28.125 92.875 -1.8678
28.125 93.125 -1.511
28.125 93.375 -1.142
28.125 93.625 -0.9037
28.125 93.875 -0.98927
28.125 94.125 -1.1674
28.125 94.375 -1.0743
28.125 94.625 -1.0864
28.125 94.875 -0.54157
28.125 95.125 0.13769
28.125 95.375 0.16789
28.125 95.625 -0.66271
28.125 95.875 -1.0192
28.125 96.125 -0.96859
28.125 96.375 -0.32338
28.125 96.625 -0.21437
28.125 96.875 -0.060079
28.125 97.125 0.059062
28.375 72.375 1.3606
28.375 72.625 0.93149
28.375 72.875 0.92084
28.375 73.125 1.6171
28.375 73.375 1.0452
28.375 73.625 0.6143
28.375 73.875 0.89971
28.375 74.125 1.1532
28.375 74.375 1.1075
28.375 74.625 2.184
28.375 74.875 2.2688
28.375 75.125 1.9721
28.375 75.375 2.2798
28.375 75.625 1.1559
28.375 75.875 1.6891
28.375 76.125 1.7869
28.375 76.375 1.5535
28.375 76.625 2.6493
28.375 76.875 1.7667
28.375 77.125 0.37173
28.375 77.375 -0.53388
28.375 77.625 -0.32023
28.375 77.875 -0.47782
28.375 78.125 1.0567
28.375 78.375 -0.14658
28.375 78.625 -0.51925
28.375 78.875 -0.5607
28.375 79.125 -0.34139
28.375 79.375 -0.12513
28.375 79.625 -1.0236
28.375 79.875 -1.3071
28.375 80.125 -0.712
28.375 80.375 -0.34144
28.375 80.625 -0.62222
28.375 80.875 -0.83294
28.375 81.125 -0.91279
28.375 93.375 -0.96572
28.375 93.625 -0.2633
28.375 93.875 -0.089996
28.375 94.125 -0.25192
28.375 94.375 -0.36812
28.375 94.625 -0.40975
28.375 94.875 -0.25231
28.375 95.125 -0.19483
28.375 95.375 -0.26326
28.375 95.625 -0.36862
28.375 95.875 -0.40059
28.375 96.125 -1.0408
28.375 96.625 -0.29314
28.625 72.375 1.7713
28.625 72.625 1.5589
28.625 72.875 0.93115
28.625 73.125 1.0832
28.625 73.375 1.0598
28.625 73.625 0.8256
28.625 73.875 0.67242
28.625 74.125 0.64363
28.625 74.375 1.1116
28.625 74.625 2.316
28.625 74.875 2.2311
28.625 75.125 1.5208
28.625 75.375 0.24721
28.625 75.625 -0.60401
28.625 75.875 0.44309
28.625 76.125 1.0456
28.625 76.375 1.4324
28.625 76.625 2.4739
28.625 76.875 1.5451
28.625 77.125 0.47619
28.625 77.375 -0.70622
28.625 77.625 -0.79822
28.625 77.875 -0.86519
28.625 78.125 -0.6268
28.625 78.375 0.074024
28.625 78.625 -0.97835
28.625 78.875 -0.92831
28.625 79.125 0.29736
28.625 79.375 -0.1639
28.625 79.625 -0.14426
28.625 79.875 -0.85907
28.625 80.125 -0.59161
28.625 80.375 -0.46544
28.625 80.625 -0.62785
28.625 93.625 -0.10638
28.625 93.875 NaN
28.625 94.125 0.59778
28.625 94.375 0.5227
28.625 94.625 0.35831
28.625 94.875 0.11883
28.625 95.125 -0.084893
28.625 95.375 -0.12108
28.625 95.625 -0.41711
28.625 95.875 -0.50496
28.625 96.125 -0.7389
28.625 96.375 5.7017
28.875 72.875 0.31136
28.875 73.125 0.57965
28.875 73.375 0.81264
28.875 73.625 0.70473
28.875 73.875 0.80244
28.875 74.125 0.88499
28.875 74.375 0.68152
28.875 74.625 0.90561
28.875 74.875 1.5042
28.875 75.125 0.36065
28.875 75.375 0.11755
28.875 75.625 -0.164
28.875 75.875 0.13709
28.875 76.125 0.03603
28.875 76.375 -0.027113
28.875 76.625 1.082
28.875 76.875 0.95074
28.875 77.125 0.54049
28.875 77.375 0.52505
28.875 77.625 -0.32229
28.875 77.875 0.15942
28.875 78.125 -0.7282
28.875 78.375 -0.21433
28.875 78.625 -0.24458
28.875 78.875 -0.41265
28.875 79.125 0.52933
28.875 79.375 0.60745
28.875 79.625 0.32134
28.875 79.875 0.38298
28.875 94.125 1.0215
28.875 94.375 1.1614
28.875 94.625 0.61231
28.875 94.875 0.41788
28.875 95.125 0.3824
28.875 95.375 0.10913
28.875 95.625 -0.069864
28.875 95.875 -0.16235
28.875 96.125 0.081681
28.875 96.375 5.6334
29.125 73.125 0.70836
29.125 73.375 0.9133
29.125 73.625 0.49603
29.125 73.875 0.81781
29.125 74.125 0.92424
29.125 74.375 0.69114
29.125 74.625 0.50727
29.125 74.875 0.54332
29.125 75.125 0.11226
29.125 75.375 0.6369
29.125 75.625 0.39994
29.125 75.875 -0.013243
29.125 76.125 -0.19151
29.125 76.375 -0.31566
29.125 76.625 0.36812
29.125 76.875 0.3131
29.125 77.125 0.28836
29.125 77.375 0.37006
29.125 77.625 0.058898
29.125 77.875 0.33379
29.125 78.125 -0.44143
29.125 78.375 -0.77404
29.125 78.625 -0.41099
29.125 78.875 -0.56993
29.125 79.125 0.70876
29.125 79.375 0.48622
29.125 79.625 -0.24429
29.125 79.875 0.19433
29.125 80.125 0.23454
29.125 94.375 0.97273
29.125 94.625 0.7179
29.125 94.875 0.69621
29.125 95.625 0.46327
29.125 95.875 1.0522
29.125 96.125 5.7975
29.375 73.375 0.55482
29.375 73.625 0.74561
29.375 73.875 0.89346
29.375 74.125 2.0705
29.375 74.375 0.94429
29.375 74.625 0.27089
29.375 74.875 0.15964
29.375 75.125 0.35647
29.375 75.375 0.28071
29.375 75.625 0.30884
29.375 75.875 0.003055
29.375 76.125 0.7844
29.375 76.375 0.038269
29.375 76.625 0.17858
29.375 76.875 -0.23693
29.375 77.125 -0.17346
29.375 77.375 0.41866
29.375 77.625 0.37727
29.375 77.875 0.23709
29.375 78.125 -0.43142
29.375 78.375 -0.44066
29.375 78.625 -1.1286
29.375 78.875 -0.67137
29.375 79.125 0.042305
29.375 79.375 -0.61746
29.375 79.625 -0.74326
29.375 79.875 -0.051185
29.375 80.125 0.36477
29.375 96.125 6.4162
29.625 73.375 0.53262
29.625 73.625 0.72614
29.625 73.875 1.0984
29.625 74.125 2.3161
29.625 74.375 1.5065
29.625 74.625 -0.026764
29.625 74.875 0.28269
29.625 75.125 0.16635
29.625 75.375 0.099494
29.625 75.625 0.54393
29.625 75.875 -0.35966
29.625 76.125 -0.65507
29.625 76.375 0.24046
29.625 76.625 -0.070596
29.625 76.875 -0.020663
29.625 77.125 -0.44354
29.625 77.375 -0.77668
29.625 77.625 -0.40632
29.625 77.875 0.20289
29.625 78.125 0.34888
29.625 78.375 -0.28419
29.625 78.625 -1.1249
29.625 78.875 -0.92377
29.625 79.125 -0.59672
29.625 79.375 -0.21698
29.625 79.625 -0.44862
29.625 79.875 -0.045746
29.625 80.125 0.67933
29.875 73.625 0.68413
29.875 73.875 0.21082
29.875 74.125 1.0096
29.875 74.375 0.092741
29.875 74.625 -0.19911
29.875 74.875 -0.24513
29.875 75.125 -0.12201
29.875 75.375 0.083764
29.875 75.625 0.11415
29.875 75.875 0.014061
29.875 76.125 0.063427
29.875 76.375 -0.050753
29.875 76.625 -0.32728
29.875 76.875 -1.3295
29.875 77.125 -0.43682
29.875 77.375 -0.9285
29.875 77.625 -0.76116
29.875 77.875 -0.030563
29.875 78.125 -1.5427
29.875 78.375 -0.22209
29.875 78.625 -0.35786
29.875 78.875 -0.070514
29.875 79.125 -0.90547
29.875 79.375 -0.40165
29.875 79.625 1.7625
29.875 79.875 0.36295
29.875 80.125 0.8071
29.875 80.375 0.79118
30.125 74.125 -0.40634
30.125 74.375 -0.56797
30.125 74.625 -0.16248
30.125 74.875 0.19473
30.125 75.125 0.21035
30.125 75.375 0.24366
30.125 75.625 0.47453
30.125 75.875 -0.23503
30.125 76.125 -0.10305
30.125 76.375 -0.47652
30.125 76.625 -0.65861
30.125 76.875 -0.97021
30.125 77.125 -0.21643
30.125 77.375 -0.86945
30.125 77.625 0.56549
30.125 77.875 0.3559
30.125 78.125 0.32768
30.125 78.375 -0.21703
30.125 78.625 0.48649
30.125 78.875 1.319
30.125 79.125 0.59835
30.125 79.375 0.60636
30.125 79.625 1.9275
30.125 79.875 0.58935
30.125 80.125 0.44158
30.125 80.375 0.53173
30.125 80.625 0.51576
30.375 74.125 -0.47767
30.375 74.375 -0.40563
30.375 74.625 -0.1063
30.375 74.875 0.6382
30.375 75.125 0.60706
30.375 75.375 0.29009
30.375 75.625 0.29344
30.375 75.875 -0.15343
30.375 76.125 -0.58038
30.375 76.375 -0.36812
30.375 76.625 -1.4078
30.375 76.875 -0.82876
30.375 77.125 -0.051878
30.375 77.375 0.381
30.375 77.625 1.6018
30.375 77.875 0.16751
30.375 78.125 -0.34393
30.375 78.375 0.38672
30.375 78.625 0.67899
30.375 78.875 0.61655
30.375 79.125 0.90392
30.375 79.375 0.41615
30.375 79.625 1.344
30.375 79.875 1.4358
30.375 80.125 0.8272
30.375 80.375 0.44695
30.375 80.625 0.31235
30.625 74.375 -0.4195
30.625 74.625 -0.18336
30.625 74.875 0.68945
30.625 75.125 0.8087
30.625 75.375 -0.023612
30.625 75.625 -0.2838
30.625 75.875 -0.42866
30.625 76.125 -0.83008
30.625 76.375 -1.4644
30.625 76.625 -0.61373
30.625 76.875 -0.66711
30.625 77.125 -0.38536
30.625 77.375 0.20578
30.625 77.625 0.12964
30.625 77.875 -0.2237
30.625 78.125 0.039093
30.625 78.375 -0.53608
30.625 78.625 0.055665
30.625 78.875 0.57341
30.625 79.125 0.50135
30.625 79.375 0.27474
30.625 79.625 1.2098
30.625 79.875 1.1127
30.625 80.125 0.9703
30.875 74.625 -0.15567
30.875 74.875 0.53456
30.875 75.125 0.79531
30.875 75.375 -0.58959
30.875 75.625 -0.57289
30.875 75.875 -0.6377
30.875 76.125 -0.75673
30.875 76.375 -0.8644
30.875 76.625 -0.75886
30.875 76.875 -0.27443
30.875 77.125 0.42029
30.875 77.375 0.037735
30.875 77.625 -0.046176
30.875 77.875 0.17477
30.875 78.125 -0.065556
30.875 78.375 -0.11548
30.875 78.625 -0.26775
30.875 78.875 0.3288
30.875 79.125 0.59758
30.875 79.375 NaN
30.875 79.625 NaN
30.875 79.875 NaN
31.125 74.875 -0.67202
31.125 75.125 0.3346
31.125 75.375 -0.83661
31.125 75.625 -0.91599
31.125 75.875 -0.36671
31.125 76.125 0.18103
31.125 76.375 -0.15713
31.125 76.625 -0.61513
31.125 76.875 0.059163
31.125 77.125 0.35415
31.125 77.375 -0.46929
31.125 77.625 0.080065
31.125 77.875 -0.046108
31.125 78.125 -0.58941
31.125 78.375 -0.44117
31.125 78.625 -0.3651
31.125 78.875 NaN
31.125 79.125 NaN
31.375 74.875 -0.57441
31.375 75.125 -0.47496
31.375 75.375 -1.1173
31.375 75.625 -0.96486
31.375 75.875 -0.17477
31.375 76.125 -0.15143
31.375 76.375 0.00070151
31.375 76.625 -0.48811
31.375 76.875 -0.00095311
31.375 77.125 0.010746
31.375 77.375 -0.39663
31.375 77.625 -0.85628
31.375 77.875 -0.63069
31.375 78.125 -0.80867
31.375 78.375 -0.72966
31.375 78.625 -0.79063
31.625 74.875 -0.48634
31.625 75.125 -0.71529
31.625 75.375 -0.60133
31.625 75.625 -0.59342
31.625 75.875 -0.66008
31.625 76.125 -0.58736
31.625 76.375 -0.37226
31.625 76.625 -0.36187
31.625 76.875 -0.53538
31.625 77.125 -0.2557
31.625 77.375 -0.53513
31.625 77.625 -0.76664
31.625 77.875 -0.82175
31.625 78.125 -0.91004
31.625 78.375 -0.81226
31.625 78.625 -0.77363
31.875 74.875 -0.58069
31.875 75.125 -0.89241
31.875 75.375 -0.9578
31.875 75.625 -0.53788
31.875 75.875 -0.50197
31.875 76.125 -0.12902
31.875 76.375 0.11782
31.875 76.625 0.16365
31.875 76.875 -0.36412
31.875 77.125 -0.58065
31.875 77.375 -0.84355
31.875 77.625 -1.0623
31.875 77.875 -1.0602
31.875 78.125 -0.78043
31.875 78.375 -0.78377
31.875 78.625 -0.78004
32.125 75.375 -0.55944
32.125 75.625 -0.34871
32.125 75.875 -0.54277
32.125 76.125 -0.33344
32.125 76.375 -0.27654
32.125 76.625 -0.1911
32.125 76.875 -0.2855
32.125 77.125 -0.64938
32.125 77.375 -1.1855
32.125 77.625 -1.1808
32.125 77.875 -1.0916
32.125 78.125 -1.0122
32.125 78.375 -0.94965
32.375 75.375 -0.17195
32.375 75.625 -0.2496
32.375 75.875 -0.57451
32.375 76.125 -1.2086
32.375 76.375 -0.81124
32.375 76.625 -0.94136
32.375 76.875 -0.96316
32.375 77.125 -0.85574
32.375 77.375 -1.1529
32.375 77.625 -1.2192
32.375 77.875 -1.2793
32.375 78.125 -1.0234
32.375 78.375 -0.97495
32.625 74.875 -0.20375
32.625 75.125 -0.77206
32.625 75.375 -0.68259
32.625 75.625 -0.55171
32.625 75.875 -0.67379
32.625 76.125 -0.77823
32.625 76.375 -0.95869
32.625 76.625 -0.953
32.625 76.875 -0.76271
32.625 77.125 -0.86936
32.625 77.375 -1.0284
32.625 77.625 -1.0615
32.625 77.875 -1.0675
32.625 78.125 -1.0556
32.625 78.375 -0.89107
32.625 78.625 -0.83909
32.625 78.875 -0.91744
32.625 79.125 -1.1696
32.625 79.375 -1.3822
32.875 74.375 -0.11894
32.875 74.625 -0.15472
32.875 74.875 -0.38071
32.875 75.125 -0.85068
32.875 75.375 -0.90225
32.875 75.625 -1.0543
32.875 75.875 -0.77657
32.875 76.125 -0.59535
32.875 76.375 -0.75377
32.875 76.625 -0.87704
32.875 76.875 -0.79539
32.875 77.125 -0.98918
32.875 77.375 -1.0623
32.875 77.625 -1.1137
32.875 77.875 -1.2852
32.875 78.125 -0.81804
32.875 78.375 -0.76602
32.875 78.625 -0.87557
32.875 78.875 -1.0889
32.875 79.125 -1.311
32.875 79.375 -1.5559
33.125 73.875 -0.58324
33.125 74.125 -0.63317
33.125 74.375 -0.28377
33.125 74.625 -0.11686
33.125 74.875 -0.30439
33.125 75.125 -0.82131
33.125 75.375 -1.2836
33.125 75.625 -1.1927
33.125 75.875 -0.8898
33.125 76.125 -0.83989
33.125 76.375 -0.76224
33.125 76.625 -0.8395
33.125 76.875 -0.8503
33.125 77.125 -1.1433
33.125 77.375 -1.0393
33.125 77.625 -0.75847
33.125 77.875 -0.54397
33.125 78.125 -0.44193
33.125 78.375 -0.64405
33.125 78.625 -0.96675
33.125 78.875 -1.0565
33.125 79.125 -1.1963
33.375 73.875 -0.63518
33.375 74.125 -0.5331
33.375 74.375 -0.56456
33.375 74.625 -0.64041
33.375 74.875 -0.59184
33.375 75.125 -1.1509
33.375 75.375 -1.1402
33.375 75.625 -1.3445
33.375 75.875 -0.87424
33.375 76.125 -0.6032
33.375 76.375 -0.5113
33.375 76.625 -0.81478
33.375 76.875 -1.0449
33.375 77.125 -0.78509
33.375 77.375 -0.93478
33.375 77.625 -0.97492
33.375 77.875 -0.73576
33.375 78.125 -0.91953
33.375 78.375 -0.98167
33.375 78.625 -0.88461
33.375 78.875 -0.90829
33.625 73.875 -1.0626
33.625 74.125 -0.76105
33.625 74.375 -0.82492
33.625 74.625 -1.0226
33.625 74.875 -0.73847
33.625 75.125 -1.0785
33.625 75.375 -0.98329
33.625 75.625 -1.0383
33.625 75.875 -0.95124
33.625 76.125 -0.97642
33.625 76.375 -1.1328
33.625 76.625 -1.0152
33.625 76.875 -0.73898
33.625 77.125 -0.98736
33.625 77.375 -0.64674
33.625 77.625 -0.87886
33.625 77.875 -0.83376
33.625 78.125 -0.7575
33.625 78.375 -0.99651
33.625 78.625 -0.93821
33.625 78.875 -0.98587
33.875 73.875 -0.89032
33.875 74.125 -0.60523
33.875 74.375 -0.75171
33.875 74.625 -0.68103
33.875 74.875 -0.87169
33.875 75.125 -0.65706
33.875 75.375 -0.7297
33.875 75.625 -1.0809
33.875 75.875 -1.0524
33.875 76.125 -1.1491
33.875 76.375 -0.9365
33.875 76.625 -1.0049
33.875 76.875 -1.0029
33.875 77.125 -1.0482
33.875 77.375 -0.65926
33.875 77.625 -0.7444
33.875 77.875 -0.7704
33.875 78.125 -0.69752
33.875 78.375 -0.99557
33.875 78.625 -0.83811
33.875 78.875 -0.95393
34.125 73.625 -1.098
34.125 73.875 -0.97307
34.125 74.125 -0.53319
34.125 74.375 -1.2388
34.125 74.625 -0.9003
34.125 74.875 -0.94001
34.125 75.125 -0.72309
34.125 75.375 -0.73866
34.125 75.625 -1.3241
34.125 75.875 -1.2509
34.125 76.125 -1.188
34.125 76.375 -0.79637
34.125 76.625 -0.93676
34.125 76.875 -0.88181
34.125 77.125 -0.70354
34.125 77.375 -0.71592
34.125 77.625 -1.2036
34.125 77.875 -0.98642
34.125 78.125 -1.0566
34.125 78.375 -0.9371
34.125 78.625 -1.0453
34.125 78.875 -1.0851
34.125 79.125 -0.99789
34.125 79.375 -0.98752
34.375 73.625 -1.16
34.375 73.875 -1.3617
34.375 74.125 -1.3852
34.375 74.375 -1.1216
34.375 74.625 -1.088
34.375 74.875 -0.98662
34.375 75.125 -0.74814
34.375 75.375 -1.1387
34.375 75.625 -1.3621
34.375 75.875 -1.2783
34.375 76.125 -1.2569
34.375 76.375 -0.59665
34.375 76.625 -1.062
34.375 76.875 -0.86631
34.375 77.125 -0.96522
34.375 77.375 -0.92375
34.375 77.625 -0.96485
34.375 77.875 -0.93901
34.375 78.125 -0.75449
34.375 78.375 -0.75825
34.375 78.625 -0.77589
34.375 78.875 -0.92362
34.375 79.125 -0.72778
34.375 79.375 -0.81722
34.625 73.875 -1.2425
34.625 74.125 -1.3452
34.625 74.375 -1.1842
34.625 74.625 -1.2859
34.625 74.875 -0.95853
34.625 75.125 -0.72633
34.625 75.375 -1.2311
34.625 75.625 -1.1558
34.625 75.875 -1.1629
34.625 76.125 -1.283
34.625 76.375 -0.70051
34.625 76.625 -1.2351
34.625 76.875 -1.229
34.625 77.125 -0.90542
34.625 77.375 -0.89318
34.625 77.625 -0.98248
34.625 77.875 -1.0058
34.625 78.125 -0.69569
34.625 78.375 -0.64871
34.625 78.625 -0.7722
34.625 78.875 -0.85976
34.625 79.125 -0.65465
34.625 79.375 -0.75359
34.625 79.625 -0.79793
34.875 74.125 -0.95773
34.875 74.375 -1.0802
34.875 74.625 -1.1203
34.875 74.875 -0.90118
34.875 75.125 -0.93271
34.875 75.375 -1.1352
34.875 75.625 -1.1437
34.875 75.875 -1.1157
34.875 76.125 -1.1558
34.875 76.375 -0.62626
34.875 76.625 -0.76281
34.875 76.875 -0.83301
34.875 77.125 -0.74088
34.875 77.375 -0.78556
34.875 77.625 -0.92321
34.875 77.875 -0.79703
34.875 78.125 -0.65131
34.875 78.375 -0.70961
34.875 78.625 -0.83684
34.875 78.875 -0.51134
34.875 79.125 -0.74201
34.875 79.375 -0.70092
34.875 79.625 -0.63458
34.875 79.875 -0.59611
35.125 74.375 -1.1899
35.125 74.625 -1.2385
35.125 74.875 -0.99254
35.125 75.125 -0.99559
35.125 75.375 -1.1067
35.125 75.625 -1.0435
35.125 75.875 -0.95067
35.125 76.125 -1.0164
35.125 76.375 -0.86978
35.125 76.625 -0.75707
35.125 76.875 -0.82399
35.125 77.125 -0.82475
35.125 77.375 -0.85303
35.125 77.625 -1.1523
35.125 77.875 -0.89827
35.125 78.125 -0.93082
35.125 78.375 -1.2802
35.125 78.625 -0.79771
35.125 78.875 -0.82345
35.125 79.125 -0.88805
35.125 79.375 -0.67441
35.125 79.625 -0.66469
35.125 79.875 -0.77383
35.375 73.875 -0.99008
35.375 74.125 -1.089
35.375 74.375 -1.1752
35.375 74.625 -1.2479
35.375 74.875 -1.0263
35.375 75.125 -1.05
35.375 75.375 -1.03
35.375 75.625 -1.0292
35.375 75.875 -1.0667
35.375 76.125 -1.1201
35.375 76.375 -1.1051
35.375 76.625 -0.91818
35.375 76.875 -0.8448
35.375 77.125 -0.7755
35.375 77.375 -0.67447
35.375 77.625 -0.72198
35.375 77.875 -0.75674
35.375 78.125 -1.0864
35.375 78.375 -1.2091
35.375 78.625 -0.89171
35.375 78.875 -0.86782
35.375 79.125 -0.89285
35.375 79.375 -0.77148
35.375 79.625 -1.0345
35.375 79.875 -0.70963
35.375 80.125 NaN
35.625 73.375 -1.4397
35.625 73.625 -1.2827
35.625 73.875 -1.0558
35.625 74.125 -1.3287
35.625 74.375 -1.49
35.625 74.625 -1.2421
35.625 74.875 -1.1406
35.625 75.125 -1.19
35.625 75.375 -1.3235
35.625 75.625 -1.2754
35.625 75.875 -1.3004
35.625 76.125 -1.2635
35.625 76.375 -0.97447
35.625 76.625 -1.1347
35.625 76.875 -1.1265
35.625 77.125 -0.91892
35.625 78.375 -0.83256
35.625 78.625 -0.76363
35.625 78.875 -0.92734
35.625 79.125 -0.76415
35.625 79.375 -0.80109
35.625 79.625 -1.0354
35.625 79.875 -0.72998
35.625 80.125 -0.67596
35.875 73.125 -0.13355
35.875 73.375 -0.78091
35.875 73.625 -1.3443
35.875 73.875 -1.5314
35.875 74.125 -1.4157
35.875 74.375 -1.4967
35.875 74.625 -1.5934
35.875 74.875 -1.5787
35.875 75.125 -1.706
35.875 75.375 -1.5953
35.875 75.625 -1.7434
35.875 75.875 -1.5994
35.875 76.125 -1.8
35.875 76.375 -1.5061
35.875 76.625 -1.3085
35.875 79.375 -0.69793
36.125 72.625 0.56744
36.125 72.875 NaN
36.125 73.125 NaN
36.125 73.375 -0.27558
36.125 73.625 -0.73311
36.125 73.875 -1.1391
36.125 74.125 -1.5744
36.125 74.375 -1.5544
36.125 74.625 -2.0395
36.125 74.875 -1.8167
36.125 75.125 -1.8412
36.125 75.375 -2.3065
36.125 75.625 -2.0236
36.125 75.875 -2.3718
36.125 76.125 -2.0262
36.125 76.375 -1.7341
36.125 76.625 -1.2245
36.375 73.125 0.68397
36.375 73.375 0.18402
36.375 73.625 -0.15658
36.375 73.875 -0.75803
36.375 74.125 -1.3489
36.375 74.375 -1.594
36.375 74.625 -1.959
36.375 74.875 -1.7148
36.375 75.125 -1.9933
36.375 75.375 -2.0047
36.375 75.625 -2.511
36.375 75.875 -2.2564
36.375 76.125 -1.8658
36.625 73.375 0.23869
36.625 73.625 -0.090218
36.625 73.875 -0.57147
36.625 74.125 -1.1891
36.625 74.375 -1.357
36.625 74.625 -1.8079
36.625 74.875 -1.727
36.625 75.125 -1.6442
36.625 75.375 -1.8579
36.625 75.625 -2.1299
36.875 73.875 -0.51031
36.875 74.375 -1.1706
36.875 74.625 -1.5537
36.875 74.875 -1.7246
36.875 75.125 -1.6834
36.875 75.375 -1.7436
