8.125 77.375 1.3439
8.375 77.125 -0.094626
8.375 77.375 1.6351
8.375 77.625 2.4241
8.375 77.875 2.1828
8.625 76.875 -0.38081
8.625 77.125 0.7161
8.625 77.375 0.64132
8.625 77.625 0.58484
8.625 77.875 1.636
8.875 76.875 0.21798
8.875 77.125 1.3075
8.875 77.375 0.53009
8.875 77.625 -0.17141
8.875 77.875 -0.19801
9.125 76.625 0.55569
9.125 76.875 0.80176
9.125 77.125 0.93729
9.125 77.375 0.91151
9.125 77.625 0.017353
9.125 77.875 -0.13199
9.125 78.125 0.53478
9.125 78.375 NaN
9.375 76.625 0.5915
9.375 76.875 0.71545
9.375 77.125 0.90158
9.375 77.375 0.39388
9.375 77.625 0.086156
9.375 77.875 0.1612
9.375 78.125 0.42054
9.375 78.375 0.2686
9.375 78.625 0.3853
9.375 78.875 NaN
9.625 76.375 0.80327
9.625 76.625 0.71847
9.625 76.875 1.0079
9.625 77.125 0.28868
9.625 77.375 0.26006
9.625 77.625 -0.56192
9.625 77.875 0.34939
9.625 78.125 -0.40099
9.625 78.375 -0.33779
9.625 78.625 -0.060379
9.875 76.625 0.44785
9.875 76.875 0.41934
9.875 77.125 0.44765
9.875 77.375 -0.84339
9.875 77.625 -0.61673
9.875 77.875 -0.29017
9.875 78.125 -0.7049
9.875 78.375 0.42369
9.875 78.625 0.93601
9.875 78.875 0.75189
10.125 76.375 -0.32476
10.125 76.625 0.67405
10.125 76.875 2.2588
10.125 77.125 -0.063089
10.125 77.375 -0.82365
10.125 77.625 0.33364
10.125 77.875 -0.46482
10.125 78.125 0.12899
10.125 78.375 0.13971
10.125 78.625 -0.33361
10.125 78.875 0.2007
10.125 79.125 0.63619
10.375 76.375 -0.16254
10.375 76.625 -0.14825
10.375 76.875 0.83234
10.375 77.125 0.18205
10.375 77.375 -0.54647
10.375 77.625 -0.13128
10.375 77.875 -0.36608
10.375 78.125 0.065434
10.375 78.375 0.1119
10.375 78.625 -0.12324
10.375 78.875 0.02587
10.375 79.125 0.20983
10.375 79.375 NaN
10.375 79.625 NaN
10.625 76.125 -0.15897
10.625 76.375 0.71448
10.625 76.625 0.087149
10.625 76.875 0.48136
10.625 77.125 -0.50616
10.625 77.375 -0.9635
10.625 77.625 0.050368
10.625 77.875 -0.14814
10.625 78.125 -0.44639
10.625 78.375 -0.40348
10.625 78.625 0.25501
10.625 78.875 0.50478
10.625 79.125 2.7208
10.625 79.375 1.4639
10.625 79.625 1.1986
10.875 76.125 0.34598
10.875 76.375 1.2528
10.875 76.625 0.2252
10.875 76.875 0.034483
10.875 77.125 -0.53394
10.875 77.375 -0.57703
10.875 77.625 -0.59807
10.875 77.875 0.11253
10.875 78.125 -0.87593
10.875 78.375 0.43964
10.875 78.625 1.9225
10.875 78.875 1.0753
10.875 79.125 1.4323
10.875 79.375 0.81772
10.875 79.625 1.2159
11.125 76.125 0.34518
11.125 76.375 1.1261
11.125 76.625 3.5003
11.125 76.875 -0.97141
11.125 77.125 -0.040042
11.125 77.375 -0.40131
11.125 77.625 0.15021
11.125 77.875 0.83031
11.125 78.125 -0.41036
11.125 78.375 1.0571
11.125 78.625 0.50663
11.125 78.875 0.65092
11.125 79.125 1.2287
11.125 79.375 1.7136
11.125 79.625 1.1932
11.375 75.875 0.39215
11.375 76.125 0.35339
11.375 76.375 0.87993
11.375 76.625 1.2646
11.375 76.875 2.6588
11.375 77.125 -0.045455
11.375 77.375 -0.10817
11.375 77.625 0.39561
11.375 77.875 0.85508
11.375 78.125 0.49806
11.375 78.375 -0.059642
11.375 78.625 -0.34795
11.375 78.875 0.17346
11.375 79.125 0.10228
11.375 79.375 1.5798
11.375 79.625 1.6089
11.625 75.875 0.35726
11.625 76.125 0.92378
11.625 76.375 0.080924
11.625 76.625 0.94641
11.625 76.875 -0.79522
11.625 77.125 -0.47716
11.625 77.375 0.61797
11.625 77.625 0.10744
11.625 77.875 0.2989
11.625 78.125 -0.083391
11.625 78.375 -0.25815
11.625 78.625 1.0198
11.625 78.875 -0.15009
11.625 79.125 2.3215
11.625 79.375 2.0436
11.625 79.625 NaN
11.875 75.625 NaN
11.875 75.875 -0.48966
11.875 76.125 0.25615
11.875 76.375 0.33522
11.875 76.625 -0.18659
11.875 76.875 -0.88838
11.875 77.125 0.47895
11.875 77.375 0.64048
11.875 77.625 0.97052
11.875 77.875 -0.038125
11.875 78.125 0.99393
11.875 78.375 1.0418
11.875 78.625 0.78455
11.875 78.875 0.48533
11.875 79.125 3.7625
11.875 79.375 1.2962
11.875 79.625 1.2786
12.125 75.375 -0.42305
12.125 75.625 0.29333
12.125 75.875 0.38108
12.125 76.125 0.43568
12.125 76.375 0.13525
12.125 76.625 -0.082894
12.125 76.875 -0.5548
12.125 77.125 0.32979
12.125 77.375 0.34325
12.125 77.625 0.85268
12.125 77.875 -0.22234
12.125 78.125 1.3412
12.125 78.375 2.4124
12.125 78.625 0.82843
12.125 78.875 0.093516
12.125 79.125 2.1209
12.125 79.375 1.6383
12.125 79.625 0.75525
12.375 75.125 0.33115
12.375 75.375 0.16265
12.375 75.625 0.42425
12.375 75.875 0.94346
12.375 76.125 0.6563
12.375 76.375 0.97656
12.375 76.625 1.3769
12.375 76.875 -0.30052
12.375 77.125 -0.65814
12.375 77.375 -0.42904
12.375 77.625 0.36517
12.375 77.875 1.2571
12.375 78.125 1.433
12.375 78.375 2.5321
12.375 78.625 1.5242
12.375 78.875 0.73594
12.375 79.125 1.2266
12.375 79.375 0.6542
12.375 79.625 0.36724
12.375 79.875 0.37989
12.625 75.125 0.39706
12.625 75.375 0.33204
12.625 75.625 0.88818
12.625 75.875 1.2219
12.625 76.125 0.86033
12.625 76.375 2.248
12.625 76.625 2.2103
12.625 76.875 0.58657
12.625 77.125 -0.21997
12.625 77.375 -0.099661
12.625 77.625 0.91374
12.625 77.875 0.94307
12.625 78.125 1.909
12.625 78.375 2.3002
12.625 78.625 2.6399
12.625 78.875 2.516
12.625 79.125 2.1375
12.625 79.375 0.10755
12.625 79.625 0.16316
12.625 79.875 -0.59905
12.875 75.125 1.2861
12.875 75.375 1.9428
12.875 75.625 -0.0094798
12.875 75.875 0.42702
12.875 76.125 0.43701
12.875 76.375 1.7311
12.875 76.625 0.98833
12.875 76.875 0.081737
12.875 77.125 -0.021792
12.875 77.375 0.16005
12.875 77.625 0.6114
12.875 77.875 1.5112
12.875 78.125 2.3101
12.875 78.375 2.5845
12.875 78.625 2.5886
12.875 78.875 3.1729
12.875 79.125 2.1987
12.875 79.375 2.6334
12.875 79.625 1.5989
12.875 79.875 0.63755
13.125 74.875 NaN
13.125 75.125 0.76802
13.125 75.375 0.7094
13.125 75.625 1.343
13.125 75.875 0.83862
13.125 76.125 0.92872
13.125 76.375 1.0147
13.125 76.625 0.89075
13.125 76.875 0.44241
13.125 77.125 0.36524
13.125 77.375 0.74616
13.125 77.625 1.0175
13.125 77.875 1.3776
13.125 78.125 2.4118
13.125 78.375 2.6415
13.125 78.625 2.3877
13.125 78.875 1.8051
13.125 79.125 2.735
13.125 79.375 2.6
13.125 79.625 2.5257
13.125 79.875 1.7527
13.125 80.125 1.5448
13.375 74.875 NaN
13.375 75.125 0.78832
13.375 75.375 0.1833
13.375 75.625 0.69017
13.375 75.875 1.0306
13.375 76.125 1.5259
13.375 76.375 0.97151
13.375 76.625 0.92151
13.375 76.875 0.37584
13.375 77.125 1.16
13.375 77.375 0.50807
13.375 77.625 0.9339
13.375 77.875 1.9259
13.375 78.125 1.2333
13.375 78.375 1.84
13.375 78.625 2.642
13.375 78.875 2.3524
13.375 79.125 1.6602
13.375 79.375 1.2209
13.375 79.625 2.5512
13.375 79.875 2.4514
13.375 80.125 2.258
13.625 74.875 -0.33542
13.625 75.125 0.8801
13.625 75.375 0.43433
13.625 75.625 0.73981
13.625 75.875 0.63363
13.625 76.125 0.73662
13.625 76.375 0.60815
13.625 76.625 0.19969
13.625 76.875 -0.069121
13.625 77.125 0.033805
13.625 77.375 -0.079058
13.625 77.625 1.0776
13.625 77.875 1.3255
13.625 78.125 2.036
13.625 78.375 1.9979
13.625 78.625 1.759
13.625 78.875 2.5305
13.625 79.125 3.0946
13.625 79.375 2.8941
13.625 79.625 1.7351
13.625 79.875 1.9556
13.625 80.125 2.2836
13.875 74.875 0.096079
13.875 75.125 0.55817
13.875 75.375 0.44306
13.875 75.625 0.62927
13.875 75.875 0.36523
13.875 76.125 0.43584
13.875 76.375 0.78662
13.875 76.625 0.74317
13.875 76.875 -0.10713
13.875 77.125 0.21629
13.875 77.375 1.2179
13.875 77.625 0.9627
13.875 77.875 0.65352
13.875 78.125 0.70851
13.875 78.375 1.8305
13.875 78.625 1.4984
13.875 78.875 1.9168
13.875 79.125 1.964
13.875 79.375 1.7297
13.875 79.625 0.58385
13.875 79.875 1.387
14.125 74.625 0.90198
14.125 74.875 -0.19991
14.125 75.125 0.073802
14.125 75.375 0.25243
14.125 75.625 -0.049745
14.125 75.875 0.72638
14.125 76.125 1.1992
14.125 76.375 1.2328
14.125 76.625 0.65485
14.125 76.875 0.51617
14.125 77.125 0.22842
14.125 77.375 0.47047
14.125 77.625 0.76132
14.125 77.875 0.76488
14.125 78.125 0.6936
14.125 78.375 0.93147
14.125 78.625 0.83992
14.125 78.875 1.2962
14.125 79.125 1.6897
14.125 79.375 1.5011
14.125 79.625 1.4595
14.125 79.875 1.3291
14.375 74.625 -0.30428
14.375 74.875 0.26056
14.375 75.125 0.014537
14.375 75.375 -0.17261
14.375 75.625 0.48048
14.375 75.875 1.0444
14.375 76.125 1.3278
14.375 76.375 1.2917
14.375 76.625 0.63414
14.375 76.875 0.76846
14.375 77.125 0.72364
14.375 77.375 0.91519
14.375 77.625 0.81712
14.375 77.875 0.9414
14.375 78.125 0.86564
14.375 78.375 1.1222
14.375 78.625 1.478
14.375 78.875 2.1423
14.375 79.125 2.7174
14.375 79.375 2.794
14.375 79.625 1.9168
14.375 79.875 2.0314
14.625 74.375 NaN
14.625 74.625 -0.31371
14.625 74.875 0.16983
14.625 75.125 -0.050108
14.625 75.375 0.26582
14.625 75.625 0.3054
14.625 75.875 0.6865
14.625 76.125 1.1078
14.625 76.375 0.73892
14.625 76.625 0.37656
14.625 76.875 0.68388
14.625 77.125 1.3063
14.625 77.375 0.78529
14.625 77.625 0.60831
14.625 77.875 1.0009
14.625 78.125 1.245
14.625 78.375 1.2154
14.625 78.625 1.577
14.625 78.875 1.8941
14.625 79.125 2.6427
14.625 79.375 2.5948
14.625 79.625 1.7584
14.625 79.875 1.9123
14.875 74.375 1.0068
14.875 74.625 -0.35087
14.875 74.875 -0.37876
14.875 75.125 0.11247
14.875 75.375 -0.35831
14.875 75.625 0.2262
14.875 75.875 0.52179
14.875 76.125 0.48007
14.875 76.375 0.025506
14.875 76.625 0.64318
14.875 76.875 1.1382
14.875 77.125 1.3818
14.875 77.375 0.32787
14.875 77.625 0.43113
14.875 77.875 0.49566
14.875 78.125 0.98565
14.875 78.375 1.252
14.875 78.625 1.138
14.875 78.875 1.8323
14.875 79.125 2.1431
14.875 79.375 1.6457
14.875 79.625 2.0215
14.875 79.875 2.0684
15.125 74.125 1.1393
15.125 74.375 0.66362
15.125 74.625 0.098266
15.125 74.875 0.21322
15.125 75.125 0.31692
15.125 75.375 0.55976
15.125 75.625 1.1293
15.125 75.875 1.3125
15.125 76.125 0.96741
15.125 76.375 0.28739
15.125 76.625 0.53621
15.125 76.875 1.4267
15.125 77.125 1.3604
15.125 77.375 0.64976
15.125 77.625 0.73302
15.125 77.875 0.50996
15.125 78.125 1.3494
15.125 78.375 1.7981
15.125 78.625 1.4477
15.125 78.875 1.4618
15.125 79.125 1.5452
15.125 79.375 2.356
15.125 79.625 2.8832
15.125 79.875 2.5688
15.375 73.875 -0.11406
15.375 74.125 0.77375
15.375 74.375 0.57636
15.375 74.625 0.28735
15.375 74.875 0.55087
15.375 75.125 0.94367
15.375 75.375 2.1118
15.375 75.625 1.1514
15.375 75.875 0.90026
15.375 76.125 0.91706
15.375 76.375 0.6125
15.375 76.625 0.68703
15.375 76.875 0.90942
15.375 77.125 1.3402
15.375 77.375 0.82115
15.375 77.625 1.0552
15.375 77.875 0.94176
15.375 78.125 1.2827
15.375 78.375 1.3769
15.375 78.625 1.7089
15.375 78.875 1.7579
15.375 79.125 1.6144
15.375 79.375 1.4314
15.375 79.625 2.3921
15.375 79.875 2.2663
15.625 73.875 -0.32208
15.625 74.125 -0.79416
15.625 74.375 -0.71493
15.625 74.625 0.97765
15.625 74.875 0.91276
15.625 75.125 0.92039
15.625 75.375 1.3231
15.625 75.625 0.67429
15.625 75.875 1.4171
15.625 76.125 2.4825
15.625 76.375 1.0631
15.625 76.625 1.0035
15.625 76.875 1.2632
15.625 77.125 1.2507
15.625 77.375 1.11
15.625 77.625 1.4871
15.625 77.875 1.0136
15.625 78.125 0.83512
15.625 78.375 1.2888
15.625 78.625 1.5595
15.625 78.875 2.2729
15.625 79.125 2.1132
15.625 79.375 2.2913
15.625 79.625 1.3473
15.625 79.875 1.6535
15.625 80.125 1.6012
15.875 73.875 0.31371
15.875 74.125 -0.11025
15.875 74.375 -0.048364
15.875 74.625 0.55842
15.875 74.875 0.90668
15.875 75.125 1.202
15.875 75.375 1.511
15.875 75.625 1.3774
15.875 75.875 1.3701
15.875 76.125 1.2283
15.875 76.375 1.2409
15.875 76.625 1.1968
15.875 76.875 0.87031
15.875 77.125 1.0383
15.875 77.375 1.0293
15.875 77.625 0.8328
15.875 77.875 2.3907
15.875 78.125 2.3233
15.875 78.375 2.5752
15.875 78.625 2.8737
15.875 78.875 1.8122
15.875 79.125 2.0576
15.875 79.375 0.8996
15.875 79.625 -0.084575
15.875 79.875 1.1616
15.875 80.125 1.8068
15.875 80.375 0.87203
15.875 80.625 NaN
15.875 80.875 0.45028
16.125 73.625 1.2912
16.125 73.875 0.84238
16.125 74.125 0.54245
16.125 74.375 0.3175
16.125 74.625 0.66379
16.125 74.875 0.43667
16.125 75.125 0.057908
16.125 75.375 0.83068
16.125 75.625 1.3271
16.125 75.875 2.082
16.125 76.125 0.82469
16.125 76.375 1.1121
16.125 76.625 0.68368
16.125 76.875 0.37069
16.125 77.125 0.90987
16.125 77.375 1.3058
16.125 77.625 1.0642
16.125 77.875 2.7103
16.125 78.125 2.6548
16.125 78.375 2.2881
16.125 78.625 2.4212
16.125 78.875 2.2232
16.125 79.125 2.3705
16.125 79.375 1.166
16.125 79.625 0.43957
16.125 79.875 1.9759
16.125 80.125 3.6352
16.125 80.375 1.5298
16.125 80.625 0.98366
16.125 80.875 0.72877
16.375 73.625 0.39217
16.375 73.875 1.0805
16.375 74.125 0.3246
16.375 74.375 0.54922
16.375 74.625 -0.16784
16.375 74.875 0.19668
16.375 75.125 0.27143
16.375 75.375 1.2432
16.375 75.625 1.5006
16.375 75.875 2.3309
16.375 76.125 2.1889
16.375 76.375 1.528
16.375 76.625 0.92317
16.375 76.875 1.8205
16.375 77.125 1.5591
16.375 77.375 1.4485
16.375 77.625 1.872
16.375 77.875 2.7481
16.375 78.125 2.6198
16.375 78.375 2.2766
16.375 78.625 2.6186
16.375 78.875 2.2768
16.375 79.125 2.2852
16.375 79.375 1.5877
16.375 79.625 1.1868
16.375 79.875 1.5406
16.375 80.125 1.7217
16.375 80.375 1.0867
16.375 80.625 1.2485
16.375 80.875 1.8433
16.375 81.125 1.4799
16.375 81.375 NaN
16.375 81.625 NaN
16.625 73.625 0.75645
16.625 73.875 -0.24637
16.625 74.125 0.53163
16.625 74.375 -1.0372
16.625 74.625 0.29612
16.625 74.875 0.29391
16.625 75.125 0.77952
16.625 75.375 1.3754
16.625 75.625 1.6628
16.625 75.875 1.5822
16.625 76.125 1.4731
16.625 76.375 1.8413
16.625 76.625 0.42276
16.625 76.875 0.78054
16.625 77.125 1.4668
16.625 77.375 1.7126
16.625 77.625 1.9834
16.625 77.875 2.8866
16.625 78.125 3.3446
16.625 78.375 2.7038
16.625 78.625 2.4389
16.625 78.875 1.9839
16.625 79.125 1.366
16.625 79.375 0.85038
16.625 79.625 0.87499
16.625 79.875 1.1322
16.625 80.125 1.6783
16.625 80.375 0.24591
16.625 80.625 0.24084
16.625 80.875 0.76614
16.625 81.125 0.6316
16.625 81.375 0.078727
16.625 81.625 0.38969
16.625 81.875 0.77329
16.625 82.125 0.41741
16.875 73.375 0.83528
16.875 73.625 0.55597
16.875 73.875 -0.18868
16.875 74.125 -0.90344
16.875 74.375 -0.17532
16.875 74.625 -0.44482
16.875 74.875 0.37729
16.875 75.125 0.91176
16.875 75.375 2.1131
16.875 75.625 1.8918
16.875 75.875 1.3772
16.875 76.125 0.98907
16.875 76.375 1.4186
16.875 76.625 1.6979
16.875 76.875 1.0628
16.875 77.125 0.97586
16.875 77.375 1.8487
16.875 77.625 0.89935
16.875 77.875 1.2696
16.875 78.125 1.2288
16.875 78.375 1.0594
16.875 78.625 1.0722
16.875 78.875 0.77677
16.875 79.125 1.0595
16.875 79.375 0.57851
16.875 79.625 1.193
16.875 79.875 0.89855
16.875 80.125 1.9025
16.875 80.375 1.4846
16.875 80.625 1.242
16.875 80.875 1.3016
16.875 81.125 0.63402
16.875 81.375 -0.25281
16.875 81.625 0.06808
16.875 81.875 -0.27362
16.875 82.125 0.046355
17.125 73.375 0.79536
17.125 73.625 -0.1853
17.125 73.875 0.0037774
17.125 74.125 -0.27447
17.125 74.375 -0.54002
17.125 74.625 -0.51466
17.125 74.875 -0.13306
17.125 75.125 -0.12233
17.125 75.375 1.6225
17.125 75.625 1.7186
17.125 75.875 1.4905
17.125 76.125 1.8034
17.125 76.375 1.4967
17.125 76.625 1.3753
17.125 76.875 1.9257
17.125 77.125 1.2302
17.125 77.375 0.80516
17.125 77.625 1.7354
17.125 77.875 1.348
17.125 78.125 1.2389
17.125 78.375 1.7174
17.125 78.625 1.4975
17.125 78.875 2.3645
17.125 79.125 1.5489
17.125 79.375 1.0075
17.125 79.625 1.1332
17.125 79.875 1.098
17.125 80.125 1.2834
17.125 80.375 1.8703
17.125 80.625 1.7504
17.125 80.875 1.2977
17.125 81.125 0.44679
17.125 81.375 0.30987
17.125 81.625 -0.17602
17.125 81.875 -0.2156
17.125 82.125 0.38325
17.125 82.375 0.86058
17.375 73.375 0.29003
17.375 73.625 -0.68778
17.375 73.875 0.26779
17.375 74.125 -0.86656
17.375 74.375 -1.1633
17.375 74.625 -0.50563
17.375 74.875 -0.26691
17.375 75.125 -0.46067
17.375 75.375 0.12827
17.375 75.625 1.4327
17.375 75.875 0.8089
17.375 76.125 1.2809
17.375 76.375 1.5866
17.375 76.625 1.2687
17.375 76.875 2.1861
17.375 77.125 1.368
17.375 77.375 0.57296
17.375 77.625 1.715
17.375 77.875 0.93119
17.375 78.125 1.545
17.375 78.375 1.2203
17.375 78.625 2.5331
17.375 78.875 3.1069
17.375 79.125 1.4274
17.375 79.375 1.5657
17.375 79.625 1.0372
17.375 79.875 1.6883
17.375 80.125 2.0131
17.375 80.375 1.5211
17.375 80.625 0.95361
17.375 80.875 0.50746
17.375 81.125 0.035893
17.375 81.375 0.22245
17.375 81.625 -0.18842
17.375 81.875 -0.13402
17.375 82.125 0.62707
17.375 82.375 1.1614
17.375 82.625 NaN
17.625 73.375 0.51493
17.625 73.625 -1.2459
17.625 73.875 -0.077553
17.625 74.125 -0.73221
17.625 74.375 -1.0857
17.625 74.625 -0.32128
17.625 74.875 0.12542
17.625 75.125 0.28522
17.625 75.375 0.35485
17.625 75.625 1.0077
17.625 75.875 0.76363
17.625 76.125 1.1999
17.625 76.375 1.5504
17.625 76.625 2.0679
17.625 76.875 2.0016
17.625 77.125 1.8097
17.625 77.375 1.2441
17.625 77.625 1.365
17.625 77.875 2.2329
17.625 78.125 1.5681
17.625 78.375 2.1044
17.625 78.625 1.1867
17.625 78.875 1.0062
17.625 79.125 1.0375
17.625 79.375 1.5532
17.625 79.625 2.1243
17.625 79.875 2.0135
17.625 80.125 1.8544
17.625 80.375 1.6493
17.625 80.625 1.4734
17.625 80.875 0.78061
17.625 81.125 0.7036
17.625 81.375 0.54817
17.625 81.625 0.035641
17.625 81.875 -0.11138
17.625 82.125 0.30916
17.625 82.375 1.0045
17.625 82.625 1.6527
17.625 82.875 0.9225
17.625 83.125 1.2959
17.875 73.375 0.76585
17.875 73.625 -0.66213
17.875 73.875 -0.10088
17.875 74.125 0.4514
17.875 74.375 0.21313
17.875 74.625 0.10592
17.875 74.875 0.79428
17.875 75.125 0.53802
17.875 75.375 0.39085
17.875 75.625 0.20446
17.875 75.875 0.26052
17.875 76.125 1.3103
17.875 76.375 1.8597
17.875 76.625 2.2914
17.875 76.875 1.7304
17.875 77.125 2.4659
17.875 77.375 1.8389
17.875 77.625 3.4271
17.875 77.875 2.5433
17.875 78.125 2.7804
17.875 78.375 1.6975
17.875 78.625 1.3464
17.875 78.875 0.8262
17.875 79.125 0.86743
17.875 79.375 0.79844
17.875 79.625 2.0556
17.875 79.875 2.6121
17.875 80.125 1.7946
17.875 80.375 0.88536
17.875 80.625 1.7303
17.875 80.875 1.4557
17.875 81.125 1.1995
17.875 81.375 1.5684
17.875 81.625 0.77068
17.875 81.875 0.16919
17.875 82.125 0.48786
17.875 82.375 1.3035
17.875 82.625 1.7446
17.875 82.875 1.9527
17.875 83.125 1.2722
17.875 83.375 1.1027
18.125 73.125 NaN
18.125 73.375 -0.10954
18.125 73.625 -0.14811
18.125 73.875 -0.080396
18.125 74.125 0.28257
18.125 74.375 0.37611
18.125 74.625 0.90714
18.125 74.875 1.225
18.125 75.125 0.53458
18.125 75.375 1.057
18.125 75.625 1.1299
18.125 75.875 2.1084
18.125 76.125 1.799
18.125 76.375 1.8604
18.125 76.625 2.0611
18.125 76.875 1.9336
18.125 77.125 2.7439
18.125 77.375 1.426
18.125 77.625 2.6522
18.125 77.875 2.6078
18.125 78.125 2.5446
18.125 78.375 1.6337
18.125 78.625 0.96421
18.125 78.875 1.8209
18.125 79.125 0.99912
18.125 79.375 1.164
18.125 79.625 1.6547
18.125 79.875 2.1597
18.125 80.125 2.0788
18.125 80.375 0.98356
18.125 80.625 0.83865
18.125 80.875 0.92966
18.125 81.125 0.77127
18.125 81.375 1.3343
18.125 81.625 1.5825
18.125 81.875 1.116
18.125 82.125 1.3402
18.125 82.375 1.166
18.125 82.625 1.3497
18.125 82.875 1.4986
18.125 83.125 1.5297
18.125 83.375 0.93224
18.125 83.625 2.4175
18.375 73.125 0.29484
18.375 73.375 -0.45687
18.375 73.625 0.12449
18.375 73.875 0.039495
18.375 74.125 0.22079
18.375 74.375 0.79338
18.375 74.625 1.0745
18.375 74.875 0.92474
18.375 75.125 1.7084
18.375 75.375 3.1314
18.375 75.625 2.9013
18.375 75.875 1.133
18.375 76.125 1.5948
18.375 76.375 1.8398
18.375 76.625 1.7274
18.375 76.875 1.9206
18.375 77.125 1.5537
18.375 77.375 0.92738
18.375 77.625 1.2515
18.375 77.875 1.3335
18.375 78.125 1.8553
18.375 78.375 0.7897
18.375 78.625 0.029742
18.375 78.875 0.029045
18.375 79.125 0.74255
18.375 79.375 0.58957
18.375 79.625 1.0903
18.375 79.875 1.2981
18.375 80.125 0.87271
18.375 80.375 1.3346
18.375 80.625 1.3052
18.375 80.875 0.020352
18.375 81.125 0.66573
18.375 81.375 1.2907
18.375 81.625 1.4408
18.375 81.875 1.2694
18.375 82.125 1.8471
18.375 82.375 1.8051
18.375 82.625 1.0507
18.375 82.875 0.011135
18.375 83.125 1.7867
18.375 83.375 1.1346
18.375 83.625 1.8011
18.375 83.875 1.1353
18.625 73.125 1.3029
18.625 73.375 0.2038
18.625 73.625 -0.085436
18.625 73.875 0.13955
18.625 74.125 0.063774
18.625 74.375 0.24619
18.625 74.625 0.72876
18.625 74.875 0.82822
18.625 75.125 1.8017
18.625 75.375 2.4125
18.625 75.625 1.8117
18.625 75.875 1.4965
18.625 76.125 0.8836
18.625 76.375 0.83522
18.625 76.625 2.2097
18.625 76.875 2.3521
18.625 77.125 1.9568
18.625 77.375 0.37753
18.625 77.625 0.97735
18.625 77.875 0.25852
18.625 78.125 0.51936
18.625 78.375 0.96682
18.625 78.625 -1.0162
18.625 78.875 0.3192
18.625 79.125 -0.40262
18.625 79.375 0.47375
18.625 79.625 -0.0050064
18.625 79.875 0.29008
18.625 80.125 0.56975
18.625 80.375 1.7088
18.625 80.625 1.719
18.625 80.875 0.36976
18.625 81.125 0.14625
18.625 81.375 1.6914
18.625 81.625 2.3181
18.625 81.875 1.8315
18.625 82.125 1.6913
18.625 82.375 1.5321
18.625 82.625 1.7506
18.625 82.875 1.2965
18.625 83.125 0.19209
18.625 83.375 0.43414
18.625 83.625 0.48154
18.625 83.875 0.65664
18.625 84.125 0.81886
18.875 73.125 1.5594
18.875 73.375 0.5584
18.875 73.625 0.074166
18.875 73.875 0.049507
18.875 74.125 -0.20688
18.875 74.375 1.1134
18.875 74.625 0.86695
18.875 74.875 1.4549
18.875 75.125 1.318
18.875 75.375 1.6661
18.875 75.625 1.3476
18.875 75.875 0.79486
18.875 76.125 1.5872
18.875 76.375 1.2657
18.875 76.625 2.0281
18.875 76.875 2.3307
18.875 77.125 1.5859
18.875 77.375 1.1493
18.875 77.625 2.3572
18.875 77.875 1.9739
18.875 78.125 1.2182
18.875 78.375 -1.0857
18.875 78.625 0.53542
18.875 78.875 0.77591
18.875 79.125 0.77996
18.875 79.375 1.5107
18.875 79.625 0.28594
18.875 79.875 0.32907
18.875 80.125 0.34082
18.875 80.375 1.279
18.875 80.625 1.9102
18.875 80.875 1.3844
18.875 81.125 1.2365
18.875 81.375 2.0312
18.875 81.625 0.8284
18.875 81.875 2.3496
18.875 82.125 1.4021
18.875 82.375 1.383
18.875 82.625 1.1624
18.875 82.875 1.4316
18.875 83.125 0.75132
18.875 83.375 0.18197
18.875 83.625 1.1845
18.875 83.875 1.2342
18.875 84.125 0.76016
18.875 84.375 0.08289
19.125 73.125 1.8423
19.125 73.375 1.3971
19.125 73.625 0.13405
19.125 73.875 0.25895
19.125 74.125 0.35704
19.125 74.375 1.3195
19.125 74.625 1.0243
19.125 74.875 2.2036
19.125 75.125 2.1458
19.125 75.375 1.651
19.125 75.625 1.2582
19.125 75.875 0.83824
19.125 76.125 1.2579
19.125 76.375 1.208
19.125 76.625 1.4772
19.125 76.875 0.91551
19.125 77.125 1.4446
19.125 77.375 0.99017
19.125 77.625 1.8396
19.125 77.875 1.0441
19.125 78.125 0.41035
19.125 78.375 0.65973
19.125 78.625 0.99404
19.125 78.875 1.4043
19.125 79.125 1.8353
19.125 79.375 0.84324
19.125 79.625 0.87155
19.125 79.875 0.46467
19.125 80.125 0.33806
19.125 80.375 0.759
19.125 80.625 1.4134
19.125 80.875 1.0617
19.125 81.125 1.0645
19.125 81.375 0.82566
19.125 81.625 0.76718
19.125 81.875 -0.19772
19.125 82.125 0.79908
19.125 82.375 1.1228
19.125 82.625 -0.030174
19.125 82.875 0.35954
19.125 83.125 -0.0044376
19.125 83.375 -0.3318
19.125 83.625 -0.11325
19.125 83.875 0.84769
19.125 84.125 0.55163
19.125 84.375 0.035965
19.125 84.625 -0.28782
19.375 72.875 1.0347
19.375 73.125 0.45966
19.375 73.375 1.3515
19.375 73.625 0.68693
19.375 73.875 0.33855
19.375 74.125 1.172
19.375 74.375 1.5234
19.375 74.625 1.1663
19.375 74.875 1.2357
19.375 75.125 2.4951
19.375 75.375 1.1458
19.375 75.625 0.10424
19.375 75.875 0.077051
19.375 76.125 0.94481
19.375 76.375 0.3349
19.375 76.625 0.20907
19.375 76.875 0.24628
19.375 77.125 0.73908
19.375 77.375 0.59522
19.375 77.625 1.57
19.375 77.875 1.2695
19.375 78.125 1.7526
19.375 78.375 1.3074
19.375 78.625 1.13
19.375 78.875 1.3467
19.375 79.125 1.1218
19.375 79.375 1.1777
19.375 79.625 0.68388
19.375 79.875 0.87298
19.375 80.125 0.87116
19.375 80.375 0.88503
19.375 80.625 1.0432
19.375 80.875 0.93128
19.375 81.125 0.57892
19.375 81.375 0.46202
19.375 81.625 0.12644
19.375 81.875 0.3154
19.375 82.125 0.81518
19.375 82.375 0.15961
19.375 82.625 -0.044007
19.375 82.875 0.65876
19.375 83.125 0.39317
19.375 83.375 -0.084157
19.375 83.625 0.026733
19.375 83.875 0.56461
19.375 84.125 0.54847
19.375 84.375 0.51249
19.375 84.625 0.020517
19.375 84.875 0.0079142
19.625 72.875 1.1087
19.625 73.125 1.4319
19.625 73.375 1.4161
19.625 73.625 0.70022
19.625 73.875 0.51021
19.625 74.125 0.55602
19.625 74.375 1.0336
19.625 74.625 0.85746
19.625 74.875 0.36819
19.625 75.125 1.1822
19.625 75.375 0.84537
19.625 75.625 0.96975
19.625 75.875 0.55485
19.625 76.125 0.63496
19.625 76.375 0.39236
19.625 76.625 0.15408
19.625 76.875 -0.61715
19.625 77.125 0.023073
19.625 77.375 0.7628
19.625 77.625 0.79281
19.625 77.875 1.0285
19.625 78.125 1.4104
19.625 78.375 1.382
19.625 78.625 1.3259
19.625 78.875 1.2928
19.625 79.125 0.96238
19.625 79.375 0.64652
19.625 79.625 0.86449
19.625 79.875 0.86145
19.625 80.125 0.72868
19.625 80.375 0.60947
19.625 80.625 0.87531
19.625 80.875 1.0215
19.625 81.125 1.0202
19.625 81.375 0.21438
19.625 81.625 -0.053801
19.625 81.875 0.35407
19.625 82.125 0.49972
19.625 82.375 0.63633
19.625 82.625 0.57298
19.625 82.875 0.61581
19.625 83.125 0.72395
19.625 83.375 0.94923
19.625 83.625 1.084
19.625 83.875 0.89045
19.625 84.125 0.25224
19.625 84.375 0.03361
19.625 84.625 0.027194
19.625 84.875 -0.094979
19.625 85.125 -0.90844
19.625 85.375 -0.44186
19.875 72.875 1.3324
19.875 73.125 1.4675
19.875 73.375 1.9724
19.875 73.625 0.91332
19.875 73.875 0.80503
19.875 74.125 0.74473
19.875 74.375 1.2309
19.875 74.625 1.308
19.875 74.875 1.1571
19.875 75.125 0.42608
19.875 75.375 0.59975
19.875 75.625 0.81939
19.875 75.875 0.9973
19.875 76.125 1.0744
19.875 76.375 1.0793
19.875 76.625 0.5669
19.875 76.875 0.62176
19.875 77.125 0.62922
19.875 77.375 0.83673
19.875 77.625 0.894
19.875 77.875 0.59107
19.875 78.125 0.50193
19.875 78.375 0.61826
19.875 78.625 0.94209
19.875 78.875 1.0079
19.875 79.125 1.1502
19.875 79.375 0.73707
19.875 79.625 0.89459
19.875 79.875 0.8684
19.875 80.125 0.53217
19.875 80.375 0.35746
19.875 80.625 1.0935
19.875 80.875 1.1693
19.875 81.125 1.2205
19.875 81.375 -0.58656
19.875 81.625 0.2447
19.875 81.875 1.4071
19.875 82.125 0.54417
19.875 82.375 0.46383
19.875 82.625 0.49628
19.875 82.875 0.24096
19.875 83.125 0.53953
19.875 83.375 0.26347
19.875 83.625 0.61034
19.875 83.875 0.6047
19.875 84.125 0.31059
19.875 84.375 0.020219
19.875 84.625 -0.10739
19.875 84.875 -0.24303
19.875 85.125 -0.4706
19.875 85.375 -0.73001
19.875 85.625 NaN
19.875 85.875 NaN
19.875 86.125 NaN
20.125 72.875 1.5092
20.125 73.125 1.1394
20.125 73.375 0.76654
20.125 73.625 3.0054
20.125 73.875 1.0641
20.125 74.125 0.89429
20.125 74.375 2.0163
20.125 74.625 1.151
20.125 74.875 0.8409
20.125 75.125 0.50452
20.125 75.375 0.47403
20.125 75.625 -0.050076
20.125 75.875 -0.012027
20.125 76.125 0.78339
20.125 76.375 0.96235
20.125 76.625 1.1139
20.125 76.875 0.86401
20.125 77.125 0.69457
20.125 77.375 1.0422
20.125 77.625 1.0369
20.125 77.875 0.62374
20.125 78.125 0.37438
20.125 78.375 0.55011
20.125 78.625 0.7734
20.125 78.875 0.69137
20.125 79.125 0.83292
20.125 79.375 0.65732
20.125 79.625 0.86647
20.125 79.875 0.85279
20.125 80.125 0.79047
20.125 80.375 0.62156
20.125 80.625 1.2783
20.125 80.875 1.0962
20.125 81.125 0.25118
20.125 81.375 0.50617
20.125 81.625 0.63104
20.125 81.875 1.4478
20.125 82.125 1.3093
20.125 82.375 -0.12983
20.125 82.625 -0.27281
20.125 82.875 -0.8705
20.125 83.125 0.34515
20.125 83.375 -0.65745
20.125 83.625 -0.86971
20.125 83.875 1.1318
20.125 84.125 1.3545
20.125 84.375 -0.17611
20.125 84.625 0.35807
20.125 84.875 0.35912
20.125 85.125 0.59026
20.125 85.375 -0.16688
20.125 85.625 -0.052562
20.125 85.875 -0.78342
20.125 86.125 -0.58037
20.125 86.375 NaN
20.375 73.125 1.5255
20.375 73.375 1.0727
20.375 73.625 1.1346
20.375 73.875 0.31851
20.375 74.125 0.14558
20.375 74.375 0.83737
20.375 74.625 0.47507
20.375 74.875 0.51268
20.375 75.125 1.379
20.375 75.375 1.5896
20.375 75.625 0.43585
20.375 75.875 -0.099187
20.375 76.125 0.10393
20.375 76.375 0.040544
20.375 76.625 0.30557
20.375 76.875 0.18551
20.375 77.125 0.53037
20.375 77.375 0.67514
20.375 77.625 0.46641
20.375 77.875 -0.0015809
20.375 78.125 0.39301
20.375 78.375 0.72669
20.375 78.625 0.81638
20.375 78.875 0.80784
20.375 79.125 0.67439
20.375 79.375 0.80438
20.375 79.625 0.83615
20.375 79.875 1.1283
20.375 80.125 1.3185
20.375 80.375 0.64872
20.375 80.625 0.96375
20.375 80.875 1.0169
20.375 81.125 0.61183
20.375 81.375 0.46633
20.375 81.625 0.60203
20.375 81.875 0.76296
20.375 82.125 1.8747
20.375 82.375 1.5235
20.375 82.625 0.40826
20.375 82.875 -0.12112
20.375 83.125 -0.27123
20.375 83.375 -0.32487
20.375 83.625 -0.30448
20.375 83.875 -0.35542
20.375 84.125 -0.27666
20.375 84.375 -0.81404
20.375 84.625 -0.28384
20.375 84.875 -0.53458
20.375 85.125 -0.63967
20.375 85.375 -0.57822
20.375 85.625 -0.064671
20.375 85.875 -0.49459
20.375 86.125 0.042186
20.375 86.375 -0.17946
20.375 86.625 NaN
20.625 73.125 0.54887
20.625 73.375 1.2004
20.625 73.625 1.4621
20.625 73.875 2.6352
20.625 74.125 0.80024
20.625 74.375 1.3172
20.625 74.625 1.322
20.625 74.875 0.66685
20.625 75.125 1.2215
20.625 75.375 1.1648
20.625 75.625 0.22486
20.625 75.875 -0.22394
20.625 76.125 -0.16477
20.625 76.375 -0.13171
20.625 76.625 0.02085
20.625 76.875 0.18595
20.625 77.125 0.38894
20.625 77.375 0.011865
20.625 77.625 0.10008
20.625 77.875 0.61304
20.625 78.125 0.77858
20.625 78.375 0.92133
20.625 78.625 0.86914
20.625 78.875 0.79688
20.625 79.125 0.65812
20.625 79.375 0.39172
20.625 79.625 0.93629
20.625 79.875 1.0059
20.625 80.125 1.4809
20.625 80.375 0.55013
20.625 80.625 0.29539
20.625 80.875 0.82643
20.625 81.125 0.53294
20.625 81.375 0.43975
20.625 81.625 0.34696
20.625 81.875 0.65919
20.625 82.125 2.7607
20.625 82.375 1.1523
20.625 82.625 0.27475
20.625 82.875 0.43994
20.625 83.125 0.48774
20.625 83.375 -0.18341
20.625 83.625 -0.45859
20.625 83.875 -0.64944
20.625 84.125 -1.0631
20.625 84.375 -0.73474
20.625 84.625 -0.14736
20.625 84.875 -0.15493
20.625 85.125 -0.49384
20.625 85.375 0.6383
20.625 85.625 -1.0289
20.625 85.875 -0.067463
20.625 86.125 0.52663
20.625 86.375 0.32072
20.625 86.625 0.30359
20.625 86.875 NaN
20.875 70.625 2.3507
20.875 70.875 1.7632
20.875 71.125 1.521
20.875 71.375 2.5812
20.875 72.875 0.98113
20.875 73.125 1.9705
20.875 73.375 1.4336
20.875 73.625 1.6006
20.875 73.875 1.383
20.875 74.125 1.5482
20.875 74.375 1.637
20.875 74.625 1.3035
20.875 74.875 0.40672
20.875 75.125 1.0247
20.875 75.375 0.0076504
20.875 75.625 -0.55784
20.875 75.875 -0.17183
20.875 76.125 -0.014537
20.875 76.375 -0.259
20.875 76.625 0.013823
20.875 76.875 0.42208
20.875 77.125 0.2272
20.875 77.375 -0.010605
20.875 77.625 0.45709
20.875 77.875 0.94593
20.875 78.125 1.2314
20.875 78.375 1.0512
20.875 78.625 0.52553
20.875 78.875 0.63267
20.875 79.125 0.7435
20.875 79.375 -0.01406
20.875 79.625 0.095083
20.875 79.875 0.15532
20.875 80.125 0.50262
20.875 80.375 0.021333
20.875 80.625 0.41406
20.875 80.875 0.90924
20.875 81.125 1.1682
20.875 81.375 0.39578
20.875 81.625 0.71744
20.875 81.875 0.46536
20.875 82.125 0.86666
20.875 82.375 1.0224
20.875 82.625 -0.25763
20.875 82.875 0.11563
20.875 83.125 0.43536
20.875 83.375 -0.31004
20.875 83.625 -0.23519
20.875 83.875 -0.37889
20.875 84.125 -0.65552
20.875 84.375 0.61166
20.875 84.625 0.065394
20.875 84.875 0.1195
20.875 85.125 0.11134
20.875 85.375 0.78226
20.875 85.625 0.33121
20.875 85.875 0.37937
20.875 86.125 -0.16534
20.875 86.375 -0.64221
20.875 86.625 -0.056901
21.125 70.375 1.6509
21.125 70.625 0.81813
21.125 70.875 0.4893
21.125 71.125 1.2876
21.125 71.375 1.7337
21.125 71.625 NaN
21.125 71.875 NaN
21.125 72.875 0.62506
21.125 73.125 0.72012
21.125 73.375 3.096
21.125 73.625 0.81594
21.125 73.875 0.99867
21.125 74.125 0.92027
21.125 74.375 0.63502
21.125 74.625 0.76515
21.125 74.875 1.1372
21.125 75.125 0.70944
21.125 75.375 1.4257
21.125 75.625 0.087241
21.125 75.875 -0.17474
21.125 76.125 0.55978
21.125 76.375 0.46056
21.125 76.625 -0.077631
21.125 76.875 -0.020274
21.125 77.125 -0.33195
21.125 77.375 -0.0090275
21.125 77.625 0.32821
21.125 77.875 0.6673
21.125 78.125 0.41447
21.125 78.375 0.44813
21.125 78.625 0.16158
21.125 78.875 0.71922
21.125 79.125 0.43596
21.125 79.375 -0.045604
21.125 79.625 -0.18966
21.125 79.875 0.19401
21.125 80.125 -0.19626
21.125 80.375 -0.37978
21.125 80.625 0.36909
21.125 80.875 0.47937
21.125 81.125 0.049121
21.125 81.375 0.6558
21.125 81.625 0.6858
21.125 81.875 0.66184
21.125 82.125 0.93955
21.125 82.375 0.25607
21.125 82.625 0.29936
21.125 82.875 0.56098
21.125 83.125 0.10939
21.125 83.375 -0.036696
21.125 83.625 0.30817
21.125 83.875 0.10933
21.125 84.125 -0.38788
21.125 84.375 -0.55808
21.125 84.625 0.085
21.125 84.875 0.68286
21.125 85.125 0.61915
21.125 85.375 0.65062
21.125 85.625 1.3394
21.125 85.875 1.9822
21.125 86.125 -0.12205
21.125 86.375 -0.040828
21.125 86.625 0.3103
21.375 70.125 1.82
21.375 70.375 1.2045
21.375 70.625 1.236
21.375 70.875 0.59415
21.375 71.125 0.87737
21.375 71.375 1.2625
21.375 71.625 1.01
21.375 71.875 1.3202
21.375 72.875 1.145
21.375 73.125 2.2691
21.375 73.375 2.5836
21.375 73.625 1.6183
21.375 73.875 1.1176
21.375 74.125 0.89102
21.375 74.375 0.95701
21.375 74.625 1.1367
21.375 74.875 1.7359
21.375 75.125 1.3797
21.375 75.375 0.93035
21.375 75.625 0.021583
21.375 75.875 -0.14996
21.375 76.125 1.0275
21.375 76.375 0.32961
21.375 76.625 -0.43268
21.375 76.875 -0.56923
21.375 77.125 -0.32448
21.375 77.375 0.35062
21.375 77.625 0.21369
21.375 77.875 0.00072682
21.375 78.125 0.3215
21.375 78.375 1.3916
21.375 78.625 0.94027
21.375 78.875 0.48201
21.375 79.125 0.24944
21.375 79.375 -0.23258
21.375 79.625 -1.0205
21.375 79.875 0.28414
21.375 80.125 -0.65313
21.375 80.375 -0.55438
21.375 80.625 0.1103
21.375 80.875 -0.4522
21.375 81.125 -1.1634
21.375 81.375 0.093691
21.375 81.625 0.38478
21.375 81.875 0.89762
21.375 82.125 0.64757
21.375 82.375 0.548
21.375 82.625 0.29325
21.375 82.875 0.33512
21.375 83.125 0.38053
21.375 83.375 0.21206
21.375 83.625 0.20005
21.375 83.875 0.26827
21.375 84.125 0.00012893
21.375 84.375 0.053193
21.375 84.625 0.17907
21.375 84.875 0.45227
21.375 85.125 0.72504
21.375 85.375 0.80788
21.375 85.625 1.3697
21.375 85.875 0.81138
21.375 86.125 0.63998
21.375 86.375 0.52184
21.375 86.625 0.21141
21.375 86.875 0.10458
21.625 69.875 0.78237
21.625 70.125 0.30211
21.625 70.375 0.88851
21.625 70.625 1.1999
21.625 70.875 0.57891
21.625 71.125 0.48053
21.625 71.375 1.5704
21.625 71.625 2.4131
21.625 71.875 1.3161
21.625 72.125 0.58815
21.625 72.875 1.3959
21.625 73.125 1.4057
21.625 73.375 1.3607
21.625 73.625 1.1214
21.625 73.875 0.90706
21.625 74.125 0.80019
21.625 74.375 0.87166
21.625 74.625 1.8986
21.625 74.875 2.2614
21.625 75.125 0.78834
21.625 75.375 0.58221
21.625 75.625 -0.13089
21.625 75.875 -0.026381
21.625 76.125 0.4444
21.625 76.375 0.057177
21.625 76.625 -0.41011
21.625 76.875 -0.071156
21.625 77.125 0.53856
21.625 77.375 0.68682
21.625 77.625 0.085857
21.625 77.875 0.17343
21.625 78.125 0.28752
21.625 78.375 1.2815
21.625 78.625 0.42754
21.625 78.875 0.13148
21.625 79.125 0.051113
21.625 79.375 -0.081312
21.625 79.625 -0.32907
21.625 79.875 -0.15137
21.625 80.125 -0.075728
21.625 80.375 0.30834
21.625 80.625 -0.46273
21.625 80.875 -0.57244
21.625 81.125 -0.95423
21.625 81.375 -0.90986
21.625 81.625 -0.058212
21.625 81.875 0.64942
21.625 82.125 0.64507
21.625 82.375 0.089683
21.625 82.625 0.67428
21.625 82.875 NaN
21.625 83.125 0.74811
21.625 83.375 0.21674
21.625 83.625 0.50448
21.625 83.875 0.796
21.625 84.125 0.4007
21.625 84.375 0.66111
21.625 84.625 0.72591
21.625 84.875 1.459
21.625 85.125 0.66891
21.625 85.375 1.0212
21.625 85.625 0.84371
21.625 85.875 1.0896
21.625 86.125 0.79918
21.625 86.375 0.80815
21.625 86.625 -0.46359
21.625 86.875 -0.21939
21.625 87.125 0.093057
21.625 87.375 NaN
21.875 69.375 NaN
21.875 69.625 0.78441
21.875 69.875 0.75522
21.875 70.125 0.75541
21.875 70.375 0.7971
21.875 70.625 0.87919
21.875 70.875 0.096259
21.875 71.125 -0.078147
21.875 71.375 0.93764
21.875 71.625 1.8372
21.875 71.875 1.0174
21.875 72.125 0.58043
21.875 72.625 NaN
21.875 72.875 0.76919
21.875 73.125 0.78792
21.875 73.375 0.82083
21.875 73.625 0.45983
21.875 73.875 0.58768
21.875 74.125 0.44781
21.875 74.375 0.62907
21.875 74.625 0.69756
21.875 74.875 0.75588
21.875 75.125 0.56071
21.875 75.375 -0.42249
21.875 75.625 -0.002841
21.875 75.875 0.60883
21.875 76.125 0.42381
21.875 76.375 -0.055205
21.875 76.625 -0.11412
21.875 76.875 0.47032
21.875 77.125 0.81798
21.875 77.375 0.46317
21.875 77.625 0.2619
21.875 77.875 -0.050613
21.875 78.125 -0.34604
21.875 78.375 -0.3467
21.875 78.625 0.053392
21.875 78.875 0.36337
21.875 79.125 0.64687
21.875 79.375 0.75726
21.875 79.625 0.17107
21.875 79.875 0.36048
21.875 80.125 0.76216
21.875 80.375 0.69647
21.875 80.625 0.34088
21.875 80.875 -0.24452
21.875 81.125 -0.59511
21.875 81.375 -0.0049777
21.875 81.625 0.80341
21.875 81.875 -0.29319
21.875 82.125 0.96903
21.875 82.375 0.63404
21.875 82.625 0.0039022
21.875 82.875 0.36995
21.875 83.125 0.44509
21.875 83.375 0.11359
21.875 83.625 0.44093
21.875 83.875 1.1863
21.875 84.125 0.34319
21.875 84.375 0.65448
21.875 84.625 0.87992
21.875 84.875 0.98009
21.875 85.125 0.99795
21.875 85.375 1.1552
21.875 85.625 0.16366
21.875 85.875 1.3073
21.875 86.125 0.89653
21.875 86.375 0.84398
21.875 86.625 -0.28052
21.875 86.875 -0.49482
21.875 87.125 0.060756
21.875 87.375 0.56511
21.875 87.625 0.35957
21.875 87.875 0.51373
21.875 88.375 0.38213
21.875 88.625 NaN
21.875 88.875 NaN
22.125 69.125 1.4429
22.125 69.375 0.69464
22.125 69.625 0.42119
22.125 69.875 0.29761
22.125 70.125 0.53623
22.125 70.375 0.3669
22.125 70.625 0.21885
22.125 70.875 0.59702
22.125 71.125 -0.21021
22.125 71.375 0.86522
22.125 71.625 0.80446
22.125 71.875 0.29048
22.125 72.125 0.53713
22.125 72.625 NaN
22.125 72.875 0.34145
22.125 73.125 0.45865
22.125 73.375 1.0485
22.125 73.625 0.56253
22.125 73.875 0.58636
22.125 74.125 1.575
22.125 74.375 0.58253
22.125 74.625 0.1743
22.125 74.875 0.36576
22.125 75.125 0.28035
22.125 75.375 -0.15999
22.125 75.625 1.0946
22.125 75.875 0.996
22.125 76.125 0.36076
22.125 76.375 0.011851
22.125 76.625 0.35203
22.125 76.875 0.64806
22.125 77.125 0.83529
22.125 77.375 0.57375
22.125 77.625 0.15265
22.125 77.875 0.27835
22.125 78.125 -0.10507
22.125 78.375 -0.37412
22.125 78.625 -0.45565
22.125 78.875 -0.090744
22.125 79.125 0.32366
22.125 79.375 0.013634
22.125 79.625 0.56803
22.125 79.875 0.9569
22.125 80.125 0.96472
22.125 80.375 1.247
22.125 80.625 0.80094
22.125 80.875 -0.24587
22.125 81.125 -0.92277
22.125 81.375 1.0809
22.125 81.625 0.059945
22.125 81.875 0.22857
22.125 82.125 0.19791
22.125 82.375 -0.15027
22.125 82.625 -0.2035
22.125 82.875 0.0066856
22.125 83.125 -0.19038
22.125 83.375 -0.17541
22.125 83.625 0.5333
22.125 83.875 0.18767
22.125 84.125 0.26158
22.125 84.375 0.0506
22.125 84.625 0.45641
22.125 84.875 1.4876
22.125 85.125 0.99077
22.125 85.375 0.93296
22.125 85.625 0.59286
22.125 85.875 0.85229
22.125 86.125 0.90665
22.125 86.375 0.90188
22.125 86.625 0.28534
22.125 86.875 0.20985
22.125 87.125 0.046884
22.125 87.375 -0.11038
22.125 87.625 0.0085334
22.125 87.875 0.62366
22.125 88.125 0.52264
22.125 88.375 0.44392
22.125 92.875 NaN
22.375 69.125 1.49
22.375 69.875 0.30047
22.375 70.125 0.79929
22.375 70.375 -0.030198
22.375 70.625 0.41619
22.375 70.875 0.4626
22.375 71.125 1.2222
22.375 71.375 0.93251
22.375 71.625 0.27865
22.375 71.875 0.26441
22.375 72.125 0.49691
22.375 72.625 NaN
22.375 72.875 0.50928
22.375 73.125 0.93612
22.375 73.375 0.54875
22.375 73.625 0.82296
22.375 73.875 0.87455
22.375 74.125 0.89642
22.375 74.375 0.52876
22.375 74.625 0.3063
22.375 74.875 0.44368
22.375 75.125 0.60499
22.375 75.375 0.84665
22.375 75.625 0.77535
22.375 75.875 -0.13308
22.375 76.125 0.3324
22.375 76.375 0.58871
22.375 76.625 1.0491
22.375 76.875 0.77168
22.375 77.125 0.77428
22.375 77.375 0.81116
22.375 77.625 0.68556
22.375 77.875 0.83238
22.375 78.125 0.53071
22.375 78.375 0.30288
22.375 78.625 -0.14396
22.375 78.875 0.36077
22.375 79.125 0.56187
22.375 79.375 0.96533
22.375 79.625 1.262
22.375 79.875 0.77456
22.375 80.125 1.0524
22.375 80.375 1.8542
22.375 80.625 0.56674
22.375 80.875 -0.010208
22.375 81.125 -0.16453
22.375 81.375 0.58203
22.375 81.625 0.24834
22.375 81.875 0.51367
22.375 82.125 -0.080533
22.375 82.375 -0.35208
22.375 82.625 -0.73643
22.375 82.875 -0.70943
22.375 83.125 -0.88147
22.375 83.375 -1.007
22.375 83.625 -0.88598
22.375 83.875 -0.192
22.375 84.125 -0.22906
22.375 84.375 0.088547
22.375 84.625 0.47838
22.375 84.875 0.91292
22.375 85.125 0.73099
22.375 85.375 0.74662
22.375 85.625 0.36728
22.375 85.875 1.5115
22.375 86.125 2.7433
22.375 86.375 0.77296
22.375 86.625 0.56953
22.375 86.875 0.25831
22.375 87.125 0.21978
22.375 87.375 -0.10782
22.375 87.625 -0.17632
22.375 87.875 0.84711
22.375 88.125 -0.53583
22.375 88.375 0.42758
22.375 88.625 0.49613
22.375 88.875 0.45247
22.375 92.875 1.6083
22.625 70.375 1.288
22.625 70.625 1.4608
22.625 70.875 0.79367
22.625 71.125 1.1107
22.625 71.375 0.75531
22.625 71.625 0.27455
22.625 71.875 0.19972
22.625 72.125 0.28278
22.625 72.375 0.46959
22.625 72.625 2.2809
22.625 72.875 0.55821
22.625 73.125 0.30256
22.625 73.375 1.0329
22.625 73.625 0.18288
22.625 73.875 -0.19731
22.625 74.125 0.61606
22.625 74.375 0.85973
22.625 74.625 0.56863
22.625 74.875 0.5408
22.625 75.125 0.69001
22.625 75.375 1.0933
22.625 75.625 0.84721
22.625 75.875 0.006056
22.625 76.125 0.34371
22.625 76.375 0.37066
22.625 76.625 0.83596
22.625 76.875 0.76738
22.625 77.125 0.86972
22.625 77.375 1.0474
22.625 77.625 1.0322
22.625 77.875 1.3765
22.625 78.125 1.1808
22.625 78.375 0.7354
22.625 78.625 0.7261
22.625 78.875 0.65154
22.625 79.125 0.95258
22.625 79.375 1.0532
22.625 79.625 0.80877
22.625 79.875 0.54905
22.625 80.125 0.97737
22.625 80.375 0.29223
22.625 80.625 -0.77127
22.625 80.875 -0.57061
22.625 81.125 0.62191
22.625 81.375 0.075659
22.625 81.625 0.60833
22.625 81.875 0.4867
22.625 82.125 -0.33264
22.625 82.375 -1.0157
22.625 82.625 -1.0759
22.625 82.875 -0.8867
22.625 83.125 -0.97586
22.625 83.375 -0.69932
22.625 83.625 -0.24441
22.625 83.875 -0.71265
22.625 84.125 -0.27906
22.625 84.375 -0.021192
22.625 84.625 0.67277
22.625 84.875 1.2272
22.625 85.125 0.79304
22.625 85.375 0.46421
22.625 85.625 1.1823
22.625 85.875 1.4773
22.625 86.125 2.2022
22.625 86.375 0.67598
22.625 86.625 0.58775
22.625 86.875 0.5324
22.625 87.125 0.42054
22.625 87.375 0.20366
22.625 87.625 0.27881
22.625 87.875 0.37103
22.625 88.125 0.039501
22.625 88.375 0.696
22.625 88.625 0.61238
22.625 88.875 0.58275
22.625 92.625 0.10919
22.625 92.875 1.3498
22.875 69.375 NaN
22.875 69.625 NaN
22.875 69.875 NaN
22.875 70.625 1.5024
22.875 70.875 1.0016
22.875 71.125 0.62526
22.875 71.375 -0.16892
22.875 71.625 -0.0017437
22.875 71.875 -0.37604
22.875 72.125 0.28522
22.875 72.375 0.47483
22.875 72.625 1.985
22.875 72.875 0.54227
22.875 73.125 1.4532
22.875 73.375 1.3776
22.875 73.625 0.20934
22.875 73.875 0.24898
22.875 74.125 0.98793
22.875 74.375 0.72731
22.875 74.625 0.56622
22.875 74.875 1.0757
22.875 75.125 1.0266
22.875 75.375 0.23749
22.875 75.625 -0.00034103
22.875 75.875 0.17518
22.875 76.125 -0.076067
22.875 76.375 -0.2025
22.875 76.625 0.22628
22.875 76.875 0.66131
22.875 77.125 0.64975
22.875 77.375 1.1726
22.875 77.625 1.1863
22.875 77.875 1.319
22.875 78.125 1.5813
22.875 78.375 1.0731
22.875 78.625 0.98627
22.875 78.875 0.87625
22.875 79.125 0.45574
22.875 79.375 0.46386
22.875 79.625 -0.24054
22.875 79.875 0.54481
22.875 80.125 0.27394
22.875 80.375 0.56985
22.875 80.625 -0.072298
22.875 80.875 0.37445
22.875 81.125 0.62272
22.875 81.375 0.091509
22.875 81.625 -0.24828
22.875 81.875 0.048232
22.875 82.125 -0.30947
22.875 82.375 -0.20521
22.875 82.625 -0.56938
22.875 82.875 -0.28593
22.875 83.125 -0.97293
22.875 83.375 -0.2704
22.875 83.625 0.23374
22.875 83.875 -0.18978
22.875 84.125 -0.37803
22.875 84.375 -0.08528
22.875 84.625 1.019
22.875 84.875 0.95675
22.875 85.125 1.5191
22.875 85.375 1.4712
22.875 85.625 1.0348
22.875 85.875 0.49
22.875 86.125 0.18621
22.875 86.375 0.47033
22.875 86.625 1.1799
22.875 86.875 1.2269
22.875 87.125 0.64289
22.875 87.375 0.43943
22.875 87.625 -0.10876
22.875 87.875 -1.1674
22.875 88.125 -0.11558
22.875 88.375 0.28598
22.875 88.625 0.62467
22.875 92.625 0.20925
22.875 92.875 0.9861
23.125 68.875 0.54934
23.125 69.125 1.1648
23.125 69.375 1.3712
23.125 69.625 1.5844
23.125 69.875 1.7809
23.125 70.125 1.8802
23.125 70.875 0.83152
23.125 71.125 0.69377
23.125 71.375 -0.012894
23.125 71.625 0.17734
23.125 71.875 -0.40773
23.125 72.125 -0.15451
23.125 72.375 -0.16774
23.125 72.625 1.5252
23.125 72.875 0.76409
23.125 73.125 0.37561
23.125 73.375 1.2827
23.125 73.625 1.34
23.125 73.875 0.94168
23.125 74.125 0.53669
23.125 74.375 0.67739
23.125 74.625 1.4254
23.125 74.875 1.0382
23.125 75.125 1.0323
23.125 75.375 0.53981
23.125 75.625 -0.038931
23.125 75.875 0.083704
23.125 76.125 -0.23929
23.125 76.375 -0.43519
23.125 76.625 -0.56191
23.125 76.875 -0.24023
23.125 77.125 0.26785
23.125 77.375 0.82209
23.125 77.625 0.95896
23.125 77.875 0.92955
23.125 78.125 0.90184
23.125 78.375 0.993
23.125 78.625 0.83575
23.125 78.875 0.46827
23.125 79.125 0.066892
23.125 79.375 0.43025
23.125 79.625 -0.20252
23.125 79.875 0.18448
23.125 80.125 0.20714
23.125 80.375 0.54112
23.125 80.625 1.0952
23.125 80.875 1.1863
23.125 81.125 0.99556
23.125 81.375 0.24939
23.125 81.625 0.077864
23.125 81.875 0.10508
23.125 82.125 0.29898
23.125 82.375 0.44852
23.125 82.625 0.61363
23.125 82.875 -0.27601
23.125 83.125 -0.72299
23.125 83.375 1.5298
23.125 83.625 2.9068
23.125 83.875 1.469
23.125 84.125 0.23899
23.125 84.375 0.83079
23.125 84.625 1.0311
23.125 84.875 1.1152
23.125 85.125 0.93253
23.125 85.375 1.7444
23.125 85.625 0.65716
23.125 85.875 -0.05961
23.125 86.125 0.36089
23.125 86.375 1.1667
23.125 86.625 0.99089
23.125 86.875 1.1315
23.125 87.125 0.59299
23.125 87.375 0.58375
23.125 87.625 0.46692
23.125 87.875 -0.3598
23.125 88.125 -0.73552
23.125 88.375 -0.41471
23.125 88.625 0.087572
23.125 91.625 NaN
23.125 92.625 -1.6742e-05
23.125 92.875 0.14979
23.125 93.125 NaN
23.375 68.875 0.87637
23.375 69.125 1.1595
23.375 69.375 1.4824
23.375 69.625 1.7286
23.375 69.875 1.8446
23.375 70.125 1.9212
23.375 70.375 1.911
23.375 70.625 1.8639
23.375 70.875 1.3681
23.375 71.125 1.3223
23.375 71.375 0.49087
23.375 71.625 -0.12379
23.375 71.875 -0.070444
23.375 72.125 -0.10285
23.375 72.375 -0.03871
23.375 72.625 0.34247
23.375 72.875 1.1307
23.375 73.125 1.2542
23.375 73.375 1.372
23.375 73.625 0.6371
23.375 73.875 0.3371
23.375 74.125 0.55815
23.375 74.375 0.51365
23.375 74.625 1.9588
23.375 74.875 1.5033
23.375 75.125 0.7743
23.375 75.375 0.37585
23.375 75.625 -0.11453
23.375 75.875 -0.2039
23.375 76.125 -0.039458
23.375 76.375 -0.29583
23.375 76.625 -0.41987
23.375 76.875 -0.20937
23.375 77.125 -0.29814
23.375 77.375 0.53306
23.375 77.625 0.0084827
23.375 77.875 0.51804
23.375 78.125 0.33687
23.375 78.375 0.56273
23.375 78.625 0.49071
23.375 78.875 0.16356
23.375 79.125 -0.23475
23.375 79.375 -0.039183
23.375 79.625 0.50195
23.375 79.875 0.43309
23.375 80.125 0.04205
23.375 80.375 0.37244
23.375 80.625 1.0079
23.375 80.875 1.0581
23.375 81.125 0.49666
23.375 81.375 0.23969
23.375 81.625 0.66968
23.375 81.875 0.63411
23.375 82.125 1.5446
23.375 82.375 0.019269
23.375 82.625 -0.10861
23.375 82.875 -0.34494
23.375 83.125 1.2356
23.375 83.375 2.343
23.375 83.625 2.7185
23.375 83.875 0.9281
23.375 84.125 0.6075
23.375 84.375 1.2216
23.375 84.625 0.66492
23.375 84.875 0.29641
23.375 85.125 0.80802
23.375 85.375 0.76725
23.375 85.625 0.71834
23.375 85.875 0.083208
23.375 86.125 -0.14126
23.375 86.375 0.5645
23.375 86.625 0.21231
23.375 86.875 0.38209
23.375 87.125 0.44461
23.375 87.375 0.14167
23.375 87.625 0.56682
23.375 87.875 -0.43071
23.375 88.125 -0.76264
23.375 88.375 -0.47685
23.375 88.625 -0.31713
23.375 91.375 -0.34212
23.375 91.625 -0.49641
23.375 92.625 -0.13042
23.375 92.875 -0.22819
23.375 93.125 -0.77732
23.625 68.625 0.9353
23.625 68.875 0.93355
23.625 69.125 0.99307
23.625 69.375 1.3221
23.625 69.625 1.5041
23.625 69.875 1.7074
23.625 70.125 1.8981
23.625 70.375 1.8989
23.625 70.625 1.9707
23.625 70.875 1.482
23.625 71.125 1.5271
23.625 71.375 1.753
23.625 71.625 0.080671
23.625 71.875 -0.16529
23.625 72.125 0.19682
23.625 72.375 -0.15292
23.625 72.625 0.74075
23.625 72.875 1.3434
23.625 73.125 1.2957
23.625 73.375 1.1206
23.625 73.625 1.0218
23.625 73.875 0.72324
23.625 74.125 0.98611
23.625 74.375 0.67715
23.625 74.625 1.4495
23.625 74.875 1.2101
23.625 75.125 -0.13877
23.625 75.375 0.36372
23.625 75.625 0.71767
23.625 75.875 0.48073
23.625 76.125 0.25911
23.625 76.375 0.21595
23.625 76.625 0.85421
23.625 76.875 0.73091
23.625 77.125 -0.082294
23.625 77.375 0.0093421
23.625 77.625 -0.4082
23.625 77.875 0.24533
23.625 78.125 0.13426
23.625 78.375 0.29221
23.625 78.625 -0.034191
23.625 78.875 -0.052181
23.625 79.125 -0.19644
23.625 79.375 -0.088547
23.625 79.625 0.26186
23.625 79.875 1.0942
23.625 80.125 0.29175
23.625 80.375 0.46864
23.625 80.625 1.042
23.625 80.875 0.9077
23.625 81.125 0.080386
23.625 81.375 0.75702
23.625 81.625 1.1809
23.625 81.875 1.2644
23.625 82.125 1.0499
23.625 82.375 1.0493
23.625 82.625 1.0039
23.625 82.875 1.2943
23.625 83.125 1.7904
23.625 83.375 1.255
23.625 83.625 1.2383
23.625 83.875 0.48754
23.625 84.125 0.42921
23.625 84.375 0.4979
23.625 84.625 0.21451
23.625 84.875 0.056485
23.625 85.125 0.30127
23.625 85.375 0.65526
23.625 85.625 0.62862
23.625 85.875 2.1219
23.625 86.125 -1.082
23.625 86.375 0.48374
23.625 86.625 0.31167
23.625 86.875 0.027094
23.625 87.125 -0.22967
23.625 87.375 0.31077
23.625 87.625 0.10944
23.625 87.875 -0.21126
23.625 88.125 -0.50094
23.625 88.375 -0.5494
23.625 91.375 -0.25939
23.625 91.625 -0.53572
23.625 91.875 NaN
23.625 92.375 -0.43061
23.625 92.625 -0.26111
23.625 92.875 -0.57055
23.625 93.125 -0.8732
23.875 68.875 0.78563
23.875 69.125 0.82641
23.875 69.375 1.1522
23.875 69.625 1.535
23.875 69.875 1.8271
23.875 70.125 1.7725
23.875 70.375 1.6981
23.875 70.625 1.6275
23.875 70.875 1.4536
23.875 71.125 1.6487
23.875 71.375 2.0895
23.875 71.625 1.1804
23.875 71.875 0.69963
23.875 72.125 0.7218
23.875 72.375 0.59814
23.875 72.625 0.9222
23.875 72.875 2.1306
23.875 73.125 2.1181
23.875 73.375 2.6607
23.875 73.625 0.91956
23.875 73.875 1.7418
23.875 74.125 1.3498
23.875 74.375 0.91718
23.875 74.625 0.8811
23.875 74.875 0.70038
23.875 75.125 0.39611
23.875 75.375 0.3149
23.875 75.625 0.55053
23.875 75.875 0.30705
23.875 76.125 0.9411
23.875 76.375 0.80641
23.875 76.625 1.5432
23.875 76.875 1.2098
23.875 77.125 0.033658
23.875 77.375 0.18472
23.875 77.625 0.05976
23.875 77.875 0.49896
23.875 78.125 0.17904
23.875 78.375 -0.14092
23.875 78.625 -0.014006
23.875 78.875 0.17862
23.875 79.125 0.010928
23.875 79.375 -0.07656
23.875 79.625 0.43501
23.875 79.875 0.36408
23.875 80.125 0.20541
23.875 80.375 -0.030612
23.875 80.625 0.83451
23.875 80.875 0.377
23.875 81.125 0.14991
23.875 81.375 0.98072
23.875 81.625 1.0556
23.875 81.875 1.3147
23.875 82.125 1.4383
23.875 82.375 1.508
23.875 82.625 1.514
23.875 82.875 1.301
23.875 83.125 1.424
23.875 83.375 0.19613
23.875 83.625 0.30954
23.875 83.875 0.89643
23.875 84.125 1.332
23.875 84.375 0.68201
23.875 84.625 0.59024
23.875 84.875 -0.19577
23.875 85.125 -0.54961
23.875 85.375 0.22436
23.875 85.625 0.19819
23.875 85.875 0.82715
23.875 86.125 0.41063
23.875 86.375 1.5301
23.875 86.625 0.74831
23.875 86.875 0.61648
23.875 87.125 -0.24952
23.875 87.375 -0.04321
23.875 87.625 0.094714
23.875 87.875 -0.18013
23.875 88.125 -0.1934
23.875 88.375 -0.49657
23.875 91.375 -0.67234
23.875 91.625 -0.86494
23.875 91.875 0.22417
23.875 92.125 0.11751
23.875 92.375 -0.28669
23.875 92.625 -0.23863
23.875 92.875 -1.236
23.875 93.125 -1.1781
23.875 93.375 -1.0031
24.125 68.875 0.82786
24.125 69.125 0.82662
24.125 69.375 1.1263
24.125 69.625 1.5952
24.125 69.875 1.731
24.125 70.125 1.7814
24.125 70.375 1.804
24.125 70.625 1.5556
24.125 70.875 1.534
24.125 71.125 1.5767
24.125 71.375 1.7205
24.125 71.625 0.72126
24.125 71.875 0.98158
24.125 72.125 1.3696
24.125 72.375 0.93234
24.125 72.625 1.1705
24.125 72.875 1.5665
24.125 73.125 1.7692
24.125 73.375 1.3407
24.125 73.625 1.4891
24.125 73.875 1.9676
24.125 74.125 1.8765
24.125 74.375 1.3522
24.125 74.625 0.42076
24.125 74.875 0.072504
24.125 75.125 -0.32511
24.125 75.375 -0.099909
24.125 75.625 -0.00020135
24.125 75.875 0.39672
24.125 76.125 0.91579
24.125 76.375 0.91681
24.125 76.625 1.2349
24.125 76.875 1.7517
24.125 77.125 0.86583
24.125 77.375 0.47178
24.125 77.625 0.44594
24.125 77.875 -0.0005993
24.125 78.125 -0.28123
24.125 78.375 -0.045794
24.125 78.625 0.038913
24.125 78.875 -0.097201
24.125 79.125 -0.029966
24.125 79.375 -0.071542
24.125 79.625 -0.66993
24.125 79.875 0.11922
24.125 80.125 -0.48794
24.125 80.375 -0.21451
24.125 80.625 0.52727
24.125 80.875 0.76038
24.125 81.125 0.46365
24.125 81.375 1.1063
24.125 81.625 1.122
24.125 81.875 0.71546
24.125 82.125 1.3806
24.125 82.375 1.5659
24.125 82.625 1.6097
24.125 82.875 0.89645
24.125 83.125 1.1952
24.125 83.375 -0.36441
24.125 83.625 -0.39391
24.125 83.875 0.505
24.125 84.125 0.98245
24.125 84.375 0.65355
24.125 84.625 0.56575
24.125 84.875 -0.19114
24.125 85.125 -0.69522
24.125 85.375 -0.13607
24.125 85.625 -0.17246
24.125 85.875 0.59024
24.125 86.125 -0.0095543
24.125 86.375 -0.7668
24.125 86.625 -0.28567
24.125 86.875 -0.15952
24.125 87.125 -0.72974
24.125 87.375 -0.66208
24.125 87.625 -0.74073
24.125 87.875 -0.55932
24.125 88.125 -0.30668
24.125 88.375 -0.35176
24.125 91.875 0.11681
24.125 92.125 0.10955
24.125 92.375 -0.65554
24.125 92.625 -0.38738
24.125 92.875 -1.0566
24.125 93.125 -1.295
24.125 93.375 -0.67247
24.125 93.625 -0.4893
24.125 93.875 -0.47399
24.125 94.125 NaN
24.375 71.375 1.5293
24.375 71.625 1.073
24.375 71.875 0.91059
24.375 72.125 1.1389
24.375 72.375 0.47372
24.375 72.625 1.3462
24.375 72.875 1.246
24.375 73.125 1.4952
24.375 73.375 2.1701
24.375 73.625 2.4188
24.375 73.875 2.0848
24.375 74.125 1.4156
24.375 74.375 1.8302
24.375 74.625 1.3167
24.375 74.875 0.75813
24.375 75.125 0.25958
24.375 75.375 0.7305
24.375 75.625 1.4106
24.375 75.875 1.4527
24.375 76.125 1.0695
24.375 76.375 1.4699
24.375 76.625 2.1841
24.375 76.875 1.7315
24.375 77.125 1.1107
24.375 77.375 1.0732
24.375 77.625 1.2066
24.375 77.875 1.1288
24.375 78.125 0.56866
24.375 78.375 0.94673
24.375 78.625 0.040099
24.375 78.875 0.31168
24.375 79.125 0.40988
24.375 79.375 0.1435
24.375 79.625 -0.031651
24.375 79.875 0.089218
24.375 80.125 -0.48212
24.375 80.375 0.19043
24.375 80.625 0.56633
24.375 80.875 0.77785
24.375 81.125 0.50857
24.375 81.375 1.0662
24.375 81.625 1.1595
24.375 81.875 1.7506
24.375 82.125 1.5509
24.375 82.375 1.5464
24.375 82.625 1.9123
24.375 82.875 2.1141
24.375 83.125 1.363
24.375 83.375 0.72069
24.375 83.625 0.13585
24.375 83.875 -0.021051
24.375 84.125 -0.028339
24.375 84.375 0.60397
24.375 84.625 0.32324
24.375 84.875 -0.15082
24.375 85.125 0.14076
24.375 85.375 0.20057
24.375 85.625 0.20527
24.375 85.875 -0.44188
24.375 86.125 -0.53237
24.375 86.375 -0.42461
24.375 86.625 -0.41849
24.375 86.875 -0.802
24.375 87.125 -1.1492
24.375 87.375 -0.56229
24.375 87.625 -1.1649
24.375 87.875 -0.91321
24.375 88.125 -0.72073
24.375 92.375 -1.3353
24.375 92.625 -0.63571
24.375 92.875 -0.92105
24.375 93.125 -1.268
24.375 93.375 -0.77336
24.375 93.625 -0.61949
24.375 93.875 -0.46945
24.375 94.125 -0.26775
24.625 71.125 0.58561
24.625 71.375 1.3218
24.625 71.625 1.5286
24.625 71.875 1.4296
24.625 72.125 1.2195
24.625 72.375 1.0954
24.625 72.625 1.2687
24.625 72.875 1.4275
24.625 73.125 1.9015
24.625 73.375 2.142
24.625 73.625 2.8134
24.625 73.875 2.224
24.625 74.125 1.4773
24.625 74.375 1.6792
24.625 74.625 1.8321
24.625 74.875 1.5565
24.625 75.125 1.698
24.625 75.375 1.8937
24.625 75.625 1.6715
24.625 75.875 1.6052
24.625 76.125 1.9021
24.625 76.375 2.3802
24.625 76.625 2.227
24.625 76.875 1.6202
24.625 77.125 1.2056
24.625 77.375 1.3336
24.625 77.625 1.2324
24.625 77.875 1.6259
24.625 78.125 0.76262
24.625 78.375 0.96293
24.625 78.625 0.34123
24.625 78.875 0.55199
24.625 79.125 0.63381
24.625 79.375 0.52432
24.625 79.625 0.29857
24.625 79.875 0.39893
24.625 80.125 0.49252
24.625 80.375 0.55886
24.625 80.625 0.78645
24.625 80.875 0.028134
24.625 81.125 -0.44586
24.625 81.375 1.2995
24.625 81.625 1.9541
24.625 81.875 2.1289
24.625 82.125 0.14731
24.625 82.375 0.49843
24.625 82.625 1.9065
24.625 82.875 2.1236
24.625 83.125 0.90122
24.625 83.375 0.23087
24.625 83.625 0.98268
24.625 83.875 0.1972
24.625 84.125 0.30667
24.625 84.375 0.37733
24.625 84.625 -0.15028
24.625 84.875 -0.51036
24.625 85.125 -0.53004
24.625 85.375 -0.16239
24.625 85.625 -0.44277
24.625 85.875 -1.1437
24.625 86.125 -0.56866
24.625 86.375 -0.50078
24.625 86.625 -0.2029
24.625 86.875 -0.98145
24.625 87.125 -1.2303
24.625 87.375 -0.95591
24.625 87.625 -1.0177
24.625 87.875 -0.87912
24.625 92.375 -0.48029
24.625 92.625 -0.81553
24.625 92.875 -0.66788
24.625 93.125 -0.19651
24.625 93.375 -0.067865
24.625 93.625 -0.5318
24.625 93.875 -0.14321
24.625 94.125 -0.053547
24.625 94.375 NaN
24.875 71.125 0.35164
24.875 71.375 0.49333
24.875 71.625 0.8309
24.875 71.875 0.53773
24.875 72.125 0.36263
24.875 72.375 1.0725
24.875 72.625 0.7128
24.875 72.875 0.59173
24.875 73.125 0.82038
24.875 73.375 1.4862
24.875 73.625 1.8793
24.875 73.875 1.5628
24.875 74.125 1.4321
24.875 74.375 1.852
24.875 74.625 1.7782
24.875 74.875 1.6783
24.875 75.125 2.2493
24.875 75.375 1.9776
24.875 75.625 1.2823
24.875 75.875 2.1281
24.875 76.125 2.5525
24.875 76.375 3.0421
24.875 76.625 2.8673
24.875 76.875 2.0604
24.875 77.125 1.7434
24.875 77.375 1.7357
24.875 77.625 1.2733
24.875 77.875 0.79331
24.875 78.125 1.1234
24.875 78.375 1.201
24.875 78.625 0.48212
24.875 78.875 1.9863
24.875 79.125 1.2169
24.875 79.375 0.78035
24.875 79.625 0.64517
24.875 79.875 0.62112
24.875 80.125 0.3364
24.875 80.375 0.86837
24.875 80.625 0.88489
24.875 80.875 0.039059
24.875 81.125 -0.93147
24.875 81.375 -0.56806
24.875 81.625 0.58298
24.875 81.875 0.40269
24.875 82.125 -0.032793
24.875 82.375 -0.23165
24.875 82.625 1.9368
24.875 82.875 0.30676
24.875 83.125 -0.17331
24.875 83.375 -0.39438
24.875 83.625 0.5815
24.875 83.875 0.11605
24.875 84.125 0.19582
24.875 84.375 -1.1476
24.875 84.625 -0.76485
24.875 84.875 -0.032498
24.875 85.125 -0.10277
24.875 85.375 -0.39722
24.875 85.625 -0.55741
24.875 85.875 -0.1459
24.875 86.125 -1.0155
24.875 86.375 -0.66402
24.875 86.625 -0.69964
24.875 86.875 -1.2137
24.875 87.125 -1.325
24.875 87.375 -0.61081
24.875 87.625 -0.74303
24.875 87.875 -0.50614
24.875 88.125 0.098881
24.875 92.625 -0.37008
24.875 92.875 -0.03522
24.875 93.125 0.64761
24.875 93.375 -0.093332
24.875 93.625 0.11032
24.875 93.875 0.10592
24.875 94.125 -0.021466
24.875 94.375 -0.050993
25.125 71.125 0.70851
25.125 71.375 0.69263
25.125 71.625 0.54844
25.125 71.875 1.0163
25.125 72.125 0.98814
25.125 72.375 2.6163
25.125 72.625 2.0541
25.125 72.875 0.70962
25.125 73.125 1.0334
25.125 73.375 1.9868
25.125 73.625 1.87
25.125 73.875 1.0943
25.125 74.125 1.1727
25.125 74.375 1.8924
25.125 74.625 2.5396
25.125 74.875 2.1753
25.125 75.125 3.0567
25.125 75.375 2.2059
25.125 75.625 2.6694
25.125 75.875 2.1368
25.125 76.125 2.9313
25.125 76.375 3.1754
25.125 76.625 2.8032
25.125 76.875 2.0818
25.125 77.125 1.8698
25.125 77.375 1.6607
25.125 77.625 1.4977
25.125 77.875 1.3967
25.125 78.125 1.3604
25.125 78.375 0.77329
25.125 78.625 0.38159
25.125 78.875 0.35373
25.125 79.125 0.89184
25.125 79.375 0.83725
25.125 79.625 0.42636
25.125 79.875 1.3205
25.125 80.125 0.33348
25.125 80.375 0.98734
25.125 80.625 0.72041
25.125 80.875 0.091797
25.125 81.125 -0.93338
25.125 81.375 -0.45351
25.125 81.625 -1.3308
25.125 81.875 -0.56747
25.125 82.125 0.44858
25.125 82.375 1.6786
25.125 82.625 1.667
25.125 82.875 0.23544
25.125 83.125 -0.21046
25.125 83.375 -0.31032
25.125 83.625 -0.028757
25.125 83.875 0.21635
25.125 84.125 0.23096
25.125 84.375 -0.59306
25.125 84.625 -0.11227
25.125 84.875 -0.33641
25.125 85.125 0.16247
25.125 85.375 0.66207
25.125 85.625 -0.66697
25.125 85.875 -0.028906
25.125 86.125 0.0041
25.125 86.375 -0.29232
25.125 86.625 -0.78017
25.125 86.875 -1.4742
25.125 87.125 -1.177
25.125 87.375 -0.72848
25.125 87.625 -0.56078
25.125 87.875 -0.60849
25.125 88.125 -0.01211
25.125 88.375 -0.16073
25.125 92.375 -1.0526
25.125 92.625 -0.80718
25.125 92.875 0.20225
25.125 93.125 0.56952
25.125 93.375 0.17142
25.125 93.625 0.082727
25.125 93.875 -0.040882
25.125 94.125 -0.039995
25.125 94.375 -0.088213
25.375 70.875 -0.087477
25.375 71.125 0.064088
25.375 71.375 0.36645
25.375 71.625 1.0479
25.375 71.875 1.2361
25.375 72.125 1.4794
25.375 72.375 2.5016
25.375 72.625 2.1664
25.375 72.875 1.5649
25.375 73.125 1.8805
25.375 73.375 2.4203
25.375 73.625 2.0762
25.375 73.875 1.0548
25.375 74.125 1.3659
25.375 74.375 1.6305
25.375 74.625 2.8696
25.375 74.875 3.2319
25.375 75.125 3.0471
25.375 75.375 3.0934
25.375 75.625 3.4064
25.375 75.875 3.0271
25.375 76.125 3.935
25.375 76.375 4.1732
25.375 76.625 2.8581
25.375 76.875 1.9953
25.375 77.125 1.8225
25.375 77.375 1.8172
25.375 77.625 2.0541
25.375 77.875 1.8974
25.375 78.125 1.1822
25.375 78.375 1.0587
25.375 78.625 -0.55582
25.375 78.875 -0.68523
25.375 79.125 -0.2398
25.375 79.375 0.80978
25.375 79.625 0.87063
25.375 79.875 1.3332
25.375 80.125 0.92843
25.375 80.375 0.57153
25.375 80.625 0.47086
25.375 80.875 -0.76159
25.375 81.125 -0.70374
25.375 81.375 -0.13515
25.375 81.625 -0.38037
25.375 81.875 -1.5073
25.375 82.125 -0.75415
25.375 82.375 -0.17427
25.375 82.625 0.20197
25.375 82.875 0.15648
25.375 83.125 -0.47333
25.375 83.375 0.067968
25.375 83.625 0.20607
25.375 83.875 0.18988
25.375 84.125 0.52032
25.375 84.375 0.23513
25.375 84.625 -0.2165
25.375 84.875 0.1743
25.375 85.125 -0.19591
25.375 85.375 0.29688
25.375 85.625 0.55752
25.375 85.875 0.73015
25.375 86.125 1.2716
25.375 86.375 0.49552
25.375 86.625 -0.46471
25.375 86.875 -1.0379
25.375 87.125 -0.96957
25.375 87.375 -0.87695
25.375 87.625 -0.54765
25.375 87.875 -0.79947
25.375 88.125 -0.22674
25.375 88.375 -0.29594
25.375 88.625 -0.61089
25.375 90.125 0.30781
25.375 90.375 -0.16819
25.375 90.625 -0.27435
25.375 90.875 -0.25792
25.375 91.125 0.080003
25.375 91.375 0.067614
25.375 91.625 -0.40005
25.375 91.875 -0.50913
25.375 92.125 -0.98413
25.375 92.375 -1.4191
25.375 92.625 -0.81078
25.375 92.875 0.29071
25.375 93.125 0.08932
25.375 93.375 -0.079457
25.375 93.625 0.55293
25.375 93.875 0.093137
25.375 94.125 0.20256
25.375 94.375 0.45804
25.625 70.875 -0.15797
25.625 71.125 0.23163
25.625 71.375 0.34818
25.625 71.625 0.7855
25.625 71.875 1.4104
25.625 72.125 1.1177
25.625 72.375 1.3375
25.625 72.625 0.63787
25.625 72.875 0.88203
25.625 73.125 1.8995
25.625 73.375 2.0391
25.625 73.625 1.5908
25.625 73.875 1.9339
25.625 74.125 1.8205
25.625 74.375 2.1382
25.625 74.625 2.6122
25.625 74.875 3.479
25.625 75.125 3.02
25.625 75.375 3.8867
25.625 75.625 4.6677
25.625 75.875 3.9772
25.625 76.125 3.4853
25.625 76.375 3.6948
25.625 76.625 2.694
25.625 76.875 1.4866
25.625 77.125 1.5766
25.625 77.375 2.0167
25.625 77.625 1.948
25.625 77.875 1.3843
25.625 78.125 0.72067
25.625 78.375 -0.26419
25.625 78.625 -0.53372
25.625 78.875 -0.72361
25.625 79.125 0.3829
25.625 79.375 1.073
25.625 79.625 1.505
25.625 79.875 1.3658
25.625 80.125 1.259
25.625 80.375 0.14213
25.625 80.625 -0.89961
25.625 80.875 -1.1606
25.625 81.125 -0.65531
25.625 81.375 -0.76331
25.625 81.625 -0.56838
25.625 81.875 0.15966
25.625 82.125 -0.60328
25.625 82.375 1.043
25.625 82.625 -0.39057
25.625 82.875 -1.0393
25.625 83.125 -0.55486
25.625 83.375 -0.598
25.625 83.625 1.2154
25.625 83.875 0.71902
25.625 84.125 -0.34168
25.625 84.375 -0.36986
25.625 84.625 0.76586
25.625 84.875 0.42424
25.625 85.125 -0.49318
25.625 85.375 -0.46571
25.625 85.625 0.47137
25.625 85.875 0.074764
25.625 86.125 -0.41635
25.625 86.375 -0.26771
25.625 86.625 -1.2347
25.625 86.875 -0.73961
25.625 87.125 -0.66268
25.625 87.375 -1.2459
25.625 87.625 -1.2666
25.625 87.875 -1.1048
25.625 88.125 -0.95119
25.625 90.125 0.2916
25.625 90.375 0.081831
25.625 90.625 -0.39477
25.625 90.875 -0.35088
25.625 91.125 0.64127
25.625 91.375 0.55583
25.625 91.625 -0.0097848
25.625 91.875 -0.41028
25.625 92.125 -1.1019
25.625 92.375 -1.0786
25.625 92.625 -0.65818
25.625 92.875 -0.33419
25.625 93.125 -0.70985
25.625 93.375 -0.35007
25.625 93.625 0.42415
25.625 93.875 0.76481
25.625 94.125 1.2406
25.625 94.375 1.264
25.625 94.625 NaN
25.625 94.875 NaN
25.875 70.375 -0.039774
25.875 70.625 -0.07819
25.875 70.875 0.064721
25.875 71.125 0.17193
25.875 71.375 0.28128
25.875 71.625 0.42021
25.875 71.875 1.3976
25.875 72.125 1.4674
25.875 72.375 1.4793
25.875 72.625 0.51519
25.875 72.875 0.48304
25.875 73.125 1.8125
25.875 73.375 2.5353
25.875 73.625 1.9491
25.875 73.875 1.6348
25.875 74.125 1.449
25.875 74.375 2.3961
25.875 74.625 3.898
25.875 74.875 2.6712
25.875 75.125 2.7576
25.875 75.375 2.8518
25.875 75.625 3.4755
25.875 75.875 3.5406
25.875 76.125 3.057
25.875 76.375 2.732
25.875 76.625 1.626
25.875 76.875 1.1802
25.875 77.125 1.4322
25.875 77.375 1.6476
25.875 77.625 1.4687
25.875 77.875 0.91719
25.875 78.125 0.93203
25.875 78.375 0.23636
25.875 78.625 0.011477
25.875 78.875 -0.35206
25.875 79.125 0.5998
25.875 79.375 0.15713
25.875 79.625 0.054004
25.875 79.875 0.68034
25.875 80.125 0.29146
25.875 80.375 -0.40496
25.875 80.625 -0.57401
25.875 80.875 -0.87041
25.875 81.125 -0.7905
25.875 81.375 -0.19026
25.875 81.625 0.015068
25.875 81.875 0.16447
25.875 82.125 -1.027
25.875 82.375 -0.87042
25.875 82.625 -1.0166
25.875 82.875 -0.47148
25.875 83.125 -0.96742
25.875 83.375 -1.0489
25.875 83.625 0.20496
25.875 83.875 -0.40719
25.875 84.125 1.814
25.875 84.375 -0.10265
25.875 84.625 -0.28667
25.875 84.875 0.18139
25.875 85.125 -0.01204
25.875 85.375 -0.01775
25.875 85.625 0.47438
25.875 85.875 -0.27746
25.875 86.125 -0.21569
25.875 86.375 0.34081
25.875 86.625 -0.25464
25.875 86.875 -0.34835
25.875 87.125 -0.9688
25.875 87.375 -1.4886
25.875 87.625 -1.3776
25.875 87.875 -0.94169
25.875 90.125 -0.9752
25.875 90.375 -0.84553
25.875 90.625 -0.70741
25.875 90.875 -0.44061
25.875 91.125 -0.55588
25.875 91.375 -0.514
25.875 91.625 -0.43077
25.875 91.875 -1.1897
25.875 92.125 -1.086
25.875 92.375 -1.116
25.875 92.625 -0.7509
25.875 92.875 -0.68838
25.875 93.125 -2.1238
25.875 93.375 -1.9578
25.875 93.625 -0.15799
25.875 93.875 1.2049
25.875 94.125 1.3906
25.875 94.375 1.6288
25.875 94.625 1.1997
25.875 94.875 0.95437
26.125 70.375 -0.028134
26.125 70.625 -0.038791
26.125 70.875 0.012013
26.125 71.125 -0.12574
26.125 71.375 0.18774
26.125 71.625 1.0268
26.125 71.875 1.4609
26.125 72.125 1.4328
26.125 72.375 1.3909
26.125 72.625 0.80324
26.125 72.875 0.61482
26.125 73.125 1.0585
26.125 73.375 1.4216
26.125 73.625 1.1037
26.125 73.875 1.4841
26.125 74.125 2.6321
26.125 74.375 3.3274
26.125 74.625 4.0447
26.125 74.875 4.1859
26.125 75.125 3.0173
26.125 75.375 2.7433
26.125 75.625 2.6438
26.125 75.875 3.0294
26.125 76.125 2.7642
26.125 76.375 1.7327
26.125 76.625 1.2729
26.125 76.875 1.476
26.125 77.125 0.75352
26.125 77.375 1.4647
26.125 77.625 1.5981
26.125 77.875 2.0887
26.125 78.125 1.3552
26.125 78.375 1.172
26.125 78.625 0.81145
26.125 78.875 0.503
26.125 79.125 0.37392
26.125 79.375 0.4323
26.125 79.625 -0.64514
26.125 79.875 -0.52
26.125 80.125 0.39564
26.125 80.375 0.081444
26.125 80.625 -0.79417
26.125 80.875 0.66683
26.125 81.125 -0.16261
26.125 81.375 -1.002
26.125 81.625 -0.46725
26.125 81.875 -0.53705
26.125 82.125 -0.99724
26.125 82.375 -1.0038
26.125 82.625 -0.97185
26.125 82.875 -0.65983
26.125 83.125 -0.9941
26.125 83.375 -1.2026
26.125 83.625 -0.98059
26.125 83.875 0.43287
26.125 84.125 1.7777
26.125 84.375 0.29146
26.125 84.625 -0.15513
26.125 84.875 -0.54645
26.125 85.125 -0.71995
26.125 85.375 -0.64779
26.125 85.625 -0.036659
26.125 85.875 2.2593
26.125 86.125 0.26822
26.125 86.375 -0.13066
26.125 86.625 0.37092
26.125 86.875 0.36008
26.125 87.125 -0.6717
26.125 87.375 -0.68756
26.125 87.625 -0.2688
26.125 87.875 -0.38697
26.125 88.125 -0.19171
26.125 89.375 -0.58975
26.125 89.875 -0.99633
26.125 90.125 -1.1482
26.125 90.375 -1.1506
26.125 90.625 -0.91576
26.125 90.875 -0.94925
26.125 91.125 -1.402
26.125 91.375 -1.4755
26.125 91.625 -1.592
26.125 91.875 -1.3228
26.125 92.125 -0.98529
26.125 92.375 -0.86903
26.125 92.625 -0.42833
26.125 92.875 -0.96625
26.125 93.125 -2.0757
26.125 93.375 -1.39
26.125 93.625 -0.35703
26.125 93.875 2.2238
26.125 94.125 2.1356
26.125 94.375 1.4096
26.125 94.625 0.97661
26.125 94.875 0.60632
26.375 70.375 -0.22227
26.375 70.625 -0.15057
26.375 70.875 -0.12545
26.375 71.125 -0.12656
26.375 71.375 0.56471
26.375 71.625 1.7143
26.375 71.875 1.781
26.375 72.125 1.5424
26.375 72.375 1.3961
26.375 72.625 0.89248
26.375 72.875 0.84381
26.375 73.125 1.049
26.375 73.375 1.0832
26.375 73.625 1.9067
26.375 73.875 2.4164
26.375 74.125 2.679
26.375 74.375 2.3307
26.375 74.625 0.45291
26.375 74.875 2.5132
26.375 75.125 2.6253
26.375 75.375 2.5026
26.375 75.625 2.4649
26.375 75.875 2.6845
26.375 76.125 1.9502
26.375 76.375 0.93368
26.375 76.625 1.7108
26.375 76.875 2.2345
26.375 77.125 3.2412
26.375 77.375 2.3302
26.375 77.625 1.8747
26.375 77.875 0.98181
26.375 78.125 0.71476
26.375 78.375 0.044203
26.375 78.625 0.88449
26.375 78.875 0.49371
26.375 79.125 0.60822
26.375 79.375 -0.88481
26.375 79.625 -1.0078
26.375 79.875 0.28638
26.375 80.125 0.72905
26.375 80.375 -0.57646
26.375 80.625 -0.77851
26.375 80.875 -0.15923
26.375 81.125 -0.62777
26.375 81.375 -1.2682
26.375 81.625 -1.1923
26.375 81.875 -1.0874
26.375 82.125 -1.0234
26.375 82.375 -1.0164
26.375 82.625 -1.1179
26.375 82.875 -0.38851
26.375 83.125 -0.72864
26.375 83.375 -1.4298
26.375 83.625 -0.011302
26.375 83.875 0.67571
26.375 84.125 0.54621
26.375 84.375 0.68744
26.375 84.625 -0.094756
26.375 84.875 1.4236
26.375 85.125 0.14458
26.375 85.375 -0.19403
26.375 85.625 0.2549
26.375 85.875 0.68055
26.375 86.125 -0.04681
26.375 86.375 -1.1099
26.375 86.625 -1.1767
26.375 86.875 -0.0552
26.375 87.125 -0.97327
26.375 87.625 -1.3883
26.375 87.875 -0.67881
26.375 88.125 -0.033861
26.375 88.375 -0.24646
26.375 88.875 0.095913
26.375 89.375 0.27957
26.375 89.625 -0.37496
26.375 89.875 -1.0958
26.375 90.125 -1.1303
26.375 90.375 -1.0156
26.375 90.625 -1.7441
26.375 90.875 -1.4403
26.375 91.125 -1.9328
26.375 91.375 -1.7847
26.375 91.625 -1.1533
26.375 91.875 -0.90597
26.375 92.125 -0.59153
26.375 92.375 -0.045461
26.375 92.625 -0.19442
26.375 92.875 -0.62092
26.375 93.125 -0.76629
26.375 93.375 -0.51313
26.375 93.625 -0.12154
26.375 93.875 1.8393
26.375 94.125 1.6686
26.375 94.375 0.75872
26.375 94.625 0.33931
26.375 94.875 0.050351
26.625 69.875 -0.22827
26.625 70.125 -0.27324
26.625 70.375 -0.39772
26.625 70.625 -0.18484
26.625 70.875 -0.12546
26.625 71.125 -0.15818
26.625 71.375 1.1462
26.625 71.625 1.8365
26.625 71.875 1.7733
26.625 72.125 1.3034
26.625 72.375 1.083
26.625 72.625 1.0517
26.625 72.875 1.4138
26.625 73.125 2.2375
26.625 73.375 1.5359
26.625 73.625 2.2712
26.625 73.875 2.6357
26.625 74.125 2.4467
26.625 74.375 2.5497
26.625 74.625 1.9386
26.625 74.875 3.0017
26.625 75.125 2.2241
26.625 75.375 2.9029
26.625 75.625 2.8359
26.625 75.875 1.8205
26.625 76.125 3.152
26.625 76.375 2.3743
26.625 76.625 1.7222
26.625 76.875 1.4528
26.625 77.125 2.0779
26.625 77.375 2.6703
26.625 77.625 2.604
26.625 77.875 0.59924
26.625 78.125 0.65611
26.625 78.375 0.43839
26.625 78.625 0.74543
26.625 78.875 -0.24825
26.625 79.125 -0.93375
26.625 79.375 -0.33516
26.625 79.625 -0.17345
26.625 79.875 -0.17994
26.625 80.125 -0.4039
26.625 80.375 -0.11526
26.625 80.625 -0.6017
26.625 80.875 -0.14925
26.625 81.125 0.032365
26.625 81.375 -0.34727
26.625 81.625 -1.1062
26.625 81.875 -0.11358
26.625 82.125 0.13006
26.625 82.375 -0.72573
26.625 82.625 -1.7518
26.625 82.875 -0.62503
26.625 83.125 -0.46621
26.625 83.375 -0.93764
26.625 83.625 -0.80268
26.625 83.875 -0.56353
26.625 84.125 1.5359
26.625 84.375 0.17418
26.625 84.625 -0.48613
26.625 84.875 0.51518
26.625 85.125 -0.11417
26.625 85.375 -0.37939
26.625 85.625 0.26873
26.625 86.125 -0.26863
26.625 88.375 0.41417
26.625 88.625 0.31046
26.625 88.875 -0.27001
26.625 89.125 -0.15088
26.625 89.375 0.11048
26.625 89.625 -0.069614
26.625 89.875 -1.2987
26.625 90.125 -1.4749
26.625 90.375 -1.0987
26.625 90.625 -1.9555
26.625 90.875 -1.7615
26.625 91.125 -1.9192
26.625 91.375 -1.178
26.625 91.625 -0.95065
26.625 91.875 -0.81225
26.625 92.125 -0.64491
26.625 92.375 -0.41436
26.625 92.625 -0.50103
26.625 92.875 0.18647
26.625 93.125 -0.45665
26.625 93.375 -0.92598
26.625 93.625 -0.61076
26.625 93.875 0.035202
26.625 94.125 -1.1535
26.625 94.375 -0.79672
26.625 94.625 -0.40666
26.625 94.875 -0.319
26.625 95.125 0.020014
26.875 69.625 -0.23171
26.875 69.875 -0.24507
26.875 70.125 -0.25148
26.875 70.375 -0.29864
26.875 70.625 -0.19919
26.875 70.875 -0.15871
26.875 71.125 0.031439
26.875 71.375 1.15
26.875 71.625 1.7004
26.875 71.875 1.5225
26.875 72.125 0.80658
26.875 72.375 0.84655
26.875 72.625 1.1137
26.875 72.875 2.6004
26.875 73.125 2.9755
26.875 73.375 2.3579
26.875 73.625 2.4445
26.875 73.875 2.6327
26.875 74.125 2.5582
26.875 74.375 3.1854
26.875 74.625 3.8333
26.875 74.875 3.6498
26.875 75.125 2.6374
26.875 75.375 3.0188
26.875 75.625 0.99449
26.875 75.875 2.4313
26.875 76.125 3.3261
26.875 76.375 1.9976
26.875 76.625 2.5109
26.875 76.875 1.0689
26.875 77.125 1.0171
26.875 77.375 0.16988
26.875 77.625 1.531
26.875 77.875 0.80106
26.875 78.125 -0.21414
26.875 78.375 -0.10667
26.875 78.625 0.70791
26.875 78.875 -0.32155
26.875 79.125 0.22919
26.875 79.375 0.41298
26.875 79.625 0.23133
26.875 79.875 -0.0048406
26.875 80.125 -0.23309
26.875 80.375 -0.074466
26.875 80.625 -0.32845
26.875 80.875 -0.058974
26.875 81.125 -0.56803
26.875 81.375 -0.55867
26.875 81.625 -1.2777
26.875 81.875 -0.90005
26.875 82.125 -0.49229
26.875 82.375 -1.4644
26.875 82.625 -2.0253
26.875 82.875 -1.4644
26.875 83.125 -1.1762
26.875 83.375 -1.385
26.875 83.625 -1.0019
26.875 83.875 -0.41566
26.875 84.125 1.6663
26.875 84.375 0.98515
26.875 84.625 0.56821
26.875 84.875 0.24765
26.875 88.375 1.1869
26.875 88.625 0.38637
26.875 88.875 -0.18694
26.875 92.375 -1.2451
26.875 92.625 -0.81266
26.875 92.875 0.13217
26.875 93.125 0.2341
26.875 93.375 -1.0576
26.875 93.625 -0.56609
26.875 93.875 0.034984
26.875 94.125 -1.7017
26.875 94.375 -0.5266
26.875 94.625 -0.65076
26.875 94.875 -0.70202
26.875 95.125 -0.41392
26.875 95.375 -0.35559
26.875 95.625 -0.5411
27.125 69.875 -0.26661
27.125 70.125 -0.20419
27.125 70.375 -0.2068
27.125 70.625 -0.24443
27.125 70.875 -0.14713
27.125 71.125 0.52144
27.125 71.375 1.0805
27.125 71.625 1.0946
27.125 71.875 0.69463
27.125 72.125 0.54473
27.125 72.375 0.56429
27.125 72.625 1.1877
27.125 72.875 2.6209
27.125 73.125 2.7252
27.125 73.375 2.3051
27.125 73.625 2.214
27.125 73.875 2.7514
27.125 74.125 2.6552
27.125 74.375 2.6243
27.125 74.625 3.7915
27.125 74.875 2.1232
27.125 75.125 2.5901
27.125 75.375 3.6926
27.125 75.625 3.2948
27.125 75.875 2.6721
27.125 76.125 1.1082
27.125 76.375 0.8439
27.125 76.625 0.5951
27.125 76.875 0.21129
27.125 77.125 1.0548
27.125 77.375 0.3001
27.125 77.625 1.1044
27.125 77.875 0.12751
27.125 78.125 0.4893
27.125 78.375 0.9121
27.125 78.625 -0.81133
27.125 78.875 -0.58584
27.125 79.125 0.35496
27.125 79.375 -0.52117
27.125 79.625 -0.27976
27.125 79.875 -0.18974
27.125 80.125 -0.33084
27.125 80.375 -0.51113
27.125 80.625 -0.93069
27.125 80.875 0.26748
27.125 81.125 -0.31275
27.125 81.375 -0.37374
27.125 81.625 -0.86405
27.125 81.875 -0.76209
27.125 82.125 -0.84007
27.125 82.375 -1.4266
27.125 82.625 -0.7329
27.125 82.875 -0.5412
27.125 83.125 -0.97112
27.125 83.375 0.017586
27.125 83.625 0.27374
27.125 83.875 0.47697
27.125 84.125 0.83672
27.125 84.375 0.99299
27.125 84.625 1.0617
27.125 88.125 0.14878
27.125 88.375 0.7148
27.125 88.625 0.71182
27.125 92.125 -1.4267
27.125 92.375 -1.205
27.125 92.625 -1.1416
27.125 92.875 -0.52806
27.125 93.125 -0.34348
27.125 93.375 0.10275
27.125 93.625 0.51181
27.125 93.875 0.90903
27.125 94.125 0.2984
27.125 94.375 -0.30722
27.125 94.625 -0.8984
27.125 94.875 -0.99402
27.125 95.125 -0.93758
27.125 95.375 -0.4227
27.125 95.625 -0.62526
27.125 95.875 -0.66436
27.375 70.125 -0.23333
27.375 70.375 -0.15619
27.375 70.625 -0.21996
27.375 70.875 0.068707
27.375 71.125 1.0988
27.375 71.375 0.99308
27.375 71.625 0.9575
27.375 71.875 0.41312
27.375 72.125 0.041205
27.375 72.375 0.34178
27.375 72.625 0.55668
27.375 72.875 1.7638
27.375 73.125 2.6668
27.375 73.375 2.7709
27.375 73.625 2.715
27.375 73.875 3.4135
27.375 74.125 3.3821
27.375 74.375 2.6791
27.375 74.625 2.8947
27.375 74.875 2.9841
27.375 75.125 3.2509
27.375 75.375 3.2413
27.375 75.625 3.6475
27.375 75.875 2.5171
27.375 76.125 1.0685
27.375 76.375 1.4668
27.375 76.625 0.74172
27.375 76.875 1.3333
27.375 77.125 1.0597
27.375 77.375 0.20956
27.375 77.625 0.7494
27.375 77.875 0.90723
27.375 78.125 0.80595
27.375 78.375 0.42473
27.375 78.625 -0.27683
27.375 78.875 0.29504
27.375 79.125 -0.70374
27.375 79.375 -0.71518
27.375 79.625 -0.59335
27.375 79.875 -0.21816
27.375 80.125 -0.78324
27.375 80.375 -1.0392
27.375 80.625 -0.857
27.375 80.875 -1.165
27.375 81.125 -0.76633
27.375 81.375 -0.60574
27.375 81.625 -1.6559
27.375 81.875 -0.55787
27.375 82.125 -0.58583
27.375 82.375 -0.97026
27.375 82.625 -0.46551
27.375 82.875 -0.64078
27.375 83.125 -0.80795
27.375 83.625 0.26935
27.375 84.125 0.82765
27.375 84.375 1.0295
27.375 88.125 0.36933
27.375 88.375 -0.76002
27.375 88.625 -1.1554
27.375 92.125 -1.4978
27.375 92.375 -1.3816
27.375 92.625 -1.3286
27.375 92.875 -1.2614
27.375 93.125 -1.4707
27.375 93.375 -1.7654
27.375 93.625 0.24236
27.375 93.875 0.74977
27.375 94.125 1.2503
27.375 94.375 -0.34408
27.375 94.625 -0.25937
27.375 94.875 -0.78292
27.375 95.125 -0.84684
27.375 95.375 -0.82237
27.375 95.625 -0.98206
27.375 95.875 -0.8418
27.375 96.125 -1.0122
27.375 96.375 -0.55416
27.375 96.625 -0.083553
27.375 96.875 -0.1515
27.625 70.125 -0.20591
27.625 70.375 -0.18762
27.625 70.625 -0.095168
27.625 70.875 0.47156
27.625 71.125 1.2225
27.625 71.375 1.0209
27.625 71.625 0.79201
27.625 71.875 0.45739
27.625 72.125 0.062396
27.625 72.375 0.10383
27.625 72.625 0.59438
27.625 72.875 1.0854
27.625 73.125 1.6055
27.625 73.375 2.6338
27.625 73.625 3.1555
27.625 73.875 3.4614
27.625 74.125 3.7523
27.625 74.375 3.3753
27.625 74.625 2.9437
27.625 74.875 3.1258
27.625 75.125 2.3
27.625 75.375 2.7554
27.625 75.625 2.6688
27.625 75.875 1.9698
27.625 76.125 1.0308
27.625 76.375 0.44521
27.625 76.625 1.1452
27.625 76.875 1.7634
27.625 77.125 0.053293
27.625 77.375 0.31414
27.625 77.625 -0.44371
27.625 77.875 0.72405
27.625 78.125 0.40425
27.625 78.375 0.11617
27.625 78.625 -0.72132
27.625 78.875 -0.55499
27.625 79.125 -0.97954
27.625 79.375 -1.1164
27.625 79.625 -0.80075
27.625 79.875 -0.22802
27.625 80.125 -0.50792
27.625 80.375 -0.35321
27.625 80.625 -0.53814
27.625 80.875 -1.194
27.625 81.125 -0.76577
27.625 81.375 -0.3285
27.625 81.625 -0.60192
27.625 81.875 -0.79532
27.625 82.125 -0.66747
27.625 82.375 -0.82472
27.625 82.625 -0.43864
27.625 88.375 -0.61572
27.625 88.625 -0.75079
27.625 91.625 -1.2058
27.625 91.875 -1.3505
27.625 92.125 -1.4439
27.625 92.375 -1.5
27.625 92.625 -1.5583
27.625 92.875 -1.5604
27.625 93.125 -1.5334
27.625 93.375 -1.6141
27.625 93.625 -1.5223
27.625 93.875 -1.8249
27.625 94.125 -0.97795
27.625 94.375 -0.071518
27.625 94.625 -0.72536
27.625 94.875 -1.2824
27.625 95.125 -1.5689
27.625 95.375 -1.3563
27.625 95.625 -1.5198
27.625 95.875 -1.3901
27.625 96.125 -1.1246
27.625 96.375 -0.59351
27.625 96.625 -0.29525
27.625 96.875 -0.25506
27.875 70.375 -0.16969
27.875 71.875 0.33305
27.875 72.125 0.039482
27.875 72.375 0.058233
27.875 72.625 0.64307
27.875 72.875 0.8333
27.875 73.125 0.87689
27.875 73.375 1.8383
27.875 73.625 2.2321
27.875 73.875 2.0856
27.875 74.125 2.6263
27.875 74.375 1.6385
27.875 74.625 2.1624
27.875 74.875 2.4175
27.875 75.125 1.8275
27.875 75.375 2.2149
27.875 75.625 1.838
27.875 75.875 1.8007
27.875 76.125 1.1917
27.875 76.375 1.1045
27.875 76.625 0.5456
27.875 76.875 0.9344
27.875 77.125 0.68677
27.875 77.375 -0.033868
27.875 77.625 -0.39589
27.875 77.875 0.69416
27.875 78.125 0.68277
27.875 78.375 -0.21954
27.875 78.625 -0.031841
27.875 78.875 0.15991
27.875 79.125 -0.66739
27.875 79.375 -0.59318
27.875 79.625 -0.64494
27.875 79.875 0.086108
27.875 80.125 0.23811
27.875 80.375 0.36909
27.875 80.625 -0.70546
27.875 80.875 -1.1521
27.875 81.125 -0.99496
27.875 81.375 -0.41572
27.875 81.625 -0.28639
27.875 88.375 NaN
27.875 88.625 NaN
27.875 92.875 -2.0668
27.875 93.125 -1.9072
27.875 93.375 -1.733
27.875 93.625 -1.9385
27.875 93.875 -2.329
27.875 94.125 -1.3875
27.875 94.375 -0.85011
27.875 94.625 -0.8585
27.875 94.875 -0.73229
27.875 95.125 -0.51342
27.875 95.375 -1.2066
27.875 95.625 -1.5817
27.875 95.875 -1.7796
27.875 96.125 -1.0442
27.875 96.375 -0.99827
27.875 96.625 -0.40935
27.875 96.875 -0.27055
27.875 97.125 -0.41145
28.125 72.125 0.20013
28.125 72.375 0.50623
28.125 72.625 0.96215
28.125 72.875 1.2482
28.125 73.125 1.7435
28.125 73.375 2.0561
28.125 73.625 2.0977
28.125 73.875 1.7979
28.125 74.125 1.275
28.125 74.375 1.3316
28.125 74.625 2.2289
28.125 74.875 2.2208
28.125 75.125 1.4687
28.125 75.375 2.9364
28.125 75.625 1.3346
28.125 75.875 2.1153
28.125 76.125 2.7689
28.125 76.375 1.7342
28.125 76.625 1.4516
28.125 76.875 1.8456
28.125 77.125 1.0465
28.125 77.375 0.040164
28.125 77.625 -0.24311
28.125 77.875 0.44517
28.125 78.125 2.2117
28.125 78.375 0.39379
28.125 78.625 -0.51503
28.125 78.875 -0.32357
28.125 79.125 -0.27526
28.125 79.375 -0.99088
28.125 79.625 -1.0861
28.125 79.875 -0.31469
28.125 80.125 0.068178
28.125 80.375 0.4299
28.125 80.625 0.42546
28.125 80.875 -0.69451
28.125 81.125 -1.3243
28.125 81.375 -0.45897
28.125 92.875 -2.3381
28.125 93.125 -2.1713
28.125 93.375 -2.0874
28.125 93.625 -1.8491
28.125 93.875 -1.8049
28.125 94.125 -1.5153
28.125 94.375 -0.90815
28.125 94.625 -0.82707
28.125 94.875 -0.7782
28.125 95.125 -0.46585
28.125 95.375 -0.55798
28.125 95.625 -1.5543
28.125 95.875 -1.6228
28.125 96.125 -1.1173
28.125 96.375 -0.50554
28.125 96.625 -0.44053
28.125 96.875 -0.35532
28.125 97.125 -0.27227
28.375 72.375 0.48428
28.375 72.625 0.78582
28.375 72.875 1.3357
28.375 73.125 1.5879
28.375 73.375 1.9158
28.375 73.625 2.0043
28.375 73.875 1.5754
28.375 74.125 1.0922
28.375 74.375 1.1637
28.375 74.625 2.3549
28.375 74.875 2.3151
28.375 75.125 1.7127
28.375 75.375 1.9486
28.375 75.625 1.7857
28.375 75.875 2.23
28.375 76.125 1.6419
28.375 76.375 2.0465
28.375 76.625 1.8861
28.375 76.875 1.8105
28.375 77.125 0.46039
28.375 77.375 -0.2658
28.375 77.625 0.075033
28.375 77.875 -0.18898
28.375 78.125 1.0284
28.375 78.375 0.37725
28.375 78.625 -0.87328
28.375 78.875 -0.70693
28.375 79.125 -0.044022
28.375 79.375 -0.30612
28.375 79.625 -0.77565
28.375 79.875 -0.45024
28.375 80.125 -0.26647
28.375 80.375 -0.24397
28.375 80.625 -0.016841
28.375 80.875 -0.50268
28.375 81.125 -0.63062
28.375 93.375 -2.285
28.375 93.625 -1.6045
28.375 93.875 -1.0478
28.375 94.125 -1.0637
28.375 94.375 -0.66044
28.375 94.625 -0.51598
28.375 94.875 -0.48147
28.375 95.125 -0.55122
28.375 95.375 -0.85222
28.375 95.625 -0.82825
28.375 95.875 -0.74824
28.375 96.125 -1.2741
28.375 96.625 -0.51256
28.625 72.375 0.74572
28.625 72.625 1.3303
28.625 72.875 1.9384
28.625 73.125 1.6571
28.625 73.375 2.1318
28.625 73.625 2.271
28.625 73.875 1.9832
28.625 74.125 1.8623
28.625 74.375 2.3209
28.625 74.625 2.8203
28.625 74.875 2.4902
28.625 75.125 1.6863
28.625 75.375 0.85155
28.625 75.625 -0.26276
28.625 75.875 -0.14212
28.625 76.125 1.2436
28.625 76.375 1.8121
28.625 76.625 2.931
28.625 76.875 1.4809
28.625 77.125 -0.29741
28.625 77.375 -0.2242
28.625 77.625 -0.50274
28.625 77.875 -0.60916
28.625 78.125 0.3121
28.625 78.375 0.26616
28.625 78.625 -0.8156
28.625 78.875 -0.72802
28.625 79.125 0.46856
28.625 79.375 -0.14001
28.625 79.625 0.42321
28.625 79.875 0.31002
28.625 80.125 0.21416
28.625 80.375 0.096743
28.625 80.625 -0.20699
28.625 93.625 -0.97795
28.625 93.875 NaN
28.625 94.125 -0.68272
28.625 94.375 -1.1482
28.625 94.625 -0.45724
28.625 94.875 -0.36046
28.625 95.125 -0.40237
28.625 95.375 -0.57512
28.625 95.625 -0.97208
28.625 95.875 -1.0725
28.625 96.125 -1.1722
28.625 96.375 2.5465
28.875 72.875 2.4252
28.875 73.125 3.4206
28.875 73.375 4.4886
28.875 73.625 4.1569
28.875 73.875 4.1673
28.875 74.125 3.5323
28.875 74.375 2.9701
28.875 74.625 3.1697
28.875 74.875 3.161
28.875 75.125 1.5971
28.875 75.375 1.0486
28.875 75.625 0.96181
28.875 75.875 0.5335
28.875 76.125 1.1659
28.875 76.375 1.2287
28.875 76.625 0.93529
28.875 76.875 0.34006
28.875 77.125 1.2365
28.875 77.375 0.57188
28.875 77.625 0.31182
28.875 77.875 0.095986
28.875 78.125 0.075916
28.875 78.375 -0.11671
28.875 78.625 -0.51882
28.875 78.875 -0.56253
28.875 79.125 1.1939
28.875 79.375 1.1708
28.875 79.625 0.8311
28.875 79.875 0.88918
28.875 94.125 -0.72831
28.875 94.375 -0.64296
28.875 94.625 -0.65136
28.875 94.875 -0.28015
28.875 95.125 -0.22462
28.875 95.375 -0.61143
28.875 95.625 -0.85985
28.875 95.875 -0.9629
28.875 96.125 -0.72613
28.875 96.375 2.3471
29.125 73.125 3.6292
29.125 73.375 4.6565
29.125 73.625 4.2493
29.125 73.875 4.3255
29.125 74.125 3.4891
29.125 74.375 3.1181
29.125 74.625 2.8337
29.125 74.875 2.3493
29.125 75.125 1.0014
29.125 75.375 1.6944
29.125 75.625 1.5412
29.125 75.875 0.72083
29.125 76.125 0.28645
29.125 76.375 -0.29448
29.125 76.625 0.22049
29.125 76.875 0.24168
29.125 77.125 -0.27383
29.125 77.375 0.10204
29.125 77.625 0.56214
29.125 77.875 0.86627
29.125 78.125 0.70093
29.125 78.375 0.66595
29.125 78.625 0.46677
29.125 78.875 -0.28867
29.125 79.125 1.1167
29.125 79.375 1.217
29.125 79.625 -0.28679
29.125 79.875 0.14276
29.125 80.125 0.25002
29.125 94.375 -0.55948
29.125 94.625 -0.44256
29.125 94.875 -0.3166
29.125 95.625 -0.17471
29.125 95.875 0.36292
29.125 96.125 1.7204
29.375 73.375 3.0002
29.375 73.625 3.9061
29.375 73.875 4.1335
29.375 74.125 4.076
29.375 74.375 1.5689
29.375 74.625 1.4635
29.375 74.875 1.9534
29.375 75.125 1.4287
29.375 75.375 0.92205
29.375 75.625 0.85462
29.375 75.875 -0.13326
29.375 76.125 0.63077
29.375 76.375 -0.12507
29.375 76.625 0.23831
29.375 76.875 -0.70708
29.375 77.125 -0.92271
29.375 77.375 0.13505
29.375 77.625 0.82483
29.375 77.875 1.3596
29.375 78.125 0.55779
29.375 78.375 0.69266
29.375 78.625 -0.55859
29.375 78.875 -0.29106
29.375 79.125 0.3293
29.375 79.375 0.58597
29.375 79.625 -0.62403
29.375 79.875 0.018856
29.375 80.125 0.53517
29.375 96.125 3.1758
29.625 73.375 2.6043
29.625 73.625 2.9293
29.625 73.875 3.4333
29.625 74.125 3.5158
29.625 74.375 1.748
29.625 74.625 0.46229
29.625 74.875 1.0001
29.625 75.125 0.70778
29.625 75.375 0.50253
29.625 75.625 1.7578
29.625 75.875 0.28979
29.625 76.125 -0.060701
29.625 76.375 0.73374
29.625 76.625 0.43847
29.625 76.875 0.76031
29.625 77.125 0.20481
29.625 77.375 -0.67286
29.625 77.625 0.73648
29.625 77.875 0.95249
29.625 78.125 0.85034
29.625 78.375 -0.16368
29.625 78.625 -0.77954
29.625 78.875 -0.56505
29.625 79.125 -0.10747
29.625 79.375 0.2952
29.625 79.625 0.087145
29.625 79.875 0.86841
29.625 80.125 0.91835
29.875 73.625 2.9465
29.875 73.875 2.6491
29.875 74.125 2.5103
29.875 74.375 0.42027
29.875 74.625 0.20189
29.875 74.875 0.24636
29.875 75.125 0.70015
29.875 75.375 0.96337
29.875 75.625 0.92745
29.875 75.875 0.49841
29.875 76.125 0.63023
29.875 76.375 0.44977
29.875 76.625 1.3512
29.875 76.875 -0.11151
29.875 77.125 0.49597
29.875 77.375 0.2986
29.875 77.625 1.0204
29.875 77.875 2.9672
29.875 78.125 -1.1562
29.875 78.375 0.51232
29.875 78.625 0.13174
29.875 78.875 0.80827
29.875 79.125 0.020547
29.875 79.375 0.32287
29.875 79.625 3.1241
29.875 79.875 0.89227
29.875 80.125 1.0479
29.875 80.375 0.85519
30.125 74.125 1.1241
30.125 74.375 0.38521
30.125 74.625 0.18427
30.125 74.875 0.72674
30.125 75.125 1.1945
30.125 75.375 1.4719
30.125 75.625 1.5332
30.125 75.875 0.051298
30.125 76.125 0.23496
30.125 76.375 -0.22594
30.125 76.625 0.072841
30.125 76.875 0.12832
30.125 77.125 0.92909
30.125 77.375 -0.50362
30.125 77.625 1.3534
30.125 77.875 1.519
30.125 78.125 1.1292
30.125 78.375 1.072
30.125 78.625 1.5758
30.125 78.875 2.0486
30.125 79.125 1.6321
30.125 79.375 1.9086
30.125 79.625 3.2664
30.125 79.875 0.98988
30.125 80.125 0.76711
30.125 80.375 1.0115
30.125 80.625 0.88327
30.375 74.125 0.93268
30.375 74.375 0.66488
30.375 74.625 1.1297
30.375 74.875 1.1043
30.375 75.125 1.5211
30.375 75.375 1.4324
30.375 75.625 0.78509
30.375 75.875 0.030086
30.375 76.125 -0.21737
30.375 76.375 -0.26493
30.375 76.625 -0.60791
30.375 76.875 -0.18043
30.375 77.125 0.82969
30.375 77.375 0.79545
30.375 77.625 1.644
30.375 77.875 0.88266
30.375 78.125 0.57247
30.375 78.375 -0.24409
30.375 78.625 1.9094
30.375 78.875 1.692
30.375 79.125 2.1005
30.375 79.375 1.3618
30.375 79.625 2.5533
30.375 79.875 2.191
30.375 80.125 1.4973
30.375 80.375 0.67095
30.375 80.625 0.36949
30.625 74.375 0.5469
30.625 74.625 0.67002
30.625 74.875 0.69797
30.625 75.125 1.5874
30.625 75.375 1.5785
30.625 75.625 1.1189
30.625 75.875 0.73524
30.625 76.125 -0.30985
30.625 76.375 -0.81555
30.625 76.625 0.53917
30.625 76.875 2.0262
30.625 77.125 0.90506
30.625 77.375 0.77745
30.625 77.625 0.32599
30.625 77.875 0.63477
30.625 78.125 0.80774
30.625 78.375 0.011069
30.625 78.625 0.3539
30.625 78.875 1.6656
30.625 79.125 1.6551
30.625 79.375 1.2527
30.625 79.625 2.6716
30.625 79.875 2.2147
30.625 80.125 1.754
30.875 74.625 0.03239
30.875 74.875 1.3772
30.875 75.125 3.5163
30.875 75.375 1.0426
30.875 75.625 1.1048
30.875 75.875 0.72626
30.875 76.125 0.72688
30.875 76.375 1.4213
30.875 76.625 1.6939
30.875 76.875 1.3761
30.875 77.125 2.5191
30.875 77.375 1.1068
30.875 77.625 0.91331
30.875 77.875 1.2821
30.875 78.125 0.89303
30.875 78.375 0.30292
30.875 78.625 0.32452
30.875 78.875 1.0671
30.875 79.125 1.5514
30.875 79.375 NaN
30.875 79.625 NaN
30.875 79.875 NaN
31.125 74.875 0.7211
31.125 75.125 2.7625
31.125 75.375 0.71433
31.125 75.625 0.38467
31.125 75.875 0.74537
31.125 76.125 3.2284
31.125 76.375 2.477
31.125 76.625 1.8202
31.125 76.875 3.592
31.125 77.125 3.3254
31.125 77.375 1.082
31.125 77.625 2.0288
31.125 77.875 1.2004
31.125 78.125 -0.05819
31.125 78.375 0.12296
31.125 78.625 -0.022269
31.125 78.875 NaN
31.125 79.125 NaN
31.375 74.875 0.49965
31.375 75.125 0.98449
31.375 75.375 0.52155
31.375 75.625 1.3422
31.375 75.875 2.5114
31.375 76.125 1.9313
31.375 76.375 2.999
31.375 76.625 2.1471
31.375 76.875 3.3435
31.375 77.125 2.9732
31.375 77.375 2.0773
31.375 77.625 1.6387
31.375 77.875 0.48037
31.375 78.125 -0.3692
31.375 78.375 -0.19487
31.375 78.625 0.071325
31.625 74.875 0.88536
31.625 75.125 1.1864
31.625 75.375 0.81344
31.625 75.625 1.3489
31.625 75.875 1.3603
31.625 76.125 1.8833
31.625 76.375 2.2515
31.625 76.625 2.8928
31.625 76.875 2.3449
31.625 77.125 2.9294
31.625 77.375 2.7837
31.625 77.625 1.8898
31.625 77.875 0.39653
31.625 78.125 -0.44953
31.625 78.375 -0.20732
31.625 78.625 -0.075118
31.875 74.875 1.7903
31.875 75.125 1.5161
31.875 75.375 0.76149
31.875 75.625 0.51031
31.875 75.875 0.85235
31.875 76.125 1.7255
31.875 76.375 1.438
31.875 76.625 1.8628
31.875 76.875 2.3011
31.875 77.125 1.7153
31.875 77.375 1.83
31.875 77.625 1.7581
31.875 77.875 0.282
31.875 78.125 -0.34744
31.875 78.375 -0.33549
31.875 78.625 -0.32872
32.125 75.375 2.0004
32.125 75.625 1.8245
32.125 75.875 0.89966
32.125 76.125 0.094644
32.125 76.375 0.71382
32.125 76.625 1.5981
32.125 76.875 1.2426
32.125 77.125 1.6113
32.125 77.375 0.66335
32.125 77.625 0.16746
32.125 77.875 -0.16186
32.125 78.125 -0.71387
32.125 78.375 -0.79632
32.375 75.375 2.8093
32.375 75.625 2.5383
32.375 75.875 1.721
32.375 76.125 -0.17331
32.375 76.375 0.18981
32.375 76.625 1.0777
32.375 76.875 1.1731
32.375 77.125 1.4067
32.375 77.375 0.37733
32.375 77.625 -0.25223
32.375 77.875 -0.50504
32.375 78.125 -0.99194
32.375 78.375 -1.1412
32.625 74.875 2.0269
32.625 75.125 1.5942
32.625 75.375 1.773
32.625 75.625 2.0074
32.625 75.875 1.5638
32.625 76.125 0.52406
32.625 76.375 0.46238
32.625 76.625 1.0045
32.625 76.875 1.418
32.625 77.125 1.1602
32.625 77.375 0.52291
32.625 77.625 0.038985
32.625 77.875 -0.065835
32.625 78.125 -0.98798
32.625 78.375 -1.0105
32.625 78.625 -0.9264
32.625 78.875 -0.79052
32.625 79.125 -0.31863
32.625 79.375 -0.44287
32.875 74.375 2.9234
32.875 74.625 2.7402
32.875 74.875 2.8066
32.875 75.125 1.7379
32.875 75.375 1.2996
32.875 75.625 0.93873
32.875 75.875 0.74416
32.875 76.125 0.89127
32.875 76.375 0.60861
32.875 76.625 1.0006
32.875 76.875 1.5729
32.875 77.125 1.098
32.875 77.375 0.6944
32.875 77.625 0.11289
32.875 77.875 -0.13485
32.875 78.125 -0.6072
32.875 78.375 -0.90117
32.875 78.625 -0.73117
32.875 78.875 -0.51672
32.875 79.125 -0.25291
32.875 79.375 0.046384
33.125 73.875 1.1355
33.125 74.125 1.3571
33.125 74.375 2.8657
33.125 74.625 3.6294
33.125 74.875 3.305
33.125 75.125 1.926
33.125 75.375 0.64311
33.125 75.625 0.28488
33.125 75.875 0.64753
33.125 76.125 0.73806
33.125 76.375 0.92593
33.125 76.625 1.0108
33.125 76.875 1.3666
33.125 77.125 0.98969
33.125 77.375 0.40546
33.125 77.625 -0.01112
33.125 77.875 -0.21921
33.125 78.125 -0.18094
33.125 78.375 -0.38258
33.125 78.625 -0.4893
33.125 78.875 -0.44005
33.125 79.125 -0.16345
33.375 73.875 1.4935
33.375 74.125 1.818
33.375 74.375 1.1646
33.375 74.625 1.0178
33.375 74.875 1.3703
33.375 75.125 0.51031
33.375 75.375 0.82391
33.375 75.625 0.60139
33.375 75.875 1.2352
33.375 76.125 1.1847
33.375 76.375 1.2915
33.375 76.625 0.80119
33.375 76.875 0.70276
33.375 77.125 0.89702
33.375 77.375 0.092523
33.375 77.625 -0.29321
33.375 77.875 -0.26746
33.375 78.125 -0.07776
33.375 78.375 -0.13199
33.375 78.625 -0.27914
33.375 78.875 -0.4211
33.625 73.875 0.17212
33.625 74.125 0.27868
33.625 74.375 -0.36517
33.625 74.625 -0.53835
33.625 74.875 1.1552
33.625 75.125 0.82367
33.625 75.375 0.93578
33.625 75.625 0.74329
33.625 75.875 0.71175
33.625 76.125 0.17559
33.625 76.375 0.37738
33.625 76.625 -0.029712
33.625 76.875 0.37098
33.625 77.125 0.11665
33.625 77.375 0.10076
33.625 77.625 -0.041953
33.625 77.875 -0.069895
33.625 78.125 -0.070039
33.625 78.375 -0.31231
33.625 78.625 -0.50941
33.625 78.875 -0.56657
33.875 73.875 0.18389
33.875 74.125 0.070055
33.875 74.375 -0.18131
33.875 74.625 0.54139
33.875 74.875 0.41797
33.875 75.125 0.75362
33.875 75.375 1.1342
33.875 75.625 0.5986
33.875 75.875 0.060163
33.875 76.125 -0.11758
33.875 76.375 -0.035791
33.875 76.625 0.071453
33.875 76.875 -0.22493
33.875 77.125 -0.012427
33.875 77.375 0.019122
33.875 77.625 0.13147
33.875 77.875 0.12032
33.875 78.125 -0.20856
33.875 78.375 -0.63114
33.875 78.625 -0.47415
33.875 78.875 -0.41571
34.125 73.625 -0.32875
34.125 73.875 -0.23478
34.125 74.125 -0.035564
34.125 74.375 -0.65348
34.125 74.625 -0.09551
34.125 74.875 -0.28602
34.125 75.125 0.12559
34.125 75.375 0.32476
34.125 75.625 -0.043318
34.125 75.875 -0.45999
34.125 76.125 -0.46805
34.125 76.375 -0.10309
34.125 76.625 0.0051978
34.125 76.875 -0.18918
34.125 77.125 -0.12661
34.125 77.375 -0.036269
34.125 77.625 0.12536
34.125 77.875 0.024512
34.125 78.125 -0.38414
34.125 78.375 -0.66184
34.125 78.625 -0.57241
34.125 78.875 -0.38255
34.125 79.125 -0.14377
34.125 79.375 -0.18355
34.375 73.625 -0.3982
34.375 73.875 -0.69658
34.375 74.125 -0.95232
34.375 74.375 -0.80023
34.375 74.625 -0.47779
34.375 74.875 -0.16713
34.375 75.125 0.13432
34.375 75.375 -0.31148
34.375 75.625 -0.62264
34.375 75.875 -0.71359
34.375 76.125 -0.62292
34.375 76.375 -0.16099
34.375 76.625 -0.35053
34.375 76.875 -0.4621
34.375 77.125 -0.43052
34.375 77.375 -0.35542
34.375 77.625 -0.11402
34.375 77.875 -0.10262
34.375 78.125 -0.34954
34.375 78.375 -0.18583
34.375 78.625 -0.27949
34.375 78.875 -0.23931
34.375 79.125 -0.16145
34.375 79.375 -0.15224
34.625 73.875 -0.79247
34.625 74.125 -1.0626
34.625 74.375 -0.9208
34.625 74.625 -0.82852
34.625 74.875 -0.48182
34.625 75.125 0.075104
34.625 75.375 -0.64516
34.625 75.625 -0.86739
34.625 75.875 -0.82856
34.625 76.125 -0.63646
34.625 76.375 -0.53575
34.625 76.625 -0.61402
34.625 76.875 -0.69875
34.625 77.125 -0.63843
34.625 77.375 -0.57963
34.625 77.625 -0.38287
34.625 77.875 -0.47336
34.625 78.125 -0.43181
34.625 78.375 -0.37492
34.625 78.625 -0.41488
34.625 78.875 -0.32998
34.625 79.125 -0.16689
34.625 79.375 0.06483
34.625 79.625 0.063144
34.875 74.125 -0.85944
34.875 74.375 -0.93177
34.875 74.625 -0.73968
34.875 74.875 -0.53411
34.875 75.125 -0.62597
34.875 75.375 -0.90038
34.875 75.625 -0.8995
34.875 75.875 -0.94815
34.875 76.125 -0.78605
34.875 76.375 -0.62812
34.875 76.625 -0.6711
34.875 76.875 -0.74209
34.875 77.125 -0.75153
34.875 77.375 -0.75686
34.875 77.625 -0.79321
34.875 77.875 -0.58165
34.875 78.125 -0.51344
34.875 78.375 -0.45858
34.875 78.625 -0.10505
34.875 78.875 -0.25866
34.875 79.125 -0.11037
34.875 79.375 -0.092726
34.875 79.625 0.1407
34.875 79.875 0.26034
35.125 74.375 -0.43897
35.125 74.625 -0.3792
35.125 74.875 -0.41104
35.125 75.125 -0.79008
35.125 75.375 -0.86441
35.125 75.625 -0.95464
35.125 75.875 -0.84228
35.125 76.125 -0.915
35.125 76.375 -0.85188
35.125 76.625 -0.75558
35.125 76.875 -0.93268
35.125 77.125 -0.95873
35.125 77.375 -0.96412
35.125 77.625 -1.0767
35.125 77.875 -0.84232
35.125 78.125 -0.75326
35.125 78.375 -0.53496
35.125 78.625 -0.01006
35.125 78.875 0.12082
35.125 79.125 -0.22396
35.125 79.375 -0.10056
35.125 79.625 -0.097761
35.125 79.875 0.87536
35.375 73.875 -0.64698
35.375 74.125 -0.54004
35.375 74.375 -0.28854
35.375 74.625 -0.41747
35.375 74.875 -0.43832
35.375 75.125 -0.82563
35.375 75.375 -1.0058
35.375 75.625 -1.1153
35.375 75.875 -1.0806
35.375 76.125 -1.275
35.375 76.375 -1.1985
35.375 76.625 -1.0516
35.375 76.875 -0.99265
35.375 77.125 -0.92848
35.375 77.375 -0.91772
35.375 77.625 -0.94881
35.375 77.875 -0.95928
35.375 78.125 -0.9555
35.375 78.375 -0.35084
35.375 78.625 -0.094599
35.375 78.875 -0.07764
35.375 79.125 -0.25462
35.375 79.375 0.0032028
35.375 79.625 -0.12686
35.375 79.875 -0.18579
35.375 80.125 NaN
35.625 73.375 -0.80338
35.625 73.625 -0.81977
35.625 73.875 -0.84122
35.625 74.125 -0.96433
35.625 74.375 -0.95152
35.625 74.625 -0.81615
35.625 74.875 -0.74836
35.625 75.125 -1.2335
35.625 75.375 -1.5334
35.625 75.625 -1.5339
35.625 75.875 -1.3453
35.625 76.125 -1.5429
35.625 76.375 -1.1581
35.625 76.625 -1.2142
35.625 76.875 -1.2124
35.625 77.125 -1.0968
35.625 78.375 -0.32555
35.625 78.625 -0.52842
35.625 78.875 -0.57591
35.625 79.125 -0.23984
35.625 79.375 -0.058855
35.625 79.625 -0.14349
35.625 79.875 -0.3065
35.625 80.125 0.14522
35.875 73.125 0.15231
35.875 73.375 -0.16009
35.875 73.625 -0.70446
35.875 73.875 -0.90927
35.875 74.125 -0.84026
35.875 74.375 -1.2636
35.875 74.625 -1.1652
35.875 74.875 -1.1772
35.875 75.125 -1.3564
35.875 75.375 -1.7128
35.875 75.625 -1.8803
35.875 75.875 -1.7201
35.875 76.125 -1.6889
35.875 76.375 -1.5612
35.875 76.625 -1.4498
35.875 79.375 -0.23552
36.125 72.625 0.53582
36.125 72.875 NaN
36.125 73.125 NaN
36.125 73.375 0.1432
36.125 73.625 -0.1253
36.125 73.875 -0.43077
36.125 74.125 -0.88537
36.125 74.375 -1.1841
36.125 74.625 -1.5762
36.125 74.875 -1.2977
36.125 75.125 -1.2357
36.125 75.375 -1.8522
36.125 75.625 -2.238
36.125 75.875 -1.8271
36.125 76.125 -1.4015
36.125 76.375 -1.4488
36.125 76.625 -1.4083
36.375 73.125 0.38972
36.375 73.375 0.37778
36.375 73.625 0.22547
36.375 73.875 -0.0003672
36.375 74.125 -0.50779
36.375 74.375 -0.94901
36.375 74.625 -1.1838
36.375 74.875 -1.4541
36.375 75.125 -1.5089
36.375 75.375 -2.0357
36.375 75.625 -2.3828
36.375 75.875 -1.8823
36.375 76.125 -0.81142
36.625 73.375 0.35747
36.625 73.625 0.29289
36.625 73.875 0.13501
36.625 74.125 -0.08356
36.625 74.375 -0.87437
36.625 74.625 -1.2512
36.625 74.875 -1.6213
36.625 75.125 -1.6308
36.625 75.375 -1.8166
36.625 75.625 -1.8374
36.875 73.875 0.2214
36.875 74.375 0.021536
36.875 74.625 -0.69635
36.875 74.875 -1.1697
36.875 75.125 -1.267
36.875 75.375 -1.4861
