8.125 77.375 -0.042983
8.375 77.125 0.021641
8.375 77.375 0.070104
8.375 77.625 0.36205
8.375 77.875 0.20124
8.625 76.875 0.27905
8.625 77.125 1.1592
8.625 77.375 0.17493
8.625 77.625 -0.39003
8.625 77.875 0.083784
8.875 76.875 2.2694
8.875 77.125 0.88971
8.875 77.375 -0.27069
8.875 77.625 -0.72786
8.875 77.875 -0.65677
9.125 76.625 2.8563
9.125 76.875 1.1507
9.125 77.125 0.13387
9.125 77.375 -0.45511
9.125 77.625 -0.59992
9.125 77.875 -0.49959
9.125 78.125 -0.50514
9.125 78.375 NaN
9.375 76.625 1.596
9.375 76.875 1.8917
9.375 77.125 -0.026419
9.375 77.375 -0.43949
9.375 77.625 -0.65044
9.375 77.875 -0.4911
9.375 78.125 0.11761
9.375 78.375 0.99801
9.375 78.625 0.39662
9.375 78.875 NaN
9.625 76.375 0.95494
9.625 76.625 1.5501
9.625 76.875 1.8435
9.625 77.125 1.5099
9.625 77.375 -0.42373
9.625 77.625 -0.41833
9.625 77.875 0.36933
9.625 78.125 0.41038
9.625 78.375 0.80367
9.625 78.625 1.443
9.875 76.625 0.83118
9.875 76.875 0.56516
9.875 77.125 0.53198
9.875 77.375 -0.55037
9.875 77.625 0.94301
9.875 77.875 0.49978
9.875 78.125 0.6709
9.875 78.375 0.70292
9.875 78.625 0.68723
9.875 78.875 0.73883
10.125 76.375 0.70443
10.125 76.625 0.9669
10.125 76.875 1.9187
10.125 77.125 0.87902
10.125 77.375 0.19128
10.125 77.625 -0.062117
10.125 77.875 0.21734
10.125 78.125 0.4344
10.125 78.375 0.95182
10.125 78.625 0.61638
10.125 78.875 0.87527
10.125 79.125 0.90454
10.375 76.375 1.1528
10.375 76.625 0.76757
10.375 76.875 1.5439
10.375 77.125 0.4438
10.375 77.375 0.057475
10.375 77.625 0.77022
10.375 77.875 0.62994
10.375 78.125 0.42859
10.375 78.375 -0.067288
10.375 78.625 1.0005
10.375 78.875 -0.068482
10.375 79.125 0.81885
10.375 79.375 NaN
10.375 79.625 NaN
10.625 76.125 2.1458
10.625 76.375 1.5411
10.625 76.625 0.19953
10.625 76.875 0.49836
10.625 77.125 -0.21273
10.625 77.375 -0.44192
10.625 77.625 1.0126
10.625 77.875 0.398
10.625 78.125 0.33711
10.625 78.375 0.75123
10.625 78.625 0.37014
10.625 78.875 1.5828
10.625 79.125 1.0949
10.625 79.375 0.64179
10.625 79.625 1.1958
10.875 76.125 2.1436
10.875 76.375 2.7134
10.875 76.625 0.23711
10.875 76.875 -0.077236
10.875 77.125 0.54746
10.875 77.375 -0.13418
10.875 77.625 0.74163
10.875 77.875 0.33786
10.875 78.125 1.0775
10.875 78.375 0.081513
10.875 78.625 0.43538
10.875 78.875 1.8033
10.875 79.125 1.2036
10.875 79.375 0.94078
10.875 79.625 0.68826
11.125 76.125 0.98541
11.125 76.375 1.1084
11.125 76.625 0.29742
11.125 76.875 1.7539
11.125 77.125 1.0961
11.125 77.375 0.35459
11.125 77.625 1.002
11.125 77.875 0.14313
11.125 78.125 0.093354
11.125 78.375 0.89534
11.125 78.625 1.7697
11.125 78.875 1.8749
11.125 79.125 1.2682
11.125 79.375 1.464
11.125 79.625 0.78401
11.375 75.875 0.17536
11.375 76.125 1.0765
11.375 76.375 0.86525
11.375 76.625 0.84658
11.375 76.875 0.9686
11.375 77.125 0.84549
11.375 77.375 0.39346
11.375 77.625 0.92139
11.375 77.875 1.4324
11.375 78.125 0.69406
11.375 78.375 1.5108
11.375 78.625 1.0075
11.375 78.875 0.57481
11.375 79.125 1.1407
11.375 79.375 1.161
11.375 79.625 1.3409
11.625 75.875 0.86222
11.625 76.125 1.1057
11.625 76.375 1.4479
11.625 76.625 -0.033865
11.625 76.875 -0.38805
11.625 77.125 0.22068
11.625 77.375 0.4032
11.625 77.625 0.68757
11.625 77.875 1.7129
11.625 78.125 -0.77709
11.625 78.375 -1.271
11.625 78.625 0.61089
11.625 78.875 -0.37533
11.625 79.125 0.77463
11.625 79.375 1.5347
11.625 79.625 NaN
11.875 75.625 NaN
11.875 75.875 0.39764
11.875 76.125 1.1355
11.875 76.375 0.99018
11.875 76.625 -0.13907
11.875 76.875 -0.40211
11.875 77.125 -0.025333
11.875 77.375 1.0411
11.875 77.625 0.95697
11.875 77.875 -1.2228
11.875 78.125 -0.40632
11.875 78.375 -1.02
11.875 78.625 0.21267
11.875 78.875 1.1924
11.875 79.125 1.7117
11.875 79.375 0.85533
11.875 79.625 1.7715
12.125 75.375 -0.004122
12.125 75.625 1.062
12.125 75.875 0.39001
12.125 76.125 0.67133
12.125 76.375 -0.038266
12.125 76.625 -1.129
12.125 76.875 -0.095606
12.125 77.125 0.58875
12.125 77.375 1.3337
12.125 77.625 0.61598
12.125 77.875 -0.74493
12.125 78.125 0.60871
12.125 78.375 0.55018
12.125 78.625 0.28984
12.125 78.875 0.78525
12.125 79.125 1.4511
12.125 79.375 0.65415
12.125 79.625 2.2528
12.375 75.125 -0.1026
12.375 75.375 -0.19723
12.375 75.625 0.51831
12.375 75.875 0.74199
12.375 76.125 0.21667
12.375 76.375 -0.56649
12.375 76.625 0.32906
12.375 76.875 -0.13198
12.375 77.125 -0.20745
12.375 77.375 -0.62126
12.375 77.625 -0.60292
12.375 77.875 -0.011243
12.375 78.125 0.12695
12.375 78.375 0.71301
12.375 78.625 1.1552
12.375 78.875 1.5942
12.375 79.125 1.0229
12.375 79.375 0.51833
12.375 79.625 1.1088
12.375 79.875 1.0852
12.625 75.125 -0.17634
12.625 75.375 -0.22142
12.625 75.625 0.16512
12.625 75.875 0.38463
12.625 76.125 0.20008
12.625 76.375 1.0502
12.625 76.625 1.6727
12.625 76.875 0.36169
12.625 77.125 -0.023815
12.625 77.375 0.29194
12.625 77.625 0.34242
12.625 77.875 1.1149
12.625 78.125 2.1027
12.625 78.375 1.823
12.625 78.625 1.5237
12.625 78.875 1.6595
12.625 79.125 1.6204
12.625 79.375 1.6962
12.625 79.625 0.20585
12.625 79.875 1.2425
12.875 75.125 0.68666
12.875 75.375 1.3917
12.875 75.625 -0.21334
12.875 75.875 1.0739
12.875 76.125 0.47116
12.875 76.375 1.984
12.875 76.625 1.6295
12.875 76.875 0.43279
12.875 77.125 0.27793
12.875 77.375 1.1046
12.875 77.625 1.0981
12.875 77.875 2.4245
12.875 78.125 2.8649
12.875 78.375 2.2289
12.875 78.625 0.86566
12.875 78.875 1.4129
12.875 79.125 1.8017
12.875 79.375 1.0112
12.875 79.625 1.3026
12.875 79.875 0.47945
13.125 74.875 NaN
13.125 75.125 -0.24998
13.125 75.375 -0.59557
13.125 75.625 -0.016264
13.125 75.875 0.62504
13.125 76.125 0.71194
13.125 76.375 0.84793
13.125 76.625 0.9057
13.125 76.875 0.36764
13.125 77.125 0.39764
13.125 77.375 0.79036
13.125 77.625 1.5719
13.125 77.875 1.862
13.125 78.125 2.5756
13.125 78.375 2.8208
13.125 78.625 1.9123
13.125 78.875 1.1131
13.125 79.125 2.7159
13.125 79.375 1.4437
13.125 79.625 1.1728
13.125 79.875 1.0614
13.125 80.125 0.9946
13.375 74.875 NaN
13.375 75.125 0.014643
13.375 75.375 -0.54273
13.375 75.625 0.71656
13.375 75.875 1.1028
13.375 76.125 1.5423
13.375 76.375 1.0051
13.375 76.625 1.343
13.375 76.875 0.21342
13.375 77.125 1.2447
13.375 77.375 0.86412
13.375 77.625 1.4515
13.375 77.875 1.5474
13.375 78.125 1.3183
13.375 78.375 1.998
13.375 78.625 2.7952
13.375 78.875 2.1606
13.375 79.125 1.2292
13.375 79.375 1.5928
13.375 79.625 0.79866
13.375 79.875 0.62387
13.375 80.125 0.64789
13.625 74.875 -0.24401
13.625 75.125 0.71868
13.625 75.375 0.33195
13.625 75.625 1.0028
13.625 75.875 1.3778
13.625 76.125 1.3607
13.625 76.375 1.6533
13.625 76.625 1.3293
13.625 76.875 0.15566
13.625 77.125 0.89947
13.625 77.375 0.87872
13.625 77.625 1.0697
13.625 77.875 2.2401
13.625 78.125 1.161
13.625 78.375 2.1635
13.625 78.625 1.7104
13.625 78.875 0.86968
13.625 79.125 0.022674
13.625 79.375 -0.11267
13.625 79.625 0.57155
13.625 79.875 0.6574
13.625 80.125 0.61725
13.875 74.875 0.96888
13.875 75.125 0.718
13.875 75.375 0.6685
13.875 75.625 1.5896
13.875 75.875 1.558
13.875 76.125 0.80894
13.875 76.375 1.0781
13.875 76.625 1.6189
13.875 76.875 0.68619
13.875 77.125 -0.036446
13.875 77.375 0.12742
13.875 77.625 0.82135
13.875 77.875 0.94217
13.875 78.125 0.79123
13.875 78.375 1.3684
13.875 78.625 1.6818
13.875 78.875 0.40394
13.875 79.125 -0.073417
13.875 79.375 -0.13909
13.875 79.625 0.18249
13.875 79.875 0.37455
14.125 74.625 0.041496
14.125 74.875 0.44705
14.125 75.125 0.72601
14.125 75.375 1.1636
14.125 75.625 0.43749
14.125 75.875 1.4117
14.125 76.125 0.55597
14.125 76.375 0.29592
14.125 76.625 -0.18828
14.125 76.875 1.3318
14.125 77.125 0.15267
14.125 77.375 -0.20434
14.125 77.625 0.29894
14.125 77.875 0.4159
14.125 78.125 0.5525
14.125 78.375 1.4933
14.125 78.625 1.5352
14.125 78.875 0.77003
14.125 79.125 0.00705
14.125 79.375 -0.092724
14.125 79.625 -0.14503
14.125 79.875 -0.15857
14.375 74.625 -0.30662
14.375 74.875 0.95705
14.375 75.125 0.86769
14.375 75.375 0.41257
14.375 75.625 1.1621
14.375 75.875 1.4599
14.375 76.125 0.65709
14.375 76.375 0.51119
14.375 76.625 -0.48995
14.375 76.875 0.37825
14.375 77.125 0.064199
14.375 77.375 0.13174
14.375 77.625 -0.091508
14.375 77.875 0.30526
14.375 78.125 0.28223
14.375 78.375 0.56449
14.375 78.625 1.1323
14.375 78.875 0.71902
14.375 79.125 0.33558
14.375 79.375 0.31394
14.375 79.625 -0.47172
14.375 79.875 -0.12533
14.625 74.375 NaN
14.625 74.625 -0.24246
14.625 74.875 0.02825
14.625 75.125 0.038023
14.625 75.375 0.46833
14.625 75.625 0.91003
14.625 75.875 0.39873
14.625 76.125 -0.032609
14.625 76.375 0.027535
14.625 76.625 -0.10637
14.625 76.875 0.13238
14.625 77.125 -0.061342
14.625 77.375 -0.1261
14.625 77.625 -0.10806
14.625 77.875 0.3922
14.625 78.125 0.29037
14.625 78.375 -0.077824
14.625 78.625 -0.099067
14.625 78.875 -0.11664
14.625 79.125 -0.08355
14.625 79.375 0.00040946
14.625 79.625 -0.42395
14.625 79.875 -0.4644
14.875 74.375 0.21546
14.875 74.625 0.0394
14.875 74.875 0.06963
14.875 75.125 0.074602
14.875 75.375 -0.02459
14.875 75.625 0.67196
14.875 75.875 -0.1845
14.875 76.125 -0.064128
14.875 76.375 0.22952
14.875 76.625 -0.1172
14.875 76.875 -0.13568
14.875 77.125 -0.10389
14.875 77.375 0.91503
14.875 77.625 -0.41311
14.875 77.875 -0.40852
14.875 78.125 0.022888
14.875 78.375 -0.26543
14.875 78.625 -0.83105
14.875 78.875 -0.54029
14.875 79.125 -0.42445
14.875 79.375 -0.89349
14.875 79.625 -0.55425
14.875 79.875 -0.57379
15.125 74.125 0.45199
15.125 74.375 0.95302
15.125 74.625 0.64265
15.125 74.875 0.27798
15.125 75.125 0.21936
15.125 75.375 0.57318
15.125 75.625 0.67744
15.125 75.875 1.3689
15.125 76.125 0.57244
15.125 76.375 0.59093
15.125 76.625 -0.36133
15.125 76.875 -0.7242
15.125 77.125 -0.55631
15.125 77.375 -0.38928
15.125 77.625 -0.59437
15.125 77.875 -0.28248
15.125 78.125 -0.46901
15.125 78.375 -0.36878
15.125 78.625 -0.92067
15.125 78.875 -0.39302
15.125 79.125 -0.40413
15.125 79.375 -0.79105
15.125 79.625 -0.5931
15.125 79.875 -0.66228
15.375 73.875 0.078772
15.375 74.125 0.48223
15.375 74.375 0.64802
15.375 74.625 -0.13232
15.375 74.875 0.27021
15.375 75.125 0.67004
15.375 75.375 0.85765
15.375 75.625 0.071811
15.375 75.875 0.28018
15.375 76.125 1.1628
15.375 76.375 0.88726
15.375 76.625 -1.0656
15.375 76.875 -1.164
15.375 77.125 -0.62374
15.375 77.375 -0.64851
15.375 77.625 -0.7406
15.375 77.875 -0.71495
15.375 78.125 -0.5752
15.375 78.375 -0.74701
15.375 78.625 -0.938
15.375 78.875 -0.88736
15.375 79.125 -0.95609
15.375 79.375 -1.006
15.375 79.625 -1.0435
15.375 79.875 -0.78338
15.625 73.875 0.11659
15.625 74.125 -0.32414
15.625 74.375 -0.50721
15.625 74.625 0.51497
15.625 74.875 0.40219
15.625 75.125 0.56104
15.625 75.375 -0.15013
15.625 75.625 -0.50624
15.625 75.875 0.17522
15.625 76.125 0.71276
15.625 76.375 -0.33137
15.625 76.625 -0.74455
15.625 76.875 -0.77222
15.625 77.125 -0.28404
15.625 77.375 -0.3279
15.625 77.625 -0.65348
15.625 77.875 -1.0119
15.625 78.125 -0.74392
15.625 78.375 -0.78122
15.625 78.625 -1.1384
15.625 78.875 -0.33649
15.625 79.125 -1.2223
15.625 79.375 -0.4433
15.625 79.625 -0.20954
15.625 79.875 -0.35416
15.625 80.125 0.29473
15.875 73.875 0.81824
15.875 74.125 0.50334
15.875 74.375 0.33875
15.875 74.625 0.97561
15.875 74.875 0.5838
15.875 75.125 0.54743
15.875 75.375 -0.29742
15.875 75.625 -0.0066198
15.875 75.875 -0.32199
15.875 76.125 0.14046
15.875 76.375 0.14566
15.875 76.625 -0.23464
15.875 76.875 -0.32106
15.875 77.125 -0.50373
15.875 77.375 -0.11779
15.875 77.625 -0.88512
15.875 77.875 -0.99866
15.875 78.125 -0.63621
15.875 78.375 -0.61323
15.875 78.625 -1.1547
15.875 78.875 -1.1547
15.875 79.125 -0.96397
15.875 79.375 1.0726
15.875 79.625 0.020753
15.875 79.875 0.0042305
15.875 80.125 0.41315
15.875 80.375 0.43865
15.875 80.625 NaN
15.875 80.875 0.70182
16.125 73.625 0.9174
16.125 73.875 -0.46718
16.125 74.125 1.0732
16.125 74.375 1.0028
16.125 74.625 1.2747
16.125 74.875 -0.35408
16.125 75.125 -0.64551
16.125 75.375 -0.71356
16.125 75.625 -0.54471
16.125 75.875 -0.66741
16.125 76.125 -0.13538
16.125 76.375 -0.068214
16.125 76.625 -0.33353
16.125 76.875 -0.19892
16.125 77.125 0.044619
16.125 77.375 0.12682
16.125 77.625 -0.36077
16.125 77.875 -0.40038
16.125 78.125 -0.35648
16.125 78.375 -0.058693
16.125 78.625 -0.62118
16.125 78.875 -1.1575
16.125 79.125 -0.29419
16.125 79.375 0.52484
16.125 79.625 0.42874
16.125 79.875 0.69112
16.125 80.125 0.25733
16.125 80.375 0.40369
16.125 80.625 0.5073
16.125 80.875 0.79188
16.375 73.625 0.63678
16.375 73.875 0.38051
16.375 74.125 1.7211
16.375 74.375 1.1548
16.375 74.625 0.13855
16.375 74.875 -0.32149
16.375 75.125 -0.819
16.375 75.375 -0.46746
16.375 75.625 -0.50272
16.375 75.875 -0.027116
16.375 76.125 0.6171
16.375 76.375 0.44043
16.375 76.625 -0.28852
16.375 76.875 0.57324
16.375 77.125 0.40928
16.375 77.375 0.31339
16.375 77.625 -0.16071
16.375 77.875 -0.24104
16.375 78.125 0.056285
16.375 78.375 0.75689
16.375 78.625 0.17587
16.375 78.875 -0.66613
16.375 79.125 0.76153
16.375 79.375 0.48412
16.375 79.625 0.46693
16.375 79.875 0.42237
16.375 80.125 0.97321
16.375 80.375 1.1569
16.375 80.625 0.28738
16.375 80.875 1.8169
16.375 81.125 1.9036
16.375 81.375 NaN
16.375 81.625 NaN
16.625 73.625 0.52208
16.625 73.875 1.3846
16.625 74.125 0.68067
16.625 74.375 -0.025984
16.625 74.625 -0.18098
16.625 74.875 0.053236
16.625 75.125 -0.19839
16.625 75.375 -0.32652
16.625 75.625 0.19914
16.625 75.875 0.38815
16.625 76.125 0.3565
16.625 76.375 -0.090502
16.625 76.625 0.091535
16.625 76.875 0.3305
16.625 77.125 0.94548
16.625 77.375 0.98178
16.625 77.625 0.46954
16.625 77.875 0.14698
16.625 78.125 0.45779
16.625 78.375 0.41246
16.625 78.625 0.28551
16.625 78.875 -0.14831
16.625 79.125 0.28045
16.625 79.375 0.75301
16.625 79.625 0.17728
16.625 79.875 -0.24173
16.625 80.125 0.56946
16.625 80.375 0.70577
16.625 80.625 1.0021
16.625 80.875 1.0373
16.625 81.125 0.38043
16.625 81.375 0.4914
16.625 81.625 0.93773
16.625 81.875 0.98874
16.625 82.125 0.86599
16.875 73.375 1.3687
16.875 73.625 1.3879
16.875 73.875 1.6513
16.875 74.125 -0.8114
16.875 74.375 -0.47625
16.875 74.625 -0.437
16.875 74.875 0.27821
16.875 75.125 0.4938
16.875 75.375 0.39464
16.875 75.625 0.13694
16.875 75.875 0.41816
16.875 76.125 0.2695
16.875 76.375 0.015541
16.875 76.625 0.69885
16.875 76.875 0.6158
16.875 77.125 0.8409
16.875 77.375 0.47459
16.875 77.625 0.49497
16.875 77.875 1.7144
16.875 78.125 1.4048
16.875 78.375 0.89641
16.875 78.625 0.65341
16.875 78.875 1.1642
16.875 79.125 0.92922
16.875 79.375 0.80374
16.875 79.625 0.33235
16.875 79.875 0.50454
16.875 80.125 0.86372
16.875 80.375 0.68422
16.875 80.625 1.0664
16.875 80.875 0.83847
16.875 81.125 -0.062871
16.875 81.375 1.1019
16.875 81.625 1.0391
16.875 81.875 0.74145
16.875 82.125 0.82329
17.125 73.375 1.833
17.125 73.625 1.5326
17.125 73.875 0.66539
17.125 74.125 -0.019073
17.125 74.375 -0.40463
17.125 74.625 -0.13827
17.125 74.875 0.2707
17.125 75.125 0.4165
17.125 75.375 0.14039
17.125 75.625 0.016465
17.125 75.875 0.16779
17.125 76.125 0.58132
17.125 76.375 1.6818
17.125 76.625 1.5749
17.125 76.875 1.6002
17.125 77.125 1.512
17.125 77.375 1.2322
17.125 77.625 0.50565
17.125 77.875 1.0329
17.125 78.125 -0.77172
17.125 78.375 1.7276
17.125 78.625 1.8346
17.125 78.875 2.0584
17.125 79.125 1.5706
17.125 79.375 0.70922
17.125 79.625 0.50897
17.125 79.875 0.76333
17.125 80.125 0.37975
17.125 80.375 0.78758
17.125 80.625 1.172
17.125 80.875 0.85001
17.125 81.125 0.53119
17.125 81.375 0.90574
17.125 81.625 0.23692
17.125 81.875 0.073372
17.125 82.125 0.48115
17.125 82.375 0.40513
17.375 73.375 1.0189
17.375 73.625 1.01
17.375 73.875 0.7859
17.375 74.125 0.14104
17.375 74.375 -0.16033
17.375 74.625 0.21074
17.375 74.875 0.12285
17.375 75.125 0.20443
17.375 75.375 0.42751
17.375 75.625 0.19569
17.375 75.875 -0.44376
17.375 76.125 0.71366
17.375 76.375 2.0703
17.375 76.625 1.2357
17.375 76.875 1.1255
17.375 77.125 1.2348
17.375 77.375 1.2549
17.375 77.625 1.6121
17.375 77.875 -0.20029
17.375 78.125 0.93667
17.375 78.375 1.1561
17.375 78.625 2.2504
17.375 78.875 1.7836
17.375 79.125 1.7953
17.375 79.375 1.2696
17.375 79.625 0.79169
17.375 79.875 1.3353
17.375 80.125 2.0429
17.375 80.375 2.0656
17.375 80.625 1.2033
17.375 80.875 -0.31796
17.375 81.125 0.47197
17.375 81.375 -0.013322
17.375 81.625 0.029518
17.375 81.875 0.095783
17.375 82.125 0.66408
17.375 82.375 1.2664
17.375 82.625 NaN
17.625 73.375 1.1295
17.625 73.625 0.017134
17.625 73.875 0.24705
17.625 74.125 0.088666
17.625 74.375 0.12009
17.625 74.625 0.10691
17.625 74.875 0.1163
17.625 75.125 0.56469
17.625 75.375 1.7808
17.625 75.625 0.52286
17.625 75.875 0.19296
17.625 76.125 1.2183
17.625 76.375 1.7911
17.625 76.625 1.6164
17.625 76.875 1.1152
17.625 77.125 1.2253
17.625 77.375 1.3834
17.625 77.625 1.53
17.625 77.875 0.52183
17.625 78.125 1.2661
17.625 78.375 1.208
17.625 78.625 1.5497
17.625 78.875 1.1763
17.625 79.125 0.97487
17.625 79.375 1.3862
17.625 79.625 1.6638
17.625 79.875 1.7871
17.625 80.125 2.2674
17.625 80.375 1.3613
17.625 80.625 0.86066
17.625 80.875 0.87997
17.625 81.125 0.99387
17.625 81.375 0.40822
17.625 81.625 -0.046431
17.625 81.875 -0.20561
17.625 82.125 0.20575
17.625 82.375 1.0339
17.625 82.625 0.9636
17.625 82.875 0.973
17.625 83.125 0.81446
17.875 73.375 0.82337
17.875 73.625 -0.022454
17.875 73.875 0.31862
17.875 74.125 0.039791
17.875 74.375 -0.15753
17.875 74.625 0.050182
17.875 74.875 0.22521
17.875 75.125 0.68586
17.875 75.375 1.4929
17.875 75.625 1.8795
17.875 75.875 1.901
17.875 76.125 1.5554
17.875 76.375 1.5356
17.875 76.625 1.6424
17.875 76.875 0.97754
17.875 77.125 1.2348
17.875 77.375 1.3089
17.875 77.625 1.4522
17.875 77.875 0.97319
17.875 78.125 1.3234
17.875 78.375 1.5294
17.875 78.625 1.4758
17.875 78.875 1.2132
17.875 79.125 1.5134
17.875 79.375 0.62631
17.875 79.625 0.75284
17.875 79.875 1.1097
17.875 80.125 1.3178
17.875 80.375 0.73657
17.875 80.625 0.71096
17.875 80.875 1.0756
17.875 81.125 0.91187
17.875 81.375 0.19662
17.875 81.625 0.0059447
17.875 81.875 0.012213
17.875 82.125 0.07095
17.875 82.375 0.316
17.875 82.625 0.68262
17.875 82.875 0.66967
17.875 83.125 0.92614
17.875 83.375 0.89985
18.125 73.125 NaN
18.125 73.375 -0.35541
18.125 73.625 -0.12517
18.125 73.875 0.061037
18.125 74.125 -0.25774
18.125 74.375 -0.39293
18.125 74.625 0.10216
18.125 74.875 0.33511
18.125 75.125 0.62846
18.125 75.375 1.7125
18.125 75.625 2.4144
18.125 75.875 2.3472
18.125 76.125 1.7286
18.125 76.375 1.3882
18.125 76.625 1.0007
18.125 76.875 0.9454
18.125 77.125 1.0494
18.125 77.375 1.4121
18.125 77.625 1.0551
18.125 77.875 0.74765
18.125 78.125 2.5833
18.125 78.375 2.3531
18.125 78.625 2.3241
18.125 78.875 1.8396
18.125 79.125 1.6245
18.125 79.375 1.7428
18.125 79.625 0.70867
18.125 79.875 0.84273
18.125 80.125 0.19954
18.125 80.375 0.50174
18.125 80.625 0.26337
18.125 80.875 -0.16477
18.125 81.125 -0.50715
18.125 81.375 -0.30968
18.125 81.625 0.2799
18.125 81.875 0.14383
18.125 82.125 0.03926
18.125 82.375 0.19373
18.125 82.625 0.34542
18.125 82.875 1.4702
18.125 83.125 1.2624
18.125 83.375 0.9129
18.125 83.625 0.85
18.375 73.125 0.12525
18.375 73.375 -0.0075709
18.375 73.625 -0.043245
18.375 73.875 -0.022518
18.375 74.125 -0.066993
18.375 74.375 -0.75474
18.375 74.625 0.27254
18.375 74.875 0.75895
18.375 75.125 0.96266
18.375 75.375 2.1758
18.375 75.625 1.6057
18.375 75.875 1.75
18.375 76.125 2.1355
18.375 76.375 1.3825
18.375 76.625 1.3722
18.375 76.875 0.99429
18.375 77.125 1.7492
18.375 77.375 1.3928
18.375 77.625 0.42007
18.375 77.875 1.2404
18.375 78.125 1.6559
18.375 78.375 2.8043
18.375 78.625 2.6089
18.375 78.875 1.3117
18.375 79.125 0.31256
18.375 79.375 0.33065
18.375 79.625 0.15117
18.375 79.875 0.27231
18.375 80.125 -0.014426
18.375 80.375 -0.021285
18.375 80.625 -0.05372
18.375 80.875 -0.65451
18.375 81.125 -0.82249
18.375 81.375 -0.55134
18.375 81.625 0.055345
18.375 81.875 0.34213
18.375 82.125 0.29147
18.375 82.375 0.11223
18.375 82.625 0.36969
18.375 82.875 0.64837
18.375 83.125 1.1962
18.375 83.375 0.72291
18.375 83.625 0.88092
18.375 83.875 0.87455
18.625 73.125 0.75448
18.625 73.375 0.23175
18.625 73.625 -0.28989
18.625 73.875 0.076649
18.625 74.125 0.33272
18.625 74.375 -0.23842
18.625 74.625 0.67155
18.625 74.875 1.6826
18.625 75.125 0.95537
18.625 75.375 1.2772
18.625 75.625 1.6195
18.625 75.875 1.8535
18.625 76.125 3.4897
18.625 76.375 2.2069
18.625 76.625 1.1661
18.625 76.875 1.686
18.625 77.125 1.9542
18.625 77.375 1.4219
18.625 77.625 1.3055
18.625 77.875 1.5672
18.625 78.125 2.1976
18.625 78.375 2.6062
18.625 78.625 1.4484
18.625 78.875 0.57824
18.625 79.125 0.25914
18.625 79.375 -0.33487
18.625 79.625 -0.18778
18.625 79.875 -0.32427
18.625 80.125 -0.68082
18.625 80.375 -0.45148
18.625 80.625 -0.59963
18.625 80.875 -0.84036
18.625 81.125 -0.83906
18.625 81.375 -0.65041
18.625 81.625 -0.67361
18.625 81.875 -0.17836
18.625 82.125 0.18642
18.625 82.375 0.073498
18.625 82.625 0.22405
18.625 82.875 0.69238
18.625 83.125 0.41447
18.625 83.375 0.46244
18.625 83.625 0.99931
18.625 83.875 1.0317
18.625 84.125 1.0292
18.875 73.125 1.0442
18.875 73.375 -0.56995
18.875 73.625 -0.030211
18.875 73.875 0.0062027
18.875 74.125 0.31252
18.875 74.375 0.31327
18.875 74.625 0.64282
18.875 74.875 1.6029
18.875 75.125 1.8311
18.875 75.375 2.0277
18.875 75.625 2.1652
18.875 75.875 2.0127
18.875 76.125 2.2288
18.875 76.375 2.1031
18.875 76.625 2.629
18.875 76.875 1.3566
18.875 77.125 0.80969
18.875 77.375 1.5734
18.875 77.625 2.1543
18.875 77.875 1.9276
18.875 78.125 1.9839
18.875 78.375 1.5712
18.875 78.625 1.0214
18.875 78.875 0.46465
18.875 79.125 0.34381
18.875 79.375 -0.26834
18.875 79.625 -0.45409
18.875 79.875 -0.5974
18.875 80.125 -0.75329
18.875 80.375 -0.73085
18.875 80.625 -0.74945
18.875 80.875 -0.66116
18.875 81.125 -0.70498
18.875 81.375 -0.95035
18.875 81.625 -0.94984
18.875 81.875 -0.77691
18.875 82.125 0.053812
18.875 82.375 0.12956
18.875 82.625 -0.30446
18.875 82.875 0.020327
18.875 83.125 -0.34808
18.875 83.375 -0.00070309
18.875 83.625 -0.3184
18.875 83.875 -0.1616
18.875 84.125 -0.053437
18.875 84.375 -0.076845
19.125 73.125 -0.23526
19.125 73.375 -0.030364
19.125 73.625 0.0077141
19.125 73.875 0.50684
19.125 74.125 0.57764
19.125 74.375 0.72981
19.125 74.625 1.0795
19.125 74.875 2.0141
19.125 75.125 2.3416
19.125 75.375 2.2646
19.125 75.625 2.7426
19.125 75.875 2.4925
19.125 76.125 2.4046
19.125 76.375 2.2877
19.125 76.625 1.7198
19.125 76.875 0.55704
19.125 77.125 0.3494
19.125 77.375 0.93908
19.125 77.625 1.4309
19.125 77.875 2.1045
19.125 78.125 2.4136
19.125 78.375 2.116
19.125 78.625 1.719
19.125 78.875 0.97365
19.125 79.125 1.1845
19.125 79.375 0.81415
19.125 79.625 0.29932
19.125 79.875 -0.098388
19.125 80.125 -0.52068
19.125 80.375 -0.59044
19.125 80.625 -0.56339
19.125 80.875 -0.52981
19.125 81.125 -0.56446
19.125 81.375 -0.94231
19.125 81.625 -0.94281
19.125 81.875 -0.82176
19.125 82.125 -1.0685
19.125 82.375 -0.65343
19.125 82.625 -0.9349
19.125 82.875 -0.98537
19.125 83.125 -1.2763
19.125 83.375 -0.48802
19.125 83.625 -0.52869
19.125 83.875 -0.047146
19.125 84.125 0.14488
19.125 84.375 -0.035004
19.125 84.625 -0.069042
19.375 72.875 0.96969
19.375 73.125 1.1438
19.375 73.375 0.77573
19.375 73.625 1.1712
19.375 73.875 1.0976
19.375 74.125 1.3671
19.375 74.375 1.0394
19.375 74.625 1.7033
19.375 74.875 1.6296
19.375 75.125 2.3174
19.375 75.375 3.3677
19.375 75.625 3.4263
19.375 75.875 2.3177
19.375 76.125 2.4162
19.375 76.375 0.94453
19.375 76.625 0.35869
19.375 76.875 0.61151
19.375 77.125 0.51224
19.375 77.375 0.18554
19.375 77.625 1.0483
19.375 77.875 0.93162
19.375 78.125 1.6804
19.375 78.375 1.9114
19.375 78.625 1.5987
19.375 78.875 0.86446
19.375 79.125 1.1944
19.375 79.375 1.2663
19.375 79.625 0.188
19.375 79.875 0.04244
19.375 80.125 -0.31259
19.375 80.375 -0.28505
19.375 80.625 -0.25837
19.375 80.875 -0.20342
19.375 81.125 -0.37491
19.375 81.375 -0.60307
19.375 81.625 -0.52968
19.375 81.875 -0.73291
19.375 82.125 -0.84822
19.375 82.375 -0.57355
19.375 82.625 -0.80319
19.375 82.875 -1.0383
19.375 83.125 -0.75904
19.375 83.375 -0.86735
19.375 83.625 -0.18463
19.375 83.875 0.59052
19.375 84.125 0.049465
19.375 84.375 -0.11865
19.375 84.625 -0.36023
19.375 84.875 -0.38287
19.625 72.875 0.79267
19.625 73.125 1.3435
19.625 73.375 1.043
19.625 73.625 1.3048
19.625 73.875 1.0525
19.625 74.125 1.5741
19.625 74.375 1.8632
19.625 74.625 2.2129
19.625 74.875 2.2554
19.625 75.125 2.1948
19.625 75.375 3.1463
19.625 75.625 2.7264
19.625 75.875 1.8323
19.625 76.125 1.5256
19.625 76.375 0.67733
19.625 76.625 0.16686
19.625 76.875 0.89665
19.625 77.125 0.77059
19.625 77.375 0.7533
19.625 77.625 0.68885
19.625 77.875 0.28984
19.625 78.125 1.1529
19.625 78.375 1.3819
19.625 78.625 1.047
19.625 78.875 0.77911
19.625 79.125 0.22218
19.625 79.375 0.10676
19.625 79.625 -0.085047
19.625 79.875 -0.21057
19.625 80.125 -0.39051
19.625 80.375 -0.41676
19.625 80.625 -0.26507
19.625 80.875 -0.059807
19.625 81.125 -0.33539
19.625 81.375 -0.56466
19.625 81.625 -0.42004
19.625 81.875 -0.11563
19.625 82.125 -0.85596
19.625 82.375 -0.61708
19.625 82.625 -0.9035
19.625 82.875 -1.0351
19.625 83.125 -0.76079
19.625 83.375 -0.69599
19.625 83.625 -0.20236
19.625 83.875 -0.18919
19.625 84.125 -0.14335
19.625 84.375 -0.13779
19.625 84.625 0.12519
19.625 84.875 -0.020675
19.625 85.125 0.066914
19.625 85.375 0.81028
19.875 72.875 1.3593
19.875 73.125 1.6101
19.875 73.375 1.6746
19.875 73.625 0.52522
19.875 73.875 0.70474
19.875 74.125 1.5521
19.875 74.375 2.1483
19.875 74.625 2.9332
19.875 74.875 3.3848
19.875 75.125 1.6709
19.875 75.375 1.6499
19.875 75.625 1.388
19.875 75.875 1.5666
19.875 76.125 1.6611
19.875 76.375 1.4687
19.875 76.625 0.9022
19.875 76.875 1.2849
19.875 77.125 1.343
19.875 77.375 1.3437
19.875 77.625 0.89631
19.875 77.875 0.7604
19.875 78.125 0.95112
19.875 78.375 0.96884
19.875 78.625 1.0136
19.875 78.875 0.57528
19.875 79.125 0.60367
19.875 79.375 0.46269
19.875 79.625 -0.51585
19.875 79.875 -0.68395
19.875 80.125 -0.81685
19.875 80.375 -0.69346
19.875 80.625 -0.5497
19.875 80.875 -0.44298
19.875 81.125 -0.86364
19.875 81.375 -0.8073
19.875 81.625 -0.50471
19.875 81.875 -0.56194
19.875 82.125 -0.59707
19.875 82.375 -0.18182
19.875 82.625 -0.60787
19.875 82.875 -1.0341
19.875 83.125 -0.70412
19.875 83.375 -0.98008
19.875 83.625 -0.4481
19.875 83.875 -0.55514
19.875 84.125 -0.5427
19.875 84.375 -0.43852
19.875 84.625 0.25707
19.875 84.875 -0.015667
19.875 85.125 -0.05935
19.875 85.375 0.84198
19.875 85.625 NaN
19.875 85.875 NaN
19.875 86.125 NaN
20.125 72.875 1.4926
20.125 73.125 2.0935
20.125 73.375 0.69754
20.125 73.625 2.9179
20.125 73.875 0.94228
20.125 74.125 0.34207
20.125 74.375 2.9317
20.125 74.625 3.8262
20.125 74.875 4.6843
20.125 75.125 2.8342
20.125 75.375 2.5534
20.125 75.625 2.155
20.125 75.875 1.3758
20.125 76.125 1.4959
20.125 76.375 1.5394
20.125 76.625 1.0761
20.125 76.875 1.5386
20.125 77.125 2.0068
20.125 77.375 1.7231
20.125 77.625 1.2471
20.125 77.875 0.8739
20.125 78.125 0.8124
20.125 78.375 0.77576
20.125 78.625 0.82584
20.125 78.875 0.47681
20.125 79.125 0.293
20.125 79.375 0.07359
20.125 79.625 -0.602
20.125 79.875 -0.83512
20.125 80.125 -0.93205
20.125 80.375 -0.71296
20.125 80.625 -0.44651
20.125 80.875 -0.55648
20.125 81.125 -1.176
20.125 81.375 -0.88978
20.125 81.625 -0.44146
20.125 81.875 -0.35596
20.125 82.125 -0.17723
20.125 82.375 0.14974
20.125 82.625 -0.5625
20.125 82.875 -0.12288
20.125 83.125 -0.833
20.125 83.375 -1.2551
20.125 83.625 -1.3066
20.125 83.875 -0.42365
20.125 84.125 -0.068696
20.125 84.375 0.58811
20.125 84.625 0.26545
20.125 84.875 -0.34502
20.125 85.125 0.12897
20.125 85.375 0.39104
20.125 85.625 1.428
20.125 85.875 0.85075
20.125 86.125 1.4294
20.125 86.375 NaN
20.375 73.125 1.4306
20.375 73.375 1.3547
20.375 73.625 1.5189
20.375 73.875 0.21939
20.375 74.125 -0.19592
20.375 74.375 1.9591
20.375 74.625 3.0039
20.375 74.875 3.1586
20.375 75.125 2.0788
20.375 75.375 2.3903
20.375 75.625 2.2317
20.375 75.875 1.8225
20.375 76.125 1.2034
20.375 76.375 0.82361
20.375 76.625 0.6575
20.375 76.875 1.0497
20.375 77.125 1.4959
20.375 77.375 1.5248
20.375 77.625 0.92362
20.375 77.875 0.563
20.375 78.125 0.46346
20.375 78.375 0.38138
20.375 78.625 0.41507
20.375 78.875 0.076493
20.375 79.125 -0.085469
20.375 79.375 -0.36373
20.375 79.625 -0.8974
20.375 79.875 -0.70325
20.375 80.125 -0.77353
20.375 80.375 -0.49276
20.375 80.625 -0.29132
20.375 80.875 -0.32396
20.375 81.125 -0.8223
20.375 81.375 -0.73513
20.375 81.625 -0.1099
20.375 81.875 -0.034055
20.375 82.125 -0.31217
20.375 82.375 -0.15639
20.375 82.625 0.21851
20.375 82.875 -0.55669
20.375 83.125 -0.92612
20.375 83.375 -0.45282
20.375 83.625 -0.63782
20.375 83.875 -0.80151
20.375 84.125 -1.2986
20.375 84.375 -0.17426
20.375 84.625 0.064476
20.375 84.875 0.59067
20.375 85.125 -0.056564
20.375 85.375 -0.15749
20.375 85.625 0.63267
20.375 85.875 0.30277
20.375 86.125 0.76726
20.375 86.375 0.96884
20.375 86.625 NaN
20.625 73.125 0.15062
20.625 73.375 0.65898
20.625 73.625 -0.26355
20.625 73.875 -0.39653
20.625 74.125 0.48829
20.625 74.375 2.066
20.625 74.625 2.6282
20.625 74.875 2.0742
20.625 75.125 1.3932
20.625 75.375 2.1717
20.625 75.625 2.1862
20.625 75.875 0.80435
20.625 76.125 0.57595
20.625 76.375 0.44102
20.625 76.625 0.76129
20.625 76.875 0.77959
20.625 77.125 0.62964
20.625 77.375 1.2068
20.625 77.625 1.0008
20.625 77.875 0.16674
20.625 78.125 0.65402
20.625 78.375 0.2307
20.625 78.625 0.41789
20.625 78.875 -0.017216
20.625 79.125 0.13195
20.625 79.375 -0.050258
20.625 79.625 -0.70747
20.625 79.875 -0.65874
20.625 80.125 -0.58004
20.625 80.375 -0.23932
20.625 80.625 -0.17436
20.625 80.875 -0.1812
20.625 81.125 -0.48896
20.625 81.375 -0.45024
20.625 81.625 -0.14461
20.625 81.875 -0.11921
20.625 82.125 -0.2648
20.625 82.375 -0.51539
20.625 82.625 -0.49817
20.625 82.875 -0.21579
20.625 83.125 -0.37355
20.625 83.375 -0.30379
20.625 83.625 -0.27228
20.625 83.875 -0.1467
20.625 84.125 -1.3146
20.625 84.375 -0.56436
20.625 84.625 -0.091865
20.625 84.875 0.261
20.625 85.125 -0.46813
20.625 85.375 0.4153
20.625 85.625 0.53904
20.625 85.875 0.46392
20.625 86.125 -0.2219
20.625 86.375 0.26091
20.625 86.625 0.51275
20.625 86.875 NaN
20.875 70.625 0.7926
20.875 70.875 0.85383
20.875 71.125 0.84502
20.875 71.375 1.6146
20.875 72.875 1.1176
20.875 73.125 0.15829
20.875 73.375 -0.40209
20.875 73.625 -0.45928
20.875 73.875 0.47809
20.875 74.125 1.895
20.875 74.375 2.4518
20.875 74.625 2.6372
20.875 74.875 2.4903
20.875 75.125 1.3623
20.875 75.375 1.0175
20.875 75.625 1.8164
20.875 75.875 1.1615
20.875 76.125 0.43349
20.875 76.375 0.77309
20.875 76.625 0.89516
20.875 76.875 0.92664
20.875 77.125 1.375
20.875 77.375 1.3051
20.875 77.625 0.87027
20.875 77.875 0.26088
20.875 78.125 0.72047
20.875 78.375 0.58962
20.875 78.625 0.64461
20.875 78.875 0.37364
20.875 79.125 0.57445
20.875 79.375 0.19587
20.875 79.625 -0.43045
20.875 79.875 -0.39719
20.875 80.125 -0.27104
20.875 80.375 -0.044673
20.875 80.625 -0.058548
20.875 80.875 -0.011825
20.875 81.125 -0.22795
20.875 81.375 -0.311
20.875 81.625 -0.62435
20.875 81.875 -0.64949
20.875 82.125 -0.54001
20.875 82.375 -0.37529
20.875 82.625 -0.58495
20.875 82.875 -1.3812
20.875 83.125 -0.77508
20.875 83.375 -1.387
20.875 83.625 -0.50328
20.875 83.875 -0.77808
20.875 84.125 -1.0375
20.875 84.375 0.5294
20.875 84.625 0.12384
20.875 84.875 0.025193
20.875 85.125 -0.2467
20.875 85.375 0.29765
20.875 85.625 -0.13694
20.875 85.875 -0.22275
20.875 86.125 -0.30197
20.875 86.375 -0.1199
20.875 86.625 0.41562
21.125 70.375 1.9898
21.125 70.625 2.5643
21.125 70.875 0.66283
21.125 71.125 0.86867
21.125 71.375 1.5223
21.125 71.625 NaN
21.125 71.875 NaN
21.125 72.875 0.99339
21.125 73.125 0.031414
21.125 73.375 0.072228
21.125 73.625 0.24083
21.125 73.875 0.54415
21.125 74.125 0.79854
21.125 74.375 1.1163
21.125 74.625 1.2869
21.125 74.875 1.9007
21.125 75.125 1.4354
21.125 75.375 0.59382
21.125 75.625 1.2997
21.125 75.875 1.5106
21.125 76.125 1.2709
21.125 76.375 1.0088
21.125 76.625 0.46235
21.125 76.875 0.26218
21.125 77.125 0.44294
21.125 77.375 0.90688
21.125 77.625 0.75145
21.125 77.875 0.5177
21.125 78.125 0.6072
21.125 78.375 0.59212
21.125 78.625 0.15102
21.125 78.875 0.72201
21.125 79.125 0.43443
21.125 79.375 0.87171
21.125 79.625 0.010032
21.125 79.875 -0.23577
21.125 80.125 -0.168
21.125 80.375 0.074627
21.125 80.625 0.1782
21.125 80.875 0.19201
21.125 81.125 -0.09811
21.125 81.375 -0.37713
21.125 81.625 -1.2253
21.125 81.875 -0.73514
21.125 82.125 -0.4937
21.125 82.375 -0.36849
21.125 82.625 -0.54611
21.125 82.875 -1.1093
21.125 83.125 -0.88789
21.125 83.375 -0.70244
21.125 83.625 -0.11675
21.125 83.875 -0.25185
21.125 84.125 -0.11134
21.125 84.375 -0.88364
21.125 84.625 -0.14222
21.125 84.875 0.22036
21.125 85.125 0.1504
21.125 85.375 -0.032239
21.125 85.625 0.44545
21.125 85.875 -0.10142
21.125 86.125 0.053733
21.125 86.375 0.29216
21.125 86.625 0.465
21.375 70.125 1.4451
21.375 70.375 1.291
21.375 70.625 1.8657
21.375 70.875 1.398
21.375 71.125 1.298
21.375 71.375 0.74898
21.375 71.625 1.1267
21.375 71.875 0.55079
21.375 72.875 0.96046
21.375 73.125 1.5945
21.375 73.375 1.4292
21.375 73.625 1.8776
21.375 73.875 0.52591
21.375 74.125 1.1993
21.375 74.375 1.4116
21.375 74.625 0.91817
21.375 74.875 1.3386
21.375 75.125 1.2375
21.375 75.375 0.73422
21.375 75.625 0.68812
21.375 75.875 0.89872
21.375 76.125 0.66289
21.375 76.375 0.58191
21.375 76.625 0.12154
21.375 76.875 -0.34986
21.375 77.125 0.21996
21.375 77.375 1.9013
21.375 77.625 0.54682
21.375 77.875 0.64583
21.375 78.125 0.80259
21.375 78.375 0.44337
21.375 78.625 0.8352
21.375 78.875 0.84888
21.375 79.125 0.63072
21.375 79.375 0.2853
21.375 79.625 -0.14791
21.375 79.875 -0.19228
21.375 80.125 -0.58198
21.375 80.375 -0.35354
21.375 80.625 0.6747
21.375 80.875 1.1177
21.375 81.125 1.0118
21.375 81.375 0.14515
21.375 81.625 -0.48294
21.375 81.875 -0.53454
21.375 82.125 -0.21326
21.375 82.375 -0.14582
21.375 82.625 -0.40531
21.375 82.875 -0.46286
21.375 83.125 -0.11693
21.375 83.375 -0.46922
21.375 83.625 -0.71313
21.375 83.875 -0.98909
21.375 84.125 -0.73516
21.375 84.375 -0.17851
21.375 84.625 0.094591
21.375 84.875 0.11315
21.375 85.125 0.19958
21.375 85.375 -0.23088
21.375 85.625 1.4172
21.375 85.875 0.21547
21.375 86.125 0.41971
21.375 86.375 0.39198
21.375 86.625 0.17205
21.375 86.875 0.24101
21.625 69.875 1.3555
21.625 70.125 0.94527
21.625 70.375 1.7146
21.625 70.625 2.2587
21.625 70.875 1.5025
21.625 71.125 0.76304
21.625 71.375 0.97806
21.625 71.625 0.71665
21.625 71.875 1.0542
21.625 72.125 1.1503
21.625 72.875 0.7229
21.625 73.125 0.10756
21.625 73.375 0.82976
21.625 73.625 0.82285
21.625 73.875 0.70324
21.625 74.125 1.0545
21.625 74.375 1.1662
21.625 74.625 1.5099
21.625 74.875 1.248
21.625 75.125 0.54697
21.625 75.375 -0.38532
21.625 75.625 -0.35017
21.625 75.875 -0.15602
21.625 76.125 0.093383
21.625 76.375 0.11096
21.625 76.625 -0.14988
21.625 76.875 0.33607
21.625 77.125 0.99515
21.625 77.375 1.8892
21.625 77.625 0.32269
21.625 77.875 1.4299
21.625 78.125 1.3866
21.625 78.375 0.63988
21.625 78.625 0.88021
21.625 78.875 0.86774
21.625 79.125 0.048641
21.625 79.375 -0.83721
21.625 79.625 -0.3014
21.625 79.875 -0.39076
21.625 80.125 -0.37518
21.625 80.375 -0.017654
21.625 80.625 0.72139
21.625 80.875 0.77683
21.625 81.125 1.7026
21.625 81.375 0.73885
21.625 81.625 -0.080828
21.625 81.875 -0.015078
21.625 82.125 -0.0073096
21.625 82.375 0.09733
21.625 82.625 -0.2188
21.625 82.875 NaN
21.625 83.125 -0.53158
21.625 83.375 -0.32363
21.625 83.625 -1.3396
21.625 83.875 -1.4794
21.625 84.125 -1.1457
21.625 84.375 -0.047206
21.625 84.625 0.61972
21.625 84.875 1.0459
21.625 85.125 0.37118
21.625 85.375 -0.07928
21.625 85.625 -0.10868
21.625 85.875 0.35271
21.625 86.125 0.76485
21.625 86.375 0.69981
21.625 86.625 0.29482
21.625 86.875 0.97466
21.625 87.125 1.0298
21.625 87.375 NaN
21.875 69.375 NaN
21.875 69.625 1.6063
21.875 69.875 1.4441
21.875 70.125 2.5278
21.875 70.375 3.0808
21.875 70.625 3.1396
21.875 70.875 0.96488
21.875 71.125 0.70535
21.875 71.375 0.57432
21.875 71.625 0.81971
21.875 71.875 0.82054
21.875 72.125 0.87458
21.875 72.625 NaN
21.875 72.875 0.23647
21.875 73.125 -0.13064
21.875 73.375 0.46143
21.875 73.625 0.58867
21.875 73.875 1.0106
21.875 74.125 0.74212
21.875 74.375 0.95531
21.875 74.625 1.9356
21.875 74.875 1.3211
21.875 75.125 -0.64256
21.875 75.375 -0.74401
21.875 75.625 -0.33165
21.875 75.875 0.056834
21.875 76.125 0.086969
21.875 76.375 0.10583
21.875 76.625 0.0068227
21.875 76.875 -0.12216
21.875 77.125 0.86364
21.875 77.375 0.93308
21.875 77.625 0.8755
21.875 77.875 0.8926
21.875 78.125 1.0034
21.875 78.375 0.65874
21.875 78.625 0.61841
21.875 78.875 0.61751
21.875 79.125 -0.025661
21.875 79.375 -0.59224
21.875 79.625 -0.50773
21.875 79.875 -0.32062
21.875 80.125 -0.078131
21.875 80.375 -0.0068564
21.875 80.625 0.39794
21.875 80.875 0.88733
21.875 81.125 1.2789
21.875 81.375 0.99858
21.875 81.625 0.56168
21.875 81.875 0.40668
21.875 82.125 -0.33672
21.875 82.375 0.16382
21.875 82.625 0.18238
21.875 82.875 -0.80115
21.875 83.125 -0.79787
21.875 83.375 -0.53913
21.875 83.625 -1.0943
21.875 83.875 -0.97002
21.875 84.125 -0.27275
21.875 84.375 0.21411
21.875 84.625 0.77579
21.875 84.875 0.9868
21.875 85.125 0.8948
21.875 85.375 0.71087
21.875 85.625 0.31877
21.875 85.875 0.81534
21.875 86.125 0.75326
21.875 86.375 0.64409
21.875 86.625 0.93376
21.875 86.875 2.2657
21.875 87.125 2.5171
21.875 87.375 2.2959
21.875 87.625 3.46
21.875 87.875 0.57526
21.875 88.375 1.9083
21.875 88.625 NaN
21.875 88.875 NaN
22.125 69.125 2.6171
22.125 69.375 2.3483
22.125 69.625 2.1752
22.125 69.875 2.0515
22.125 70.125 3.3348
22.125 70.375 2.8876
22.125 70.625 1.8301
22.125 70.875 0.76649
22.125 71.125 0.88446
22.125 71.375 1.0428
22.125 71.625 0.90092
22.125 71.875 0.48662
22.125 72.125 1.3146
22.125 72.625 NaN
22.125 72.875 0.5146
22.125 73.125 0.5896
22.125 73.375 0.2563
22.125 73.625 0.98982
22.125 73.875 1.4727
22.125 74.125 0.36281
22.125 74.375 0.17604
22.125 74.625 0.59649
22.125 74.875 -0.21119
22.125 75.125 -0.63784
22.125 75.375 -0.73806
22.125 75.625 0.41962
22.125 75.875 0.66947
22.125 76.125 0.69288
22.125 76.375 0.27319
22.125 76.625 -0.059935
22.125 76.875 -0.089559
22.125 77.125 0.31603
22.125 77.375 0.75026
22.125 77.625 0.87727
22.125 77.875 1.1013
22.125 78.125 0.67557
22.125 78.375 0.31952
22.125 78.625 0.16096
22.125 78.875 0.053444
22.125 79.125 -0.2868
22.125 79.375 -0.44732
22.125 79.625 -0.43898
22.125 79.875 -0.38158
22.125 80.125 -0.058261
22.125 80.375 -0.019779
22.125 80.625 0.29354
22.125 80.875 0.79168
22.125 81.125 1.4621
22.125 81.375 1.1081
22.125 81.625 0.82177
22.125 81.875 0.69108
22.125 82.125 0.53386
22.125 82.375 0.6911
22.125 82.625 0.37112
22.125 82.875 -0.75379
22.125 83.125 -0.85205
22.125 83.375 -0.63991
22.125 83.625 -0.8756
22.125 83.875 -0.32217
22.125 84.125 0.22897
22.125 84.375 0.15954
22.125 84.625 0.54392
22.125 84.875 1.3971
22.125 85.125 1.0283
22.125 85.375 0.9104
22.125 85.625 0.58082
22.125 85.875 0.67803
22.125 86.125 1.3643
22.125 86.375 2.3693
22.125 86.625 3.718
22.125 86.875 3.6887
22.125 87.125 3.4086
22.125 87.375 2.3791
22.125 87.625 2.2976
22.125 87.875 2.2849
22.125 88.125 2.5512
22.125 88.375 2.3877
22.125 92.875 NaN
22.375 69.125 2.2726
22.375 69.875 1.8622
22.375 70.125 2.5003
22.375 70.375 1.3998
22.375 70.625 1.0819
22.375 70.875 0.76236
22.375 71.125 1.1439
22.375 71.375 0.71132
22.375 71.625 0.23112
22.375 71.875 0.62764
22.375 72.125 1.1224
22.375 72.625 NaN
22.375 72.875 -0.037672
22.375 73.125 -0.26312
22.375 73.375 0.031087
22.375 73.625 0.91403
22.375 73.875 0.22882
22.375 74.125 0.76939
22.375 74.375 -0.093
22.375 74.625 -0.14941
22.375 74.875 -0.42882
22.375 75.125 -0.4543
22.375 75.375 0.079816
22.375 75.625 0.29788
22.375 75.875 0.36617
22.375 76.125 0.55419
22.375 76.375 0.52633
22.375 76.625 0.66569
22.375 76.875 0.17456
22.375 77.125 0.095939
22.375 77.375 0.23521
22.375 77.625 0.78427
22.375 77.875 1.0019
22.375 78.125 0.59716
22.375 78.375 0.16704
22.375 78.625 -0.34794
22.375 78.875 -0.26556
22.375 79.125 -0.53043
22.375 79.375 -0.60184
22.375 79.625 -0.60783
22.375 79.875 -0.44371
22.375 80.125 -0.56278
22.375 80.375 -0.16154
22.375 80.625 0.46177
22.375 80.875 1.2687
22.375 81.125 1.6605
22.375 81.375 1.6716
22.375 81.625 1.2681
22.375 81.875 0.77162
22.375 82.125 0.85195
22.375 82.375 0.7337
22.375 82.625 0.66374
22.375 82.875 -0.69682
22.375 83.125 -0.89415
22.375 83.375 -0.82318
22.375 83.625 -0.5289
22.375 83.875 -0.40672
22.375 84.125 -0.34681
22.375 84.375 -0.31358
22.375 84.625 0.10785
22.375 84.875 1.5986
22.375 85.125 1.4368
22.375 85.375 1.215
22.375 85.625 0.86197
22.375 85.875 0.80312
22.375 86.125 0.98073
22.375 86.375 2.7559
22.375 86.625 3.5849
22.375 86.875 3.7312
22.375 87.125 3.6758
22.375 87.375 1.8452
22.375 87.625 0.94737
22.375 87.875 1.6351
22.375 88.125 0.16439
22.375 88.375 1.5328
22.375 88.625 1.7221
22.375 88.875 1.8269
22.375 92.875 1.5196
22.625 70.375 2.0549
22.625 70.625 0.97528
22.625 70.875 1.0117
22.625 71.125 1.1395
22.625 71.375 0.46323
22.625 71.625 0.18528
22.625 71.875 -0.093892
22.625 72.125 0.2692
22.625 72.375 0.68506
22.625 72.625 1.098
22.625 72.875 0.24142
22.625 73.125 -0.4328
22.625 73.375 0.077186
22.625 73.625 -0.32851
22.625 73.875 -0.03898
22.625 74.125 0.24332
22.625 74.375 0.18565
22.625 74.625 -0.099315
22.625 74.875 0.017764
22.625 75.125 -0.080679
22.625 75.375 0.26249
22.625 75.625 0.45524
22.625 75.875 0.47709
22.625 76.125 0.39477
22.625 76.375 0.43029
22.625 76.625 0.62848
22.625 76.875 0.10575
22.625 77.125 0.061732
22.625 77.375 0.086765
22.625 77.625 0.27057
22.625 77.875 0.78122
22.625 78.125 0.59589
22.625 78.375 -0.22351
22.625 78.625 -0.53728
22.625 78.875 -0.45592
22.625 79.125 -0.52901
22.625 79.375 -0.69353
22.625 79.625 -0.93036
22.625 79.875 -0.72126
22.625 80.125 -0.78794
22.625 80.375 -0.60072
22.625 80.625 0.8557
22.625 80.875 1.5557
22.625 81.125 1.3989
22.625 81.375 1.7206
22.625 81.625 0.82434
22.625 81.875 0.80726
22.625 82.125 0.84949
22.625 82.375 0.78275
22.625 82.625 0.20272
22.625 82.875 -0.65005
22.625 83.125 -0.62764
22.625 83.375 -0.77654
22.625 83.625 -0.47495
22.625 83.875 -0.48148
22.625 84.125 -0.54245
22.625 84.375 -0.42065
22.625 84.625 -0.13877
22.625 84.875 1.8503
22.625 85.125 1.7373
22.625 85.375 1.2009
22.625 85.625 1.1756
22.625 85.875 1.5938
22.625 86.125 1.0175
22.625 86.375 1.3028
22.625 86.625 1.6812
22.625 86.875 2.9999
22.625 87.125 2.9994
22.625 87.375 1.1082
22.625 87.625 1.477
22.625 87.875 1.7183
22.625 88.125 1.8133
22.625 88.375 1.1992
22.625 88.625 1.7624
22.625 88.875 1.8188
22.625 92.625 -0.051168
22.625 92.875 1.1694
22.875 69.375 NaN
22.875 69.625 NaN
22.875 69.875 NaN
22.875 70.625 0.78418
22.875 70.875 1.012
22.875 71.125 0.83531
22.875 71.375 0.19383
22.875 71.625 -0.015668
22.875 71.875 -0.19634
22.875 72.125 0.19976
22.875 72.375 -0.0087019
22.875 72.625 0.70242
22.875 72.875 -0.38887
22.875 73.125 -0.05973
22.875 73.375 -0.51118
22.875 73.625 0.0037163
22.875 73.875 0.11098
22.875 74.125 0.23182
22.875 74.375 0.094364
22.875 74.625 0.025824
22.875 74.875 0.88087
22.875 75.125 0.65832
22.875 75.375 0.95671
22.875 75.625 0.90127
22.875 75.875 0.57858
22.875 76.125 0.61859
22.875 76.375 0.32898
22.875 76.625 0.3442
22.875 76.875 -0.21991
22.875 77.125 -0.30195
22.875 77.375 0.048564
22.875 77.625 0.044606
22.875 77.875 0.132
22.875 78.125 0.084841
22.875 78.375 -0.55542
22.875 78.625 -0.8984
22.875 78.875 -0.5519
22.875 79.125 -0.45756
22.875 79.375 -0.81339
22.875 79.625 -0.82345
22.875 79.875 -0.73625
22.875 80.125 -0.84864
22.875 80.375 -0.6856
22.875 80.625 1.093
22.875 80.875 1.2889
22.875 81.125 1.2159
22.875 81.375 1.1311
22.875 81.625 0.11118
22.875 81.875 -0.17463
22.875 82.125 -0.045732
22.875 82.375 -0.076272
22.875 82.625 -0.27694
22.875 82.875 -0.55979
22.875 83.125 -0.60115
22.875 83.375 -0.64724
22.875 83.625 -0.4064
22.875 83.875 -0.2487
22.875 84.125 -0.59135
22.875 84.375 -0.49255
22.875 84.625 0.13138
22.875 84.875 0.51683
22.875 85.125 1.5394
22.875 85.375 0.98324
22.875 85.625 0.27494
22.875 85.875 1.6799
22.875 86.125 1.1611
22.875 86.375 0.9334
22.875 86.625 2.478
22.875 86.875 2.2476
22.875 87.125 1.1842
22.875 87.375 1.0341
22.875 87.625 1.1708
22.875 87.875 0.8121
22.875 88.125 0.85884
22.875 88.375 1.3127
22.875 88.625 1.2153
22.875 92.625 -0.61933
22.875 92.875 0.4712
23.125 68.875 0.95862
23.125 69.125 1.6574
23.125 69.375 1.045
23.125 69.625 0.45456
23.125 69.875 1.5029
23.125 70.125 0.65895
23.125 70.875 1.0036
23.125 71.125 0.8583
23.125 71.375 0.087858
23.125 71.625 0.21492
23.125 71.875 -0.14184
23.125 72.125 0.45849
23.125 72.375 0.041918
23.125 72.625 0.0084374
23.125 72.875 -0.21161
23.125 73.125 -0.25198
23.125 73.375 -0.030344
23.125 73.625 0.16148
23.125 73.875 0.031332
23.125 74.125 0.11997
23.125 74.375 0.2319
23.125 74.625 0.41692
23.125 74.875 1.0328
23.125 75.125 1.0803
23.125 75.375 1.145
23.125 75.625 0.55613
23.125 75.875 0.3711
23.125 76.125 1.0234
23.125 76.375 1.4137
23.125 76.625 0.80195
23.125 76.875 -0.06128
23.125 77.125 -0.0097366
23.125 77.375 -0.16964
23.125 77.625 -0.075584
23.125 77.875 0.024858
23.125 78.125 -0.21549
23.125 78.375 -0.47542
23.125 78.625 -0.82907
23.125 78.875 -0.49354
23.125 79.125 -0.59048
23.125 79.375 -0.68421
23.125 79.625 -0.93496
23.125 79.875 -1.0663
23.125 80.125 -1.076
23.125 80.375 -0.83058
23.125 80.625 0.54954
23.125 80.875 0.74494
23.125 81.125 0.59929
23.125 81.375 -0.050532
23.125 81.625 -0.31827
23.125 81.875 -0.40667
23.125 82.125 -0.083223
23.125 82.375 0.11146
23.125 82.625 0.010757
23.125 82.875 -0.49065
23.125 83.125 -0.57727
23.125 83.375 -0.44119
23.125 83.625 -0.386
23.125 83.875 -0.084825
23.125 84.125 -0.11941
23.125 84.375 0.6546
23.125 84.625 0.46442
23.125 84.875 0.41155
23.125 85.125 0.40241
23.125 85.375 1.0933
23.125 85.625 1.3975
23.125 85.875 2.2361
23.125 86.125 2.2745
23.125 86.375 2.2553
23.125 86.625 2.9411
23.125 86.875 2.4933
23.125 87.125 1.1924
23.125 87.375 0.7372
23.125 87.625 1.1054
23.125 87.875 0.74158
23.125 88.125 0.36921
23.125 88.375 0.88169
23.125 88.625 0.96858
23.125 91.625 NaN
23.125 92.625 -1.156
23.125 92.875 -0.77927
23.125 93.125 NaN
23.375 68.875 1.2437
23.375 69.125 1.5673
23.375 69.375 1.5619
23.375 69.625 1.1046
23.375 69.875 0.98711
23.375 70.125 0.87844
23.375 70.375 1.003
23.375 70.625 0.86008
23.375 70.875 0.96712
23.375 71.125 0.40713
23.375 71.375 -0.012119
23.375 71.625 0.87765
23.375 71.875 1.2326
23.375 72.125 0.6269
23.375 72.375 0.11179
23.375 72.625 -0.057487
23.375 72.875 -0.14572
23.375 73.125 0.12882
23.375 73.375 0.005806
23.375 73.625 0.41032
23.375 73.875 0.42202
23.375 74.125 0.20549
23.375 74.375 0.5106
23.375 74.625 0.97377
23.375 74.875 1.5809
23.375 75.125 1.5493
23.375 75.375 1.3046
23.375 75.625 0.88827
23.375 75.875 0.77665
23.375 76.125 1.7955
23.375 76.375 1.862
23.375 76.625 1.3873
23.375 76.875 0.81507
23.375 77.125 0.37187
23.375 77.375 0.048358
23.375 77.625 -0.094514
23.375 77.875 0.033627
23.375 78.125 0.032691
23.375 78.375 -0.18771
23.375 78.625 -0.3153
23.375 78.875 -0.36478
23.375 79.125 -0.57351
23.375 79.375 -0.80153
23.375 79.625 -0.82664
23.375 79.875 -0.772
23.375 80.125 -0.95925
23.375 80.375 -1.1987
23.375 80.625 -0.9285
23.375 80.875 -0.22614
23.375 81.125 -0.04979
23.375 81.375 -0.18532
23.375 81.625 -0.24932
23.375 81.875 -0.14824
23.375 82.125 -0.030066
23.375 82.375 0.015219
23.375 82.625 -0.073428
23.375 82.875 -0.36334
23.375 83.125 -0.51678
23.375 83.375 0.33256
23.375 83.625 0.35321
23.375 83.875 0.97508
23.375 84.125 -0.56933
23.375 84.375 1.6021
23.375 84.625 1.351
23.375 84.875 0.81324
23.375 85.125 0.1789
23.375 85.375 0.66745
23.375 85.625 0.89076
23.375 85.875 2.0196
23.375 86.125 1.3635
23.375 86.375 1.5495
23.375 86.625 3.1494
23.375 86.875 2.1775
23.375 87.125 1.0675
23.375 87.375 0.83788
23.375 87.625 1.06
23.375 87.875 0.069242
23.375 88.125 0.10666
23.375 88.375 0.298
23.375 88.625 0.31954
23.375 91.375 -0.50011
23.375 91.625 -0.33057
23.375 92.625 -1.2661
23.375 92.875 -1.0793
23.375 93.125 -0.94924
23.625 68.625 1.0524
23.625 68.875 1.087
23.625 69.125 1.2651
23.625 69.375 1.2525
23.625 69.625 1.2053
23.625 69.875 0.93963
23.625 70.125 1.1613
23.625 70.375 1.0538
23.625 70.625 1.0346
23.625 70.875 0.62387
23.625 71.125 -0.19797
23.625 71.375 -0.11074
23.625 71.625 -0.5095
23.625 71.875 -0.30563
23.625 72.125 0.76994
23.625 72.375 -0.18431
23.625 72.625 -0.28878
23.625 72.875 -0.42715
23.625 73.125 -0.45229
23.625 73.375 -0.18771
23.625 73.625 -0.090242
23.625 73.875 0.22899
23.625 74.125 0.63065
23.625 74.375 1.4432
23.625 74.625 1.5645
23.625 74.875 1.7847
23.625 75.125 1.2998
23.625 75.375 1.0268
23.625 75.625 1.3187
23.625 75.875 1.7221
23.625 76.125 1.9699
23.625 76.375 1.6234
23.625 76.625 1.1159
23.625 76.875 1.0503
23.625 77.125 1.3282
23.625 77.375 0.73441
23.625 77.625 0.32704
23.625 77.875 0.092705
23.625 78.125 0.1042
23.625 78.375 0.0032469
23.625 78.625 -0.23592
23.625 78.875 -0.31173
23.625 79.125 -0.61611
23.625 79.375 -0.71185
23.625 79.625 -0.64426
23.625 79.875 -0.53854
23.625 80.125 -0.76278
23.625 80.375 -1.0024
23.625 80.625 -0.94044
23.625 80.875 -0.534
23.625 81.125 -0.22118
23.625 81.375 -0.23408
23.625 81.625 -0.19501
23.625 81.875 -0.15074
23.625 82.125 0.09985
23.625 82.375 0.065685
23.625 82.625 -0.13308
23.625 82.875 -0.48555
23.625 83.125 -0.47811
23.625 83.375 -0.48114
23.625 83.625 0.456
23.625 83.875 2.7549
23.625 84.125 0.94287
23.625 84.375 0.52166
23.625 84.625 0.68005
23.625 84.875 0.919
23.625 85.125 0.4038
23.625 85.375 0.4146
23.625 85.625 0.36168
23.625 85.875 1.6303
23.625 86.125 0.2375
23.625 86.375 2.1612
23.625 86.625 2.7646
23.625 86.875 0.97883
23.625 87.125 1.2318
23.625 87.375 0.93501
23.625 87.625 -0.087328
23.625 87.875 -0.23842
23.625 88.125 -0.11947
23.625 88.375 -0.1221
23.625 91.375 -1.3032
23.625 91.625 -0.91282
23.625 91.875 NaN
23.625 92.375 -1.8877
23.625 92.625 -1.4667
23.625 92.875 -1.0914
23.625 93.125 -0.91791
23.875 68.875 1.1249
23.875 69.125 1.2653
23.875 69.375 1.4074
23.875 69.625 1.1915
23.875 69.875 1.0373
23.875 70.125 1.0842
23.875 70.375 0.99112
23.875 70.625 0.9393
23.875 70.875 -0.016512
23.875 71.125 -0.21422
23.875 71.375 -0.35685
23.875 71.625 -0.55105
23.875 71.875 0.031806
23.875 72.125 0.25345
23.875 72.375 -0.055097
23.875 72.625 -0.43311
23.875 72.875 -0.6096
23.875 73.125 -0.088151
23.875 73.375 -0.54216
23.875 73.625 -0.25515
23.875 73.875 -0.1508
23.875 74.125 0.744
23.875 74.375 1.8224
23.875 74.625 2.0652
23.875 74.875 1.9686
23.875 75.125 0.8631
23.875 75.375 0.54282
23.875 75.625 1.7245
23.875 75.875 2.165
23.875 76.125 1.8354
23.875 76.375 1.4016
23.875 76.625 1.1462
23.875 76.875 1.659
23.875 77.125 1.5036
23.875 77.375 1.4403
23.875 77.625 0.76728
23.875 77.875 0.4441
23.875 78.125 0.26569
23.875 78.375 0.10054
23.875 78.625 -0.35276
23.875 78.875 -0.64859
23.875 79.125 -0.83279
23.875 79.375 -0.5125
23.875 79.625 -0.52961
23.875 79.875 -0.61914
23.875 80.125 -0.72925
23.875 80.375 -1.1003
23.875 80.625 -0.92476
23.875 80.875 -0.622
23.875 81.125 -0.3496
23.875 81.375 -0.20639
23.875 81.625 -0.031324
23.875 81.875 0.28467
23.875 82.125 0.12099
23.875 82.375 0.3396
23.875 82.625 0.016601
23.875 82.875 -0.31364
23.875 83.125 -0.47312
23.875 83.375 -0.40748
23.875 83.625 0.44341
23.875 83.875 1.6289
23.875 84.125 1.3901
23.875 84.375 0.57594
23.875 84.625 1.2512
23.875 84.875 1.5746
23.875 85.125 1.1425
23.875 85.375 -0.20579
23.875 85.625 0.012936
23.875 85.875 1.1026
23.875 86.125 0.66339
23.875 86.375 0.83399
23.875 86.625 1.2716
23.875 86.875 0.77289
23.875 87.125 1.0068
23.875 87.375 0.5021
23.875 87.625 -0.27211
23.875 87.875 -0.87672
23.875 88.125 -0.64013
23.875 88.375 -0.55321
23.875 91.375 -1.3083
23.875 91.625 -1.6251
23.875 91.875 -1.1338
23.875 92.125 -1.3653
23.875 92.375 -1.7085
23.875 92.625 -1.254
23.875 92.875 -0.90502
23.875 93.125 -0.94606
23.875 93.375 -0.81698
24.125 68.875 1.2106
24.125 69.125 1.2588
24.125 69.375 1.2894
24.125 69.625 1.1199
24.125 69.875 0.98243
24.125 70.125 1.0146
24.125 70.375 0.85209
24.125 70.625 0.41057
24.125 70.875 -0.24136
24.125 71.125 -0.38106
24.125 71.375 -0.48774
24.125 71.625 -0.57902
24.125 71.875 0.32351
24.125 72.125 0.27203
24.125 72.375 0.05621
24.125 72.625 0.23434
24.125 72.875 0.36826
24.125 73.125 0.070808
24.125 73.375 -0.12743
24.125 73.625 0.02654
24.125 73.875 0.53416
24.125 74.125 1.227
24.125 74.375 1.5948
24.125 74.625 2.2883
24.125 74.875 2.0363
24.125 75.125 1.4065
24.125 75.375 1.514
24.125 75.625 1.4704
24.125 75.875 1.3089
24.125 76.125 1.3696
24.125 76.375 0.88358
24.125 76.625 1.0833
24.125 76.875 1.7345
24.125 77.125 1.6119
24.125 77.375 1.5975
24.125 77.625 1.037
24.125 77.875 0.58277
24.125 78.125 0.39206
24.125 78.375 -0.2472
24.125 78.625 -0.60945
24.125 78.875 -0.92133
24.125 79.125 -0.94247
24.125 79.375 -0.54318
24.125 79.625 -0.55621
24.125 79.875 -0.40463
24.125 80.125 -0.60133
24.125 80.375 -1.0785
24.125 80.625 -0.90224
24.125 80.875 -0.29711
24.125 81.125 -0.10103
24.125 81.375 0.0040672
24.125 81.625 0.23574
24.125 81.875 0.42787
24.125 82.125 0.78041
24.125 82.375 0.28252
24.125 82.625 -0.027659
24.125 82.875 -0.19878
24.125 83.125 -0.32276
24.125 83.375 -0.027769
24.125 83.625 -0.74809
24.125 83.875 0.12716
24.125 84.125 0.12998
24.125 84.375 0.084164
24.125 84.625 0.61805
24.125 84.875 1.6078
24.125 85.125 1.0223
24.125 85.375 0.82001
24.125 85.625 0.961
24.125 85.875 0.73721
24.125 86.125 0.55319
24.125 86.375 0.30039
24.125 86.625 0.27399
24.125 86.875 -0.1614
24.125 87.125 0.17814
24.125 87.375 -0.26297
24.125 87.625 -0.48776
24.125 87.875 -0.98141
24.125 88.125 -0.63049
24.125 88.375 -0.60075
24.125 91.875 -1.5169
24.125 92.125 -1.2905
24.125 92.375 -1.2503
24.125 92.625 -0.55272
24.125 92.875 -0.43798
24.125 93.125 -0.89431
24.125 93.375 -1.3522
24.125 93.625 -1.4196
24.125 93.875 -1.3913
24.125 94.125 NaN
24.375 71.375 -0.46794
24.375 71.625 -0.20585
24.375 71.875 -0.04506
24.375 72.125 0.035193
24.375 72.375 -0.31975
24.375 72.625 0.088808
24.375 72.875 0.27439
24.375 73.125 0.27316
24.375 73.375 0.35242
24.375 73.625 0.29832
24.375 73.875 0.99326
24.375 74.125 1.232
24.375 74.375 1.6724
24.375 74.625 2.0625
24.375 74.875 1.5555
24.375 75.125 1.5329
24.375 75.375 1.2903
24.375 75.625 1.2768
24.375 75.875 0.83616
24.375 76.125 1.4671
24.375 76.375 1.0211
24.375 76.625 1.5241
24.375 76.875 1.4448
24.375 77.125 1.756
24.375 77.375 1.5474
24.375 77.625 1.262
24.375 77.875 0.70625
24.375 78.125 0.092217
24.375 78.375 -0.27187
24.375 78.625 -0.55172
24.375 78.875 -0.63908
24.375 79.125 -0.66547
24.375 79.375 -0.62666
24.375 79.625 -0.49322
24.375 79.875 -0.26048
24.375 80.125 -0.055815
24.375 80.375 -0.02383
24.375 80.625 -0.35605
24.375 80.875 0.089214
24.375 81.125 0.14184
24.375 81.375 0.1407
24.375 81.625 0.57503
24.375 81.875 0.59906
24.375 82.125 0.46904
24.375 82.375 0.37447
24.375 82.625 0.526
24.375 82.875 0.39513
24.375 83.125 0.10126
24.375 83.375 0.1754
24.375 83.625 0.69475
24.375 83.875 0.79178
24.375 84.125 0.91992
24.375 84.375 0.64837
24.375 84.625 1.0217
24.375 84.875 1.5614
24.375 85.125 1.1777
24.375 85.375 1.2807
24.375 85.625 0.82611
24.375 85.875 -0.055615
24.375 86.125 0.11709
24.375 86.375 0.25655
24.375 86.625 0.33727
24.375 86.875 -0.24124
24.375 87.125 -0.60566
24.375 87.375 -1.1898
24.375 87.625 -0.46317
24.375 87.875 -0.76158
24.375 88.125 -0.89448
24.375 92.375 -1.0004
24.375 92.625 -1.1471
24.375 92.875 -0.43785
24.375 93.125 -1.0333
24.375 93.375 -1.5739
24.375 93.625 -1.52
24.375 93.875 -1.5549
24.375 94.125 -1.1827
24.625 71.125 -0.2689
24.625 71.375 -0.24551
24.625 71.625 -0.193
24.625 71.875 -0.092775
24.625 72.125 0.12292
24.625 72.375 0.30054
24.625 72.625 -0.34851
24.625 72.875 -0.14342
24.625 73.125 0.14763
24.625 73.375 0.52423
24.625 73.625 0.62483
24.625 73.875 0.77096
24.625 74.125 0.8146
24.625 74.375 1.4101
24.625 74.625 2.0998
24.625 74.875 2.1268
24.625 75.125 1.5271
24.625 75.375 1.2201
24.625 75.625 1.5143
24.625 75.875 1.3908
24.625 76.125 1.5284
24.625 76.375 1.4452
24.625 76.625 1.8374
24.625 76.875 1.4803
24.625 77.125 1.9755
24.625 77.375 2.0006
24.625 77.625 1.9936
24.625 77.875 1.5056
24.625 78.125 0.2244
24.625 78.375 -0.17296
24.625 78.625 -0.43209
24.625 78.875 -0.33708
24.625 79.125 -0.22352
24.625 79.375 -0.4104
24.625 79.625 -0.52127
24.625 79.875 -0.14831
24.625 80.125 -0.31648
24.625 80.375 0.027431
24.625 80.625 1.36
24.625 80.875 0.84637
24.625 81.125 0.28678
24.625 81.375 0.49711
24.625 81.625 1.2492
24.625 81.875 1.0981
24.625 82.125 0.51712
24.625 82.375 0.32063
24.625 82.625 0.60245
24.625 82.875 0.79358
24.625 83.125 0.57074
24.625 83.375 0.46757
24.625 83.625 0.97031
24.625 83.875 0.77011
24.625 84.125 1.2362
24.625 84.375 1.2527
24.625 84.625 1.3831
24.625 84.875 1.8031
24.625 85.125 1.1167
24.625 85.375 0.75011
24.625 85.625 0.77051
24.625 85.875 -0.18422
24.625 86.125 0.021622
24.625 86.375 0.016746
24.625 86.625 -0.25842
24.625 86.875 -0.36043
24.625 87.125 -0.50587
24.625 87.375 -0.67812
24.625 87.625 -0.68572
24.625 87.875 -0.6976
24.625 92.375 -1.2723
24.625 92.625 -1.2154
24.625 92.875 -0.89567
24.625 93.125 -1.3295
24.625 93.375 -1.6989
24.625 93.625 -1.9757
24.625 93.875 -1.7658
24.625 94.125 -1.1658
24.625 94.375 NaN
24.875 71.125 -0.093259
24.875 71.375 -0.33062
24.875 71.625 -0.2653
24.875 71.875 0.12502
24.875 72.125 0.11007
24.875 72.375 0.39244
24.875 72.625 -0.38257
24.875 72.875 -0.37542
24.875 73.125 -0.61321
24.875 73.375 -0.20942
24.875 73.625 1.4587
24.875 73.875 0.63233
24.875 74.125 0.058973
24.875 74.375 0.71666
24.875 74.625 1.6978
24.875 74.875 2.1268
24.875 75.125 1.2744
24.875 75.375 1.1427
24.875 75.625 1.8592
24.875 75.875 1.885
24.875 76.125 2.1651
24.875 76.375 2.2862
24.875 76.625 2.5769
24.875 76.875 2.7623
24.875 77.125 2.7789
24.875 77.375 2.7237
24.875 77.625 2.3168
24.875 77.875 1.466
24.875 78.125 0.93048
24.875 78.375 0.60517
24.875 78.625 0.040475
24.875 78.875 -0.34412
24.875 79.125 0.15066
24.875 79.375 -0.24568
24.875 79.625 -0.36531
24.875 79.875 0.26053
24.875 80.125 -0.7766
24.875 80.375 0.31279
24.875 80.625 1.6688
24.875 80.875 1.3783
24.875 81.125 0.3697
24.875 81.375 0.81514
24.875 81.625 0.94852
24.875 81.875 0.61926
24.875 82.125 0.24004
24.875 82.375 0.13189
24.875 82.625 0.10591
24.875 82.875 1.0093
24.875 83.125 0.91658
24.875 83.375 0.38292
24.875 83.625 0.47183
24.875 83.875 0.68269
24.875 84.125 0.91653
24.875 84.375 0.24859
24.875 84.625 0.10142
24.875 84.875 1.8957
24.875 85.125 0.76746
24.875 85.375 1.2831
24.875 85.625 0.70052
24.875 85.875 0.36839
24.875 86.125 0.36864
24.875 86.375 -0.13343
24.875 86.625 -0.34292
24.875 86.875 0.25237
24.875 87.125 -0.078453
24.875 87.375 0.11661
24.875 87.625 -0.69823
24.875 87.875 -0.76629
24.875 88.125 -0.78127
24.875 92.625 -1.5186
24.875 92.875 -0.81295
24.875 93.125 -0.94499
24.875 93.375 -1.843
24.875 93.625 -1.9441
24.875 93.875 -1.7155
24.875 94.125 -1.5113
24.875 94.375 -1.1371
25.125 71.125 0.21286
25.125 71.375 -0.025227
25.125 71.625 -0.071617
25.125 71.875 0.27677
25.125 72.125 0.68009
25.125 72.375 -0.49
25.125 72.625 -0.82589
25.125 72.875 -0.25698
25.125 73.125 -0.46712
25.125 73.375 -0.17356
25.125 73.625 0.53727
25.125 73.875 0.85017
25.125 74.125 0.45732
25.125 74.375 0.72223
25.125 74.625 1.2834
25.125 74.875 0.94679
25.125 75.125 1.5292
25.125 75.375 1.4777
25.125 75.625 2.1634
25.125 75.875 1.4122
25.125 76.125 1.3131
25.125 76.375 2.207
25.125 76.625 2.8142
25.125 76.875 2.8016
25.125 77.125 3.0481
25.125 77.375 2.9442
25.125 77.625 2.1305
25.125 77.875 1.3046
25.125 78.125 1.3027
25.125 78.375 1.3112
25.125 78.625 0.11099
25.125 78.875 -0.35066
25.125 79.125 -0.0019049
25.125 79.375 -0.45244
25.125 79.625 -0.56371
25.125 79.875 -0.34779
25.125 80.125 -0.81276
25.125 80.375 0.43508
25.125 80.625 2.0904
25.125 80.875 1.4106
25.125 81.125 0.14872
25.125 81.375 1.544
25.125 81.625 2.4143
25.125 81.875 0.45551
25.125 82.125 0.11048
25.125 82.375 0.27766
25.125 82.625 1.3752
25.125 82.875 0.042172
25.125 83.125 0.20795
25.125 83.375 0.47661
25.125 83.625 0.60249
25.125 83.875 -0.070678
25.125 84.125 -0.12493
25.125 84.375 0.018207
25.125 84.625 0.27773
25.125 84.875 1.1501
25.125 85.125 1.5275
25.125 85.375 1.5296
25.125 85.625 0.60198
25.125 85.875 -0.25232
25.125 86.125 0.73689
25.125 86.375 0.29887
25.125 86.625 0.13944
25.125 86.875 -0.24239
25.125 87.125 0.024157
25.125 87.375 0.22818
25.125 87.625 -0.37135
25.125 87.875 -1.0384
25.125 88.125 -1.6374
25.125 88.375 -1.8694
25.125 92.375 -1.7434
25.125 92.625 -1.8649
25.125 92.875 -1.012
25.125 93.125 -0.92018
25.125 93.375 -1.5506
25.125 93.625 -1.5522
25.125 93.875 -1.6946
25.125 94.125 -1.5419
25.125 94.375 -1.5772
25.375 70.875 0.28054
25.375 71.125 -0.055776
25.375 71.375 -0.068291
25.375 71.625 -0.065684
25.375 71.875 0.36604
25.375 72.125 1.1186
25.375 72.375 -0.12103
25.375 72.625 -0.50967
25.375 72.875 -0.050233
25.375 73.125 0.17403
25.375 73.375 0.60425
25.375 73.625 0.62256
25.375 73.875 1.0404
25.375 74.125 1.1357
25.375 74.375 1.1045
25.375 74.625 1.2984
25.375 74.875 1.2562
25.375 75.125 1.3271
25.375 75.375 1.7954
25.375 75.625 2.093
25.375 75.875 2.1543
25.375 76.125 1.6983
25.375 76.375 1.8118
25.375 76.625 2.5217
25.375 76.875 2.5418
25.375 77.125 2.9491
25.375 77.375 2.5336
25.375 77.625 1.7067
25.375 77.875 1.2296
25.375 78.125 1.0587
25.375 78.375 1.1395
25.375 78.625 0.29057
25.375 78.875 -0.60777
25.375 79.125 -0.72749
25.375 79.375 -0.75349
25.375 79.625 -0.24262
25.375 79.875 0.53188
25.375 80.125 0.47264
25.375 80.375 1.6066
25.375 80.625 1.9412
25.375 80.875 -0.12378
25.375 81.125 0.46478
25.375 81.375 1.9342
25.375 81.625 1.3947
25.375 81.875 -0.03396
25.375 82.125 -0.97007
25.375 82.375 -0.62639
25.375 82.625 -0.54467
25.375 82.875 0.66073
25.375 83.125 -0.36664
25.375 83.375 1.2337
25.375 83.625 1.3629
25.375 83.875 0.75625
25.375 84.125 0.015496
25.375 84.375 0.30042
25.375 84.625 0.74499
25.375 84.875 1.6756
25.375 85.125 2.0789
25.375 85.375 2.0835
25.375 85.625 1.0593
25.375 85.875 0.64107
25.375 86.125 0.56198
25.375 86.375 0.71242
25.375 86.625 0.3796
25.375 86.875 -0.26885
25.375 87.125 0.83442
25.375 87.375 0.39554
25.375 87.625 0.058197
25.375 87.875 -0.80101
25.375 88.125 -1.7118
25.375 88.375 -2.1018
25.375 88.625 -2.0299
25.375 90.125 0.90139
25.375 90.375 0.88874
25.375 90.625 0.88596
25.375 90.875 0.59616
25.375 91.125 0.33222
25.375 91.375 -0.40043
25.375 91.625 -0.29556
25.375 91.875 -0.28162
25.375 92.125 -0.48844
25.375 92.375 -1.1586
25.375 92.625 -1.281
25.375 92.875 -1.1631
25.375 93.125 -1.0703
25.375 93.375 -1.512
25.375 93.625 -1.251
25.375 93.875 -2.0885
25.375 94.125 -1.8411
25.375 94.375 -1.7517
25.625 70.875 0.52508
25.625 71.125 -0.28775
25.625 71.375 -0.22947
25.625 71.625 0.11875
25.625 71.875 0.18355
25.625 72.125 0.88843
25.625 72.375 0.76791
25.625 72.625 0.083112
25.625 72.875 0.093174
25.625 73.125 0.4522
25.625 73.375 1.2191
25.625 73.625 0.72751
25.625 73.875 0.67154
25.625 74.125 1.1125
25.625 74.375 1.3849
25.625 74.625 0.87645
25.625 74.875 0.64167
25.625 75.125 0.048537
25.625 75.375 1.0963
25.625 75.625 1.5548
25.625 75.875 2.2125
25.625 76.125 2.1099
25.625 76.375 1.6079
25.625 76.625 1.6399
25.625 76.875 1.776
25.625 77.125 2.0122
25.625 77.375 2.1171
25.625 77.625 0.96596
25.625 77.875 1.0454
25.625 78.125 0.73068
25.625 78.375 0.34062
25.625 78.625 -0.3404
25.625 78.875 -0.68868
25.625 79.125 -0.32849
25.625 79.375 -0.023232
25.625 79.625 0.84107
25.625 79.875 0.90873
25.625 80.125 0.81466
25.625 80.375 1.7792
25.625 80.625 0.92863
25.625 80.875 0.32276
25.625 81.125 3.7441
25.625 81.375 2.8227
25.625 81.625 1.5858
25.625 81.875 0.92886
25.625 82.125 -0.83854
25.625 82.375 -0.34045
25.625 82.625 -0.26243
25.625 82.875 0.285
25.625 83.125 0.24375
25.625 83.375 1.4622
25.625 83.625 1.7852
25.625 83.875 2.4013
25.625 84.125 0.59525
25.625 84.375 0.4388
25.625 84.625 1.7553
25.625 84.875 2.9173
25.625 85.125 1.5725
25.625 85.375 1.6903
25.625 85.625 1.2287
25.625 85.875 1.6791
25.625 86.125 1.201
25.625 86.375 1.0611
25.625 86.625 -0.25156
25.625 86.875 -0.047624
25.625 87.125 0.36738
25.625 87.375 0.28011
25.625 87.625 0.030143
25.625 87.875 0.19425
25.625 88.125 -1.8643
25.625 90.125 0.96314
25.625 90.375 0.58943
25.625 90.625 0.099874
25.625 90.875 0.25936
25.625 91.125 -0.90251
25.625 91.375 -0.61967
25.625 91.625 -0.35504
25.625 91.875 -0.41538
25.625 92.125 -0.65829
25.625 92.375 -0.36275
25.625 92.625 -1.6507
25.625 92.875 -0.65753
25.625 93.125 -1.0899
25.625 93.375 -2.0032
25.625 93.625 -1.7679
25.625 93.875 -2.4023
25.625 94.125 -2.1187
25.625 94.375 -2.0951
25.625 94.625 NaN
25.625 94.875 NaN
25.875 70.375 0.51574
25.875 70.625 0.65389
25.875 70.875 0.81421
25.875 71.125 0.57409
25.875 71.375 0.30941
25.875 71.625 0.62536
25.875 71.875 0.4879
25.875 72.125 0.40866
25.875 72.375 0.8016
25.875 72.625 0.025088
25.875 72.875 -0.10799
25.875 73.125 0.17597
25.875 73.375 0.71299
25.875 73.625 1.1025
25.875 73.875 1.0563
25.875 74.125 0.5967
25.875 74.375 1.4068
25.875 74.625 1.2668
25.875 74.875 1.0815
25.875 75.125 0.4392
25.875 75.375 0.59416
25.875 75.625 1.4477
25.875 75.875 2.1691
25.875 76.125 1.6746
25.875 76.375 1.8787
25.875 76.625 1.5501
25.875 76.875 1.8855
25.875 77.125 2.0836
25.875 77.375 1.5561
25.875 77.625 0.48757
25.875 77.875 0.92857
25.875 78.125 0.69312
25.875 78.375 0.48791
25.875 78.625 0.64841
25.875 78.875 -0.41226
25.875 79.125 0.11214
25.875 79.375 0.30815
25.875 79.625 0.18514
25.875 79.875 0.61245
25.875 80.125 0.64043
25.875 80.375 1.7578
25.875 80.625 1.0094
25.875 80.875 0.63896
25.875 81.125 -0.34389
25.875 81.375 -0.49543
25.875 81.625 1.253
25.875 81.875 1.6974
25.875 82.125 0.14033
25.875 82.375 0.49998
25.875 82.625 0.96812
25.875 82.875 2.841
25.875 83.125 0.39119
25.875 83.375 1.6451
25.875 83.625 1.8915
25.875 83.875 2.0021
25.875 84.125 2.0054
25.875 84.375 0.59779
25.875 84.625 1.5473
25.875 84.875 2.2095
25.875 85.125 3.0508
25.875 85.375 2.3989
25.875 85.625 1.8074
25.875 85.875 1.9218
25.875 86.125 1.392
25.875 86.375 1.2154
25.875 86.625 0.56432
25.875 86.875 0.21211
25.875 87.125 -0.0077511
25.875 87.375 -0.1106
25.875 87.625 -0.32992
25.875 87.875 -0.67905
25.875 90.125 -0.16475
25.875 90.375 -0.33793
25.875 90.625 -0.64956
25.875 90.875 -1.1638
25.875 91.125 -1.4142
25.875 91.375 -0.80912
25.875 91.625 -0.51832
25.875 91.875 -1.0806
25.875 92.125 -0.7698
25.875 92.375 -0.41621
25.875 92.625 -0.72227
25.875 92.875 -0.78157
25.875 93.125 -1.8778
25.875 93.375 -2.3211
25.875 93.625 -2.3651
25.875 93.875 -2.7604
25.875 94.125 -2.4597
25.875 94.375 -2.2257
25.875 94.625 -1.9067
25.875 94.875 -1.6287
26.125 70.375 0.69234
26.125 70.625 1.2387
26.125 70.875 1.2923
26.125 71.125 1.2056
26.125 71.375 1.0891
26.125 71.625 1.1608
26.125 71.875 1.8981
26.125 72.125 2.311
26.125 72.375 0.81213
26.125 72.625 -0.63734
26.125 72.875 -0.85493
26.125 73.125 0.42563
26.125 73.375 2.2828
26.125 73.625 1.8069
26.125 73.875 1.3871
26.125 74.125 0.96453
26.125 74.375 0.84121
26.125 74.625 0.6982
26.125 74.875 0.65452
26.125 75.125 1.0671
26.125 75.375 1.4767
26.125 75.625 1.3411
26.125 75.875 1.0712
26.125 76.125 1.2283
26.125 76.375 1.2773
26.125 76.625 1.1381
26.125 76.875 1.8204
26.125 77.125 1.6791
26.125 77.375 0.73957
26.125 77.625 0.28126
26.125 77.875 0.41185
26.125 78.125 0.96692
26.125 78.375 0.82093
26.125 78.625 1.3011
26.125 78.875 0.038792
26.125 79.125 0.003551
26.125 79.375 0.64114
26.125 79.625 -0.65098
26.125 79.875 -0.34076
26.125 80.125 0.92349
26.125 80.375 0.78569
26.125 80.625 0.80532
26.125 80.875 1.325
26.125 81.125 0.60995
26.125 81.375 -0.33458
26.125 81.625 1.0184
26.125 81.875 0.74745
26.125 82.125 -0.055069
26.125 82.375 0.10989
26.125 82.625 1.4406
26.125 82.875 1.9825
26.125 83.125 0.40849
26.125 83.375 1.932
26.125 83.625 2.3868
26.125 83.875 1.4645
26.125 84.125 1.6685
26.125 84.375 1.5572
26.125 84.625 2.4306
26.125 84.875 1.8958
26.125 85.125 1.6909
26.125 85.375 1.4179
26.125 85.625 1.8904
26.125 85.875 2.1542
26.125 86.125 1.869
26.125 86.375 1.2252
26.125 86.625 1.5633
26.125 86.875 1.779
26.125 87.125 0.56203
26.125 87.375 0.95535
26.125 87.625 0.26984
26.125 87.875 0.045036
26.125 88.125 -0.35399
26.125 89.375 -0.34448
26.125 89.875 -0.90492
26.125 90.125 -0.32088
26.125 90.375 -0.26056
26.125 90.625 -0.22591
26.125 90.875 -1.0951
26.125 91.125 -1.1208
26.125 91.375 -0.70621
26.125 91.625 -1.221
26.125 91.875 -1.2421
26.125 92.125 -1.3439
26.125 92.375 -0.97814
26.125 92.625 -0.77346
26.125 92.875 -1.1929
26.125 93.125 -2.0702
26.125 93.375 -1.7437
26.125 93.625 -2.2212
26.125 93.875 -2.1791
26.125 94.125 -2.296
26.125 94.375 -1.7424
26.125 94.625 -1.7582
26.125 94.875 -1.7542
26.375 70.375 0.97085
26.375 70.625 1.5576
26.375 70.875 1.5809
26.375 71.125 1.6884
26.375 71.375 1.383
26.375 71.625 1.6441
26.375 71.875 1.9311
26.375 72.125 2.2082
26.375 72.375 1.189
26.375 72.625 -0.30131
26.375 72.875 -0.70033
26.375 73.125 -0.14037
26.375 73.375 0.60502
26.375 73.625 2.1323
26.375 73.875 2.1703
26.375 74.125 1.3942
26.375 74.375 1.1214
26.375 74.625 -0.20374
26.375 74.875 0.38818
26.375 75.125 1.5033
26.375 75.375 1.6702
26.375 75.625 0.89425
26.375 75.875 0.46111
26.375 76.125 -0.0037637
26.375 76.375 0.25535
26.375 76.625 0.96418
26.375 76.875 1.3863
26.375 77.125 0.91406
26.375 77.375 0.7474
26.375 77.625 0.13568
26.375 77.875 0.49893
26.375 78.125 1.0155
26.375 78.375 0.81508
26.375 78.625 0.57275
26.375 78.875 0.32705
26.375 79.125 0.51211
26.375 79.375 -0.62716
26.375 79.625 -0.88836
26.375 79.875 0.57906
26.375 80.125 0.82458
26.375 80.375 -0.162
26.375 80.625 -0.62939
26.375 80.875 0.36643
26.375 81.125 0.64855
26.375 81.375 -0.089825
26.375 81.625 -0.45238
26.375 81.875 0.094013
26.375 82.125 0.053021
26.375 82.375 0.24619
26.375 82.625 1.0327
26.375 82.875 0.9258
26.375 83.125 0.98565
26.375 83.375 0.85963
26.375 83.625 1.5872
26.375 83.875 1.7845
26.375 84.125 1.6196
26.375 84.375 1.2926
26.375 84.625 1.4717
26.375 84.875 -0.08133
26.375 85.125 1.1755
26.375 85.375 1.1645
26.375 85.625 2.4773
26.375 85.875 2.2205
26.375 86.125 0.98665
26.375 86.375 1.3969
26.375 86.625 1.2743
26.375 86.875 1.4108
26.375 87.125 0.46183
26.375 87.625 -0.19612
26.375 87.875 0.33492
26.375 88.125 -0.49235
26.375 88.375 -0.5366
26.375 88.875 -0.40072
26.375 89.375 -0.32826
26.375 89.625 -0.39071
26.375 89.875 -0.79014
26.375 90.125 -0.27639
26.375 90.375 -0.14099
26.375 90.625 -0.5045
26.375 90.875 -0.96663
26.375 91.125 -0.84201
26.375 91.375 -1.3074
26.375 91.625 -1.095
26.375 91.875 -0.77728
26.375 92.125 -1.2274
26.375 92.375 -0.85024
26.375 92.625 -0.77796
26.375 92.875 -1.3567
26.375 93.125 -1.3483
26.375 93.375 -0.8993
26.375 93.625 -1.3188
26.375 93.875 -1.823
26.375 94.125 -2.2861
26.375 94.375 -1.546
26.375 94.625 -1.6386
26.375 94.875 -1.7037
26.625 69.875 0.44993
26.625 70.125 0.47154
26.625 70.375 0.37808
26.625 70.625 1.5793
26.625 70.875 2.0241
26.625 71.125 1.9246
26.625 71.375 1.3692
26.625 71.625 1.3494
26.625 71.875 1.5041
26.625 72.125 2.236
26.625 72.375 1.3402
26.625 72.625 0.21547
26.625 72.875 0.23428
26.625 73.125 0.48432
26.625 73.375 0.4025
26.625 73.625 1.6753
26.625 73.875 1.9887
26.625 74.125 0.73644
26.625 74.375 0.59268
26.625 74.625 0.3362
26.625 74.875 2.1912
26.625 75.125 1.8367
26.625 75.375 0.77028
26.625 75.625 0.45101
26.625 75.875 0.27483
26.625 76.125 0.59245
26.625 76.375 0.32806
26.625 76.625 0.84309
26.625 76.875 0.87949
26.625 77.125 0.99512
26.625 77.375 0.72868
26.625 77.625 0.25803
26.625 77.875 0.23455
26.625 78.125 0.0017071
26.625 78.375 0.015549
26.625 78.625 -0.17098
26.625 78.875 -0.19565
26.625 79.125 -0.84779
26.625 79.375 -0.89558
26.625 79.625 -0.047944
26.625 79.875 0.03007
26.625 80.125 -0.1756
26.625 80.375 0.21732
26.625 80.625 -0.40307
26.625 80.875 0.36962
26.625 81.125 0.77397
26.625 81.375 0.55523
26.625 81.625 0.64622
26.625 81.875 1.8466
26.625 82.125 1.2345
26.625 82.375 0.80047
26.625 82.625 1.0169
26.625 82.875 1.1995
26.625 83.125 1.1193
26.625 83.375 0.75778
26.625 83.625 0.83872
26.625 83.875 0.62409
26.625 84.125 1.9976
26.625 84.375 1.7049
26.625 84.625 1.4062
26.625 84.875 0.45231
26.625 85.125 0.25296
26.625 85.375 0.56024
26.625 85.625 1.8751
26.625 86.125 0.97199
26.625 88.375 -0.10328
26.625 88.625 0.28868
26.625 88.875 -0.58044
26.625 89.125 -0.58006
26.625 89.375 -0.64296
26.625 89.625 -0.54049
26.625 89.875 -0.74935
26.625 90.125 -0.39093
26.625 90.375 0.10194
26.625 90.625 0.23022
26.625 90.875 -0.80987
26.625 91.125 -1.224
26.625 91.375 -1.1729
26.625 91.625 -0.70629
26.625 91.875 -0.39901
26.625 92.125 -0.7997
26.625 92.375 -0.51195
26.625 92.625 0.057494
26.625 92.875 -0.31696
26.625 93.125 -1.1143
26.625 93.375 -1.4719
26.625 93.625 -1.9792
26.625 93.875 -2.0869
26.625 94.125 -1.6616
26.625 94.375 -1.2122
26.625 94.625 -1.2602
26.625 94.875 -1.8636
26.625 95.125 -1.7857
26.875 69.625 0.17698
26.875 69.875 0.26987
26.875 70.125 0.34115
26.875 70.375 0.60609
26.875 70.625 1.8295
26.875 70.875 2.032
26.875 71.125 2.042
26.875 71.375 1.4858
26.875 71.625 1.3409
26.875 71.875 1.517
26.875 72.125 2.3781
26.875 72.375 1.9431
26.875 72.625 1.1182
26.875 72.875 0.91253
26.875 73.125 1.1977
26.875 73.375 0.83307
26.875 73.625 0.91252
26.875 73.875 0.85563
26.875 74.125 0.59816
26.875 74.375 1.5569
26.875 74.625 1.3197
26.875 74.875 1.6207
26.875 75.125 1.9872
26.875 75.375 0.32707
26.875 75.625 0.068379
26.875 75.875 0.33053
26.875 76.125 0.84058
26.875 76.375 0.44831
26.875 76.625 0.6347
26.875 76.875 0.38434
26.875 77.125 0.68181
26.875 77.375 0.42745
26.875 77.625 0.23597
26.875 77.875 -0.025227
26.875 78.125 0.036137
26.875 78.375 0.03212
26.875 78.625 -0.45175
26.875 78.875 -0.060326
26.875 79.125 -0.48399
26.875 79.375 -0.36164
26.875 79.625 0.38682
26.875 79.875 -0.012186
26.875 80.125 -0.47602
26.875 80.375 0.18186
26.875 80.625 0.026473
26.875 80.875 0.98672
26.875 81.125 1.1451
26.875 81.375 0.99058
26.875 81.625 0.70043
26.875 81.875 0.53341
26.875 82.125 1.9297
26.875 82.375 1.3498
26.875 82.625 1.1184
26.875 82.875 0.10031
26.875 83.125 0.77955
26.875 83.375 0.84832
26.875 83.625 0.73192
26.875 83.875 0.079493
26.875 84.125 1.8741
26.875 84.375 2.0422
26.875 84.625 1.6942
26.875 84.875 0.64581
26.875 88.375 0.78621
26.875 88.625 0.091287
26.875 88.875 -0.48548
26.875 92.375 -0.15334
26.875 92.625 0.12231
26.875 92.875 -0.011029
26.875 93.125 0.021874
26.875 93.375 -1.3141
26.875 93.625 -1.3187
26.875 93.875 -1.9956
26.875 94.125 -1.6783
26.875 94.375 -1.2501
26.875 94.625 -1.5643
26.875 94.875 -2.1293
26.875 95.125 -2.1411
26.875 95.375 -2.1744
26.875 95.625 -2.367
27.125 69.875 0.11738
27.125 70.125 0.093768
27.125 70.375 -0.0019303
27.125 70.625 0.93266
27.125 70.875 1.6741
27.125 71.125 1.963
27.125 71.375 1.7491
27.125 71.625 1.9794
27.125 71.875 2.4668
27.125 72.125 2.6081
27.125 72.375 2.4414
27.125 72.625 1.9845
27.125 72.875 1.2082
27.125 73.125 1.0225
27.125 73.375 0.66787
27.125 73.625 0.53607
27.125 73.875 0.78561
27.125 74.125 0.92724
27.125 74.375 1.5247
27.125 74.625 1.7728
27.125 74.875 0.94383
27.125 75.125 1.3541
27.125 75.375 0.88551
27.125 75.625 0.43645
27.125 75.875 0.20953
27.125 76.125 -0.07911
27.125 76.375 0.032691
27.125 76.625 -0.2539
27.125 76.875 -0.20177
27.125 77.125 0.66468
27.125 77.375 0.39079
27.125 77.625 0.32619
27.125 77.875 0.4747
27.125 78.125 0.49086
27.125 78.375 0.27983
27.125 78.625 0.23794
27.125 78.875 0.1022
27.125 79.125 -0.38876
27.125 79.375 -0.5568
27.125 79.625 -0.59635
27.125 79.875 -0.20004
27.125 80.125 -0.20388
27.125 80.375 0.6
27.125 80.625 0.070192
27.125 80.875 0.18114
27.125 81.125 1.4559
27.125 81.375 1.3879
27.125 81.625 0.87342
27.125 81.875 1.1998
27.125 82.125 1.5297
27.125 82.375 0.61598
27.125 82.625 0.95604
27.125 82.875 0.23719
27.125 83.125 0.78423
27.125 83.375 0.95949
27.125 83.625 1.4859
27.125 83.875 1.6137
27.125 84.125 1.6907
27.125 84.375 1.9473
27.125 84.625 1.6121
27.125 88.125 1.0868
27.125 88.375 1.4018
27.125 88.625 0.49021
27.125 92.125 -0.61291
27.125 92.375 -0.11654
27.125 92.625 -0.021121
27.125 92.875 -0.18223
27.125 93.125 -0.53739
27.125 93.375 -0.79636
27.125 93.625 -1.0586
27.125 93.875 -0.4327
27.125 94.125 -1.6444
27.125 94.375 -1.2799
27.125 94.625 -1.6125
27.125 94.875 -2.0926
27.125 95.125 -2.0477
27.125 95.375 -2.1858
27.125 95.625 -2.4579
27.125 95.875 -2.417
27.375 70.125 0.063255
27.375 70.375 0.082148
27.375 70.625 0.56584
27.375 70.875 1.1745
27.375 71.125 1.6236
27.375 71.375 2.0644
27.375 71.625 2.2302
27.375 71.875 2.5654
27.375 72.125 2.5001
27.375 72.375 2.4951
27.375 72.625 2.5781
27.375 72.875 1.2839
27.375 73.125 1.0187
27.375 73.375 0.9398
27.375 73.625 0.79456
27.375 73.875 1.3704
27.375 74.125 1.7544
27.375 74.375 1.4774
27.375 74.625 1.7436
27.375 74.875 1.7425
27.375 75.125 2.4306
27.375 75.375 2.245
27.375 75.625 1.1377
27.375 75.875 0.41441
27.375 76.125 0.11711
27.375 76.375 1.0285
27.375 76.625 0.36749
27.375 76.875 1.0981
27.375 77.125 0.99628
27.375 77.375 0.29572
27.375 77.625 0.66583
27.375 77.875 0.66046
27.375 78.125 1.1951
27.375 78.375 0.76823
27.375 78.625 -0.039297
27.375 78.875 -0.19318
27.375 79.125 -0.60923
27.375 79.375 -0.80985
27.375 79.625 -0.71846
27.375 79.875 -0.052659
27.375 80.125 -0.29779
27.375 80.375 0.018252
27.375 80.625 -0.41555
27.375 80.875 0.11422
27.375 81.125 0.92046
27.375 81.375 1.0499
27.375 81.625 1.2265
27.375 81.875 0.97442
27.375 82.125 1.0033
27.375 82.375 0.79946
27.375 82.625 0.46921
27.375 82.875 0.43166
27.375 83.125 0.56714
27.375 83.625 1.5475
27.375 84.125 1.8381
27.375 84.375 1.9597
27.375 88.125 0.57021
27.375 88.375 0.64191
27.375 88.625 0.1803
27.375 92.125 -0.67794
27.375 92.375 -0.25808
27.375 92.625 -0.071
27.375 92.875 -0.2856
27.375 93.125 -0.62758
27.375 93.375 -1.0495
27.375 93.625 -1.1524
27.375 93.875 -0.95966
27.375 94.125 -1.8692
27.375 94.375 -1.8839
27.375 94.625 -0.96882
27.375 94.875 -0.82741
27.375 95.125 -1.8948
27.375 95.375 -2.0123
27.375 95.625 -2.4542
27.375 95.875 -2.2444
27.375 96.125 -2.1875
27.375 96.375 -0.91846
27.375 96.625 -0.35799
27.375 96.875 -0.54358
27.625 70.125 0.021796
27.625 70.375 0.20895
27.625 70.625 0.4411
27.625 70.875 0.76536
27.625 71.125 1.4556
27.625 71.375 2.2369
27.625 71.625 2.1342
27.625 71.875 2.4443
27.625 72.125 2.4583
27.625 72.375 2.4364
27.625 72.625 1.8581
27.625 72.875 1.3229
27.625 73.125 1.2777
27.625 73.375 1.1006
27.625 73.625 1.3756
27.625 73.875 1.74
27.625 74.125 1.6909
27.625 74.375 1.2912
27.625 74.625 1.8054
27.625 74.875 1.7735
27.625 75.125 1.7122
27.625 75.375 1.9918
27.625 75.625 1.1644
27.625 75.875 0.13916
27.625 76.125 1.1112
27.625 76.375 1.0818
27.625 76.625 1.0072
27.625 76.875 1.1809
27.625 77.125 0.16905
27.625 77.375 0.069678
27.625 77.625 0.87213
27.625 77.875 0.90169
27.625 78.125 1.6033
27.625 78.375 0.32826
27.625 78.625 -0.32052
27.625 78.875 -0.65715
27.625 79.125 -0.2835
27.625 79.375 0.092569
27.625 79.625 -0.79953
27.625 79.875 0.20154
27.625 80.125 -0.047492
27.625 80.375 0.95657
27.625 80.625 3.1773
27.625 80.875 2.9254
27.625 81.125 0.85712
27.625 81.375 0.87555
27.625 81.625 1.285
27.625 81.875 1.2326
27.625 82.125 1.0332
27.625 82.375 0.86073
27.625 82.625 0.39861
27.625 88.375 0.48185
27.625 88.625 0.61996
27.625 91.625 -1.0996
27.625 91.875 -0.97812
27.625 92.125 -0.23732
27.625 92.375 -0.2002
27.625 92.625 -0.1126
27.625 92.875 -0.68171
27.625 93.125 -1.2893
27.625 93.375 -1.7939
27.625 93.625 -1.8233
27.625 93.875 -1.6184
27.625 94.125 -1.665
27.625 94.375 -1.6733
27.625 94.625 -1.4714
27.625 94.875 -1.3072
27.625 95.125 -1.7971
27.625 95.375 -1.5957
27.625 95.625 -1.7052
27.625 95.875 -1.9894
27.625 96.125 -1.7732
27.625 96.375 -1.0773
27.625 96.625 -0.45313
27.625 96.875 -0.36525
27.875 70.375 0.054392
27.875 71.875 2.0224
27.875 72.125 2.0407
27.875 72.375 1.711
27.875 72.625 1.186
27.875 72.875 1.0775
27.875 73.125 0.77087
27.875 73.375 1.5809
27.875 73.625 1.4224
27.875 73.875 1.3485
27.875 74.125 1.606
27.875 74.375 1.5047
27.875 74.625 2.3194
27.875 74.875 1.8981
27.875 75.125 1.0289
27.875 75.375 0.89908
27.875 75.625 0.90607
27.875 75.875 1.4601
27.875 76.125 0.37499
27.875 76.375 1.8549
27.875 76.625 0.55051
27.875 76.875 0.93063
27.875 77.125 0.70504
27.875 77.375 -0.15415
27.875 77.625 -0.11918
27.875 77.875 -0.08316
27.875 78.125 0.2933
27.875 78.375 0.32452
27.875 78.625 -0.53377
27.875 78.875 -0.67755
27.875 79.125 -0.43997
27.875 79.375 -0.33103
27.875 79.625 -0.28647
27.875 79.875 0.41342
27.875 80.125 0.059692
27.875 80.375 0.026582
27.875 80.625 2.9647
27.875 80.875 3.7079
27.875 81.125 1.0581
27.875 81.375 0.94853
27.875 81.625 0.92291
27.875 88.375 NaN
27.875 88.625 NaN
27.875 92.875 -1.2708
27.875 93.125 -1.7175
27.875 93.375 -1.9059
27.875 93.625 -2.0169
27.875 93.875 -1.9557
27.875 94.125 -1.44
27.875 94.375 -1.4564
27.875 94.625 -1.0908
27.875 94.875 -0.619
27.875 95.125 -0.44793
27.875 95.375 -0.40517
27.875 95.625 -0.87804
27.875 95.875 -1.516
27.875 96.125 -1.2152
27.875 96.375 -0.96311
27.875 96.625 -0.53018
27.875 96.875 -0.17734
27.875 97.125 -0.27575
28.125 72.125 1.0138
28.125 72.375 0.28201
28.125 72.625 0.4204
28.125 72.875 0.86582
28.125 73.125 1.3419
28.125 73.375 1.7748
28.125 73.625 1.433
28.125 73.875 1.3178
28.125 74.125 1.6295
28.125 74.375 1.7576
28.125 74.625 1.8143
28.125 74.875 1.7779
28.125 75.125 1.2252
28.125 75.375 1.043
28.125 75.625 1.7544
28.125 75.875 2.1454
28.125 76.125 1.7822
28.125 76.375 2.0477
28.125 76.625 1.6407
28.125 76.875 1.1735
28.125 77.125 0.80699
28.125 77.375 0.09984
28.125 77.625 -0.40311
28.125 77.875 -0.096134
28.125 78.125 0.53269
28.125 78.375 -0.015846
28.125 78.625 -1.061
28.125 78.875 -0.23007
28.125 79.125 0.87199
28.125 79.375 -0.87238
28.125 79.625 -1.0169
28.125 79.875 -0.10389
28.125 80.125 0.33024
28.125 80.375 0.21543
28.125 80.625 0.62262
28.125 80.875 1.5264
28.125 81.125 1.9012
28.125 81.375 1.4932
28.125 92.875 -1.36
28.125 93.125 -1.6659
28.125 93.375 -1.7735
28.125 93.625 -1.7781
28.125 93.875 -1.687
28.125 94.125 -1.3101
28.125 94.375 -1.1888
28.125 94.625 -1.2829
28.125 94.875 -0.78075
28.125 95.125 -0.35495
28.125 95.375 -0.29287
28.125 95.625 -0.69201
28.125 95.875 -1.1366
28.125 96.125 -1.0171
28.125 96.375 -0.33699
28.125 96.625 -0.31137
28.125 96.875 -0.22983
28.125 97.125 -0.21092
28.375 72.375 0.14129
28.375 72.625 -0.18284
28.375 72.875 0.066434
28.375 73.125 1.217
28.375 73.375 1.2177
28.375 73.625 1.2362
28.375 73.875 1.4642
28.375 74.125 1.6441
28.375 74.375 1.7939
28.375 74.625 1.1916
28.375 74.875 1.1986
28.375 75.125 2.0351
28.375 75.375 2.3943
28.375 75.625 1.6798
28.375 75.875 1.7893
28.375 76.125 1.9612
28.375 76.375 1.5413
28.375 76.625 1.8454
28.375 76.875 2.2862
28.375 77.125 0.62919
28.375 77.375 0.36729
28.375 77.625 0.1761
28.375 77.875 -0.073529
28.375 78.125 0.77885
28.375 78.375 0.51787
28.375 78.625 -1.1582
28.375 78.875 -0.79032
28.375 79.125 1.5194
28.375 79.375 0.87085
28.375 79.625 -0.26856
28.375 79.875 -0.1116
28.375 80.125 0.42122
28.375 80.375 0.47592
28.375 80.625 0.53499
28.375 80.875 1.5865
28.375 81.125 1.8795
28.375 93.375 -1.6298
28.375 93.625 -1.4093
28.375 93.875 -1.0363
28.375 94.125 -0.51463
28.375 94.375 -0.67693
28.375 94.625 -0.72106
28.375 94.875 -0.79878
28.375 95.125 -0.78846
28.375 95.375 -0.98729
28.375 95.625 -0.75326
28.375 95.875 -0.67938
28.375 96.125 -1.1296
28.375 96.625 -0.3541
28.625 72.375 0.57417
28.625 72.625 0.038891
28.625 72.875 0.019004
28.625 73.125 0.36648
28.625 73.375 1.1271
28.625 73.625 1.2494
28.625 73.875 1.3123
28.625 74.125 1.2259
28.625 74.375 1.0107
28.625 74.625 0.58649
28.625 74.875 0.79981
28.625 75.125 1.5651
28.625 75.375 0.79411
28.625 75.625 -0.021509
28.625 75.875 1.269
28.625 76.125 1.3932
28.625 76.375 1.283
28.625 76.625 2.2045
28.625 76.875 2.0068
28.625 77.125 0.97876
28.625 77.375 0.27717
28.625 77.625 0.56503
28.625 77.875 0.38905
28.625 78.125 0.15267
28.625 78.375 0.056878
28.625 78.625 -0.30073
28.625 78.875 -0.71255
28.625 79.125 1.9266
28.625 79.375 1.6047
28.625 79.625 1.2792
28.625 79.875 1.1859
28.625 80.125 0.5
28.625 80.375 0.50489
28.625 80.625 0.53805
28.625 93.625 -0.8273
28.625 93.875 NaN
28.625 94.125 -0.036631
28.625 94.375 -0.48733
28.625 94.625 -0.32853
28.625 94.875 -0.83747
28.625 95.125 -1.0591
28.625 95.375 -1.2807
28.625 95.625 -1.1267
28.625 95.875 -0.93406
28.625 96.125 -0.93807
28.625 96.375 -0.7893
28.875 72.875 -0.7956
28.875 73.125 -0.026167
28.875 73.375 0.77394
28.875 73.625 1.5302
28.875 73.875 1.3683
28.875 74.125 0.56189
28.875 74.375 0.34985
28.875 74.625 0.63458
28.875 74.875 1.8756
28.875 75.125 2.6613
28.875 75.375 0.70303
28.875 75.625 0.65772
28.875 75.875 0.25598
28.875 76.125 0.58611
28.875 76.375 2.5463
28.875 76.625 1.8935
28.875 76.875 1.7004
28.875 77.125 1.5434
28.875 77.375 1.2513
28.875 77.625 0.3081
28.875 77.875 0.15181
28.875 78.125 0.15341
28.875 78.375 -0.0016384
28.875 78.625 -0.47739
28.875 78.875 -0.41256
28.875 79.125 1.0417
28.875 79.375 1.8431
28.875 79.625 1.2261
28.875 79.875 0.92739
28.875 94.125 0.26505
28.875 94.375 0.25091
28.875 94.625 -0.28216
28.875 94.875 -0.56956
28.875 95.125 -1.073
28.875 95.375 -1.416
28.875 95.625 -1.1748
28.875 95.875 -1.0365
28.875 96.125 -0.42559
28.875 96.375 -0.96797
29.125 73.125 -0.0026335
29.125 73.375 0.61465
29.125 73.625 1.0042
29.125 73.875 1.6073
29.125 74.125 0.70999
29.125 74.375 0.36997
29.125 74.625 0.46111
29.125 74.875 1.7586
29.125 75.125 3.9285
29.125 75.375 2.0709
29.125 75.625 1.1457
29.125 75.875 0.79509
29.125 76.125 0.56804
29.125 76.375 1.9961
29.125 76.625 1.3252
29.125 76.875 0.48378
29.125 77.125 1.0821
29.125 77.375 0.52106
29.125 77.625 0.36296
29.125 77.875 0.61271
29.125 78.125 0.9958
29.125 78.375 0.47392
29.125 78.625 0.3389
29.125 78.875 -0.36924
29.125 79.125 2.3084
29.125 79.375 2.2413
29.125 79.625 1.0353
29.125 79.875 0.94594
29.125 80.125 0.97664
29.125 94.375 0.2144
29.125 94.625 -0.041446
29.125 94.875 -0.484
29.125 95.625 -0.73276
29.125 95.875 -0.05764
29.125 96.125 -0.80597
29.375 73.375 0.52171
29.375 73.625 1.4229
29.375 73.875 2.1197
29.375 74.125 0.64406
29.375 74.375 0.45195
29.375 74.625 -0.17232
29.375 74.875 0.65329
29.375 75.125 1.968
29.375 75.375 2.0339
29.375 75.625 1.0254
29.375 75.875 0.43989
29.375 76.125 1.6215
29.375 76.375 1.6027
29.375 76.625 1.362
29.375 76.875 0.1467
29.375 77.125 0.43387
29.375 77.375 0.59604
29.375 77.625 0.59696
29.375 77.875 0.49708
29.375 78.125 -0.13836
29.375 78.375 0.55372
29.375 78.625 -0.37778
29.375 78.875 -0.13863
29.375 79.125 1.326
29.375 79.375 1.5368
29.375 79.625 0.86571
29.375 79.875 0.95109
29.375 80.125 1.4163
29.375 96.125 -0.2709
29.625 73.375 -0.00056178
29.625 73.625 0.23015
29.625 73.875 -0.16937
29.625 74.125 0.13172
29.625 74.375 0.17345
29.625 74.625 -0.20018
29.625 74.875 0.020776
29.625 75.125 0.33809
29.625 75.375 0.56253
29.625 75.625 1.2896
29.625 75.875 1.0597
29.625 76.125 1.2049
29.625 76.375 1.0618
29.625 76.625 1.6491
29.625 76.875 1.1935
29.625 77.125 0.56349
29.625 77.375 0.62124
29.625 77.625 -0.60056
29.625 77.875 -0.0067404
29.625 78.125 0.99613
29.625 78.375 -0.16301
29.625 78.625 0.017236
29.625 78.875 0.46744
29.625 79.125 0.33938
29.625 79.375 0.49561
29.625 79.625 0.43641
29.625 79.875 0.70228
29.625 80.125 2.0985
29.875 73.625 0.053643
29.875 73.875 -0.68845
29.875 74.125 -0.53993
29.875 74.375 -0.26625
29.875 74.625 0.26266
29.875 74.875 0.070158
29.875 75.125 -0.47116
29.875 75.375 -0.38935
29.875 75.625 -0.1818
29.875 75.875 0.53777
29.875 76.125 1.0776
29.875 76.375 0.64243
29.875 76.625 -0.21929
29.875 76.875 -0.093507
29.875 77.125 -0.26372
29.875 77.375 -0.4046
29.875 77.625 -0.45104
29.875 77.875 0.32785
29.875 78.125 0.58466
29.875 78.375 -0.098785
29.875 78.625 0.34639
29.875 78.875 1.3996
29.875 79.125 1.3656
29.875 79.375 1.5006
29.875 79.625 1.3693
29.875 79.875 1.3172
29.875 80.125 2.2495
29.875 80.375 2.2578
30.125 74.125 -0.43317
30.125 74.375 -0.011353
30.125 74.625 1.7213
30.125 74.875 0.71787
30.125 75.125 -0.27837
30.125 75.375 -0.49262
30.125 75.625 -0.24512
30.125 75.875 0.046484
30.125 76.125 0.3803
30.125 76.375 -0.29261
30.125 76.625 -0.83029
30.125 76.875 -0.84803
30.125 77.125 0.58115
30.125 77.375 0.30419
30.125 77.625 0.56282
30.125 77.875 0.44105
30.125 78.125 1.0106
30.125 78.375 0.28897
30.125 78.625 1.0541
30.125 78.875 2.1284
30.125 79.125 2.5649
30.125 79.375 3.1402
30.125 79.625 1.577
30.125 79.875 1.4803
30.125 80.125 1.7533
30.125 80.375 2.0962
30.125 80.625 2.0618
30.375 74.125 -0.10464
30.375 74.375 0.62467
30.375 74.625 1.3751
30.375 74.875 0.56827
30.375 75.125 0.23314
30.375 75.375 0.27246
30.375 75.625 -0.48111
30.375 75.875 -0.049992
30.375 76.125 0.10394
30.375 76.375 -0.26209
30.375 76.625 -1.0692
30.375 76.875 -0.59743
30.375 77.125 -0.053903
30.375 77.375 0.25499
30.375 77.625 0.12862
30.375 77.875 0.58423
30.375 78.125 0.23097
30.375 78.375 0.085332
30.375 78.625 1.2477
30.375 78.875 1.7553
30.375 79.125 2.7646
30.375 79.375 3.1706
30.375 79.625 2.3902
30.375 79.875 1.7461
30.375 80.125 1.7799
30.375 80.375 1.9124
30.375 80.625 2.0212
30.625 74.375 0.36173
30.625 74.625 0.54966
30.625 74.875 -0.14239
30.625 75.125 1.2864
30.625 75.375 1.6524
30.625 75.625 0.059861
30.625 75.875 0.018012
30.625 76.125 -0.39743
30.625 76.375 -1.0305
30.625 76.625 -0.57643
30.625 76.875 -0.18831
30.625 77.125 -0.51726
30.625 77.375 -0.31084
30.625 77.625 0.077354
30.625 77.875 0.60862
30.625 78.125 0.93409
30.625 78.375 0.28766
30.625 78.625 0.66772
30.625 78.875 2.0207
30.625 79.125 2.6792
30.625 79.375 2.5509
30.625 79.625 2.7989
30.625 79.875 2.3181
30.625 80.125 1.7857
30.875 74.625 0.02211
30.875 74.875 0.60279
30.875 75.125 2.439
30.875 75.375 1.1817
30.875 75.625 -0.035984
30.875 75.875 -0.39206
30.875 76.125 -0.66168
30.875 76.375 -0.2801
30.875 76.625 -0.020844
30.875 76.875 0.2701
30.875 77.125 0.094756
30.875 77.375 0.2045
30.875 77.625 0.62507
30.875 77.875 0.97451
30.875 78.125 0.87943
30.875 78.375 0.77136
30.875 78.625 0.61546
30.875 78.875 1.9598
30.875 79.125 2.6358
30.875 79.375 NaN
30.875 79.625 NaN
30.875 79.875 NaN
31.125 74.875 1.5453
31.125 75.125 2.1682
31.125 75.375 0.90613
31.125 75.625 -0.15772
31.125 75.875 -0.79819
31.125 76.125 0.54241
31.125 76.375 0.21829
31.125 76.625 -0.4703
31.125 76.875 0.55925
31.125 77.125 0.39614
31.125 77.375 0.47475
31.125 77.625 0.63416
31.125 77.875 0.40665
31.125 78.125 1.07
31.125 78.375 0.91114
31.125 78.625 0.66005
31.125 78.875 NaN
31.125 79.125 NaN
31.375 74.875 0.43273
31.375 75.125 2.2385
31.375 75.375 0.45767
31.375 75.625 -0.54947
31.375 75.875 -0.33847
31.375 76.125 -0.29952
31.375 76.375 0.19327
31.375 76.625 0.054435
31.375 76.875 -0.098217
31.375 77.125 0.92245
31.375 77.375 1.23
31.375 77.625 -0.31896
31.375 77.875 0.59152
31.375 78.125 0.71157
31.375 78.375 0.59159
31.375 78.625 0.71658
31.625 74.875 -0.22585
31.625 75.125 -0.24957
31.625 75.375 0.048883
31.625 75.625 -0.2318
31.625 75.875 -1.4656
31.625 76.125 -0.23893
31.625 76.375 -0.41036
31.625 76.625 0.22401
31.625 76.875 0.27709
31.625 77.125 0.94045
31.625 77.375 0.90833
31.625 77.625 0.31864
31.625 77.875 0.3409
31.625 78.125 0.21042
31.625 78.375 0.04133
31.625 78.625 0.39657
31.875 74.875 -0.25674
31.875 75.125 -0.44438
31.875 75.375 -0.47903
31.875 75.625 -0.0032628
31.875 75.875 -0.74275
31.875 76.125 -0.65681
31.875 76.375 -0.24334
31.875 76.625 0.098577
31.875 76.875 0.51872
31.875 77.125 0.46665
31.875 77.375 0.36323
31.875 77.625 0.70052
31.875 77.875 0.54071
31.875 78.125 0.40361
31.875 78.375 0.27405
31.875 78.625 0.14323
32.125 75.375 -0.61763
32.125 75.625 0.12248
32.125 75.875 -0.64029
32.125 76.125 -0.49576
32.125 76.375 -0.333
32.125 76.625 0.33509
32.125 76.875 0.28715
32.125 77.125 0.05168
32.125 77.375 0.34265
32.125 77.625 0.18939
32.125 77.875 0.29653
32.125 78.125 0.20566
32.125 78.375 0.071355
32.375 75.375 0.10729
32.375 75.625 0.2273
32.375 75.875 -0.86536
32.375 76.125 -1.2886
32.375 76.375 -0.88064
32.375 76.625 -0.36081
32.375 76.875 -0.22393
32.375 77.125 -0.028805
32.375 77.375 0.14916
32.375 77.625 0.17091
32.375 77.875 0.04581
32.375 78.125 -0.03178
32.375 78.375 -0.049288
32.625 74.875 -0.046894
32.625 75.125 -0.6223
32.625 75.375 -0.4455
32.625 75.625 -0.38732
32.625 75.875 -0.88839
32.625 76.125 -0.68313
32.625 76.375 -0.12587
32.625 76.625 0.18451
32.625 76.875 0.15188
32.625 77.125 0.24219
32.625 77.375 0.22416
32.625 77.625 0.20367
32.625 77.875 0.11013
32.625 78.125 -0.079494
32.625 78.375 0.043791
32.625 78.625 0.027623
32.625 78.875 -0.16664
32.625 79.125 -0.54222
32.625 79.375 -0.91175
32.875 74.375 0.80686
32.875 74.625 0.7913
32.875 74.875 0.23989
32.875 75.125 -0.497
32.875 75.375 -0.7369
32.875 75.625 -0.83448
32.875 75.875 -0.37874
32.875 76.125 0.44433
32.875 76.375 1.1086
32.875 76.625 1.0297
32.875 76.875 0.93278
32.875 77.125 0.38523
32.875 77.375 0.30691
32.875 77.625 0.14527
32.875 77.875 -0.11394
32.875 78.125 -0.30113
32.875 78.375 0.041472
32.875 78.625 -0.12244
32.875 78.875 -0.37352
32.875 79.125 -0.60084
32.875 79.375 -0.88002
33.125 73.875 -0.027482
33.125 74.125 -0.22474
33.125 74.375 0.61911
33.125 74.625 1.115
33.125 74.875 0.33693
33.125 75.125 -0.55009
33.125 75.375 -1.0785
33.125 75.625 -1.0183
33.125 75.875 -0.52448
33.125 76.125 0.7088
33.125 76.375 1.3997
33.125 76.625 1.2579
33.125 76.875 1.1296
33.125 77.125 0.59323
33.125 77.375 -0.35406
33.125 77.625 -0.5601
33.125 77.875 -0.43952
33.125 78.125 -0.43024
33.125 78.375 -0.8018
33.125 78.625 -0.72646
33.125 78.875 -0.62833
33.125 79.125 -0.67733
33.375 73.875 0.13689
33.375 74.125 0.15087
33.375 74.375 0.75389
33.375 74.625 0.26649
33.375 74.875 -0.4146
33.375 75.125 -0.53176
33.375 75.375 -0.75651
33.375 75.625 -1.1
33.375 75.875 -0.36428
33.375 76.125 0.98627
33.375 76.375 1.5094
33.375 76.625 1.3185
33.375 76.875 0.94193
33.375 77.125 -0.20062
33.375 77.375 -0.74479
33.375 77.625 -0.78069
33.375 77.875 -0.66887
33.375 78.125 -0.74878
33.375 78.375 -0.65542
33.375 78.625 -0.7414
33.375 78.875 -0.92761
33.625 73.875 0.26893
33.625 74.125 0.55659
33.625 74.375 0.63109
33.625 74.625 -0.060565
33.625 74.875 -0.43608
33.625 75.125 -0.27422
33.625 75.375 -0.45445
33.625 75.625 -0.73203
33.625 75.875 -0.79526
33.625 76.125 0.40007
33.625 76.375 1.0218
33.625 76.625 0.89747
33.625 76.875 -0.32073
33.625 77.125 -0.81213
33.625 77.375 -0.59755
33.625 77.625 -0.80179
33.625 77.875 -0.61312
33.625 78.125 -0.57568
33.625 78.375 -0.65431
33.625 78.625 -0.76087
33.625 78.875 -0.84525
33.875 73.875 0.30627
33.875 74.125 0.73984
33.875 74.375 1.0852
33.875 74.625 0.46613
33.875 74.875 -0.40831
33.875 75.125 0.28613
33.875 75.375 0.14357
33.875 75.625 -0.39631
33.875 75.875 -0.83469
33.875 76.125 -0.98295
33.875 76.375 -0.745
33.875 76.625 -0.74502
33.875 76.875 -0.78402
33.875 77.125 -0.86236
33.875 77.375 -0.63115
33.875 77.625 -0.65968
33.875 77.875 -0.55457
33.875 78.125 -0.56217
33.875 78.375 -0.77481
33.875 78.625 -0.74551
33.875 78.875 -0.79926
34.125 73.625 0.060492
34.125 73.875 0.16302
34.125 74.125 0.51475
34.125 74.375 0.46382
34.125 74.625 1.0134
34.125 74.875 -0.032879
34.125 75.125 -0.041812
34.125 75.375 0.055162
34.125 75.625 -0.89484
34.125 75.875 -1.1996
34.125 76.125 -1.2283
34.125 76.375 -0.90694
34.125 76.625 -0.86484
34.125 76.875 -0.7031
34.125 77.125 -0.59595
34.125 77.375 -0.65978
34.125 77.625 -0.89139
34.125 77.875 -0.71199
34.125 78.125 -0.81271
34.125 78.375 -0.82718
34.125 78.625 -0.90043
34.125 78.875 -0.91608
34.125 79.125 -0.8919
34.125 79.375 -0.94714
34.375 73.625 -0.082795
34.375 73.875 -0.24875
34.375 74.125 -0.28831
34.375 74.375 -0.20404
34.375 74.625 0.0047807
34.375 74.875 0.079113
34.375 75.125 0.20148
34.375 75.375 -0.68144
34.375 75.625 -1.3453
34.375 75.875 -1.2807
34.375 76.125 -1.3595
34.375 76.375 -0.73795
34.375 76.625 -0.8504
34.375 76.875 -0.77751
34.375 77.125 -0.73701
34.375 77.375 -0.70743
34.375 77.625 -0.75786
34.375 77.875 -0.76055
34.375 78.125 -0.78392
34.375 78.375 -0.57793
34.375 78.625 -0.6143
34.375 78.875 -0.80221
34.375 79.125 -0.87719
34.375 79.375 -0.89544
34.625 73.875 -0.19288
34.625 74.125 -0.39144
34.625 74.375 -0.20227
34.625 74.625 -0.20487
34.625 74.875 -0.028212
34.625 75.125 0.15879
34.625 75.375 -0.96503
34.625 75.625 -1.1013
34.625 75.875 -1.0999
34.625 76.125 -1.1051
34.625 76.375 -0.81587
34.625 76.625 -0.95027
34.625 76.875 -1.0031
34.625 77.125 -0.80287
34.625 77.375 -0.76391
34.625 77.625 -0.78889
34.625 77.875 -0.87918
34.625 78.125 -0.76973
34.625 78.375 -0.75071
34.625 78.625 -0.68261
34.625 78.875 -0.76351
34.625 79.125 -0.79427
34.625 79.375 -0.74586
34.625 79.625 -0.70494
34.875 74.125 -0.13462
34.875 74.375 -0.37944
34.875 74.625 -0.33207
34.875 74.875 -0.099336
34.875 75.125 -0.42307
34.875 75.375 -0.99932
34.875 75.625 -1.1731
34.875 75.875 -1.1739
34.875 76.125 -1.1013
34.875 76.375 -0.80539
34.875 76.625 -0.8675
34.875 76.875 -0.78995
34.875 77.125 -0.74817
34.875 77.375 -0.77781
34.875 77.625 -0.92561
34.875 77.875 -0.83038
34.875 78.125 -0.73304
34.875 78.375 -0.74252
34.875 78.625 -0.84629
34.875 78.875 -0.82622
34.875 79.125 -0.75516
34.875 79.375 -0.78498
34.875 79.625 -0.7707
34.875 79.875 -0.77507
35.125 74.375 -0.49325
35.125 74.625 -0.46656
35.125 74.875 -0.28595
35.125 75.125 -0.80723
35.125 75.375 -1.2263
35.125 75.625 -1.2809
35.125 75.875 -1.1812
35.125 76.125 -1.0242
35.125 76.375 -0.88368
35.125 76.625 -0.74025
35.125 76.875 -0.98031
35.125 77.125 -0.93496
35.125 77.375 -0.96101
35.125 77.625 -0.76674
35.125 77.875 -0.87826
35.125 78.125 -0.55107
35.125 78.375 -0.67303
35.125 78.625 -0.82588
35.125 78.875 -0.69975
35.125 79.125 -0.68533
35.125 79.375 -0.78585
35.125 79.625 -0.82659
35.125 79.875 -0.7124
35.375 73.875 -0.7967
35.375 74.125 -0.7003
35.375 74.375 -0.64231
35.375 74.625 -0.648
35.375 74.875 -0.34139
35.375 75.125 -0.83487
35.375 75.375 -1.1702
35.375 75.625 -1.2051
35.375 75.875 -1.0911
35.375 76.125 -0.8015
35.375 76.375 -0.89202
35.375 76.625 -1.0427
35.375 76.875 -0.96777
35.375 77.125 -0.9936
35.375 77.375 -0.69358
35.375 77.625 -0.68576
35.375 77.875 -0.44358
35.375 78.125 -0.4006
35.375 78.375 -0.4159
35.375 78.625 -0.42005
35.375 78.875 -0.41706
35.375 79.125 -0.73701
35.375 79.375 -0.82325
35.375 79.625 -0.84888
35.375 79.875 -0.87521
35.375 80.125 NaN
35.625 73.375 -0.59047
35.625 73.625 -0.6172
35.625 73.875 -0.75322
35.625 74.125 -0.81916
35.625 74.375 -0.78464
35.625 74.625 -0.48487
35.625 74.875 -0.20751
35.625 75.125 -0.7839
35.625 75.375 -1.0779
35.625 75.625 -1.1618
35.625 75.875 -1.1013
35.625 76.125 -0.82259
35.625 76.375 -1.0595
35.625 76.625 -0.83022
35.625 76.875 -0.76258
35.625 77.125 -1.0426
35.625 78.375 -0.37132
35.625 78.625 -0.47567
35.625 78.875 -0.44488
35.625 79.125 -0.63797
35.625 79.375 -0.69261
35.625 79.625 -0.87939
35.625 79.875 -0.81898
35.625 80.125 -0.93337
35.875 73.125 1.0073
35.875 73.375 0.19075
35.875 73.625 -0.33028
35.875 73.875 -0.5821
35.875 74.125 -0.60765
35.875 74.375 -0.5045
35.875 74.625 -0.46824
35.875 74.875 -0.39277
35.875 75.125 -0.58354
35.875 75.375 -0.97095
35.875 75.625 -1.2076
35.875 75.875 -1.0485
35.875 76.125 -0.88879
35.875 76.375 -1.1621
35.875 76.625 -1.0196
35.875 79.375 -0.76356
36.125 72.625 0.6558
36.125 72.875 NaN
36.125 73.125 NaN
36.125 73.375 0.46921
36.125 73.625 0.15695
36.125 73.875 -0.17416
36.125 74.125 -0.47744
36.125 74.375 -0.38058
36.125 74.625 -0.46576
36.125 74.875 -0.4197
36.125 75.125 -0.57328
36.125 75.375 -0.88073
36.125 75.625 -0.8875
36.125 75.875 -1.0883
36.125 76.125 -1.0706
36.125 76.375 -1.2094
36.125 76.625 -1.021
36.375 73.125 0.75372
36.375 73.375 0.68351
36.375 73.625 0.63145
36.375 73.875 0.29561
36.375 74.125 -0.039655
36.375 74.375 -0.21159
36.375 74.625 -0.2453
36.375 74.875 -0.33719
36.375 75.125 -0.46204
36.375 75.375 -0.8852
36.375 75.625 -0.90076
36.375 75.875 -0.77614
36.375 76.125 -0.78966
36.625 73.375 0.84917
36.625 73.625 0.84938
36.625 73.875 0.52937
36.625 74.125 0.32308
36.625 74.375 0.41089
36.625 74.625 0.042906
36.625 74.875 -0.050816
36.625 75.125 -0.20837
36.625 75.375 -0.40399
36.625 75.625 -0.54392
36.875 73.875 0.81029
36.875 74.375 0.92853
36.875 74.625 0.2912
36.875 74.875 0.40606
36.875 75.125 0.19939
36.875 75.375 0.52508
