8.125 77.375 -0.43531
8.375 77.125 -0.58816
8.375 77.375 -0.46055
8.375 77.625 -0.45862
8.375 77.875 -0.4865
8.625 76.875 -0.40517
8.625 77.125 -0.35516
8.625 77.375 0.068139
8.625 77.625 -0.62693
8.625 77.875 -0.44125
8.875 76.875 0.3794
8.875 77.125 0.05743
8.875 77.375 -0.37335
8.875 77.625 -0.78288
8.875 77.875 -0.96218
9.125 76.625 1.0657
9.125 76.875 0.43677
9.125 77.125 0.19025
9.125 77.375 -0.30491
9.125 77.625 -0.42596
9.125 77.875 -0.48556
9.125 78.125 -0.49649
9.125 78.375 NaN
9.375 76.625 -0.042887
9.375 76.875 0.54242
9.375 77.125 0.39366
9.375 77.375 0.42028
9.375 77.625 -0.36547
9.375 77.875 -0.43572
9.375 78.125 -0.54278
9.375 78.375 -0.28985
9.375 78.625 -0.81638
9.375 78.875 NaN
9.625 76.375 0.066075
9.625 76.625 0.30254
9.625 76.875 1.1204
9.625 77.125 1.3901
9.625 77.375 0.1353
9.625 77.625 -0.14512
9.625 77.875 1.0441
9.625 78.125 -0.19536
9.625 78.375 -0.051506
9.625 78.625 -0.19051
9.875 76.625 0.2702
9.875 76.875 0.46676
9.875 77.125 0.8905
9.875 77.375 0.84169
9.875 77.625 0.20297
9.875 77.875 0.28546
9.875 78.125 0.068146
9.875 78.375 0.20339
9.875 78.625 -0.0095819
9.875 78.875 -0.076733
10.125 76.375 -0.18377
10.125 76.625 0.49325
10.125 76.875 1.4135
10.125 77.125 0.78314
10.125 77.375 0.6431
10.125 77.625 0.81265
10.125 77.875 0.74363
10.125 78.125 0.175
10.125 78.375 0.35176
10.125 78.625 0.18321
10.125 78.875 -0.27916
10.125 79.125 -0.29144
10.375 76.375 -0.56623
10.375 76.625 0.38492
10.375 76.875 1.0982
10.375 77.125 0.48918
10.375 77.375 0.39639
10.375 77.625 1.2101
10.375 77.875 0.18235
10.375 78.125 -0.20655
10.375 78.375 -0.63717
10.375 78.625 -0.38378
10.375 78.875 -0.71522
10.375 79.125 -0.28018
10.375 79.375 NaN
10.375 79.625 NaN
10.625 76.125 -0.86199
10.625 76.375 0.84641
10.625 76.625 0.16052
10.625 76.875 0.36207
10.625 77.125 -0.010029
10.625 77.375 0.20569
10.625 77.625 0.73221
10.625 77.875 0.24486
10.625 78.125 -1.4116
10.625 78.375 -0.39124
10.625 78.625 -0.043922
10.625 78.875 0.84263
10.625 79.125 0.22685
10.625 79.375 -0.087358
10.625 79.625 -0.48382
10.875 76.125 -0.056744
10.875 76.375 0.84262
10.875 76.625 -0.011828
10.875 76.875 -0.25819
10.875 77.125 0.83086
10.875 77.375 0.7514
10.875 77.625 1.7553
10.875 77.875 0.30726
10.875 78.125 -0.37996
10.875 78.375 -0.3054
10.875 78.625 -0.10691
10.875 78.875 -0.047452
10.875 79.125 -0.37101
10.875 79.375 0.0079096
10.875 79.625 -0.27619
11.125 76.125 0.022666
11.125 76.375 0.29399
11.125 76.625 -0.098677
11.125 76.875 1.5826
11.125 77.125 1.3416
11.125 77.375 1.14
11.125 77.625 1.3907
11.125 77.875 0.9174
11.125 78.125 0.15039
11.125 78.375 0.21509
11.125 78.625 0.25576
11.125 78.875 -0.32601
11.125 79.125 -0.079135
11.125 79.375 1.207
11.125 79.625 0.31154
11.375 75.875 -0.25734
11.375 76.125 0.49376
11.375 76.375 0.8495
11.375 76.625 -0.029557
11.375 76.875 1.4621
11.375 77.125 1.559
11.375 77.375 1.9681
11.375 77.625 1.0344
11.375 77.875 2.0592
11.375 78.125 0.32044
11.375 78.375 0.25199
11.375 78.625 -0.020549
11.375 78.875 -0.046625
11.375 79.125 -0.14607
11.375 79.375 0.43737
11.375 79.625 0.29847
11.625 75.875 0.93183
11.625 76.125 1.2948
11.625 76.375 1.875
11.625 76.625 2.2718
11.625 76.875 1.4988
11.625 77.125 1.4429
11.625 77.375 1.6731
11.625 77.625 1.3098
11.625 77.875 0.40549
11.625 78.125 -0.78907
11.625 78.375 -1.0674
11.625 78.625 -0.072708
11.625 78.875 -0.2463
11.625 79.125 -0.27242
11.625 79.375 0.14542
11.625 79.625 NaN
11.875 75.625 NaN
11.875 75.875 -0.11985
11.875 76.125 0.67907
11.875 76.375 2.566
11.875 76.625 2.6301
11.875 76.875 0.27142
11.875 77.125 1.444
11.875 77.375 1.048
11.875 77.625 1.1686
11.875 77.875 -0.35825
11.875 78.125 0.36594
11.875 78.375 -0.44818
11.875 78.625 -0.042633
11.875 78.875 -0.85706
11.875 79.125 -0.46839
11.875 79.375 -0.38267
11.875 79.625 -0.15083
12.125 75.375 0.0902
12.125 75.625 0.23953
12.125 75.875 1.142
12.125 76.125 1.9789
12.125 76.375 1.5055
12.125 76.625 3.1603
12.125 76.875 1.4579
12.125 77.125 2.0197
12.125 77.375 1.296
12.125 77.625 0.90183
12.125 77.875 0.017704
12.125 78.125 0.85675
12.125 78.375 0.82494
12.125 78.625 -0.012853
12.125 78.875 -0.454
12.125 79.125 -0.13634
12.125 79.375 -0.19331
12.125 79.625 0.104
12.375 75.125 -0.43471
12.375 75.375 0.1979
12.375 75.625 0.02943
12.375 75.875 1.1416
12.375 76.125 1.0237
12.375 76.375 2.1495
12.375 76.625 2.4701
12.375 76.875 1.4271
12.375 77.125 2.3824
12.375 77.375 1.1068
12.375 77.625 1.1085
12.375 77.875 1.2253
12.375 78.125 1.3051
12.375 78.375 0.76285
12.375 78.625 0.057306
12.375 78.875 -0.23552
12.375 79.125 -0.12535
12.375 79.375 -0.044738
12.375 79.625 -0.0036234
12.375 79.875 -0.021059
12.625 75.125 -1.319
12.625 75.375 -1.0886
12.625 75.625 0.13886
12.625 75.875 1.2376
12.625 76.125 1.4527
12.625 76.375 1.7373
12.625 76.625 2.2622
12.625 76.875 3.0569
12.625 77.125 2.8839
12.625 77.375 1.4436
12.625 77.625 2.8269
12.625 77.875 2.0171
12.625 78.125 1.1389
12.625 78.375 0.28163
12.625 78.625 -0.16034
12.625 78.875 0.30243
12.625 79.125 0.30318
12.625 79.375 0.29298
12.625 79.625 -0.13049
12.625 79.875 -0.59645
12.875 75.125 0.2773
12.875 75.375 0.93063
12.875 75.625 0.4851
12.875 75.875 3.0212
12.875 76.125 2.2246
12.875 76.375 2.0475
12.875 76.625 2.3042
12.875 76.875 0.97064
12.875 77.125 1.9318
12.875 77.375 2.3973
12.875 77.625 1.8392
12.875 77.875 1.2385
12.875 78.125 0.90039
12.875 78.375 0.21482
12.875 78.625 -0.51984
12.875 78.875 -0.16897
12.875 79.125 0.17175
12.875 79.375 0.15997
12.875 79.625 0.029996
12.875 79.875 0.0042471
13.125 74.875 NaN
13.125 75.125 -0.18689
13.125 75.375 -0.59727
13.125 75.625 0.48643
13.125 75.875 1.9627
13.125 76.125 1.2635
13.125 76.375 2.2936
13.125 76.625 1.4418
13.125 76.875 1.2418
13.125 77.125 1.5375
13.125 77.375 2.0117
13.125 77.625 2.1306
13.125 77.875 1.3002
13.125 78.125 0.96209
13.125 78.375 0.32881
13.125 78.625 -0.13987
13.125 78.875 -0.28036
13.125 79.125 -0.34011
13.125 79.375 -0.12046
13.125 79.625 -0.090052
13.125 79.875 0.043948
13.125 80.125 0.052417
13.375 74.875 NaN
13.375 75.125 -0.071006
13.375 75.375 -0.37358
13.375 75.625 -0.21855
13.375 75.875 0.6203
13.375 76.125 1.4226
13.375 76.375 1.1365
13.375 76.625 1.6968
13.375 76.875 2.131
13.375 77.125 2.535
13.375 77.375 1.1265
13.375 77.625 1.2496
13.375 77.875 0.93479
13.375 78.125 0.14511
13.375 78.375 0.16327
13.375 78.625 0.076073
13.375 78.875 -0.36686
13.375 79.125 -0.51117
13.375 79.375 -0.084412
13.375 79.625 -0.41678
13.375 79.875 -0.18384
13.375 80.125 0.0022168
13.625 74.875 -1.0448
13.625 75.125 0.4743
13.625 75.375 0.079958
13.625 75.625 0.53154
13.625 75.875 1.0929
13.625 76.125 1.4177
13.625 76.375 1.5956
13.625 76.625 1.3258
13.625 76.875 2.2202
13.625 77.125 1.7252
13.625 77.375 0.79151
13.625 77.625 0.53771
13.625 77.875 0.68086
13.625 78.125 0.24057
13.625 78.375 0.037691
13.625 78.625 -0.30194
13.625 78.875 -0.32129
13.625 79.125 -0.17975
13.625 79.375 -0.61111
13.625 79.625 -0.29839
13.625 79.875 -0.16511
13.625 80.125 0.013536
13.875 74.875 0.24486
13.875 75.125 0.40493
13.875 75.375 0.48849
13.875 75.625 1.0061
13.875 75.875 1.4974
13.875 76.125 1.1072
13.875 76.375 2.2077
13.875 76.625 2.4725
13.875 76.875 2.1442
13.875 77.125 1.3395
13.875 77.375 0.84143
13.875 77.625 0.39935
13.875 77.875 0.65622
13.875 78.125 0.50342
13.875 78.375 0.39293
13.875 78.625 -0.19027
13.875 78.875 -0.65025
13.875 79.125 -0.58943
13.875 79.375 -0.62612
13.875 79.625 -0.40151
13.875 79.875 -0.16051
14.125 74.625 -0.41983
14.125 74.875 0.029307
14.125 75.125 0.25829
14.125 75.375 1.5889
14.125 75.625 0.30873
14.125 75.875 1.7247
14.125 76.125 0.65631
14.125 76.375 0.9657
14.125 76.625 1.4886
14.125 76.875 1.8376
14.125 77.125 0.81862
14.125 77.375 0.90145
14.125 77.625 0.4901
14.125 77.875 0.79394
14.125 78.125 0.031182
14.125 78.375 -0.023745
14.125 78.625 -0.2814
14.125 78.875 -0.55518
14.125 79.125 -0.55281
14.125 79.375 -0.53513
14.125 79.625 -0.41098
14.125 79.875 -0.204
14.375 74.625 -0.39903
14.375 74.875 0.29777
14.375 75.125 0.27519
14.375 75.375 0.30776
14.375 75.625 1.5087
14.375 75.875 2.1604
14.375 76.125 1.3433
14.375 76.375 0.89651
14.375 76.625 1.4053
14.375 76.875 1.7517
14.375 77.125 0.86498
14.375 77.375 1.1678
14.375 77.625 0.55504
14.375 77.875 0.5589
14.375 78.125 0.28838
14.375 78.375 0.035515
14.375 78.625 -0.43137
14.375 78.875 -0.38964
14.375 79.125 -0.33512
14.375 79.375 -0.18273
14.375 79.625 -0.23048
14.375 79.875 0.24828
14.625 74.375 NaN
14.625 74.625 -0.40151
14.625 74.875 -0.48014
14.625 75.125 0.019311
14.625 75.375 1.1157
14.625 75.625 1.5436
14.625 75.875 2.3222
14.625 76.125 2.0203
14.625 76.375 1.6561
14.625 76.625 1.6714
14.625 76.875 0.99387
14.625 77.125 1.4343
14.625 77.375 0.92378
14.625 77.625 0.27672
14.625 77.875 0.026361
14.625 78.125 0.76393
14.625 78.375 0.069817
14.625 78.625 -0.035569
14.625 78.875 -0.1363
14.625 79.125 -0.24544
14.625 79.375 -0.2229
14.625 79.625 0.086414
14.625 79.875 0.20669
14.875 74.375 0.11852
14.875 74.625 -0.54942
14.875 74.875 0.17633
14.875 75.125 0.86596
14.875 75.375 0.62647
14.875 75.625 1.4332
14.875 75.875 2.5855
14.875 76.125 0.90725
14.875 76.375 0.51949
14.875 76.625 0.88055
14.875 76.875 1.1102
14.875 77.125 1.4293
14.875 77.375 0.66433
14.875 77.625 -0.1203
14.875 77.875 0.0007918
14.875 78.125 0.41298
14.875 78.375 0.0032312
14.875 78.625 -0.58058
14.875 78.875 -0.40345
14.875 79.125 -0.4468
14.875 79.375 -0.82702
14.875 79.625 0.19696
14.875 79.875 0.18557
15.125 74.125 0.54204
15.125 74.375 0.62443
15.125 74.625 0.31001
15.125 74.875 0.79481
15.125 75.125 1.544
15.125 75.375 2.3252
15.125 75.625 1.409
15.125 75.875 2.0429
15.125 76.125 1.5175
15.125 76.375 0.97942
15.125 76.625 0.85446
15.125 76.875 0.92303
15.125 77.125 0.66149
15.125 77.375 -0.011094
15.125 77.625 0.25672
15.125 77.875 0.25757
15.125 78.125 -0.44281
15.125 78.375 -0.5014
15.125 78.625 -0.6253
15.125 78.875 -0.37372
15.125 79.125 -0.60273
15.125 79.375 -0.34245
15.125 79.625 0.26278
15.125 79.875 0.27603
15.375 73.875 -0.57309
15.375 74.125 1.0252
15.375 74.375 1.1008
15.375 74.625 0.36823
15.375 74.875 0.85934
15.375 75.125 1.2389
15.375 75.375 1.538
15.375 75.625 0.83051
15.375 75.875 1.075
15.375 76.125 0.63101
15.375 76.375 1.0036
15.375 76.625 0.28497
15.375 76.875 0.648
15.375 77.125 0.58437
15.375 77.375 0.44409
15.375 77.625 0.21475
15.375 77.875 -0.17272
15.375 78.125 -0.035639
15.375 78.375 -0.40241
15.375 78.625 -0.73914
15.375 78.875 -0.065217
15.375 79.125 -0.75441
15.375 79.375 -0.95237
15.375 79.625 -0.34414
15.375 79.875 -0.11263
15.625 73.875 -0.23779
15.625 74.125 -0.51368
15.625 74.375 -0.63898
15.625 74.625 0.63674
15.625 74.875 1.1445
15.625 75.125 0.80434
15.625 75.375 0.77695
15.625 75.625 0.49715
15.625 75.875 1.1182
15.625 76.125 0.6361
15.625 76.375 0.038891
15.625 76.625 0.092511
15.625 76.875 0.15417
15.625 77.125 0.27356
15.625 77.375 -0.034713
15.625 77.625 0.16862
15.625 77.875 -0.27069
15.625 78.125 -0.16896
15.625 78.375 -0.20307
15.625 78.625 -1.1294
15.625 78.875 -0.17877
15.625 79.125 -0.71876
15.625 79.375 -0.60942
15.625 79.625 0.33162
15.625 79.875 -0.073111
15.625 80.125 -0.076333
15.875 73.875 0.79102
15.875 74.125 0.32512
15.875 74.375 0.33152
15.875 74.625 0.81131
15.875 74.875 1.271
15.875 75.125 1.6929
15.875 75.375 1.5155
15.875 75.625 0.58614
15.875 75.875 0.24662
15.875 76.125 1.4014
15.875 76.375 0.90865
15.875 76.625 0.79484
15.875 76.875 0.49012
15.875 77.125 -0.36952
15.875 77.375 0.037102
15.875 77.625 -0.096085
15.875 77.875 -0.085123
15.875 78.125 0.19753
15.875 78.375 0.19792
15.875 78.625 -0.55072
15.875 78.875 -0.54234
15.875 79.125 -0.73221
15.875 79.375 0.67092
15.875 79.625 -0.061321
15.875 79.875 -0.15707
15.875 80.125 -0.034832
15.875 80.375 -0.061604
15.875 80.625 NaN
15.875 80.875 0.1246
16.125 73.625 0.82502
16.125 73.875 0.2018
16.125 74.125 -0.050776
16.125 74.375 0.72581
16.125 74.625 1.2814
16.125 74.875 1.2111
16.125 75.125 1.0557
16.125 75.375 0.91921
16.125 75.625 0.14634
16.125 75.875 -0.29445
16.125 76.125 1.1025
16.125 76.375 0.35117
16.125 76.625 0.189
16.125 76.875 0.22767
16.125 77.125 0.35608
16.125 77.375 0.36794
16.125 77.625 -0.045488
16.125 77.875 0.27094
16.125 78.125 0.023856
16.125 78.375 0.42184
16.125 78.625 -0.22311
16.125 78.875 -0.43808
16.125 79.125 -0.33197
16.125 79.375 0.12968
16.125 79.625 -0.032361
16.125 79.875 -0.044429
16.125 80.125 0.080502
16.125 80.375 -0.31112
16.125 80.625 0.32713
16.125 80.875 0.090282
16.375 73.625 0.6915
16.375 73.875 0.67729
16.375 74.125 0.90866
16.375 74.375 1.6241
16.375 74.625 1.9824
16.375 74.875 1.1072
16.375 75.125 1.2159
16.375 75.375 0.66558
16.375 75.625 0.018288
16.375 75.875 -0.10955
16.375 76.125 0.94811
16.375 76.375 0.26909
16.375 76.625 0.035492
16.375 76.875 0.48283
16.375 77.125 0.35444
16.375 77.375 0.7174
16.375 77.625 0.77352
16.375 77.875 -0.30335
16.375 78.125 0.53874
16.375 78.375 1.1216
16.375 78.625 0.93183
16.375 78.875 -0.64599
16.375 79.125 0.53105
16.375 79.375 0.039276
16.375 79.625 -0.20642
16.375 79.875 -0.18182
16.375 80.125 -0.69496
16.375 80.375 -0.98592
16.375 80.625 0.27037
16.375 80.875 -0.029638
16.375 81.125 0.0086382
16.375 81.375 NaN
16.375 81.625 NaN
16.625 73.625 0.9762
16.625 73.875 1.8587
16.625 74.125 1.0353
16.625 74.375 0.95213
16.625 74.625 0.746
16.625 74.875 0.42428
16.625 75.125 0.58382
16.625 75.375 0.2436
16.625 75.625 0.82647
16.625 75.875 0.86487
16.625 76.125 0.77373
16.625 76.375 0.37296
16.625 76.625 0.17815
16.625 76.875 0.18446
16.625 77.125 0.50798
16.625 77.375 0.59914
16.625 77.625 1.4964
16.625 77.875 0.79012
16.625 78.125 1.8299
16.625 78.375 1.7852
16.625 78.625 0.90432
16.625 78.875 -0.63004
16.625 79.125 -0.71577
16.625 79.375 -0.21969
16.625 79.625 -0.3532
16.625 79.875 -0.41242
16.625 80.125 -0.35235
16.625 80.375 0.28533
16.625 80.625 0.75776
16.625 80.875 -0.049267
16.625 81.125 0.39753
16.625 81.375 0.096858
16.625 81.625 0.22075
16.625 81.875 0.1113
16.625 82.125 0.064056
16.875 73.375 0.95794
16.875 73.625 1.8646
16.875 73.875 1.7482
16.875 74.125 -0.97064
16.875 74.375 0.024379
16.875 74.625 0.52846
16.875 74.875 0.25418
16.875 75.125 0.38459
16.875 75.375 1.4743
16.875 75.625 0.8705
16.875 75.875 0.79864
16.875 76.125 0.046408
16.875 76.375 -0.11189
16.875 76.625 0.45327
16.875 76.875 0.54124
16.875 77.125 0.60779
16.875 77.375 0.75573
16.875 77.625 0.040526
16.875 77.875 0.65574
16.875 78.125 0.59593
16.875 78.375 0.38246
16.875 78.625 0.47631
16.875 78.875 0.37356
16.875 79.125 -0.11475
16.875 79.375 0.21092
16.875 79.625 -0.88853
16.875 79.875 -0.68034
16.875 80.125 0.038688
16.875 80.375 0.33665
16.875 80.625 0.97017
16.875 80.875 1.7553
16.875 81.125 0.53434
16.875 81.375 -0.39986
16.875 81.625 -0.0027443
16.875 81.875 0.45473
16.875 82.125 0.29421
17.125 73.375 0.65131
17.125 73.625 0.84986
17.125 73.875 0.046788
17.125 74.125 -0.4118
17.125 74.375 -0.21557
17.125 74.625 0.25292
17.125 74.875 0.033924
17.125 75.125 0.17279
17.125 75.375 0.6633
17.125 75.625 0.35427
17.125 75.875 -0.39195
17.125 76.125 -0.057165
17.125 76.375 0.10098
17.125 76.625 -0.0044854
17.125 76.875 0.19722
17.125 77.125 0.4919
17.125 77.375 1.4632
17.125 77.625 0.43801
17.125 77.875 0.42676
17.125 78.125 0.0089684
17.125 78.375 0.70394
17.125 78.625 -0.034735
17.125 78.875 0.58975
17.125 79.125 1.2698
17.125 79.375 0.65662
17.125 79.625 0.19636
17.125 79.875 -0.083318
17.125 80.125 0.50781
17.125 80.375 0.32291
17.125 80.625 0.68407
17.125 80.875 0.83736
17.125 81.125 1.187
17.125 81.375 0.89177
17.125 81.625 0.29065
17.125 81.875 0.6302
17.125 82.125 0.18111
17.125 82.375 0.10148
17.375 73.375 0.20724
17.375 73.625 0.67761
17.375 73.875 0.61591
17.375 74.125 0.3644
17.375 74.375 0.0057789
17.375 74.625 0.29349
17.375 74.875 -0.072962
17.375 75.125 0.13022
17.375 75.375 0.18744
17.375 75.625 -0.029849
17.375 75.875 -1.102
17.375 76.125 -0.48334
17.375 76.375 0.23457
17.375 76.625 0.040072
17.375 76.875 0.24183
17.375 77.125 0.0097459
17.375 77.375 1.1864
17.375 77.625 0.65087
17.375 77.875 -0.67796
17.375 78.125 1.1197
17.375 78.375 0.64545
17.375 78.625 -0.57787
17.375 78.875 1.7027
17.375 79.125 1.7797
17.375 79.375 1.0159
17.375 79.625 0.81198
17.375 79.875 0.43042
17.375 80.125 1.0774
17.375 80.375 0.85483
17.375 80.625 0.55512
17.375 80.875 0.48305
17.375 81.125 0.46139
17.375 81.375 -0.12221
17.375 81.625 0.044154
17.375 81.875 0.22692
17.375 82.125 -0.008832
17.375 82.375 -0.096347
17.375 82.625 NaN
17.625 73.375 0.707
17.625 73.625 -0.16891
17.625 73.875 0.15377
17.625 74.125 0.4799
17.625 74.375 0.04692
17.625 74.625 0.04699
17.625 74.875 0.096413
17.625 75.125 0.18174
17.625 75.375 -0.099418
17.625 75.625 0.11146
17.625 75.875 -0.50116
17.625 76.125 0.30704
17.625 76.375 0.84853
17.625 76.625 0.58124
17.625 76.875 0.37247
17.625 77.125 0.55858
17.625 77.375 0.68814
17.625 77.625 1.0302
17.625 77.875 -0.10125
17.625 78.125 0.48632
17.625 78.375 0.49512
17.625 78.625 0.35132
17.625 78.875 1.2466
17.625 79.125 0.8362
17.625 79.375 0.95538
17.625 79.625 1.8321
17.625 79.875 1.3423
17.625 80.125 1.0647
17.625 80.375 1.1066
17.625 80.625 0.7526
17.625 80.875 0.74314
17.625 81.125 0.48161
17.625 81.375 0.12832
17.625 81.625 -0.018287
17.625 81.875 -0.272
17.625 82.125 -0.18687
17.625 82.375 -0.222
17.625 82.625 -0.27851
17.625 82.875 -0.3449
17.625 83.125 0.25881
17.875 73.375 0.51101
17.875 73.625 -0.21624
17.875 73.875 0.33753
17.875 74.125 0.2615
17.875 74.375 0.042513
17.875 74.625 0.087103
17.875 74.875 0.29714
17.875 75.125 0.17715
17.875 75.375 -0.092395
17.875 75.625 0.46344
17.875 75.875 0.74085
17.875 76.125 0.69109
17.875 76.375 1.326
17.875 76.625 1.5107
17.875 76.875 0.56541
17.875 77.125 0.42729
17.875 77.375 0.36975
17.875 77.625 0.73629
17.875 77.875 0.6827
17.875 78.125 0.89034
17.875 78.375 0.94477
17.875 78.625 0.92465
17.875 78.875 1.1797
17.875 79.125 1.6771
17.875 79.375 0.15702
17.875 79.625 0.50097
17.875 79.875 1.9019
17.875 80.125 0.59665
17.875 80.375 0.81759
17.875 80.625 1.0229
17.875 80.875 0.96868
17.875 81.125 0.5002
17.875 81.375 0.15754
17.875 81.625 0.06944
17.875 81.875 -0.22056
17.875 82.125 -0.40704
17.875 82.375 -0.37275
17.875 82.625 0.52838
17.875 82.875 0.21331
17.875 83.125 0.355
17.875 83.375 0.28921
18.125 73.125 NaN
18.125 73.375 0.36554
18.125 73.625 0.16823
18.125 73.875 0.35796
18.125 74.125 0.15115
18.125 74.375 -0.0029631
18.125 74.625 0.43933
18.125 74.875 0.69121
18.125 75.125 0.72381
18.125 75.375 -0.45296
18.125 75.625 0.33308
18.125 75.875 0.59926
18.125 76.125 1.0038
18.125 76.375 1.2252
18.125 76.625 1.1734
18.125 76.875 0.69278
18.125 77.125 0.85703
18.125 77.375 1.107
18.125 77.625 1.2733
18.125 77.875 1.2232
18.125 78.125 1.1334
18.125 78.375 1.5224
18.125 78.625 1.1332
18.125 78.875 1.0888
18.125 79.125 0.94436
18.125 79.375 1.6704
18.125 79.625 1.2472
18.125 79.875 1.4544
18.125 80.125 -0.20279
18.125 80.375 0.10914
18.125 80.625 2.1082
18.125 80.875 1.4973
18.125 81.125 0.05142
18.125 81.375 0.095538
18.125 81.625 0.0049729
18.125 81.875 -0.20718
18.125 82.125 -0.24636
18.125 82.375 -0.21988
18.125 82.625 -0.010578
18.125 82.875 0.32798
18.125 83.125 0.13627
18.125 83.375 0.52687
18.125 83.625 0.44182
18.375 73.125 0.00040727
18.375 73.375 0.49053
18.375 73.625 0.35761
18.375 73.875 0.33223
18.375 74.125 0.34793
18.375 74.375 0.094049
18.375 74.625 1.0738
18.375 74.875 1.3117
18.375 75.125 0.73993
18.375 75.375 1.0838
18.375 75.625 0.68053
18.375 75.875 0.34246
18.375 76.125 0.69454
18.375 76.375 0.69022
18.375 76.625 0.3665
18.375 76.875 0.73148
18.375 77.125 0.96378
18.375 77.375 0.5491
18.375 77.625 0.80964
18.375 77.875 1.0916
18.375 78.125 1.5993
18.375 78.375 1.4852
18.375 78.625 1.8306
18.375 78.875 1.7144
18.375 79.125 -1.6856
18.375 79.375 0.47025
18.375 79.625 0.86153
18.375 79.875 0.39501
18.375 80.125 -0.17307
18.375 80.375 1.1711
18.375 80.625 1.5099
18.375 80.875 0.54787
18.375 81.125 -0.017333
18.375 81.375 -0.021002
18.375 81.625 0.058665
18.375 81.875 0.37609
18.375 82.125 0.68347
18.375 82.375 0.29936
18.375 82.625 0.68944
18.375 82.875 0.45392
18.375 83.125 0.45758
18.375 83.375 -0.16494
18.375 83.625 0.041711
18.375 83.875 0.1224
18.625 73.125 0.90273
18.625 73.375 0.32851
18.625 73.625 -0.072462
18.625 73.875 0.3261
18.625 74.125 0.66966
18.625 74.375 0.52108
18.625 74.625 1.2
18.625 74.875 2.028
18.625 75.125 0.44501
18.625 75.375 0.58888
18.625 75.625 0.46149
18.625 75.875 0.24679
18.625 76.125 0.44929
18.625 76.375 0.088811
18.625 76.625 0.14678
18.625 76.875 0.02817
18.625 77.125 0.72408
18.625 77.375 0.76041
18.625 77.625 1.5506
18.625 77.875 1.6709
18.625 78.125 1.877
18.625 78.375 1.848
18.625 78.625 1.1731
18.625 78.875 1.3395
18.625 79.125 1.0295
18.625 79.375 0.7542
18.625 79.625 1.6979
18.625 79.875 0.9506
18.625 80.125 0.57395
18.625 80.375 0.64444
18.625 80.625 0.78924
18.625 80.875 0.02363
18.625 81.125 -0.034994
18.625 81.375 0.31812
18.625 81.625 0.68655
18.625 81.875 1.1554
18.625 82.125 0.89191
18.625 82.375 0.83603
18.625 82.625 0.59235
18.625 82.875 0.86751
18.625 83.125 0.62479
18.625 83.375 -0.11413
18.625 83.625 -0.009691
18.625 83.875 0.51838
18.625 84.125 0.41627
18.875 73.125 1.2047
18.875 73.375 -0.10111
18.875 73.625 0.54563
18.875 73.875 0.40251
18.875 74.125 0.61251
18.875 74.375 1.0113
18.875 74.625 0.23867
18.875 74.875 0.49597
18.875 75.125 -0.48496
18.875 75.375 -0.26812
18.875 75.625 0.19665
18.875 75.875 0.18394
18.875 76.125 0.5905
18.875 76.375 0.30691
18.875 76.625 0.094946
18.875 76.875 0.16998
18.875 77.125 0.60391
18.875 77.375 1.2012
18.875 77.625 1.5203
18.875 77.875 1.8991
18.875 78.125 2.0908
18.875 78.375 2.3644
18.875 78.625 1.4821
18.875 78.875 1.3779
18.875 79.125 1.2881
18.875 79.375 1.4432
18.875 79.625 1.6677
18.875 79.875 1.3417
18.875 80.125 0.85803
18.875 80.375 0.43179
18.875 80.625 0.30137
18.875 80.875 0.060321
18.875 81.125 0.103
18.875 81.375 0.7639
18.875 81.625 1.316
18.875 81.875 1.0422
18.875 82.125 0.96076
18.875 82.375 0.93781
18.875 82.625 -0.12162
18.875 82.875 -0.056153
18.875 83.125 -0.18763
18.875 83.375 -0.34018
18.875 83.625 1.1514
18.875 83.875 1.1072
18.875 84.125 -0.30101
18.875 84.375 -0.36189
19.125 73.125 1.4282
19.125 73.375 1.5715
19.125 73.625 1.2464
19.125 73.875 1.2007
19.125 74.125 0.93171
19.125 74.375 1.7345
19.125 74.625 0.64685
19.125 74.875 0.25376
19.125 75.125 0.10719
19.125 75.375 -0.18435
19.125 75.625 0.42564
19.125 75.875 0.39061
19.125 76.125 0.092969
19.125 76.375 0.31437
19.125 76.625 0.24463
19.125 76.875 -0.13671
19.125 77.125 0.58438
19.125 77.375 1.0234
19.125 77.625 1.1693
19.125 77.875 1.7148
19.125 78.125 2.0535
19.125 78.375 1.7099
19.125 78.625 1.6118
19.125 78.875 1.4141
19.125 79.125 1.2174
19.125 79.375 1.2039
19.125 79.625 1.7501
19.125 79.875 1.3513
19.125 80.125 0.88408
19.125 80.375 0.6903
19.125 80.625 0.35634
19.125 80.875 0.12093
19.125 81.125 0.18351
19.125 81.375 0.47734
19.125 81.625 1.2335
19.125 81.875 0.71049
19.125 82.125 0.58021
19.125 82.375 -0.065639
19.125 82.625 -0.65806
19.125 82.875 -0.47348
19.125 83.125 -0.31192
19.125 83.375 0.0019901
19.125 83.625 1.2029
19.125 83.875 0.94639
19.125 84.125 0.021636
19.125 84.375 0.14963
19.125 84.625 0.095521
19.375 72.875 1.0089
19.375 73.125 1.3813
19.375 73.375 2.2524
19.375 73.625 2.171
19.375 73.875 1.4624
19.375 74.125 1.7359
19.375 74.375 1.9118
19.375 74.625 1.4903
19.375 74.875 1.3655
19.375 75.125 0.54745
19.375 75.375 0.39966
19.375 75.625 0.68878
19.375 75.875 0.1931
19.375 76.125 -0.12692
19.375 76.375 -0.16239
19.375 76.625 -0.5225
19.375 76.875 -0.35421
19.375 77.125 0.12223
19.375 77.375 0.63569
19.375 77.625 0.84032
19.375 77.875 1.457
19.375 78.125 1.4547
19.375 78.375 1.2513
19.375 78.625 1.1031
19.375 78.875 0.94799
19.375 79.125 0.94696
19.375 79.375 0.89684
19.375 79.625 1.4722
19.375 79.875 1.0418
19.375 80.125 0.80938
19.375 80.375 0.60677
19.375 80.625 0.28615
19.375 80.875 0.33165
19.375 81.125 -0.17231
19.375 81.375 -0.49272
19.375 81.625 0.0076861
19.375 81.875 1.0374
19.375 82.125 1.7389
19.375 82.375 -0.3237
19.375 82.625 -0.48407
19.375 82.875 -0.16085
19.375 83.125 -0.61162
19.375 83.375 -0.1044
19.375 83.625 0.57007
19.375 83.875 0.31333
19.375 84.125 0.13105
19.375 84.375 0.16678
19.375 84.625 0.075696
19.375 84.875 0.030686
19.625 72.875 0.39148
19.625 73.125 1.3931
19.625 73.375 2.3023
19.625 73.625 2.3361
19.625 73.875 1.7183
19.625 74.125 1.8124
19.625 74.375 1.8659
19.625 74.625 1.6238
19.625 74.875 1.7182
19.625 75.125 0.68575
19.625 75.375 0.015862
19.625 75.625 -0.37913
19.625 75.875 0.077641
19.625 76.125 0.073919
19.625 76.375 -0.2642
19.625 76.625 -0.76377
19.625 76.875 -0.41702
19.625 77.125 -0.29628
19.625 77.375 0.37125
19.625 77.625 1.7713
19.625 77.875 1.4234
19.625 78.125 0.95578
19.625 78.375 0.75991
19.625 78.625 0.40369
19.625 78.875 0.45403
19.625 79.125 0.19789
19.625 79.375 0.47607
19.625 79.625 1.1925
19.625 79.875 0.99999
19.625 80.125 0.76702
19.625 80.375 0.55583
19.625 80.625 0.36794
19.625 80.875 0.51021
19.625 81.125 -0.059537
19.625 81.375 -0.40604
19.625 81.625 0.14528
19.625 81.875 0.56769
19.625 82.125 0.10493
19.625 82.375 0.39921
19.625 82.625 -0.051324
19.625 82.875 0.40629
19.625 83.125 0.50444
19.625 83.375 1.0133
19.625 83.625 1.2448
19.625 83.875 1.1461
19.625 84.125 0.49942
19.625 84.375 0.3357
19.625 84.625 0.30711
19.625 84.875 0.15009
19.625 85.125 -0.010196
19.625 85.375 -0.48434
19.875 72.875 0.94828
19.875 73.125 1.0963
19.875 73.375 2.236
19.875 73.625 1.4296
19.875 73.875 0.95825
19.875 74.125 1.24
19.875 74.375 1.0642
19.875 74.625 1.2601
19.875 74.875 1.493
19.875 75.125 0.26953
19.875 75.375 -0.16292
19.875 75.625 0.06293
19.875 75.875 0.72055
19.875 76.125 0.3139
19.875 76.375 0.11498
19.875 76.625 0.13383
19.875 76.875 0.31351
19.875 77.125 0.20925
19.875 77.375 0.62742
19.875 77.625 2.2161
19.875 77.875 1.3966
19.875 78.125 0.78109
19.875 78.375 0.82424
19.875 78.625 0.75544
19.875 78.875 0.55961
19.875 79.125 0.64991
19.875 79.375 1.2048
19.875 79.625 1.0671
19.875 79.875 1.1026
19.875 80.125 1.0003
19.875 80.375 0.65638
19.875 80.625 0.50027
19.875 80.875 0.38564
19.875 81.125 -0.016419
19.875 81.375 0.073665
19.875 81.625 0.013649
19.875 81.875 0.24179
19.875 82.125 -0.50301
19.875 82.375 0.3223
19.875 82.625 -0.25873
19.875 82.875 -0.30259
19.875 83.125 0.78796
19.875 83.375 1.0828
19.875 83.625 1.2671
19.875 83.875 1.0441
19.875 84.125 0.63967
19.875 84.375 0.40467
19.875 84.625 0.05631
19.875 84.875 -0.35655
19.875 85.125 -0.5204
19.875 85.375 -0.44054
19.875 85.625 NaN
19.875 85.875 NaN
19.875 86.125 NaN
20.125 72.875 1.4652
20.125 73.125 2.0002
20.125 73.375 0.58269
20.125 73.625 1.8009
20.125 73.875 1.1481
20.125 74.125 1.0695
20.125 74.375 0.94582
20.125 74.625 0.87469
20.125 74.875 0.79401
20.125 75.125 0.43342
20.125 75.375 0.57186
20.125 75.625 0.40767
20.125 75.875 0.56651
20.125 76.125 0.31124
20.125 76.375 0.18415
20.125 76.625 0.03879
20.125 76.875 0.28425
20.125 77.125 0.78787
20.125 77.375 0.99877
20.125 77.625 1.6325
20.125 77.875 1.2952
20.125 78.125 0.98002
20.125 78.375 0.8759
20.125 78.625 0.5259
20.125 78.875 0.47648
20.125 79.125 0.68675
20.125 79.375 0.19789
20.125 79.625 1.1463
20.125 79.875 1.1025
20.125 80.125 1.1118
20.125 80.375 0.86393
20.125 80.625 0.63582
20.125 80.875 0.65504
20.125 81.125 0.056633
20.125 81.375 0.41095
20.125 81.625 0.52117
20.125 81.875 -0.080217
20.125 82.125 -0.08805
20.125 82.375 -0.24079
20.125 82.625 -0.23434
20.125 82.875 -0.63437
20.125 83.125 0.56847
20.125 83.375 1.1049
20.125 83.625 1.3338
20.125 83.875 1.3496
20.125 84.125 1.4592
20.125 84.375 0.784
20.125 84.625 0.15761
20.125 84.875 0.040088
20.125 85.125 0.055359
20.125 85.375 -0.020087
20.125 85.625 0.33454
20.125 85.875 -0.13792
20.125 86.125 -0.12139
20.125 86.375 NaN
20.375 73.125 1.5015
20.375 73.375 0.63706
20.375 73.625 1.2225
20.375 73.875 1.0387
20.375 74.125 0.79115
20.375 74.375 0.46965
20.375 74.625 0.89053
20.375 74.875 0.89869
20.375 75.125 0.83013
20.375 75.375 0.53626
20.375 75.625 0.5107
20.375 75.875 0.7536
20.375 76.125 0.41003
20.375 76.375 0.1624
20.375 76.625 -0.058666
20.375 76.875 0.26868
20.375 77.125 0.55397
20.375 77.375 1.1128
20.375 77.625 0.99924
20.375 77.875 0.94161
20.375 78.125 1.1904
20.375 78.375 1.1691
20.375 78.625 1.2085
20.375 78.875 0.708
20.375 79.125 0.39335
20.375 79.375 0.25304
20.375 79.625 0.8496
20.375 79.875 0.75941
20.375 80.125 1.2471
20.375 80.375 1.0866
20.375 80.625 0.65605
20.375 80.875 0.57283
20.375 81.125 0.84879
20.375 81.375 0.80926
20.375 81.625 0.44043
20.375 81.875 0.17303
20.375 82.125 -0.53946
20.375 82.375 -0.45013
20.375 82.625 0.53116
20.375 82.875 0.53735
20.375 83.125 0.16538
20.375 83.375 0.073818
20.375 83.625 1.4056
20.375 83.875 1.0341
20.375 84.125 0.78128
20.375 84.375 1.3434
20.375 84.625 0.57124
20.375 84.875 0.19938
20.375 85.125 -0.43839
20.375 85.375 -0.48109
20.375 85.625 -0.44158
20.375 85.875 -0.16944
20.375 86.125 -0.29907
20.375 86.375 -0.65577
20.375 86.625 NaN
20.625 73.125 0.70789
20.625 73.375 0.35776
20.625 73.625 -0.24171
20.625 73.875 0.010883
20.625 74.125 0.91219
20.625 74.375 1.651
20.625 74.625 1.4145
20.625 74.875 0.31774
20.625 75.125 0.90537
20.625 75.375 0.66563
20.625 75.625 0.25104
20.625 75.875 -0.27634
20.625 76.125 -0.09858
20.625 76.375 0.057934
20.625 76.625 0.35621
20.625 76.875 0.19801
20.625 77.125 -0.16206
20.625 77.375 0.74197
20.625 77.625 1.0231
20.625 77.875 1.2547
20.625 78.125 1.6946
20.625 78.375 1.597
20.625 78.625 1.6645
20.625 78.875 1.2702
20.625 79.125 1.1217
20.625 79.375 0.65661
20.625 79.625 0.979
20.625 79.875 0.95192
20.625 80.125 1.677
20.625 80.375 0.66345
20.625 80.625 0.56699
20.625 80.875 0.6873
20.625 81.125 1.2149
20.625 81.375 1.2478
20.625 81.625 0.45325
20.625 81.875 0.26616
20.625 82.125 -0.37999
20.625 82.375 -0.21318
20.625 82.625 -0.48665
20.625 82.875 -0.14025
20.625 83.125 0.0079493
20.625 83.375 -0.40642
20.625 83.625 -0.40517
20.625 83.875 0.36056
20.625 84.125 -0.21573
20.625 84.375 0.52777
20.625 84.625 -0.10888
20.625 84.875 0.083893
20.625 85.125 -0.27452
20.625 85.375 0.052121
20.625 85.625 -0.98493
20.625 85.875 -0.2656
20.625 86.125 -0.38766
20.625 86.375 -0.49357
20.625 86.625 -0.61332
20.625 86.875 NaN
20.875 70.625 0.11806
20.875 70.875 0.10886
20.875 71.125 0.095101
20.875 71.375 0.069606
20.875 72.875 1.2501
20.875 73.125 1.0157
20.875 73.375 0.24792
20.875 73.625 -0.36338
20.875 73.875 0.3684
20.875 74.125 1.5538
20.875 74.375 1.9528
20.875 74.625 1.599
20.875 74.875 0.5569
20.875 75.125 1.0407
20.875 75.375 0.76624
20.875 75.625 0.11361
20.875 75.875 -0.23762
20.875 76.125 -0.1881
20.875 76.375 0.76386
20.875 76.625 0.74305
20.875 76.875 0.40144
20.875 77.125 0.45392
20.875 77.375 0.82781
20.875 77.625 1.5189
20.875 77.875 1.2062
20.875 78.125 1.6742
20.875 78.375 1.8589
20.875 78.625 1.6376
20.875 78.875 1.9926
20.875 79.125 2.0426
20.875 79.375 1.2844
20.875 79.625 1.1636
20.875 79.875 1.0995
20.875 80.125 1.0706
20.875 80.375 0.61941
20.875 80.625 0.55082
20.875 80.875 0.80097
20.875 81.125 0.6355
20.875 81.375 0.32004
20.875 81.625 0.3147
20.875 81.875 0.23124
20.875 82.125 -0.47155
20.875 82.375 0.38773
20.875 82.625 -0.6435
20.875 82.875 -0.13691
20.875 83.125 -0.75785
20.875 83.375 -1.2006
20.875 83.625 -0.5373
20.875 83.875 -0.52983
20.875 84.125 -0.93006
20.875 84.375 0.10338
20.875 84.625 -0.2304
20.875 84.875 -0.61928
20.875 85.125 -0.16731
20.875 85.375 -0.15423
20.875 85.625 -0.65368
20.875 85.875 -0.66946
20.875 86.125 -0.78423
20.875 86.375 -0.53512
20.875 86.625 -0.30416
21.125 70.375 0.69476
21.125 70.625 0.60576
21.125 70.875 -0.13063
21.125 71.125 0.1989
21.125 71.375 -0.0064245
21.125 71.625 NaN
21.125 71.875 NaN
21.125 72.875 0.77077
21.125 73.125 0.33433
21.125 73.375 0.74497
21.125 73.625 0.32606
21.125 73.875 1.0003
21.125 74.125 1.3928
21.125 74.375 0.14812
21.125 74.625 0.27162
21.125 74.875 0.083214
21.125 75.125 -0.25574
21.125 75.375 0.96198
21.125 75.625 0.55193
21.125 75.875 0.38675
21.125 76.125 1.4409
21.125 76.375 1.6901
21.125 76.625 0.53686
21.125 76.875 0.25398
21.125 77.125 0.48301
21.125 77.375 1.3145
21.125 77.625 1.6696
21.125 77.875 1.7396
21.125 78.125 1.9122
21.125 78.375 1.8412
21.125 78.625 1.2083
21.125 78.875 2.1103
21.125 79.125 1.5012
21.125 79.375 1.9434
21.125 79.625 1.5457
21.125 79.875 1.5244
21.125 80.125 0.79089
21.125 80.375 0.52635
21.125 80.625 0.79643
21.125 80.875 0.7799
21.125 81.125 0.38131
21.125 81.375 0.12337
21.125 81.625 -0.33086
21.125 81.875 0.227
21.125 82.125 -0.15921
21.125 82.375 0.30567
21.125 82.625 0.2059
21.125 82.875 0.093862
21.125 83.125 -0.20108
21.125 83.375 -0.58669
21.125 83.625 0.15224
21.125 83.875 0.020044
21.125 84.125 0.39
21.125 84.375 -0.038008
21.125 84.625 -0.67986
21.125 84.875 -0.87334
21.125 85.125 -0.82675
21.125 85.375 -0.099616
21.125 85.625 -0.28921
21.125 85.875 -0.45575
21.125 86.125 -0.17699
21.125 86.375 -0.31246
21.125 86.625 -0.3897
21.375 70.125 0.45233
21.375 70.375 0.22343
21.375 70.625 0.23451
21.375 70.875 -0.053518
21.375 71.125 0.29529
21.375 71.375 -0.21209
21.375 71.625 -0.41037
21.375 71.875 -0.41625
21.375 72.875 0.65941
21.375 73.125 1.4742
21.375 73.375 1.4222
21.375 73.625 1.6047
21.375 73.875 0.71734
21.375 74.125 0.54558
21.375 74.375 0.32065
21.375 74.625 0.20511
21.375 74.875 1.0929
21.375 75.125 0.82162
21.375 75.375 0.61758
21.375 75.625 0.7145
21.375 75.875 0.74814
21.375 76.125 1.8031
21.375 76.375 1.5136
21.375 76.625 0.7964
21.375 76.875 0.086319
21.375 77.125 0.64364
21.375 77.375 2.1119
21.375 77.625 1.5566
21.375 77.875 1.4796
21.375 78.125 1.686
21.375 78.375 2.674
21.375 78.625 2.49
21.375 78.875 2.2634
21.375 79.125 2.1316
21.375 79.375 2.1031
21.375 79.625 2.1339
21.375 79.875 1.8116
21.375 80.125 -0.15874
21.375 80.375 0.057695
21.375 80.625 0.21547
21.375 80.875 0.20217
21.375 81.125 -0.083283
21.375 81.375 0.072645
21.375 81.625 0.61681
21.375 81.875 1.0292
21.375 82.125 0.59859
21.375 82.375 0.68939
21.375 82.625 0.69894
21.375 82.875 0.54829
21.375 83.125 -0.13706
21.375 83.375 -0.14286
21.375 83.625 -0.076435
21.375 83.875 -0.033006
21.375 84.125 -0.04736
21.375 84.375 -0.044914
21.375 84.625 0.1602
21.375 84.875 -0.50224
21.375 85.125 -0.39397
21.375 85.375 -0.4956
21.375 85.625 -0.67292
21.375 85.875 -0.4195
21.375 86.125 0.47655
21.375 86.375 -0.60528
21.375 86.625 -0.50933
21.375 86.875 -0.57563
21.625 69.875 0.56396
21.625 70.125 0.12287
21.625 70.375 0.23721
21.625 70.625 0.28605
21.625 70.875 0.3429
21.625 71.125 0.32593
21.625 71.375 0.5421
21.625 71.625 0.09927
21.625 71.875 -0.10457
21.625 72.125 -0.087647
21.625 72.875 0.11024
21.625 73.125 0.15614
21.625 73.375 0.53227
21.625 73.625 0.75147
21.625 73.875 0.2362
21.625 74.125 0.34355
21.625 74.375 0.55102
21.625 74.625 1.4397
21.625 74.875 1.4687
21.625 75.125 0.94549
21.625 75.375 0.43589
21.625 75.625 0.79224
21.625 75.875 0.9078
21.625 76.125 0.96649
21.625 76.375 1.0714
21.625 76.625 0.6522
21.625 76.875 0.95511
21.625 77.125 1.4339
21.625 77.375 2.1301
21.625 77.625 1.0332
21.625 77.875 1.1076
21.625 78.125 1.4651
21.625 78.375 2.4498
21.625 78.625 2.5114
21.625 78.875 2.3513
21.625 79.125 1.9575
21.625 79.375 1.4187
21.625 79.625 1.9577
21.625 79.875 0.94793
21.625 80.125 0.10888
21.625 80.375 0.76908
21.625 80.625 0.35549
21.625 80.875 0.0091451
21.625 81.125 -0.29211
21.625 81.375 -0.18714
21.625 81.625 0.68272
21.625 81.875 1.2178
21.625 82.125 1.3871
21.625 82.375 1.1252
21.625 82.625 0.62529
21.625 82.875 NaN
21.625 83.125 0.52209
21.625 83.375 -0.053923
21.625 83.625 -0.33513
21.625 83.875 -0.25628
21.625 84.125 -0.4254
21.625 84.375 -0.57604
21.625 84.625 -0.16924
21.625 84.875 -0.41235
21.625 85.125 -0.69051
21.625 85.375 -0.50478
21.625 85.625 -0.27818
21.625 85.875 0.095765
21.625 86.125 -0.096501
21.625 86.375 -0.20603
21.625 86.625 -0.65584
21.625 86.875 -0.47462
21.625 87.125 -0.49584
21.625 87.375 NaN
21.875 69.375 NaN
21.875 69.625 0.43775
21.875 69.875 0.31379
21.875 70.125 0.22989
21.875 70.375 0.37695
21.875 70.625 0.28727
21.875 70.875 -0.10628
21.875 71.125 0.039208
21.875 71.375 0.41044
21.875 71.625 0.28555
21.875 71.875 0.1111
21.875 72.125 0.11866
21.875 72.625 NaN
21.875 72.875 0.75595
21.875 73.125 0.40512
21.875 73.375 0.08409
21.875 73.625 -0.19375
21.875 73.875 0.10996
21.875 74.125 0.16849
21.875 74.375 0.91843
21.875 74.625 1.8901
21.875 74.875 1.4804
21.875 75.125 -0.031678
21.875 75.375 -0.1626
21.875 75.625 0.88117
21.875 75.875 0.8834
21.875 76.125 0.73727
21.875 76.375 0.87836
21.875 76.625 0.66908
21.875 76.875 0.45799
21.875 77.125 1.3786
21.875 77.375 1.4746
21.875 77.625 1.1928
21.875 77.875 0.93341
21.875 78.125 1.3849
21.875 78.375 1.9018
21.875 78.625 1.892
21.875 78.875 1.8202
21.875 79.125 1.2385
21.875 79.375 1.1055
21.875 79.625 1.4727
21.875 79.875 1.1277
21.875 80.125 1.2431
21.875 80.375 1.464
21.875 80.625 0.59571
21.875 80.875 0.348
21.875 81.125 0.17881
21.875 81.375 0.068283
21.875 81.625 0.64776
21.875 81.875 0.90871
21.875 82.125 1.018
21.875 82.375 1.4236
21.875 82.625 0.023047
21.875 82.875 -0.014748
21.875 83.125 0.27285
21.875 83.375 0.69268
21.875 83.625 -0.40244
21.875 83.875 -0.29338
21.875 84.125 -0.33468
21.875 84.375 -0.25815
21.875 84.625 -0.23045
21.875 84.875 -0.32962
21.875 85.125 -0.57745
21.875 85.375 -0.49124
21.875 85.625 -0.29546
21.875 85.875 0.22975
21.875 86.125 -0.26952
21.875 86.375 -0.26896
21.875 86.625 -0.39572
21.875 86.875 -0.52228
21.875 87.125 -0.56998
21.875 87.375 -0.42538
21.875 87.625 -0.63811
21.875 87.875 -1.2376
21.875 88.375 -0.70503
21.875 88.625 NaN
21.875 88.875 NaN
22.125 69.125 1.0673
22.125 69.375 1.2113
22.125 69.625 0.83034
22.125 69.875 0.022081
22.125 70.125 0.15387
22.125 70.375 0.22449
22.125 70.625 0.60213
22.125 70.875 0.33447
22.125 71.125 0.46298
22.125 71.375 0.2355
22.125 71.625 0.17503
22.125 71.875 0.055379
22.125 72.125 -0.051739
22.125 72.625 NaN
22.125 72.875 -0.15169
22.125 73.125 -0.16488
22.125 73.375 0.11629
22.125 73.625 -0.0082508
22.125 73.875 -0.1624
22.125 74.125 -0.035261
22.125 74.375 0.19353
22.125 74.625 1.0729
22.125 74.875 0.53545
22.125 75.125 -0.059229
22.125 75.375 -0.14155
22.125 75.625 0.59684
22.125 75.875 0.88261
22.125 76.125 1.0472
22.125 76.375 0.99939
22.125 76.625 0.71121
22.125 76.875 0.65116
22.125 77.125 1.0644
22.125 77.375 1.4172
22.125 77.625 1.4756
22.125 77.875 1.4989
22.125 78.125 1.2434
22.125 78.375 0.95825
22.125 78.625 0.97582
22.125 78.875 0.36697
22.125 79.125 0.6011
22.125 79.375 0.69048
22.125 79.625 0.76329
22.125 79.875 1.2864
22.125 80.125 1.2801
22.125 80.375 1.1086
22.125 80.625 0.54586
22.125 80.875 0.34331
22.125 81.125 0.83358
22.125 81.375 0.55943
22.125 81.625 0.76852
22.125 81.875 0.84523
22.125 82.125 0.4491
22.125 82.375 0.097149
22.125 82.625 0.18828
22.125 82.875 -0.23162
22.125 83.125 -0.099479
22.125 83.375 0.043728
22.125 83.625 -0.51172
22.125 83.875 -0.65077
22.125 84.125 -0.071132
22.125 84.375 -0.0089213
22.125 84.625 0.07167
22.125 84.875 -0.10431
22.125 85.125 -0.43844
22.125 85.375 -0.40981
22.125 85.625 -0.13752
22.125 85.875 -0.13992
22.125 86.125 -0.24618
22.125 86.375 -0.10633
22.125 86.625 -0.26145
22.125 86.875 -0.29854
22.125 87.125 -0.49888
22.125 87.375 -0.86166
22.125 87.625 -0.84539
22.125 87.875 -0.75915
22.125 88.125 -0.43216
22.125 88.375 -0.47532
22.125 92.875 NaN
22.375 69.125 1.1789
22.375 69.875 0.11307
22.375 70.125 0.3369
22.375 70.375 -0.21119
22.375 70.625 0.19814
22.375 70.875 0.034294
22.375 71.125 0.11999
22.375 71.375 0.1175
22.375 71.625 -0.1426
22.375 71.875 0.014332
22.375 72.125 -0.31914
22.375 72.625 NaN
22.375 72.875 -0.52567
22.375 73.125 -0.19357
22.375 73.375 -0.18142
22.375 73.625 0.32051
22.375 73.875 -0.72696
22.375 74.125 -0.20926
22.375 74.375 0.0020921
22.375 74.625 0.094195
22.375 74.875 0.071839
22.375 75.125 0.021595
22.375 75.375 0.34935
22.375 75.625 0.42437
22.375 75.875 0.80953
22.375 76.125 1.2382
22.375 76.375 1.249
22.375 76.625 1.5474
22.375 76.875 0.87026
22.375 77.125 1.0106
22.375 77.375 1.4095
22.375 77.625 1.8467
22.375 77.875 1.8227
22.375 78.125 1.1298
22.375 78.375 0.90214
22.375 78.625 0.67492
22.375 78.875 0.91333
22.375 79.125 1.0409
22.375 79.375 1.0772
22.375 79.625 0.6071
22.375 79.875 0.71094
22.375 80.125 0.90203
22.375 80.375 1.2186
22.375 80.625 0.94143
22.375 80.875 1.0016
22.375 81.125 1.6682
22.375 81.375 1.8543
22.375 81.625 1.2943
22.375 81.875 0.67327
22.375 82.125 0.37675
22.375 82.375 0.23008
22.375 82.625 -0.02574
22.375 82.875 -0.1037
22.375 83.125 0.025521
22.375 83.375 -0.1462
22.375 83.625 -0.31571
22.375 83.875 -0.29325
22.375 84.125 -0.024498
22.375 84.375 -0.28725
22.375 84.625 -0.24448
22.375 84.875 -0.19458
22.375 85.125 -0.33641
22.375 85.375 -0.31015
22.375 85.625 -0.17094
22.375 85.875 -0.080928
22.375 86.125 -0.23572
22.375 86.375 -0.19497
22.375 86.625 -0.24572
22.375 86.875 -0.47719
22.375 87.125 -0.46819
22.375 87.375 -0.84883
22.375 87.625 -0.91646
22.375 87.875 -0.80227
22.375 88.125 -1.0477
22.375 88.375 -0.79989
22.375 88.625 -0.77559
22.375 88.875 -0.75121
22.375 92.875 1.4456
22.625 70.375 0.74277
22.625 70.625 0.6974
22.625 70.875 0.13261
22.625 71.125 -0.0066888
22.625 71.375 0.041112
22.625 71.625 0.03049
22.625 71.875 -0.55242
22.625 72.125 -0.73701
22.625 72.375 -0.1837
22.625 72.625 0.34822
22.625 72.875 -0.23254
22.625 73.125 -0.21913
22.625 73.375 0.17097
22.625 73.625 -0.34899
22.625 73.875 -0.65899
22.625 74.125 -0.55365
22.625 74.375 -0.12262
22.625 74.625 -0.018837
22.625 74.875 0.12574
22.625 75.125 0.1605
22.625 75.375 0.37591
22.625 75.625 0.41481
22.625 75.875 1.4291
22.625 76.125 1.2833
22.625 76.375 1.0848
22.625 76.625 1.4959
22.625 76.875 0.98224
22.625 77.125 1.0239
22.625 77.375 1.6283
22.625 77.625 1.6538
22.625 77.875 1.8979
22.625 78.125 1.5713
22.625 78.375 1.0184
22.625 78.625 0.61243
22.625 78.875 0.98209
22.625 79.125 1.015
22.625 79.375 0.977
22.625 79.625 0.47609
22.625 79.875 0.52505
22.625 80.125 0.59235
22.625 80.375 1.0403
22.625 80.625 1.4303
22.625 80.875 1.6663
22.625 81.125 1.6911
22.625 81.375 2.01
22.625 81.625 1.0458
22.625 81.875 0.62915
22.625 82.125 0.28267
22.625 82.375 0.22196
22.625 82.625 0.52053
22.625 82.875 0.32912
22.625 83.125 0.13904
22.625 83.375 0.066415
22.625 83.625 0.030292
22.625 83.875 -0.1342
22.625 84.125 -0.38859
22.625 84.375 -0.57479
22.625 84.625 -0.46486
22.625 84.875 -0.22375
22.625 85.125 -0.41352
22.625 85.375 -0.38655
22.625 85.625 0.15246
22.625 85.875 0.6744
22.625 86.125 -0.27403
22.625 86.375 -0.46079
22.625 86.625 -0.37406
22.625 86.875 -0.38691
22.625 87.125 -0.34211
22.625 87.375 -0.80142
22.625 87.625 -0.74119
22.625 87.875 -1.0901
22.625 88.125 -0.9799
22.625 88.375 -0.86244
22.625 88.625 -0.76399
22.625 88.875 -0.72707
22.625 92.625 0.00061039
22.625 92.875 1.0957
22.875 69.375 NaN
22.875 69.625 NaN
22.875 69.875 NaN
22.875 70.625 0.67151
22.875 70.875 0.22434
22.875 71.125 -0.1367
22.875 71.375 -0.36238
22.875 71.625 -0.225
22.875 71.875 -0.84807
22.875 72.125 -0.58406
22.875 72.375 -0.32756
22.875 72.625 0.87586
22.875 72.875 -0.21941
22.875 73.125 0.11855
22.875 73.375 0.15
22.875 73.625 0.34477
22.875 73.875 -0.50106
22.875 74.125 -0.1404
22.875 74.375 -0.032658
22.875 74.625 -0.059543
22.875 74.875 0.4848
22.875 75.125 0.54035
22.875 75.375 0.63542
22.875 75.625 0.72531
22.875 75.875 1.5533
22.875 76.125 1.8332
22.875 76.375 1.3469
22.875 76.625 1.4425
22.875 76.875 1.4769
22.875 77.125 1.7004
22.875 77.375 1.7342
22.875 77.625 1.763
22.875 77.875 1.7246
22.875 78.125 1.8758
22.875 78.375 1.0643
22.875 78.625 0.49882
22.875 78.875 0.71153
22.875 79.125 1.0095
22.875 79.375 0.67639
22.875 79.625 0.55366
22.875 79.875 0.37331
22.875 80.125 0.24224
22.875 80.375 0.62087
22.875 80.625 1.6395
22.875 80.875 1.6477
22.875 81.125 1.7097
22.875 81.375 1.5358
22.875 81.625 0.18507
22.875 81.875 -0.29744
22.875 82.125 -0.2331
22.875 82.375 0.28261
22.875 82.625 0.67821
22.875 82.875 0.66212
22.875 83.125 0.42238
22.875 83.375 0.34522
22.875 83.625 0.094072
22.875 83.875 0.072649
22.875 84.125 -0.40173
22.875 84.375 -0.81811
22.875 84.625 -0.71924
22.875 84.875 -0.8672
22.875 85.125 -0.37274
22.875 85.375 -0.70461
22.875 85.625 -0.66537
22.875 85.875 -0.23378
22.875 86.125 -0.4779
22.875 86.375 -0.93411
22.875 86.625 -0.61315
22.875 86.875 -0.4334
22.875 87.125 -0.63764
22.875 87.375 -0.8598
22.875 87.625 -0.77743
22.875 87.875 -0.67826
22.875 88.125 -0.97719
22.875 88.375 -0.83583
22.875 88.625 -0.88363
22.875 92.625 -0.37698
22.875 92.875 0.56517
23.125 68.875 1.4842
23.125 69.125 1.1289
23.125 69.375 1.23
23.125 69.625 1.2688
23.125 69.875 1.1055
23.125 70.125 0.57142
23.125 70.875 0.10096
23.125 71.125 -0.11899
23.125 71.375 -0.47892
23.125 71.625 -0.38707
23.125 71.875 -0.77987
23.125 72.125 -0.24184
23.125 72.375 -0.10663
23.125 72.625 0.23469
23.125 72.875 -0.21407
23.125 73.125 -0.11826
23.125 73.375 0.21727
23.125 73.625 0.4408
23.125 73.875 0.12874
23.125 74.125 0.23411
23.125 74.375 0.21503
23.125 74.625 0.5847
23.125 74.875 0.72979
23.125 75.125 0.64625
23.125 75.375 0.93849
23.125 75.625 0.88305
23.125 75.875 0.95602
23.125 76.125 1.824
23.125 76.375 1.4347
23.125 76.625 1.26
23.125 76.875 1.5314
23.125 77.125 1.9911
23.125 77.375 1.8357
23.125 77.625 1.6611
23.125 77.875 1.6146
23.125 78.125 1.2831
23.125 78.375 1.1003
23.125 78.625 0.40744
23.125 78.875 0.74426
23.125 79.125 0.91037
23.125 79.375 0.83506
23.125 79.625 0.49352
23.125 79.875 0.40451
23.125 80.125 0.24496
23.125 80.375 0.27221
23.125 80.625 1.0298
23.125 80.875 1.3412
23.125 81.125 1.137
23.125 81.375 0.25489
23.125 81.625 0.17333
23.125 81.875 -1.0285
23.125 82.125 -0.14087
23.125 82.375 0.3994
23.125 82.625 0.57476
23.125 82.875 0.60906
23.125 83.125 0.14054
23.125 83.375 0.019437
23.125 83.625 0.012537
23.125 83.875 0.19009
23.125 84.125 -0.51781
23.125 84.375 -0.35072
23.125 84.625 -0.60277
23.125 84.875 -0.7755
23.125 85.125 -0.66547
23.125 85.375 0.18971
23.125 85.625 0.66632
23.125 85.875 -0.023806
23.125 86.125 -0.28281
23.125 86.375 -0.61943
23.125 86.625 -0.63405
23.125 86.875 -0.30661
23.125 87.125 -0.49472
23.125 87.375 -0.77489
23.125 87.625 -0.72559
23.125 87.875 -1.1591
23.125 88.125 -1.4935
23.125 88.375 -1.3226
23.125 88.625 -1.1562
23.125 91.625 NaN
23.125 92.625 -0.8379
23.125 92.875 -0.56855
23.125 93.125 NaN
23.375 68.875 1.4817
23.375 69.125 1.1756
23.375 69.375 1.2101
23.375 69.625 1.181
23.375 69.875 0.90376
23.375 70.125 0.54499
23.375 70.375 0.40951
23.375 70.625 0.35331
23.375 70.875 0.2849
23.375 71.125 0.2169
23.375 71.375 0.14393
23.375 71.625 0.1236
23.375 71.875 0.44703
23.375 72.125 0.22635
23.375 72.375 -0.097323
23.375 72.625 -0.0455
23.375 72.875 0.299
23.375 73.125 0.3085
23.375 73.375 0.6886
23.375 73.625 0.59263
23.375 73.875 0.16942
23.375 74.125 0.22805
23.375 74.375 0.6787
23.375 74.625 1.1571
23.375 74.875 1.328
23.375 75.125 1.0896
23.375 75.375 1.3386
23.375 75.625 1.0993
23.375 75.875 0.95883
23.375 76.125 1.2384
23.375 76.375 1.4451
23.375 76.625 2.0155
23.375 76.875 2.5344
23.375 77.125 2.382
23.375 77.375 1.5428
23.375 77.625 1.1434
23.375 77.875 1.4438
23.375 78.125 1.6502
23.375 78.375 1.3418
23.375 78.625 1.093
23.375 78.875 0.99188
23.375 79.125 0.82102
23.375 79.375 0.75102
23.375 79.625 0.783
23.375 79.875 0.75166
23.375 80.125 0.28719
23.375 80.375 -0.46329
23.375 80.625 -0.52573
23.375 80.875 0.28339
23.375 81.125 0.385
23.375 81.375 0.12467
23.375 81.625 0.042494
23.375 81.875 -0.24967
23.375 82.125 -0.0072519
23.375 82.375 0.18731
23.375 82.625 0.40011
23.375 82.875 0.23321
23.375 83.125 -0.4807
23.375 83.375 -0.90343
23.375 83.625 -0.80647
23.375 83.875 -0.21995
23.375 84.125 -0.32641
23.375 84.375 0.1669
23.375 84.625 -0.39647
23.375 84.875 -0.85026
23.375 85.125 -0.63011
23.375 85.375 0.44258
23.375 85.625 0.99922
23.375 85.875 0.31807
23.375 86.125 -0.1303
23.375 86.375 -0.37456
23.375 86.625 -0.8081
23.375 86.875 -0.14961
23.375 87.125 -0.53417
23.375 87.375 -0.5994
23.375 87.625 -0.68254
23.375 87.875 -1.3505
23.375 88.125 -1.5447
23.375 88.375 -1.4799
23.375 88.625 -1.4682
23.375 91.375 -0.79566
23.375 91.625 -0.8089
23.375 92.625 -1.0588
23.375 92.875 -0.84819
23.375 93.125 -0.73484
23.625 68.625 1.7005
23.625 68.875 1.6446
23.625 69.125 1.3803
23.625 69.375 1.2793
23.625 69.625 1.0276
23.625 69.875 0.88916
23.625 70.125 0.67782
23.625 70.375 0.53076
23.625 70.625 0.4681
23.625 70.875 0.61319
23.625 71.125 0.68702
23.625 71.375 0.81166
23.625 71.625 -0.14845
23.625 71.875 0.049915
23.625 72.125 0.25504
23.625 72.375 -0.32643
23.625 72.625 0.46007
23.625 72.875 0.71578
23.625 73.125 0.51922
23.625 73.375 0.46315
23.625 73.625 0.45409
23.625 73.875 0.19035
23.625 74.125 0.51794
23.625 74.375 0.61378
23.625 74.625 1.1432
23.625 74.875 1.6963
23.625 75.125 1.4228
23.625 75.375 1.3392
23.625 75.625 1.5004
23.625 75.875 1.8222
23.625 76.125 1.7586
23.625 76.375 2.135
23.625 76.625 2.9863
23.625 76.875 2.747
23.625 77.125 2.5352
23.625 77.375 1.2962
23.625 77.625 0.93523
23.625 77.875 1.1686
23.625 78.125 1.428
23.625 78.375 1.2202
23.625 78.625 1.0345
23.625 78.875 0.98162
23.625 79.125 0.71585
23.625 79.375 0.78429
23.625 79.625 0.95298
23.625 79.875 0.87141
23.625 80.125 0.047532
23.625 80.375 -0.39833
23.625 80.625 -0.47727
23.625 80.875 -0.20253
23.625 81.125 0.16127
23.625 81.375 0.15531
23.625 81.625 0.082325
23.625 81.875 -0.0805
23.625 82.125 0.097725
23.625 82.375 -0.080125
23.625 82.625 -0.22716
23.625 82.875 -0.88457
23.625 83.125 -1.1683
23.625 83.375 -1.0518
23.625 83.625 -1.0672
23.625 83.875 -0.20782
23.625 84.125 0.1768
23.625 84.375 -0.50509
23.625 84.625 -0.63216
23.625 84.875 -0.83722
23.625 85.125 -0.97291
23.625 85.375 0.093065
23.625 85.625 -0.372
23.625 85.875 -0.59749
23.625 86.125 -0.93275
23.625 86.375 -0.83162
23.625 86.625 -1.0107
23.625 86.875 -0.77748
23.625 87.125 -0.77927
23.625 87.375 -0.85832
23.625 87.625 -1.1669
23.625 87.875 -1.4262
23.625 88.125 -1.6163
23.625 88.375 -1.6942
23.625 91.375 -0.42797
23.625 91.625 -0.70804
23.625 91.875 NaN
23.625 92.375 -1.3831
23.625 92.625 -1.1044
23.625 92.875 -0.91051
23.625 93.125 -0.72953
23.875 68.875 1.6388
23.875 69.125 1.5669
23.875 69.375 1.484
23.875 69.625 1.1083
23.875 69.875 0.81732
23.875 70.125 0.68957
23.875 70.375 0.56116
23.875 70.625 0.45548
23.875 70.875 0.47734
23.875 71.125 0.66531
23.875 71.375 0.56695
23.875 71.625 0.93078
23.875 71.875 0.84856
23.875 72.125 1.083
23.875 72.375 0.44126
23.875 72.625 0.45233
23.875 72.875 0.92961
23.875 73.125 0.46806
23.875 73.375 0.72716
23.875 73.625 0.55631
23.875 73.875 0.8897
23.875 74.125 0.96823
23.875 74.375 0.80191
23.875 74.625 0.88845
23.875 74.875 1.3151
23.875 75.125 1.0771
23.875 75.375 0.92981
23.875 75.625 1.791
23.875 75.875 1.6078
23.875 76.125 2.1092
23.875 76.375 2.3109
23.875 76.625 2.9762
23.875 76.875 2.5031
23.875 77.125 2.3117
23.875 77.375 1.7044
23.875 77.625 1.1929
23.875 77.875 0.69212
23.875 78.125 0.57907
23.875 78.375 1.0038
23.875 78.625 0.7325
23.875 78.875 0.54366
23.875 79.125 0.45451
23.875 79.375 0.8575
23.875 79.625 0.89484
23.875 79.875 0.66035
23.875 80.125 0.25685
23.875 80.375 -0.23686
23.875 80.625 -0.32375
23.875 80.875 -0.34487
23.875 81.125 -0.20018
23.875 81.375 -0.058092
23.875 81.625 -0.0058376
23.875 81.875 0.062168
23.875 82.125 -0.016838
23.875 82.375 -0.27532
23.875 82.625 -0.89958
23.875 82.875 -1.1814
23.875 83.125 -1.3395
23.875 83.375 -1.3409
23.875 83.625 -1.4164
23.875 83.875 -0.55685
23.875 84.125 -0.88379
23.875 84.375 -0.77271
23.875 84.625 -0.45721
23.875 84.875 -0.48481
23.875 85.125 -0.541
23.875 85.375 -0.58932
23.875 85.625 -0.013448
23.875 85.875 -1.0385
23.875 86.125 -1.6298
23.875 86.375 -1.0697
23.875 86.625 -0.94674
23.875 86.875 -0.71649
23.875 87.125 -0.70533
23.875 87.375 -0.97625
23.875 87.625 -1.5262
23.875 87.875 -1.9477
23.875 88.125 -1.8206
23.875 88.375 -1.8314
23.875 91.375 -0.41174
23.875 91.625 -0.6867
23.875 91.875 -0.61213
23.875 92.125 -1.1471
23.875 92.375 -1.2134
23.875 92.625 -1.0204
23.875 92.875 -0.49343
23.875 93.125 -0.47512
23.875 93.375 -0.52925
24.125 68.875 1.6796
24.125 69.125 1.7642
24.125 69.375 1.6389
24.125 69.625 1.0614
24.125 69.875 0.76138
24.125 70.125 0.61042
24.125 70.375 0.47839
24.125 70.625 0.27301
24.125 70.875 0.30263
24.125 71.125 0.21961
24.125 71.375 0.2244
24.125 71.625 0.4964
24.125 71.875 1.2197
24.125 72.125 1.3637
24.125 72.375 0.91368
24.125 72.625 0.93994
24.125 72.875 1.0018
24.125 73.125 0.32193
24.125 73.375 0.34324
24.125 73.625 1.1656
24.125 73.875 1.0644
24.125 74.125 0.52936
24.125 74.375 0.54658
24.125 74.625 1.0989
24.125 74.875 1.3179
24.125 75.125 1.2429
24.125 75.375 1.5695
24.125 75.625 1.6134
24.125 75.875 1.4989
24.125 76.125 1.8233
24.125 76.375 1.7557
24.125 76.625 1.5852
24.125 76.875 2.1034
24.125 77.125 2.1811
24.125 77.375 1.8622
24.125 77.625 1.3433
24.125 77.875 1.0438
24.125 78.125 0.64001
24.125 78.375 0.36256
24.125 78.625 0.33008
24.125 78.875 0.064317
24.125 79.125 0.15135
24.125 79.375 0.71967
24.125 79.625 0.93655
24.125 79.875 0.39558
24.125 80.125 0.17615
24.125 80.375 -0.52311
24.125 80.625 -0.45678
24.125 80.875 -0.33557
24.125 81.125 -0.43671
24.125 81.375 -0.36436
24.125 81.625 -0.15939
24.125 81.875 -0.0091775
24.125 82.125 -0.023452
24.125 82.375 -0.50368
24.125 82.625 -1.024
24.125 82.875 -0.98032
24.125 83.125 -1.3081
24.125 83.375 -1.6806
24.125 83.625 -1.6948
24.125 83.875 -1.2566
24.125 84.125 -1.0783
24.125 84.375 -1.3757
24.125 84.625 -0.79576
24.125 84.875 -0.26084
24.125 85.125 -0.54109
24.125 85.375 0.025851
24.125 85.625 0.35467
24.125 85.875 -0.42071
24.125 86.125 -1.2332
24.125 86.375 -1.2825
24.125 86.625 -0.67014
24.125 86.875 0.054869
24.125 87.125 -0.59503
24.125 87.375 -0.79979
24.125 87.625 -1.6835
24.125 87.875 -2.043
24.125 88.125 -1.7908
24.125 88.375 -1.7852
24.125 91.875 -0.1871
24.125 92.125 -0.098848
24.125 92.375 -0.24294
24.125 92.625 -0.21026
24.125 92.875 -0.053063
24.125 93.125 -0.49726
24.125 93.375 -0.91462
24.125 93.625 -0.93975
24.125 93.875 -0.94347
24.125 94.125 NaN
24.375 71.375 0.28863
24.375 71.625 0.46646
24.375 71.875 0.64883
24.375 72.125 0.89816
24.375 72.375 0.047481
24.375 72.625 0.31974
24.375 72.875 0.8623
24.375 73.125 0.68072
24.375 73.375 0.44728
24.375 73.625 0.45712
24.375 73.875 0.60276
24.375 74.125 0.41308
24.375 74.375 0.27055
24.375 74.625 1.307
24.375 74.875 0.94536
24.375 75.125 1.234
24.375 75.375 1.4095
24.375 75.625 1.4031
24.375 75.875 1.2883
24.375 76.125 1.8354
24.375 76.375 1.2714
24.375 76.625 1.3404
24.375 76.875 1.3246
24.375 77.125 1.9352
24.375 77.375 1.6992
24.375 77.625 1.5047
24.375 77.875 1.2754
24.375 78.125 0.70094
24.375 78.375 0.4925
24.375 78.625 0.33434
24.375 78.875 0.25806
24.375 79.125 0.29641
24.375 79.375 0.5668
24.375 79.625 0.90158
24.375 79.875 0.87809
24.375 80.125 0.98514
24.375 80.375 0.49431
24.375 80.625 -0.076415
24.375 80.875 -0.18617
24.375 81.125 -0.47561
24.375 81.375 -0.49169
24.375 81.625 -0.30493
24.375 81.875 -0.29574
24.375 82.125 -0.26118
24.375 82.375 -0.3394
24.375 82.625 -0.37759
24.375 82.875 -0.72282
24.375 83.125 -1.3544
24.375 83.375 -1.0475
24.375 83.625 -0.58052
24.375 83.875 -0.86905
24.375 84.125 -1.1542
24.375 84.375 -1.1523
24.375 84.625 -1.0868
24.375 84.875 0.22516
24.375 85.125 -0.15459
24.375 85.375 -0.37676
24.375 85.625 -0.090807
24.375 85.875 -1.0352
24.375 86.125 -1.1702
24.375 86.375 -0.90808
24.375 86.625 -0.81563
24.375 86.875 -0.64865
24.375 87.125 -1.3239
24.375 87.375 -2.4405
24.375 87.625 -1.6286
24.375 87.875 -1.9964
24.375 88.125 -2.0751
24.375 92.375 -0.45738
24.375 92.625 -0.35697
24.375 92.875 -0.1583
24.375 93.125 -0.62031
24.375 93.375 -0.96207
24.375 93.625 -0.9676
24.375 93.875 -1.0211
24.375 94.125 -0.88962
24.625 71.125 0.11382
24.625 71.375 0.25473
24.625 71.625 0.23311
24.625 71.875 0.70834
24.625 72.125 0.54804
24.625 72.375 0.22075
24.625 72.625 -0.13448
24.625 72.875 0.53199
24.625 73.125 0.83163
24.625 73.375 1.1207
24.625 73.625 0.7001
24.625 73.875 0.61942
24.625 74.125 0.33766
24.625 74.375 0.65468
24.625 74.625 1.4529
24.625 74.875 0.96314
24.625 75.125 1.0571
24.625 75.375 1.2529
24.625 75.625 1.3395
24.625 75.875 1.282
24.625 76.125 1.4008
24.625 76.375 1.5388
24.625 76.625 1.6746
24.625 76.875 1.0255
24.625 77.125 1.5572
24.625 77.375 1.7953
24.625 77.625 1.8622
24.625 77.875 1.4342
24.625 78.125 0.73088
24.625 78.375 0.59931
24.625 78.625 0.42399
24.625 78.875 0.43191
24.625 79.125 0.45054
24.625 79.375 0.73371
24.625 79.625 1.0279
24.625 79.875 0.91221
24.625 80.125 0.91272
24.625 80.375 0.74238
24.625 80.625 3.0999
24.625 80.875 1.3082
24.625 81.125 -0.41309
24.625 81.375 -0.54399
24.625 81.625 0.13894
24.625 81.875 0.0039133
24.625 82.125 -0.55097
24.625 82.375 -0.29895
24.625 82.625 -0.29394
24.625 82.875 -0.33161
24.625 83.125 -0.90046
24.625 83.375 -1.0884
24.625 83.625 -1.1493
24.625 83.875 -1.0323
24.625 84.125 -0.87709
24.625 84.375 -1.1572
24.625 84.625 -1.2456
24.625 84.875 -0.045614
24.625 85.125 -0.56973
24.625 85.375 -0.23257
24.625 85.625 -0.64999
24.625 85.875 -1.5425
24.625 86.125 -0.95013
24.625 86.375 -0.65075
24.625 86.625 -0.77868
24.625 86.875 -1.1147
24.625 87.125 -1.5927
24.625 87.375 -1.9404
24.625 87.625 -1.6111
24.625 87.875 -1.4929
24.625 92.375 -0.31834
24.625 92.625 -0.4604
24.625 92.875 -0.53509
24.625 93.125 -0.68466
24.625 93.375 -0.93515
24.625 93.625 -1.1447
24.625 93.875 -1.1011
24.625 94.125 -0.6265
24.625 94.375 NaN
24.875 71.125 0.072313
24.875 71.375 -0.14099
24.875 71.625 -0.0039523
24.875 71.875 0.14812
24.875 72.125 0.60346
24.875 72.375 0.49548
24.875 72.625 -0.0058931
24.875 72.875 0.10023
24.875 73.125 -0.35592
24.875 73.375 0.22961
24.875 73.625 0.43844
24.875 73.875 0.24108
24.875 74.125 -0.12166
24.875 74.375 0.56868
24.875 74.625 0.88622
24.875 74.875 0.64629
24.875 75.125 0.96552
24.875 75.375 1.0588
24.875 75.625 1.6704
24.875 75.875 1.616
24.875 76.125 1.6278
24.875 76.375 1.5844
24.875 76.625 1.8779
24.875 76.875 1.9487
24.875 77.125 1.9406
24.875 77.375 2.0424
24.875 77.625 2.0477
24.875 77.875 1.5351
24.875 78.125 1.4092
24.875 78.375 1.6772
24.875 78.625 1.2276
24.875 78.875 0.53148
24.875 79.125 0.51051
24.875 79.375 0.83285
24.875 79.625 0.87072
24.875 79.875 1.0697
24.875 80.125 -0.5075
24.875 80.375 1.3141
24.875 80.625 3.7228
24.875 80.875 3.1081
24.875 81.125 -0.31827
24.875 81.375 -0.98585
24.875 81.625 -0.94446
24.875 81.875 -0.71635
24.875 82.125 -0.93886
24.875 82.375 -0.89943
24.875 82.625 -0.35392
24.875 82.875 0.58069
24.875 83.125 -0.45104
24.875 83.375 -1.1254
24.875 83.625 -1.1812
24.875 83.875 -1.0792
24.875 84.125 -0.87413
24.875 84.375 -1.4154
24.875 84.625 -1.2921
24.875 84.875 0.062785
24.875 85.125 -0.6795
24.875 85.375 -1.1422
24.875 85.625 -0.85931
24.875 85.875 -1.0243
24.875 86.125 -0.87875
24.875 86.375 -0.73737
24.875 86.625 -1.0691
24.875 86.875 -0.839
24.875 87.125 -1.545
24.875 87.375 -1.2313
24.875 87.625 -1.09
24.875 87.875 -1.2996
24.875 88.125 -1.4344
24.875 92.625 -0.81562
24.875 92.875 -0.59482
24.875 93.125 -0.6729
24.875 93.375 -0.93914
24.875 93.625 -0.907
24.875 93.875 -0.83417
24.875 94.125 -0.6149
24.875 94.375 -0.57029
25.125 71.125 0.3563
25.125 71.375 0.10709
25.125 71.625 0.05344
25.125 71.875 0.0020778
25.125 72.125 0.26697
25.125 72.375 0.40634
25.125 72.625 0.018351
25.125 72.875 -0.066141
25.125 73.125 -0.38565
25.125 73.375 0.049819
25.125 73.625 -0.13035
25.125 73.875 -0.083977
25.125 74.125 0.0078432
25.125 74.375 0.77802
25.125 74.625 0.44348
25.125 74.875 0.52055
25.125 75.125 0.89045
25.125 75.375 0.79711
25.125 75.625 1.1582
25.125 75.875 0.43671
25.125 76.125 1.768
25.125 76.375 1.5485
25.125 76.625 1.7794
25.125 76.875 1.7703
25.125 77.125 2.0344
25.125 77.375 2.0943
25.125 77.625 1.6466
25.125 77.875 1.4009
25.125 78.125 1.9605
25.125 78.375 2.3016
25.125 78.625 1.1632
25.125 78.875 0.74508
25.125 79.125 0.52509
25.125 79.375 0.39902
25.125 79.625 0.2893
25.125 79.875 -0.17182
25.125 80.125 -0.84204
25.125 80.375 1.128
25.125 80.625 4.2523
25.125 80.875 3.4606
25.125 81.125 0.27303
25.125 81.375 -0.28549
25.125 81.625 -0.72797
25.125 81.875 -0.53425
25.125 82.125 -0.36486
25.125 82.375 -1.1442
25.125 82.625 1.258
25.125 82.875 -0.58391
25.125 83.125 -1.018
25.125 83.375 -0.83701
25.125 83.625 -0.71321
25.125 83.875 -0.82079
25.125 84.125 -0.70095
25.125 84.375 -0.75137
25.125 84.625 -0.7372
25.125 84.875 -0.13196
25.125 85.125 -0.7741
25.125 85.375 -1.2668
25.125 85.625 -1.4317
25.125 85.875 -1.1497
25.125 86.125 -0.76771
25.125 86.375 -0.86154
25.125 86.625 -1.5053
25.125 86.875 -1.3581
25.125 87.125 -1.3402
25.125 87.375 -1.0974
25.125 87.625 -1.0414
25.125 87.875 -1.4844
25.125 88.125 -2.1663
25.125 88.375 -2.4599
25.125 92.375 -0.93784
25.125 92.625 -0.99518
25.125 92.875 -0.82885
25.125 93.125 -0.58482
25.125 93.375 -0.58842
25.125 93.625 -0.38745
25.125 93.875 -0.62691
25.125 94.125 -0.67343
25.125 94.375 -0.70527
25.375 70.875 1.2934
25.375 71.125 1.2482
25.375 71.375 0.94231
25.375 71.625 0.65525
25.375 71.875 0.42846
25.375 72.125 0.26392
25.375 72.375 0.32041
25.375 72.625 0.13242
25.375 72.875 -0.08739
25.375 73.125 -0.092492
25.375 73.375 0.23412
25.375 73.625 0.23959
25.375 73.875 0.034934
25.375 74.125 -0.16259
25.375 74.375 -0.19425
25.375 74.625 0.10498
25.375 74.875 0.39974
25.375 75.125 0.97256
25.375 75.375 1.1192
25.375 75.625 1.3411
25.375 75.875 1.2927
25.375 76.125 1.9103
25.375 76.375 1.5987
25.375 76.625 1.5131
25.375 76.875 1.4427
25.375 77.125 1.9526
25.375 77.375 1.7865
25.375 77.625 1.2989
25.375 77.875 1.1174
25.375 78.125 1.4159
25.375 78.375 1.7895
25.375 78.625 0.99974
25.375 78.875 -0.164
25.375 79.125 -0.16149
25.375 79.375 0.21386
25.375 79.625 1.0805
25.375 79.875 1.2134
25.375 80.125 0.52797
25.375 80.375 -0.44671
25.375 80.625 2.0204
25.375 80.875 0.39747
25.375 81.125 1.2509
25.375 81.375 -0.16969
25.375 81.625 -0.45887
25.375 81.875 -0.89635
25.375 82.125 -0.21491
25.375 82.375 -0.54846
25.375 82.625 -0.97325
25.375 82.875 0.23148
25.375 83.125 -1.0569
25.375 83.375 -0.54
25.375 83.625 -1.1128
25.375 83.875 -0.69351
25.375 84.125 -0.68048
25.375 84.375 -0.91073
25.375 84.625 -0.54871
25.375 84.875 -0.69486
25.375 85.125 -0.12008
25.375 85.375 -0.050174
25.375 85.625 -0.78467
25.375 85.875 -0.48405
25.375 86.125 -0.27274
25.375 86.375 -0.90908
25.375 86.625 -1.2034
25.375 86.875 -1.1433
25.375 87.125 -0.4036
25.375 87.375 -0.45547
25.375 87.625 -0.87757
25.375 87.875 -1.4735
25.375 88.125 -2.2358
25.375 88.375 -2.6427
25.375 88.625 -2.201
25.375 90.125 1.655
25.375 90.375 1.6596
25.375 90.625 1.2214
25.375 90.875 0.91532
25.375 91.125 0.67201
25.375 91.375 0.075377
25.375 91.625 -0.077702
25.375 91.875 -0.05532
25.375 92.125 -0.21949
25.375 92.375 -0.45771
25.375 92.625 -0.7234
25.375 92.875 -1.0093
25.375 93.125 -0.87191
25.375 93.375 -0.49239
25.375 93.625 -0.18839
25.375 93.875 -0.66173
25.375 94.125 -0.68001
25.375 94.375 -0.80809
25.625 70.875 0.87026
25.625 71.125 1.2116
25.625 71.375 1.207
25.625 71.625 1.0511
25.625 71.875 0.4448
25.625 72.125 0.061982
25.625 72.375 0.055164
25.625 72.625 -0.28265
25.625 72.875 -0.34172
25.625 73.125 -0.1367
25.625 73.375 0.28583
25.625 73.625 0.43566
25.625 73.875 -0.16298
25.625 74.125 -0.029921
25.625 74.375 0.094633
25.625 74.625 -0.023373
25.625 74.875 0.201
25.625 75.125 0.18921
25.625 75.375 1.6523
25.625 75.625 2.1857
25.625 75.875 1.909
25.625 76.125 2.0356
25.625 76.375 1.7734
25.625 76.625 1.1733
25.625 76.875 1.0608
25.625 77.125 1.8434
25.625 77.375 1.8042
25.625 77.625 0.96411
25.625 77.875 1.0848
25.625 78.125 0.94014
25.625 78.375 0.33767
25.625 78.625 0.1789
25.625 78.875 -0.17372
25.625 79.125 0.61693
25.625 79.375 1.0212
25.625 79.625 2.3538
25.625 79.875 2.3238
25.625 80.125 1.6019
25.625 80.375 2.3871
25.625 80.625 0.77997
25.625 80.875 -0.18573
25.625 81.125 3.0361
25.625 81.375 1.7991
25.625 81.625 0.78576
25.625 81.875 0.47052
25.625 82.125 -0.17499
25.625 82.375 0.10769
25.625 82.625 -0.98646
25.625 82.875 -1.0467
25.625 83.125 -0.75994
25.625 83.375 -0.70748
25.625 83.625 -0.95929
25.625 83.875 -0.42255
25.625 84.125 -0.75645
25.625 84.375 -1.5377
25.625 84.625 -0.97531
25.625 84.875 -0.47089
25.625 85.125 -1.1275
25.625 85.375 -0.80323
25.625 85.625 -0.34393
25.625 85.875 -0.43956
25.625 86.125 -0.34329
25.625 86.375 -0.81952
25.625 86.625 -1.6797
25.625 86.875 -0.5423
25.625 87.125 0.19611
25.625 87.375 -0.056492
25.625 87.625 -0.39306
25.625 87.875 -0.19229
25.625 88.125 -1.9161
25.625 90.125 2.1422
25.625 90.375 1.5595
25.625 90.625 0.66591
25.625 90.875 0.50937
25.625 91.125 -0.44622
25.625 91.375 -0.18599
25.625 91.625 -0.069052
25.625 91.875 -0.1606
25.625 92.125 -0.51518
25.625 92.375 -0.41751
25.625 92.625 -1.0999
25.625 92.875 -0.90206
25.625 93.125 -0.91957
25.625 93.375 -0.72694
25.625 93.625 -0.51095
25.625 93.875 -0.83031
25.625 94.125 -1.0522
25.625 94.375 -1.1036
25.625 94.625 NaN
25.625 94.875 NaN
25.875 70.375 1.1731
25.875 70.625 1.002
25.875 70.875 0.80018
25.875 71.125 0.80385
25.875 71.375 1.1553
25.875 71.625 1.2533
25.875 71.875 0.52994
25.875 72.125 0.30308
25.875 72.375 0.17629
25.875 72.625 0.023087
25.875 72.875 -0.2917
25.875 73.125 0.14026
25.875 73.375 0.80869
25.875 73.625 0.48778
25.875 73.875 0.35773
25.875 74.125 0.13676
25.875 74.375 0.13745
25.875 74.625 0.54595
25.875 74.875 0.49269
25.875 75.125 0.56313
25.875 75.375 1.004
25.875 75.625 1.9379
25.875 75.875 1.7222
25.875 76.125 1.4634
25.875 76.375 2.0499
25.875 76.625 1.7973
25.875 76.875 2.0706
25.875 77.125 2.1889
25.875 77.375 2.3973
25.875 77.625 1.683
25.875 77.875 1.2279
25.875 78.125 0.99421
25.875 78.375 0.48914
25.875 78.625 0.53008
25.875 78.875 0.2434
25.875 79.125 1.4552
25.875 79.375 1.2095
25.875 79.625 0.62663
25.875 79.875 1.0517
25.875 80.125 1.063
25.875 80.375 2.8428
25.875 80.625 1.4404
25.875 80.875 0.29461
25.875 81.125 -0.17773
25.875 81.375 -0.37758
25.875 81.625 0.69689
25.875 81.875 0.49007
25.875 82.125 -0.52307
25.875 82.375 -0.58878
25.875 82.625 -0.18702
25.875 82.875 0.38215
25.875 83.125 -0.4306
25.875 83.375 -0.57122
25.875 83.625 -0.14916
25.875 83.875 -0.71793
25.875 84.125 -0.3049
25.875 84.375 -1.334
25.875 84.625 -1.2412
25.875 84.875 -0.03085
25.875 85.125 -0.37782
25.875 85.375 -0.53235
25.875 85.625 -0.31031
25.875 85.875 -0.25335
25.875 86.125 -0.49269
25.875 86.375 -0.54606
25.875 86.625 -1.1733
25.875 86.875 0.15519
25.875 87.125 0.19484
25.875 87.375 -0.51201
25.875 87.625 -0.72659
25.875 87.875 -0.95815
25.875 90.125 0.64777
25.875 90.375 0.44963
25.875 90.625 0.11366
25.875 90.875 0.9187
25.875 91.125 0.41992
25.875 91.375 0.82831
25.875 91.625 0.030327
25.875 91.875 -0.9366
25.875 92.125 -0.64291
25.875 92.375 0.20492
25.875 92.625 0.21221
25.875 92.875 -0.79101
25.875 93.125 -1.3491
25.875 93.375 -1.444
25.875 93.625 -1.0929
25.875 93.875 -0.78888
25.875 94.125 -0.94625
25.875 94.375 -0.92828
25.875 94.625 -0.7279
25.875 94.875 -0.60148
26.125 70.375 1.3003
26.125 70.625 1.2313
26.125 70.875 1.0908
26.125 71.125 0.4053
26.125 71.375 1.0925
26.125 71.625 1.0862
26.125 71.875 0.76761
26.125 72.125 0.82561
26.125 72.375 0.86792
26.125 72.625 0.67246
26.125 72.875 0.6047
26.125 73.125 0.43849
26.125 73.375 0.31887
26.125 73.625 0.39673
26.125 73.875 0.22432
26.125 74.125 -0.2226
26.125 74.375 0.27753
26.125 74.625 0.58855
26.125 74.875 0.46492
26.125 75.125 0.89218
26.125 75.375 1.1432
26.125 75.625 1.1252
26.125 75.875 1.3513
26.125 76.125 1.7842
26.125 76.375 1.4865
26.125 76.625 1.2159
26.125 76.875 2.2402
26.125 77.125 1.9356
26.125 77.375 2.384
26.125 77.625 2.1285
26.125 77.875 0.74366
26.125 78.125 0.96005
26.125 78.375 0.75133
26.125 78.625 1.1469
26.125 78.875 0.96157
26.125 79.125 1.636
26.125 79.375 1.7781
26.125 79.625 -0.50353
26.125 79.875 -0.1019
26.125 80.125 1.0868
26.125 80.375 0.54907
26.125 80.625 0.50941
26.125 80.875 0.23775
26.125 81.125 0.18824
26.125 81.375 -0.2192
26.125 81.625 0.24074
26.125 81.875 0.36447
26.125 82.125 -0.02513
26.125 82.375 -0.15068
26.125 82.625 -0.02306
26.125 82.875 0.24152
26.125 83.125 -0.15331
26.125 83.375 0.76835
26.125 83.625 0.12746
26.125 83.875 -0.45609
26.125 84.125 -0.32685
26.125 84.375 -0.79326
26.125 84.625 -0.8361
26.125 84.875 -0.45681
26.125 85.125 -0.34235
26.125 85.375 -1.1781
26.125 85.625 -0.65212
26.125 85.875 0.023651
26.125 86.125 -0.29391
26.125 86.375 -0.58246
26.125 86.625 0.27331
26.125 86.875 1.1849
26.125 87.125 0.15785
26.125 87.375 -0.086734
26.125 87.625 -0.51674
26.125 87.875 0.13638
26.125 88.125 0.42362
26.125 89.375 -0.12959
26.125 89.875 0.23058
26.125 90.125 0.25104
26.125 90.375 0.44403
26.125 90.625 0.69149
26.125 90.875 0.16142
26.125 91.125 0.89387
26.125 91.375 2.4187
26.125 91.625 -0.33308
26.125 91.875 -0.93159
26.125 92.125 -0.35128
26.125 92.375 0.64603
26.125 92.625 1.0919
26.125 92.875 -0.44528
26.125 93.125 -1.2488
26.125 93.375 -1.1985
26.125 93.625 -1.254
26.125 93.875 -0.38242
26.125 94.125 -0.42032
26.125 94.375 -0.31248
26.125 94.625 -0.68517
26.125 94.875 -0.71702
26.375 70.375 0.86363
26.375 70.625 1.1227
26.375 70.875 1.5017
26.375 71.125 1.2879
26.375 71.375 1.0288
26.375 71.625 1.2168
26.375 71.875 0.91433
26.375 72.125 0.74391
26.375 72.375 0.98437
26.375 72.625 0.9377
26.375 72.875 0.77244
26.375 73.125 0.35546
26.375 73.375 0.18182
26.375 73.625 0.45864
26.375 73.875 0.32836
26.375 74.125 -0.13352
26.375 74.375 0.37334
26.375 74.625 -0.7291
26.375 74.875 -0.16728
26.375 75.125 1.1624
26.375 75.375 0.99858
26.375 75.625 0.60782
26.375 75.875 1.2542
26.375 76.125 1.3893
26.375 76.375 1.1944
26.375 76.625 0.97861
26.375 76.875 1.3576
26.375 77.125 1.0994
26.375 77.375 1.6583
26.375 77.625 1.9649
26.375 77.875 0.59775
26.375 78.125 1.0202
26.375 78.375 1.1889
26.375 78.625 1.2381
26.375 78.875 1.6738
26.375 79.125 2.4043
26.375 79.375 -0.084147
26.375 79.625 -0.686
26.375 79.875 1.0827
26.375 80.125 1.4126
26.375 80.375 -0.27013
26.375 80.625 -0.43111
26.375 80.875 1.8043
26.375 81.125 2.5248
26.375 81.375 -0.3461
26.375 81.625 -0.55764
26.375 81.875 0.23322
26.375 82.125 0.23572
26.375 82.375 0.26037
26.375 82.625 -0.1325
26.375 82.875 0.18352
26.375 83.125 0.71021
26.375 83.375 2.1757
26.375 83.625 -0.011612
26.375 83.875 -0.50482
26.375 84.125 -0.79946
26.375 84.375 -0.65655
26.375 84.625 -0.10042
26.375 84.875 -1.1535
26.375 85.125 -0.94652
26.375 85.375 -1.3185
26.375 85.625 0.81346
26.375 85.875 0.22645
26.375 86.125 -1.0164
26.375 86.375 0.031659
26.375 86.625 0.29759
26.375 86.875 0.80458
26.375 87.125 -0.1091
26.375 87.625 -0.51034
26.375 87.875 0.28951
26.375 88.125 -0.013352
26.375 88.375 -0.003379
26.375 88.875 -0.20745
26.375 89.375 -0.24714
26.375 89.625 0.36752
26.375 89.875 0.22628
26.375 90.125 0.24821
26.375 90.375 0.4617
26.375 90.625 0.70369
26.375 90.875 0.34667
26.375 91.125 0.79398
26.375 91.375 0.55951
26.375 91.625 0.021025
26.375 91.875 0.11618
26.375 92.125 0.076315
26.375 92.375 -0.09118
26.375 92.625 0.54181
26.375 92.875 -0.20777
26.375 93.125 -0.64298
26.375 93.375 -0.80447
26.375 93.625 -0.42229
26.375 93.875 -0.10193
26.375 94.125 -0.25382
26.375 94.375 -0.26578
26.375 94.625 -0.43984
26.375 94.875 -0.12777
26.625 69.875 0.84961
26.625 70.125 0.74352
26.625 70.375 0.60252
26.625 70.625 0.66093
26.625 70.875 1.0718
26.625 71.125 1.2517
26.625 71.375 1.0087
26.625 71.625 0.80365
26.625 71.875 0.78688
26.625 72.125 0.83089
26.625 72.375 1.1316
26.625 72.625 1.0228
26.625 72.875 0.57792
26.625 73.125 0.21553
26.625 73.375 0.12575
26.625 73.625 0.29199
26.625 73.875 0.2376
26.625 74.125 -0.2027
26.625 74.375 0.85387
26.625 74.625 0.36802
26.625 74.875 1.0228
26.625 75.125 1.6997
26.625 75.375 1.4217
26.625 75.625 1.3072
26.625 75.875 1.4583
26.625 76.125 2.2807
26.625 76.375 2.2762
26.625 76.625 1.991
26.625 76.875 1.8975
26.625 77.125 1.8723
26.625 77.375 1.6537
26.625 77.625 1.9252
26.625 77.875 0.28914
26.625 78.125 0.093978
26.625 78.375 0.36691
26.625 78.625 0.97199
26.625 78.875 0.2913
26.625 79.125 0.079781
26.625 79.375 -0.31505
26.625 79.625 -0.53931
26.625 79.875 -0.64987
26.625 80.125 -0.50765
26.625 80.375 0.38719
26.625 80.625 0.028044
26.625 80.875 1.51
26.625 81.125 2.4537
26.625 81.375 0.54667
26.625 81.625 0.45719
26.625 81.875 2.2424
26.625 82.125 1.3815
26.625 82.375 0.19679
26.625 82.625 -0.59032
26.625 82.875 -0.25753
26.625 83.125 -0.022073
26.625 83.375 -0.6045
26.625 83.625 -0.74663
26.625 83.875 -1.0612
26.625 84.125 -0.71082
26.625 84.375 -0.44628
26.625 84.625 -0.81541
26.625 84.875 -1.7072
26.625 85.125 -1.8247
26.625 85.375 -1.5713
26.625 85.625 0.17107
26.625 86.125 -0.91477
26.625 88.375 1.0108
26.625 88.625 0.42559
26.625 88.875 -0.21363
26.625 89.125 -0.4189
26.625 89.375 -0.080434
26.625 89.625 0.14864
26.625 89.875 -0.15607
26.625 90.125 0.079918
26.625 90.375 0.33066
26.625 90.625 0.47519
26.625 90.875 0.29963
26.625 91.125 0.35951
26.625 91.375 0.031312
26.625 91.625 -0.1747
26.625 91.875 0.80897
26.625 92.125 -0.082417
26.625 92.375 0.13662
26.625 92.625 1.102
26.625 92.875 1.2215
26.625 93.125 0.25294
26.625 93.375 0.025873
26.625 93.625 -0.037476
26.625 93.875 -0.22059
26.625 94.125 -0.29476
26.625 94.375 -0.16449
26.625 94.625 0.076905
26.625 94.875 0.62565
26.625 95.125 0.63485
26.875 69.625 0.987
26.875 69.875 0.96824
26.875 70.125 0.8601
26.875 70.375 0.7181
26.875 70.625 0.71316
26.875 70.875 0.74499
26.875 71.125 0.91881
26.875 71.375 0.9046
26.875 71.625 0.75676
26.875 71.875 0.56301
26.875 72.125 0.54808
26.875 72.375 0.73116
26.875 72.625 0.83362
26.875 72.875 0.35115
26.875 73.125 -0.2895
26.875 73.375 -0.30338
26.875 73.625 -0.18772
26.875 73.875 -0.28348
26.875 74.125 -0.21277
26.875 74.375 1.3956
26.875 74.625 1.1271
26.875 74.875 0.86355
26.875 75.125 1.3615
26.875 75.375 1.23
26.875 75.625 0.22407
26.875 75.875 1.6306
26.875 76.125 2.3265
26.875 76.375 1.5475
26.875 76.625 2.0181
26.875 76.875 1.948
26.875 77.125 2.448
26.875 77.375 1.5896
26.875 77.625 1.3686
26.875 77.875 0.97214
26.875 78.125 0.74021
26.875 78.375 0.61839
26.875 78.625 0.35944
26.875 78.875 0.27067
26.875 79.125 -0.06824
26.875 79.375 -0.19544
26.875 79.625 0.11993
26.875 79.875 -0.61664
26.875 80.125 0.12978
26.875 80.375 0.71356
26.875 80.625 -0.21574
26.875 80.875 0.79384
26.875 81.125 1.5624
26.875 81.375 1.2711
26.875 81.625 0.20111
26.875 81.875 0.42778
26.875 82.125 2.5513
26.875 82.375 0.49718
26.875 82.625 0.18181
26.875 82.875 -0.48743
26.875 83.125 0.15368
26.875 83.375 -0.5318
26.875 83.625 -0.74783
26.875 83.875 -1.0681
26.875 84.125 -0.69533
26.875 84.375 -0.35024
26.875 84.625 -0.80153
26.875 84.875 -1.6068
26.875 88.375 1.0763
26.875 88.625 0.40157
26.875 88.875 -0.12416
26.875 92.375 0.73433
26.875 92.625 1.0185
26.875 92.875 1.6455
26.875 93.125 1.2528
26.875 93.375 0.30377
26.875 93.625 0.085374
26.875 93.875 -0.2284
26.875 94.125 -0.27724
26.875 94.375 0.12192
26.875 94.625 0.30538
26.875 94.875 0.52063
26.875 95.125 0.54868
26.875 95.375 0.61345
26.875 95.625 -0.11091
27.125 69.875 1.0799
27.125 70.125 1.0609
27.125 70.375 1.2164
27.125 70.625 0.87935
27.125 70.875 0.66432
27.125 71.125 0.77864
27.125 71.375 0.59825
27.125 71.625 0.64851
27.125 71.875 0.412
27.125 72.125 0.49302
27.125 72.375 0.5238
27.125 72.625 0.59189
27.125 72.875 0.18926
27.125 73.125 -0.1235
27.125 73.375 -0.21814
27.125 73.625 -0.28331
27.125 73.875 -0.42702
27.125 74.125 0.0036398
27.125 74.375 1.6345
27.125 74.625 1.3559
27.125 74.875 -0.089075
27.125 75.125 0.59371
27.125 75.375 1.7162
27.125 75.625 3.1707
27.125 75.875 2.4816
27.125 76.125 1.233
27.125 76.375 1.1414
27.125 76.625 0.33031
27.125 76.875 0.91913
27.125 77.125 2.1361
27.125 77.375 1.6176
27.125 77.625 2.1093
27.125 77.875 2.1524
27.125 78.125 2.054
27.125 78.375 1.8651
27.125 78.625 0.38901
27.125 78.875 0.087596
27.125 79.125 -0.31942
27.125 79.375 -0.76298
27.125 79.625 -0.41197
27.125 79.875 0.20947
27.125 80.125 0.47646
27.125 80.375 0.68037
27.125 80.625 -0.2486
27.125 80.875 -0.19209
27.125 81.125 1.9727
27.125 81.375 2.2484
27.125 81.625 1.4432
27.125 81.875 1.7765
27.125 82.125 1.8803
27.125 82.375 0.017369
27.125 82.625 0.53523
27.125 82.875 -0.11599
27.125 83.125 0.43995
27.125 83.375 0.14436
27.125 83.625 0.67285
27.125 83.875 0.35036
27.125 84.125 -0.071026
27.125 84.375 -0.088028
27.125 84.625 -0.64757
27.125 88.125 0.97484
27.125 88.375 1.0532
27.125 88.625 0.93595
27.125 92.125 -0.1058
27.125 92.375 0.14415
27.125 92.625 0.43541
27.125 92.875 1.1344
27.125 93.125 1.1578
27.125 93.375 0.57271
27.125 93.625 0.58469
27.125 93.875 0.82807
27.125 94.125 -0.057538
27.125 94.375 0.029835
27.125 94.625 0.21062
27.125 94.875 0.27641
27.125 95.125 0.75416
27.125 95.375 0.43459
27.125 95.625 -0.026815
27.125 95.875 -0.066174
27.375 70.125 1.1889
27.375 70.375 1.154
27.375 70.625 0.8792
27.375 70.875 0.83489
27.375 71.125 0.76812
27.375 71.375 0.66517
27.375 71.625 0.55497
27.375 71.875 0.36893
27.375 72.125 0.2278
27.375 72.375 0.3271
27.375 72.625 0.39071
27.375 72.875 0.3348
27.375 73.125 0.22543
27.375 73.375 0.075867
27.375 73.625 -0.11615
27.375 73.875 -0.077941
27.375 74.125 0.21685
27.375 74.375 1.3421
27.375 74.625 0.83193
27.375 74.875 0.70004
27.375 75.125 1.0977
27.375 75.375 1.3284
27.375 75.625 3.2904
27.375 75.875 2.2447
27.375 76.125 1.2829
27.375 76.375 0.9459
27.375 76.625 1.3701
27.375 76.875 2.3464
27.375 77.125 1.7241
27.375 77.375 0.99224
27.375 77.625 1.9836
27.375 77.875 2.4336
27.375 78.125 2.6404
27.375 78.375 3.0161
27.375 78.625 1.2202
27.375 78.875 0.47191
27.375 79.125 -0.72127
27.375 79.375 -0.97942
27.375 79.625 -0.59444
27.375 79.875 0.36964
27.375 80.125 -0.16142
27.375 80.375 -0.26362
27.375 80.625 -0.32423
27.375 80.875 -0.3551
27.375 81.125 1.2274
27.375 81.375 1.574
27.375 81.625 2.2031
27.375 81.875 1.5795
27.375 82.125 1.4889
27.375 82.375 0.96718
27.375 82.625 0.11214
27.375 82.875 0.12224
27.375 83.125 0.3219
27.375 83.625 0.88662
27.375 84.125 0.3864
27.375 84.375 -0.12441
27.375 88.125 2.5132
27.375 88.375 1.3148
27.375 88.625 0.76165
27.375 92.125 -0.32426
27.375 92.375 -0.0078432
27.375 92.625 0.35625
27.375 92.875 0.39359
27.375 93.125 0.88446
27.375 93.375 0.19204
27.375 93.625 0.35283
27.375 93.875 0.83847
27.375 94.125 -0.59845
27.375 94.375 -0.32517
27.375 94.625 0.084807
27.375 94.875 -0.039207
27.375 95.125 0.1381
27.375 95.375 0.011738
27.375 95.625 -0.085185
27.375 95.875 -0.20464
27.375 96.125 -0.24789
27.375 96.375 0.22632
27.375 96.625 0.62179
27.375 96.875 0.5613
27.625 70.125 1.241
27.625 70.375 1.0935
27.625 70.625 1.0198
27.625 70.875 0.94887
27.625 71.125 0.89137
27.625 71.375 0.50976
27.625 71.625 0.44759
27.625 71.875 0.40212
27.625 72.125 0.25198
27.625 72.375 0.27557
27.625 72.625 0.23519
27.625 72.875 0.46127
27.625 73.125 0.38053
27.625 73.375 0.36897
27.625 73.625 0.89132
27.625 73.875 0.58058
27.625 74.125 0.35096
27.625 74.375 0.49171
27.625 74.625 0.58472
27.625 74.875 0.47837
27.625 75.125 -0.071221
27.625 75.375 0.75705
27.625 75.625 0.71521
27.625 75.875 0.40685
27.625 76.125 1.2235
27.625 76.375 2.3873
27.625 76.625 1.5645
27.625 76.875 2.0465
27.625 77.125 0.85537
27.625 77.375 0.57448
27.625 77.625 0.77435
27.625 77.875 1.9436
27.625 78.125 1.8145
27.625 78.375 1.8138
27.625 78.625 0.68509
27.625 78.875 -0.036526
27.625 79.125 -0.38309
27.625 79.375 -0.79579
27.625 79.625 -0.84971
27.625 79.875 -0.091936
27.625 80.125 -0.142
27.625 80.375 0.66726
27.625 80.625 0.59006
27.625 80.875 1.8565
27.625 81.125 1.0376
27.625 81.375 1.4798
27.625 81.625 2.4023
27.625 81.875 2.5276
27.625 82.125 1.8824
27.625 82.375 1.2042
27.625 82.625 -0.039848
27.625 88.375 1.5864
27.625 88.625 1.4306
27.625 91.625 -0.7357
27.625 91.875 -0.68657
27.625 92.125 -0.15787
27.625 92.375 0.022299
27.625 92.625 0.55449
27.625 92.875 0.063357
27.625 93.125 -0.11175
27.625 93.375 -0.59822
27.625 93.625 -0.78902
27.625 93.875 -0.12638
27.625 94.125 -0.040931
27.625 94.375 -0.25349
27.625 94.625 -0.29797
27.625 94.875 -0.046325
27.625 95.125 -0.42169
27.625 95.375 -0.0098957
27.625 95.625 -0.031462
27.625 95.875 -0.23854
27.625 96.125 -0.1792
27.625 96.375 0.32834
27.625 96.625 0.49975
27.625 96.875 0.56259
27.875 70.375 1.2381
27.875 71.875 0.5274
27.875 72.125 0.46419
27.875 72.375 0.47048
27.875 72.625 0.40385
27.875 72.875 0.4498
27.875 73.125 0.43152
27.875 73.375 0.5955
27.875 73.625 1.4398
27.875 73.875 1.3686
27.875 74.125 0.91766
27.875 74.375 1.1082
27.875 74.625 0.63627
27.875 74.875 0.28201
27.875 75.125 -0.023299
27.875 75.375 0.58403
27.875 75.625 0.81943
27.875 75.875 1.4527
27.875 76.125 2.0137
27.875 76.375 3.0442
27.875 76.625 1.4088
27.875 76.875 1.439
27.875 77.125 1.9368
27.875 77.375 0.60641
27.875 77.625 1.279
27.875 77.875 1.5124
27.875 78.125 1.3132
27.875 78.375 2.6829
27.875 78.625 1.3543
27.875 78.875 0.94752
27.875 79.125 0.58881
27.875 79.375 -0.51957
27.875 79.625 -0.72387
27.875 79.875 -0.02711
27.875 80.125 0.54381
27.875 80.375 1.6469
27.875 80.625 3.2274
27.875 80.875 3.3218
27.875 81.125 1.2301
27.875 81.375 1.2395
27.875 81.625 1.6712
27.875 88.375 NaN
27.875 88.625 NaN
27.875 92.875 -0.21531
27.875 93.125 -0.41379
27.875 93.375 -0.67775
27.875 93.625 -0.75585
27.875 93.875 -0.47364
27.875 94.125 0.1278
27.875 94.375 -0.051977
27.875 94.625 0.15337
27.875 94.875 0.76544
27.875 95.125 0.82174
27.875 95.375 0.84666
27.875 95.625 0.36395
27.875 95.875 -0.027269
27.875 96.125 -0.28915
27.875 96.375 0.2588
27.875 96.625 0.5274
27.875 96.875 0.58508
27.875 97.125 0.5264
28.125 72.125 1.0655
28.125 72.375 1.2725
28.125 72.625 0.56085
28.125 72.875 0.41988
28.125 73.125 0.36205
28.125 73.375 0.42028
28.125 73.625 1.0994
28.125 73.875 1.0181
28.125 74.125 0.8137
28.125 74.375 0.97312
28.125 74.625 0.61436
28.125 74.875 0.74215
28.125 75.125 0.20934
28.125 75.375 0.56239
28.125 75.625 1.4497
28.125 75.875 1.7449
28.125 76.125 2.1199
28.125 76.375 1.8971
28.125 76.625 2.7286
28.125 76.875 2.8596
28.125 77.125 1.9578
28.125 77.375 0.43974
28.125 77.625 0.31672
28.125 77.875 0.55325
28.125 78.125 1.2802
28.125 78.375 1.6685
28.125 78.625 -0.4285
28.125 78.875 0.22243
28.125 79.125 0.29417
28.125 79.375 -0.48545
28.125 79.625 -0.63956
28.125 79.875 -0.011734
28.125 80.125 1.2551
28.125 80.375 1.7713
28.125 80.625 1.7985
28.125 80.875 2.1125
28.125 81.125 2.0646
28.125 81.375 1.831
28.125 92.875 -0.36423
28.125 93.125 -0.37756
28.125 93.375 -0.31291
28.125 93.625 -0.26504
28.125 93.875 -0.32675
28.125 94.125 0.048294
28.125 94.375 -0.07271
28.125 94.625 -0.59406
28.125 94.875 0.44101
28.125 95.125 0.85427
28.125 95.375 0.92708
28.125 95.625 0.44137
28.125 95.875 0.01221
28.125 96.125 -0.26961
28.125 96.375 0.36811
28.125 96.625 0.49859
28.125 96.875 0.58137
28.125 97.125 0.4477
28.375 72.375 1.7773
28.375 72.625 1.0843
28.375 72.875 0.48372
28.375 73.125 0.41387
28.375 73.375 0.32415
28.375 73.625 0.25848
28.375 73.875 0.48368
28.375 74.125 0.5044
28.375 74.375 0.48398
28.375 74.625 0.44024
28.375 74.875 0.83479
28.375 75.125 0.97524
28.375 75.375 0.49228
28.375 75.625 1.2587
28.375 75.875 0.69713
28.375 76.125 1.2727
28.375 76.375 2.1868
28.375 76.625 1.6138
28.375 76.875 1.0623
28.375 77.125 0.86254
28.375 77.375 0.17479
28.375 77.625 0.17776
28.375 77.875 0.1741
28.375 78.125 0.74559
28.375 78.375 0.80876
28.375 78.625 -0.27985
28.375 78.875 -0.18412
28.375 79.125 0.6532
28.375 79.375 1.1248
28.375 79.625 0.31477
28.375 79.875 0.41222
28.375 80.125 1.2226
28.375 80.375 1.4939
28.375 80.625 1.5576
28.375 80.875 2.1557
28.375 81.125 2.2291
28.375 93.375 -0.14725
28.375 93.625 -0.019547
28.375 93.875 0.47564
28.375 94.125 0.82877
28.375 94.375 0.35547
28.375 94.625 0.26014
28.375 94.875 0.30266
28.375 95.125 0.28872
28.375 95.375 0.17614
28.375 95.625 0.089711
28.375 95.875 -0.031864
28.375 96.125 -0.4289
28.375 96.625 0.41513
28.625 72.375 2.5998
28.625 72.625 2.0189
28.625 72.875 1.0831
28.625 73.125 0.54731
28.625 73.375 0.55216
28.625 73.625 0.36803
28.625 73.875 0.30808
28.625 74.125 0.15721
28.625 74.375 0.087649
28.625 74.625 0.40798
28.625 74.875 0.48995
28.625 75.125 1.0371
28.625 75.375 0.0070981
28.625 75.625 -0.66727
28.625 75.875 0.11702
28.625 76.125 0.65413
28.625 76.375 1.3728
28.625 76.625 0.95129
28.625 76.875 1.1884
28.625 77.125 0.26307
28.625 77.375 0.094915
28.625 77.625 0.75242
28.625 77.875 0.42514
28.625 78.125 0.20554
28.625 78.375 0.6997
28.625 78.625 0.15992
28.625 78.875 -0.11099
28.625 79.125 2.313
28.625 79.375 1.9275
28.625 79.625 1.8227
28.625 79.875 1.6874
28.625 80.125 1.257
28.625 80.375 1.5293
28.625 80.625 1.7305
28.625 93.625 0.78008
28.625 93.875 NaN
28.625 94.125 1.4478
28.625 94.375 1.1076
28.625 94.625 0.82591
28.625 94.875 0.12274
28.625 95.125 -0.083022
28.625 95.375 -0.065331
28.625 95.625 0.019321
28.625 95.875 -0.13958
28.625 96.125 -0.33226
28.625 96.375 0.22062
28.875 72.875 0.79853
28.875 73.125 1.2453
28.875 73.375 1.8293
28.875 73.625 1.2731
28.875 73.875 0.91793
28.875 74.125 0.42633
28.875 74.375 -0.18153
28.875 74.625 -0.095429
28.875 74.875 0.0923
28.875 75.125 0.78149
28.875 75.375 0.083789
28.875 75.625 -0.12027
28.875 75.875 -0.28355
28.875 76.125 -0.0081537
28.875 76.375 1.5756
28.875 76.625 0.70108
28.875 76.875 -0.096941
28.875 77.125 -0.005448
28.875 77.375 0.8312
28.875 77.625 0.86125
28.875 77.875 0.51461
28.875 78.125 0.11031
28.875 78.375 0.51197
28.875 78.625 0.11052
28.875 78.875 0.080029
28.875 79.125 1.4314
28.875 79.375 1.786
28.875 79.625 1.3915
28.875 79.875 1.1007
28.875 94.125 2.1469
28.875 94.375 1.6994
28.875 94.625 0.90732
28.875 94.875 0.39854
28.875 95.125 -0.024239
28.875 95.375 0.061761
28.875 95.625 -0.011064
28.875 95.875 -0.020516
28.875 96.125 0.37112
28.875 96.375 0.26154
29.125 73.125 0.58726
29.125 73.375 1.8742
29.125 73.625 0.92787
29.125 73.875 0.84777
29.125 74.125 1.3741
29.125 74.375 -0.068478
29.125 74.625 -0.23493
29.125 74.875 0.25257
29.125 75.125 1.8365
29.125 75.375 1.363
29.125 75.625 0.58139
29.125 75.875 0.57794
29.125 76.125 0.26065
29.125 76.375 0.42891
29.125 76.625 0.90319
29.125 76.875 0.039707
29.125 77.125 0.38247
29.125 77.375 0.15528
29.125 77.625 0.7779
29.125 77.875 1.5277
29.125 78.125 1.0228
29.125 78.375 0.78767
29.125 78.625 1.2364
29.125 78.875 0.11814
29.125 79.125 1.5821
29.125 79.375 1.505
29.125 79.625 0.33562
29.125 79.875 0.21715
29.125 80.125 0.2397
29.125 94.375 1.3623
29.125 94.625 1.014
29.125 94.875 0.37074
29.125 95.625 0.07548
29.125 95.875 0.92257
29.125 96.125 0.67805
29.375 73.375 0.97302
29.375 73.625 0.75554
29.375 73.875 0.41375
29.375 74.125 0.67754
29.375 74.375 0.17393
29.375 74.625 -0.24488
29.375 74.875 1.0956
29.375 75.125 1.9353
29.375 75.375 2.1937
29.375 75.625 1.1484
29.375 75.875 0.5335
29.375 76.125 1.8329
29.375 76.375 1.5962
29.375 76.625 1.5008
29.375 76.875 0.23251
29.375 77.125 0.15982
29.375 77.375 0.23825
29.375 77.625 0.58463
29.375 77.875 1.2164
29.375 78.125 0.54103
29.375 78.375 0.80376
29.375 78.625 0.059434
29.375 78.875 0.038725
29.375 79.125 0.63187
29.375 79.375 0.52921
29.375 79.625 0.33423
29.375 79.875 0.63002
29.375 80.125 1.0095
29.375 96.125 0.60158
29.625 73.375 0.97656
29.625 73.625 2.0238
29.625 73.875 0.80534
29.625 74.125 0.83305
29.625 74.375 0.19898
29.625 74.625 -0.49183
29.625 74.875 0.26228
29.625 75.125 0.96223
29.625 75.375 1.5756
29.625 75.625 1.2689
29.625 75.875 0.68908
29.625 76.125 0.2179
29.625 76.375 1.1266
29.625 76.625 2.2141
29.625 76.875 1.7866
29.625 77.125 0.16761
29.625 77.375 -0.31045
29.625 77.625 -0.71595
29.625 77.875 0.12454
29.625 78.125 1.1575
29.625 78.375 -0.29127
29.625 78.625 0.070284
29.625 78.875 0.036644
29.625 79.125 -0.15986
29.625 79.375 0.38662
29.625 79.625 0.33614
29.625 79.875 0.54825
29.625 80.125 1.7454
29.875 73.625 2.2858
29.875 73.875 0.40274
29.875 74.125 0.28471
29.875 74.375 -0.53529
29.875 74.625 -0.50398
29.875 74.875 -0.24583
29.875 75.125 0.1506
29.875 75.375 0.66148
29.875 75.625 0.43646
29.875 75.875 0.6069
29.875 76.125 0.74406
29.875 76.375 0.90387
29.875 76.625 0.67914
29.875 76.875 0.97554
29.875 77.125 -0.26946
29.875 77.375 -0.61146
29.875 77.625 -0.2808
29.875 77.875 0.48932
29.875 78.125 0.87557
29.875 78.375 -0.075152
29.875 78.625 0.27502
29.875 78.875 1.0484
29.875 79.125 0.86123
29.875 79.375 1.571
29.875 79.625 1.3538
29.875 79.875 0.67311
29.875 80.125 1.649
29.875 80.375 1.61
30.125 74.125 -0.18215
30.125 74.375 -0.27012
30.125 74.625 0.37706
30.125 74.875 0.39249
30.125 75.125 0.31754
30.125 75.375 0.16164
30.125 75.625 0.43019
30.125 75.875 0.34503
30.125 76.125 1.0048
30.125 76.375 0.75567
30.125 76.625 0.32402
30.125 76.875 -0.17975
30.125 77.125 1.3239
30.125 77.375 0.56047
30.125 77.625 0.62115
30.125 77.875 0.53293
30.125 78.125 1.1374
30.125 78.375 0.30264
30.125 78.625 0.67481
30.125 78.875 2.2111
30.125 79.125 2.1231
30.125 79.375 2.4103
30.125 79.625 1.0849
30.125 79.875 0.81658
30.125 80.125 0.92926
30.125 80.375 1.3916
30.125 80.625 1.4186
30.375 74.125 -0.22362
30.375 74.375 0.13905
30.375 74.625 0.46902
30.375 74.875 0.71278
30.375 75.125 0.51066
30.375 75.375 0.067523
30.375 75.625 -0.037336
30.375 75.875 0.32263
30.375 76.125 0.68875
30.375 76.375 0.77651
30.375 76.625 -0.16749
30.375 76.875 0.10936
30.375 77.125 0.47721
30.375 77.375 0.3252
30.375 77.625 0.41386
30.375 77.875 0.81756
30.375 78.125 0.54372
30.375 78.375 0.60031
30.375 78.625 1.5601
30.375 78.875 1.8098
30.375 79.125 1.3373
30.375 79.375 1.0695
30.375 79.625 1.2313
30.375 79.875 1.0036
30.375 80.125 1.2172
30.375 80.375 1.4835
30.375 80.625 1.6587
30.625 74.375 0.13344
30.625 74.625 0.070543
30.625 74.875 0.44231
30.625 75.125 0.70142
30.625 75.375 0.34556
30.625 75.625 0.43079
30.625 75.875 0.48429
30.625 76.125 0.37765
30.625 76.375 0.31673
30.625 76.625 0.53198
30.625 76.875 1.2648
30.625 77.125 0.63595
30.625 77.375 0.5401
30.625 77.625 0.2277
30.625 77.875 0.65851
30.625 78.125 1.3019
30.625 78.375 0.37865
30.625 78.625 1.056
30.625 78.875 1.5384
30.625 79.125 1.1562
30.625 79.375 0.99694
30.625 79.625 1.4001
30.625 79.875 1.5751
30.625 80.125 1.0987
30.875 74.625 -0.11503
30.875 74.875 0.88943
30.875 75.125 0.79889
30.875 75.375 0.012515
30.875 75.625 0.35673
30.875 75.875 -0.03419
30.875 76.125 -0.33239
30.875 76.375 0.37408
30.875 76.625 0.48456
30.875 76.875 0.71287
30.875 77.125 1.0652
30.875 77.375 1.4636
30.875 77.625 0.71445
30.875 77.875 0.76801
30.875 78.125 0.8804
30.875 78.375 0.81265
30.875 78.625 0.79142
30.875 78.875 1.4643
30.875 79.125 1.4089
30.875 79.375 NaN
30.875 79.625 NaN
30.875 79.875 NaN
31.125 74.875 1.2773
31.125 75.125 1.6235
31.125 75.375 -0.13706
31.125 75.625 -0.49549
31.125 75.875 -0.61901
31.125 76.125 0.098641
31.125 76.375 0.14199
31.125 76.625 -0.25897
31.125 76.875 0.70815
31.125 77.125 1.2636
31.125 77.375 1.0512
31.125 77.625 1.1379
31.125 77.875 0.17245
31.125 78.125 0.043014
31.125 78.375 0.54551
31.125 78.625 0.36117
31.125 78.875 NaN
31.125 79.125 NaN
31.375 74.875 0.098224
31.375 75.125 1.256
31.375 75.375 -0.12362
31.375 75.625 -0.97376
31.375 75.875 -0.46326
31.375 76.125 -0.077923
31.375 76.375 0.29884
31.375 76.625 -0.21572
31.375 76.875 0.07451
31.375 77.125 1.0951
31.375 77.375 1.1179
31.375 77.625 0.033155
31.375 77.875 0.062155
31.375 78.125 -0.14016
31.375 78.375 -0.38147
31.375 78.625 -0.22082
31.625 74.875 -0.46451
31.625 75.125 -0.39735
31.625 75.375 -0.27986
31.625 75.625 -0.58166
31.625 75.875 -1.6225
31.625 76.125 -0.79151
31.625 76.375 0.017455
31.625 76.625 0.12657
31.625 76.875 0.50234
31.625 77.125 1.0688
31.625 77.375 1.0396
31.625 77.625 0.35735
31.625 77.875 -0.18962
31.625 78.125 -0.56807
31.625 78.375 -0.62293
31.625 78.625 -0.22304
31.875 74.875 -0.2855
31.875 75.125 -0.11549
31.875 75.375 -0.40518
31.875 75.625 -0.1084
31.875 75.875 -0.47573
31.875 76.125 -0.066613
31.875 76.375 0.12929
31.875 76.625 0.1898
31.875 76.875 0.96197
31.875 77.125 0.86398
31.875 77.375 0.46856
31.875 77.625 0.39757
31.875 77.875 -0.33399
31.875 78.125 -0.3901
31.875 78.375 -0.27668
31.875 78.625 -0.021982
32.125 75.375 0.067948
32.125 75.625 0.083976
32.125 75.875 -0.1626
32.125 76.125 0.37534
32.125 76.375 -0.09629
32.125 76.625 0.63944
32.125 76.875 0.8336
32.125 77.125 0.5133
32.125 77.375 0.60452
32.125 77.625 0.28798
32.125 77.875 -0.34386
32.125 78.125 -0.63534
32.125 78.375 -0.13893
32.375 75.375 0.67204
32.375 75.625 0.85188
32.375 75.875 0.045523
32.375 76.125 -0.62804
32.375 76.375 -0.49768
32.375 76.625 -0.056226
32.375 76.875 0.22497
32.375 77.125 0.45163
32.375 77.375 0.47916
32.375 77.625 0.58123
32.375 77.875 -0.36918
32.375 78.125 -0.2947
32.375 78.375 0.21943
32.625 74.875 0.8326
32.625 75.125 0.64244
32.625 75.375 0.65162
32.625 75.625 0.82786
32.625 75.875 0.47217
32.625 76.125 0.096938
32.625 76.375 -0.079961
32.625 76.625 0.33413
32.625 76.875 0.48098
32.625 77.125 0.68957
32.625 77.375 0.69444
32.625 77.625 0.59332
32.625 77.875 0.31886
32.625 78.125 -0.30106
32.625 78.375 0.085744
32.625 78.625 0.032614
32.625 78.875 0.242
32.625 79.125 0.095773
32.625 79.375 0.030907
32.875 74.375 1.3764
32.875 74.625 1.3917
32.875 74.875 1.2471
32.875 75.125 0.84975
32.875 75.375 0.72512
32.875 75.625 0.54986
32.875 75.875 0.7236
32.875 76.125 1.0655
32.875 76.375 1.5662
32.875 76.625 1.4324
32.875 76.875 0.94242
32.875 77.125 0.70184
32.875 77.375 0.75686
32.875 77.625 0.78207
32.875 77.875 0.51238
32.875 78.125 -0.09501
32.875 78.375 0.13891
32.875 78.625 -0.14711
32.875 78.875 0.23748
32.875 79.125 -0.18909
32.875 79.375 -0.31607
33.125 73.875 0.53381
33.125 74.125 0.3681
33.125 74.375 1.1857
33.125 74.625 1.6323
33.125 74.875 1.3202
33.125 75.125 0.78904
33.125 75.375 0.23985
33.125 75.625 0.13815
33.125 75.875 0.69569
33.125 76.125 1.362
33.125 76.375 2.0569
33.125 76.625 1.7113
33.125 76.875 1.3689
33.125 77.125 0.96185
33.125 77.375 0.40076
33.125 77.625 0.34383
33.125 77.875 0.59314
33.125 78.125 0.64482
33.125 78.375 -0.35234
33.125 78.625 0.07416
33.125 78.875 -0.22736
33.125 79.125 -0.16315
33.375 73.875 0.65536
33.375 74.125 0.72707
33.375 74.375 1.237
33.375 74.625 0.88169
33.375 74.875 0.46976
33.375 75.125 -0.15361
33.375 75.375 -0.12768
33.375 75.625 0.089077
33.375 75.875 0.8596
33.375 76.125 1.9332
33.375 76.375 2.2651
33.375 76.625 1.8609
33.375 76.875 1.2811
33.375 77.125 0.4813
33.375 77.375 -0.044911
33.375 77.625 0.32035
33.375 77.875 0.10258
33.375 78.125 -0.017973
33.375 78.375 0.59622
33.375 78.625 0.23266
33.375 78.875 0.19739
33.625 73.875 0.57949
33.625 74.125 0.81757
33.625 74.375 0.68022
33.625 74.625 0.34372
33.625 74.875 0.17683
33.625 75.125 0.049487
33.625 75.375 -0.10742
33.625 75.625 0.09632
33.625 75.875 0.37645
33.625 76.125 1.1813
33.625 76.375 2.1553
33.625 76.625 1.3225
33.625 76.875 0.52656
33.625 77.125 -0.035487
33.625 77.375 0.10674
33.625 77.625 0.064348
33.625 77.875 0.063635
33.625 78.125 0.081604
33.625 78.375 0.60894
33.625 78.625 0.58678
33.625 78.875 0.14754
33.875 73.875 0.43294
33.875 74.125 0.70212
33.875 74.375 0.83828
33.875 74.625 0.80282
33.875 74.875 0.10029
33.875 75.125 0.35556
33.875 75.375 0.23956
33.875 75.625 -0.11519
33.875 75.875 -0.32615
33.875 76.125 -0.68487
33.875 76.375 -0.41234
33.875 76.625 -0.1206
33.875 76.875 0.048197
33.875 77.125 -0.14153
33.875 77.375 -0.1703
33.875 77.625 -0.078361
33.875 77.875 0.067856
33.875 78.125 -0.11291
33.875 78.375 0.049102
33.875 78.625 0.12357
33.875 78.875 1.0163
34.125 73.625 -0.034353
34.125 73.875 0.039216
34.125 74.125 0.50293
34.125 74.375 0.26123
34.125 74.625 0.60415
34.125 74.875 -0.20935
34.125 75.125 0.096251
34.125 75.375 0.099205
34.125 75.625 -0.63395
34.125 75.875 -1.0577
34.125 76.125 -1.0516
34.125 76.375 -0.59111
34.125 76.625 -0.33568
34.125 76.875 -0.15832
34.125 77.125 -0.20248
34.125 77.375 -0.17993
34.125 77.625 -0.19253
34.125 77.875 -0.061369
34.125 78.125 0.041041
34.125 78.375 -0.12982
34.125 78.625 0.19764
34.125 78.875 0.043639
34.125 79.125 0.030427
34.125 79.375 0.0024425
34.375 73.625 -0.26038
34.375 73.875 -0.3894
34.375 74.125 -0.41293
34.375 74.375 -0.45983
34.375 74.625 -0.27962
34.375 74.875 -0.1007
34.375 75.125 0.10747
34.375 75.375 -0.56304
34.375 75.625 -1.0076
34.375 75.875 -1.0476
34.375 76.125 -0.90858
34.375 76.375 -0.28107
34.375 76.625 -0.43691
34.375 76.875 -0.45089
34.375 77.125 -0.39967
34.375 77.375 -0.30305
34.375 77.625 -0.12996
34.375 77.875 -0.12703
34.375 78.125 -0.26797
34.375 78.375 0.30422
34.375 78.625 0.34427
34.375 78.875 0.24891
34.375 79.125 -0.48606
34.375 79.375 -0.29255
34.625 73.875 -0.42547
34.625 74.125 -0.62511
34.625 74.375 -0.46766
34.625 74.625 -0.45254
34.625 74.875 -0.20739
34.625 75.125 0.13328
34.625 75.375 -0.6701
34.625 75.625 -0.81004
34.625 75.875 -0.81088
34.625 76.125 -0.40006
34.625 76.375 -0.49623
34.625 76.625 -0.49915
34.625 76.875 -0.51855
34.625 77.125 -0.56043
34.625 77.375 -0.54363
34.625 77.625 -0.37548
34.625 77.875 -0.43391
34.625 78.125 -0.51343
34.625 78.375 -0.46232
34.625 78.625 0.059929
34.625 78.875 0.072169
34.625 79.125 -0.34456
34.625 79.375 -0.56966
34.625 79.625 -0.53224
34.875 74.125 -0.15827
34.875 74.375 -0.52204
34.875 74.625 -0.43477
34.875 74.875 -0.32625
34.875 75.125 -0.49718
34.875 75.375 -0.85487
34.875 75.625 -0.86227
34.875 75.875 -0.82357
34.875 76.125 -0.39392
34.875 76.375 -0.60826
34.875 76.625 -0.61313
34.875 76.875 -0.5655
34.875 77.125 -0.63181
34.875 77.375 -0.67049
34.875 77.625 -0.76916
34.875 77.875 -0.5638
34.875 78.125 -0.54095
34.875 78.375 -0.54183
34.875 78.625 0.15492
34.875 78.875 -0.17706
34.875 79.125 -0.39213
34.875 79.375 -0.57986
34.875 79.625 -0.47483
34.875 79.875 -0.36645
35.125 74.375 -0.81181
35.125 74.625 -0.85019
35.125 74.875 -0.56326
35.125 75.125 -0.83436
35.125 75.375 -1.0825
35.125 75.625 -0.92289
35.125 75.875 -0.46599
35.125 76.125 -0.53588
35.125 76.375 -0.4005
35.125 76.625 -0.52357
35.125 76.875 -0.84933
35.125 77.125 -0.82971
35.125 77.375 -0.8694
35.125 77.625 -0.66071
35.125 77.875 -0.77062
35.125 78.125 -0.40989
35.125 78.375 -0.48359
35.125 78.625 -0.2121
35.125 78.875 0.02355
35.125 79.125 -0.29783
35.125 79.375 -0.44688
35.125 79.625 -0.68795
35.125 79.875 -0.081255
35.375 73.875 -0.48526
35.375 74.125 -0.59289
35.375 74.375 -0.64894
35.375 74.625 -0.81798
35.375 74.875 -0.48892
35.375 75.125 -0.79505
35.375 75.375 -0.87169
35.375 75.625 -0.73571
35.375 75.875 -0.47307
35.375 76.125 -0.30729
35.375 76.375 -0.48486
35.375 76.625 -0.85086
35.375 76.875 -0.77799
35.375 77.125 -0.88152
35.375 77.375 -0.6393
35.375 77.625 -0.66067
35.375 77.875 -0.60715
35.375 78.125 -0.56681
35.375 78.375 -0.65969
35.375 78.625 -0.75648
35.375 78.875 -0.38494
35.375 79.125 -0.23138
35.375 79.375 -0.40857
35.375 79.625 -0.56056
35.375 79.875 -0.67987
35.375 80.125 NaN
35.625 73.375 -0.23057
35.625 73.625 -0.49106
35.625 73.875 -0.45302
35.625 74.125 -0.66828
35.625 74.375 -0.69006
35.625 74.625 -0.56674
35.625 74.875 -0.21639
35.625 75.125 -0.73768
35.625 75.375 -0.74787
35.625 75.625 -0.73115
35.625 75.875 -0.67095
35.625 76.125 -0.46374
35.625 76.375 -0.91187
35.625 76.625 -0.6366
35.625 76.875 -0.57389
35.625 77.125 -0.93808
35.625 78.375 -0.96526
35.625 78.625 -0.66021
35.625 78.875 -0.38688
35.625 79.125 -0.2821
35.625 79.375 -0.29581
35.625 79.625 -0.11857
35.625 79.875 -0.40737
35.625 80.125 -0.18851
35.875 73.125 1.5298
35.875 73.375 0.80257
35.875 73.625 0.13189
35.875 73.875 -0.11025
35.875 74.125 -0.37405
35.875 74.375 -0.25118
35.875 74.625 -0.27215
35.875 74.875 -0.21503
35.875 75.125 -0.48677
35.875 75.375 -0.73942
35.875 75.625 -0.97381
35.875 75.875 -0.77205
35.875 76.125 -0.76291
35.875 76.375 -0.96305
35.875 76.625 -0.91303
35.875 79.375 -0.29106
36.125 72.625 1.4437
36.125 72.875 NaN
36.125 73.125 NaN
36.125 73.375 1.2537
36.125 73.625 0.91806
36.125 73.875 0.58956
36.125 74.125 0.4438
36.125 74.375 0.19699
36.125 74.625 -0.052319
36.125 74.875 -0.093047
36.125 75.125 -0.25637
36.125 75.375 -0.74671
36.125 75.625 -0.85121
36.125 75.875 -1.0548
36.125 76.125 -1.1011
36.125 76.375 -1.1419
36.125 76.625 -1.0987
36.375 73.125 1.7551
36.375 73.375 1.757
36.375 73.625 1.7101
36.375 73.875 1.2406
36.375 74.125 0.63647
36.375 74.375 0.71601
36.375 74.625 0.32352
36.375 74.875 -0.1431
36.375 75.125 -0.58084
36.375 75.375 -0.87372
36.375 75.625 -1.0248
36.375 75.875 -1.2533
36.375 76.125 -1.3361
36.625 73.375 1.758
36.625 73.625 1.5707
36.625 73.875 1.2415
36.625 74.125 0.74906
36.625 74.375 1.2484
36.625 74.625 0.50459
36.625 74.875 0.064991
36.625 75.125 -0.47953
36.625 75.375 -0.72232
36.625 75.625 -0.81246
36.875 73.875 1.4992
36.875 74.375 1.5393
36.875 74.625 0.53381
36.875 74.875 0.27366
36.875 75.125 -0.17033
36.875 75.375 -0.0010956
