8.125 77.375 0.42069
8.375 77.125 -0.52313
8.375 77.375 0.38825
8.375 77.625 2.0512
8.375 77.875 0.49711
8.625 76.875 -0.56449
8.625 77.125 0.13001
8.625 77.375 -0.088832
8.625 77.625 -0.23682
8.625 77.875 0.10283
8.875 76.875 0.12472
8.875 77.125 0.18466
8.875 77.375 0.14249
8.875 77.625 -0.44937
8.875 77.875 -0.77468
9.125 76.625 0.6611
9.125 76.875 0.15784
9.125 77.125 -0.056028
9.125 77.375 -0.29892
9.125 77.625 -0.56983
9.125 77.875 -0.29332
9.125 78.125 -0.23733
9.125 78.375 NaN
9.375 76.625 0.44776
9.375 76.875 0.32171
9.375 77.125 -0.34754
9.375 77.375 -0.54222
9.375 77.625 -0.5282
9.375 77.875 -0.50013
9.375 78.125 -0.15858
9.375 78.375 -0.30612
9.375 78.625 -0.54329
9.375 78.875 NaN
9.625 76.375 0.58118
9.625 76.625 0.91432
9.625 76.875 0.53331
9.625 77.125 0.0084052
9.625 77.375 -0.80263
9.625 77.625 -1.0901
9.625 77.875 0.18248
9.625 78.125 -0.59225
9.625 78.375 -0.68526
9.625 78.625 -0.52961
9.875 76.625 0.47628
9.875 76.875 0.39236
9.875 77.125 -0.011221
9.875 77.375 -0.89383
9.875 77.625 -0.72595
9.875 77.875 -0.45601
9.875 78.125 -0.97178
9.875 78.375 0.0043042
9.875 78.625 0.51225
9.875 78.875 0.014655
10.125 76.375 -0.10454
10.125 76.625 0.59739
10.125 76.875 2.3576
10.125 77.125 -0.031381
10.125 77.375 -0.79949
10.125 77.625 -0.34553
10.125 77.875 -0.69664
10.125 78.125 -0.26159
10.125 78.375 -0.36664
10.125 78.625 -0.53683
10.125 78.875 -0.63077
10.125 79.125 0.29647
10.375 76.375 -0.020182
10.375 76.625 -0.27123
10.375 76.875 0.57509
10.375 77.125 0.31039
10.375 77.375 -0.43867
10.375 77.625 -0.40351
10.375 77.875 -0.58589
10.375 78.125 -0.38932
10.375 78.375 -0.16591
10.375 78.625 -0.52
10.375 78.875 -0.14953
10.375 79.125 -0.052443
10.375 79.375 NaN
10.375 79.625 NaN
10.625 76.125 0.084563
10.625 76.375 0.48998
10.625 76.625 -0.11727
10.625 76.875 0.15295
10.625 77.125 -0.46751
10.625 77.375 -0.87422
10.625 77.625 -0.647
10.625 77.875 -0.01519
10.625 78.125 -0.54643
10.625 78.375 -0.80291
10.625 78.625 -0.27642
10.625 78.875 0.047053
10.625 79.125 1.2155
10.625 79.375 0.98912
10.625 79.625 0.5759
10.875 76.125 0.16635
10.875 76.375 0.77219
10.875 76.625 0.14183
10.875 76.875 -0.21244
10.875 77.125 -0.5872
10.875 77.375 -0.52446
10.875 77.625 -1.0497
10.875 77.875 -0.45729
10.875 78.125 -1.0382
10.875 78.375 0.27351
10.875 78.625 1.0624
10.875 78.875 0.62615
10.875 79.125 1.1603
10.875 79.375 0.79097
10.875 79.625 1.1413
11.125 76.125 -0.99233
11.125 76.375 0.42797
11.125 76.625 4.3715
11.125 76.875 -1.1218
11.125 77.125 -0.59636
11.125 77.375 -0.68601
11.125 77.625 0.12386
11.125 77.875 -0.016115
11.125 78.125 -0.88509
11.125 78.375 0.37526
11.125 78.625 0.62162
11.125 78.875 0.73016
11.125 79.125 0.88397
11.125 79.375 1.9697
11.125 79.625 1.5015
11.375 75.875 0.20808
11.375 76.125 0.080501
11.375 76.375 0.67962
11.375 76.625 1.4969
11.375 76.875 2.7317
11.375 77.125 -0.51693
11.375 77.375 -0.84594
11.375 77.625 0.063917
11.375 77.875 0.39443
11.375 78.125 0.034265
11.375 78.375 -0.6511
11.375 78.625 -0.73336
11.375 78.875 -0.095816
11.375 79.125 -0.76367
11.375 79.375 0.98759
11.375 79.625 1.2109
11.625 75.875 0.28698
11.625 76.125 1.0389
11.625 76.375 0.16037
11.625 76.625 0.62206
11.625 76.875 -1.5536
11.625 77.125 -1.2212
11.625 77.375 0.26807
11.625 77.625 -0.018366
11.625 77.875 0.56504
11.625 78.125 -0.35497
11.625 78.375 -0.51634
11.625 78.625 0.14598
11.625 78.875 -0.53347
11.625 79.125 1.3613
11.625 79.375 0.43941
11.625 79.625 NaN
11.875 75.625 NaN
11.875 75.875 -0.74575
11.875 76.125 0.060843
11.875 76.375 -0.060645
11.875 76.625 -0.47669
11.875 76.875 -1.1121
11.875 77.125 0.1364
11.875 77.375 0.19219
11.875 77.625 0.30457
11.875 77.875 -0.26897
11.875 78.125 0.22558
11.875 78.375 0.098403
11.875 78.625 -0.2777
11.875 78.875 -0.4509
11.875 79.125 2.3901
11.875 79.375 0.21572
11.875 79.625 0.36828
12.125 75.375 -0.48639
12.125 75.625 0.15218
12.125 75.875 -0.43844
12.125 76.125 -0.12296
12.125 76.375 -0.11298
12.125 76.625 -0.23378
12.125 76.875 -0.66162
12.125 77.125 0.21392
12.125 77.375 0.186
12.125 77.625 0.18285
12.125 77.875 -0.55885
12.125 78.125 0.60485
12.125 78.375 1.6828
12.125 78.625 0.21174
12.125 78.875 -0.53527
12.125 79.125 1.0067
12.125 79.375 0.25277
12.125 79.625 0.021037
12.375 75.125 0.47499
12.375 75.375 0.18237
12.375 75.625 -0.0047368
12.375 75.875 -0.051737
12.375 76.125 0.002557
12.375 76.375 0.47572
12.375 76.625 1.9532
12.375 76.875 -0.4467
12.375 77.125 -1.1817
12.375 77.375 -0.45865
12.375 77.625 -0.22079
12.375 77.875 0.28719
12.375 78.125 0.60631
12.375 78.375 1.9527
12.375 78.625 0.99904
12.375 78.875 -0.22532
12.375 79.125 0.53181
12.375 79.375 0.18191
12.375 79.625 0.060582
12.375 79.875 0.043644
12.625 75.125 0.16571
12.625 75.375 -0.056554
12.625 75.625 -0.14972
12.625 75.875 0.005283
12.625 76.125 -0.087336
12.625 76.375 1.8487
12.625 76.625 1.7778
12.625 76.875 0.8075
12.625 77.125 -0.22796
12.625 77.375 -0.059719
12.625 77.625 0.48579
12.625 77.875 0.13582
12.625 78.125 0.60971
12.625 78.375 1.8075
12.625 78.625 1.3708
12.625 78.875 1.3175
12.625 79.125 0.94973
12.625 79.375 -0.13775
12.625 79.625 0.14531
12.625 79.875 -0.43927
12.875 75.125 0.55489
12.875 75.375 1.0269
12.875 75.625 -1.2917
12.875 75.875 -0.55057
12.875 76.125 -0.29399
12.875 76.375 1.3298
12.875 76.625 0.44018
12.875 76.875 0.07448
12.875 77.125 0.1194
12.875 77.375 0.47494
12.875 77.625 0.41039
12.875 77.875 0.71375
12.875 78.125 1.522
12.875 78.375 1.6029
12.875 78.625 0.91562
12.875 78.875 1.7187
12.875 79.125 1.005
12.875 79.375 1.2157
12.875 79.625 1.1719
12.875 79.875 -0.17861
13.125 74.875 NaN
13.125 75.125 0.10277
13.125 75.375 0.14296
13.125 75.625 0.25501
13.125 75.875 -0.44341
13.125 76.125 0.063018
13.125 76.375 0.5633
13.125 76.625 0.91705
13.125 76.875 0.26512
13.125 77.125 0.50766
13.125 77.375 0.69648
13.125 77.625 0.70691
13.125 77.875 1.0238
13.125 78.125 1.922
13.125 78.375 1.4948
13.125 78.625 1.3616
13.125 78.875 0.9715
13.125 79.125 1.6261
13.125 79.375 1.0395
13.125 79.625 1.2699
13.125 79.875 1.4035
13.125 80.125 1.1217
13.375 74.875 NaN
13.375 75.125 0.028757
13.375 75.375 -0.33555
13.375 75.625 -0.43519
13.375 75.875 -0.32184
13.375 76.125 0.4318
13.375 76.375 0.37062
13.375 76.625 0.74345
13.375 76.875 0.30611
13.375 77.125 1.0461
13.375 77.375 0.45185
13.375 77.625 0.96403
13.375 77.875 1.4989
13.375 78.125 0.87386
13.375 78.375 1.5671
13.375 78.625 1.9557
13.375 78.875 1.9052
13.375 79.125 0.35995
13.375 79.375 -0.024043
13.375 79.625 0.97805
13.375 79.875 1.3347
13.375 80.125 1.4367
13.625 74.875 -0.33374
13.625 75.125 0.46127
13.625 75.375 -0.021847
13.625 75.625 -0.07153
13.625 75.875 -0.1495
13.625 76.125 -0.016482
13.625 76.375 0.17265
13.625 76.625 -0.35389
13.625 76.875 -0.14531
13.625 77.125 0.36839
13.625 77.375 0.55616
13.625 77.625 1.512
13.625 77.875 1.2779
13.625 78.125 1.8318
13.625 78.375 1.6212
13.625 78.625 1.8519
13.625 78.875 1.6098
13.625 79.125 1.3603
13.625 79.375 0.99711
13.625 79.625 0.3083
13.625 79.875 0.9975
13.625 80.125 1.4126
13.875 74.875 0.24854
13.875 75.125 0.61238
13.875 75.375 0.22729
13.875 75.625 -0.38333
13.875 75.875 0.16307
13.875 76.125 0.0031647
13.875 76.375 0.34086
13.875 76.625 0.77345
13.875 76.875 -0.076051
13.875 77.125 0.18944
13.875 77.375 0.88029
13.875 77.625 0.98105
13.875 77.875 0.50505
13.875 78.125 0.37826
13.875 78.375 1.9033
13.875 78.625 1.8404
13.875 78.875 0.87442
13.875 79.125 0.6269
13.875 79.375 0.44935
13.875 79.625 0.22096
13.875 79.875 0.29545
14.125 74.625 0.47397
14.125 74.875 0.10979
14.125 75.125 0.35052
14.125 75.375 0.39823
14.125 75.625 -0.49705
14.125 75.875 0.51117
14.125 76.125 0.73064
14.125 76.375 1.3044
14.125 76.625 0.96829
14.125 76.875 0.63362
14.125 77.125 0.1023
14.125 77.375 0.44726
14.125 77.625 0.45363
14.125 77.875 0.44898
14.125 78.125 0.61275
14.125 78.375 0.46808
14.125 78.625 0.69465
14.125 78.875 0.9443
14.125 79.125 0.78984
14.125 79.375 0.36393
14.125 79.625 0.068704
14.125 79.875 0.25075
14.375 74.625 -0.33386
14.375 74.875 0.31474
14.375 75.125 0.39074
14.375 75.375 -0.12576
14.375 75.625 0.40694
14.375 75.875 1.2099
14.375 76.125 2.2962
14.375 76.375 1.7514
14.375 76.625 0.60904
14.375 76.875 0.77932
14.375 77.125 0.58083
14.375 77.375 0.69142
14.375 77.625 0.68412
14.375 77.875 0.53656
14.375 78.125 0.68604
14.375 78.375 0.5121
14.375 78.625 0.14083
14.375 78.875 0.01621
14.375 79.125 0.6293
14.375 79.375 0.39652
14.375 79.625 0.12914
14.375 79.875 0.34582
14.625 74.375 NaN
14.625 74.625 -0.47647
14.625 74.875 0.42014
14.625 75.125 0.34268
14.625 75.375 0.45975
14.625 75.625 0.6731
14.625 75.875 1.0703
14.625 76.125 1.2945
14.625 76.375 0.91871
14.625 76.625 0.61262
14.625 76.875 1.1987
14.625 77.125 1.1139
14.625 77.375 0.41375
14.625 77.625 0.41555
14.625 77.875 0.2843
14.625 78.125 0.47095
14.625 78.375 0.55702
14.625 78.625 -0.20005
14.625 78.875 -0.13033
14.625 79.125 0.30269
14.625 79.375 0.12826
14.625 79.625 -0.052957
14.625 79.875 0.071761
14.875 74.375 0.59436
14.875 74.625 -0.38975
14.875 74.875 -0.045014
14.875 75.125 0.21284
14.875 75.375 -0.26336
14.875 75.625 0.4443
14.875 75.875 0.95622
14.875 76.125 0.7946
14.875 76.375 0.18529
14.875 76.625 0.94606
14.875 76.875 1.4476
14.875 77.125 1.3884
14.875 77.375 0.59659
14.875 77.625 0.33602
14.875 77.875 0.2276
14.875 78.125 0.25143
14.875 78.375 0.57636
14.875 78.625 -0.15885
14.875 78.875 0.061573
14.875 79.125 0.25158
14.875 79.375 -0.64129
14.875 79.625 -0.18878
14.875 79.875 -0.11198
15.125 74.125 1.2332
15.125 74.375 0.76561
15.125 74.625 0.13536
15.125 74.875 0.51805
15.125 75.125 0.49551
15.125 75.375 0.9475
15.125 75.625 1.5343
15.125 75.875 1.7815
15.125 76.125 1.1003
15.125 76.375 0.706
15.125 76.625 0.9813
15.125 76.875 1.4865
15.125 77.125 1.2978
15.125 77.375 1.1459
15.125 77.625 0.75155
15.125 77.875 0.48367
15.125 78.125 0.13337
15.125 78.375 1.0286
15.125 78.625 0.20196
15.125 78.875 0.2332
15.125 79.125 0.36379
15.125 79.375 -0.14595
15.125 79.625 0.20501
15.125 79.875 0.20579
15.375 73.875 -0.24878
15.375 74.125 0.67738
15.375 74.375 0.57717
15.375 74.625 0.37481
15.375 74.875 0.98581
15.375 75.125 1.3489
15.375 75.375 2.628
15.375 75.625 1.6052
15.375 75.875 1.3765
15.375 76.125 1.3793
15.375 76.375 0.9198
15.375 76.625 1.2917
15.375 76.875 1.3465
15.375 77.125 1.7582
15.375 77.375 1.0064
15.375 77.625 0.85363
15.375 77.875 0.80151
15.375 78.125 0.93029
15.375 78.375 0.61337
15.375 78.625 -0.08174
15.375 78.875 -0.06022
15.375 79.125 0.67336
15.375 79.375 -0.15971
15.375 79.625 0.27343
15.375 79.875 0.41796
15.625 73.875 -0.47659
15.625 74.125 -0.48002
15.625 74.375 -0.29333
15.625 74.625 1.3744
15.625 74.875 1.5676
15.625 75.125 1.7579
15.625 75.375 2.2055
15.625 75.625 1.2956
15.625 75.875 2.0572
15.625 76.125 2.9447
15.625 76.375 1.4745
15.625 76.625 1.7378
15.625 76.875 2.0575
15.625 77.125 1.6973
15.625 77.375 1.2623
15.625 77.625 1.5126
15.625 77.875 0.74421
15.625 78.125 0.36324
15.625 78.375 0.67059
15.625 78.625 0.30796
15.625 78.875 0.69872
15.625 79.125 0.93959
15.625 79.375 1.752
15.625 79.625 0.28378
15.625 79.875 0.36943
15.625 80.125 0.3043
15.875 73.875 0.58276
15.875 74.125 0.25367
15.875 74.375 0.28779
15.875 74.625 1.2368
15.875 74.875 1.6535
15.875 75.125 2.111
15.875 75.375 2.5852
15.875 75.625 2.4291
15.875 75.875 2.4712
15.875 76.125 2.1495
15.875 76.375 2.1411
15.875 76.625 1.8492
15.875 76.875 1.3088
15.875 77.125 1.295
15.875 77.375 1.3269
15.875 77.625 0.95963
15.875 77.875 1.6717
15.875 78.125 1.6073
15.875 78.375 1.7204
15.875 78.625 1.656
15.875 78.875 1.2071
15.875 79.125 1.7642
15.875 79.375 0.53479
15.875 79.625 -0.73756
15.875 79.875 0.01885
15.875 80.125 0.68263
15.875 80.375 -0.042272
15.875 80.625 NaN
15.875 80.875 -0.40002
16.125 73.625 1.4268
16.125 73.875 1.4162
16.125 74.125 0.70045
16.125 74.375 0.75221
16.125 74.625 1.8419
16.125 74.875 1.5886
16.125 75.125 0.89707
16.125 75.375 1.7692
16.125 75.625 2.2427
16.125 75.875 2.8193
16.125 76.125 1.7757
16.125 76.375 2.2989
16.125 76.625 1.1125
16.125 76.875 0.92787
16.125 77.125 1.3544
16.125 77.375 1.7613
16.125 77.625 1.1063
16.125 77.875 1.8768
16.125 78.125 2.1011
16.125 78.375 1.6588
16.125 78.625 1.6159
16.125 78.875 1.5396
16.125 79.125 1.5564
16.125 79.375 0.26848
16.125 79.625 -0.46628
16.125 79.875 1.3083
16.125 80.125 3.3363
16.125 80.375 0.4477
16.125 80.625 0.11432
16.125 80.875 -0.22525
16.375 73.625 0.55078
16.375 73.875 1.5416
16.375 74.125 0.81981
16.375 74.375 1.2405
16.375 74.625 0.66587
16.375 74.875 1.1018
16.375 75.125 1.1838
16.375 75.375 2.3032
16.375 75.625 2.4925
16.375 75.875 3.1488
16.375 76.125 3.4962
16.375 76.375 2.6533
16.375 76.625 1.2746
16.375 76.875 2.0134
16.375 77.125 1.8239
16.375 77.375 1.4606
16.375 77.625 1.5641
16.375 77.875 2.0137
16.375 78.125 2.2222
16.375 78.375 2.0254
16.375 78.625 1.3766
16.375 78.875 1.0781
16.375 79.125 1.261
16.375 79.375 0.62101
16.375 79.625 0.51745
16.375 79.875 0.84774
16.375 80.125 0.91015
16.375 80.375 0.15132
16.375 80.625 0.33588
16.375 80.875 -0.0070878
16.375 81.125 0.20275
16.375 81.375 NaN
16.375 81.625 NaN
16.625 73.625 1.2427
16.625 73.875 0.054117
16.625 74.125 1.3636
16.625 74.375 -0.74647
16.625 74.625 1.3709
16.625 74.875 1.6333
16.625 75.125 1.8668
16.625 75.375 2.5459
16.625 75.625 2.6368
16.625 75.875 2.6425
16.625 76.125 2.6133
16.625 76.375 2.9974
16.625 76.625 1.0135
16.625 76.875 1.0172
16.625 77.125 1.4149
16.625 77.375 1.5605
16.625 77.625 1.4384
16.625 77.875 2.2463
16.625 78.125 2.8058
16.625 78.375 2.4269
16.625 78.625 1.033
16.625 78.875 0.72952
16.625 79.125 0.23824
16.625 79.375 0.24165
16.625 79.625 0.14191
16.625 79.875 0.47537
16.625 80.125 1.1736
16.625 80.375 -0.012428
16.625 80.625 -0.13096
16.625 80.875 -0.12546
16.625 81.125 0.19227
16.625 81.375 -0.2767
16.625 81.625 -0.48443
16.625 81.875 -0.30196
16.625 82.125 -0.44238
16.875 73.375 1.2508
16.875 73.625 0.95705
16.875 73.875 0.13979
16.875 74.125 -0.67457
16.875 74.375 0.50143
16.875 74.625 0.50989
16.875 74.875 1.3596
16.875 75.125 1.858
16.875 75.375 3.1734
16.875 75.625 2.6802
16.875 75.875 2.2912
16.875 76.125 1.8265
16.875 76.375 1.7003
16.875 76.625 2.0779
16.875 76.875 1.2547
16.875 77.125 1.0403
16.875 77.375 1.5774
16.875 77.625 1.0977
16.875 77.875 1.4752
16.875 78.125 1.2364
16.875 78.375 0.96974
16.875 78.625 0.70594
16.875 78.875 0.49327
16.875 79.125 0.38575
16.875 79.375 0.40368
16.875 79.625 1.0963
16.875 79.875 0.72166
16.875 80.125 1.4065
16.875 80.375 1.0254
16.875 80.625 0.89182
16.875 80.875 0.31279
16.875 81.125 0.25579
16.875 81.375 -0.44565
16.875 81.625 0.16198
16.875 81.875 -0.85021
16.875 82.125 -0.67723
17.125 73.375 1.3194
17.125 73.625 0.14495
17.125 73.875 0.23418
17.125 74.125 -0.088167
17.125 74.375 -0.16655
17.125 74.625 0.0023776
17.125 74.875 0.45477
17.125 75.125 0.53751
17.125 75.375 2.5325
17.125 75.625 2.5016
17.125 75.875 2.331
17.125 76.125 2.5497
17.125 76.375 1.9106
17.125 76.625 1.867
17.125 76.875 2.1367
17.125 77.125 1.5592
17.125 77.375 1.3095
17.125 77.625 2.0558
17.125 77.875 1.5792
17.125 78.125 1.4021
17.125 78.375 1.548
17.125 78.625 1.1843
17.125 78.875 1.9624
17.125 79.125 1.5272
17.125 79.375 1.0288
17.125 79.625 0.94776
17.125 79.875 1.1026
17.125 80.125 0.94569
17.125 80.375 1.4725
17.125 80.625 1.3509
17.125 80.875 0.47465
17.125 81.125 -0.14512
17.125 81.375 -0.087796
17.125 81.625 -0.65037
17.125 81.875 -0.80796
17.125 82.125 -0.31488
17.125 82.375 0.0062951
17.375 73.375 0.62957
17.375 73.625 -0.42088
17.375 73.875 0.62065
17.375 74.125 -0.72257
17.375 74.375 -1.0354
17.375 74.625 -0.18447
17.375 74.875 0.15656
17.375 75.125 0.10178
17.375 75.375 0.68549
17.375 75.625 2.2555
17.375 75.875 1.6504
17.375 76.125 2.2218
17.375 76.375 2.1805
17.375 76.625 1.9118
17.375 76.875 2.1293
17.375 77.125 1.5618
17.375 77.375 0.7861
17.375 77.625 1.4386
17.375 77.875 0.86088
17.375 78.125 1.6409
17.375 78.375 1.6999
17.375 78.625 2.8644
17.375 78.875 3.0426
17.375 79.125 1.3409
17.375 79.375 1.3433
17.375 79.625 0.89691
17.375 79.875 1.2202
17.375 80.125 1.722
17.375 80.375 1.099
17.375 80.625 0.25287
17.375 80.875 0.077893
17.375 81.125 -0.16781
17.375 81.375 0.010239
17.375 81.625 -0.62692
17.375 81.875 -0.66428
17.375 82.125 0.09356
17.375 82.375 0.16134
17.375 82.625 NaN
17.625 73.375 0.74805
17.625 73.625 -0.99428
17.625 73.875 0.29877
17.625 74.125 -0.49142
17.625 74.375 -0.95728
17.625 74.625 0.077503
17.625 74.875 0.67617
17.625 75.125 0.89578
17.625 75.375 0.82338
17.625 75.625 1.6111
17.625 75.875 1.5568
17.625 76.125 2.0763
17.625 76.375 2.2145
17.625 76.625 2.1211
17.625 76.875 1.717
17.625 77.125 1.7756
17.625 77.375 1.1518
17.625 77.625 1.1168
17.625 77.875 2.596
17.625 78.125 1.7076
17.625 78.375 2.6771
17.625 78.625 1.6997
17.625 78.875 1.4486
17.625 79.125 0.93928
17.625 79.375 1.2196
17.625 79.625 1.6483
17.625 79.875 1.6571
17.625 80.125 1.4938
17.625 80.375 1.0232
17.625 80.625 0.66143
17.625 80.875 0.083658
17.625 81.125 0.088545
17.625 81.375 0.23771
17.625 81.625 -0.14948
17.625 81.875 -0.28552
17.625 82.125 0.11406
17.625 82.375 0.75614
17.625 82.625 0.82375
17.625 82.875 -0.091333
17.625 83.125 0.43695
17.875 73.375 0.77474
17.875 73.625 -0.26532
17.875 73.875 0.25765
17.875 74.125 0.77401
17.875 74.375 0.54837
17.875 74.625 0.53382
17.875 74.875 1.1753
17.875 75.125 1.3034
17.875 75.375 1.0891
17.875 75.625 0.76855
17.875 75.875 0.87278
17.875 76.125 2.2281
17.875 76.375 2.3172
17.875 76.625 2.2006
17.875 76.875 1.5818
17.875 77.125 2.2888
17.875 77.375 1.5
17.875 77.625 3.1786
17.875 77.875 2.6043
17.875 78.125 3.1189
17.875 78.375 2.1766
17.875 78.625 2.0317
17.875 78.875 1.1406
17.875 79.125 1.2041
17.875 79.375 0.9817
17.875 79.625 1.7083
17.875 79.875 2.3905
17.875 80.125 1.1387
17.875 80.375 0.17441
17.875 80.625 1.1006
17.875 80.875 0.38674
17.875 81.125 0.1165
17.875 81.375 0.8029
17.875 81.625 0.35546
17.875 81.875 -0.14668
17.875 82.125 -0.056004
17.875 82.375 0.41356
17.875 82.625 1.4702
17.875 82.875 1.8043
17.875 83.125 0.81965
17.875 83.375 0.88047
18.125 73.125 NaN
18.125 73.375 -0.14926
18.125 73.625 0.086445
18.125 73.875 0.12044
18.125 74.125 0.51951
18.125 74.375 0.66488
18.125 74.625 1.3713
18.125 74.875 1.9329
18.125 75.125 1.0584
18.125 75.375 1.82
18.125 75.625 1.9135
18.125 75.875 3.2149
18.125 76.125 2.6954
18.125 76.375 2.3361
18.125 76.625 2.5951
18.125 76.875 2.0265
18.125 77.125 2.721
18.125 77.375 1.132
18.125 77.625 2.5597
18.125 77.875 2.4934
18.125 78.125 2.4507
18.125 78.375 1.7589
18.125 78.625 1.2656
18.125 78.875 2.412
18.125 79.125 1.5134
18.125 79.375 1.1066
18.125 79.625 1.6016
18.125 79.875 2.2066
18.125 80.125 1.7749
18.125 80.375 0.20408
18.125 80.625 0.11285
18.125 80.875 0.13041
18.125 81.125 -0.28473
18.125 81.375 0.67954
18.125 81.625 1.0415
18.125 81.875 0.94007
18.125 82.125 0.50196
18.125 82.375 0.16705
18.125 82.625 0.52282
18.125 82.875 0.31515
18.125 83.125 0.30823
18.125 83.375 0.98878
18.125 83.625 1.0408
18.375 73.125 0.30913
18.375 73.375 -0.19696
18.375 73.625 0.49862
18.375 73.875 0.28465
18.375 74.125 0.43737
18.375 74.375 1.1488
18.375 74.625 1.8875
18.375 74.875 1.7348
18.375 75.125 2.4145
18.375 75.375 4.1074
18.375 75.625 3.5206
18.375 75.875 1.686
18.375 76.125 2.0036
18.375 76.375 2.1028
18.375 76.625 2.0373
18.375 76.875 2.3183
18.375 77.125 1.4628
18.375 77.375 0.92066
18.375 77.625 1.6665
18.375 77.875 1.4487
18.375 78.125 1.7893
18.375 78.375 0.57999
18.375 78.625 0.14622
18.375 78.875 0.029215
18.375 79.125 0.98134
18.375 79.375 0.63469
18.375 79.625 1.1756
18.375 79.875 1.2341
18.375 80.125 0.8827
18.375 80.375 1.2671
18.375 80.625 1.0787
18.375 80.875 -0.10704
18.375 81.125 0.2156
18.375 81.375 0.77501
18.375 81.625 0.91404
18.375 81.875 0.94402
18.375 82.125 1.3315
18.375 82.375 1.2503
18.375 82.625 0.22799
18.375 82.875 -0.98402
18.375 83.125 0.52946
18.375 83.375 0.16729
18.375 83.625 0.52268
18.375 83.875 0.052669
18.625 73.125 1.4578
18.625 73.375 0.38454
18.625 73.625 0.17055
18.625 73.875 0.33273
18.625 74.125 0.12179
18.625 74.375 0.67816
18.625 74.625 1.3977
18.625 74.875 1.3402
18.625 75.125 2.3685
18.625 75.375 3.0939
18.625 75.625 2.2524
18.625 75.875 2.0298
18.625 76.125 1.2972
18.625 76.375 0.72965
18.625 76.625 2.6178
18.625 76.875 2.3677
18.625 77.125 1.7389
18.625 77.375 0.35371
18.625 77.625 0.75806
18.625 77.875 0.41031
18.625 78.125 0.52345
18.625 78.375 0.98023
18.625 78.625 -0.95127
18.625 78.875 0.14091
18.625 79.125 -0.36289
18.625 79.375 0.29997
18.625 79.625 -0.11921
18.625 79.875 0.35744
18.625 80.125 0.64866
18.625 80.375 1.8033
18.625 80.625 1.8755
18.625 80.875 0.23197
18.625 81.125 -0.097496
18.625 81.375 1.3271
18.625 81.625 1.7949
18.625 81.875 1.309
18.625 82.125 0.92656
18.625 82.375 0.70733
18.625 82.625 1.0687
18.625 82.875 0.93426
18.625 83.125 -0.98912
18.625 83.375 -0.25095
18.625 83.625 -0.25304
18.625 83.875 -0.50951
18.625 84.125 -0.54632
18.875 73.125 1.7404
18.875 73.375 1.0465
18.875 73.625 0.36907
18.875 73.875 0.26289
18.875 74.125 0.023326
18.875 74.375 1.7839
18.875 74.625 1.0951
18.875 74.875 1.9612
18.875 75.125 2.0859
18.875 75.375 2.2846
18.875 75.625 1.8548
18.875 75.875 1.2915
18.875 76.125 1.6808
18.875 76.375 1.0069
18.875 76.625 2.2618
18.875 76.875 2.5197
18.875 77.125 1.6838
18.875 77.375 1.0396
18.875 77.625 2.1236
18.875 77.875 1.6114
18.875 78.125 1.3105
18.875 78.375 -1.1466
18.875 78.625 0.47556
18.875 78.875 0.74113
18.875 79.125 0.66362
18.875 79.375 1.2053
18.875 79.625 0.13528
18.875 79.875 0.43747
18.875 80.125 0.56975
18.875 80.375 1.3568
18.875 80.625 1.6308
18.875 80.875 1.0914
18.875 81.125 0.63968
18.875 81.375 1.6494
18.875 81.625 0.52289
18.875 81.875 1.7349
18.875 82.125 0.38313
18.875 82.375 0.34548
18.875 82.625 0.59614
18.875 82.875 0.96611
18.875 83.125 0.071919
18.875 83.375 -0.83932
18.875 83.625 -0.49367
18.875 83.875 -0.41881
18.875 84.125 -0.2695
18.875 84.375 -0.87756
19.125 73.125 2.3826
19.125 73.375 1.7591
19.125 73.625 0.26707
19.125 73.875 0.29851
19.125 74.125 0.37842
19.125 74.375 1.6245
19.125 74.625 1.2298
19.125 74.875 3.2123
19.125 75.125 3.0474
19.125 75.375 2.1098
19.125 75.625 1.6244
19.125 75.875 1.2425
19.125 76.125 1.3078
19.125 76.375 1.2446
19.125 76.625 1.9283
19.125 76.875 1.3861
19.125 77.125 1.7029
19.125 77.375 1.1259
19.125 77.625 1.9372
19.125 77.875 0.69632
19.125 78.125 0.48762
19.125 78.375 0.90123
19.125 78.625 1.1644
19.125 78.875 1.5515
19.125 79.125 1.7582
19.125 79.375 0.44722
19.125 79.625 0.76511
19.125 79.875 0.6728
19.125 80.125 0.63136
19.125 80.375 1.0868
19.125 80.625 1.275
19.125 80.875 0.91168
19.125 81.125 0.74556
19.125 81.375 0.58515
19.125 81.625 0.33558
19.125 81.875 -0.81728
19.125 82.125 -0.25589
19.125 82.375 0.099521
19.125 82.625 -0.62741
19.125 82.875 -0.30296
19.125 83.125 -0.70851
19.125 83.375 -1.3766
19.125 83.625 -0.48873
19.125 83.875 -0.3186
19.125 84.125 0.17196
19.125 84.375 -0.45627
19.125 84.625 -0.70588
19.375 72.875 0.92408
19.375 73.125 0.22566
19.375 73.375 1.3867
19.375 73.625 0.73584
19.375 73.875 0.33632
19.375 74.125 1.0366
19.375 74.375 1.8326
19.375 74.625 1.7102
19.375 74.875 1.9217
19.375 75.125 3.3146
19.375 75.375 1.3826
19.375 75.625 0.23664
19.375 75.875 0.32783
19.375 76.125 1.4331
19.375 76.375 0.82527
19.375 76.625 1.0077
19.375 76.875 0.91676
19.375 77.125 1.2458
19.375 77.375 1.0664
19.375 77.625 1.9178
19.375 77.875 1.7546
19.375 78.125 2.1423
19.375 78.375 1.701
19.375 78.625 1.4147
19.375 78.875 1.619
19.375 79.125 1.3479
19.375 79.375 1.1592
19.375 79.625 0.6452
19.375 79.875 1.315
19.375 80.125 1.2465
19.375 80.375 1.2106
19.375 80.625 0.7832
19.375 80.875 0.57517
19.375 81.125 0.10733
19.375 81.375 0.080894
19.375 81.625 -0.16599
19.375 81.875 0.11778
19.375 82.125 0.36637
19.375 82.375 -0.61025
19.375 82.625 -0.83169
19.375 82.875 -0.60897
19.375 83.125 -1.1683
19.375 83.375 -1.3559
19.375 83.625 -0.68569
19.375 83.875 -0.085677
19.375 84.125 0.14072
19.375 84.375 0.025208
19.375 84.625 -0.52713
19.375 84.875 -0.52467
19.625 72.875 1.269
19.625 73.125 1.5126
19.625 73.375 1.3719
19.625 73.625 0.82542
19.625 73.875 0.53791
19.625 74.125 0.33644
19.625 74.375 1.0926
19.625 74.625 1.238
19.625 74.875 0.58248
19.625 75.125 1.4216
19.625 75.375 0.71433
19.625 75.625 0.86144
19.625 75.875 0.76796
19.625 76.125 1.0412
19.625 76.375 0.92402
19.625 76.625 0.78898
19.625 76.875 -0.3589
19.625 77.125 0.43189
19.625 77.375 1.1879
19.625 77.625 1.2816
19.625 77.875 1.6129
19.625 78.125 2.0033
19.625 78.375 1.8611
19.625 78.625 1.5
19.625 78.875 1.5588
19.625 79.125 1.2432
19.625 79.375 0.98967
19.625 79.625 0.75467
19.625 79.875 1.1563
19.625 80.125 0.77181
19.625 80.375 0.4911
19.625 80.625 0.15728
19.625 80.875 0.19644
19.625 81.125 0.58556
19.625 81.375 -0.50507
19.625 81.625 -0.38214
19.625 81.875 0.23207
19.625 82.125 -0.18719
19.625 82.375 -0.20615
19.625 82.625 -0.73716
19.625 82.875 -0.66842
19.625 83.125 -0.8745
19.625 83.375 0.31201
19.625 83.625 0.25964
19.625 83.875 0.090788
19.625 84.125 0.020296
19.625 84.375 -0.13928
19.625 84.625 -0.44392
19.625 84.875 -0.67595
19.625 85.125 -1.5177
19.625 85.375 -1.3699
19.875 72.875 1.4752
19.875 73.125 1.5751
19.875 73.375 2.0945
19.875 73.625 1.1289
19.875 73.875 0.79385
19.875 74.125 0.71928
19.875 74.375 1.2777
19.875 74.625 1.588
19.875 74.875 1.3919
19.875 75.125 0.60254
19.875 75.375 0.79318
19.875 75.625 0.96172
19.875 75.875 1.1107
19.875 76.125 1.2496
19.875 76.375 1.1956
19.875 76.625 0.76674
19.875 76.875 1.1516
19.875 77.125 1.1819
19.875 77.375 1.2802
19.875 77.625 1.4441
19.875 77.875 1.0467
19.875 78.125 1.0079
19.875 78.375 1.159
19.875 78.625 1.4881
19.875 78.875 1.6492
19.875 79.125 1.5868
19.875 79.375 0.99972
19.875 79.625 1.0268
19.875 79.875 1.0609
19.875 80.125 0.30133
19.875 80.375 -0.21932
19.875 80.625 0.55262
19.875 80.875 0.5013
19.875 81.125 1.0767
19.875 81.375 -1.1081
19.875 81.625 -0.52928
19.875 81.875 0.4682
19.875 82.125 -0.51094
19.875 82.375 -0.39487
19.875 82.625 -0.76002
19.875 82.875 -0.69957
19.875 83.125 -0.72948
19.875 83.375 -0.60878
19.875 83.625 -0.45458
19.875 83.875 -0.24297
19.875 84.125 0.040834
19.875 84.375 -0.17143
19.875 84.625 -0.0011813
19.875 84.875 -0.68054
19.875 85.125 -1.1519
19.875 85.375 -1.2154
19.875 85.625 NaN
19.875 85.875 NaN
19.875 86.125 NaN
20.125 72.875 1.7378
20.125 73.125 1.3784
20.125 73.375 0.83961
20.125 73.625 3.1611
20.125 73.875 1.0495
20.125 74.125 0.74836
20.125 74.375 2.5477
20.125 74.625 1.5419
20.125 74.875 1.0203
20.125 75.125 0.66949
20.125 75.375 0.60587
20.125 75.625 0.29901
20.125 75.875 0.32186
20.125 76.125 1.0306
20.125 76.375 1.0908
20.125 76.625 1.5667
20.125 76.875 1.4557
20.125 77.125 1.2771
20.125 77.375 1.4951
20.125 77.625 1.3422
20.125 77.875 0.97685
20.125 78.125 0.82872
20.125 78.375 1.1449
20.125 78.625 1.3987
20.125 78.875 1.2996
20.125 79.125 1.1332
20.125 79.375 0.80539
20.125 79.625 1.1669
20.125 79.875 1.16
20.125 80.125 0.89902
20.125 80.375 0.35382
20.125 80.625 0.90738
20.125 80.875 0.54079
20.125 81.125 -0.19249
20.125 81.375 -0.19971
20.125 81.625 -0.2525
20.125 81.875 0.36652
20.125 82.125 0.063657
20.125 82.375 -1.1324
20.125 82.625 -0.9165
20.125 82.875 -0.95431
20.125 83.125 -0.79092
20.125 83.375 -1.4883
20.125 83.625 -1.6258
20.125 83.875 0.89667
20.125 84.125 1.2756
20.125 84.375 -0.82598
20.125 84.625 -0.29574
20.125 84.875 -0.13589
20.125 85.125 0.12381
20.125 85.375 -0.25075
20.125 85.625 -0.12507
20.125 85.875 -0.831
20.125 86.125 -0.74847
20.125 86.375 NaN
20.375 73.125 1.6826
20.375 73.375 1.3742
20.375 73.625 1.22
20.375 73.875 -0.30327
20.375 74.125 -0.067737
20.375 74.375 1.0287
20.375 74.625 0.791
20.375 74.875 0.80749
20.375 75.125 1.5908
20.375 75.375 1.666
20.375 75.625 0.65122
20.375 75.875 0.18774
20.375 76.125 0.50249
20.375 76.375 0.44136
20.375 76.625 0.72228
20.375 76.875 0.51671
20.375 77.125 0.97545
20.375 77.375 0.98059
20.375 77.625 0.7466
20.375 77.875 0.21655
20.375 78.125 0.85696
20.375 78.375 1.2877
20.375 78.625 1.2244
20.375 78.875 1.0651
20.375 79.125 0.85137
20.375 79.375 0.91385
20.375 79.625 1.1015
20.375 79.875 1.4566
20.375 80.125 1.307
20.375 80.375 0.50364
20.375 80.625 0.59076
20.375 80.875 0.79408
20.375 81.125 0.27043
20.375 81.375 -0.12973
20.375 81.625 -0.019464
20.375 81.875 0.13812
20.375 82.125 0.84119
20.375 82.375 0.36243
20.375 82.625 -0.5508
20.375 82.875 -1.0202
20.375 83.125 -0.86503
20.375 83.375 -0.94216
20.375 83.625 -0.53496
20.375 83.875 -0.33397
20.375 84.125 -0.54724
20.375 84.375 -1.6134
20.375 84.625 -0.96973
20.375 84.875 -1.2031
20.375 85.125 -0.95482
20.375 85.375 -0.67575
20.375 85.625 0.1082
20.375 85.875 -0.41086
20.375 86.125 0.22006
20.375 86.375 -0.1812
20.375 86.625 NaN
20.625 73.125 0.46489
20.625 73.375 1.346
20.625 73.625 1.6811
20.625 73.875 2.4686
20.625 74.125 0.55158
20.625 74.375 1.1716
20.625 74.625 0.83852
20.625 74.875 0.57699
20.625 75.125 1.574
20.625 75.375 1.2724
20.625 75.625 0.45255
20.625 75.875 0.14917
20.625 76.125 0.15531
20.625 76.375 0.22112
20.625 76.625 0.21438
20.625 76.875 0.36101
20.625 77.125 0.64986
20.625 77.375 0.18743
20.625 77.625 0.35704
20.625 77.875 1.0248
20.625 78.125 1.2757
20.625 78.375 1.1779
20.625 78.625 1.0565
20.625 78.875 0.96585
20.625 79.125 0.80333
20.625 79.375 0.59789
20.625 79.625 1.0682
20.625 79.875 1.1949
20.625 80.125 1.2499
20.625 80.375 0.35326
20.625 80.625 0.36382
20.625 80.875 0.91519
20.625 81.125 0.61962
20.625 81.375 0.11542
20.625 81.625 -0.11978
20.625 81.875 0.36058
20.625 82.125 1.9487
20.625 82.375 0.80302
20.625 82.625 0.091144
20.625 82.875 0.15401
20.625 83.125 0.025362
20.625 83.375 -0.63828
20.625 83.625 -0.49582
20.625 83.875 -0.49945
20.625 84.125 -1.0461
20.625 84.375 -0.9674
20.625 84.625 -0.1871
20.625 84.875 -0.267
20.625 85.125 -0.58467
20.625 85.375 0.59747
20.625 85.625 -0.48418
20.625 85.875 0.13332
20.625 86.125 0.58295
20.625 86.375 0.30987
20.625 86.625 0.25371
20.625 86.875 NaN
20.875 70.625 0.83921
20.875 70.875 0.34174
20.875 71.125 0.048652
20.875 71.375 0.61374
20.875 72.875 0.69028
20.875 73.125 1.6735
20.875 73.375 1.1349
20.875 73.625 1.5388
20.875 73.875 1.0642
20.875 74.125 1.3585
20.875 74.375 1.1318
20.875 74.625 0.69833
20.875 74.875 0.059628
20.875 75.125 0.77223
20.875 75.375 -0.16522
20.875 75.625 -0.22044
20.875 75.875 0.31077
20.875 76.125 0.42792
20.875 76.375 -0.083513
20.875 76.625 0.20197
20.875 76.875 0.64406
20.875 77.125 0.47668
20.875 77.375 0.17039
20.875 77.625 0.79264
20.875 77.875 1.4256
20.875 78.125 1.7677
20.875 78.375 1.4241
20.875 78.625 0.62864
20.875 78.875 0.93614
20.875 79.125 0.56445
20.875 79.375 0.064778
20.875 79.625 0.35136
20.875 79.875 0.30593
20.875 80.125 0.46307
20.875 80.375 0.033764
20.875 80.625 0.44943
20.875 80.875 1.0286
20.875 81.125 1.1023
20.875 81.375 0.17529
20.875 81.625 0.15911
20.875 81.875 -0.30957
20.875 82.125 0.38823
20.875 82.375 0.90755
20.875 82.625 -0.18796
20.875 82.875 -0.31623
20.875 83.125 0.10139
20.875 83.375 -0.65218
20.875 83.625 -0.23912
20.875 83.875 -0.3513
20.875 84.125 -0.63934
20.875 84.375 1.7377
20.875 84.625 -0.58048
20.875 84.875 0.096872
20.875 85.125 0.26017
20.875 85.375 1.0517
20.875 85.625 0.89157
20.875 85.875 1.0262
20.875 86.125 0.061485
20.875 86.375 -0.8305
20.875 86.625 -0.20216
21.125 70.375 0.65736
21.125 70.625 0.27541
21.125 70.875 -0.23915
21.125 71.125 0.064771
21.125 71.375 0.23502
21.125 71.625 NaN
21.125 71.875 NaN
21.125 72.875 -0.27178
21.125 73.125 0.36025
21.125 73.375 2.4438
21.125 73.625 0.5198
21.125 73.875 0.79697
21.125 74.125 0.51703
21.125 74.375 0.26585
21.125 74.625 0.41872
21.125 74.875 0.72811
21.125 75.125 0.18017
21.125 75.375 1.2221
21.125 75.625 0.1347
21.125 75.875 0.074806
21.125 76.125 0.94159
21.125 76.375 0.9754
21.125 76.625 0.11212
21.125 76.875 0.16948
21.125 77.125 -0.16459
21.125 77.375 0.15013
21.125 77.625 0.67953
21.125 77.875 1.111
21.125 78.125 0.59017
21.125 78.375 0.55599
21.125 78.625 0.20457
21.125 78.875 0.85083
21.125 79.125 0.4952
21.125 79.375 0.011006
21.125 79.625 -0.010638
21.125 79.875 0.31031
21.125 80.125 -0.25607
21.125 80.375 -0.28165
21.125 80.625 0.3977
21.125 80.875 0.33528
21.125 81.125 -0.41154
21.125 81.375 0.018372
21.125 81.625 0.044446
21.125 81.875 -0.13471
21.125 82.125 0.65025
21.125 82.375 0.035809
21.125 82.625 0.19518
21.125 82.875 0.35231
21.125 83.125 0.11496
21.125 83.375 -0.10705
21.125 83.625 0.21095
21.125 83.875 0.092868
21.125 84.125 -0.34783
21.125 84.375 -0.53185
21.125 84.625 0.79216
21.125 84.875 0.88313
21.125 85.125 1.0238
21.125 85.375 1.3552
21.125 85.625 1.6883
21.125 85.875 2.306
21.125 86.125 -0.33409
21.125 86.375 -0.37969
21.125 86.625 0.062121
21.375 70.125 0.74911
21.375 70.375 0.35584
21.375 70.625 0.4323
21.375 70.875 0.018197
21.375 71.125 -0.28098
21.375 71.375 0.039569
21.375 71.625 0.13687
21.375 71.875 0.20652
21.375 72.875 0.98503
21.375 73.125 1.9209
21.375 73.375 2.1155
21.375 73.625 1.1327
21.375 73.875 1.1395
21.375 74.125 0.15227
21.375 74.375 0.16951
21.375 74.625 0.72803
21.375 74.875 1.4294
21.375 75.125 0.87665
21.375 75.375 0.44134
21.375 75.625 0.043182
21.375 75.875 0.030442
21.375 76.125 1.1611
21.375 76.375 0.59572
21.375 76.625 -0.35728
21.375 76.875 -0.32783
21.375 77.125 -0.19248
21.375 77.375 0.25181
21.375 77.625 0.39442
21.375 77.875 0.23637
21.375 78.125 0.60263
21.375 78.375 1.6822
21.375 78.625 1.1346
21.375 78.875 0.83619
21.375 79.125 0.59169
21.375 79.375 0.094506
21.375 79.625 -0.91631
21.375 79.875 0.19001
21.375 80.125 -0.83446
21.375 80.375 -0.8105
21.375 80.625 -0.079553
21.375 80.875 -0.52742
21.375 81.125 -1.4017
21.375 81.375 -0.45308
21.375 81.625 -0.17887
21.375 81.875 0.21855
21.375 82.125 0.54545
21.375 82.375 0.77596
21.375 82.625 0.64538
21.375 82.875 0.88183
21.375 83.125 0.78037
21.375 83.375 0.37526
21.375 83.625 0.17276
21.375 83.875 0.40551
21.375 84.125 0.15004
21.375 84.375 0.20751
21.375 84.625 0.43503
21.375 84.875 0.76431
21.375 85.125 0.99072
21.375 85.375 0.94979
21.375 85.625 1.5776
21.375 85.875 0.8365
21.375 86.125 0.84842
21.375 86.375 0.31281
21.375 86.625 0.077731
21.375 86.875 0.04975
21.625 69.875 0.24129
21.625 70.125 -0.091228
21.625 70.375 0.55642
21.625 70.625 0.64177
21.625 70.875 0.15505
21.625 71.125 0.086262
21.625 71.375 0.76692
21.625 71.625 1.1368
21.625 71.875 0.56526
21.625 72.125 0.27467
21.625 72.875 1.2907
21.625 73.125 1.3217
21.625 73.375 0.94943
21.625 73.625 0.85981
21.625 73.875 0.67355
21.625 74.125 0.36613
21.625 74.375 0.037004
21.625 74.625 1.1127
21.625 74.875 1.6618
21.625 75.125 0.58211
21.625 75.375 0.25797
21.625 75.625 -0.039813
21.625 75.875 0.047522
21.625 76.125 0.50938
21.625 76.375 -0.0085747
21.625 76.625 -0.43643
21.625 76.875 0.039285
21.625 77.125 0.55309
21.625 77.375 0.51504
21.625 77.625 -0.21861
21.625 77.875 0.31527
21.625 78.125 0.52684
21.625 78.375 1.5303
21.625 78.625 0.42523
21.625 78.875 0.098497
21.625 79.125 0.33408
21.625 79.375 0.4729
21.625 79.625 0.10563
21.625 79.875 0.040419
21.625 80.125 -0.28009
21.625 80.375 0.0781
21.625 80.625 -0.61073
21.625 80.875 -0.76098
21.625 81.125 -1.3625
21.625 81.375 -1.1888
21.625 81.625 -0.19247
21.625 81.875 0.12991
21.625 82.125 0.74388
21.625 82.375 0.46822
21.625 82.625 1.0079
21.625 82.875 NaN
21.625 83.125 1.1491
21.625 83.375 0.56857
21.625 83.625 0.94517
21.625 83.875 1.2657
21.625 84.125 0.72711
21.625 84.375 1.1017
21.625 84.625 1.2272
21.625 84.875 2.106
21.625 85.125 1.1342
21.625 85.375 1.038
21.625 85.625 1.0233
21.625 85.875 1.8347
21.625 86.125 1.1063
21.625 86.375 1.4215
21.625 86.625 -0.60293
21.625 86.875 -0.40988
21.625 87.125 -0.12242
21.625 87.375 NaN
21.875 69.375 NaN
21.875 69.625 0.63107
21.875 69.875 0.36966
21.875 70.125 0.29182
21.875 70.375 0.54913
21.875 70.625 0.53309
21.875 70.875 -0.1781
21.875 71.125 -0.25984
21.875 71.375 0.61641
21.875 71.625 0.85918
21.875 71.875 0.47333
21.875 72.125 0.35378
21.875 72.625 NaN
21.875 72.875 0.48368
21.875 73.125 0.56338
21.875 73.375 0.34003
21.875 73.625 0.17149
21.875 73.875 0.2711
21.875 74.125 -0.10625
21.875 74.375 -0.47483
21.875 74.625 0.2572
21.875 74.875 0.27818
21.875 75.125 0.43105
21.875 75.375 -0.33626
21.875 75.625 -0.054635
21.875 75.875 0.55575
21.875 76.125 0.43052
21.875 76.375 0.069606
21.875 76.625 -0.11714
21.875 76.875 0.33595
21.875 77.125 0.70882
21.875 77.375 0.1628
21.875 77.625 -0.16502
21.875 77.875 -0.2484
21.875 78.125 -0.45826
21.875 78.375 -0.48514
21.875 78.625 0.055272
21.875 78.875 0.47558
21.875 79.125 0.4191
21.875 79.375 0.42768
21.875 79.625 0.57288
21.875 79.875 0.80469
21.875 80.125 0.70247
21.875 80.375 0.53772
21.875 80.625 -0.0086165
21.875 80.875 -0.47005
21.875 81.125 -0.88863
21.875 81.375 -0.17323
21.875 81.625 0.53532
21.875 81.875 0.027995
21.875 82.125 1.1035
21.875 82.375 0.71475
21.875 82.625 0.36753
21.875 82.875 0.48243
21.875 83.125 0.75061
21.875 83.375 0.49446
21.875 83.625 0.55481
21.875 83.875 1.6215
21.875 84.125 0.65009
21.875 84.375 1.1549
21.875 84.625 1.475
21.875 84.875 1.3976
21.875 85.125 1.1787
21.875 85.375 1.1269
21.875 85.625 0.55248
21.875 85.875 2.2295
21.875 86.125 1.7429
21.875 86.375 1.6535
21.875 86.625 -0.46226
21.875 86.875 -0.63357
21.875 87.125 -0.18779
21.875 87.375 -0.12548
21.875 87.625 -0.10654
21.875 87.875 0.36242
21.875 88.375 0.58263
21.875 88.625 NaN
21.875 88.875 NaN
22.125 69.125 0.93376
22.125 69.375 0.49566
22.125 69.625 0.27548
22.125 69.875 0.15546
22.125 70.125 0.13985
22.125 70.375 0.21046
22.125 70.625 0.24284
22.125 70.875 0.35966
22.125 71.125 -0.36598
22.125 71.375 0.44531
22.125 71.625 0.42981
22.125 71.875 0.19937
22.125 72.125 0.46542
22.125 72.625 NaN
22.125 72.875 0.30324
22.125 73.125 0.13496
22.125 73.375 0.6732
22.125 73.625 0.49974
22.125 73.875 0.5196
22.125 74.125 1.4614
22.125 74.375 -0.32826
22.125 74.625 -0.33
22.125 74.875 0.20698
22.125 75.125 0.28475
22.125 75.375 -0.087391
22.125 75.625 0.72891
22.125 75.875 0.75909
22.125 76.125 0.2661
22.125 76.375 0.19039
22.125 76.625 0.30358
22.125 76.875 0.35117
22.125 77.125 0.54979
22.125 77.375 0.26713
22.125 77.625 -0.1583
22.125 77.875 0.099559
22.125 78.125 -0.18359
22.125 78.375 -0.57788
22.125 78.625 -0.35472
22.125 78.875 -0.015508
22.125 79.125 0.35392
22.125 79.375 0.33004
22.125 79.625 0.99017
22.125 79.875 1.289
22.125 80.125 1.181
22.125 80.375 1.4359
22.125 80.625 0.73179
22.125 80.875 -0.41004
22.125 81.125 -1.2338
22.125 81.375 1.3061
22.125 81.625 -0.0038544
22.125 81.875 0.37285
22.125 82.125 0.52255
22.125 82.375 0.11304
22.125 82.625 0.034025
22.125 82.875 0.11857
22.125 83.125 0.015809
22.125 83.375 0.050962
22.125 83.625 0.50238
22.125 83.875 0.054017
22.125 84.125 0.69628
22.125 84.375 0.46996
22.125 84.625 0.89931
22.125 84.875 1.6058
22.125 85.125 1.1515
22.125 85.375 1.1399
22.125 85.625 0.73577
22.125 85.875 1.0909
22.125 86.125 1.6066
22.125 86.375 1.4355
22.125 86.625 0.58384
22.125 86.875 0.35297
22.125 87.125 0.22076
22.125 87.375 0.012738
22.125 87.625 0.091989
22.125 87.875 0.61052
22.125 88.125 0.87412
22.125 88.375 0.74131
22.125 92.875 NaN
22.375 69.125 0.65474
22.375 69.875 0.10293
22.375 70.125 0.13194
22.375 70.375 -0.17683
22.375 70.625 0.28992
22.375 70.875 0.15268
22.375 71.125 0.35654
22.375 71.375 0.24965
22.375 71.625 -0.13057
22.375 71.875 0.032622
22.375 72.125 0.39581
22.375 72.625 NaN
22.375 72.875 0.23069
22.375 73.125 0.54061
22.375 73.375 0.24657
22.375 73.625 0.92292
22.375 73.875 1.0751
22.375 74.125 0.79932
22.375 74.375 -0.047015
22.375 74.625 -0.18794
22.375 74.875 0.45634
22.375 75.125 0.49712
22.375 75.375 0.77767
22.375 75.625 0.52428
22.375 75.875 -0.16109
22.375 76.125 0.31004
22.375 76.375 0.81635
22.375 76.625 1.1504
22.375 76.875 0.5243
22.375 77.125 0.40531
22.375 77.375 0.57837
22.375 77.625 0.51008
22.375 77.875 0.85091
22.375 78.125 0.65718
22.375 78.375 0.12733
22.375 78.625 0.083414
22.375 78.875 0.73495
22.375 79.125 0.76076
22.375 79.375 1.0566
22.375 79.625 1.8669
22.375 79.875 1.1584
22.375 80.125 1.1311
22.375 80.375 2.3696
22.375 80.625 0.6094
22.375 80.875 -0.045007
22.375 81.125 -0.30821
22.375 81.375 0.66198
22.375 81.625 0.35138
22.375 81.875 0.82804
22.375 82.125 0.31162
22.375 82.375 0.025333
22.375 82.625 -0.63392
22.375 82.875 -0.66682
22.375 83.125 -0.79456
22.375 83.375 -0.99671
22.375 83.625 -0.98508
22.375 83.875 -0.23004
22.375 84.125 0.090734
22.375 84.375 0.65353
22.375 84.625 0.90702
22.375 84.875 1.3264
22.375 85.125 1.1974
22.375 85.375 1.3142
22.375 85.625 0.67241
22.375 85.875 1.836
22.375 86.125 3.3879
22.375 86.375 1.0248
22.375 86.625 0.7591
22.375 86.875 0.35162
22.375 87.125 0.29254
22.375 87.375 -0.040057
22.375 87.625 0.13258
22.375 87.875 1.0413
22.375 88.125 -0.82931
22.375 88.375 0.61909
22.375 88.625 0.70858
22.375 88.875 0.66664
22.375 92.875 1.662
22.625 70.375 0.79781
22.625 70.625 0.89594
22.625 70.875 0.20041
22.625 71.125 0.15396
22.625 71.375 0.45183
22.625 71.625 0.1597
22.625 71.875 -0.12288
22.625 72.125 -0.01022
22.625 72.375 0.15595
22.625 72.625 1.7075
22.625 72.875 -0.011765
22.625 73.125 -0.13391
22.625 73.375 0.82792
22.625 73.625 -0.15787
22.625 73.875 -0.29269
22.625 74.125 0.31846
22.625 74.375 0.46696
22.625 74.625 0.33745
22.625 74.875 0.46883
22.625 75.125 0.45606
22.625 75.375 1.0708
22.625 75.625 0.58705
22.625 75.875 -0.16429
22.625 76.125 0.21493
22.625 76.375 0.41743
22.625 76.625 0.90116
22.625 76.875 0.62234
22.625 77.125 0.69787
22.625 77.375 0.91607
22.625 77.625 1.0366
22.625 77.875 1.3935
22.625 78.125 1.4632
22.625 78.375 1.1374
22.625 78.625 1.1404
22.625 78.875 0.99562
22.625 79.125 1.0789
22.625 79.375 1.1069
22.625 79.625 1.2625
22.625 79.875 0.65265
22.625 80.125 1.1685
22.625 80.375 0.52547
22.625 80.625 -0.68818
22.625 80.875 -0.63238
22.625 81.125 0.49597
22.625 81.375 0.29009
22.625 81.625 0.65391
22.625 81.875 0.58433
22.625 82.125 0.065475
22.625 82.375 -0.69151
22.625 82.625 -1.0902
22.625 82.875 -1.0737
22.625 83.125 -1.0939
22.625 83.375 -0.67321
22.625 83.625 -0.19603
22.625 83.875 -0.83388
22.625 84.125 -0.058569
22.625 84.375 0.51532
22.625 84.625 1.0561
22.625 84.875 1.8053
22.625 85.125 1.373
22.625 85.375 0.84018
22.625 85.625 1.4465
22.625 85.875 1.9135
22.625 86.125 2.6461
22.625 86.375 0.79697
22.625 86.625 0.78715
22.625 86.875 0.57481
22.625 87.125 0.21957
22.625 87.375 -0.099092
22.625 87.625 0.11042
22.625 87.875 0.51477
22.625 88.125 0.43301
22.625 88.375 0.92925
22.625 88.625 0.7955
22.625 88.875 0.79477
22.625 92.625 0.27817
22.625 92.875 1.4452
22.875 69.375 NaN
22.875 69.625 NaN
22.875 69.875 NaN
22.875 70.625 1.19
22.875 70.875 0.43451
22.875 71.125 0.065137
22.875 71.375 -0.089802
22.875 71.625 -0.068137
22.875 71.875 -0.32348
22.875 72.125 0.1077
22.875 72.375 0.43809
22.875 72.625 1.2972
22.875 72.875 0.11769
22.875 73.125 0.79987
22.875 73.375 0.87133
22.875 73.625 -0.047364
22.875 73.875 0.2391
22.875 74.125 0.39168
22.875 74.375 -0.049851
22.875 74.625 0.23467
22.875 74.875 0.95375
22.875 75.125 0.65428
22.875 75.375 0.1201
22.875 75.625 -0.16487
22.875 75.875 -0.31652
22.875 76.125 -0.40341
22.875 76.375 -0.19815
22.875 76.625 -0.015606
22.875 76.875 0.7338
22.875 77.125 0.75303
22.875 77.375 1.6757
22.875 77.625 1.0749
22.875 77.875 1.4054
22.875 78.125 2.2289
22.875 78.375 1.5976
22.875 78.625 1.6114
22.875 78.875 1.3282
22.875 79.125 0.8349
22.875 79.375 0.69593
22.875 79.625 -0.11864
22.875 79.875 0.63417
22.875 80.125 0.47162
22.875 80.375 0.39664
22.875 80.625 -0.35312
22.875 80.875 0.036594
22.875 81.125 0.3716
22.875 81.375 0.36364
22.875 81.625 -0.25025
22.875 81.875 -0.064961
22.875 82.125 -0.15714
22.875 82.375 0.133
22.875 82.625 -0.61801
22.875 82.875 -0.45416
22.875 83.125 -1.2234
22.875 83.375 -0.28751
22.875 83.625 0.30732
22.875 83.875 -0.092834
22.875 84.125 -0.19402
22.875 84.375 0.18688
22.875 84.625 1.4491
22.875 84.875 1.4581
22.875 85.125 2.1242
22.875 85.375 1.9315
22.875 85.625 1.3978
22.875 85.875 0.7063
22.875 86.125 0.1201
22.875 86.375 0.45033
22.875 86.625 1.3438
22.875 86.875 1.4427
22.875 87.125 0.67559
22.875 87.375 0.31873
22.875 87.625 -0.11654
22.875 87.875 -0.90142
22.875 88.125 0.14247
22.875 88.375 0.52978
22.875 88.625 0.8809
22.875 92.625 0.37825
22.875 92.875 1.0631
23.125 68.875 0.52152
23.125 69.125 1.201
23.125 69.375 1.4588
23.125 69.625 1.8331
23.125 69.875 1.6132
23.125 70.125 1.6558
23.125 70.875 0.48918
23.125 71.125 0.31942
23.125 71.375 0.076772
23.125 71.625 0.22676
23.125 71.875 -0.36121
23.125 72.125 -0.070689
23.125 72.375 -0.36073
23.125 72.625 1.2153
23.125 72.875 0.60902
23.125 73.125 0.13444
23.125 73.375 0.90987
23.125 73.625 1.0115
23.125 73.875 0.77055
23.125 74.125 0.23599
23.125 74.375 0.31247
23.125 74.625 1.4564
23.125 74.875 0.98228
23.125 75.125 0.50309
23.125 75.375 0.25229
23.125 75.625 0.029252
23.125 75.875 -0.055449
23.125 76.125 -0.35876
23.125 76.375 -0.52222
23.125 76.625 -0.63949
23.125 76.875 -0.45616
23.125 77.125 0.11346
23.125 77.375 0.86498
23.125 77.625 0.87071
23.125 77.875 1.0237
23.125 78.125 1.4188
23.125 78.375 1.535
23.125 78.625 1.4917
23.125 78.875 1.1031
23.125 79.125 0.5159
23.125 79.375 0.7256
23.125 79.625 -0.2605
23.125 79.875 0.11963
23.125 80.125 0.13144
23.125 80.375 0.10297
23.125 80.625 0.44754
23.125 80.875 0.98999
23.125 81.125 0.65536
23.125 81.375 -0.088574
23.125 81.625 -0.0087149
23.125 81.875 0.12129
23.125 82.125 0.064251
23.125 82.375 0.46747
23.125 82.625 0.59595
23.125 82.875 -0.32043
23.125 83.125 -0.75851
23.125 83.375 1.7059
23.125 83.625 3.07
23.125 83.875 1.7032
23.125 84.125 0.44447
23.125 84.375 1.1682
23.125 84.625 1.6183
23.125 84.875 1.6305
23.125 85.125 1.4164
23.125 85.375 2.1433
23.125 85.625 1.0234
23.125 85.875 0.25418
23.125 86.125 0.65341
23.125 86.375 1.1475
23.125 86.625 1.0898
23.125 86.875 1.4461
23.125 87.125 1.0373
23.125 87.375 0.77871
23.125 87.625 0.91275
23.125 87.875 -0.018891
23.125 88.125 -0.5283
23.125 88.375 -0.15847
23.125 88.625 0.3276
23.125 91.625 NaN
23.125 92.625 0.11407
23.125 92.875 0.1938
23.125 93.125 NaN
23.375 68.875 0.88513
23.375 69.125 1.2022
23.375 69.375 1.5086
23.375 69.625 1.7069
23.375 69.875 1.751
23.375 70.125 2.0681
23.375 70.375 2.6076
23.375 70.625 2.5539
23.375 70.875 1.7051
23.375 71.125 1.5246
23.375 71.375 0.57144
23.375 71.625 -0.10321
23.375 71.875 -0.060034
23.375 72.125 -0.10703
23.375 72.375 -0.053411
23.375 72.625 0.27958
23.375 72.875 0.95047
23.375 73.125 0.73378
23.375 73.375 0.39313
23.375 73.625 0.15645
23.375 73.875 0.18394
23.375 74.125 -0.0031966
23.375 74.375 0.30949
23.375 74.625 1.8993
23.375 74.875 1.2809
23.375 75.125 0.35067
23.375 75.375 0.45521
23.375 75.625 -0.018604
23.375 75.875 -0.097066
23.375 76.125 0.038852
23.375 76.375 -0.372
23.375 76.625 -0.38913
23.375 76.875 0.069285
23.375 77.125 -0.21919
23.375 77.375 0.53878
23.375 77.625 0.0811
23.375 77.875 0.55118
23.375 78.125 0.4509
23.375 78.375 0.8291
23.375 78.625 1.0306
23.375 78.875 0.71005
23.375 79.125 0.24429
23.375 79.375 0.49473
23.375 79.625 0.43649
23.375 79.875 0.18422
23.375 80.125 -0.19203
23.375 80.375 0.2137
23.375 80.625 0.67888
23.375 80.875 0.71304
23.375 81.125 0.32752
23.375 81.375 -0.08378
23.375 81.625 0.29327
23.375 81.875 0.24785
23.375 82.125 0.82022
23.375 82.375 0.039928
23.375 82.625 0.090393
23.375 82.875 0.021724
23.375 83.125 1.3119
23.375 83.375 2.4618
23.375 83.625 2.8801
23.375 83.875 1.1378
23.375 84.125 1.0483
23.375 84.375 1.4449
23.375 84.625 1.1003
23.375 84.875 0.47233
23.375 85.125 0.89283
23.375 85.375 0.89529
23.375 85.625 0.69506
23.375 85.875 0.053865
23.375 86.125 -0.025371
23.375 86.375 0.60185
23.375 86.625 0.49878
23.375 86.875 0.80811
23.375 87.125 0.90401
23.375 87.375 0.42017
23.375 87.625 1.0179
23.375 87.875 -0.23635
23.375 88.125 -0.56693
23.375 88.375 -0.30886
23.375 88.625 -0.1382
23.375 91.375 -0.14786
23.375 91.625 -0.33664
23.375 92.625 0.062334
23.375 92.875 -0.086064
23.375 93.125 -0.55886
23.625 68.625 0.98021
23.625 68.875 0.98236
23.625 69.125 1.0506
23.625 69.375 1.3222
23.625 69.625 1.3363
23.625 69.875 1.7503
23.625 70.125 2.3045
23.625 70.375 2.5968
23.625 70.625 2.7129
23.625 70.875 2.1082
23.625 71.125 2.222
23.625 71.375 1.8846
23.625 71.625 0.16438
23.625 71.875 -0.13546
23.625 72.125 0.24731
23.625 72.375 0.083235
23.625 72.625 0.71538
23.625 72.875 1.317
23.625 73.125 1.1023
23.625 73.375 0.69694
23.625 73.625 0.54876
23.625 73.875 0.23427
23.625 74.125 0.66752
23.625 74.375 0.55804
23.625 74.625 1.3387
23.625 74.875 0.89575
23.625 75.125 -0.41477
23.625 75.375 0.12229
23.625 75.625 0.45313
23.625 75.875 0.4421
23.625 76.125 0.44263
23.625 76.375 0.41556
23.625 76.625 1.3673
23.625 76.875 1.4814
23.625 77.125 0.3102
23.625 77.375 0.11937
23.625 77.625 -0.35092
23.625 77.875 0.27191
23.625 78.125 0.42839
23.625 78.375 0.46945
23.625 78.625 0.37401
23.625 78.875 0.35637
23.625 79.125 0.19863
23.625 79.375 0.23942
23.625 79.625 0.3627
23.625 79.875 1.2612
23.625 80.125 0.30088
23.625 80.375 0.32981
23.625 80.625 1.2682
23.625 80.875 1.2401
23.625 81.125 -0.066897
23.625 81.375 0.35345
23.625 81.625 0.56964
23.625 81.875 0.66701
23.625 82.125 0.62711
23.625 82.375 0.79494
23.625 82.625 1.332
23.625 82.875 1.5957
23.625 83.125 1.8883
23.625 83.375 1.3667
23.625 83.625 1.6342
23.625 83.875 0.80155
23.625 84.125 0.60733
23.625 84.375 0.52246
23.625 84.625 0.21944
23.625 84.875 0.16705
23.625 85.125 0.168
23.625 85.375 0.84898
23.625 85.625 0.52275
23.625 85.875 2.6134
23.625 86.125 -1.0844
23.625 86.375 0.42819
23.625 86.625 0.45663
23.625 86.875 0.34982
23.625 87.125 0.12257
23.625 87.375 0.59334
23.625 87.625 0.11541
23.625 87.875 -0.078845
23.625 88.125 -0.4468
23.625 88.375 -0.40218
23.625 91.375 -0.11741
23.625 91.625 -0.36355
23.625 91.875 NaN
23.625 92.375 -0.38827
23.625 92.625 -0.035865
23.625 92.875 -0.34931
23.625 93.125 -0.49972
23.875 68.875 0.91722
23.875 69.125 0.97768
23.875 69.375 1.2563
23.875 69.625 1.4234
23.875 69.875 2.0314
23.875 70.125 2.2265
23.875 70.375 2.4258
23.875 70.625 2.5754
23.875 70.875 2.3275
23.875 71.125 2.6237
23.875 71.375 2.7543
23.875 71.625 1.3239
23.875 71.875 0.57595
23.875 72.125 0.87861
23.875 72.375 0.78969
23.875 72.625 1.0663
23.875 72.875 1.8432
23.875 73.125 1.7093
23.875 73.375 2.3663
23.875 73.625 0.47781
23.875 73.875 0.93753
23.875 74.125 0.64629
23.875 74.375 0.76146
23.875 74.625 0.76478
23.875 74.875 0.17129
23.875 75.125 0.058343
23.875 75.375 0.10688
23.875 75.625 0.18744
23.875 75.875 0.18344
23.875 76.125 1.0102
23.875 76.375 1.2923
23.875 76.625 2.0495
23.875 76.875 1.5773
23.875 77.125 0.45647
23.875 77.375 0.32837
23.875 77.625 0.21249
23.875 77.875 0.54236
23.875 78.125 0.36578
23.875 78.375 0.22469
23.875 78.625 0.45295
23.875 78.875 0.50534
23.875 79.125 0.085356
23.875 79.375 0.24181
23.875 79.625 0.47899
23.875 79.875 0.58773
23.875 80.125 0.27278
23.875 80.375 -0.12956
23.875 80.625 0.69547
23.875 80.875 0.26601
23.875 81.125 0.0088188
23.875 81.375 0.58384
23.875 81.625 0.75195
23.875 81.875 0.47608
23.875 82.125 1.0145
23.875 82.375 1.2254
23.875 82.625 1.1164
23.875 82.875 0.70605
23.875 83.125 0.72148
23.875 83.375 0.073067
23.875 83.625 0.88112
23.875 83.875 1.1852
23.875 84.125 1.2376
23.875 84.375 0.48345
23.875 84.625 0.21592
23.875 84.875 -0.28023
23.875 85.125 -0.5416
23.875 85.375 0.020312
23.875 85.625 -0.024401
23.875 85.875 0.45861
23.875 86.125 0.092565
23.875 86.375 1.4769
23.875 86.625 0.87563
23.875 86.875 0.6219
23.875 87.125 0.026091
23.875 87.375 0.085435
23.875 87.625 -0.0535
23.875 87.875 -0.053102
23.875 88.125 -0.093888
23.875 88.375 -0.45849
23.875 91.375 -0.58326
23.875 91.625 -0.75316
23.875 91.875 0.73194
23.875 92.125 0.61788
23.875 92.375 0.018509
23.875 92.625 0.090023
23.875 92.875 -0.88438
23.875 93.125 -0.60723
23.875 93.375 -0.49508
24.125 68.875 0.96879
24.125 69.125 1.001
24.125 69.375 1.2812
24.125 69.625 1.6612
24.125 69.875 2.0437
24.125 70.125 2.3963
24.125 70.375 2.7211
24.125 70.625 2.6638
24.125 70.875 2.5651
24.125 71.125 2.5839
24.125 71.375 2.5693
24.125 71.625 1.2566
24.125 71.875 0.84482
24.125 72.125 1.1017
24.125 72.375 0.89273
24.125 72.625 1.3746
24.125 72.875 1.007
24.125 73.125 1.2433
24.125 73.375 0.88409
24.125 73.625 0.38927
24.125 73.875 0.63167
24.125 74.125 0.5549
24.125 74.375 0.62012
24.125 74.625 -0.0062764
24.125 74.875 -0.36712
24.125 75.125 -0.48961
24.125 75.375 -0.073627
24.125 75.625 0.044352
24.125 75.875 0.15636
24.125 76.125 0.75856
24.125 76.375 1.2301
24.125 76.625 1.5821
24.125 76.875 2.0593
24.125 77.125 1.4993
24.125 77.375 0.78014
24.125 77.625 0.72414
24.125 77.875 0.25272
24.125 78.125 -0.067141
24.125 78.375 0.2375
24.125 78.625 0.40443
24.125 78.875 -0.048684
24.125 79.125 -0.021443
24.125 79.375 0.14965
24.125 79.625 -0.50639
24.125 79.875 0.34562
24.125 80.125 -0.46098
24.125 80.375 -0.13333
24.125 80.625 0.64493
24.125 80.875 0.45294
24.125 81.125 -0.012326
24.125 81.375 0.56574
24.125 81.625 0.79224
24.125 81.875 0.25928
24.125 82.125 0.81583
24.125 82.375 0.96518
24.125 82.625 0.11549
24.125 82.875 -0.24405
24.125 83.125 0.10777
24.125 83.375 -0.91249
24.125 83.625 -0.39954
24.125 83.875 0.61668
24.125 84.125 0.84735
24.125 84.375 0.57431
24.125 84.625 0.2961
24.125 84.875 -0.14442
24.125 85.125 -0.7382
24.125 85.375 0.012276
24.125 85.625 -0.3297
24.125 85.875 0.21002
24.125 86.125 -0.37282
24.125 86.375 -0.92838
24.125 86.625 -0.024451
24.125 86.875 0.074261
24.125 87.125 -0.43476
24.125 87.375 -0.3914
24.125 87.625 -0.57127
24.125 87.875 -0.27879
24.125 88.125 -0.27138
24.125 88.375 -0.31353
24.125 91.875 0.69533
24.125 92.125 0.63996
24.125 92.375 -0.33615
24.125 92.625 -0.12799
24.125 92.875 -0.81405
24.125 93.125 -0.79095
24.125 93.375 -0.19823
24.125 93.625 -0.1564
24.125 93.875 -0.056964
24.125 94.125 NaN
24.375 71.375 2.405
24.375 71.625 1.567
24.375 71.875 1.0766
24.375 72.125 0.90305
24.375 72.375 0.20638
24.375 72.625 0.55385
24.375 72.875 0.62329
24.375 73.125 0.94828
24.375 73.375 1.3888
24.375 73.625 1.1422
24.375 73.875 0.5004
24.375 74.125 -0.081924
24.375 74.375 0.79998
24.375 74.625 0.88234
24.375 74.875 0.39638
24.375 75.125 0.068297
24.375 75.375 0.97827
24.375 75.625 1.6782
24.375 75.875 1.4271
24.375 76.125 0.91144
24.375 76.375 1.4721
24.375 76.625 1.98
24.375 76.875 2.1088
24.375 77.125 1.8663
24.375 77.375 1.7161
24.375 77.625 1.4778
24.375 77.875 1.2875
24.375 78.125 0.78041
24.375 78.375 1.3555
24.375 78.625 0.32842
24.375 78.875 0.43554
24.375 79.125 0.74339
24.375 79.375 0.63761
24.375 79.625 0.28996
24.375 79.875 0.13267
24.375 80.125 -0.41334
24.375 80.375 0.3568
24.375 80.625 0.75
24.375 80.875 0.52885
24.375 81.125 0.29925
24.375 81.375 0.33055
24.375 81.625 0.93536
24.375 81.875 1.1968
24.375 82.125 1.0152
24.375 82.375 0.76365
24.375 82.625 0.30963
24.375 82.875 0.3495
24.375 83.125 -0.22868
24.375 83.375 -0.26573
24.375 83.625 0.062609
24.375 83.875 -0.077629
24.375 84.125 -0.10776
24.375 84.375 0.71099
24.375 84.625 0.4046
24.375 84.875 0.092726
24.375 85.125 0.52684
24.375 85.375 0.53482
24.375 85.625 0.49581
24.375 85.875 -0.57248
24.375 86.125 -0.55072
24.375 86.375 -0.44883
24.375 86.625 -0.17966
24.375 86.875 -0.57096
24.375 87.125 -0.96804
24.375 87.375 -0.32262
24.375 87.625 -1.2305
24.375 87.875 -0.89481
24.375 88.125 -0.68888
24.375 92.375 -1.3613
24.375 92.625 -0.79596
24.375 92.875 -0.86846
24.375 93.125 -0.76849
24.375 93.375 -0.25209
24.375 93.625 -0.19075
24.375 93.875 0.011434
24.375 94.125 0.35141
24.625 71.125 1.2154
24.625 71.375 1.9969
24.625 71.625 2.1115
24.625 71.875 1.1408
24.625 72.125 0.59046
24.625 72.375 0.53818
24.625 72.625 0.67327
24.625 72.875 0.5327
24.625 73.125 1.2097
24.625 73.375 1.6392
24.625 73.625 1.5589
24.625 73.875 1.2629
24.625 74.125 0.36886
24.625 74.375 0.83942
24.625 74.625 1.256
24.625 74.875 0.70435
24.625 75.125 0.8403
24.625 75.375 1.5107
24.625 75.625 1.3626
24.625 75.875 1.0872
24.625 76.125 1.9741
24.625 76.375 2.1694
24.625 76.625 1.8958
24.625 76.875 1.8867
24.625 77.125 1.6957
24.625 77.375 1.7541
24.625 77.625 1.6379
24.625 77.875 1.842
24.625 78.125 0.79885
24.625 78.375 1.3752
24.625 78.625 0.7582
24.625 78.875 0.95681
24.625 79.125 1.1328
24.625 79.375 1.1633
24.625 79.625 0.77229
24.625 79.875 0.5261
24.625 80.125 0.58051
24.625 80.375 0.57729
24.625 80.625 0.54786
24.625 80.875 -0.74221
24.625 81.125 -0.7533
24.625 81.375 0.91984
24.625 81.625 1.4854
24.625 81.875 1.4313
24.625 82.125 -0.36765
24.625 82.375 -0.13817
24.625 82.625 0.31409
24.625 82.875 0.42173
24.625 83.125 -0.45731
24.625 83.375 -0.65162
24.625 83.625 -0.18722
24.625 83.875 -0.15551
24.625 84.125 0.053312
24.625 84.375 0.2498
24.625 84.625 -0.19897
24.625 84.875 -0.25126
24.625 85.125 -0.16285
24.625 85.375 -0.090454
24.625 85.625 -0.48998
24.625 85.875 -1.0097
24.625 86.125 -0.59372
24.625 86.375 -0.60194
24.625 86.625 -0.43598
24.625 86.875 -0.87388
24.625 87.125 -0.95943
24.625 87.375 -0.64078
24.625 87.625 -0.849
24.625 87.875 -0.85009
24.625 92.375 -1.1701
24.625 92.625 -1.3217
24.625 92.875 -1.1983
24.625 93.125 -0.14584
24.625 93.375 0.1944
24.625 93.625 0.049997
24.625 93.875 0.56041
24.625 94.125 0.6401
24.625 94.375 NaN
24.875 71.125 0.78799
24.875 71.375 0.70388
24.875 71.625 1.1364
24.875 71.875 0.47392
24.875 72.125 0.3241
24.875 72.375 0.51969
24.875 72.625 0.50594
24.875 72.875 0.59088
24.875 73.125 0.78394
24.875 73.375 1.4386
24.875 73.625 1.1023
24.875 73.875 0.47618
24.875 74.125 0.62177
24.875 74.375 0.89451
24.875 74.625 1.0783
24.875 74.875 0.68528
24.875 75.125 1.4316
24.875 75.375 0.9458
24.875 75.625 0.67599
24.875 75.875 1.3752
24.875 76.125 1.7636
24.875 76.375 2.6631
24.875 76.625 2.7258
24.875 76.875 2.1659
24.875 77.125 1.8604
24.875 77.375 1.95
24.875 77.625 1.7977
24.875 77.875 1.339
24.875 78.125 1.1052
24.875 78.375 1.7326
24.875 78.625 0.65857
24.875 78.875 3.0147
24.875 79.125 1.948
24.875 79.375 1.3879
24.875 79.625 1.3295
24.875 79.875 0.76024
24.875 80.125 0.42832
24.875 80.375 0.8247
24.875 80.625 0.87996
24.875 80.875 -0.456
24.875 81.125 -1.2576
24.875 81.375 -0.70379
24.875 81.625 0.096921
24.875 81.875 -0.45362
24.875 82.125 -0.75132
24.875 82.375 -0.64771
24.875 82.625 0.69526
24.875 82.875 -0.68469
24.875 83.125 -1.0583
24.875 83.375 -1.1679
24.875 83.625 -0.60197
24.875 83.875 -0.58229
24.875 84.125 -0.85493
24.875 84.375 -1.4744
24.875 84.625 -0.98928
24.875 84.875 -0.28386
24.875 85.125 0.12782
24.875 85.375 -0.69192
24.875 85.625 -0.68309
24.875 85.875 -0.19935
24.875 86.125 -1.1464
24.875 86.375 -0.65286
24.875 86.625 -0.76472
24.875 86.875 -1.0837
24.875 87.125 -0.99817
24.875 87.375 -0.41086
24.875 87.625 -0.53435
24.875 87.875 -0.48778
24.875 88.125 -0.16779
24.875 92.625 -1.0993
24.875 92.875 -0.69253
24.875 93.125 0.047064
24.875 93.375 0.22876
24.875 93.625 0.72781
24.875 93.875 0.81399
24.875 94.125 0.66924
24.875 94.375 0.52136
25.125 71.125 0.87546
25.125 71.375 0.70202
25.125 71.625 0.70109
25.125 71.875 0.86735
25.125 72.125 1.011
25.125 72.375 2.803
25.125 72.625 2.0201
25.125 72.875 0.75196
25.125 73.125 0.95672
25.125 73.375 1.7133
25.125 73.625 1.8167
25.125 73.875 0.92057
25.125 74.125 0.75793
25.125 74.375 1.5311
25.125 74.625 2.237
25.125 74.875 2.0272
25.125 75.125 3.0648
25.125 75.375 1.1846
25.125 75.625 1.719
25.125 75.875 1.555
25.125 76.125 2.1901
25.125 76.375 2.6494
25.125 76.625 2.5691
25.125 76.875 2.1052
25.125 77.125 1.8064
25.125 77.375 1.5665
25.125 77.625 1.9159
25.125 77.875 1.8673
25.125 78.125 1.6493
25.125 78.375 1.1306
25.125 78.625 0.45717
25.125 78.875 0.39774
25.125 79.125 1.0955
25.125 79.375 0.46873
25.125 79.625 0.4363
25.125 79.875 1.1651
25.125 80.125 0.42105
25.125 80.375 1.2596
25.125 80.625 1.0036
25.125 80.875 0.010799
25.125 81.125 -1.167
25.125 81.375 -0.4168
25.125 81.625 -1.1634
25.125 81.875 -0.72682
25.125 82.125 0.13246
25.125 82.375 0.72568
25.125 82.625 0.14047
25.125 82.875 -0.91264
25.125 83.125 -1.3056
25.125 83.375 -1.443
25.125 83.625 -0.99169
25.125 83.875 -1.1896
25.125 84.125 -1.0168
25.125 84.375 -0.92944
25.125 84.625 -0.52223
25.125 84.875 -0.8061
25.125 85.125 0.2018
25.125 85.375 0.23195
25.125 85.625 -0.72897
25.125 85.875 -0.17001
25.125 86.125 -1.2174
25.125 86.375 -0.27497
25.125 86.625 -1.0704
25.125 86.875 -1.4403
25.125 87.125 -1.1499
25.125 87.375 -0.59391
25.125 87.625 -0.50668
25.125 87.875 -0.73398
25.125 88.125 -0.59906
25.125 88.375 -0.51047
25.125 92.375 -1.4132
25.125 92.625 -1.451
25.125 92.875 -0.41303
25.125 93.125 0.072577
25.125 93.375 0.519
25.125 93.625 0.40422
25.125 93.875 0.30325
25.125 94.125 0.33261
25.125 94.375 0.34116
25.375 70.875 0.077554
25.375 71.125 0.25843
25.375 71.375 0.50674
25.375 71.625 1.2377
25.375 71.875 1.3414
25.375 72.125 1.6938
25.375 72.375 2.704
25.375 72.625 2.1015
25.375 72.875 1.5602
25.375 73.125 1.7472
25.375 73.375 2.0294
25.375 73.625 2.049
25.375 73.875 1.0925
25.375 74.125 1.4767
25.375 74.375 2.0789
25.375 74.625 2.2814
25.375 74.875 2.44
25.375 75.125 2.3919
25.375 75.375 1.9846
25.375 75.625 2.374
25.375 75.875 2.1798
25.375 76.125 3.1879
25.375 76.375 3.8298
25.375 76.625 2.625
25.375 76.875 1.912
25.375 77.125 1.944
25.375 77.375 1.9387
25.375 77.625 2.5253
25.375 77.875 2.299
25.375 78.125 1.6634
25.375 78.375 1.427
25.375 78.625 -0.67743
25.375 78.875 -0.91262
25.375 79.125 -0.4338
25.375 79.375 0.69143
25.375 79.625 0.60567
25.375 79.875 1.015
25.375 80.125 0.78859
25.375 80.375 0.56892
25.375 80.625 0.51972
25.375 80.875 -0.93963
25.375 81.125 -0.90431
25.375 81.375 -0.092395
25.375 81.625 -0.38026
25.375 81.875 -1.5768
25.375 82.125 -1.1422
25.375 82.375 -0.73494
25.375 82.625 -0.74558
25.375 82.875 -1.1455
25.375 83.125 -1.2768
25.375 83.375 -0.5855
25.375 83.625 -0.57051
25.375 83.875 -0.66595
25.375 84.125 -0.7395
25.375 84.375 -0.56528
25.375 84.625 -0.47838
25.375 84.875 -0.17385
25.375 85.125 -0.29566
25.375 85.375 0.27754
25.375 85.625 0.045878
25.375 85.875 0.87503
25.375 86.125 1.4476
25.375 86.375 0.18459
25.375 86.625 -0.74023
25.375 86.875 -1.1997
25.375 87.125 -1.0534
25.375 87.375 -0.99508
25.375 87.625 -0.73305
25.375 87.875 -1.0826
25.375 88.125 -0.74177
25.375 88.375 -0.70916
25.375 88.625 -0.91112
25.375 90.125 -0.020315
25.375 90.375 -0.22243
25.375 90.625 -0.27433
25.375 90.875 -0.34616
25.375 91.125 -0.18695
25.375 91.375 -0.10195
25.375 91.625 -0.4632
25.375 91.875 -0.61008
25.375 92.125 -1.0174
25.375 92.375 -1.2529
25.375 92.625 -0.72594
25.375 92.875 -0.021864
25.375 93.125 0.011437
25.375 93.375 0.0009504
25.375 93.625 0.54911
25.375 93.875 0.15273
25.375 94.125 0.41387
25.375 94.375 0.76766
25.625 70.875 0.012438
25.625 71.125 0.41927
25.625 71.375 0.52873
25.625 71.625 0.97285
25.625 71.875 1.5084
25.625 72.125 1.3208
25.625 72.375 1.6258
25.625 72.625 0.92807
25.625 72.875 1.2752
25.625 73.125 2.1759
25.625 73.375 1.7612
25.625 73.625 1.5657
25.625 73.875 1.6626
25.625 74.125 1.2906
25.625 74.375 2.5695
25.625 74.625 2.4128
25.625 74.875 2.5405
25.625 75.125 2.058
25.625 75.375 3.2827
25.625 75.625 3.7751
25.625 75.875 3.2641
25.625 76.125 3.186
25.625 76.375 3.4812
25.625 76.625 2.6628
25.625 76.875 1.5794
25.625 77.125 1.8467
25.625 77.375 2.3343
25.625 77.625 2.3875
25.625 77.875 1.764
25.625 78.125 1.0483
25.625 78.375 -0.044174
25.625 78.625 -0.58416
25.625 78.875 -0.92795
25.625 79.125 0.28706
25.625 79.375 0.95617
25.625 79.625 1.2813
25.625 79.875 1.0782
25.625 80.125 1.062
25.625 80.375 0.085493
25.625 80.625 -1.0534
25.625 80.875 -1.1822
25.625 81.125 -0.74368
25.625 81.375 -0.73875
25.625 81.625 -0.69079
25.625 81.875 -0.39975
25.625 82.125 -1.1845
25.625 82.375 -0.19628
25.625 82.625 -1.0046
25.625 82.875 -1.6662
25.625 83.125 -1.2837
25.625 83.375 -1.2938
25.625 83.625 -0.15341
25.625 83.875 -0.26663
25.625 84.125 -1.1983
25.625 84.375 -1.2752
25.625 84.625 -0.24228
25.625 84.875 -0.39189
25.625 85.125 -0.81717
25.625 85.375 -0.77167
25.625 85.625 0.26559
25.625 85.875 -0.40952
25.625 86.125 -1.1821
25.625 86.375 -1.0547
25.625 86.625 -1.7727
25.625 86.875 -1.1289
25.625 87.125 -1.0298
25.625 87.375 -1.5281
25.625 87.625 -1.4761
25.625 87.875 -1.442
25.625 88.125 -1.4504
25.625 90.125 -0.15129
25.625 90.375 -0.022833
25.625 90.625 -0.18536
25.625 90.875 -0.27148
25.625 91.125 0.13356
25.625 91.375 -0.12243
25.625 91.625 -0.3646
25.625 91.875 -0.50897
25.625 92.125 -1.0048
25.625 92.375 -0.69725
25.625 92.625 -0.42545
25.625 92.875 -0.68042
25.625 93.125 -0.8706
25.625 93.375 -0.42204
25.625 93.625 0.38251
25.625 93.875 0.83066
25.625 94.125 1.5696
25.625 94.375 1.6321
25.625 94.625 NaN
25.625 94.875 NaN
25.875 70.375 0.13026
25.875 70.625 0.10505
25.875 70.875 0.26013
25.875 71.125 0.39337
25.875 71.375 0.52688
25.875 71.625 0.62205
25.875 71.875 1.5391
25.875 72.125 1.6394
25.875 72.375 1.6636
25.875 72.625 0.89696
25.875 72.875 0.93442
25.875 73.125 1.9307
25.875 73.375 2.2446
25.875 73.625 1.9904
25.875 73.875 1.7932
25.875 74.125 1.4322
25.875 74.375 2.6132
25.875 74.625 3.6588
25.875 74.875 2.4429
25.875 75.125 2.1996
25.875 75.375 2.3173
25.875 75.625 2.8548
25.875 75.875 3.2074
25.875 76.125 2.5714
25.875 76.375 2.8496
25.875 76.625 1.8248
25.875 76.875 1.1218
25.875 77.125 1.1023
25.875 77.375 1.2097
25.875 77.625 1.1606
25.875 77.875 0.98653
25.875 78.125 1.209
25.875 78.375 0.47586
25.875 78.625 0.059979
25.875 78.875 -0.39063
25.875 79.125 0.39698
25.875 79.375 -0.10938
25.875 79.625 -0.10228
25.875 79.875 0.46609
25.875 80.125 0.14445
25.875 80.375 -0.55891
25.875 80.625 -0.76364
25.875 80.875 -1.0268
25.875 81.125 -0.84688
25.875 81.375 -0.071902
25.875 81.625 -0.2223
25.875 81.875 -0.24922
25.875 82.125 -1.1741
25.875 82.375 -1.0451
25.875 82.625 -1.4764
25.875 82.875 -1.0163
25.875 83.125 -1.3262
25.875 83.375 -1.7683
25.875 83.625 -0.90703
25.875 83.875 -1.2814
25.875 84.125 -0.72766
25.875 84.375 -1.6116
25.875 84.625 -1.5602
25.875 84.875 -1.457
25.875 85.125 -1.182
25.875 85.375 -0.83498
25.875 85.625 -0.45017
25.875 85.875 -1.0673
25.875 86.125 -0.76664
25.875 86.375 -0.61628
25.875 86.625 -1.4998
25.875 86.875 -0.91625
25.875 87.125 -1.4515
25.875 87.375 -2.0459
25.875 87.625 -2.0085
25.875 87.875 -1.2927
25.875 90.125 -0.94227
25.875 90.375 -0.90386
25.875 90.625 -0.74982
25.875 90.875 -0.35617
25.875 91.125 -0.70993
25.875 91.375 -1.0645
25.875 91.625 -0.72238
25.875 91.875 -1.1134
25.875 92.125 -1.0082
25.875 92.375 -0.90845
25.875 92.625 -0.76831
25.875 92.875 -1.1254
25.875 93.125 -2.3629
25.875 93.375 -2.0048
25.875 93.625 -0.18778
25.875 93.875 1.5007
25.875 94.125 1.7029
25.875 94.375 1.8827
25.875 94.625 1.4908
25.875 94.875 1.1074
26.125 70.375 0.15021
26.125 70.625 0.12299
26.125 70.875 0.19544
26.125 71.125 0.075327
26.125 71.375 0.3777
26.125 71.625 1.2786
26.125 71.875 1.7272
26.125 72.125 1.6644
26.125 72.375 1.5643
26.125 72.625 0.94876
26.125 72.875 0.71958
26.125 73.125 1.1548
26.125 73.375 1.5288
26.125 73.625 1.2444
26.125 73.875 1.5705
26.125 74.125 2.0952
26.125 74.375 3.2254
26.125 74.625 4.0337
26.125 74.875 3.8298
26.125 75.125 2.9511
26.125 75.375 2.884
26.125 75.625 2.8655
26.125 75.875 3.0172
26.125 76.125 2.9197
26.125 76.375 1.9659
26.125 76.625 1.5064
26.125 76.875 1.5744
26.125 77.125 0.73491
26.125 77.375 1.0614
26.125 77.625 1.3572
26.125 77.875 2.244
26.125 78.125 1.3968
26.125 78.375 1.4386
26.125 78.625 0.90186
26.125 78.875 0.14343
26.125 79.125 0.12572
26.125 79.375 0.17388
26.125 79.625 -0.81744
26.125 79.875 -0.69915
26.125 80.125 0.40235
26.125 80.375 0.06238
26.125 80.625 -0.9585
26.125 80.875 0.60671
26.125 81.125 -0.13323
26.125 81.375 -1.0272
26.125 81.625 -0.57082
26.125 81.875 -0.78237
26.125 82.125 -1.165
26.125 82.375 -1.2432
26.125 82.625 -1.3658
26.125 82.875 -1.2924
26.125 83.125 -1.327
26.125 83.375 -1.8651
26.125 83.625 -1.8839
26.125 83.875 -1.0693
26.125 84.125 -0.7906
26.125 84.375 -1.4753
26.125 84.625 -1.284
26.125 84.875 -1.5677
26.125 85.125 -1.4463
26.125 85.375 -1.4338
26.125 85.625 -1.0464
26.125 85.875 0.51528
26.125 86.125 -0.78672
26.125 86.375 -1.2109
26.125 86.625 -1.3979
26.125 86.875 -0.87638
26.125 87.125 -1.1545
26.125 87.375 -1.3268
26.125 87.625 -0.50562
26.125 87.875 -0.54875
26.125 88.125 -0.84761
26.125 89.375 -0.84573
26.125 89.875 -1.057
26.125 90.125 -1.079
26.125 90.375 -1.1915
26.125 90.625 -1.0785
26.125 90.875 -1.2796
26.125 91.125 -1.8456
26.125 91.375 -1.7719
26.125 91.625 -1.928
26.125 91.875 -1.4387
26.125 92.125 -1.1347
26.125 92.375 -0.77721
26.125 92.625 -0.58312
26.125 92.875 -1.2893
26.125 93.125 -2.0879
26.125 93.375 -1.0858
26.125 93.625 0.33472
26.125 93.875 2.6693
26.125 94.125 2.4822
26.125 94.375 1.574
26.125 94.625 1.0069
26.125 94.875 0.66723
26.375 70.375 -0.16663
26.375 70.625 -0.099275
26.375 70.875 -0.014515
26.375 71.125 -0.022422
26.375 71.375 0.62971
26.375 71.625 1.8491
26.375 71.875 1.9822
26.375 72.125 1.8153
26.375 72.375 1.7974
26.375 72.625 1.3031
26.375 72.875 1.0146
26.375 73.125 1.3135
26.375 73.375 1.3096
26.375 73.625 1.4647
26.375 73.875 1.7841
26.375 74.125 2.3669
26.375 74.375 2.5852
26.375 74.625 0.68643
26.375 74.875 2.289
26.375 75.125 2.1315
26.375 75.375 2.0617
26.375 75.625 2.3071
26.375 75.875 2.7689
26.375 76.125 2.385
26.375 76.375 1.1856
26.375 76.625 1.9849
26.375 76.875 2.4171
26.375 77.125 3.2351
26.375 77.375 1.9046
26.375 77.625 1.7318
26.375 77.875 1.0179
26.375 78.125 0.61102
26.375 78.375 -0.05804
26.375 78.625 1.0645
26.375 78.875 0.63385
26.375 79.125 0.81074
26.375 79.375 -1.0152
26.375 79.625 -1.1858
26.375 79.875 0.19829
26.375 80.125 0.78978
26.375 80.375 -0.7457
26.375 80.625 -1.01
26.375 80.875 -0.35302
26.375 81.125 -0.74987
26.375 81.375 -1.359
26.375 81.625 -1.2657
26.375 81.875 -1.0552
26.375 82.125 -1.1024
26.375 82.375 -0.99827
26.375 82.625 -1.3394
26.375 82.875 -1.2553
26.375 83.125 -1.4404
26.375 83.375 -1.7641
26.375 83.625 -1.582
26.375 83.875 -1.3013
26.375 84.125 -1.2419
26.375 84.375 -1.4192
26.375 84.625 -1.6673
26.375 84.875 -1.0863
26.375 85.125 -1.3537
26.375 85.375 -1.5512
26.375 85.625 -0.98507
26.375 85.875 -0.71045
26.375 86.125 -1.3394
26.375 86.375 -2.2498
26.375 86.625 -2.516
26.375 86.875 -1.419
26.375 87.125 -1.4815
26.375 87.625 -1.909
26.375 87.875 -1.2625
26.375 88.125 -0.73097
26.375 88.375 -0.82775
26.375 88.875 -0.28974
26.375 89.375 -0.23233
26.375 89.625 -0.66239
26.375 89.875 -1.1153
26.375 90.125 -1.1249
26.375 90.375 -1.0429
26.375 90.625 -1.6864
26.375 90.875 -1.827
26.375 91.125 -2.6605
26.375 91.375 -2.0661
26.375 91.625 -1.197
26.375 91.875 -0.67693
26.375 92.125 -0.50097
26.375 92.375 -0.040829
26.375 92.625 -0.20931
26.375 92.875 -0.65489
26.375 93.125 -0.74564
26.375 93.375 0.017531
26.375 93.625 0.41867
26.375 93.875 1.9851
26.375 94.125 1.9088
26.375 94.375 0.64688
26.375 94.625 0.17516
26.375 94.875 -0.15646
26.625 69.875 -0.20127
26.625 70.125 -0.25728
26.625 70.375 -0.3446
26.625 70.625 -0.15475
26.625 70.875 -0.059261
26.625 71.125 -0.054234
26.625 71.375 1.2917
26.625 71.625 1.8537
26.625 71.875 1.8177
26.625 72.125 1.3414
26.625 72.375 1.3513
26.625 72.625 1.5673
26.625 72.875 1.7577
26.625 73.125 1.9957
26.625 73.375 1.4944
26.625 73.625 1.6319
26.625 73.875 1.7964
26.625 74.125 1.9107
26.625 74.375 2.6636
26.625 74.625 1.8406
26.625 74.875 2.2918
26.625 75.125 1.5763
26.625 75.375 2.3517
26.625 75.625 2.2632
26.625 75.875 1.6745
26.625 76.125 3.3506
26.625 76.375 2.6711
26.625 76.625 1.419
26.625 76.875 1.1313
26.625 77.125 1.8161
26.625 77.375 2.0518
26.625 77.625 2.2621
26.625 77.875 0.51269
26.625 78.125 0.6512
26.625 78.375 0.1542
26.625 78.625 1.0109
26.625 78.875 -0.38595
26.625 79.125 -1.1359
26.625 79.375 -0.46839
26.625 79.625 -0.43946
26.625 79.875 -0.51075
26.625 80.125 -0.66769
26.625 80.375 -0.23624
26.625 80.625 -0.71691
26.625 80.875 -0.17849
26.625 81.125 -0.022692
26.625 81.375 -0.30035
26.625 81.625 -1.0131
26.625 81.875 -0.029658
26.625 82.125 -0.4029
26.625 82.375 -0.76075
26.625 82.625 -1.6732
26.625 82.875 -1.3235
26.625 83.125 -1.2017
26.625 83.375 -1.435
26.625 83.625 -1.5264
26.625 83.875 -1.649
26.625 84.125 -0.8239
26.625 84.375 -1.4257
26.625 84.625 -1.7951
26.625 84.875 -1.5361
26.625 85.125 -1.0383
26.625 85.375 -1.5598
26.625 85.625 -1.1031
26.625 86.125 -1.6281
26.625 88.375 0.059132
26.625 88.625 0.039267
26.625 88.875 -0.73588
26.625 89.125 -0.48625
26.625 89.375 -0.36048
26.625 89.625 -0.44048
26.625 89.875 -1.2818
26.625 90.125 -1.461
26.625 90.375 -1.1739
26.625 90.625 -1.9395
26.625 90.875 -1.8058
26.625 91.125 -1.9429
26.625 91.375 -1.2003
26.625 91.625 -0.97901
26.625 91.875 -0.3861
26.625 92.125 -0.52297
26.625 92.375 -0.46795
26.625 92.625 -0.58968
26.625 92.875 0.020036
26.625 93.125 -0.58555
26.625 93.375 -1.2097
26.625 93.625 -0.44474
26.625 93.875 0.15035
26.625 94.125 -1.8865
26.625 94.375 -1.3841
26.625 94.625 -0.74091
26.625 94.875 -0.42502
26.625 95.125 -0.090843
26.875 69.625 -0.20205
26.875 69.875 -0.19944
26.875 70.125 -0.2083
26.875 70.375 -0.25783
26.875 70.625 -0.18066
26.875 70.875 -0.11468
26.875 71.125 0.10426
26.875 71.375 1.1968
26.875 71.625 1.7885
26.875 71.875 1.5755
26.875 72.125 0.76621
26.875 72.375 0.82927
26.875 72.625 1.3328
26.875 72.875 2.316
26.875 73.125 1.9489
26.875 73.375 1.6143
26.875 73.625 1.4152
26.875 73.875 1.3484
26.875 74.125 1.6787
26.875 74.375 2.449
26.875 74.625 2.7121
26.875 74.875 2.4404
26.875 75.125 1.9671
26.875 75.375 2.4005
26.875 75.625 0.98921
26.875 75.875 2.3703
26.875 76.125 3.3338
26.875 76.375 1.8248
26.875 76.625 2.4077
26.875 76.875 1.4098
26.875 77.125 1.0452
26.875 77.375 0.098832
26.875 77.625 1.6063
26.875 77.875 0.61169
26.875 78.125 -0.57752
26.875 78.375 -0.30729
26.875 78.625 0.5615
26.875 78.875 -0.44842
26.875 79.125 0.26939
26.875 79.375 0.36566
26.875 79.625 0.14271
26.875 79.875 -0.30013
26.875 80.125 -0.23991
26.875 80.375 -0.12406
26.875 80.625 -0.24387
26.875 80.875 0.034964
26.875 81.125 -0.45907
26.875 81.375 -0.58002
26.875 81.625 -1.2189
26.875 81.875 -0.66678
26.875 82.125 -0.63328
26.875 82.375 -1.458
26.875 82.625 -1.8731
26.875 82.875 -1.3991
26.875 83.125 -1.2046
26.875 83.375 -1.7625
26.875 83.625 -1.5512
26.875 83.875 -1.5321
26.875 84.125 -0.78665
26.875 84.375 -1.223
26.875 84.625 -1.4197
26.875 84.875 -1.367
26.875 88.375 -0.0723
26.875 88.625 -0.40505
26.875 88.875 -0.66881
26.875 92.375 -1.3455
26.875 92.625 -1.0264
26.875 92.875 -0.05226
26.875 93.125 0.0042927
26.875 93.375 -1.4913
26.875 93.625 -0.6932
26.875 93.875 -0.27028
26.875 94.125 -2.2078
26.875 94.375 -0.94425
26.875 94.625 -0.89266
26.875 94.875 -1.1134
26.875 95.125 -0.72858
26.875 95.375 -0.70943
26.875 95.625 -0.67921
27.125 69.875 -0.20959
27.125 70.125 -0.14421
27.125 70.375 -0.15608
27.125 70.625 -0.2451
27.125 70.875 -0.11202
27.125 71.125 0.44476
27.125 71.375 0.96821
27.125 71.625 0.99302
27.125 71.875 0.63118
27.125 72.125 0.49823
27.125 72.375 0.45552
27.125 72.625 1.0197
27.125 72.875 1.7327
27.125 73.125 1.7405
27.125 73.375 1.5133
27.125 73.625 1.3529
27.125 73.875 0.96224
27.125 74.125 1.1034
27.125 74.375 1.6346
27.125 74.625 2.7143
27.125 74.875 1.7488
27.125 75.125 1.8333
27.125 75.375 2.7143
27.125 75.625 2.4685
27.125 75.875 1.7238
27.125 76.125 0.5758
27.125 76.375 0.80669
27.125 76.625 0.37492
27.125 76.875 0.61774
27.125 77.125 1.0261
27.125 77.375 0.22393
27.125 77.625 1.3578
27.125 77.875 0.089175
27.125 78.125 0.5154
27.125 78.375 0.90156
27.125 78.625 -0.85788
27.125 78.875 -0.67016
27.125 79.125 0.37307
27.125 79.375 -0.5499
27.125 79.625 -0.54811
27.125 79.875 -0.64865
27.125 80.125 -0.45484
27.125 80.375 -0.4847
27.125 80.625 -0.9473
27.125 80.875 0.46368
27.125 81.125 -0.3367
27.125 81.375 -0.46899
27.125 81.625 -0.79038
27.125 81.875 -0.63746
27.125 82.125 -0.93638
27.125 82.375 -1.4027
27.125 82.625 -0.66588
27.125 82.875 -0.62302
27.125 83.125 -1.0094
27.125 83.375 -0.7798
27.125 83.625 -0.45551
27.125 83.875 -0.92586
27.125 84.125 -1.1349
27.125 84.375 -1.1434
27.125 84.625 -1.3107
27.125 88.125 0.056543
27.125 88.375 0.19545
27.125 88.625 0.042362
27.125 92.125 -1.2794
27.125 92.375 -1.1712
27.125 92.625 -1.2251
27.125 92.875 -0.71494
27.125 93.125 -0.54667
27.125 93.375 -0.0081904
27.125 93.625 0.44271
27.125 93.875 0.83032
27.125 94.125 -0.082193
27.125 94.375 -0.47213
27.125 94.625 -1.1351
27.125 94.875 -1.3357
27.125 95.125 -1.5025
27.125 95.375 -1.2319
27.125 95.625 -0.87361
27.125 95.875 -0.79558
27.375 70.125 -0.17613
27.375 70.375 -0.099283
27.375 70.625 -0.16433
27.375 70.875 0.034613
27.375 71.125 0.85922
27.375 71.375 0.87263
27.375 71.625 0.82168
27.375 71.875 0.24433
27.375 72.125 -0.089497
27.375 72.375 0.18054
27.375 72.625 0.21101
27.375 72.875 0.82242
27.375 73.125 1.4337
27.375 73.375 1.5993
27.375 73.625 1.5922
27.375 73.875 1.7622
27.375 74.125 1.7112
27.375 74.375 1.3607
27.375 74.625 1.751
27.375 74.875 1.8083
27.375 75.125 2.1265
27.375 75.375 2.1267
27.375 75.625 2.5187
27.375 75.875 1.078
27.375 76.125 0.43497
27.375 76.375 1.1153
27.375 76.625 0.78564
27.375 76.875 1.3216
27.375 77.125 0.79295
27.375 77.375 -0.22387
27.375 77.625 0.96652
27.375 77.875 1.1753
27.375 78.125 0.9901
27.375 78.375 0.61638
27.375 78.625 -0.1567
27.375 78.875 0.40163
27.375 79.125 -0.83806
27.375 79.375 -0.79716
27.375 79.625 -0.81438
27.375 79.875 -0.69515
27.375 80.125 -0.97043
27.375 80.375 -1.1913
27.375 80.625 -1.0184
27.375 80.875 -1.2655
27.375 81.125 -0.66999
27.375 81.375 -0.51058
27.375 81.625 -1.6796
27.375 81.875 -0.39633
27.375 82.125 -0.45694
27.375 82.375 -0.90629
27.375 82.625 -0.51367
27.375 82.875 -0.6236
27.375 83.125 -0.82037
27.375 83.625 -0.37735
27.375 84.125 -0.74408
27.375 84.375 -1.0726
27.375 88.125 0.29015
27.375 88.375 -0.72474
27.375 88.625 -1.1885
27.375 92.125 -1.4429
27.375 92.375 -1.2626
27.375 92.625 -1.4603
27.375 92.875 -1.4068
27.375 93.125 -1.5011
27.375 93.375 -1.5611
27.375 93.625 0.25194
27.375 93.875 0.52384
27.375 94.125 0.26236
27.375 94.375 -0.89671
27.375 94.625 -0.58842
27.375 94.875 -1.0188
27.375 95.125 -1.3336
27.375 95.375 -1.2936
27.375 95.625 -1.2581
27.375 95.875 -1.03
27.375 96.125 -1.0959
27.375 96.375 -0.48777
27.375 96.625 -0.030246
27.375 96.875 -0.073429
27.625 70.125 -0.15627
27.625 70.375 -0.11475
27.625 70.625 -0.042932
27.625 70.875 0.32835
27.625 71.125 0.98029
27.625 71.375 0.85296
27.625 71.625 0.68039
27.625 71.875 0.30467
27.625 72.125 -0.070756
27.625 72.375 -0.069802
27.625 72.625 0.18095
27.625 72.875 0.47231
27.625 73.125 0.67697
27.625 73.375 1.3961
27.625 73.625 1.7003
27.625 73.875 1.7557
27.625 74.125 2.1333
27.625 74.375 1.9213
27.625 74.625 2.0368
27.625 74.875 2.0787
27.625 75.125 1.6908
27.625 75.375 2.1051
27.625 75.625 2.2361
27.625 75.875 1.4151
27.625 76.125 0.75533
27.625 76.375 0.26058
27.625 76.625 1.1951
27.625 76.875 1.6463
27.625 77.125 -0.0074637
27.625 77.375 -0.010882
27.625 77.625 -0.55139
27.625 77.875 0.98925
27.625 78.125 0.59725
27.625 78.375 0.49465
27.625 78.625 -0.48552
27.625 78.875 -0.50748
27.625 79.125 -1.242
27.625 79.375 -1.4585
27.625 79.625 -1.065
27.625 79.875 -0.30769
27.625 80.125 -0.5766
27.625 80.375 -0.29672
27.625 80.625 -0.5432
27.625 80.875 -1.3859
27.625 81.125 -0.72895
27.625 81.375 -0.36178
27.625 81.625 -0.4238
27.625 81.875 -0.67365
27.625 82.125 -0.50266
27.625 82.375 -0.78067
27.625 82.625 -0.48629
27.625 88.375 -0.80798
27.625 88.625 -0.93592
27.625 91.625 -1.2251
27.625 91.875 -1.3237
27.625 92.125 -1.556
27.625 92.375 -1.515
27.625 92.625 -1.6952
27.625 92.875 -1.6358
27.625 93.125 -1.3885
27.625 93.375 -1.2872
27.625 93.625 -1.1875
27.625 93.875 -1.7499
27.625 94.125 -1.4399
27.625 94.375 -0.8404
27.625 94.625 -1.3652
27.625 94.875 -1.6535
27.625 95.125 -1.6674
27.625 95.375 -1.5923
27.625 95.625 -1.7285
27.625 95.875 -1.6232
27.625 96.125 -1.2313
27.625 96.375 -0.56254
27.625 96.625 -0.27964
27.625 96.875 -0.14624
27.875 70.375 -0.12572
27.875 71.875 0.20465
27.875 72.125 -0.11511
27.875 72.375 -0.11683
27.875 72.625 0.26421
27.875 72.875 0.41739
27.875 73.125 0.50015
27.875 73.375 0.96923
27.875 73.625 1.1926
27.875 73.875 1.0815
27.875 74.125 1.7317
27.875 74.375 1.4487
27.875 74.625 1.7974
27.875 74.875 1.9447
27.875 75.125 1.3806
27.875 75.375 1.774
27.875 75.625 1.6654
27.875 75.875 1.815
27.875 76.125 0.86604
27.875 76.375 0.75092
27.875 76.625 0.64875
27.875 76.875 0.76125
27.875 77.125 0.67136
27.875 77.375 -0.0052752
27.875 77.625 -0.46883
27.875 77.875 0.78947
27.875 78.125 0.86719
27.875 78.375 -0.13765
27.875 78.625 0.16943
27.875 78.875 0.50117
27.875 79.125 -0.64372
27.875 79.375 -0.80738
27.875 79.625 -0.93848
27.875 79.875 0.22897
27.875 80.125 0.44561
27.875 80.375 0.69901
27.875 80.625 -0.82062
27.875 80.875 -1.3969
27.875 81.125 -1.0039
27.875 81.375 -0.51681
27.875 81.625 -0.38308
27.875 88.375 NaN
27.875 88.625 NaN
27.875 92.875 -2.1726
27.875 93.125 -1.8044
27.875 93.375 -1.5592
27.875 93.625 -1.7543
27.875 93.875 -2.247
27.875 94.125 -1.7397
27.875 94.375 -1.415
27.875 94.625 -1.3461
27.875 94.875 -1.2796
27.875 95.125 -0.86706
27.875 95.375 -1.4967
27.875 95.625 -1.8275
27.875 95.875 -2.0075
27.875 96.125 -1.0306
27.875 96.375 -0.92388
27.875 96.625 -0.36995
27.875 96.875 -0.21087
27.875 97.125 -0.27496
28.125 72.125 -0.046361
28.125 72.375 0.069275
28.125 72.625 0.32071
28.125 72.875 0.66135
28.125 73.125 1.0339
28.125 73.375 1.1927
28.125 73.625 1.0104
28.125 73.875 0.76119
28.125 74.125 0.70176
28.125 74.375 1.0788
28.125 74.625 1.9591
28.125 74.875 1.9456
28.125 75.125 1.1044
28.125 75.375 2.1899
28.125 75.625 0.74412
28.125 75.875 1.6696
28.125 76.125 2.3144
28.125 76.375 1.4367
28.125 76.625 1.6277
28.125 76.875 1.9708
28.125 77.125 0.83741
28.125 77.375 0.027021
28.125 77.625 -0.18069
28.125 77.875 0.324
28.125 78.125 2.0519
28.125 78.375 0.46872
28.125 78.625 -0.55775
28.125 78.875 -0.21488
28.125 79.125 -0.49073
28.125 79.375 -1.1845
28.125 79.625 -1.3338
28.125 79.875 -0.33093
28.125 80.125 0.17113
28.125 80.375 0.58776
28.125 80.625 0.53232
28.125 80.875 -0.74443
28.125 81.125 -1.4944
28.125 81.375 -0.51571
28.125 92.875 -2.4039
28.125 93.125 -2.2436
28.125 93.375 -2.1164
28.125 93.625 -1.921
28.125 93.875 -1.9721
28.125 94.125 -1.7981
28.125 94.375 -1.2721
28.125 94.625 -1.058
28.125 94.875 -1.2945
28.125 95.125 -0.87497
28.125 95.375 -0.93812
28.125 95.625 -1.7642
28.125 95.875 -1.7588
28.125 96.125 -1.0626
28.125 96.375 -0.48286
28.125 96.625 -0.3815
28.125 96.875 -0.27605
28.125 97.125 -0.12929
28.375 72.375 0.033649
28.375 72.625 -0.0037105
28.375 72.875 0.19132
28.375 73.125 0.74398
28.375 73.375 0.82288
28.375 73.625 0.81021
28.375 73.875 0.60081
28.375 74.125 0.48694
28.375 74.375 0.5913
28.375 74.625 1.6213
28.375 74.875 1.4985
28.375 75.125 1.0662
28.375 75.375 1.1993
28.375 75.625 1.4382
28.375 75.875 1.8234
28.375 76.125 1.3688
28.375 76.375 1.3877
28.375 76.625 1.4081
28.375 76.875 1.1306
28.375 77.125 0.13486
28.375 77.375 -0.49261
28.375 77.625 -0.13637
28.375 77.875 -0.35319
28.375 78.125 0.88635
28.375 78.375 0.33339
28.375 78.625 -0.76688
28.375 78.875 -0.74088
28.375 79.125 -0.24587
28.375 79.375 -0.36508
28.375 79.625 -0.82153
28.375 79.875 -0.38966
28.375 80.125 -0.27876
28.375 80.375 -0.2546
28.375 80.625 0.010589
28.375 80.875 -0.50596
28.375 81.125 -0.72669
28.375 93.375 -2.5236
28.375 93.625 -1.8632
28.375 93.875 -1.3453
28.375 94.125 -1.3906
28.375 94.375 -0.98019
28.375 94.625 -0.84701
28.375 94.875 -0.85365
28.375 95.125 -0.8294
28.375 95.375 -1.0965
28.375 95.625 -0.93522
28.375 95.875 -0.79913
28.375 96.125 -1.242
28.375 96.625 -0.45834
28.625 72.375 0.27848
28.625 72.625 0.4585
28.625 72.875 0.45162
28.625 73.125 0.6176
28.625 73.375 1.0666
28.625 73.625 1.1136
28.625 73.875 0.77009
28.625 74.125 0.77702
28.625 74.375 1.183
28.625 74.625 1.6057
28.625 74.875 1.3722
28.625 75.125 1.0456
28.625 75.375 0.6159
28.625 75.625 -0.33878
28.625 75.875 -0.05664
28.625 76.125 1.1819
28.625 76.375 1.3665
28.625 76.625 2.0312
28.625 76.875 0.89736
28.625 77.125 -0.52578
28.625 77.375 -0.67546
28.625 77.625 -0.84692
28.625 77.875 -0.66707
28.625 78.125 0.19139
28.625 78.375 0.17357
28.625 78.625 -0.7239
28.625 78.875 -0.77242
28.625 79.125 0.23026
28.625 79.375 -0.2169
28.625 79.625 0.48167
28.625 79.875 0.33917
28.625 80.125 0.2241
28.625 80.375 0.11475
28.625 80.625 -0.23293
28.625 93.625 -1.2691
28.625 93.875 NaN
28.625 94.125 -0.98576
28.625 94.375 -1.6272
28.625 94.625 -0.72806
28.625 94.875 -0.6804
28.625 95.125 -0.66609
28.625 95.375 -0.76216
28.625 95.625 -1.1018
28.625 95.875 -1.1279
28.625 96.125 -1.1281
28.625 96.375 4.7285
28.875 72.875 0.61062
28.875 73.125 1.8325
28.875 73.375 3.048
28.875 73.625 2.8488
28.875 73.875 2.4346
28.875 74.125 1.9086
28.875 74.375 1.8053
28.875 74.625 2.1152
28.875 74.875 2.0817
28.875 75.125 1.0417
28.875 75.375 0.72521
28.875 75.625 0.61936
28.875 75.875 0.68428
28.875 76.125 1.1821
28.875 76.375 0.96742
28.875 76.625 0.95838
28.875 76.875 0.35105
28.875 77.125 1.012
28.875 77.375 0.55622
28.875 77.625 0.38261
28.875 77.875 0.065085
28.875 78.125 0.022059
28.875 78.375 -0.18428
28.875 78.625 -0.56843
28.875 78.875 -0.71538
28.875 79.125 0.90153
28.875 79.375 1.236
28.875 79.625 0.95892
28.875 79.875 0.81807
28.875 94.125 -0.87179
28.875 94.375 -1.0818
28.875 94.625 -0.93413
28.875 94.875 -0.51416
28.875 95.125 -0.48896
28.875 95.375 -0.7313
28.875 95.625 -0.9113
28.875 95.875 -0.97205
28.875 96.125 -0.85667
28.875 96.375 4.9569
29.125 73.125 1.914
29.125 73.375 3.2654
29.125 73.625 2.8903
29.125 73.875 2.9538
29.125 74.125 1.5145
29.125 74.375 1.9506
29.125 74.625 2.1247
29.125 74.875 1.77
29.125 75.125 0.4916
29.125 75.375 1.221
29.125 75.625 1.1517
29.125 75.875 0.42453
29.125 76.125 0.15868
29.125 76.375 -0.12106
29.125 76.625 0.42826
29.125 76.875 0.43722
29.125 77.125 -0.032751
29.125 77.375 0.24122
29.125 77.625 0.62257
29.125 77.875 0.85934
29.125 78.125 0.60685
29.125 78.375 0.66102
29.125 78.625 0.38697
29.125 78.875 -0.46347
29.125 79.125 1.4593
29.125 79.375 1.5883
29.125 79.625 -0.39827
29.125 79.875 0.021896
29.125 80.125 0.1704
29.125 94.375 -0.73082
29.125 94.625 -0.88257
29.125 94.875 -0.62151
29.125 95.625 -0.23955
29.125 95.875 0.2934
29.125 96.125 3.7865
29.375 73.375 2.1075
29.375 73.625 2.6769
29.375 73.875 3.229
29.375 74.125 3.113
29.375 74.375 1.103
29.375 74.625 1.5392
29.375 74.875 2.1185
29.375 75.125 1.104
29.375 75.375 0.62596
29.375 75.625 0.642
29.375 75.875 -0.22768
29.375 76.125 0.6652
29.375 76.375 0.058156
29.375 76.625 0.43072
29.375 76.875 -0.81652
29.375 77.125 -0.91666
29.375 77.375 0.28345
29.375 77.625 0.91623
29.375 77.875 1.3469
29.375 78.125 0.47628
29.375 78.375 0.62263
29.375 78.625 -0.69454
29.375 78.875 -0.3961
29.375 79.125 0.33744
29.375 79.375 0.68506
29.375 79.625 -0.79857
29.375 79.875 0.01896
29.375 80.125 0.62328
29.375 96.125 4.715
29.625 73.375 1.7576
29.625 73.625 2.0237
29.625 73.875 2.4591
29.625 74.125 2.7658
29.625 74.375 1.5186
29.625 74.625 0.63094
29.625 74.875 1.2982
29.625 75.125 0.81498
29.625 75.375 0.40667
29.625 75.625 1.4704
29.625 75.875 0.44054
29.625 76.125 -0.12647
29.625 76.375 0.8326
29.625 76.625 0.4844
29.625 76.875 1.2739
29.625 77.125 0.55909
29.625 77.375 -0.51691
29.625 77.625 0.81316
29.625 77.875 1.1828
29.625 78.125 0.64238
29.625 78.375 -0.28111
29.625 78.625 -0.92339
29.625 78.875 -0.66851
29.625 79.125 -0.13692
29.625 79.375 0.32387
29.625 79.625 0.0061658
29.625 79.875 1.0508
29.625 80.125 0.95089
29.875 73.625 2.1444
29.875 73.875 1.977
29.875 74.125 1.8842
29.875 74.375 0.50888
29.875 74.625 0.3485
29.875 74.875 0.52562
29.875 75.125 1.1483
29.875 75.375 1.2949
29.875 75.625 0.96853
29.875 75.875 0.081844
29.875 76.125 0.16008
29.875 76.375 0.30364
29.875 76.625 1.9368
29.875 76.875 0.30198
29.875 77.125 0.88366
29.875 77.375 0.53466
29.875 77.625 1.1576
29.875 77.875 2.9375
29.875 78.125 -1.2068
29.875 78.375 0.53228
29.875 78.625 0.14688
29.875 78.875 0.98408
29.875 79.125 0.13152
29.875 79.375 0.40983
29.875 79.625 3.3191
29.875 79.875 1.1709
29.875 80.125 1.1258
29.875 80.375 0.92652
30.125 74.125 1.0718
30.125 74.375 0.49609
30.125 74.625 0.34669
30.125 74.875 0.94719
30.125 75.125 1.5236
30.125 75.375 1.737
30.125 75.625 1.738
30.125 75.875 -0.13648
30.125 76.125 -0.16804
30.125 76.375 -0.47136
30.125 76.625 -0.0059847
30.125 76.875 0.14871
30.125 77.125 1.0884
30.125 77.375 -0.58717
30.125 77.625 1.508
30.125 77.875 1.7277
30.125 78.125 0.95714
30.125 78.375 0.84439
30.125 78.625 1.1334
30.125 78.875 2.2438
30.125 79.125 1.7531
30.125 79.375 1.717
30.125 79.625 3.2728
30.125 79.875 1.2491
30.125 80.125 1.0369
30.125 80.375 1.1706
30.125 80.625 0.98805
30.375 74.125 0.89415
30.375 74.375 0.63403
30.375 74.625 0.98533
30.375 74.875 1.0204
30.375 75.125 1.6448
30.375 75.375 1.4052
30.375 75.625 0.75642
30.375 75.875 0.13371
30.375 76.125 -0.19809
30.375 76.375 -0.18565
30.375 76.625 -0.58501
30.375 76.875 -0.12684
30.375 77.125 0.56472
30.375 77.375 0.72339
30.375 77.625 2.1259
30.375 77.875 0.87895
30.375 78.125 0.56215
30.375 78.375 -0.21131
30.375 78.625 1.6703
30.375 78.875 1.5358
30.375 79.125 1.7237
30.375 79.375 0.94692
30.375 79.625 2.4929
30.375 79.875 2.3353
30.375 80.125 1.6232
30.375 80.375 0.80804
30.375 80.625 0.38958
30.625 74.375 0.52524
30.625 74.625 0.57187
30.625 74.875 0.588
30.625 75.125 1.6548
30.625 75.375 1.3923
30.625 75.625 1.1746
30.625 75.875 0.94162
30.625 76.125 -0.31955
30.625 76.375 -0.85487
30.625 76.625 0.28682
30.625 76.875 1.5796
30.625 77.125 0.65247
30.625 77.375 0.58438
30.625 77.625 0.20222
30.625 77.875 0.42911
30.625 78.125 0.85631
30.625 78.375 0.10448
30.625 78.625 0.317
30.625 78.875 1.4677
30.625 79.125 1.2767
30.625 79.375 0.92377
30.625 79.625 2.3603
30.625 79.875 2.2244
30.625 80.125 1.7949
30.875 74.625 -0.059785
30.875 74.875 1.0892
30.875 75.125 2.9556
30.875 75.375 0.87749
30.875 75.625 1.2276
30.875 75.875 0.49215
30.875 76.125 0.47677
30.875 76.375 1.1203
30.875 76.625 1.4488
30.875 76.875 1.1909
30.875 77.125 2.6312
30.875 77.375 1.1341
30.875 77.625 1.0552
30.875 77.875 1.3469
30.875 78.125 1.0149
30.875 78.375 0.34099
30.875 78.625 0.29306
30.875 78.875 0.93197
30.875 79.125 1.0982
30.875 79.375 NaN
30.875 79.625 NaN
30.875 79.875 NaN
31.125 74.875 0.83667
31.125 75.125 2.4923
31.125 75.375 0.56998
31.125 75.625 0.41293
31.125 75.875 0.46554
31.125 76.125 3.2022
31.125 76.375 2.3001
31.125 76.625 1.6351
31.125 76.875 3.0712
31.125 77.125 2.7788
31.125 77.375 0.98433
31.125 77.625 2.1087
31.125 77.875 1.1072
31.125 78.125 -0.16102
31.125 78.375 -0.058915
31.125 78.625 -0.05343
31.125 78.875 NaN
31.125 79.125 NaN
31.375 74.875 0.68467
31.375 75.125 0.85296
31.375 75.375 0.51684
31.375 75.625 1.1638
31.375 75.875 2.257
31.375 76.125 1.9174
31.375 76.375 3.3513
31.375 76.625 1.6894
31.375 76.875 3.3732
31.375 77.125 2.8152
31.375 77.375 1.671
31.375 77.625 1.6196
31.375 77.875 0.37084
31.375 78.125 -0.39667
31.375 78.375 -0.37516
31.375 78.625 0.04045
31.625 74.875 1.1426
31.625 75.125 1.4349
31.625 75.375 1.0098
31.625 75.625 0.91126
31.625 75.875 0.89101
31.625 76.125 1.6556
31.625 76.375 2.2145
31.625 76.625 3.0899
31.625 76.875 2.1077
31.625 77.125 2.6147
31.625 77.375 2.5606
31.625 77.625 1.8083
31.625 77.875 0.16699
31.625 78.125 -0.63984
31.625 78.375 -0.47956
31.625 78.625 -0.28003
31.875 74.875 2.0583
31.875 75.125 1.8906
31.875 75.375 0.56379
31.875 75.625 0.042503
31.875 75.875 0.36713
31.875 76.125 1.4534
31.875 76.375 1.2124
31.875 76.625 1.7043
31.875 76.875 2.0761
31.875 77.125 1.7547
31.875 77.375 1.9535
31.875 77.625 1.7054
31.875 77.875 0.047337
31.875 78.125 -0.64614
31.875 78.375 -0.55138
31.875 78.625 -0.4603
32.125 75.375 1.6814
32.125 75.625 1.4246
32.125 75.875 0.66341
32.125 76.125 -0.12194
32.125 76.375 0.47617
32.125 76.625 1.5357
32.125 76.875 1.2681
32.125 77.125 1.668
32.125 77.375 0.58356
32.125 77.625 -0.023274
32.125 77.875 -0.53471
32.125 78.125 -1.1368
32.125 78.375 -1.085
32.375 75.375 2.4684
32.375 75.625 2.0882
32.375 75.875 1.5157
32.375 76.125 -0.65486
32.375 76.375 -0.22174
32.375 76.625 0.92298
32.375 76.875 1.1294
32.375 77.125 1.3168
32.375 77.375 0.24621
32.375 77.625 -0.69399
32.375 77.875 -0.90841
32.375 78.125 -1.4426
32.375 78.375 -1.6329
32.625 74.875 1.9593
32.625 75.125 1.1904
32.625 75.375 1.2376
32.625 75.625 1.5326
32.625 75.875 1.0243
32.625 76.125 0.12809
32.625 76.375 0.18161
32.625 76.625 0.78482
32.625 76.875 1.3503
32.625 77.125 1.1821
32.625 77.375 0.44963
32.625 77.625 -0.20599
32.625 77.875 -0.44967
32.625 78.125 -1.3715
32.625 78.375 -1.3644
32.625 78.625 -1.3018
32.625 78.875 -1.1322
32.625 79.125 -0.55452
32.625 79.375 -0.70246
32.875 74.375 2.759
32.875 74.625 2.9381
32.875 74.875 2.7318
32.875 75.125 1.4011
32.875 75.375 0.7669
32.875 75.625 0.55684
32.875 75.875 0.5053
32.875 76.125 0.62994
32.875 76.375 0.33233
32.875 76.625 0.77824
32.875 76.875 1.5901
32.875 77.125 1.072
32.875 77.375 0.56091
32.875 77.625 -0.098401
32.875 77.875 -0.41205
32.875 78.125 -0.8254
32.875 78.375 -0.9727
32.875 78.625 -0.98984
32.875 78.875 -0.81652
32.875 79.125 -0.46198
32.875 79.375 -0.16124
33.125 73.875 1.0507
33.125 74.125 1.2849
33.125 74.375 2.8197
33.125 74.625 3.5662
33.125 74.875 3.0308
33.125 75.125 1.4337
33.125 75.375 0.53569
33.125 75.625 0.25018
33.125 75.875 0.49958
33.125 76.125 0.59131
33.125 76.375 0.86279
33.125 76.625 0.71976
33.125 76.875 1.3453
33.125 77.125 0.95818
33.125 77.375 0.24005
33.125 77.625 -0.12243
33.125 77.875 -0.28359
33.125 78.125 -0.18348
33.125 78.375 -0.40244
33.125 78.625 -0.65746
33.125 78.875 -0.69003
33.125 79.125 -0.37727
33.375 73.875 1.4295
33.375 74.125 1.8705
33.375 74.375 1.2177
33.375 74.625 0.83171
33.375 74.875 1.2916
33.375 75.125 0.48396
33.375 75.375 0.77087
33.375 75.625 0.57447
33.375 75.875 1.0122
33.375 76.125 1.0527
33.375 76.375 1.5146
33.375 76.625 0.5258
33.375 76.875 0.5075
33.375 77.125 0.75231
33.375 77.375 -0.030732
33.375 77.625 -0.33627
33.375 77.875 -0.30302
33.375 78.125 -0.14337
33.375 78.375 -0.19942
33.375 78.625 -0.39593
33.375 78.875 -0.70141
33.625 73.875 -0.14224
33.625 74.125 0.039182
33.625 74.375 -0.24176
33.625 74.625 -0.48267
33.625 74.875 0.93407
33.625 75.125 0.78691
33.625 75.375 0.89022
33.625 75.625 0.74857
33.625 75.875 0.73857
33.625 76.125 0.099697
33.625 76.375 0.2052
33.625 76.625 0.023434
33.625 76.875 0.43804
33.625 77.125 0.16019
33.625 77.375 0.2462
33.625 77.625 0.10387
33.625 77.875 0.056706
33.625 78.125 0.029684
33.625 78.375 -0.27235
33.625 78.625 -0.52894
33.625 78.875 -0.61986
33.875 73.875 -0.12488
33.875 74.125 -0.058531
33.875 74.375 -0.10203
33.875 74.625 0.82185
33.875 74.875 0.54457
33.875 75.125 0.75508
33.875 75.375 1.1142
33.875 75.625 0.50676
33.875 75.875 0.12208
33.875 76.125 -0.088052
33.875 76.375 0.04813
33.875 76.625 0.18444
33.875 76.875 -0.27431
33.875 77.125 -0.040165
33.875 77.375 0.23252
33.875 77.625 0.26617
33.875 77.875 0.2069
33.875 78.125 -0.096071
33.875 78.375 -0.5232
33.875 78.625 -0.36768
33.875 78.875 -0.4644
34.125 73.625 -0.61965
34.125 73.875 -0.4923
34.125 74.125 -0.28108
34.125 74.375 -0.54597
34.125 74.625 -0.082603
34.125 74.875 -0.14402
34.125 75.125 0.27261
34.125 75.375 0.26739
34.125 75.625 -0.05509
34.125 75.875 -0.21642
34.125 76.125 -0.18678
34.125 76.375 -0.0731
34.125 76.625 -0.099606
34.125 76.875 -0.15241
34.125 77.125 -0.0619
34.125 77.375 0.016216
34.125 77.625 0.21203
34.125 77.875 0.052476
34.125 78.125 -0.3151
34.125 78.375 -0.53629
34.125 78.625 -0.49787
34.125 78.875 -0.35118
34.125 79.125 -0.19012
34.125 79.375 -0.19666
34.375 73.625 -0.66632
34.375 73.875 -0.90163
34.375 74.125 -1.225
34.375 74.375 -0.61863
34.375 74.625 -0.2076
34.375 74.875 -0.019006
34.375 75.125 0.25043
34.375 75.375 -0.38776
34.375 75.625 -0.53661
34.375 75.875 -0.71675
34.375 76.125 -0.6435
34.375 76.375 -0.24159
34.375 76.625 -0.39
34.375 76.875 -0.39989
34.375 77.125 -0.38531
34.375 77.375 -0.26968
34.375 77.625 -0.076877
34.375 77.875 -0.070255
34.375 78.125 -0.27225
34.375 78.375 -0.067099
34.375 78.625 -0.16249
34.375 78.875 -0.14865
34.375 79.125 -0.069299
34.375 79.375 -0.11194
34.625 73.875 -1.0332
34.625 74.125 -1.2138
34.625 74.375 -0.79282
34.625 74.625 -0.57124
34.625 74.875 -0.31932
34.625 75.125 0.17464
34.625 75.375 -0.55577
34.625 75.625 -0.77858
34.625 75.875 -0.80875
34.625 76.125 -0.72135
34.625 76.375 -0.48164
34.625 76.625 -0.5977
34.625 76.875 -0.67163
34.625 77.125 -0.52971
34.625 77.375 -0.45179
34.625 77.625 -0.27042
34.625 77.875 -0.42785
34.625 78.125 -0.3234
34.625 78.375 -0.25081
34.625 78.625 -0.24077
34.625 78.875 -0.22953
34.625 79.125 -0.12818
34.625 79.375 0.15962
34.625 79.625 0.18514
34.875 74.125 -0.9879
34.875 74.375 -0.87637
34.875 74.625 -0.48337
34.875 74.875 -0.30406
34.875 75.125 -0.39563
34.875 75.375 -0.67612
34.875 75.625 -0.66395
34.875 75.875 -0.89413
34.875 76.125 -0.75955
34.875 76.375 -0.57332
34.875 76.625 -0.60298
34.875 76.875 -0.63012
34.875 77.125 -0.635
34.875 77.375 -0.65343
34.875 77.625 -0.67209
34.875 77.875 -0.48756
34.875 78.125 -0.40422
34.875 78.375 -0.33845
34.875 78.625 -0.054645
34.875 78.875 -0.17522
34.875 79.125 -0.010944
34.875 79.375 0.035565
34.875 79.625 0.26729
34.875 79.875 0.33832
35.125 74.375 -0.33785
35.125 74.625 -0.073104
35.125 74.875 -0.02525
35.125 75.125 -0.4954
35.125 75.375 -0.44356
35.125 75.625 -0.75154
35.125 75.875 -0.64423
35.125 76.125 -0.83571
35.125 76.375 -0.82198
35.125 76.625 -0.65714
35.125 76.875 -0.78486
35.125 77.125 -0.81759
35.125 77.375 -0.82485
35.125 77.625 -0.82562
35.125 77.875 -0.72719
35.125 78.125 -0.60886
35.125 78.375 -0.43
35.125 78.625 -0.042504
35.125 78.875 0.040944
35.125 79.125 -0.17662
35.125 79.375 0.07301
35.125 79.625 0.083311
35.125 79.875 1.1542
35.375 73.875 -0.79318
35.375 74.125 -0.47067
35.375 74.375 -0.068582
35.375 74.625 0.050863
35.375 74.875 -0.0024555
35.375 75.125 -0.61546
35.375 75.375 -0.79853
35.375 75.625 -0.94394
35.375 75.875 -0.95678
35.375 76.125 -1.087
35.375 76.375 -1.1068
35.375 76.625 -0.93023
35.375 76.875 -0.87871
35.375 77.125 -0.79406
35.375 77.375 -0.75801
35.375 77.625 -0.81897
35.375 77.875 -0.79529
35.375 78.125 -0.77357
35.375 78.375 -0.19278
35.375 78.625 -0.054433
35.375 78.875 -0.0023242
35.375 79.125 -0.042904
35.375 79.375 0.0097572
35.375 79.625 0.036479
35.375 79.875 -0.071294
35.375 80.125 NaN
35.625 73.375 -0.99793
35.625 73.625 -1.0155
35.625 73.875 -0.97903
35.625 74.125 -0.95905
35.625 74.375 -0.80144
35.625 74.625 -0.43222
35.625 74.875 -0.36989
35.625 75.125 -1.0457
35.625 75.375 -1.4261
35.625 75.625 -1.4447
35.625 75.875 -1.2722
35.625 76.125 -1.4563
35.625 76.375 -1.0658
35.625 76.625 -1.0548
35.625 76.875 -1.0059
35.625 77.125 -1.0312
35.625 78.375 -0.19226
35.625 78.625 -0.29837
35.625 78.875 -0.31698
35.625 79.125 -0.12697
35.625 79.375 -0.0019151
35.625 79.625 -0.070143
35.625 79.875 -0.29897
35.625 80.125 0.15688
35.875 73.125 -0.26561
35.875 73.375 -0.38218
35.875 73.625 -0.80596
35.875 73.875 -1.1092
35.875 74.125 -1.121
35.875 74.375 -1.0134
35.875 74.625 -0.88923
35.875 74.875 -0.71741
35.875 75.125 -1.0519
35.875 75.375 -1.5174
35.875 75.625 -1.6889
35.875 75.875 -1.5465
35.875 76.125 -1.5296
35.875 76.375 -1.4272
35.875 76.625 -1.3586
35.875 79.375 -0.16314
36.125 72.625 0.60689
36.125 72.875 NaN
36.125 73.125 NaN
36.125 73.375 -0.070202
36.125 73.625 -0.28613
36.125 73.875 -0.5821
36.125 74.125 -1.0017
36.125 74.375 -1.0705
36.125 74.625 -1.2143
36.125 74.875 -0.76442
36.125 75.125 -0.7921
36.125 75.375 -1.4281
36.125 75.625 -2.0552
36.125 75.875 -1.5916
36.125 76.125 -1.1869
36.125 76.375 -1.2582
36.125 76.625 -1.3589
36.375 73.125 0.27951
36.375 73.375 0.2214
36.375 73.625 0.043412
36.375 73.875 -0.16272
36.375 74.125 -0.58322
36.375 74.375 -0.89471
36.375 74.625 -1.1164
36.375 74.875 -1.2065
36.375 75.125 -1.0731
36.375 75.375 -1.7803
36.375 75.625 -2.1758
36.375 75.875 -1.5711
36.375 76.125 -0.44429
36.625 73.375 0.18612
36.625 73.625 0.096892
36.625 73.875 -0.040795
36.625 74.125 -0.14041
36.625 74.375 -1.0761
36.625 74.625 -0.9574
36.625 74.875 -1.402
36.625 75.125 -1.4559
36.625 75.375 -1.7675
36.625 75.625 -1.5527
36.875 73.875 0.092225
36.875 74.375 -0.017057
36.875 74.625 -0.72509
36.875 74.875 -1.0591
36.875 75.125 -1.0912
36.875 75.375 -1.1568
