8.125 77.375 1.4935
8.375 77.125 1.6601
8.375 77.375 1.567
8.375 77.625 1.7294
8.375 77.875 1.6749
8.625 76.875 1.604
8.625 77.125 1.7146
8.625 77.375 2.0246
8.625 77.625 1.7895
8.625 77.875 2.3367
8.875 76.875 4.2581
8.875 77.125 2.0573
8.875 77.375 1.5514
8.875 77.625 1.0587
8.875 77.875 0.50996
9.125 76.625 3.6257
9.125 76.875 3.0567
9.125 77.125 1.5861
9.125 77.375 1.5234
9.125 77.625 0.67282
9.125 77.875 1.0337
9.125 78.125 1.0004
9.125 78.375 NaN
9.375 76.625 2.9549
9.375 76.875 3.3413
9.375 77.125 1.3813
9.375 77.375 1.9094
9.375 77.625 1.0209
9.375 77.875 0.99244
9.375 78.125 1.2731
9.375 78.375 1.5959
9.375 78.625 1.0394
9.375 78.875 NaN
9.625 76.375 1.7201
9.625 76.625 2.9783
9.625 76.875 3.639
9.625 77.125 3.284
9.625 77.375 0.68012
9.625 77.625 0.85632
9.625 77.875 1.8771
9.625 78.125 1.0075
9.625 78.375 1.485
9.625 78.625 1.6694
9.875 76.625 1.9277
9.875 76.875 1.998
9.875 77.125 2.3251
9.875 77.375 0.78728
9.875 77.625 1.4274
9.875 77.875 0.985
9.875 78.125 1.065
9.875 78.375 1.3591
9.875 78.625 1.1895
9.875 78.875 1.1764
10.125 76.375 1.4303
10.125 76.625 1.838
10.125 76.875 2.4788
10.125 77.125 1.4722
10.125 77.375 0.82291
10.125 77.625 0.6721
10.125 77.875 0.96343
10.125 78.125 1.1225
10.125 78.375 1.5906
10.125 78.625 1.1361
10.125 78.875 2.1798
10.125 79.125 2.2151
10.375 76.375 1.9488
10.375 76.625 1.5319
10.375 76.875 2.1155
10.375 77.125 1.3878
10.375 77.375 1.5076
10.375 77.625 1.0968
10.375 77.875 1.5214
10.375 78.125 1.6891
10.375 78.375 1.3685
10.375 78.625 1.7036
10.375 78.875 0.77282
10.375 79.125 1.8424
10.375 79.375 NaN
10.375 79.625 NaN
10.625 76.125 2.4074
10.625 76.375 2.1181
10.625 76.625 1.0779
10.625 76.875 1.7002
10.625 77.125 1.2384
10.625 77.375 0.3096
10.625 77.625 1.4374
10.625 77.875 1.2152
10.625 78.125 0.54373
10.625 78.375 1.5987
10.625 78.625 1.8969
10.625 78.875 2.3282
10.625 79.125 1.7919
10.625 79.375 2.3887
10.625 79.625 2.3495
10.875 76.125 2.8377
10.875 76.375 3.0726
10.875 76.625 0.97918
10.875 76.875 0.94896
10.875 77.125 1.4584
10.875 77.375 1.3232
10.875 77.625 1.5479
10.875 77.875 1.0025
10.875 78.125 1.4016
10.875 78.375 1.869
10.875 78.625 1.458
10.875 78.875 2.207
10.875 79.125 1.6127
10.875 79.375 1.7822
10.875 79.625 2.0042
11.125 76.125 1.5148
11.125 76.375 0.95574
11.125 76.625 0.47261
11.125 76.875 3.4447
11.125 77.125 2.4242
11.125 77.375 1.1833
11.125 77.625 1.9133
11.125 77.875 1.1703
11.125 78.125 1.6832
11.125 78.375 2.272
11.125 78.625 2.2058
11.125 78.875 2.299
11.125 79.125 1.9402
11.125 79.375 1.6363
11.125 79.625 1.5152
11.375 75.875 1.2497
11.375 76.125 2.154
11.375 76.375 1.7436
11.375 76.625 0.73726
11.375 76.875 2.0656
11.375 77.125 2.0866
11.375 77.375 1.8805
11.375 77.625 2.2552
11.375 77.875 3.632
11.375 78.125 2.1759
11.375 78.375 3.1763
11.375 78.625 2.0442
11.375 78.875 1.7987
11.375 79.125 2.0424
11.375 79.375 2.1811
11.375 79.625 2.4023
11.625 75.875 1.9182
11.625 76.125 2.3523
11.625 76.375 3.4666
11.625 76.625 1.3628
11.625 76.875 0.93318
11.625 77.125 1.6666
11.625 77.375 1.9419
11.625 77.625 2.0274
11.625 77.875 2.1867
11.625 78.125 0.049422
11.625 78.375 -0.28778
11.625 78.625 2.374
11.625 78.875 1.0737
11.625 79.125 1.9376
11.625 79.375 2.7815
11.625 79.625 NaN
11.875 75.625 NaN
11.875 75.875 1.7773
11.875 76.125 3.2945
11.875 76.375 4.2116
11.875 76.625 1.5695
11.875 76.875 0.54958
11.875 77.125 2.1587
11.875 77.375 2.6172
11.875 77.625 2.3156
11.875 77.875 0.45997
11.875 78.125 1.5651
11.875 78.375 0.61323
11.875 78.625 1.9245
11.875 78.875 2.4731
11.875 79.125 2.6082
11.875 79.375 2.4617
11.875 79.625 2.87
12.125 75.375 1.1379
12.125 75.625 1.6395
12.125 75.875 1.8824
12.125 76.125 3.3869
12.125 76.375 2.9229
12.125 76.625 0.61463
12.125 76.875 1.4721
12.125 77.125 3.0062
12.125 77.375 3.1638
12.125 77.625 1.8562
12.125 77.875 1.2549
12.125 78.125 2.9377
12.125 78.375 3.417
12.125 78.625 3.0792
12.125 78.875 3.056
12.125 79.125 2.8252
12.125 79.375 2.7345
12.125 79.625 2.8857
12.375 75.125 1.6115
12.375 75.375 1.5743
12.375 75.625 1.685
12.375 75.875 1.9234
12.375 76.125 3.0136
12.375 76.375 3.6428
12.375 76.625 2.7916
12.375 76.875 2.5355
12.375 77.125 1.7651
12.375 77.375 1.2138
12.375 77.625 1.1202
12.375 77.875 1.58
12.375 78.125 2.6517
12.375 78.375 3.1981
12.375 78.625 2.7616
12.375 78.875 2.5253
12.375 79.125 2.4432
12.375 79.375 2.0871
12.375 79.625 2.1398
12.375 79.875 2.0742
12.625 75.125 1.8731
12.625 75.375 1.4629
12.625 75.625 1.9964
12.625 75.875 2.4729
12.625 76.125 3.0265
12.625 76.375 3.7883
12.625 76.625 4.1406
12.625 76.875 3.081
12.625 77.125 2.0432
12.625 77.375 2.0323
12.625 77.625 2.3046
12.625 77.875 2.9808
12.625 78.125 4.0334
12.625 78.375 3.454
12.625 78.625 2.2919
12.625 78.875 2.7406
12.625 79.125 3.049
12.625 79.375 2.5462
12.625 79.625 1.4136
12.625 79.875 2.2311
12.875 75.125 2.946
12.875 75.375 3.4716
12.875 75.625 2.0648
12.875 75.875 4.7013
12.875 76.125 3.1746
12.875 76.375 4.842
12.875 76.625 4.9863
12.875 76.875 3.0052
12.875 77.125 3.5063
12.875 77.375 3.0279
12.875 77.625 4.0314
12.875 77.875 4.2459
12.875 78.125 4.0625
12.875 78.375 3.5421
12.875 78.625 1.856
12.875 78.875 2.4834
12.875 79.125 2.8966
12.875 79.375 1.759
12.875 79.625 1.8183
12.875 79.875 1.6414
13.125 74.875 NaN
13.125 75.125 1.8682
13.125 75.375 1.9311
13.125 75.625 2.4289
13.125 75.875 3.7531
13.125 76.125 3.5146
13.125 76.375 4.1154
13.125 76.625 4.5744
13.125 76.875 3.968
13.125 77.125 3.3271
13.125 77.375 3.4902
13.125 77.625 4.2692
13.125 77.875 3.822
13.125 78.125 4.0265
13.125 78.375 3.5737
13.125 78.625 2.8401
13.125 78.875 1.9473
13.125 79.125 2.8534
13.125 79.375 1.9928
13.125 79.625 2.3416
13.125 79.875 2.4936
13.125 80.125 2.404
13.375 74.875 NaN
13.375 75.125 1.7444
13.375 75.375 1.283
13.375 75.625 2.2741
13.375 75.875 3.4021
13.375 76.125 4.1056
13.375 76.375 3.9123
13.375 76.625 4.56
13.375 76.875 3.5492
13.375 77.125 4.4938
13.375 77.375 3.8501
13.375 77.625 3.7117
13.375 77.875 3.7208
13.375 78.125 2.5813
13.375 78.375 2.9621
13.375 78.625 3.7781
13.375 78.875 3.072
13.375 79.125 2.467
13.375 79.375 2.6012
13.375 79.625 1.5998
13.375 79.875 1.7033
13.375 80.125 2.1207
13.625 74.875 1.5834
13.625 75.125 2.2319
13.625 75.375 1.9328
13.625 75.625 2.2879
13.625 75.875 3.5359
13.625 76.125 3.8002
13.625 76.375 4.5358
13.625 76.625 3.9113
13.625 76.875 2.8718
13.625 77.125 3.7148
13.625 77.375 3.4976
13.625 77.625 3.1267
13.625 77.875 4.416
13.625 78.125 2.7404
13.625 78.375 3.4236
13.625 78.625 2.1676
13.625 78.875 2.465
13.625 79.125 1.8737
13.625 79.375 1.1585
13.625 79.625 1.8817
13.625 79.875 1.9127
13.625 80.125 2.0064
13.875 74.875 2.8673
13.875 75.125 2.8906
13.875 75.375 2.5192
13.875 75.625 3.3027
13.875 75.875 3.0998
13.875 76.125 2.4565
13.875 76.375 3.8326
13.875 76.625 4.6694
13.875 76.875 4.0682
13.875 77.125 2.8641
13.875 77.375 3.9221
13.875 77.625 4.5697
13.875 77.875 3.9351
13.875 78.125 3.4153
13.875 78.375 4.0303
13.875 78.625 3.091
13.875 78.875 2.1543
13.875 79.125 1.606
13.875 79.375 1.2553
13.875 79.625 1.6263
13.875 79.875 1.832
14.125 74.625 1.4038
14.125 74.875 1.8367
14.125 75.125 2.2407
14.125 75.375 2.4175
14.125 75.625 2.0512
14.125 75.875 2.8867
14.125 76.125 2.4851
14.125 76.375 2.0455
14.125 76.625 2.3339
14.125 76.875 4.3149
14.125 77.125 3.4261
14.125 77.375 3.6275
14.125 77.625 4.2731
14.125 77.875 3.7728
14.125 78.125 3.8631
14.125 78.375 4.4556
14.125 78.625 3.7602
14.125 78.875 2.714
14.125 79.125 1.6068
14.125 79.375 1.4661
14.125 79.625 1.4215
14.125 79.875 1.4529
14.375 74.625 1.3352
14.375 74.875 2.0427
14.375 75.125 2.739
14.375 75.375 2.252
14.375 75.625 1.7919
14.375 75.875 3.518
14.375 76.125 3.0996
14.375 76.375 2.9023
14.375 76.625 2.8301
14.375 76.875 3.2666
14.375 77.125 3.1665
14.375 77.375 3.6842
14.375 77.625 2.7355
14.375 77.875 3.6308
14.375 78.125 3.6617
14.375 78.375 4.1297
14.375 78.625 3.9587
14.375 78.875 3.3282
14.375 79.125 2.4206
14.375 79.375 2.267
14.375 79.625 1.0011
14.375 79.875 1.6359
14.625 74.375 NaN
14.625 74.625 1.6609
14.625 74.875 2.0666
14.625 75.125 1.4436
14.625 75.375 1.8068
14.625 75.625 2.3618
14.625 75.875 2.5396
14.625 76.125 2.1671
14.625 76.375 2.4892
14.625 76.625 2.8753
14.625 76.875 3.7556
14.625 77.125 3.308
14.625 77.375 3.066
14.625 77.625 3.0554
14.625 77.875 3.2972
14.625 78.125 3.0966
14.625 78.375 2.461
14.625 78.625 3.0295
14.625 78.875 2.477
14.625 79.125 2.2895
14.625 79.375 2.2132
14.625 79.625 1.404
14.625 79.875 1.4872
14.875 74.375 2.2643
14.875 74.625 1.689
14.875 74.875 1.5138
14.875 75.125 1.7216
14.875 75.375 1.2119
14.875 75.625 2.3983
14.875 75.875 1.1843
14.875 76.125 1.8131
14.875 76.375 1.9535
14.875 76.625 2.6811
14.875 76.875 3.1989
14.875 77.125 3.4939
14.875 77.375 4.1794
14.875 77.625 2.9032
14.875 77.875 2.6065
14.875 78.125 2.3898
14.875 78.375 1.5003
14.875 78.625 1.6288
14.875 78.875 1.8743
14.875 79.125 2.0062
14.875 79.375 1.9751
14.875 79.625 1.7123
14.875 79.875 1.6763
15.125 74.125 2.2472
15.125 74.375 2.702
15.125 74.625 2.2562
15.125 74.875 1.6986
15.125 75.125 1.4394
15.125 75.375 1.4634
15.125 75.625 1.7741
15.125 75.875 2.0943
15.125 76.125 1.6938
15.125 76.375 1.9048
15.125 76.625 2.0476
15.125 76.875 2.161
15.125 77.125 2.5258
15.125 77.375 2.1584
15.125 77.625 1.3376
15.125 77.875 1.9499
15.125 78.125 0.91331
15.125 78.375 0.72558
15.125 78.625 1.1995
15.125 78.875 1.7349
15.125 79.125 1.4497
15.125 79.375 2.0923
15.125 79.625 2.3395
15.125 79.875 1.3498
15.375 73.875 1.7132
15.375 74.125 2.5015
15.375 74.375 2.2882
15.375 74.625 1.4854
15.375 74.875 1.7994
15.375 75.125 1.5948
15.375 75.375 1.653
15.375 75.625 1.0547
15.375 75.875 1.1088
15.375 76.125 2.0837
15.375 76.375 2.6115
15.375 76.625 0.62177
15.375 76.875 1.0705
15.375 77.125 2.2761
15.375 77.375 1.6229
15.375 77.625 0.94091
15.375 77.875 1.3836
15.375 78.125 0.9057
15.375 78.375 0.98879
15.375 78.625 0.95039
15.375 78.875 1.2073
15.375 79.125 0.59286
15.375 79.375 0.036899
15.375 79.625 -0.21646
15.375 79.875 0.051723
15.625 73.875 2.1955
15.625 74.125 1.4623
15.625 74.375 0.060393
15.625 74.625 1.877
15.625 74.875 1.8046
15.625 75.125 1.1526
15.625 75.375 0.54524
15.625 75.625 0.39567
15.625 75.875 1.2547
15.625 76.125 1.7795
15.625 76.375 0.85585
15.625 76.625 0.46868
15.625 76.875 0.11666
15.625 77.125 0.86592
15.625 77.375 0.55687
15.625 77.625 0.26695
15.625 77.875 1.037
15.625 78.125 2.0735
15.625 78.375 1.3617
15.625 78.625 0.92515
15.625 78.875 1.908
15.625 79.125 0.027507
15.625 79.375 -0.06749
15.625 79.625 0.79263
15.625 79.875 0.68139
15.625 80.125 1.3901
15.875 73.875 2.8585
15.875 74.125 2.5134
15.875 74.375 1.2048
15.875 74.625 1.8795
15.875 74.875 1.5643
15.875 75.125 1.4529
15.875 75.375 0.72195
15.875 75.625 0.71961
15.875 75.875 0.40901
15.875 76.125 1.7994
15.875 76.375 1.5478
15.875 76.625 0.40446
15.875 76.875 -0.021406
15.875 77.125 -0.019082
15.875 77.375 0.41291
15.875 77.625 -0.17343
15.875 77.875 0.40946
15.875 78.125 0.86691
15.875 78.375 1.0028
15.875 78.625 0.57048
15.875 78.875 0.0055978
15.875 79.125 -0.1322
15.875 79.375 0.83988
15.875 79.625 0.67894
15.875 79.875 1.0471
15.875 80.125 1.4664
15.875 80.375 1.4462
15.875 80.625 NaN
15.875 80.875 1.4767
16.125 73.625 2.5147
16.125 73.875 0.92673
16.125 74.125 1.8356
16.125 74.375 1.6517
16.125 74.625 1.8761
16.125 74.875 0.52815
16.125 75.125 0.46468
16.125 75.375 0.32481
16.125 75.625 0.75071
16.125 75.875 0.056084
16.125 76.125 0.67205
16.125 76.375 0.59466
16.125 76.625 0.19389
16.125 76.875 0.076263
16.125 77.125 0.44642
16.125 77.375 0.55315
16.125 77.625 -0.027579
16.125 77.875 0.01497
16.125 78.125 0.26091
16.125 78.375 0.066535
16.125 78.625 -0.16256
16.125 78.875 0.21725
16.125 79.125 0.75345
16.125 79.375 1.1942
16.125 79.625 0.93977
16.125 79.875 0.99627
16.125 80.125 0.52481
16.125 80.375 0.89799
16.125 80.625 1.2694
16.125 80.875 1.475
16.375 73.625 1.7941
16.375 73.875 1.5083
16.375 74.125 2.2669
16.375 74.375 1.7253
16.375 74.625 1.05
16.375 74.875 0.73024
16.375 75.125 -0.095362
16.375 75.375 0.2724
16.375 75.625 0.7745
16.375 75.875 0.56099
16.375 76.125 1.8534
16.375 76.375 2.1154
16.375 76.625 0.49712
16.375 76.875 0.95992
16.375 77.125 0.80478
16.375 77.375 0.96814
16.375 77.625 0.3233
16.375 77.875 -0.14762
16.375 78.125 0.082673
16.375 78.375 0.37848
16.375 78.625 0.31451
16.375 78.875 0.97628
16.375 79.125 2.0175
16.375 79.375 1.2035
16.375 79.625 1.1685
16.375 79.875 0.7664
16.375 80.125 1.1862
16.375 80.375 1.5329
16.375 80.625 0.57475
16.375 80.875 1.7561
16.375 81.125 1.8076
16.375 81.375 NaN
16.375 81.625 NaN
16.625 73.625 1.552
16.625 73.875 2.2933
16.625 74.125 1.8434
16.625 74.375 0.84696
16.625 74.625 0.55003
16.625 74.875 0.36909
16.625 75.125 0.29218
16.625 75.375 0.12945
16.625 75.625 0.68977
16.625 75.875 1.0945
16.625 76.125 1.0207
16.625 76.375 0.72149
16.625 76.625 0.72323
16.625 76.875 0.63974
16.625 77.125 1.3334
16.625 77.375 1.2262
16.625 77.625 0.29849
16.625 77.875 0.15627
16.625 78.125 0.30741
16.625 78.375 0.22976
16.625 78.625 0.41131
16.625 78.875 0.69529
16.625 79.125 0.88804
16.625 79.375 1.5764
16.625 79.625 0.69534
16.625 79.875 -0.23738
16.625 80.125 0.3953
16.625 80.375 0.9171
16.625 80.625 1.09
16.625 80.875 1.3754
16.625 81.125 1.1531
16.625 81.375 0.97278
16.625 81.625 1.1798
16.625 81.875 1.0701
16.625 82.125 0.93574
16.875 73.375 2.1941
16.875 73.625 1.9427
16.875 73.875 2.297
16.875 74.125 0.06969
16.875 74.375 0.4435
16.875 74.625 0.41057
16.875 74.875 0.9327
16.875 75.125 0.94584
16.875 75.375 1.0637
16.875 75.625 0.52395
16.875 75.875 1.1935
16.875 76.125 0.74491
16.875 76.375 0.74386
16.875 76.625 0.8711
16.875 76.875 0.9779
16.875 77.125 0.93635
16.875 77.375 0.51114
16.875 77.625 0.73331
16.875 77.875 1.5283
16.875 78.125 1.2813
16.875 78.375 1.1628
16.875 78.625 0.76742
16.875 78.875 0.74096
16.875 79.125 0.97603
16.875 79.375 0.96346
16.875 79.625 0.37913
16.875 79.875 0.45049
16.875 80.125 0.63922
16.875 80.375 0.89066
16.875 80.625 1.3245
16.875 80.875 1.7466
16.875 81.125 0.66277
16.875 81.375 1.342
16.875 81.625 0.98434
16.875 81.875 1.0782
16.875 82.125 1.033
17.125 73.375 2.5905
17.125 73.625 2.0729
17.125 73.875 1.4994
17.125 74.125 1.0035
17.125 74.375 0.59075
17.125 74.625 0.8947
17.125 74.875 1.304
17.125 75.125 1.4214
17.125 75.375 0.78084
17.125 75.625 0.37093
17.125 75.875 0.41475
17.125 76.125 0.59283
17.125 76.375 1.5078
17.125 76.625 1.5356
17.125 76.875 1.9901
17.125 77.125 1.3051
17.125 77.375 0.98467
17.125 77.625 0.17648
17.125 77.875 1.154
17.125 78.125 -0.87364
17.125 78.375 1.6286
17.125 78.625 1.682
17.125 78.875 1.8555
17.125 79.125 1.2828
17.125 79.375 0.51288
17.125 79.625 0.44796
17.125 79.875 0.82313
17.125 80.125 0.65878
17.125 80.375 1.1176
17.125 80.625 1.2637
17.125 80.875 1.2938
17.125 81.125 1.3148
17.125 81.375 1.3806
17.125 81.625 0.29989
17.125 81.875 0.045323
17.125 82.125 0.80218
17.125 82.375 0.73254
17.375 73.375 2.1471
17.375 73.625 2.144
17.375 73.875 2.0076
17.375 74.125 1.6053
17.375 74.375 0.61691
17.375 74.625 1.102
17.375 74.875 1.0519
17.375 75.125 1.6741
17.375 75.375 1.5397
17.375 75.625 0.7744
17.375 75.875 -0.16752
17.375 76.125 0.55446
17.375 76.375 1.7835
17.375 76.625 1.1801
17.375 76.875 1.0701
17.375 77.125 1.1812
17.375 77.375 0.99133
17.375 77.625 1.1518
17.375 77.875 -0.37899
17.375 78.125 0.68708
17.375 78.375 1.0301
17.375 78.625 2.1627
17.375 78.875 1.5754
17.375 79.125 1.7458
17.375 79.375 1.1103
17.375 79.625 0.81201
17.375 79.875 1.4682
17.375 80.125 1.7762
17.375 80.375 1.5776
17.375 80.625 0.92991
17.375 80.875 -0.29636
17.375 81.125 0.57121
17.375 81.375 0.46913
17.375 81.625 0.42419
17.375 81.875 0.26175
17.375 82.125 0.85416
17.375 82.375 1.2649
17.375 82.625 NaN
17.625 73.375 2.0407
17.625 73.625 1.1809
17.625 73.875 1.6772
17.625 74.125 1.3816
17.625 74.375 0.74296
17.625 74.625 1.1337
17.625 74.875 1.3228
17.625 75.125 1.9024
17.625 75.375 2.3171
17.625 75.625 1.1098
17.625 75.875 0.54239
17.625 76.125 1.2512
17.625 76.375 1.7597
17.625 76.625 1.653
17.625 76.875 1.1461
17.625 77.125 0.8791
17.625 77.375 1.036
17.625 77.625 1.4176
17.625 77.875 0.24155
17.625 78.125 1.2572
17.625 78.375 1.1883
17.625 78.625 1.7185
17.625 78.875 1.3335
17.625 79.125 1.3451
17.625 79.375 1.0819
17.625 79.625 1.6044
17.625 79.875 1.9033
17.625 80.125 1.9344
17.625 80.375 1.0195
17.625 80.625 0.72674
17.625 80.875 1.0531
17.625 81.125 1.135
17.625 81.375 0.51772
17.625 81.625 0.24788
17.625 81.875 0.2275
17.625 82.125 0.60224
17.625 82.375 1.1544
17.625 82.625 1.276
17.625 82.875 1.2205
17.625 83.125 1.0783
17.875 73.375 1.7319
17.875 73.625 0.88392
17.875 73.875 1.5858
17.875 74.125 0.975
17.875 74.375 0.48115
17.875 74.625 0.64329
17.875 74.875 0.72379
17.875 75.125 1.1269
17.875 75.375 1.9928
17.875 75.625 2.2594
17.875 75.875 2.1909
17.875 76.125 1.8731
17.875 76.375 2.1393
17.875 76.625 2.0203
17.875 76.875 1.1834
17.875 77.125 0.94444
17.875 77.375 0.85433
17.875 77.625 1.1575
17.875 77.875 0.76159
17.875 78.125 1.4358
17.875 78.375 1.9096
17.875 78.625 1.9749
17.875 78.875 1.1638
17.875 79.125 1.8237
17.875 79.375 0.79707
17.875 79.625 0.97535
17.875 79.875 0.70724
17.875 80.125 1.5034
17.875 80.375 0.78932
17.875 80.625 0.82418
17.875 80.875 1.2625
17.875 81.125 1.1307
17.875 81.375 0.45093
17.875 81.625 0.3454
17.875 81.875 0.46898
17.875 82.125 0.4119
17.875 82.375 0.59453
17.875 82.625 1.4841
17.875 82.875 1.076
17.875 83.125 1.1212
17.875 83.375 1.1603
18.125 73.125 NaN
18.125 73.375 0.41949
18.125 73.625 0.80676
18.125 73.875 1.075
18.125 74.125 0.42887
18.125 74.375 0.16256
18.125 74.625 0.43186
18.125 74.875 0.57061
18.125 75.125 0.92689
18.125 75.375 2.129
18.125 75.625 2.6401
18.125 75.875 2.5516
18.125 76.125 2.0065
18.125 76.375 1.8986
18.125 76.625 1.4975
18.125 76.875 0.88695
18.125 77.125 0.87449
18.125 77.375 1.0591
18.125 77.625 1.0397
18.125 77.875 1.3385
18.125 78.125 3.0756
18.125 78.375 1.9783
18.125 78.625 2.4168
18.125 78.875 1.6216
18.125 79.125 1.6693
18.125 79.375 1.9644
18.125 79.625 0.39673
18.125 79.875 0.44473
18.125 80.125 0.48913
18.125 80.375 1.0688
18.125 80.625 0.84626
18.125 80.875 0.17316
18.125 81.125 -0.32271
18.125 81.375 -0.047686
18.125 81.625 0.56958
18.125 81.875 0.38782
18.125 82.125 0.23292
18.125 82.375 0.39632
18.125 82.625 0.83774
18.125 82.875 1.7931
18.125 83.125 1.7114
18.125 83.375 1.2975
18.125 83.625 1.328
18.375 73.125 0.64802
18.375 73.375 0.48388
18.375 73.625 0.59898
18.375 73.875 0.83817
18.375 74.125 0.39684
18.375 74.375 -0.40071
18.375 74.625 0.55075
18.375 74.875 1.1184
18.375 75.125 1.1975
18.375 75.375 2.2405
18.375 75.625 1.6512
18.375 75.875 1.5235
18.375 76.125 2.2552
18.375 76.375 1.8021
18.375 76.625 1.5461
18.375 76.875 0.97824
18.375 77.125 1.4731
18.375 77.375 1.0885
18.375 77.625 0.26528
18.375 77.875 1.409
18.375 78.125 2.4894
18.375 78.375 2.923
18.375 78.625 2.5575
18.375 78.875 0.94955
18.375 79.125 -0.040293
18.375 79.375 0.28154
18.375 79.625 0.13651
18.375 79.875 0.13746
18.375 80.125 0.49484
18.375 80.375 0.79765
18.375 80.625 0.62048
18.375 80.875 -0.41057
18.375 81.125 -0.61002
18.375 81.375 -0.27621
18.375 81.625 0.43723
18.375 81.875 0.78637
18.375 82.125 0.52168
18.375 82.375 0.41703
18.375 82.625 0.79271
18.375 82.875 1.1681
18.375 83.125 1.8619
18.375 83.375 1.5563
18.375 83.625 1.9769
18.375 83.875 1.9765
18.625 73.125 1.5797
18.625 73.375 1.2203
18.625 73.625 0.66632
18.625 73.875 0.80912
18.625 74.125 0.90887
18.625 74.375 0.45356
18.625 74.625 0.75973
18.625 74.875 1.3224
18.625 75.125 0.72196
18.625 75.375 0.91726
18.625 75.625 1.1812
18.625 75.875 1.4325
18.625 76.125 2.8845
18.625 76.375 2.1564
18.625 76.625 1.2638
18.625 76.875 1.5751
18.625 77.125 1.7929
18.625 77.375 1.2324
18.625 77.625 0.90801
18.625 77.875 1.1872
18.625 78.125 1.6118
18.625 78.375 1.927
18.625 78.625 0.74694
18.625 78.875 0.17292
18.625 79.125 0.6138
18.625 79.375 -0.30979
18.625 79.625 -0.14562
18.625 79.875 0.59905
18.625 80.125 0.72193
18.625 80.375 0.46428
18.625 80.625 0.10367
18.625 80.875 -0.48678
18.625 81.125 -0.46618
18.625 81.375 -0.24187
18.625 81.625 -0.30277
18.625 81.875 0.31766
18.625 82.125 0.62242
18.625 82.375 0.46404
18.625 82.625 0.71832
18.625 82.875 1.4131
18.625 83.125 1.591
18.625 83.375 1.7004
18.625 83.625 1.9563
18.625 83.875 2.5575
18.625 84.125 2.5978
18.875 73.125 2.5745
18.875 73.375 0.78551
18.875 73.625 1.0684
18.875 73.875 0.96267
18.875 74.125 1.2145
18.875 74.375 1.0791
18.875 74.625 0.75934
18.875 74.875 1.5019
18.875 75.125 1.3643
18.875 75.375 1.4126
18.875 75.625 1.5137
18.875 75.875 1.461
18.875 76.125 1.9659
18.875 76.375 2.0617
18.875 76.625 2.3114
18.875 76.875 1.3285
18.875 77.125 0.9128
18.875 77.375 1.3653
18.875 77.625 1.7367
18.875 77.875 1.4087
18.875 78.125 1.5094
18.875 78.375 1.039
18.875 78.625 0.59591
18.875 78.875 0.2055
18.875 79.125 0.46091
18.875 79.375 -0.028091
18.875 79.625 -0.23194
18.875 79.875 0.44682
18.875 80.125 0.32155
18.875 80.375 0.15148
18.875 80.625 -0.056495
18.875 80.875 -0.27172
18.875 81.125 -0.32013
18.875 81.375 -0.63316
18.875 81.625 -0.62462
18.875 81.875 -0.33835
18.875 82.125 0.58625
18.875 82.375 0.57555
18.875 82.625 0.5567
18.875 82.875 0.80635
18.875 83.125 0.65069
18.875 83.375 1.0464
18.875 83.625 1.3705
18.875 83.875 1.5047
18.875 84.125 1.8042
18.875 84.375 1.8251
19.125 73.125 1.4531
19.125 73.375 1.6667
19.125 73.625 1.5027
19.125 73.875 2.3857
19.125 74.125 1.8927
19.125 74.375 1.7986
19.125 74.625 1.4245
19.125 74.875 1.8882
19.125 75.125 1.7347
19.125 75.375 1.4715
19.125 75.625 1.8932
19.125 75.875 1.9097
19.125 76.125 2.0762
19.125 76.375 2.3237
19.125 76.625 1.6146
19.125 76.875 0.58718
19.125 77.125 0.41919
19.125 77.375 0.66313
19.125 77.625 1.1997
19.125 77.875 2.1428
19.125 78.125 2.3782
19.125 78.375 1.959
19.125 78.625 1.5708
19.125 78.875 0.86168
19.125 79.125 1.0521
19.125 79.375 0.86004
19.125 79.625 0.5565
19.125 79.875 0.74451
19.125 80.125 0.31763
19.125 80.375 0.3871
19.125 80.625 0.27524
19.125 80.875 0.05132
19.125 81.125 0.015053
19.125 81.375 -0.73036
19.125 81.625 -0.59147
19.125 81.875 -0.30631
19.125 82.125 -0.90233
19.125 82.375 -0.11478
19.125 82.625 0.41939
19.125 82.875 -0.14407
19.125 83.125 -0.64728
19.125 83.375 0.53427
19.125 83.625 1.0609
19.125 83.875 1.5633
19.125 84.125 2.4567
19.125 84.375 2.6661
19.125 84.625 2.6232
19.375 72.875 2.5002
19.375 73.125 2.5331
19.375 73.375 2.5205
19.375 73.625 2.5912
19.375 73.875 2.5474
19.375 74.125 2.5948
19.375 74.375 1.9212
19.375 74.625 1.9869
19.375 74.875 1.488
19.375 75.125 1.6505
19.375 75.375 2.1484
19.375 75.625 2.1862
19.375 75.875 1.8257
19.375 76.125 2.1004
19.375 76.375 0.98362
19.375 76.625 0.2435
19.375 76.875 0.36593
19.375 77.125 0.35662
19.375 77.375 -0.0017448
19.375 77.625 0.82193
19.375 77.875 1.1976
19.375 78.125 1.7768
19.375 78.375 2.0182
19.375 78.625 1.654
19.375 78.875 0.93887
19.375 79.125 1.1431
19.375 79.375 1.2385
19.375 79.625 0.60563
19.375 79.875 0.79796
19.375 80.125 0.27928
19.375 80.375 0.62579
19.375 80.625 0.59343
19.375 80.875 0.78123
19.375 81.125 0.032854
19.375 81.375 -0.51511
19.375 81.625 -0.32233
19.375 81.875 -0.46783
19.375 82.125 -0.66848
19.375 82.375 -0.0049115
19.375 82.625 0.078875
19.375 82.875 -0.20871
19.375 83.125 0.20991
19.375 83.375 0.21843
19.375 83.625 1.3036
19.375 83.875 2.1058
19.375 84.125 2.825
19.375 84.375 3.0252
19.375 84.625 2.6683
19.375 84.875 2.4447
19.625 72.875 2.5397
19.625 73.125 2.6583
19.625 73.375 2.5891
19.625 73.625 2.5044
19.625 73.875 1.9714
19.625 74.125 1.7072
19.625 74.375 1.3866
19.625 74.625 1.6963
19.625 74.875 1.6997
19.625 75.125 1.3705
19.625 75.375 1.91
19.625 75.625 1.2956
19.625 75.875 1.2008
19.625 76.125 1.102
19.625 76.375 0.46246
19.625 76.625 -0.13247
19.625 76.875 0.46109
19.625 77.125 0.40792
19.625 77.375 0.4545
19.625 77.625 0.38596
19.625 77.875 0.22347
19.625 78.125 0.9692
19.625 78.375 1.1788
19.625 78.625 1.1681
19.625 78.875 1.0062
19.625 79.125 0.35001
19.625 79.375 0.062207
19.625 79.625 0.32352
19.625 79.875 0.42751
19.625 80.125 0.29086
19.625 80.375 0.62388
19.625 80.625 0.75969
19.625 80.875 1.2511
19.625 81.125 0.33151
19.625 81.375 -0.3986
19.625 81.625 -0.19521
19.625 81.875 0.14978
19.625 82.125 -0.58108
19.625 82.375 -0.22908
19.625 82.625 -0.48922
19.625 82.875 -0.22381
19.625 83.125 0.19169
19.625 83.375 0.65554
19.625 83.625 1.2973
19.625 83.875 1.4271
19.625 84.125 2.7279
19.625 84.375 2.6537
19.625 84.625 2.2261
19.625 84.875 1.8635
19.625 85.125 1.72
19.625 85.375 1.864
19.875 72.875 3.0527
19.875 73.125 2.9338
19.875 73.375 2.9856
19.875 73.625 1.5609
19.875 73.875 1.2465
19.875 74.125 1.1734
19.875 74.375 1.3364
19.875 74.625 1.9893
19.875 74.875 2.6125
19.875 75.125 1.1156
19.875 75.375 0.96884
19.875 75.625 0.66673
19.875 75.875 0.91492
19.875 76.125 0.9912
19.875 76.375 0.82428
19.875 76.625 0.47734
19.875 76.875 0.94283
19.875 77.125 0.94931
19.875 77.375 1.003
19.875 77.625 0.5103
19.875 77.875 0.45759
19.875 78.125 0.53388
19.875 78.375 0.56557
19.875 78.625 0.80954
19.875 78.875 0.62105
19.875 79.125 0.86482
19.875 79.375 0.41581
19.875 79.625 -0.4564
19.875 79.875 -0.31269
19.875 80.125 -0.078891
19.875 80.375 0.29121
19.875 80.625 0.48494
19.875 80.875 0.65424
19.875 81.125 0.20585
19.875 81.375 0.40101
19.875 81.625 -0.24518
19.875 81.875 -0.26172
19.875 82.125 -0.35281
19.875 82.375 -0.0036608
19.875 82.625 -0.056214
19.875 82.875 -0.5867
19.875 83.125 0.54428
19.875 83.375 0.29334
19.875 83.625 0.88672
19.875 83.875 0.95711
19.875 84.125 2.2948
19.875 84.375 2.2593
19.875 84.625 2.2876
19.875 84.875 1.7028
19.875 85.125 1.2883
19.875 85.375 1.9082
19.875 85.625 NaN
19.875 85.875 NaN
19.875 86.125 NaN
20.125 72.875 3.789
20.125 73.125 4.0913
20.125 73.375 2.0807
20.125 73.625 3.4996
20.125 73.875 1.4172
20.125 74.125 0.4511
20.125 74.375 2.0946
20.125 74.625 2.8526
20.125 74.875 3.4739
20.125 75.125 2.0327
20.125 75.375 1.7744
20.125 75.625 1.3984
20.125 75.875 1.0578
20.125 76.125 1.0503
20.125 76.375 0.87842
20.125 76.625 0.55577
20.125 76.875 1.1617
20.125 77.125 1.6791
20.125 77.375 1.4312
20.125 77.625 0.90135
20.125 77.875 0.56887
20.125 78.125 0.46011
20.125 78.375 0.35684
20.125 78.625 0.56191
20.125 78.875 0.39663
20.125 79.125 0.53265
20.125 79.375 0.52849
20.125 79.625 -0.29703
20.125 79.875 -0.12981
20.125 80.125 -0.097854
20.125 80.375 -0.16708
20.125 80.625 -0.035749
20.125 80.875 0.01858
20.125 81.125 0.21707
20.125 81.375 0.5093
20.125 81.625 0.61559
20.125 81.875 0.10007
20.125 82.125 -0.032024
20.125 82.375 0.037232
20.125 82.625 0.19045
20.125 82.875 0.3304
20.125 83.125 0.38055
20.125 83.375 -0.20701
20.125 83.625 -0.19269
20.125 83.875 0.97734
20.125 84.125 1.5334
20.125 84.375 2.3539
20.125 84.625 2.9266
20.125 84.875 1.5509
20.125 85.125 1.6309
20.125 85.375 2.3823
20.125 85.625 3.5033
20.125 85.875 3.3351
20.125 86.125 3.6722
20.125 86.375 NaN
20.375 73.125 3.3884
20.375 73.375 2.7193
20.375 73.625 2.4452
20.375 73.875 0.55067
20.375 74.125 0.14521
20.375 74.375 1.6838
20.375 74.625 2.3075
20.375 74.875 2.4405
20.375 75.125 1.5687
20.375 75.375 1.7346
20.375 75.625 1.5495
20.375 75.875 1.5111
20.375 76.125 1.0501
20.375 76.375 0.45437
20.375 76.625 0.2817
20.375 76.875 0.74823
20.375 77.125 1.2861
20.375 77.375 1.2549
20.375 77.625 0.67509
20.375 77.875 0.39278
20.375 78.125 0.13661
20.375 78.375 0.12581
20.375 78.625 0.18083
20.375 78.875 -0.00057735
20.375 79.125 -0.082928
20.375 79.375 -0.28786
20.375 79.625 -0.81471
20.375 79.875 -0.079976
20.375 80.125 -0.094313
20.375 80.375 -0.052189
20.375 80.625 0.071852
20.375 80.875 0.16715
20.375 81.125 0.19476
20.375 81.375 0.48117
20.375 81.625 0.68093
20.375 81.875 0.68842
20.375 82.125 0.15804
20.375 82.375 0.13684
20.375 82.625 1.3394
20.375 82.875 0.79113
20.375 83.125 -0.099683
20.375 83.375 0.53696
20.375 83.625 0.76232
20.375 83.875 1.1381
20.375 84.125 0.27086
20.375 84.375 1.7021
20.375 84.625 2.4295
20.375 84.875 2.5792
20.375 85.125 1.1089
20.375 85.375 0.90399
20.375 85.625 2.1135
20.375 85.875 2.1678
20.375 86.125 2.2464
20.375 86.375 2.4786
20.375 86.625 NaN
20.625 73.125 2.2623
20.625 73.375 1.8912
20.625 73.625 0.62922
20.625 73.875 -0.00061173
20.625 74.125 0.60531
20.625 74.375 2.2526
20.625 74.625 2.8376
20.625 74.875 1.7537
20.625 75.125 1.1813
20.625 75.375 1.628
20.625 75.625 1.4043
20.625 75.875 0.42333
20.625 76.125 0.28825
20.625 76.375 0.10078
20.625 76.625 0.33332
20.625 76.875 0.39217
20.625 77.125 0.28457
20.625 77.375 0.95023
20.625 77.625 0.83116
20.625 77.875 0.0083954
20.625 78.125 0.39128
20.625 78.375 -0.028533
20.625 78.625 0.15797
20.625 78.875 -0.14295
20.625 79.125 -0.056341
20.625 79.375 -0.20829
20.625 79.625 -0.58707
20.625 79.875 -0.10988
20.625 80.125 -0.14464
20.625 80.375 0.058875
20.625 80.625 0.17529
20.625 80.875 0.27064
20.625 81.125 0.14998
20.625 81.375 0.47986
20.625 81.625 0.529
20.625 81.875 0.57628
20.625 82.125 0.69368
20.625 82.375 0.17909
20.625 82.625 0.1946
20.625 82.875 0.46707
20.625 83.125 0.40657
20.625 83.375 0.83834
20.625 83.625 1.1354
20.625 83.875 1.5318
20.625 84.125 -0.33765
20.625 84.375 0.76139
20.625 84.625 2.1595
20.625 84.875 2.1583
20.625 85.125 0.67998
20.625 85.375 1.2826
20.625 85.625 1.7053
20.625 85.875 1.9998
20.625 86.125 1.2436
20.625 86.375 1.5787
20.625 86.625 1.7358
20.625 86.875 NaN
20.875 70.625 1.3209
20.875 70.875 1.3375
20.875 71.125 1.342
20.875 71.375 1.5666
20.875 72.875 2.9375
20.875 73.125 1.7785
20.875 73.375 0.72627
20.875 73.625 0.56327
20.875 73.875 0.84964
20.875 74.125 1.9453
20.875 74.375 2.9485
20.875 74.625 3.1864
20.875 74.875 2.4625
20.875 75.125 2.1859
20.875 75.375 1.2161
20.875 75.625 1.3829
20.875 75.875 0.71925
20.875 76.125 0.074387
20.875 76.375 0.38693
20.875 76.625 0.58217
20.875 76.875 0.42027
20.875 77.125 0.96148
20.875 77.375 0.93737
20.875 77.625 0.60539
20.875 77.875 0.11105
20.875 78.125 0.53193
20.875 78.375 0.36713
20.875 78.625 0.41987
20.875 78.875 0.23484
20.875 79.125 0.43031
20.875 79.375 -0.0082338
20.875 79.625 -0.29579
20.875 79.875 -0.23796
20.875 80.125 -0.072738
20.875 80.375 0.22233
20.875 80.625 0.12842
20.875 80.875 1.1318
20.875 81.125 1.8213
20.875 81.375 0.97695
20.875 81.625 0.029868
20.875 81.875 -0.13694
20.875 82.125 0.24427
20.875 82.375 0.66439
20.875 82.625 0.020713
20.875 82.875 -0.57872
20.875 83.125 -0.12995
20.875 83.375 -0.57318
20.875 83.625 1.0503
20.875 83.875 0.67954
20.875 84.125 0.12469
20.875 84.375 1.5871
20.875 84.625 2.1765
20.875 84.875 1.5323
20.875 85.125 1.1199
20.875 85.375 1.3087
20.875 85.625 0.84621
20.875 85.875 0.65599
20.875 86.125 0.38742
20.875 86.375 0.65113
20.875 86.625 1.176
21.125 70.375 2.214
21.125 70.625 3.1599
21.125 70.875 0.63745
21.125 71.125 0.98927
21.125 71.375 1.5976
21.125 71.625 NaN
21.125 71.875 NaN
21.125 72.875 2.3651
21.125 73.125 1.1021
21.125 73.375 1.236
21.125 73.625 1.2516
21.125 73.875 1.0933
21.125 74.125 1.2986
21.125 74.375 1.8156
21.125 74.625 1.9302
21.125 74.875 2.0776
21.125 75.125 1.2526
21.125 75.375 0.72862
21.125 75.625 0.97709
21.125 75.875 0.99042
21.125 76.125 0.78315
21.125 76.375 0.57236
21.125 76.625 0.14202
21.125 76.875 -0.014158
21.125 77.125 0.095829
21.125 77.375 0.49005
21.125 77.625 0.5198
21.125 77.875 0.31416
21.125 78.125 0.3802
21.125 78.375 0.35456
21.125 78.625 -0.071761
21.125 78.875 0.52388
21.125 79.125 0.22874
21.125 79.375 0.84123
21.125 79.625 0.12949
21.125 79.875 -0.072744
21.125 80.125 0.24211
21.125 80.375 0.37556
21.125 80.625 0.67048
21.125 80.875 1.8924
21.125 81.125 1.7809
21.125 81.375 1.0504
21.125 81.625 -0.78553
21.125 81.875 -0.29483
21.125 82.125 0.1723
21.125 82.375 0.6823
21.125 82.625 0.4874
21.125 82.875 -0.010579
21.125 83.125 -0.04958
21.125 83.375 0.088431
21.125 83.625 0.67343
21.125 83.875 0.7593
21.125 84.125 0.99296
21.125 84.375 0.1163
21.125 84.625 0.71768
21.125 84.875 1.3057
21.125 85.125 1.3727
21.125 85.375 0.79874
21.125 85.625 1.5775
21.125 85.875 0.78155
21.125 86.125 0.57772
21.125 86.375 0.55631
21.125 86.625 0.7811
21.375 70.125 1.6003
21.375 70.375 1.3699
21.375 70.625 1.8964
21.375 70.875 1.1735
21.375 71.125 1.1055
21.375 71.375 0.66484
21.375 71.625 1.1029
21.375 71.875 0.48718
21.375 72.875 2.3729
21.375 73.125 3.1451
21.375 73.375 2.6166
21.375 73.625 2.9991
21.375 73.875 1.1304
21.375 74.125 1.6743
21.375 74.375 2.0549
21.375 74.625 1.5679
21.375 74.875 1.676
21.375 75.125 1.4285
21.375 75.375 0.90766
21.375 75.625 0.56209
21.375 75.875 0.63286
21.375 76.125 0.32658
21.375 76.375 0.3418
21.375 76.625 -0.01668
21.375 76.875 -0.41211
21.375 77.125 0.10139
21.375 77.375 1.5437
21.375 77.625 0.51072
21.375 77.875 0.42238
21.375 78.125 0.45919
21.375 78.375 0.20183
21.375 78.625 0.5018
21.375 78.875 0.597
21.375 79.125 0.46618
21.375 79.375 0.31578
21.375 79.625 -0.031277
21.375 79.875 -0.048456
21.375 80.125 -0.26742
21.375 80.375 -0.0055441
21.375 80.625 0.92615
21.375 80.875 1.5812
21.375 81.125 1.5243
21.375 81.375 0.68807
21.375 81.625 -0.24879
21.375 81.875 -0.2701
21.375 82.125 0.074418
21.375 82.375 0.49159
21.375 82.625 0.082877
21.375 82.875 0.099333
21.375 83.125 0.16866
21.375 83.375 0.48673
21.375 83.625 0.27778
21.375 83.875 0.019145
21.375 84.125 0.14043
21.375 84.375 0.8959
21.375 84.625 0.59683
21.375 84.875 0.99807
21.375 85.125 1.1519
21.375 85.375 0.59648
21.375 85.625 1.9408
21.375 85.875 0.77696
21.375 86.125 0.96749
21.375 86.375 0.76371
21.375 86.625 0.56024
21.375 86.875 0.5496
21.625 69.875 1.6004
21.625 70.125 1.164
21.625 70.375 1.7532
21.625 70.625 2.1696
21.625 70.875 1.2719
21.625 71.125 0.60366
21.625 71.375 0.91968
21.625 71.625 0.77758
21.625 71.875 1.3908
21.625 72.125 1.4587
21.625 72.875 1.3381
21.625 73.125 0.79314
21.625 73.375 1.9991
21.625 73.625 2.6154
21.625 73.875 1.8867
21.625 74.125 1.7889
21.625 74.375 1.8237
21.625 74.625 2.0295
21.625 74.875 1.5982
21.625 75.125 1.0208
21.625 75.375 -0.096244
21.625 75.625 -0.23211
21.625 75.875 -0.075194
21.625 76.125 0.054597
21.625 76.375 0.042912
21.625 76.625 -0.11147
21.625 76.875 0.40726
21.625 77.125 0.78963
21.625 77.375 1.5866
21.625 77.625 0.33883
21.625 77.875 0.85059
21.625 78.125 0.79072
21.625 78.375 0.32163
21.625 78.625 0.57501
21.625 78.875 0.58842
21.625 79.125 -0.051769
21.625 79.375 -0.76267
21.625 79.625 -0.18014
21.625 79.875 -0.18644
21.625 80.125 -0.062882
21.625 80.375 0.11209
21.625 80.625 0.69579
21.625 80.875 0.79103
21.625 81.125 2.3397
21.625 81.375 1.0671
21.625 81.625 0.10173
21.625 81.875 0.29999
21.625 82.125 0.50159
21.625 82.375 0.71082
21.625 82.625 0.27487
21.625 82.875 NaN
21.625 83.125 -0.065069
21.625 83.375 0.19523
21.625 83.625 -0.044101
21.625 83.875 0.31179
21.625 84.125 0.37709
21.625 84.375 1.8113
21.625 84.625 1.9415
21.625 84.875 2.2988
21.625 85.125 1.4749
21.625 85.375 0.7069
21.625 85.625 0.25929
21.625 85.875 1.1722
21.625 86.125 0.96491
21.625 86.375 0.93698
21.625 86.625 0.69965
21.625 86.875 1.1267
21.625 87.125 1.2182
21.625 87.375 NaN
21.875 69.375 NaN
21.875 69.625 1.9625
21.875 69.875 1.7023
21.875 70.125 2.8184
21.875 70.375 3.2833
21.875 70.625 3.1572
21.875 70.875 0.98723
21.875 71.125 0.58644
21.875 71.375 0.32497
21.875 71.625 0.77217
21.875 71.875 1.0584
21.875 72.125 1.1166
21.875 72.625 NaN
21.875 72.875 0.81023
21.875 73.125 0.53813
21.875 73.375 1.7026
21.875 73.625 2.0225
21.875 73.875 2.3477
21.875 74.125 1.9787
21.875 74.375 2.0083
21.875 74.625 2.2708
21.875 74.875 1.7912
21.875 75.125 -0.054226
21.875 75.375 -0.25715
21.875 75.625 -0.211
21.875 75.875 0.05651
21.875 76.125 0.10373
21.875 76.375 0.13174
21.875 76.625 0.033154
21.875 76.875 -0.07965
21.875 77.125 0.59066
21.875 77.375 0.54764
21.875 77.625 0.45072
21.875 77.875 0.47591
21.875 78.125 0.61077
21.875 78.375 0.35176
21.875 78.625 0.28462
21.875 78.875 0.33512
21.875 79.125 -0.19343
21.875 79.375 -0.58703
21.875 79.625 -0.43909
21.875 79.875 -0.18923
21.875 80.125 -0.09719
21.875 80.375 -0.19018
21.875 80.625 0.20187
21.875 80.875 0.85218
21.875 81.125 1.0667
21.875 81.375 0.74399
21.875 81.625 0.69896
21.875 81.875 0.60328
21.875 82.125 0.12862
21.875 82.375 0.71958
21.875 82.625 0.79527
21.875 82.875 -0.22866
21.875 83.125 -0.17778
21.875 83.375 0.14695
21.875 83.625 -0.060619
21.875 83.875 -0.3095
21.875 84.125 0.64987
21.875 84.375 2.1753
21.875 84.625 2.4087
21.875 84.875 2.7054
21.875 85.125 2.6861
21.875 85.375 2.116
21.875 85.625 0.93912
21.875 85.875 1.96
21.875 86.125 1.4314
21.875 86.375 1.1179
21.875 86.625 1.3677
21.875 86.875 2.4273
21.875 87.125 2.685
21.875 87.375 2.1489
21.875 87.625 2.8613
21.875 87.875 1.314
21.875 88.375 1.8963
21.875 88.625 NaN
21.875 88.875 NaN
22.125 69.125 2.2791
22.125 69.375 2.3046
22.125 69.625 2.2316
22.125 69.875 2.0648
22.125 70.125 3.4036
22.125 70.375 3.1333
22.125 70.625 1.9535
22.125 70.875 1.0046
22.125 71.125 1.035
22.125 71.375 0.76815
22.125 71.625 0.76013
22.125 71.875 0.50693
22.125 72.125 1.5083
22.125 72.625 NaN
22.125 72.875 0.97355
22.125 73.125 0.98727
22.125 73.375 1.2882
22.125 73.625 1.4511
22.125 73.875 2.0912
22.125 74.125 1.402
22.125 74.375 1.4905
22.125 74.625 1.5626
22.125 74.875 0.47015
22.125 75.125 0.026338
22.125 75.375 -0.16034
22.125 75.625 0.54483
22.125 75.875 0.65172
22.125 76.125 0.58008
22.125 76.375 0.25106
22.125 76.625 -0.064237
22.125 76.875 -0.087251
22.125 77.125 0.17756
22.125 77.375 0.47406
22.125 77.625 0.53192
22.125 77.875 0.74877
22.125 78.125 0.42671
22.125 78.375 0.13209
22.125 78.625 -0.046779
22.125 78.875 -0.093481
22.125 79.125 -0.43018
22.125 79.375 -0.61338
22.125 79.625 -0.51373
22.125 79.875 -0.4805
22.125 80.125 -0.12753
22.125 80.375 -0.13223
22.125 80.625 0.093937
22.125 80.875 0.60742
22.125 81.125 1.4034
22.125 81.375 1.0824
22.125 81.625 0.96471
22.125 81.875 0.93532
22.125 82.125 0.79581
22.125 82.375 1.1049
22.125 82.625 0.88362
22.125 82.875 -0.09818
22.125 83.125 0.3399
22.125 83.375 0.30783
22.125 83.625 0.044393
22.125 83.875 0.92392
22.125 84.125 1.4623
22.125 84.375 1.3343
22.125 84.625 2.3656
22.125 84.875 3.4272
22.125 85.125 2.8368
22.125 85.375 2.449
22.125 85.625 2.1277
22.125 85.875 2.4859
22.125 86.125 2.251
22.125 86.375 3.1443
22.125 86.625 4.4626
22.125 86.875 4.3819
22.125 87.125 4.0276
22.125 87.375 2.3023
22.125 87.625 2.1715
22.125 87.875 2.2793
22.125 88.125 2.3189
22.125 88.375 2.1963
22.125 92.875 NaN
22.375 69.125 2.0152
22.375 69.875 1.7573
22.375 70.125 2.391
22.375 70.375 1.6258
22.375 70.625 1.135
22.375 70.875 0.79033
22.375 71.125 1.1901
22.375 71.375 0.75649
22.375 71.625 0.4264
22.375 71.875 0.75243
22.375 72.125 1.3868
22.375 72.625 NaN
22.375 72.875 0.38995
22.375 73.125 0.0207
22.375 73.375 0.51707
22.375 73.625 2.6607
22.375 73.875 0.77068
22.375 74.125 1.2814
22.375 74.375 1.2841
22.375 74.625 0.89565
22.375 74.875 0.40093
22.375 75.125 0.3813
22.375 75.375 0.75032
22.375 75.625 0.63752
22.375 75.875 0.46588
22.375 76.125 0.57945
22.375 76.375 0.50941
22.375 76.625 0.46288
22.375 76.875 0.15806
22.375 77.125 0.10806
22.375 77.375 0.19532
22.375 77.625 0.59439
22.375 77.875 0.7523
22.375 78.125 0.39064
22.375 78.375 0.030492
22.375 78.625 -0.4212
22.375 78.875 -0.32046
22.375 79.125 -0.54081
22.375 79.375 -0.64657
22.375 79.625 -0.62127
22.375 79.875 -0.55042
22.375 80.125 -0.73988
22.375 80.375 -0.28687
22.375 80.625 0.27231
22.375 80.875 1.1009
22.375 81.125 1.6305
22.375 81.375 1.7521
22.375 81.625 1.3736
22.375 81.875 0.87981
22.375 82.125 0.91403
22.375 82.375 1.0252
22.375 82.625 1.0725
22.375 82.875 0.83013
22.375 83.125 1.5631
22.375 83.375 1.6782
22.375 83.625 1.732
22.375 83.875 2.3895
22.375 84.125 1.5138
22.375 84.375 1.3879
22.375 84.625 1.4712
22.375 84.875 3.7746
22.375 85.125 3.3322
22.375 85.375 2.1252
22.375 85.625 1.9007
22.375 85.875 1.7827
22.375 86.125 1.6624
22.375 86.375 3.4831
22.375 86.625 4.203
22.375 86.875 4.3562
22.375 87.125 4.2302
22.375 87.375 1.9616
22.375 87.625 1.4021
22.375 87.875 2.1835
22.375 88.125 0.97425
22.375 88.375 1.6348
22.375 88.625 1.7774
22.375 88.875 1.8228
22.375 92.875 1.9012
22.625 70.375 2.0753
22.625 70.625 0.96372
22.625 70.875 0.92899
22.625 71.125 1.1486
22.625 71.375 0.64719
22.625 71.625 0.47578
22.625 71.875 0.16259
22.625 72.125 0.33812
22.625 72.375 0.7664
22.625 72.625 1.265
22.625 72.875 0.73366
22.625 73.125 -0.025975
22.625 73.375 0.79605
22.625 73.625 0.20739
22.625 73.875 0.075038
22.625 74.125 0.50489
22.625 74.375 0.50773
22.625 74.625 0.50678
22.625 74.875 0.70939
22.625 75.125 0.7683
22.625 75.375 0.74645
22.625 75.625 0.7323
22.625 75.875 0.53107
22.625 76.125 0.49601
22.625 76.375 0.49525
22.625 76.625 0.54204
22.625 76.875 0.18378
22.625 77.125 0.12765
22.625 77.375 0.16893
22.625 77.625 0.27686
22.625 77.875 0.576
22.625 78.125 0.37862
22.625 78.375 -0.25709
22.625 78.625 -0.52851
22.625 78.875 -0.49679
22.625 79.125 -0.59304
22.625 79.375 -0.73358
22.625 79.625 -0.87083
22.625 79.875 -0.7837
22.625 80.125 -0.91264
22.625 80.375 -0.68546
22.625 80.625 0.87467
22.625 80.875 1.5218
22.625 81.125 1.4243
22.625 81.375 1.7318
22.625 81.625 0.75516
22.625 81.875 0.88316
22.625 82.125 0.97318
22.625 82.375 0.98214
22.625 82.625 0.69288
22.625 82.875 0.70943
22.625 83.125 1.3631
22.625 83.375 1.7562
22.625 83.625 2.1632
22.625 83.875 1.678
22.625 84.125 1.0274
22.625 84.375 0.86668
22.625 84.625 1.2564
22.625 84.875 3.7263
22.625 85.125 3.5464
22.625 85.375 2.2958
22.625 85.625 1.8209
22.625 85.875 2.2727
22.625 86.125 1.4473
22.625 86.375 2.0494
22.625 86.625 2.1816
22.625 86.875 3.5625
22.625 87.125 3.5811
22.625 87.375 1.9373
22.625 87.625 2.1689
22.625 87.875 2.7649
22.625 88.125 2.582
22.625 88.375 1.5899
22.625 88.625 1.8812
22.625 88.875 1.8843
22.625 92.625 0.14982
22.625 92.875 1.4652
22.875 69.375 NaN
22.875 69.625 NaN
22.875 69.875 NaN
22.875 70.625 1.0183
22.875 70.875 1.0748
22.875 71.125 0.78047
22.875 71.375 0.25155
22.875 71.625 0.16528
22.875 71.875 -0.0017983
22.875 72.125 0.39927
22.875 72.375 0.19881
22.875 72.625 1.4668
22.875 72.875 -0.12005
22.875 73.125 0.2182
22.875 73.375 -0.17713
22.875 73.625 0.41162
22.875 73.875 0.24325
22.875 74.125 0.48522
22.875 74.375 0.44753
22.875 74.625 0.32891
22.875 74.875 1.2977
22.875 75.125 1.0871
22.875 75.375 1.12
22.875 75.625 0.9458
22.875 75.875 0.65464
22.875 76.125 0.67456
22.875 76.375 0.44851
22.875 76.625 0.37484
22.875 76.875 -0.18708
22.875 77.125 -0.2285
22.875 77.375 0.17569
22.875 77.625 0.096771
22.875 77.875 0.0079233
22.875 78.125 -0.068419
22.875 78.375 -0.52158
22.875 78.625 -0.80938
22.875 78.875 -0.50114
22.875 79.125 -0.39708
22.875 79.375 -0.64665
22.875 79.625 -0.67435
22.875 79.875 -0.70866
22.875 80.125 -0.79162
22.875 80.375 -0.70771
22.875 80.625 1.1614
22.875 80.875 1.3281
22.875 81.125 1.203
22.875 81.375 1.1357
22.875 81.625 0.055903
22.875 81.875 -0.21505
22.875 82.125 0.060074
22.875 82.375 0.038414
22.875 82.625 -0.20526
22.875 82.875 -0.32507
22.875 83.125 0.4001
22.875 83.375 1.3889
22.875 83.625 1.5205
22.875 83.875 1.3126
22.875 84.125 0.79015
22.875 84.375 0.51312
22.875 84.625 1.2098
22.875 84.875 1.3309
22.875 85.125 3.1375
22.875 85.375 2.351
22.875 85.625 0.83546
22.875 85.875 2.3651
22.875 86.125 1.5214
22.875 86.375 1.6679
22.875 86.625 2.792
22.875 86.875 2.9454
22.875 87.125 2.7721
22.875 87.375 2.5532
22.875 87.625 2.7518
22.875 87.875 2.4625
22.875 88.125 2.1932
22.875 88.375 1.8712
22.875 88.625 1.7436
22.875 92.625 -0.16389
22.875 92.875 0.98654
23.125 68.875 0.72987
23.125 69.125 1.3755
23.125 69.375 1.4031
23.125 69.625 1.082
23.125 69.875 1.7751
23.125 70.125 1.0389
23.125 70.875 1.033
23.125 71.125 0.81761
23.125 71.375 0.21139
23.125 71.625 0.34326
23.125 71.875 0.019787
23.125 72.125 0.77575
23.125 72.375 0.45365
23.125 72.625 0.71236
23.125 72.875 0.12622
23.125 73.125 0.086358
23.125 73.375 0.34265
23.125 73.625 0.60669
23.125 73.875 0.34022
23.125 74.125 0.37851
23.125 74.375 0.53234
23.125 74.625 0.70731
23.125 74.875 1.3568
23.125 75.125 1.4475
23.125 75.375 1.134
23.125 75.625 0.56959
23.125 75.875 0.39815
23.125 76.125 0.9844
23.125 76.375 1.2645
23.125 76.625 0.78634
23.125 76.875 0.010057
23.125 77.125 0.092078
23.125 77.375 -0.059496
23.125 77.625 -0.0013162
23.125 77.875 -0.077363
23.125 78.125 -0.28708
23.125 78.375 -0.46199
23.125 78.625 -0.76253
23.125 78.875 -0.47908
23.125 79.125 -0.40553
23.125 79.375 -0.35084
23.125 79.625 -0.68006
23.125 79.875 -0.89595
23.125 80.125 -0.93993
23.125 80.375 -0.71436
23.125 80.625 0.76678
23.125 80.875 0.87308
23.125 81.125 0.73328
23.125 81.375 -0.050317
23.125 81.625 -0.3176
23.125 81.875 -0.51658
23.125 82.125 0.018998
23.125 82.375 0.22069
23.125 82.625 0.095148
23.125 82.875 -0.51884
23.125 83.125 -0.45813
23.125 83.375 0.17175
23.125 83.625 0.87301
23.125 83.875 1.2016
23.125 84.125 0.76413
23.125 84.375 0.99942
23.125 84.625 1.2483
23.125 84.875 1.5168
23.125 85.125 1.425
23.125 85.375 1.7966
23.125 85.625 1.9437
23.125 85.875 2.6871
23.125 86.125 2.7223
23.125 86.375 2.8598
23.125 86.625 3.1472
23.125 86.875 3.2879
23.125 87.125 2.6254
23.125 87.375 2.9998
23.125 87.625 2.3948
23.125 87.875 1.9027
23.125 88.125 1.3791
23.125 88.375 1.7551
23.125 88.625 1.6701
23.125 91.625 NaN
23.125 92.625 -0.12121
23.125 92.875 0.14392
23.125 93.125 NaN
23.375 68.875 0.90505
23.375 69.125 1.3366
23.375 69.375 1.5533
23.375 69.625 1.4473
23.375 69.875 1.3524
23.375 70.125 1.2124
23.375 70.375 1.1942
23.375 70.625 1.1276
23.375 70.875 1.142
23.375 71.125 1.2415
23.375 71.375 1.1747
23.375 71.625 1.2353
23.375 71.875 1.5253
23.375 72.125 0.93335
23.375 72.375 0.45282
23.375 72.625 0.17037
23.375 72.875 0.2766
23.375 73.125 0.45192
23.375 73.375 0.48381
23.375 73.625 0.61765
23.375 73.875 0.38703
23.375 74.125 0.34468
23.375 74.375 0.7411
23.375 74.625 1.167
23.375 74.875 1.6217
23.375 75.125 1.7856
23.375 75.375 1.2172
23.375 75.625 0.87585
23.375 75.875 0.74417
23.375 76.125 1.4863
23.375 76.375 1.557
23.375 76.625 1.1939
23.375 76.875 0.75021
23.375 77.125 0.42012
23.375 77.375 0.027267
23.375 77.625 -0.19079
23.375 77.875 -0.058709
23.375 78.125 -0.020311
23.375 78.375 -0.18766
23.375 78.625 -0.29351
23.375 78.875 -0.38111
23.375 79.125 -0.58772
23.375 79.375 -0.57951
23.375 79.625 -0.66864
23.375 79.875 -0.63113
23.375 80.125 -0.82809
23.375 80.375 -1.0762
23.375 80.625 -0.83967
23.375 80.875 -0.11896
23.375 81.125 0.04374
23.375 81.375 -0.17456
23.375 81.625 -0.23495
23.375 81.875 -0.11018
23.375 82.125 0.0028859
23.375 82.375 0.079278
23.375 82.625 -0.012506
23.375 82.875 -0.36736
23.375 83.125 -0.58038
23.375 83.375 0.28982
23.375 83.625 0.53444
23.375 83.875 1.3187
23.375 84.125 0.17597
23.375 84.375 1.6265
23.375 84.625 1.3079
23.375 84.875 0.90685
23.375 85.125 0.72572
23.375 85.375 1.2258
23.375 85.625 1.2976
23.375 85.875 2.9489
23.375 86.125 2.6783
23.375 86.375 2.6842
23.375 86.625 4.1221
23.375 86.875 3.1501
23.375 87.125 2.645
23.375 87.375 2.2689
23.375 87.625 2.6696
23.375 87.875 1.4039
23.375 88.125 1.1833
23.375 88.375 1.5006
23.375 88.625 1.4086
23.375 91.375 0.5117
23.375 91.625 0.40749
23.375 92.625 0.076268
23.375 92.875 0.28817
23.375 93.125 0.45897
23.625 68.625 0.43907
23.625 68.875 0.58456
23.625 69.125 0.92796
23.625 69.375 1.2491
23.625 69.625 1.3731
23.625 69.875 1.2855
23.625 70.125 1.3513
23.625 70.375 1.2359
23.625 70.625 1.2957
23.625 70.875 1.352
23.625 71.125 1.2981
23.625 71.375 1.409
23.625 71.625 0.65086
23.625 71.875 0.76028
23.625 72.125 1.8917
23.625 72.375 0.96958
23.625 72.625 0.96543
23.625 72.875 1.2844
23.625 73.125 0.40308
23.625 73.375 0.73464
23.625 73.625 0.89219
23.625 73.875 0.59378
23.625 74.125 1.2659
23.625 74.375 1.5299
23.625 74.625 1.4854
23.625 74.875 1.6034
23.625 75.125 1.2941
23.625 75.375 0.99976
23.625 75.625 1.3545
23.625 75.875 1.6554
23.625 76.125 1.7582
23.625 76.375 1.3874
23.625 76.625 0.93614
23.625 76.875 0.90742
23.625 77.125 1.1655
23.625 77.375 0.50148
23.625 77.625 0.10183
23.625 77.875 -0.0091881
23.625 78.125 0.0282
23.625 78.375 -0.077928
23.625 78.625 -0.25717
23.625 78.875 -0.34484
23.625 79.125 -0.67697
23.625 79.375 -0.75679
23.625 79.625 -0.63033
23.625 79.875 -0.58869
23.625 80.125 -0.83051
23.625 80.375 -1.0602
23.625 80.625 -0.87886
23.625 80.875 -0.42627
23.625 81.125 -0.13967
23.625 81.375 -0.17917
23.625 81.625 -0.16462
23.625 81.875 -0.14152
23.625 82.125 0.1211
23.625 82.375 -0.0097615
23.625 82.625 -0.23702
23.625 82.875 -0.55886
23.625 83.125 -0.5758
23.625 83.375 -0.57998
23.625 83.625 0.30562
23.625 83.875 3.0238
23.625 84.125 0.8945
23.625 84.375 0.3898
23.625 84.625 0.66097
23.625 84.875 1.269
23.625 85.125 0.7069
23.625 85.375 0.91596
23.625 85.625 0.84932
23.625 85.875 2.7389
23.625 86.125 0.94936
23.625 86.375 3.1132
23.625 86.625 3.9082
23.625 86.875 1.9066
23.625 87.125 2.0566
23.625 87.375 2.1866
23.625 87.625 1.5857
23.625 87.875 1.5985
23.625 88.125 1.2224
23.625 88.375 1.1793
23.625 91.375 0.020071
23.625 91.625 -0.015875
23.625 91.875 NaN
23.625 92.375 0.092818
23.625 92.625 0.099516
23.625 92.875 0.39201
23.625 93.125 0.46139
23.875 68.875 0.54671
23.875 69.125 0.71705
23.875 69.375 1.1077
23.875 69.625 1.3459
23.875 69.875 1.3181
23.875 70.125 1.3235
23.875 70.375 1.252
23.875 70.625 1.4179
23.875 70.875 1.0943
23.875 71.125 1.1715
23.875 71.375 0.83713
23.875 71.625 0.83793
23.875 71.875 1.5796
23.875 72.125 2.3494
23.875 72.375 2.2673
23.875 72.625 2.367
23.875 72.875 1.5322
23.875 73.125 0.83795
23.875 73.375 0.39976
23.875 73.625 1.3697
23.875 73.875 1.2261
23.875 74.125 1.3858
23.875 74.375 1.8577
23.875 74.625 1.896
23.875 74.875 1.927
23.875 75.125 0.86469
23.875 75.375 0.4924
23.875 75.625 1.712
23.875 75.875 2.023
23.875 76.125 1.7528
23.875 76.375 1.2697
23.875 76.625 0.93403
23.875 76.875 1.4288
23.875 77.125 1.2235
23.875 77.375 1.1475
23.875 77.625 0.46779
23.875 77.875 0.13148
23.875 78.125 0.013562
23.875 78.375 -0.066423
23.875 78.625 -0.39816
23.875 78.875 -0.72267
23.875 79.125 -0.9299
23.875 79.375 -0.68533
23.875 79.625 -0.63324
23.875 79.875 -0.76756
23.875 80.125 -0.85486
23.875 80.375 -1.2072
23.875 80.625 -0.97183
23.875 80.875 -0.56032
23.875 81.125 -0.27588
23.875 81.375 -0.17708
23.875 81.625 -0.037848
23.875 81.875 0.15186
23.875 82.125 0.059017
23.875 82.375 0.083472
23.875 82.625 -0.30109
23.875 82.875 -0.52532
23.875 83.125 -0.63947
23.875 83.375 -0.5649
23.875 83.625 0.061213
23.875 83.875 1.4471
23.875 84.125 1.2098
23.875 84.375 0.46043
23.875 84.625 1.3002
23.875 84.875 1.3735
23.875 85.125 1.0035
23.875 85.375 -0.32363
23.875 85.625 0.10323
23.875 85.875 1.6103
23.875 86.125 0.77706
23.875 86.375 0.88372
23.875 86.625 1.8838
23.875 86.875 1.0832
23.875 87.125 1.4594
23.875 87.375 0.92785
23.875 87.625 0.13375
23.875 87.875 -0.041352
23.875 88.125 0.49123
23.875 88.375 0.57259
23.875 91.375 -0.30788
23.875 91.625 -0.58043
23.875 91.875 -0.11413
23.875 92.125 0.42034
23.875 92.375 0.13078
23.875 92.625 0.23485
23.875 92.875 0.31143
23.875 93.125 -0.16293
23.875 93.375 -0.18065
24.125 68.875 0.53589
24.125 69.125 0.61339
24.125 69.375 0.90437
24.125 69.625 1.1943
24.125 69.875 1.2431
24.125 70.125 1.2442
24.125 70.375 1.1607
24.125 70.625 1.0767
24.125 70.875 1.0301
24.125 71.125 0.70068
24.125 71.375 0.73791
24.125 71.625 0.86905
24.125 71.875 1.284
24.125 72.125 1.2665
24.125 72.375 2.0878
24.125 72.625 3.1198
24.125 72.875 2.986
24.125 73.125 2.4828
24.125 73.375 2.5888
24.125 73.625 2.1895
24.125 73.875 2.4532
24.125 74.125 2.3259
24.125 74.375 2.0925
24.125 74.625 2.5115
24.125 74.875 2.7829
24.125 75.125 2.1332
24.125 75.375 1.5953
24.125 75.625 1.1887
24.125 75.875 1.0011
24.125 76.125 1.0983
24.125 76.375 0.68504
24.125 76.625 0.91305
24.125 76.875 1.5592
24.125 77.125 1.3608
24.125 77.375 1.307
24.125 77.625 0.61893
24.125 77.875 0.18257
24.125 78.125 0.066342
24.125 78.375 -0.40132
24.125 78.625 -0.67904
24.125 78.875 -1.0124
24.125 79.125 -1.0532
24.125 79.375 -0.718
24.125 79.625 -0.7072
24.125 79.875 -0.61515
24.125 80.125 -0.75474
24.125 80.375 -1.1766
24.125 80.625 -0.94643
24.125 80.875 -0.23017
24.125 81.125 -0.046344
24.125 81.375 -0.0087623
24.125 81.625 0.11062
24.125 81.875 0.20832
24.125 82.125 0.39378
24.125 82.375 -0.051591
24.125 82.625 -0.35024
24.125 82.875 -0.38669
24.125 83.125 -0.5447
24.125 83.375 -0.28596
24.125 83.625 -0.89122
24.125 83.875 -0.0043551
24.125 84.125 0.021735
24.125 84.375 0.029225
24.125 84.625 0.45031
24.125 84.875 1.3706
24.125 85.125 0.7846
24.125 85.375 0.66268
24.125 85.625 1.2369
24.125 85.875 0.67424
24.125 86.125 0.52736
24.125 86.375 0.2945
24.125 86.625 0.37085
24.125 86.875 0.046305
24.125 87.125 0.47277
24.125 87.375 -0.29314
24.125 87.625 -0.20533
24.125 87.875 -0.65445
24.125 88.125 -0.051039
24.125 88.375 0.24555
24.125 91.875 -0.59734
24.125 92.125 -0.28184
24.125 92.375 -0.019893
24.125 92.625 0.14987
24.125 92.875 0.35517
24.125 93.125 -0.19736
24.125 93.375 -0.76186
24.125 93.625 -0.7429
24.125 93.875 -0.68468
24.125 94.125 NaN
24.375 71.375 0.67392
24.375 71.625 0.81877
24.375 71.875 0.99484
24.375 72.125 0.80201
24.375 72.375 0.45782
24.375 72.625 1.1048
24.375 72.875 2.7006
24.375 73.125 3.7246
24.375 73.375 3.2858
24.375 73.625 3.3063
24.375 73.875 3.145
24.375 74.125 2.9779
24.375 74.375 2.7433
24.375 74.625 2.8415
24.375 74.875 2.6543
24.375 75.125 2.7091
24.375 75.375 1.6841
24.375 75.625 1.6725
24.375 75.875 0.63064
24.375 76.125 1.1737
24.375 76.375 0.79871
24.375 76.625 1.1383
24.375 76.875 1.1276
24.375 77.125 1.593
24.375 77.375 1.3098
24.375 77.625 0.88237
24.375 77.875 0.37046
24.375 78.125 -0.088395
24.375 78.375 -0.37497
24.375 78.625 -0.6162
24.375 78.875 -0.71727
24.375 79.125 -0.75912
24.375 79.375 -0.80577
24.375 79.625 -0.7364
24.375 79.875 -0.56553
24.375 80.125 -0.38396
24.375 80.375 -0.37247
24.375 80.625 -0.52473
24.375 80.875 0.02194
24.375 81.125 0.15163
24.375 81.375 0.10136
24.375 81.625 0.32351
24.375 81.875 0.29213
24.375 82.125 0.13383
24.375 82.375 0.06341
24.375 82.625 0.18601
24.375 82.875 0.06994
24.375 83.125 -0.049293
24.375 83.375 0.086013
24.375 83.625 0.38745
24.375 83.875 0.65687
24.375 84.125 0.71789
24.375 84.375 0.52669
24.375 84.625 0.80517
24.375 84.875 1.2836
24.375 85.125 0.92984
24.375 85.375 1.2093
24.375 85.625 1.1578
24.375 85.875 -0.035289
24.375 86.125 0.014342
24.375 86.375 0.085176
24.375 86.625 0.282
24.375 86.875 -0.20825
24.375 87.125 -0.60201
24.375 87.375 -1.1383
24.375 87.625 -0.13711
24.375 87.875 -0.38576
24.375 88.125 -0.50199
24.375 92.375 -0.086876
24.375 92.625 -0.25071
24.375 92.875 0.3764
24.375 93.125 -0.38897
24.375 93.375 -0.85343
24.375 93.625 -0.87602
24.375 93.875 -0.90755
24.375 94.125 -0.68047
24.625 71.125 0.264
24.625 71.375 0.35002
24.625 71.625 0.21327
24.625 71.875 0.58628
24.625 72.125 0.88773
24.625 72.375 1.2022
24.625 72.625 0.7579
24.625 72.875 0.83706
24.625 73.125 1.5936
24.625 73.375 1.7498
24.625 73.625 2.773
24.625 73.875 2.5785
24.625 74.125 2.4877
24.625 74.375 2.8663
24.625 74.625 3.1656
24.625 74.875 3.4728
24.625 75.125 2.7274
24.625 75.375 2.0081
24.625 75.625 2.3369
24.625 75.875 1.5476
24.625 76.125 1.2066
24.625 76.375 1.5351
24.625 76.625 1.4295
24.625 76.875 1.2557
24.625 77.125 1.6964
24.625 77.375 1.683
24.625 77.625 1.5806
24.625 77.875 1.2585
24.625 78.125 0.079957
24.625 78.375 -0.2545
24.625 78.625 -0.44639
24.625 78.875 -0.28629
24.625 79.125 -0.29992
24.625 79.375 -0.57134
24.625 79.625 -0.69843
24.625 79.875 -0.36959
24.625 80.125 -0.59826
24.625 80.375 -0.31159
24.625 80.625 1.0578
24.625 80.875 0.70107
24.625 81.125 0.21884
24.625 81.375 0.40028
24.625 81.625 0.97353
24.625 81.875 0.81321
24.625 82.125 0.32687
24.625 82.375 0.10559
24.625 82.625 0.28029
24.625 82.875 0.50033
24.625 83.125 0.46525
24.625 83.375 0.35891
24.625 83.625 0.57977
24.625 83.875 0.42319
24.625 84.125 0.93701
24.625 84.375 0.974
24.625 84.625 1.1302
24.625 84.875 1.6937
24.625 85.125 0.99096
24.625 85.375 0.69132
24.625 85.625 0.81873
24.625 85.875 -0.13137
24.625 86.125 -0.00043787
24.625 86.375 -0.059662
24.625 86.625 -0.22892
24.625 86.875 -0.14813
24.625 87.125 -0.34099
24.625 87.375 -0.51146
24.625 87.625 -0.62502
24.625 87.875 -0.52705
24.625 92.375 -0.49676
24.625 92.625 -0.59774
24.625 92.875 -0.13329
24.625 93.125 -0.52419
24.625 93.375 -0.87729
24.625 93.625 -1.1879
24.625 93.875 -1.2283
24.625 94.125 -0.69736
24.625 94.375 NaN
24.875 71.125 0.2168
24.875 71.375 -0.071334
24.875 71.625 0.0085766
24.875 71.875 0.20617
24.875 72.125 0.42387
24.875 72.375 1.1155
24.875 72.625 0.8687
24.875 72.875 0.38703
24.875 73.125 0.28323
24.875 73.375 0.76555
24.875 73.625 2.0073
24.875 73.875 1.6323
24.875 74.125 1.668
24.875 74.375 2.3568
24.875 74.625 3.6431
24.875 74.875 3.3877
24.875 75.125 2.2115
24.875 75.375 1.9863
24.875 75.625 2.6024
24.875 75.875 2.5434
24.875 76.125 2.8997
24.875 76.375 2.6774
24.875 76.625 2.7646
24.875 76.875 2.7543
24.875 77.125 2.5539
24.875 77.375 2.3067
24.875 77.625 1.9546
24.875 77.875 1.2284
24.875 78.125 0.78192
24.875 78.375 0.55471
24.875 78.625 0.06929
24.875 78.875 -0.31044
24.875 79.125 0.19097
24.875 79.375 -0.38682
24.875 79.625 -0.59006
24.875 79.875 0.089261
24.875 80.125 -0.93066
24.875 80.375 0.12722
24.875 80.625 1.4009
24.875 80.875 1.1715
24.875 81.125 0.23768
24.875 81.375 0.61203
24.875 81.625 0.71146
24.875 81.875 0.38525
24.875 82.125 0.24268
24.875 82.375 0.086565
24.875 82.625 0.075917
24.875 82.875 0.97689
24.875 83.125 0.74782
24.875 83.375 0.23827
24.875 83.625 0.31608
24.875 83.875 0.25417
24.875 84.125 0.53987
24.875 84.375 0.02543
24.875 84.625 -0.062793
24.875 84.875 1.7294
24.875 85.125 0.74556
24.875 85.375 1.1323
24.875 85.625 0.7081
24.875 85.875 0.42905
24.875 86.125 0.40548
24.875 86.375 -0.13172
24.875 86.625 -0.173
24.875 86.875 0.2187
24.875 87.125 0.031935
24.875 87.375 0.19634
24.875 87.625 -0.39352
24.875 87.875 -0.59563
24.875 88.125 -0.62863
24.875 92.625 -0.92797
24.875 92.875 -0.30626
24.875 93.125 -0.28441
24.875 93.375 -0.95097
24.875 93.625 -1.2085
24.875 93.875 -1.2557
24.875 94.125 -1.2329
24.875 94.375 -1.2398
25.125 71.125 0.58687
25.125 71.375 0.34786
25.125 71.625 0.13462
25.125 71.875 0.19823
25.125 72.125 0.46459
25.125 72.375 -0.14414
25.125 72.625 -0.2785
25.125 72.875 0.59503
25.125 73.125 0.30059
25.125 73.375 0.4385
25.125 73.625 1.2661
25.125 73.875 1.537
25.125 74.125 1.6537
25.125 74.375 1.7424
25.125 74.625 1.8222
25.125 74.875 1.46
25.125 75.125 2.136
25.125 75.375 2.1836
25.125 75.625 2.823
25.125 75.875 1.3446
25.125 76.125 1.953
25.125 76.375 2.7653
25.125 76.625 3.006
25.125 76.875 2.8752
25.125 77.125 3.0035
25.125 77.375 2.6865
25.125 77.625 2.1024
25.125 77.875 1.417
25.125 78.125 1.2336
25.125 78.375 1.2488
25.125 78.625 0.19755
25.125 78.875 -0.28026
25.125 79.125 -0.064127
25.125 79.375 -0.5719
25.125 79.625 -0.75465
25.125 79.875 -0.48926
25.125 80.125 -0.87063
25.125 80.375 0.38819
25.125 80.625 1.8195
25.125 80.875 1.1057
25.125 81.125 0.044939
25.125 81.375 1.4595
25.125 81.625 2.0574
25.125 81.875 0.38445
25.125 82.125 0.16658
25.125 82.375 0.31485
25.125 82.625 1.3369
25.125 82.875 -0.1136
25.125 83.125 0.12724
25.125 83.375 0.34593
25.125 83.625 0.46875
25.125 83.875 -0.24263
25.125 84.125 -0.22199
25.125 84.375 -0.13373
25.125 84.625 0.12718
25.125 84.875 0.97212
25.125 85.125 1.4657
25.125 85.375 1.5112
25.125 85.625 0.5998
25.125 85.875 -0.074408
25.125 86.125 1.0112
25.125 86.375 0.57679
25.125 86.625 0.51617
25.125 86.875 0.17434
25.125 87.125 0.28822
25.125 87.375 0.38738
25.125 87.625 -0.088424
25.125 87.875 -0.73231
25.125 88.125 -1.1601
25.125 88.375 -1.6799
25.125 92.375 -1.1726
25.125 92.625 -1.2772
25.125 92.875 -0.76466
25.125 93.125 -0.35234
25.125 93.375 -1.0455
25.125 93.625 -1.3418
25.125 93.875 -1.5957
25.125 94.125 -1.574
25.125 94.375 -1.662
25.375 70.875 0.39184
25.375 71.125 0.30704
25.375 71.375 0.33967
25.375 71.625 0.15824
25.375 71.875 0.32789
25.375 72.125 0.8317
25.375 72.375 0.068165
25.375 72.625 -0.039924
25.375 72.875 0.56245
25.375 73.125 0.74037
25.375 73.375 0.98957
25.375 73.625 1.158
25.375 73.875 1.5297
25.375 74.125 1.5678
25.375 74.375 1.3273
25.375 74.625 1.589
25.375 74.875 1.6312
25.375 75.125 1.769
25.375 75.375 2.173
25.375 75.625 2.6305
25.375 75.875 2.3923
25.375 76.125 2.3914
25.375 76.375 2.475
25.375 76.625 2.8827
25.375 76.875 2.5262
25.375 77.125 2.878
25.375 77.375 2.3812
25.375 77.625 1.6932
25.375 77.875 1.4031
25.375 78.125 1.0358
25.375 78.375 1.0548
25.375 78.625 0.44805
25.375 78.875 -0.57
25.375 79.125 -0.78802
25.375 79.375 -0.89154
25.375 79.625 -0.34032
25.375 79.875 0.46675
25.375 80.125 0.3878
25.375 80.375 1.4246
25.375 80.625 1.7433
25.375 80.875 -0.35322
25.375 81.125 0.27186
25.375 81.375 1.8934
25.375 81.625 1.4212
25.375 81.875 -0.18777
25.375 82.125 -0.95428
25.375 82.375 -0.63345
25.375 82.625 -0.61749
25.375 82.875 0.59344
25.375 83.125 -0.51929
25.375 83.375 1.0293
25.375 83.625 1.3019
25.375 83.875 0.66939
25.375 84.125 -0.064541
25.375 84.375 0.26079
25.375 84.625 0.5973
25.375 84.875 1.4362
25.375 85.125 2.0055
25.375 85.375 2.0206
25.375 85.625 1.1238
25.375 85.875 0.9444
25.375 86.125 0.83735
25.375 86.375 1.1158
25.375 86.625 0.77875
25.375 86.875 0.14774
25.375 87.125 0.94338
25.375 87.375 0.59351
25.375 87.625 0.2662
25.375 87.875 -0.49181
25.375 88.125 -1.1254
25.375 88.375 -1.8846
25.375 88.625 -2.0474
25.375 90.125 0.43286
25.375 90.375 0.43849
25.375 90.625 0.57932
25.375 90.875 0.31732
25.375 91.125 0.11901
25.375 91.375 -0.68748
25.375 91.625 -0.41611
25.375 91.875 -0.48499
25.375 92.125 -0.59806
25.375 92.375 -1.1112
25.375 92.625 -1.1531
25.375 92.875 -1.086
25.375 93.125 -1.1548
25.375 93.375 -1.3318
25.375 93.625 -1.1871
25.375 93.875 -2.0046
25.375 94.125 -1.8758
25.375 94.375 -1.8794
25.625 70.875 0.38073
25.625 71.125 0.15454
25.625 71.375 0.18732
25.625 71.625 0.3246
25.625 71.875 0.4348
25.625 72.125 0.80462
25.625 72.375 0.74186
25.625 72.625 0.18684
25.625 72.875 0.33488
25.625 73.125 0.79207
25.625 73.375 1.3164
25.625 73.625 1.1848
25.625 73.875 0.77676
25.625 74.125 1.3245
25.625 74.375 1.3118
25.625 74.625 1.1335
25.625 74.875 0.77716
25.625 75.125 -0.087037
25.625 75.375 1.1166
25.625 75.625 1.76
25.625 75.875 1.8203
25.625 76.125 1.9027
25.625 76.375 1.7435
25.625 76.625 1.4458
25.625 76.875 1.5345
25.625 77.125 1.9151
25.625 77.375 2.0042
25.625 77.625 1.017
25.625 77.875 1.0992
25.625 78.125 0.88158
25.625 78.375 0.54333
25.625 78.625 -0.11591
25.625 78.875 -0.55712
25.625 79.125 -0.3437
25.625 79.375 -0.033499
25.625 79.625 0.95437
25.625 79.875 1.0083
25.625 80.125 1.2069
25.625 80.375 1.8952
25.625 80.625 0.81611
25.625 80.875 0.11242
25.625 81.125 3.5378
25.625 81.375 2.7635
25.625 81.625 1.7393
25.625 81.875 0.83867
25.625 82.125 -0.82607
25.625 82.375 -0.30256
25.625 82.625 -0.38808
25.625 82.875 0.20467
25.625 83.125 0.025661
25.625 83.375 1.2638
25.625 83.625 1.8539
25.625 83.875 2.3618
25.625 84.125 0.45335
25.625 84.375 0.41193
25.625 84.625 1.6774
25.625 84.875 2.5456
25.625 85.125 1.43
25.625 85.375 1.6281
25.625 85.625 1.4101
25.625 85.875 1.6546
25.625 86.125 1.4634
25.625 86.375 1.2102
25.625 86.625 -0.035963
25.625 86.875 0.22061
25.625 87.125 0.53707
25.625 87.375 0.49109
25.625 87.625 0.21668
25.625 87.875 0.34486
25.625 88.125 -1.4252
25.625 90.125 0.53232
25.625 90.375 0.22953
25.625 90.625 -0.24813
25.625 90.875 -0.032595
25.625 91.125 -1.0326
25.625 91.375 -0.85136
25.625 91.625 -0.62038
25.625 91.875 -0.50375
25.625 92.125 -0.85576
25.625 92.375 -0.75143
25.625 92.625 -1.6762
25.625 92.875 -0.90912
25.625 93.125 -1.2328
25.625 93.375 -1.6642
25.625 93.625 -1.583
25.625 93.875 -2.4099
25.625 94.125 -2.2203
25.625 94.375 -2.1986
25.625 94.625 NaN
25.625 94.875 NaN
25.875 70.375 0.59015
25.875 70.625 0.67473
25.875 70.875 0.78506
25.875 71.125 0.81606
25.875 71.375 0.51152
25.875 71.625 0.70853
25.875 71.875 0.67514
25.875 72.125 0.72359
25.875 72.375 0.81038
25.875 72.625 0.15456
25.875 72.875 0.076507
25.875 73.125 0.62791
25.875 73.375 1.1807
25.875 73.625 1.1456
25.875 73.875 1.2426
25.875 74.125 0.74588
25.875 74.375 1.1227
25.875 74.625 1.2993
25.875 74.875 0.92636
25.875 75.125 0.23357
25.875 75.375 0.28025
25.875 75.625 0.99319
25.875 75.875 1.5718
25.875 76.125 1.2537
25.875 76.375 1.6851
25.875 76.625 1.3701
25.875 76.875 1.7102
25.875 77.125 2.0361
25.875 77.375 1.5028
25.875 77.625 0.51305
25.875 77.875 0.92734
25.875 78.125 0.93364
25.875 78.375 0.51081
25.875 78.625 0.63524
25.875 78.875 -0.35599
25.875 79.125 0.28581
25.875 79.375 0.5391
25.875 79.625 0.34526
25.875 79.875 0.75324
25.875 80.125 0.92202
25.875 80.375 1.8473
25.875 80.625 1.1598
25.875 80.875 0.77081
25.875 81.125 -0.33203
25.875 81.375 -0.22937
25.875 81.625 1.6098
25.875 81.875 1.6881
25.875 82.125 -0.21004
25.875 82.375 0.27927
25.875 82.625 0.97819
25.875 82.875 2.6689
25.875 83.125 0.18855
25.875 83.375 1.6077
25.875 83.625 1.5252
25.875 83.875 1.5347
25.875 84.125 1.632
25.875 84.375 0.57771
25.875 84.625 1.4763
25.875 84.875 2.111
25.875 85.125 2.5405
25.875 85.375 2.3911
25.875 85.625 1.897
25.875 85.875 2.0468
25.875 86.125 1.4802
25.875 86.375 1.3737
25.875 86.625 0.72486
25.875 86.875 0.3907
25.875 87.125 0.2066
25.875 87.375 0.14658
25.875 87.625 -0.14259
25.875 87.875 -0.25435
25.875 90.125 -0.45778
25.875 90.375 -0.63628
25.875 90.625 -0.7676
25.875 90.875 -1.371
25.875 91.125 -1.5558
25.875 91.375 -1.0923
25.875 91.625 -0.76079
25.875 91.875 -1.1872
25.875 92.125 -0.98908
25.875 92.375 -0.54864
25.875 92.625 -0.72881
25.875 92.875 -0.96154
25.875 93.125 -1.8666
25.875 93.375 -2.1871
25.875 93.625 -2.1112
25.875 93.875 -2.678
25.875 94.125 -2.574
25.875 94.375 -2.1515
25.875 94.625 -1.9511
25.875 94.875 -1.7847
26.125 70.375 0.66962
26.125 70.625 1.1285
26.125 70.875 1.205
26.125 71.125 1.0924
26.125 71.375 1.0338
26.125 71.625 1.01
26.125 71.875 1.5447
26.125 72.125 1.6977
26.125 72.375 0.75914
26.125 72.625 -0.30007
26.125 72.875 -0.51132
26.125 73.125 0.49171
26.125 73.375 1.7647
26.125 73.625 1.5978
26.125 73.875 1.3492
26.125 74.125 0.99997
26.125 74.375 0.85088
26.125 74.625 0.84395
26.125 74.875 0.77095
26.125 75.125 0.68895
26.125 75.375 1.1967
26.125 75.625 0.98814
26.125 75.875 0.99401
26.125 76.125 1.0753
26.125 76.375 1.1042
26.125 76.625 0.97648
26.125 76.875 1.5089
26.125 77.125 1.5696
26.125 77.375 0.63472
26.125 77.625 0.19153
26.125 77.875 0.40793
26.125 78.125 0.94937
26.125 78.375 0.71171
26.125 78.625 1.186
26.125 78.875 0.096946
26.125 79.125 0.097422
26.125 79.375 0.82808
26.125 79.625 -0.60798
26.125 79.875 -0.23443
26.125 80.125 1.1796
26.125 80.375 0.87698
26.125 80.625 1.058
26.125 80.875 1.7755
26.125 81.125 0.97794
26.125 81.375 -0.081515
26.125 81.625 1.06
26.125 81.875 0.89022
26.125 82.125 0.028868
26.125 82.375 -0.0019782
26.125 82.625 1.4703
26.125 82.875 1.7956
26.125 83.125 0.19364
26.125 83.375 1.7733
26.125 83.625 2.2195
26.125 83.875 1.1887
26.125 84.125 1.3419
26.125 84.375 1.3284
26.125 84.625 1.8964
26.125 84.875 1.478
26.125 85.125 1.8829
26.125 85.375 1.602
26.125 85.625 2.0037
26.125 85.875 2.3432
26.125 86.125 1.8562
26.125 86.375 1.3925
26.125 86.625 1.6257
26.125 86.875 1.7639
26.125 87.125 0.63603
26.125 87.375 1.1488
26.125 87.625 0.64463
26.125 87.875 0.65977
26.125 88.125 -0.0075549
26.125 89.375 0.064603
26.125 89.875 -0.94026
26.125 90.125 -0.56796
26.125 90.375 -0.45215
26.125 90.625 -0.38501
26.125 90.875 -1.3765
26.125 91.125 -1.386
26.125 91.375 -1.045
26.125 91.625 -1.3942
26.125 91.875 -1.2445
26.125 92.125 -1.3662
26.125 92.375 -0.92193
26.125 92.625 -0.69831
26.125 92.875 -1.3811
26.125 93.125 -2.0037
26.125 93.375 -1.6856
26.125 93.625 -1.8189
26.125 93.875 -2.1448
26.125 94.125 -2.2179
26.125 94.375 -1.7845
26.125 94.625 -1.7261
26.125 94.875 -1.7763
26.375 70.375 0.90961
26.375 70.625 1.4612
26.375 70.875 1.3411
26.375 71.125 1.4039
26.375 71.375 1.2881
26.375 71.625 1.5076
26.375 71.875 1.6074
26.375 72.125 1.7845
26.375 72.375 1.0465
26.375 72.625 -0.0016142
26.375 72.875 -0.39518
26.375 73.125 -0.015754
26.375 73.375 0.60986
26.375 73.625 2.1974
26.375 73.875 2.4564
26.375 74.125 1.4888
26.375 74.375 1.1346
26.375 74.625 -0.20966
26.375 74.875 0.43505
26.375 75.125 1.2808
26.375 75.375 1.5628
26.375 75.625 0.62649
26.375 75.875 0.36034
26.375 76.125 -0.09542
26.375 76.375 0.1009
26.375 76.625 0.71176
26.375 76.875 1.1593
26.375 77.125 0.8513
26.375 77.375 0.57399
26.375 77.625 -0.002285
26.375 77.875 0.40177
26.375 78.125 0.99871
26.375 78.375 0.91928
26.375 78.625 0.68381
26.375 78.875 0.50099
26.375 79.125 0.60761
26.375 79.375 -0.61128
26.375 79.625 -0.84195
26.375 79.875 0.94827
26.375 80.125 1.1819
26.375 80.375 0.028328
26.375 80.625 -0.47615
26.375 80.875 0.59272
26.375 81.125 0.84472
26.375 81.375 0.1377
26.375 81.625 -0.34025
26.375 81.875 0.50944
26.375 82.125 0.31093
26.375 82.375 0.4461
26.375 82.625 1.0166
26.375 82.875 0.8331
26.375 83.125 0.81179
26.375 83.375 0.75161
26.375 83.625 1.5138
26.375 83.875 1.5679
26.375 84.125 1.3655
26.375 84.375 1.1558
26.375 84.625 1.2839
26.375 84.875 -0.061575
26.375 85.125 1.21
26.375 85.375 1.2187
26.375 85.625 2.5964
26.375 85.875 2.3679
26.375 86.125 1.1583
26.375 86.375 1.544
26.375 86.625 1.461
26.375 86.875 1.5726
26.375 87.125 0.63108
26.375 87.625 0.19389
26.375 87.875 0.80021
26.375 88.125 -0.22631
26.375 88.375 -0.22358
26.375 88.875 -0.36709
26.375 89.375 0.091108
26.375 89.625 -0.18975
26.375 89.875 -0.6158
26.375 90.125 -0.41822
26.375 90.375 -0.25845
26.375 90.625 -0.62221
26.375 90.875 -1.0907
26.375 91.125 -1.1851
26.375 91.375 -1.5525
26.375 91.625 -1.0868
26.375 91.875 -0.99354
26.375 92.125 -1.3915
26.375 92.375 -1.1219
26.375 92.625 -1.1077
26.375 92.875 -1.5265
26.375 93.125 -1.3268
26.375 93.375 -0.85133
26.375 93.625 -1.2173
26.375 93.875 -1.6041
26.375 94.125 -2.2285
26.375 94.375 -1.5813
26.375 94.625 -1.5998
26.375 94.875 -1.7484
26.625 69.875 0.31371
26.625 70.125 0.33669
26.625 70.375 0.20918
26.625 70.625 1.5257
26.625 70.875 1.7809
26.625 71.125 1.6961
26.625 71.375 1.3707
26.625 71.625 1.4317
26.625 71.875 1.6445
26.625 72.125 2.0027
26.625 72.375 1.3768
26.625 72.625 0.37563
26.625 72.875 0.36532
26.625 73.125 0.57248
26.625 73.375 0.47043
26.625 73.625 1.7976
26.625 73.875 2.2064
26.625 74.125 0.88915
26.625 74.375 0.62483
26.625 74.625 0.35035
26.625 74.875 1.9041
26.625 75.125 1.6747
26.625 75.375 0.70441
26.625 75.625 0.31965
26.625 75.875 0.24829
26.625 76.125 0.41512
26.625 76.375 0.23078
26.625 76.625 0.77227
26.625 76.875 0.8691
26.625 77.125 1.0001
26.625 77.375 0.70068
26.625 77.625 0.19711
26.625 77.875 0.11553
26.625 78.125 -0.094997
26.625 78.375 0.055551
26.625 78.625 -0.07917
26.625 78.875 -0.12217
26.625 79.125 -0.75022
26.625 79.375 -0.84864
26.625 79.625 0.055567
26.625 79.875 0.26964
26.625 80.125 0.13959
26.625 80.375 0.56973
26.625 80.625 -0.127
26.625 80.875 0.57464
26.625 81.125 0.95087
26.625 81.375 0.79936
26.625 81.625 1.1732
26.625 81.875 2.6014
26.625 82.125 1.5278
26.625 82.375 0.90952
26.625 82.625 1.0123
26.625 82.875 1.0252
26.625 83.125 0.98943
26.625 83.375 0.55444
26.625 83.625 0.57126
26.625 83.875 0.476
26.625 84.125 1.8904
26.625 84.375 1.6745
26.625 84.625 1.2978
26.625 84.875 0.50319
26.625 85.125 0.28791
26.625 85.375 0.5555
26.625 85.625 1.9851
26.625 86.125 1.264
26.625 88.375 0.057615
26.625 88.625 0.22392
26.625 88.875 -0.41826
26.625 89.125 -0.42517
26.625 89.375 -0.36235
26.625 89.625 -0.31325
26.625 89.875 -0.60065
26.625 90.125 -0.41542
26.625 90.375 -0.12327
26.625 90.625 0.01526
26.625 90.875 -0.90362
26.625 91.125 -1.2821
26.625 91.375 -1.291
26.625 91.625 -0.64609
26.625 91.875 -0.78739
26.625 92.125 -0.97572
26.625 92.375 -0.78759
26.625 92.625 -0.35881
26.625 92.875 -0.72188
26.625 93.125 -1.1288
26.625 93.375 -1.4131
26.625 93.625 -1.7373
26.625 93.875 -1.919
26.625 94.125 -1.4767
26.625 94.375 -1.2313
26.625 94.625 -1.3061
26.625 94.875 -1.8768
26.625 95.125 -1.8756
26.875 69.625 0.084666
26.875 69.875 0.1656
26.875 70.125 0.21056
26.875 70.375 0.47189
26.875 70.625 1.7256
26.875 70.875 1.8486
26.875 71.125 1.811
26.875 71.375 1.5042
26.875 71.625 1.5537
26.875 71.875 1.6669
26.875 72.125 2.4607
26.875 72.375 1.9916
26.875 72.625 1.1892
26.875 72.875 1.0478
26.875 73.125 1.3084
26.875 73.375 0.89278
26.875 73.625 1.0635
26.875 73.875 1.1431
26.875 74.125 0.80169
26.875 74.375 1.3716
26.875 74.625 1.2678
26.875 74.875 1.6991
26.875 75.125 1.88
26.875 75.375 0.26872
26.875 75.625 0.016571
26.875 75.875 0.41517
26.875 76.125 0.59711
26.875 76.375 0.20638
26.875 76.625 0.61668
26.875 76.875 0.40996
26.875 77.125 0.71441
26.875 77.375 0.2351
26.875 77.625 0.10454
26.875 77.875 -0.10184
26.875 78.125 0.018065
26.875 78.375 0.1119
26.875 78.625 -0.50187
26.875 78.875 -0.082861
26.875 79.125 -0.37572
26.875 79.375 -0.32939
26.875 79.625 0.63063
26.875 79.875 0.15541
26.875 80.125 -0.18776
26.875 80.375 0.5268
26.875 80.625 0.096397
26.875 80.875 1.194
26.875 81.125 1.3227
26.875 81.375 1.2729
26.875 81.625 1.0849
26.875 81.875 0.79627
26.875 82.125 2.1343
26.875 82.375 1.3201
26.875 82.625 1.0282
26.875 82.875 0.080102
26.875 83.125 0.59021
26.875 83.375 0.54243
26.875 83.625 0.47977
26.875 83.875 0.089855
26.875 84.125 1.7751
26.875 84.375 1.9771
26.875 84.625 1.605
26.875 84.875 0.56572
26.875 88.375 1.0102
26.875 88.625 0.04314
26.875 88.875 -0.40714
26.875 92.375 -0.31678
26.875 92.625 -0.15339
26.875 92.875 -0.48028
26.875 93.125 -0.39916
26.875 93.375 -1.4901
26.875 93.625 -1.5263
26.875 93.875 -1.9887
26.875 94.125 -1.6037
26.875 94.375 -1.2389
26.875 94.625 -1.6957
26.875 94.875 -2.2063
26.875 95.125 -2.2611
26.875 95.375 -2.274
26.875 95.625 -2.1819
27.125 69.875 0.068944
27.125 70.125 0.061017
27.125 70.375 -0.036711
27.125 70.625 0.83498
27.125 70.875 1.5344
27.125 71.125 1.8461
27.125 71.375 1.7699
27.125 71.625 2.1767
27.125 71.875 2.5667
27.125 72.125 2.5782
27.125 72.375 2.4092
27.125 72.625 1.9209
27.125 72.875 1.1904
27.125 73.125 1.0757
27.125 73.375 0.72247
27.125 73.625 0.63088
27.125 73.875 1.1511
27.125 74.125 1.1821
27.125 74.375 1.3929
27.125 74.625 1.669
27.125 74.875 0.87985
27.125 75.125 1.2492
27.125 75.375 0.74974
27.125 75.625 0.33821
27.125 75.875 0.19318
27.125 76.125 -0.33289
27.125 76.375 -0.1641
27.125 76.625 -0.34076
27.125 76.875 -0.33073
27.125 77.125 0.57449
27.125 77.375 0.29502
27.125 77.625 0.32977
27.125 77.875 0.48338
27.125 78.125 0.54766
27.125 78.375 0.48783
27.125 78.625 0.39508
27.125 78.875 0.17087
27.125 79.125 -0.20562
27.125 79.375 -0.43094
27.125 79.625 -0.41494
27.125 79.875 0.043077
27.125 80.125 0.21361
27.125 80.375 1.0347
27.125 80.625 0.4488
27.125 80.875 0.24426
27.125 81.125 1.62
27.125 81.375 1.6431
27.125 81.625 1.1089
27.125 81.875 1.3351
27.125 82.125 1.6515
27.125 82.375 0.63292
27.125 82.625 0.83546
27.125 82.875 0.15892
27.125 83.125 0.60248
27.125 83.375 0.70516
27.125 83.625 1.5213
27.125 83.875 1.7337
27.125 84.125 1.933
27.125 84.375 2.0408
27.125 84.625 1.7098
27.125 88.125 1.1906
27.125 88.375 1.528
27.125 88.625 0.50446
27.125 92.125 -0.64626
27.125 92.375 -0.18361
27.125 92.625 -0.080734
27.125 92.875 -0.45375
27.125 93.125 -0.86604
27.125 93.375 -0.99971
27.125 93.625 -1.2543
27.125 93.875 -0.65896
27.125 94.125 -1.7929
27.125 94.375 -1.3604
27.125 94.625 -1.9452
27.125 94.875 -2.2515
27.125 95.125 -2.3349
27.125 95.375 -2.2871
27.125 95.625 -2.1939
27.125 95.875 -2.1705
27.375 70.125 0.025802
27.375 70.375 -0.0071841
27.375 70.625 0.43607
27.375 70.875 1.0234
27.375 71.125 1.5873
27.375 71.375 2.1727
27.375 71.625 2.4181
27.375 71.875 2.7369
27.375 72.125 2.5266
27.375 72.375 2.4509
27.375 72.625 2.4103
27.375 72.875 1.1786
27.375 73.125 0.86459
27.375 73.375 0.77409
27.375 73.625 0.81941
27.375 73.875 1.3869
27.375 74.125 1.6959
27.375 74.375 1.3137
27.375 74.625 1.5462
27.375 74.875 1.4254
27.375 75.125 1.9933
27.375 75.375 1.7727
27.375 75.625 0.90649
27.375 75.875 0.26006
27.375 76.125 -0.095329
27.375 76.375 0.78639
27.375 76.625 0.27426
27.375 76.875 1.0347
27.375 77.125 0.96483
27.375 77.375 0.29097
27.375 77.625 0.71099
27.375 77.875 0.70196
27.375 78.125 1.1583
27.375 78.375 0.87378
27.375 78.625 0.051116
27.375 78.875 -0.055215
27.375 79.125 -0.28039
27.375 79.375 -0.56866
27.375 79.625 -0.55071
27.375 79.875 0.39615
27.375 80.125 0.012957
27.375 80.375 0.48009
27.375 80.625 -0.055736
27.375 80.875 0.23999
27.375 81.125 1.0311
27.375 81.375 1.108
27.375 81.625 1.0037
27.375 81.875 0.77754
27.375 82.125 1.0214
27.375 82.375 0.91991
27.375 82.625 0.51612
27.375 82.875 0.36397
27.375 83.125 0.52508
27.375 83.625 1.621
27.375 84.125 1.965
27.375 84.375 1.9804
27.375 88.125 1.4738
27.375 88.375 1.0319
27.375 88.625 0.46518
27.375 92.125 -0.63197
27.375 92.375 -0.3102
27.375 92.625 -0.13667
27.375 92.875 -0.4876
27.375 93.125 -0.85339
27.375 93.375 -1.0365
27.375 93.625 -1.2437
27.375 93.875 -1.1195
27.375 94.125 -1.9281
27.375 94.375 -2.0353
27.375 94.625 -1.3155
27.375 94.875 -1.3418
27.375 95.125 -2.197
27.375 95.375 -2.1477
27.375 95.625 -2.26
27.375 95.875 -1.9482
27.375 96.125 -1.9302
27.375 96.375 -0.95733
27.375 96.625 -0.31731
27.375 96.875 -0.25333
27.625 70.125 -0.021701
27.625 70.375 0.14222
27.625 70.625 0.35692
27.625 70.875 0.61264
27.625 71.125 1.4794
27.625 71.375 2.332
27.625 71.625 2.3715
27.625 71.875 2.5805
27.625 72.125 2.5357
27.625 72.375 2.4352
27.625 72.625 1.6109
27.625 72.875 1.2891
27.625 73.125 1.056
27.625 73.375 1.0296
27.625 73.625 1.4444
27.625 73.875 1.6145
27.625 74.125 1.5945
27.625 74.375 1.0191
27.625 74.625 1.5655
27.625 74.875 1.3759
27.625 75.125 1.284
27.625 75.375 1.5006
27.625 75.625 0.94612
27.625 75.875 0.16925
27.625 76.125 0.99232
27.625 76.375 0.8674
27.625 76.625 0.9205
27.625 76.875 1.0248
27.625 77.125 0.20775
27.625 77.375 0.034538
27.625 77.625 0.70971
27.625 77.875 1.1013
27.625 78.125 1.5835
27.625 78.375 0.38987
27.625 78.625 -0.2888
27.625 78.875 -0.47075
27.625 79.125 0.16822
27.625 79.375 0.47194
27.625 79.625 -0.55986
27.625 79.875 0.65344
27.625 80.125 0.34649
27.625 80.375 1.3061
27.625 80.625 3.2208
27.625 80.875 2.8091
27.625 81.125 0.89108
27.625 81.375 0.76695
27.625 81.625 1.0433
27.625 81.875 1.0916
27.625 82.125 1.0334
27.625 82.375 1.0167
27.625 82.625 0.45564
27.625 88.375 0.73256
27.625 88.625 0.74638
27.625 91.625 -0.78569
27.625 91.875 -0.6949
27.625 92.125 -0.4269
27.625 92.375 -0.34067
27.625 92.625 -0.32447
27.625 92.875 -0.84433
27.625 93.125 -1.4961
27.625 93.375 -1.5541
27.625 93.625 -1.6139
27.625 93.875 -1.3233
27.625 94.125 -1.278
27.625 94.375 -1.4285
27.625 94.625 -1.6334
27.625 94.875 -1.4696
27.625 95.125 -1.7299
27.625 95.375 -1.5769
27.625 95.625 -1.579
27.625 95.875 -1.8709
27.625 96.125 -1.8888
27.625 96.375 -1.0231
27.625 96.625 -0.39439
27.625 96.875 -0.34765
27.875 70.375 -0.04417
27.875 71.875 2.3086
27.875 72.125 2.1713
27.875 72.375 1.7616
27.875 72.625 1.2734
27.875 72.875 1.3452
27.875 73.125 0.93286
27.875 73.375 1.7252
27.875 73.625 1.6422
27.875 73.875 1.5515
27.875 74.125 1.5722
27.875 74.375 1.8364
27.875 74.625 2.0173
27.875 74.875 1.6939
27.875 75.125 0.84867
27.875 75.375 0.83811
27.875 75.625 0.84475
27.875 75.875 1.3468
27.875 76.125 0.63366
27.875 76.375 1.8804
27.875 76.625 0.43696
27.875 76.875 0.81875
27.875 77.125 0.6357
27.875 77.375 -0.077041
27.875 77.625 0.042927
27.875 77.875 0.25716
27.875 78.125 0.56764
27.875 78.375 0.41146
27.875 78.625 -0.49293
27.875 78.875 -0.49677
27.875 79.125 -0.13787
27.875 79.375 0.0023179
27.875 79.625 0.10652
27.875 79.875 0.88999
27.875 80.125 0.41451
27.875 80.375 0.2481
27.875 80.625 2.8429
27.875 80.875 3.497
27.875 81.125 1.037
27.875 81.375 0.89871
27.875 81.625 0.78015
27.875 88.375 NaN
27.875 88.625 NaN
27.875 92.875 -1.2946
27.875 93.125 -1.7647
27.875 93.375 -1.8191
27.875 93.625 -1.8256
27.875 93.875 -1.5341
27.875 94.125 -1.0465
27.875 94.375 -1.129
27.875 94.625 -1.0513
27.875 94.875 -0.63863
27.875 95.125 -0.43758
27.875 95.375 -0.35512
27.875 95.625 -0.76539
27.875 95.875 -1.5287
27.875 96.125 -1.239
27.875 96.375 -1.1183
27.875 96.625 -0.45044
27.875 96.875 -0.17017
27.875 97.125 -0.20712
28.125 72.125 1.0994
28.125 72.375 0.61675
28.125 72.625 0.6581
28.125 72.875 1.0232
28.125 73.125 1.3728
28.125 73.375 1.6789
28.125 73.625 1.4284
28.125 73.875 1.3958
28.125 74.125 1.5883
28.125 74.375 1.7654
28.125 74.625 1.576
28.125 74.875 1.6356
28.125 75.125 1.102
28.125 75.375 0.79941
28.125 75.625 1.5209
28.125 75.875 1.9249
28.125 76.125 1.7378
28.125 76.375 1.813
28.125 76.625 1.4774
28.125 76.875 1.1619
28.125 77.125 0.97312
28.125 77.375 0.17134
28.125 77.625 -0.26478
28.125 77.875 0.16004
28.125 78.125 0.76868
28.125 78.375 0.10288
28.125 78.625 -0.90437
28.125 78.875 -0.03784
28.125 79.125 1.1232
28.125 79.375 -0.63848
28.125 79.625 -0.80237
28.125 79.875 0.26468
28.125 80.125 0.67984
28.125 80.375 0.42222
28.125 80.625 0.81774
28.125 80.875 1.6325
28.125 81.125 1.919
28.125 81.375 1.4206
28.125 92.875 -1.3132
28.125 93.125 -1.6585
28.125 93.375 -1.6765
28.125 93.625 -1.6195
28.125 93.875 -1.4496
28.125 94.125 -1.0862
28.125 94.375 -1.1376
28.125 94.625 -1.3116
28.125 94.875 -0.77366
28.125 95.125 -0.347
28.125 95.375 -0.24746
28.125 95.625 -0.64352
28.125 95.875 -1.1331
28.125 96.125 -1.1388
28.125 96.375 -0.38641
28.125 96.625 -0.39774
28.125 96.875 -0.30899
28.125 97.125 -0.14893
28.375 72.375 0.38958
28.375 72.625 0.2079
28.375 72.875 0.36733
28.375 73.125 1.2421
28.375 73.375 1.0949
28.375 73.625 1.1778
28.375 73.875 1.2342
28.375 74.125 1.3855
28.375 74.375 1.5713
28.375 74.625 1.2441
28.375 74.875 0.99623
28.375 75.125 1.7245
28.375 75.375 2.1126
28.375 75.625 1.2406
28.375 75.875 1.4717
28.375 76.125 1.5684
28.375 76.375 1.4578
28.375 76.625 1.8377
28.375 76.875 2.3134
28.375 77.125 0.73788
28.375 77.375 0.52156
28.375 77.625 0.32996
28.375 77.875 0.1944
28.375 78.125 1.1603
28.375 78.375 0.94673
28.375 78.625 -0.89243
28.375 78.875 -0.49597
28.375 79.125 1.8209
28.375 79.375 1.194
28.375 79.625 0.12068
28.375 79.875 0.22716
28.375 80.125 0.80468
28.375 80.375 0.83825
28.375 80.625 0.77425
28.375 80.875 1.7348
28.375 81.125 2.0451
28.375 93.375 -1.5043
28.375 93.625 -1.3008
28.375 93.875 -0.94869
28.375 94.125 -0.44117
28.375 94.375 -0.65621
28.375 94.625 -0.74075
28.375 94.875 -0.76206
28.375 95.125 -0.65655
28.375 95.375 -0.75883
28.375 95.625 -0.56814
28.375 95.875 -0.5967
28.375 96.125 -1.0108
28.375 96.625 -0.40155
28.625 72.375 0.96691
28.625 72.625 0.58272
28.625 72.875 0.48507
28.625 73.125 0.60528
28.625 73.375 1.1158
28.625 73.625 1.1165
28.625 73.875 1.1149
28.625 74.125 1.3213
28.625 74.375 1.3509
28.625 74.625 0.9097
28.625 74.875 0.84662
28.625 75.125 1.1798
28.625 75.375 0.43608
28.625 75.625 -0.17457
28.625 75.875 0.83014
28.625 76.125 1.2177
28.625 76.375 1.2038
28.625 76.625 2.3361
28.625 76.875 2.1074
28.625 77.125 1.0448
28.625 77.375 0.40883
28.625 77.625 0.90823
28.625 77.875 0.69758
28.625 78.125 0.54085
28.625 78.375 0.53295
28.625 78.625 0.020271
28.625 78.875 -0.41332
28.625 79.125 2.1062
28.625 79.375 1.8396
28.625 79.625 1.7552
28.625 79.875 1.4765
28.625 80.125 0.76092
28.625 80.375 0.80056
28.625 80.625 0.74902
28.625 93.625 -0.61298
28.625 93.875 NaN
28.625 94.125 0.018637
28.625 94.375 -0.2815
28.625 94.625 -0.3331
28.625 94.875 -0.78067
28.625 95.125 -0.83402
28.625 95.375 -0.94569
28.625 95.625 -0.9535
28.625 95.875 -0.77417
28.625 96.125 -0.68546
28.625 96.375 -0.10308
28.875 72.875 -0.17104
28.875 73.125 0.84016
28.875 73.375 1.6723
28.875 73.625 1.9124
28.875 73.875 1.6656
28.875 74.125 1.1338
28.875 74.375 1.1796
28.875 74.625 1.2468
28.875 74.875 1.7996
28.875 75.125 2.2522
28.875 75.375 0.53369
28.875 75.625 0.35196
28.875 75.875 0.068799
28.875 76.125 0.43588
28.875 76.375 2.4096
28.875 76.625 1.9461
28.875 76.875 1.6954
28.875 77.125 1.497
28.875 77.375 1.4463
28.875 77.625 0.576
28.875 77.875 0.45965
28.875 78.125 0.37961
28.875 78.375 0.42561
28.875 78.625 -0.089833
28.875 78.875 -0.11827
28.875 79.125 1.3078
28.875 79.375 1.955
28.875 79.625 1.5916
28.875 79.875 1.2755
28.875 94.125 0.47131
28.875 94.375 0.3057
28.875 94.625 -0.12011
28.875 94.875 -0.51996
28.875 95.125 -0.79492
28.875 95.375 -1.0389
28.875 95.625 -1.0062
28.875 95.875 -0.83857
28.875 96.125 0.11164
28.875 96.375 -0.33211
29.125 73.125 0.63314
29.125 73.375 1.6059
29.125 73.625 1.3544
29.125 73.875 1.7525
29.125 74.125 1.1716
29.125 74.375 1.0635
29.125 74.625 1.1208
29.125 74.875 1.5852
29.125 75.125 3.3278
29.125 75.375 1.5197
29.125 75.625 0.73562
29.125 75.875 0.55078
29.125 76.125 0.36965
29.125 76.375 1.6129
29.125 76.625 1.1819
29.125 76.875 0.27523
29.125 77.125 1.0108
29.125 77.375 0.49449
29.125 77.625 0.44851
29.125 77.875 0.95375
29.125 78.125 1.3169
29.125 78.375 0.92162
29.125 78.625 0.77008
29.125 78.875 0.071567
29.125 79.125 2.4043
29.125 79.375 2.5045
29.125 79.625 1.4084
29.125 79.875 1.1247
29.125 80.125 1.1371
29.125 94.375 0.44404
29.125 94.625 0.16908
29.125 94.875 -0.2433
29.125 95.625 -0.42337
29.125 95.875 0.33697
29.125 96.125 -0.17091
29.375 73.375 1.1289
29.375 73.625 1.5995
29.375 73.875 2.3522
29.375 74.125 1.1354
29.375 74.375 0.47713
29.375 74.625 -0.060378
29.375 74.875 0.68638
29.375 75.125 1.5259
29.375 75.375 1.5893
29.375 75.625 0.80989
29.375 75.875 0.38406
29.375 76.125 1.386
29.375 76.375 1.1256
29.375 76.625 1.0742
29.375 76.875 -0.052296
29.375 77.125 0.38042
29.375 77.375 0.45614
29.375 77.625 0.57956
29.375 77.875 0.81139
29.375 78.125 0.15408
29.375 78.375 0.84269
29.375 78.625 -0.010395
29.375 78.875 0.27122
29.375 79.125 1.6511
29.375 79.375 1.8117
29.375 79.625 1.1433
29.375 79.875 1.2466
29.375 80.125 1.5739
29.375 96.125 -0.0078057
29.625 73.375 0.44654
29.625 73.625 1.1347
29.625 73.875 0.6464
29.625 74.125 0.6693
29.625 74.375 0.44332
29.625 74.625 -0.23692
29.625 74.875 0.0083375
29.625 75.125 0.16468
29.625 75.375 0.27954
29.625 75.625 0.84746
29.625 75.875 0.79197
29.625 76.125 0.88884
29.625 76.375 0.79725
29.625 76.625 1.2565
29.625 76.875 0.88703
29.625 77.125 0.40369
29.625 77.375 0.21298
29.625 77.625 -0.72782
29.625 77.875 0.32249
29.625 78.125 1.1908
29.625 78.375 0.13283
29.625 78.625 0.22034
29.625 78.875 0.78613
29.625 79.125 0.6342
29.625 79.375 0.82448
29.625 79.625 0.60249
29.625 79.875 0.86279
29.625 80.125 2.4545
29.875 73.625 1.1444
29.875 73.875 -0.035752
29.875 74.125 -0.17097
29.875 74.375 -0.19408
29.875 74.625 0.16886
29.875 74.875 -0.078406
29.875 75.125 -0.62454
29.875 75.375 -0.56553
29.875 75.625 -0.24254
29.875 75.875 0.58637
29.875 76.125 0.98985
29.875 76.375 0.38448
29.875 76.625 -0.59105
29.875 76.875 -0.29104
29.875 77.125 -0.3907
29.875 77.375 -0.59796
29.875 77.625 -0.33338
29.875 77.875 0.53588
29.875 78.125 1.008
29.875 78.375 0.20933
29.875 78.625 0.68174
29.875 78.875 1.8582
29.875 79.125 1.7011
29.875 79.375 1.6218
29.875 79.625 1.3458
29.875 79.875 1.4315
29.875 80.125 2.4958
29.875 80.375 2.5003
30.125 74.125 -0.27029
30.125 74.375 -0.036078
30.125 74.625 1.5762
30.125 74.875 0.5837
30.125 75.125 -0.35472
30.125 75.375 -0.5345
30.125 75.625 -0.26847
30.125 75.875 0.31631
30.125 76.125 0.37606
30.125 76.375 -0.23534
30.125 76.625 -0.90331
30.125 76.875 -0.78135
30.125 77.125 1.7653
30.125 77.375 0.81003
30.125 77.625 0.86934
30.125 77.875 0.59904
30.125 78.125 1.4906
30.125 78.375 0.57029
30.125 78.625 1.5407
30.125 78.875 2.9692
30.125 79.125 3.1118
30.125 79.375 3.227
30.125 79.625 1.6019
30.125 79.875 1.6224
30.125 80.125 1.7797
30.125 80.375 2.1866
30.125 80.625 2.245
30.375 74.125 0.17423
30.375 74.375 0.76662
30.375 74.625 1.3293
30.375 74.875 0.44863
30.375 75.125 0.2662
30.375 75.375 0.35468
30.375 75.625 -0.31844
30.375 75.875 0.49447
30.375 76.125 0.44184
30.375 76.375 0.1103
30.375 76.625 -1.0256
30.375 76.875 -0.4949
30.375 77.125 0.34792
30.375 77.375 0.72105
30.375 77.625 0.55966
30.375 77.875 0.97826
30.375 78.125 0.52813
30.375 78.375 0.47271
30.375 78.625 1.5677
30.375 78.875 2.2582
30.375 79.125 2.7354
30.375 79.375 2.9782
30.375 79.625 2.713
30.375 79.875 2.2514
30.375 80.125 2.0147
30.375 80.375 2.2258
30.375 80.625 2.283
30.625 74.375 0.77018
30.625 74.625 0.66384
30.625 74.875 -0.065888
30.625 75.125 1.4092
30.625 75.375 1.6099
30.625 75.625 0.17422
30.625 75.875 0.57721
30.625 76.125 -0.18296
30.625 76.375 -0.88263
30.625 76.625 -0.43253
30.625 76.875 -0.036203
30.625 77.125 -0.13926
30.625 77.375 0.20788
30.625 77.625 0.39832
30.625 77.875 0.90455
30.625 78.125 1.462
30.625 78.375 0.70749
30.625 78.625 1.1294
30.625 78.875 2.042
30.625 79.125 2.4294
30.625 79.375 2.3656
30.625 79.625 3.0641
30.625 79.875 2.5133
30.625 80.125 1.914
30.875 74.625 0.27876
30.875 74.875 0.82338
30.875 75.125 2.7743
30.875 75.375 1.373
30.875 75.625 0.06189
30.875 75.875 -0.23488
30.875 76.125 -0.36603
30.875 76.375 0.072689
30.875 76.625 0.11656
30.875 76.875 0.51812
30.875 77.125 0.41572
30.875 77.375 0.52323
30.875 77.625 0.94753
30.875 77.875 1.2348
30.875 78.125 1.1808
30.875 78.375 1.0392
30.875 78.625 0.96909
30.875 78.875 2.1227
30.875 79.125 2.4546
30.875 79.375 NaN
30.875 79.625 NaN
30.875 79.875 NaN
31.125 74.875 2.0213
31.125 75.125 2.5748
31.125 75.375 1.201
31.125 75.625 -0.16759
31.125 75.875 -0.78142
31.125 76.125 0.75817
31.125 76.375 0.51233
31.125 76.625 -0.30324
31.125 76.875 0.66165
31.125 77.125 0.51114
31.125 77.375 0.54752
31.125 77.625 0.92063
31.125 77.875 0.67739
31.125 78.125 1.0497
31.125 78.375 0.98699
31.125 78.625 1.0408
31.125 78.875 NaN
31.125 79.125 NaN
31.375 74.875 1.0609
31.375 75.125 2.5753
31.375 75.375 0.7138
31.375 75.625 -0.6476
31.375 75.875 -2.8985e-05
31.375 76.125 0.11243
31.375 76.375 0.289
31.375 76.625 0.34595
31.375 76.875 0.090528
31.375 77.125 1.2496
31.375 77.375 1.4701
31.375 77.625 -0.040273
31.375 77.875 0.62635
31.375 78.125 0.73317
31.375 78.375 0.67175
31.375 78.625 0.77832
31.625 74.875 0.11942
31.625 75.125 0.096411
31.625 75.375 0.27323
31.625 75.625 0.083171
31.625 75.875 -1.3109
31.625 76.125 0.014993
31.625 76.375 -0.14834
31.625 76.625 0.52909
31.625 76.875 0.5914
31.625 77.125 1.3008
31.625 77.375 1.2336
31.625 77.625 0.52504
31.625 77.875 0.42271
31.625 78.125 0.20937
31.625 78.375 -0.00040981
31.625 78.625 0.42671
31.875 74.875 0.15431
31.875 75.125 -0.069629
31.875 75.375 -0.1907
31.875 75.625 0.41784
31.875 75.875 -0.44845
31.875 76.125 -0.38578
31.875 76.375 0.1219
31.875 76.625 0.46162
31.875 76.875 0.84352
31.875 77.125 0.81111
31.875 77.375 0.55619
31.875 77.625 0.81433
31.875 77.875 0.73942
31.875 78.125 0.3385
31.875 78.375 0.19754
31.875 78.625 0.23445
32.125 75.375 -0.22359
32.125 75.625 0.1925
32.125 75.875 -0.2973
32.125 76.125 -0.30305
32.125 76.375 -0.24099
32.125 76.625 0.61593
32.125 76.875 0.70403
32.125 77.125 0.37837
32.125 77.375 0.54306
32.125 77.625 0.31254
32.125 77.875 0.37484
32.125 78.125 0.067
32.125 78.375 0.15154
32.375 75.375 0.36841
32.375 75.625 0.40212
32.375 75.875 -0.51676
32.375 76.125 -1.1002
32.375 76.375 -0.70597
32.375 76.625 -0.20565
32.375 76.875 0.029611
32.375 77.125 0.30007
32.375 77.375 0.29124
32.375 77.625 0.40336
32.375 77.875 0.15271
32.375 78.125 -0.036834
32.375 78.375 0.096
32.625 74.875 0.37919
32.625 75.125 -0.23884
32.625 75.375 -0.17212
32.625 75.625 -0.028135
32.625 75.875 -0.40351
32.625 76.125 -0.38387
32.625 76.375 0.059131
32.625 76.625 0.26886
32.625 76.875 0.32084
32.625 77.125 0.48
32.625 77.375 0.47605
32.625 77.625 0.3837
32.625 77.875 0.23704
32.625 78.125 -0.13304
32.625 78.375 0.027588
32.625 78.625 0.065131
32.625 78.875 0.0038539
32.625 79.125 -0.40965
32.625 79.375 -0.71134
32.875 74.375 1.2429
32.875 74.625 1.2183
32.875 74.875 0.85213
32.875 75.125 -0.024509
32.875 75.375 -0.40948
32.875 75.625 -0.4703
32.875 75.875 -0.016425
32.875 76.125 0.66595
32.875 76.375 1.2023
32.875 76.625 1.171
32.875 76.875 0.80735
32.875 77.125 0.52892
32.875 77.375 0.49095
32.875 77.625 0.37115
32.875 77.875 0.07201
32.875 78.125 -0.26527
32.875 78.375 0.014107
32.875 78.625 -0.14312
32.875 78.875 -0.11712
32.875 79.125 -0.43132
32.875 79.375 -0.64102
33.125 73.875 0.027625
33.125 74.125 -0.10393
33.125 74.375 0.96395
33.125 74.625 1.5751
33.125 74.875 0.92797
33.125 75.125 0.022952
33.125 75.375 -0.64524
33.125 75.625 -0.63527
33.125 75.875 -0.21828
33.125 76.125 0.90535
33.125 76.375 1.5326
33.125 76.625 1.2942
33.125 76.875 1.0919
33.125 77.125 0.5101
33.125 77.375 -0.25501
33.125 77.625 -0.41838
33.125 77.875 -0.20054
33.125 78.125 -0.2022
33.125 78.375 -0.70418
33.125 78.625 -0.46979
33.125 78.875 -0.50883
33.125 79.125 -0.49334
33.375 73.875 0.041772
33.375 74.125 0.090007
33.375 74.375 0.83136
33.375 74.625 1.0161
33.375 74.875 0.2459
33.375 75.125 0.11225
33.375 75.375 -0.13043
33.375 75.625 -0.55428
33.375 75.875 0.11005
33.375 76.125 1.1916
33.375 76.375 1.5688
33.375 76.625 1.4052
33.375 76.875 0.82295
33.375 77.125 -0.061306
33.375 77.375 -0.5823
33.375 77.625 -0.56045
33.375 77.875 -0.52052
33.375 78.125 -0.58679
33.375 78.375 -0.37665
33.375 78.625 -0.5257
33.375 78.875 -0.56142
33.625 73.875 0.084561
33.625 74.125 0.36472
33.625 74.375 0.73512
33.625 74.625 0.65778
33.625 74.875 0.44007
33.625 75.125 0.43403
33.625 75.375 0.14066
33.625 75.625 -0.06433
33.625 75.875 -0.11691
33.625 76.125 0.55964
33.625 76.375 1.3003
33.625 76.625 0.84499
33.625 76.875 -0.10931
33.625 77.125 -0.59627
33.625 77.375 -0.38661
33.625 77.625 -0.56801
33.625 77.875 -0.4407
33.625 78.125 -0.43876
33.625 78.375 -0.41613
33.625 78.625 -0.51044
33.625 78.875 -0.62334
33.875 73.875 0.065913
33.875 74.125 0.42542
33.875 74.375 0.87265
33.875 74.625 1.0894
33.875 74.875 0.47509
33.875 75.125 0.72347
33.875 75.375 0.48946
33.875 75.625 -0.19559
33.875 75.875 -0.66337
33.875 76.125 -0.92454
33.875 76.375 -0.74278
33.875 76.625 -0.6216
33.875 76.875 -0.58039
33.875 77.125 -0.71198
33.875 77.375 -0.51243
33.875 77.625 -0.4689
33.875 77.875 -0.38081
33.875 78.125 -0.44811
33.875 78.375 -0.59529
33.875 78.625 -0.61668
33.875 78.875 -0.41161
34.125 73.625 -0.24368
34.125 73.875 -0.18512
34.125 74.125 0.17269
34.125 74.375 0.40232
34.125 74.625 1.0888
34.125 74.875 0.33297
34.125 75.125 0.24952
34.125 75.375 0.36385
34.125 75.625 -0.75109
34.125 75.875 -1.1271
34.125 76.125 -1.1553
34.125 76.375 -0.79773
34.125 76.625 -0.72716
34.125 76.875 -0.61649
34.125 77.125 -0.53069
34.125 77.375 -0.55609
34.125 77.625 -0.75207
34.125 77.875 -0.56832
34.125 78.125 -0.58165
34.125 78.375 -0.70427
34.125 78.625 -0.74334
34.125 78.875 -0.78518
34.125 79.125 -0.60994
34.125 79.375 -0.613
34.375 73.625 -0.46581
34.375 73.875 -0.6091
34.375 74.125 -0.6138
34.375 74.375 -0.51513
34.375 74.625 -0.054188
34.375 74.875 0.22738
34.375 75.125 0.41228
34.375 75.375 -0.45947
34.375 75.625 -1.0739
34.375 75.875 -1.1149
34.375 76.125 -1.1189
34.375 76.375 -0.54204
34.375 76.625 -0.90748
34.375 76.875 -0.71374
34.375 77.125 -0.72026
34.375 77.375 -0.67503
34.375 77.625 -0.64232
34.375 77.875 -0.61433
34.375 78.125 -0.66917
34.375 78.375 -0.50677
34.375 78.625 -0.51013
34.375 78.875 -0.67375
34.375 79.125 -0.77039
34.375 79.375 -0.69854
34.625 73.875 -0.57025
34.625 74.125 -0.70402
34.625 74.375 -0.4546
34.625 74.625 -0.20004
34.625 74.875 0.22334
34.625 75.125 0.47751
34.625 75.375 -0.61263
34.625 75.625 -0.89387
34.625 75.875 -0.96879
34.625 76.125 -0.89898
34.625 76.375 -0.73413
34.625 76.625 -0.93759
34.625 76.875 -0.93758
34.625 77.125 -0.80002
34.625 77.375 -0.73853
34.625 77.625 -0.73838
34.625 77.875 -0.82505
34.625 78.125 -0.70892
34.625 78.375 -0.68389
34.625 78.625 -0.55975
34.625 78.875 -0.62522
34.625 79.125 -0.62768
34.625 79.375 -0.54359
34.625 79.625 -0.58075
34.875 74.125 -0.38852
34.875 74.375 -0.54165
34.875 74.625 -0.275
34.875 74.875 0.10754
34.875 75.125 -0.19534
34.875 75.375 -0.74672
34.875 75.625 -1.0338
34.875 75.875 -1.1053
34.875 76.125 -1.0085
34.875 76.375 -0.76623
34.875 76.625 -0.83055
34.875 76.875 -0.80586
34.875 77.125 -0.76174
34.875 77.375 -0.7829
34.875 77.625 -0.93147
34.875 77.875 -0.81973
34.875 78.125 -0.69226
34.875 78.375 -0.69558
34.875 78.625 -0.75243
34.875 78.875 -0.67403
34.875 79.125 -0.61614
34.875 79.375 -0.70566
34.875 79.625 -0.60008
34.875 79.875 -0.6022
35.125 74.375 -0.77451
35.125 74.625 -0.58013
35.125 74.875 -0.18026
35.125 75.125 -0.63711
35.125 75.375 -1.0842
35.125 75.625 -1.1932
35.125 75.875 -1.0889
35.125 76.125 -1.0094
35.125 76.375 -0.75231
35.125 76.625 -0.72998
35.125 76.875 -1.0053
35.125 77.125 -0.9678
35.125 77.375 -0.98878
35.125 77.625 -0.87487
35.125 77.875 -0.90842
35.125 78.125 -0.5328
35.125 78.375 -0.73909
35.125 78.625 -0.93755
35.125 78.875 -0.68364
35.125 79.125 -0.57318
35.125 79.375 -0.67374
35.125 79.625 -0.70218
35.125 79.875 -0.16226
35.375 73.875 -1.046
35.375 74.125 -1.0622
35.375 74.375 -1.0121
35.375 74.625 -0.86237
35.375 74.875 -0.46663
35.375 75.125 -0.81825
35.375 75.375 -1.0844
35.375 75.625 -1.2516
35.375 75.875 -1.1373
35.375 76.125 -0.78314
35.375 76.375 -0.83403
35.375 76.625 -1.0374
35.375 76.875 -0.9881
35.375 77.125 -1.0189
35.375 77.375 -0.69925
35.375 77.625 -0.71257
35.375 77.875 -0.44523
35.375 78.125 -0.37057
35.375 78.375 -0.61507
35.375 78.625 -0.56842
35.375 78.875 -0.25514
35.375 79.125 -0.56231
35.375 79.375 -0.71529
35.375 79.625 -0.62397
35.375 79.875 -0.78649
35.375 80.125 NaN
35.625 73.375 -0.98537
35.625 73.625 -0.96054
35.625 73.875 -1.0627
35.625 74.125 -1.1416
35.625 74.375 -1.0911
35.625 74.625 -0.85957
35.625 74.875 -0.4983
35.625 75.125 -0.94423
35.625 75.375 -1.1207
35.625 75.625 -1.1622
35.625 75.875 -1.0709
35.625 76.125 -0.96385
35.625 76.375 -1.0534
35.625 76.625 -0.82243
35.625 76.875 -0.77088
35.625 77.125 -1.0336
35.625 78.375 -0.54855
35.625 78.625 -0.70408
35.625 78.875 -0.56648
35.625 79.125 -0.68141
35.625 79.375 -0.67191
35.625 79.625 -0.72944
35.625 79.875 -0.8226
35.625 80.125 -0.9147
35.875 73.125 -0.075876
35.875 73.375 -0.56179
35.875 73.625 -0.92931
35.875 73.875 -1.0806
35.875 74.125 -0.96328
35.875 74.375 -0.89773
35.875 74.625 -0.82304
35.875 74.875 -0.69979
35.875 75.125 -0.82879
35.875 75.375 -1.0369
35.875 75.625 -1.2466
35.875 75.875 -0.99234
35.875 76.125 -0.90084
35.875 76.375 -1.1561
35.875 76.625 -1.0463
35.875 79.375 -0.76475
36.125 72.625 -0.18378
36.125 72.875 NaN
36.125 73.125 NaN
36.125 73.375 -0.42597
36.125 73.625 -0.61556
36.125 73.875 -0.80604
36.125 74.125 -0.91093
36.125 74.375 -0.83335
36.125 74.625 -0.90069
36.125 74.875 -0.68079
36.125 75.125 -0.85187
36.125 75.375 -1.1011
36.125 75.625 -0.95364
36.125 75.875 -1.2642
36.125 76.125 -1.1263
36.125 76.375 -1.2817
36.125 76.625 -1.1129
36.375 73.125 -0.087603
36.375 73.375 -0.18473
36.375 73.625 -0.24808
36.375 73.875 -0.46291
36.375 74.125 -0.68763
36.375 74.375 -0.62244
36.375 74.625 -0.73351
36.375 74.875 -0.73965
36.375 75.125 -0.69879
36.375 75.375 -1.2546
36.375 75.625 -1.2015
36.375 75.875 -1.214
36.375 76.125 -1.0196
36.625 73.375 -0.051926
36.625 73.625 -0.040277
36.625 73.875 -0.32728
36.625 74.125 -0.59939
36.625 74.375 -0.090845
36.625 74.625 -0.59935
36.625 74.875 -0.579
36.625 75.125 -0.68154
36.625 75.375 -0.88019
36.625 75.625 -0.79983
36.875 73.875 -0.23653
36.875 74.375 0.03534
36.875 74.625 -0.3219
36.875 74.875 -0.1103
36.875 75.125 -0.27993
36.875 75.375 0.032232
