8.125 77.375 0.82987
8.375 77.125 0.27261
8.375 77.375 0.58117
8.375 77.625 1.0981
8.375 77.875 1.0695
8.625 76.875 -0.2167
8.625 77.125 1.224
8.625 77.375 0.68436
8.625 77.625 0.27129
8.625 77.875 0.61582
8.875 76.875 0.48404
8.875 77.125 1.2071
8.875 77.375 0.34734
8.875 77.625 0.34327
8.875 77.875 -0.40021
9.125 76.625 1.4779
9.125 76.875 0.96067
9.125 77.125 0.46148
9.125 77.375 0.46848
9.125 77.625 0.16624
9.125 77.875 -0.31929
9.125 78.125 0.30289
9.125 78.375 NaN
9.375 76.625 1.7117
9.375 76.875 1.58
9.375 77.125 0.36353
9.375 77.375 0.28666
9.375 77.625 0.097659
9.375 77.875 -0.12443
9.375 78.125 0.42304
9.375 78.375 0.37304
9.375 78.625 -0.031375
9.375 78.875 NaN
9.625 76.375 1.8545
9.625 76.625 2.055
9.625 76.875 2.0577
9.625 77.125 0.43788
9.625 77.375 0.056073
9.625 77.625 0.12834
9.625 77.875 0.83373
9.625 78.125 0.30964
9.625 78.375 0.40547
9.625 78.625 0.84096
9.875 76.625 2.2174
9.875 76.875 2.3186
9.875 77.125 0.45976
9.875 77.375 0.086706
9.875 77.625 0.29028
9.875 77.875 0.21393
9.875 78.125 0.044015
9.875 78.375 0.66635
9.875 78.625 1.0218
9.875 78.875 0.50576
10.125 76.375 1.3277
10.125 76.625 2.809
10.125 76.875 4.883
10.125 77.125 0.55949
10.125 77.375 -0.43818
10.125 77.625 0.34419
10.125 77.875 0.24644
10.125 78.125 1.0045
10.125 78.375 0.35755
10.125 78.625 -0.1914
10.125 78.875 0.66032
10.125 79.125 1.5895
10.375 76.375 1.6973
10.375 76.625 2.0468
10.375 76.875 2.2569
10.375 77.125 1.1009
10.375 77.375 0.19195
10.375 77.625 0.0060757
10.375 77.875 0.030095
10.375 78.125 0.50559
10.375 78.375 0.42706
10.375 78.625 0.033637
10.375 78.875 0.47472
10.375 79.125 1.5711
10.375 79.375 NaN
10.375 79.625 NaN
10.625 76.125 1.9795
10.625 76.375 3.4975
10.625 76.625 2.6976
10.625 76.875 2.5138
10.625 77.125 -0.060403
10.625 77.375 -0.34447
10.625 77.625 0.4351
10.625 77.875 0.92975
10.625 78.125 0.15004
10.625 78.375 -0.086302
10.625 78.625 0.67483
10.625 78.875 0.86157
10.625 79.125 2.3937
10.625 79.375 1.9588
10.625 79.625 1.4989
10.875 76.125 2.3997
10.875 76.375 4.0999
10.875 76.625 2.8187
10.875 76.875 1.7531
10.875 77.125 0.5462
10.875 77.375 0.78068
10.875 77.625 -0.14301
10.875 77.875 0.048246
10.875 78.125 0.2638
10.875 78.375 0.94414
10.875 78.625 2.3083
10.875 78.875 2.4234
10.875 79.125 1.6889
10.875 79.375 1.2983
10.875 79.625 1.3926
11.125 76.125 1.5013
11.125 76.375 4.7474
11.125 76.625 6.539
11.125 76.875 0.235
11.125 77.125 1.2326
11.125 77.375 0.24586
11.125 77.625 0.72033
11.125 77.875 2.2866
11.125 78.125 0.94905
11.125 78.375 1.7461
11.125 78.625 1.6988
11.125 78.875 1.9644
11.125 79.125 2.2704
11.125 79.375 1.4121
11.125 79.625 1.1354
11.375 75.875 2.7195
11.375 76.125 2.1337
11.375 76.375 2.1345
11.375 76.625 1.9569
11.375 76.875 4.7141
11.375 77.125 1.2754
11.375 77.375 0.11291
11.375 77.625 0.85498
11.375 77.875 2.4474
11.375 78.125 2.4253
11.375 78.375 0.92463
11.375 78.625 0.4279
11.375 78.875 1.3682
11.375 79.125 0.83674
11.375 79.375 2.3294
11.375 79.625 2.1268
11.625 75.875 2.4321
11.625 76.125 3.0695
11.625 76.375 0.73407
11.625 76.625 2.1036
11.625 76.875 -0.71241
11.625 77.125 -0.080332
11.625 77.375 2.5136
11.625 77.625 2.161
11.625 77.875 1.4291
11.625 78.125 1.0645
11.625 78.375 1.3773
11.625 78.625 2.6086
11.625 78.875 1.0482
11.625 79.125 2.445
11.625 79.375 1.7068
11.625 79.625 NaN
11.875 75.625 NaN
11.875 75.875 0.62304
11.875 76.125 0.81474
11.875 76.375 0.57969
11.875 76.625 1.0307
11.875 76.875 -0.48811
11.875 77.125 0.94993
11.875 77.375 2.0947
11.875 77.625 2.8153
11.875 77.875 1.5477
11.875 78.125 2.7176
11.875 78.375 2.6894
11.875 78.625 1.8692
11.875 78.875 1.7639
11.875 79.125 2.9288
11.875 79.375 2.0319
11.875 79.625 1.6164
12.125 75.375 2.575
12.125 75.625 2.5991
12.125 75.875 1.5138
12.125 76.125 0.91566
12.125 76.375 0.042889
12.125 76.625 0.10377
12.125 76.875 -0.013305
12.125 77.125 1.0567
12.125 77.375 2.1617
12.125 77.625 2.5032
12.125 77.875 1.023
12.125 78.125 3.2384
12.125 78.375 3.8751
12.125 78.625 2.1408
12.125 78.875 1.5529
12.125 79.125 2.4623
12.125 79.375 2.6072
12.125 79.625 1.9853
12.375 75.125 3.2518
12.375 75.375 3.714
12.375 75.625 2.3478
12.375 75.875 1.5626
12.375 76.125 1.0992
12.375 76.375 0.76423
12.375 76.625 1.0249
12.375 76.875 0.27311
12.375 77.125 0.0090405
12.375 77.375 1.2475
12.375 77.625 1.6322
12.375 77.875 2.4518
12.375 78.125 2.2707
12.375 78.375 1.4959
12.375 78.625 1.8612
12.375 78.875 1.7118
12.375 79.125 1.932
12.375 79.375 2.3755
12.375 79.625 2.1379
12.375 79.875 1.0984
12.625 75.125 3.4183
12.625 75.375 4.4016
12.625 75.625 2.7426
12.625 75.875 0.87609
12.625 76.125 1.0666
12.625 76.375 2.7826
12.625 76.625 2.7528
12.625 76.875 2.0015
12.625 77.125 0.95387
12.625 77.375 1.8719
12.625 77.625 2.4831
12.625 77.875 1.4055
12.625 78.125 1.9679
12.625 78.375 2.5943
12.625 78.625 2.7042
12.625 78.875 2.032
12.625 79.125 1.4981
12.625 79.375 1.1169
12.625 79.625 1.6755
12.625 79.875 -0.16091
12.875 75.125 3.0675
12.875 75.375 4.6101
12.875 75.625 0.83758
12.875 75.875 0.090759
12.875 76.125 0.22282
12.875 76.375 1.8473
12.875 76.625 1.4889
12.875 76.875 0.83639
12.875 77.125 0.99774
12.875 77.375 2.3408
12.875 77.625 1.8766
12.875 77.875 1.8854
12.875 78.125 1.3736
12.875 78.375 2.1111
12.875 78.625 1.9076
12.875 78.875 1.7547
12.875 79.125 1.7126
12.875 79.375 2.1772
12.875 79.625 0.72106
12.875 79.875 0.91564
13.125 74.875 NaN
13.125 75.125 3.1534
13.125 75.375 2.5646
13.125 75.625 2.2617
13.125 75.875 0.85486
13.125 76.125 1.3082
13.125 76.375 1.4008
13.125 76.625 1.3888
13.125 76.875 1.1188
13.125 77.125 1.3897
13.125 77.375 1.1037
13.125 77.625 1.1006
13.125 77.875 1.9126
13.125 78.125 1.0694
13.125 78.375 2.0652
13.125 78.625 1.7398
13.125 78.875 1.0042
13.125 79.125 1.9255
13.125 79.375 2.054
13.125 79.625 1.2382
13.125 79.875 1.4072
13.125 80.125 1.0077
13.375 74.875 NaN
13.375 75.125 2.0773
13.375 75.375 1.7563
13.375 75.625 0.82085
13.375 75.875 1.1718
13.375 76.125 1.8129
13.375 76.375 1.3269
13.375 76.625 1.5311
13.375 76.875 0.60828
13.375 77.125 1.3567
13.375 77.375 0.73672
13.375 77.625 1.0456
13.375 77.875 1.8287
13.375 78.125 1.4923
13.375 78.375 1.2856
13.375 78.625 1.2722
13.375 78.875 0.95272
13.375 79.125 0.37625
13.375 79.375 0.47064
13.375 79.625 0.98617
13.375 79.875 1.4185
13.375 80.125 1.267
13.625 74.875 1.4376
13.625 75.125 2.4876
13.625 75.375 1.1053
13.625 75.625 0.81407
13.625 75.875 0.66773
13.625 76.125 0.85119
13.625 76.375 1.0285
13.625 76.625 0.46239
13.625 76.875 0.62005
13.625 77.125 1.0234
13.625 77.375 1.4678
13.625 77.625 2.8137
13.625 77.875 2.1023
13.625 78.125 1.9284
13.625 78.375 0.7779
13.625 78.625 0.96696
13.625 78.875 0.94893
13.625 79.125 0.79581
13.625 79.375 0.57919
13.625 79.625 0.14113
13.625 79.875 1.0298
13.625 80.125 1.2901
13.875 74.875 1.897
13.875 75.125 2.0234
13.875 75.375 0.8573
13.875 75.625 0.57759
13.875 75.875 0.8983
13.875 76.125 1.0283
13.875 76.375 1.1496
13.875 76.625 1.6837
13.875 76.875 0.70622
13.875 77.125 0.80702
13.875 77.375 2.8431
13.875 77.625 2.6685
13.875 77.875 1.8807
13.875 78.125 1.644
13.875 78.375 2.4543
13.875 78.625 2.0817
13.875 78.875 0.87408
13.875 79.125 0.67271
13.875 79.375 0.29025
13.875 79.625 -0.35918
13.875 79.875 0.21436
14.125 74.625 2.2986
14.125 74.875 1.9066
14.125 75.125 1.7814
14.125 75.375 1.5563
14.125 75.625 0.76648
14.125 75.875 1.6328
14.125 76.125 1.6245
14.125 76.375 2.2601
14.125 76.625 2.0522
14.125 76.875 2.27
14.125 77.125 1.4212
14.125 77.375 3.6759
14.125 77.625 1.8656
14.125 77.875 1.5042
14.125 78.125 0.19585
14.125 78.375 1.0886
14.125 78.625 0.5102
14.125 78.875 0.29875
14.125 79.125 0.73655
14.125 79.375 0.48711
14.125 79.625 0.28155
14.125 79.875 0.37223
14.375 74.625 1.1707
14.375 74.875 1.9514
14.375 75.125 1.6345
14.375 75.375 1.2712
14.375 75.625 1.5821
14.375 75.875 2.5225
14.375 76.125 3.3332
14.375 76.375 2.8132
14.375 76.625 1.9819
14.375 76.875 2.3372
14.375 77.125 2.69
14.375 77.375 2.4985
14.375 77.625 0.81292
14.375 77.875 0.9192
14.375 78.125 0.23952
14.375 78.375 0.51164
14.375 78.625 0.17727
14.375 78.875 0.38241
14.375 79.125 0.99096
14.375 79.375 1.1228
14.375 79.625 0.72813
14.375 79.875 1.0782
14.625 74.375 NaN
14.625 74.625 1.7926
14.625 74.875 1.4288
14.625 75.125 1.0254
14.625 75.375 1.1585
14.625 75.625 2.5079
14.625 75.875 2.2526
14.625 76.125 2.0154
14.625 76.375 1.5707
14.625 76.625 1.2277
14.625 76.875 2.1148
14.625 77.125 3.1536
14.625 77.375 1.6973
14.625 77.625 0.62386
14.625 77.875 0.86333
14.625 78.125 1.0661
14.625 78.375 1.0355
14.625 78.625 0.43093
14.625 78.875 0.45693
14.625 79.125 0.7467
14.625 79.375 0.8709
14.625 79.625 0.92084
14.625 79.875 0.94186
14.875 74.375 3.5972
14.875 74.625 1.9164
14.875 74.875 1.1244
14.875 75.125 0.88067
14.875 75.375 0.14773
14.875 75.625 1.4593
14.875 75.875 1.2529
14.875 76.125 1.2237
14.875 76.375 0.38265
14.875 76.625 1.3521
14.875 76.875 2.3763
14.875 77.125 2.6574
14.875 77.375 1.2593
14.875 77.625 0.56174
14.875 77.875 0.7131
14.875 78.125 1.3963
14.875 78.375 1.3945
14.875 78.625 0.51029
14.875 78.875 0.56107
14.875 79.125 0.43293
14.875 79.375 -0.14708
14.875 79.625 0.95693
14.875 79.875 0.95629
15.125 74.125 3.5245
15.125 74.375 2.0266
15.125 74.625 1.6401
15.125 74.875 1.4113
15.125 75.125 1.0211
15.125 75.375 0.91263
15.125 75.625 1.4452
15.125 75.875 1.6823
15.125 76.125 0.74555
15.125 76.375 0.53189
15.125 76.625 0.24256
15.125 76.875 1.6222
15.125 77.125 1.8635
15.125 77.375 1.44
15.125 77.625 1.1594
15.125 77.875 0.91816
15.125 78.125 1.6003
15.125 78.375 1.3185
15.125 78.625 0.54143
15.125 78.875 0.1998
15.125 79.125 0.028855
15.125 79.375 0.81827
15.125 79.625 1.7653
15.125 79.875 1.3006
15.375 73.875 2.0859
15.375 74.125 2.7092
15.375 74.375 1.7173
15.375 74.625 1.5395
15.375 74.875 2.0949
15.375 75.125 1.4957
15.375 75.375 2.2748
15.375 75.625 2.0199
15.375 75.875 1.7968
15.375 76.125 1.4811
15.375 76.375 1.6697
15.375 76.625 1.3161
15.375 76.875 2.0414
15.375 77.125 0.32303
15.375 77.375 0.66245
15.375 77.625 0.88163
15.375 77.875 0.19486
15.375 78.125 0.40038
15.375 78.375 0.47267
15.375 78.625 0.27595
15.375 78.875 0.084952
15.375 79.125 0.17657
15.375 79.375 0.60475
15.375 79.625 0.70778
15.375 79.875 1.0497
15.625 73.875 1.5197
15.625 74.125 0.82353
15.625 74.375 1.0471
15.625 74.625 1.3601
15.625 74.875 1.1167
15.625 75.125 1.7538
15.625 75.375 1.8213
15.625 75.625 1.5679
15.625 75.875 1.836
15.625 76.125 2.7537
15.625 76.375 2.0288
15.625 76.625 2.6928
15.625 76.875 2.0332
15.625 77.125 1.502
15.625 77.375 0.71845
15.625 77.625 0.97872
15.625 77.875 0.4148
15.625 78.125 0.65398
15.625 78.375 0.64118
15.625 78.625 -0.0251
15.625 78.875 2.0866
15.625 79.125 0.96043
15.625 79.375 1.194
15.625 79.625 1.5197
15.625 79.875 1.4219
15.625 80.125 1.5694
15.875 73.875 1.9505
15.875 74.125 1.4632
15.875 74.375 1.3313
15.875 74.625 2.0481
15.875 74.875 0.96954
15.875 75.125 0.90335
15.875 75.375 1.155
15.875 75.625 2.0215
15.875 75.875 2.0028
15.875 76.125 1.9939
15.875 76.375 2.1766
15.875 76.625 2.0075
15.875 76.875 1.6971
15.875 77.125 1.7936
15.875 77.375 1.3461
15.875 77.625 1.2974
15.875 77.875 0.8594
15.875 78.125 0.90897
15.875 78.375 1.2684
15.875 78.625 1.4731
15.875 78.875 1.8416
15.875 79.125 2.1825
15.875 79.375 0.77026
15.875 79.625 0.23899
15.875 79.875 1.2761
15.875 80.125 1.9451
15.875 80.375 2.3104
15.875 80.625 NaN
15.875 80.875 2.705
16.125 73.625 3.2795
16.125 73.875 2.032
16.125 74.125 2.0263
16.125 74.375 1.7261
16.125 74.625 2.8802
16.125 74.875 1.6207
16.125 75.125 0.12362
16.125 75.375 0.32075
16.125 75.625 2.4025
16.125 75.875 3.2659
16.125 76.125 2.5189
16.125 76.375 2.2011
16.125 76.625 1.3679
16.125 76.875 1.9527
16.125 77.125 2.1559
16.125 77.375 1.6753
16.125 77.625 1.1855
16.125 77.875 0.97534
16.125 78.125 0.98362
16.125 78.375 0.6608
16.125 78.625 0.94452
16.125 78.875 1.596
16.125 79.125 1.43
16.125 79.375 0.51028
16.125 79.625 0.184
16.125 79.875 1.6415
16.125 80.125 2.6296
16.125 80.375 2.2361
16.125 80.625 2.7178
16.125 80.875 2.4384
16.375 73.625 2.1148
16.375 73.875 2.0888
16.375 74.125 2.4021
16.375 74.375 2.3585
16.375 74.625 1.6801
16.375 74.875 1.4227
16.375 75.125 1.9256
16.375 75.375 1.8033
16.375 75.625 2.2894
16.375 75.875 2.4904
16.375 76.125 2.9217
16.375 76.375 3.33
16.375 76.625 2.0625
16.375 76.875 2.9041
16.375 77.125 3.585
16.375 77.375 2.8306
16.375 77.625 1.1688
16.375 77.875 0.71425
16.375 78.125 1.0264
16.375 78.375 0.8984
16.375 78.625 0.59165
16.375 78.875 0.80498
16.375 79.125 0.89767
16.375 79.375 0.39761
16.375 79.625 0.92728
16.375 79.875 1.4432
16.375 80.125 2.5223
16.375 80.375 1.5104
16.375 80.625 2.8873
16.375 80.875 2.2733
16.375 81.125 1.1368
16.375 81.375 NaN
16.375 81.625 NaN
16.625 73.625 2.5309
16.625 73.875 1.7053
16.625 74.125 2.1684
16.625 74.375 -0.34537
16.625 74.625 1.6954
16.625 74.875 2.3306
16.625 75.125 2.1498
16.625 75.375 2.1974
16.625 75.625 2.3341
16.625 75.875 1.5467
16.625 76.125 2.5462
16.625 76.375 3.7084
16.625 76.625 2.577
16.625 76.875 1.9078
16.625 77.125 3.1807
16.625 77.375 3.0246
16.625 77.625 1.7306
16.625 77.875 1.4562
16.625 78.125 1.9183
16.625 78.375 1.3874
16.625 78.625 0.57432
16.625 78.875 0.62838
16.625 79.125 0.55954
16.625 79.375 0.1407
16.625 79.625 1.2397
16.625 79.875 1.2393
16.625 80.125 2.1076
16.625 80.375 2.0021
16.625 80.625 2.3477
16.625 80.875 2.8041
16.625 81.125 1.7088
16.625 81.375 1.5117
16.625 81.625 1.1605
16.625 81.875 0.80997
16.625 82.125 0.94649
16.875 73.375 3.4835
16.875 73.625 2.6459
16.875 73.875 1.7728
16.875 74.125 1.1396
16.875 74.375 0.75016
16.875 74.625 0.17363
16.875 74.875 1.9612
16.875 75.125 2.5281
16.875 75.375 2.3904
16.875 75.625 2.4653
16.875 75.875 1.7686
16.875 76.125 2.1164
16.875 76.375 3.7462
16.875 76.625 4.0432
16.875 76.875 2.9396
16.875 77.125 2.446
16.875 77.375 2.9646
16.875 77.625 1.3938
16.875 77.875 0.88331
16.875 78.125 0.75369
16.875 78.375 1.0724
16.875 78.625 0.69802
16.875 78.875 0.048384
16.875 79.125 0.48012
16.875 79.375 0.34465
16.875 79.625 1.6192
16.875 79.875 1.14
16.875 80.125 1.7989
16.875 80.375 1.8606
16.875 80.625 2.2873
16.875 80.875 2.0494
16.875 81.125 1.3222
16.875 81.375 0.92617
16.875 81.625 1.531
16.875 81.875 0.93465
16.875 82.125 0.84713
17.125 73.375 3.6517
17.125 73.625 2.3985
17.125 73.875 2.7101
17.125 74.125 2.0413
17.125 74.375 0.78969
17.125 74.625 -0.59122
17.125 74.875 0.39635
17.125 75.125 0.64318
17.125 75.375 1.7678
17.125 75.625 2.7239
17.125 75.875 2.726
17.125 76.125 4.0503
17.125 76.375 2.7958
17.125 76.625 2.293
17.125 76.875 2.884
17.125 77.125 2.4406
17.125 77.375 1.5178
17.125 77.625 1.8701
17.125 77.875 1.432
17.125 78.125 0.087308
17.125 78.375 0.99205
17.125 78.625 0.2196
17.125 78.875 0.48759
17.125 79.125 1.7378
17.125 79.375 1.0702
17.125 79.625 1.0835
17.125 79.875 1.3721
17.125 80.125 1.9463
17.125 80.375 2.2886
17.125 80.625 2.0881
17.125 80.875 1.7262
17.125 81.125 1.5268
17.125 81.375 1.381
17.125 81.625 0.64804
17.125 81.875 0.27376
17.125 82.125 0.76816
17.125 82.375 1.2405
17.375 73.375 2.8223
17.375 73.625 2.2488
17.375 73.875 3.3991
17.375 74.125 1.1052
17.375 74.375 0.074293
17.375 74.625 -0.59713
17.375 74.875 -0.10139
17.375 75.125 0.030687
17.375 75.375 0.4623
17.375 75.625 2.7758
17.375 75.875 1.6068
17.375 76.125 1.9085
17.375 76.375 1.548
17.375 76.625 1.4972
17.375 76.875 2.6749
17.375 77.125 4.0441
17.375 77.375 2.6617
17.375 77.625 2.5767
17.375 77.875 1.0562
17.375 78.125 1.6157
17.375 78.375 1.5297
17.375 78.625 0.95194
17.375 78.875 1.7626
17.375 79.125 1.0913
17.375 79.375 2.2455
17.375 79.625 1.4333
17.375 79.875 2.4077
17.375 80.125 3.377
17.375 80.375 2.4721
17.375 80.625 1.9137
17.375 80.875 1.7003
17.375 81.125 0.87132
17.375 81.375 0.86923
17.375 81.625 0.66007
17.375 81.875 0.29827
17.375 82.125 1.074
17.375 82.375 1.4143
17.375 82.625 NaN
17.625 73.375 2.4203
17.625 73.625 1.1624
17.625 73.875 3.2959
17.625 74.125 1.7401
17.625 74.375 0.63178
17.625 74.625 1.225
17.625 74.875 2.1442
17.625 75.125 1.8807
17.625 75.375 -0.19349
17.625 75.625 2.3853
17.625 75.875 1.9953
17.625 76.125 2.6803
17.625 76.375 3.392
17.625 76.625 3.0278
17.625 76.875 2.872
17.625 77.125 2.7584
17.625 77.375 3.1227
17.625 77.625 1.3515
17.625 77.875 1.5527
17.625 78.125 1.341
17.625 78.375 1.8804
17.625 78.625 1.9001
17.625 78.875 1.0512
17.625 79.125 0.93382
17.625 79.375 1.2266
17.625 79.625 2.3194
17.625 79.875 3.1499
17.625 80.125 3.0667
17.625 80.375 2.8751
17.625 80.625 2.1329
17.625 80.875 1.4968
17.625 81.125 0.83353
17.625 81.375 0.47145
17.625 81.625 0.55849
17.625 81.875 0.38678
17.625 82.125 0.84161
17.625 82.375 1.5047
17.625 82.625 0.97324
17.625 82.875 0.50891
17.625 83.125 0.60624
17.875 73.375 2.3679
17.875 73.625 1.4393
17.875 73.875 2.6045
17.875 74.125 4.6061
17.875 74.375 4.1325
17.875 74.625 2.9979
17.875 74.875 3.8487
17.875 75.125 0.40795
17.875 75.375 0.19696
17.875 75.625 2.4472
17.875 75.875 2.887
17.875 76.125 4.0749
17.875 76.375 3.9505
17.875 76.625 3.6191
17.875 76.875 3.1179
17.875 77.125 3.7564
17.875 77.375 3.5226
17.875 77.625 3.6053
17.875 77.875 3.2614
17.875 78.125 3.2174
17.875 78.375 2.4424
17.875 78.625 2.5094
17.875 78.875 1.9216
17.875 79.125 2.1805
17.875 79.375 1.2763
17.875 79.625 2.8473
17.875 79.875 3.4179
17.875 80.125 3.1306
17.875 80.375 1.6728
17.875 80.625 2.7965
17.875 80.875 1.8919
17.875 81.125 1.4276
17.875 81.375 1.1369
17.875 81.625 0.87576
17.875 81.875 0.39761
17.875 82.125 0.41838
17.875 82.375 0.37331
17.875 82.625 1.7264
17.875 82.875 1.6612
17.875 83.125 0.37572
17.875 83.375 0.43616
18.125 73.125 NaN
18.125 73.375 2.2463
18.125 73.625 2.3093
18.125 73.875 2.2563
18.125 74.125 4.4945
18.125 74.375 4.3734
18.125 74.625 4.4284
18.125 74.875 3.5063
18.125 75.125 0.68385
18.125 75.375 3.6293
18.125 75.625 4.3096
18.125 75.875 5.2847
18.125 76.125 4.6371
18.125 76.375 4.7657
18.125 76.625 3.8299
18.125 76.875 4.2249
18.125 77.125 3.896
18.125 77.375 2.5144
18.125 77.625 3.3839
18.125 77.875 3.6409
18.125 78.125 2.7975
18.125 78.375 2.7787
18.125 78.625 1.7436
18.125 78.875 2.1702
18.125 79.125 1.8922
18.125 79.375 1.5442
18.125 79.625 2.2282
18.125 79.875 2.4184
18.125 80.125 2.5767
18.125 80.375 2.1946
18.125 80.625 2.2487
18.125 80.875 0.54259
18.125 81.125 1.1885
18.125 81.375 0.36617
18.125 81.625 0.71961
18.125 81.875 0.52561
18.125 82.125 0.83384
18.125 82.375 0.59274
18.125 82.625 1.3191
18.125 82.875 0.84214
18.125 83.125 0.69417
18.125 83.375 1.2517
18.125 83.625 1.9783
18.375 73.125 2.695
18.375 73.375 1.9143
18.375 73.625 2.2299
18.375 73.875 2.396
18.375 74.125 3.0777
18.375 74.375 4.4573
18.375 74.625 4.3063
18.375 74.875 1.9147
18.375 75.125 1.3075
18.375 75.375 5.0434
18.375 75.625 3.6909
18.375 75.875 2.0259
18.375 76.125 3.849
18.375 76.375 4.9555
18.375 76.625 3.5336
18.375 76.875 4.0826
18.375 77.125 2.6773
18.375 77.375 2.9198
18.375 77.625 2.2945
18.375 77.875 3.02
18.375 78.125 3.755
18.375 78.375 3.2782
18.375 78.625 0.73429
18.375 78.875 0.7945
18.375 79.125 1.7069
18.375 79.375 1.3261
18.375 79.625 1.7746
18.375 79.875 2.6037
18.375 80.125 2.6461
18.375 80.375 3.4652
18.375 80.625 3.7554
18.375 80.875 -0.68131
18.375 81.125 -0.44077
18.375 81.375 0.20065
18.375 81.625 0.87595
18.375 81.875 0.78811
18.375 82.125 2.0874
18.375 82.375 1.7347
18.375 82.625 0.1577
18.375 82.875 -0.32408
18.375 83.125 0.98747
18.375 83.375 1.8202
18.375 83.625 1.8241
18.375 83.875 1.8667
18.625 73.125 3.5504
18.625 73.375 2.8172
18.625 73.625 2.2907
18.625 73.875 2.6574
18.625 74.125 2.1342
18.625 74.375 2.9077
18.625 74.625 3.2831
18.625 74.875 2.6476
18.625 75.125 2.2893
18.625 75.375 3.0629
18.625 75.625 1.78
18.625 75.875 1.4001
18.625 76.125 2.0537
18.625 76.375 1.7593
18.625 76.625 2.6926
18.625 76.875 1.2634
18.625 77.125 2.4854
18.625 77.375 0.6656
18.625 77.625 3.0226
18.625 77.875 3.3609
18.625 78.125 2.7163
18.625 78.375 4.582
18.625 78.625 1.6524
18.625 78.875 0.35624
18.625 79.125 1.427
18.625 79.375 2.0101
18.625 79.625 1.3471
18.625 79.875 2.265
18.625 80.125 3.018
18.625 80.375 4.7986
18.625 80.625 4.5508
18.625 80.875 0.60996
18.625 81.125 -0.62754
18.625 81.375 0.31533
18.625 81.625 1.6055
18.625 81.875 1.0565
18.625 82.125 1.6788
18.625 82.375 1.4012
18.625 82.625 1.1768
18.625 82.875 1.2215
18.625 83.125 0.45266
18.625 83.375 0.82975
18.625 83.625 0.86333
18.625 83.875 1.6015
18.625 84.125 0.85346
18.875 73.125 3.6178
18.875 73.375 2.7752
18.875 73.625 3.4332
18.875 73.875 3.1426
18.875 74.125 1.0843
18.875 74.375 4.9327
18.875 74.625 3.1417
18.875 74.875 2.1104
18.875 75.125 1.6007
18.875 75.375 2.2214
18.875 75.625 2.3754
18.875 75.875 1.3075
18.875 76.125 2.8865
18.875 76.375 1.9297
18.875 76.625 2.1082
18.875 76.875 0.37511
18.875 77.125 2.3747
18.875 77.375 0.94446
18.875 77.625 3.7758
18.875 77.875 3.3837
18.875 78.125 3.5799
18.875 78.375 2.4437
18.875 78.625 2.8034
18.875 78.875 2.0547
18.875 79.125 1.5959
18.875 79.375 2.4295
18.875 79.625 1.6414
18.875 79.875 2.6915
18.875 80.125 3.4128
18.875 80.375 4.9456
18.875 80.625 5.5592
18.875 80.875 3.0053
18.875 81.125 0.04104
18.875 81.375 2.452
18.875 81.625 1.1066
18.875 81.875 1.9743
18.875 82.125 1.275
18.875 82.375 1.1912
18.875 82.625 1.5611
18.875 82.875 1.0511
18.875 83.125 0.93764
18.875 83.375 1.5357
18.875 83.625 1.6139
18.875 83.875 1.3927
18.875 84.125 0.68025
18.875 84.375 0.7747
19.125 73.125 3.1057
19.125 73.375 2.668
19.125 73.625 3.2495
19.125 73.875 3.1349
19.125 74.125 2.8718
19.125 74.375 3.5016
19.125 74.625 2.6673
19.125 74.875 1.4776
19.125 75.125 1.0471
19.125 75.375 0.40546
19.125 75.625 0.23687
19.125 75.875 0.3799
19.125 76.125 1.2356
19.125 76.375 2.1043
19.125 76.625 1.213
19.125 76.875 0.48405
19.125 77.125 1.6464
19.125 77.375 0.74123
19.125 77.625 1.1969
19.125 77.875 1.8489
19.125 78.125 2.3912
19.125 78.375 2.5905
19.125 78.625 2.4927
19.125 78.875 2.7253
19.125 79.125 1.8372
19.125 79.375 1.9586
19.125 79.625 2.6498
19.125 79.875 3.145
19.125 80.125 3.8634
19.125 80.375 4.1243
19.125 80.625 4.4586
19.125 80.875 2.2622
19.125 81.125 0.47057
19.125 81.375 0.62925
19.125 81.625 1.3097
19.125 81.875 1.639
19.125 82.125 1.1589
19.125 82.375 1.3818
19.125 82.625 1.772
19.125 82.875 1.5209
19.125 83.125 0.80371
19.125 83.375 1.1404
19.125 83.625 0.09392
19.125 83.875 0.8021
19.125 84.125 1.297
19.125 84.375 1.3286
19.125 84.625 1.014
19.375 72.875 1.5271
19.375 73.125 1.4436
19.375 73.375 2.117
19.375 73.625 1.8086
19.375 73.875 2.0206
19.375 74.125 3.4322
19.375 74.375 3.2161
19.375 74.625 0.88557
19.375 74.875 1.1342
19.375 75.125 -0.12333
19.375 75.375 0.42826
19.375 75.625 -0.11429
19.375 75.875 0.27188
19.375 76.125 2.2241
19.375 76.375 1.2723
19.375 76.625 -0.30947
19.375 76.875 -0.54309
19.375 77.125 -0.10005
19.375 77.375 -0.31259
19.375 77.625 0.023566
19.375 77.875 1.8197
19.375 78.125 3.0766
19.375 78.375 2.6319
19.375 78.625 2.5278
19.375 78.875 3.0725
19.375 79.125 3.2182
19.375 79.375 3.1768
19.375 79.625 2.7388
19.375 79.875 2.4487
19.375 80.125 3.216
19.375 80.375 3.0781
19.375 80.625 2.5437
19.375 80.875 1.5124
19.375 81.125 0.36536
19.375 81.375 0.10099
19.375 81.625 0.40041
19.375 81.875 1.8234
19.375 82.125 2.5474
19.375 82.375 1.7437
19.375 82.625 1.2758
19.375 82.875 2.177
19.375 83.125 1.6923
19.375 83.375 0.89514
19.375 83.625 0.10726
19.375 83.875 0.26049
19.375 84.125 1.3215
19.375 84.375 2.0501
19.375 84.625 1.4607
19.375 84.875 1.0992
19.625 72.875 2.0982
19.625 73.125 1.5955
19.625 73.375 1.9677
19.625 73.625 3.4001
19.625 73.875 3.5486
19.625 74.125 1.4605
19.625 74.375 1.154
19.625 74.625 1.5029
19.625 74.875 1.5818
19.625 75.125 1.0048
19.625 75.375 0.98594
19.625 75.625 0.57711
19.625 75.875 0.55709
19.625 76.125 0.98539
19.625 76.375 0.64725
19.625 76.625 -0.44153
19.625 76.875 -0.43695
19.625 77.125 -0.62535
19.625 77.375 -0.20492
19.625 77.625 0.16132
19.625 77.875 1.5137
19.625 78.125 2.7141
19.625 78.375 2.9757
19.625 78.625 3.6267
19.625 78.875 3.4922
19.625 79.125 2.8899
19.625 79.375 2.8023
19.625 79.625 2.6274
19.625 79.875 2.5971
19.625 80.125 2.5174
19.625 80.375 2.2737
19.625 80.625 1.5044
19.625 80.875 1.1872
19.625 81.125 0.68602
19.625 81.375 -0.034581
19.625 81.625 1.1659
19.625 81.875 2.2431
19.625 82.125 2.1793
19.625 82.375 2.2079
19.625 82.625 1.2235
19.625 82.875 1.8073
19.625 83.125 1.1661
19.625 83.375 2.8159
19.625 83.625 1.4705
19.625 83.875 0.69219
19.625 84.125 1.532
19.625 84.375 1.6477
19.625 84.625 1.7313
19.625 84.875 1.2655
19.625 85.125 -0.54822
19.625 85.375 0.43844
19.875 72.875 1.0995
19.875 73.125 1.6135
19.875 73.375 3.2351
19.875 73.625 3.5414
19.875 73.875 2.0068
19.875 74.125 1.2908
19.875 74.375 1.5395
19.875 74.625 1.5294
19.875 74.875 0.42324
19.875 75.125 0.58751
19.875 75.375 0.72479
19.875 75.625 0.55056
19.875 75.875 0.65768
19.875 76.125 0.95796
19.875 76.375 1.0321
19.875 76.625 0.58172
19.875 76.875 0.93347
19.875 77.125 0.47883
19.875 77.375 0.083553
19.875 77.625 0.42217
19.875 77.875 1.0732
19.875 78.125 1.9153
19.875 78.375 2.4666
19.875 78.625 2.8044
19.875 78.875 2.7535
19.875 79.125 2.1414
19.875 79.375 2.9097
19.875 79.625 3.0373
19.875 79.875 3.0841
19.875 80.125 1.9779
19.875 80.375 1.8643
19.875 80.625 2.0909
19.875 80.875 1.7647
19.875 81.125 0.57234
19.875 81.375 -0.30314
19.875 81.625 -0.092649
19.875 81.875 0.95323
19.875 82.125 2.2248
19.875 82.375 1.727
19.875 82.625 0.90466
19.875 82.875 1.0372
19.875 83.125 2.3083
19.875 83.375 2.0734
19.875 83.625 1.4878
19.875 83.875 1.0604
19.875 84.125 1.7086
19.875 84.375 1.5824
19.875 84.625 1.8652
19.875 84.875 1.6351
19.875 85.125 0.79172
19.875 85.375 0.26482
19.875 85.625 NaN
19.875 85.875 NaN
19.875 86.125 NaN
20.125 72.875 1.3256
20.125 73.125 1.1543
20.125 73.375 1.6886
20.125 73.625 1.4812
20.125 73.875 2.1645
20.125 74.125 1.4729
20.125 74.375 2.0275
20.125 74.625 0.857
20.125 74.875 0.1838
20.125 75.125 0.48595
20.125 75.375 1.2304
20.125 75.625 0.56729
20.125 75.875 0.77175
20.125 76.125 2.0308
20.125 76.375 2.3534
20.125 76.625 2.5096
20.125 76.875 1.8575
20.125 77.125 1.3497
20.125 77.375 0.98438
20.125 77.625 1.218
20.125 77.875 1.0886
20.125 78.125 1.6237
20.125 78.375 2.285
20.125 78.625 2.242
20.125 78.875 2.0855
20.125 79.125 1.6232
20.125 79.375 2.2156
20.125 79.625 2.346
20.125 79.875 3.0906
20.125 80.125 3.0236
20.125 80.375 1.8286
20.125 80.625 2.0782
20.125 80.875 1.9309
20.125 81.125 0.75973
20.125 81.375 0.47076
20.125 81.625 0.49695
20.125 81.875 0.5168
20.125 82.125 1.2736
20.125 82.375 0.52748
20.125 82.625 0.68324
20.125 82.875 -0.57395
20.125 83.125 3.067
20.125 83.375 1.3846
20.125 83.625 0.48754
20.125 83.875 1.4539
20.125 84.125 0.79587
20.125 84.375 -0.044126
20.125 84.625 0.99781
20.125 84.875 1.5204
20.125 85.125 1.2573
20.125 85.375 0.8901
20.125 85.625 0.41794
20.125 85.875 0.73698
20.125 86.125 0.69856
20.125 86.375 NaN
20.375 73.125 2.398
20.375 73.375 2.1069
20.375 73.625 1.5943
20.375 73.875 1.5297
20.375 74.125 1.3014
20.375 74.375 0.4439
20.375 74.625 0.5502
20.375 74.875 0.58768
20.375 75.125 0.4984
20.375 75.375 0.70693
20.375 75.625 1.0025
20.375 75.875 1.981
20.375 76.125 3.0289
20.375 76.375 3.813
20.375 76.625 3.5258
20.375 76.875 3.3462
20.375 77.125 2.4253
20.375 77.375 1.9861
20.375 77.625 1.5925
20.375 77.875 1.0487
20.375 78.125 1.6763
20.375 78.375 1.8888
20.375 78.625 1.9645
20.375 78.875 1.3432
20.375 79.125 0.63974
20.375 79.375 1.27
20.375 79.625 1.5981
20.375 79.875 2.5881
20.375 80.125 2.6133
20.375 80.375 1.7597
20.375 80.625 1.3651
20.375 80.875 1.8829
20.375 81.125 1.7185
20.375 81.375 1.496
20.375 81.625 0.70616
20.375 81.875 0.85974
20.375 82.125 4.1213
20.375 82.375 2.6671
20.375 82.625 0.79075
20.375 82.875 1.2151
20.375 83.125 1.3584
20.375 83.375 1.2766
20.375 83.625 1.2558
20.375 83.875 0.72508
20.375 84.125 1.3513
20.375 84.375 -0.64912
20.375 84.625 0.26668
20.375 84.875 0.71207
20.375 85.125 0.31657
20.375 85.375 -0.15231
20.375 85.625 0.46388
20.375 85.875 0.58578
20.375 86.125 0.85514
20.375 86.375 0.54915
20.375 86.625 NaN
20.625 73.125 1.9013
20.625 73.375 2.3659
20.625 73.625 2.2206
20.625 73.875 1.2747
20.625 74.125 1.8542
20.625 74.375 2.0452
20.625 74.625 2.7705
20.625 74.875 0.69277
20.625 75.125 0.5891
20.625 75.375 0.59551
20.625 75.625 0.28911
20.625 75.875 1.2425
20.625 76.125 3.3934
20.625 76.375 4.0151
20.625 76.625 3.8651
20.625 76.875 3.5133
20.625 77.125 2.3829
20.625 77.375 1.9168
20.625 77.625 2.5249
20.625 77.875 1.7369
20.625 78.125 2.0588
20.625 78.375 1.9084
20.625 78.625 1.8381
20.625 78.875 1.256
20.625 79.125 1.0086
20.625 79.375 0.79001
20.625 79.625 1.315
20.625 79.875 1.6099
20.625 80.125 1.7233
20.625 80.375 0.38172
20.625 80.625 0.28051
20.625 80.875 1.7905
20.625 81.125 1.721
20.625 81.375 0.75397
20.625 81.625 0.24963
20.625 81.875 1.1792
20.625 82.125 5.4807
20.625 82.375 2.2712
20.625 82.625 0.26662
20.625 82.875 0.67396
20.625 83.125 1.2679
20.625 83.375 1.2826
20.625 83.625 0.77103
20.625 83.875 0.91779
20.625 84.125 0.67465
20.625 84.375 0.22794
20.625 84.625 1.1101
20.625 84.875 0.77714
20.625 85.125 1.0185
20.625 85.375 1.5266
20.625 85.625 -0.55782
20.625 85.875 0.63188
20.625 86.125 1.3681
20.625 86.375 1.2196
20.625 86.625 1.0212
20.625 86.875 NaN
20.875 70.625 2.6126
20.875 70.875 1.6967
20.875 71.125 1.4525
20.875 71.375 2.2075
20.875 72.875 1.736
20.875 73.125 1.9376
20.875 73.375 1.5261
20.875 73.625 1.8643
20.875 73.875 1.6752
20.875 74.125 2.8942
20.875 74.375 3.7126
20.875 74.625 3.1394
20.875 74.875 0.97253
20.875 75.125 1.0018
20.875 75.375 1.2106
20.875 75.625 0.46948
20.875 75.875 0.55276
20.875 76.125 2.5232
20.875 76.375 3.3695
20.875 76.625 3.495
20.875 76.875 3.6672
20.875 77.125 2.5462
20.875 77.375 1.7463
20.875 77.625 2.3322
20.875 77.875 1.8065
20.875 78.125 1.4432
20.875 78.375 1.8816
20.875 78.625 1.3839
20.875 78.875 1.168
20.875 79.125 0.97805
20.875 79.375 0.48276
20.875 79.625 0.46933
20.875 79.875 1.7506
20.875 80.125 1.6831
20.875 80.375 0.10747
20.875 80.625 0.62351
20.875 80.875 0.69679
20.875 81.125 0.47653
20.875 81.375 0.56862
20.875 81.625 0.20327
20.875 81.875 0.011289
20.875 82.125 1.1239
20.875 82.375 1.6599
20.875 82.625 0.79016
20.875 82.875 0.33788
20.875 83.125 0.43155
20.875 83.375 0.18979
20.875 83.625 1.1399
20.875 83.875 0.78123
20.875 84.125 0.16171
20.875 84.375 0.54558
20.875 84.625 0.70249
20.875 84.875 1.1365
20.875 85.125 0.88704
20.875 85.375 0.30583
20.875 85.625 0.0031422
20.875 85.875 0.87444
20.875 86.125 0.69979
20.875 86.375 0.45738
20.875 86.625 0.72927
21.125 70.375 3.4436
21.125 70.625 3.0467
21.125 70.875 1.4163
21.125 71.125 2.3079
21.125 71.375 1.5987
21.125 71.625 NaN
21.125 71.875 NaN
21.125 72.875 0.96912
21.125 73.125 1.1135
21.125 73.375 1.2908
21.125 73.625 1.21
21.125 73.875 2.5768
21.125 74.125 2.9256
21.125 74.375 1.6819
21.125 74.625 1.3251
21.125 74.875 1.4808
21.125 75.125 1.3108
21.125 75.375 0.88761
21.125 75.625 0.4874
21.125 75.875 0.22415
21.125 76.125 1.316
21.125 76.375 2.2344
21.125 76.625 2.5026
21.125 76.875 2.2424
21.125 77.125 1.3914
21.125 77.375 1.6353
21.125 77.625 1.8227
21.125 77.875 1.28
21.125 78.125 1.4573
21.125 78.375 1.5919
21.125 78.625 1.0559
21.125 78.875 2.1004
21.125 79.125 1.3464
21.125 79.375 0.020808
21.125 79.625 0.63077
21.125 79.875 2.3619
21.125 80.125 0.64647
21.125 80.375 -0.32508
21.125 80.625 0.74794
21.125 80.875 0.69051
21.125 81.125 0.037467
21.125 81.375 0.70932
21.125 81.625 -0.60202
21.125 81.875 -0.65749
21.125 82.125 0.27815
21.125 82.375 0.62375
21.125 82.625 0.6759
21.125 82.875 0.29153
21.125 83.125 0.46713
21.125 83.375 0.99992
21.125 83.625 0.90002
21.125 83.875 0.56668
21.125 84.125 -0.2962
21.125 84.375 -0.21769
21.125 84.625 0.18695
21.125 84.875 0.63045
21.125 85.125 0.45701
21.125 85.375 0.19861
21.125 85.625 0.27158
21.125 85.875 -0.64307
21.125 86.125 0.33106
21.125 86.375 0.19172
21.125 86.625 -0.13111
21.375 70.125 2.1516
21.375 70.375 2.2425
21.375 70.625 2.8436
21.375 70.875 2.2433
21.375 71.125 1.778
21.375 71.375 1.3321
21.375 71.625 1.03
21.375 71.875 1.09
21.375 72.875 1.8949
21.375 73.125 2.1341
21.375 73.375 2.194
21.375 73.625 2.5838
21.375 73.875 1.9168
21.375 74.125 0.42225
21.375 74.375 0.58576
21.375 74.625 1.3683
21.375 74.875 2.0118
21.375 75.125 2.0645
21.375 75.375 2.1745
21.375 75.625 1.2481
21.375 75.875 0.60429
21.375 76.125 1.3123
21.375 76.375 1.6717
21.375 76.625 1.3737
21.375 76.875 0.8336
21.375 77.125 0.50743
21.375 77.375 0.67493
21.375 77.625 0.75201
21.375 77.875 0.44184
21.375 78.125 1.3156
21.375 78.375 2.7884
21.375 78.625 1.8285
21.375 78.875 1.3789
21.375 79.125 -0.090046
21.375 79.375 -0.74632
21.375 79.625 -0.6474
21.375 79.875 1.1588
21.375 80.125 -0.29357
21.375 80.375 -0.32235
21.375 80.625 -0.17917
21.375 80.875 -0.16761
21.375 81.125 -0.029885
21.375 81.375 0.56696
21.375 81.625 0.029951
21.375 81.875 0.37279
21.375 82.125 0.33041
21.375 82.375 0.62094
21.375 82.625 0.20806
21.375 82.875 0.10077
21.375 83.125 0.68756
21.375 83.375 0.64953
21.375 83.625 0.30159
21.375 83.875 -0.4476
21.375 84.125 -0.39363
21.375 84.375 0.21726
21.375 84.625 0.49434
21.375 84.875 0.10886
21.375 85.125 0.65307
21.375 85.375 0.17961
21.375 85.625 0.30285
21.375 85.875 0.3904
21.375 86.125 1.1445
21.375 86.375 0.041009
21.375 86.625 -0.34789
21.375 86.875 -0.23901
21.625 69.875 2.699
21.625 70.125 2.2777
21.625 70.375 3.0365
21.625 70.625 2.675
21.625 70.875 2.1906
21.625 71.125 1.9528
21.625 71.375 3.1041
21.625 71.625 1.4841
21.625 71.875 1.2135
21.625 72.125 1.4412
21.625 72.875 1.9906
21.625 73.125 1.7617
21.625 73.375 1.353
21.625 73.625 1.949
21.625 73.875 1.2868
21.625 74.125 0.55353
21.625 74.375 1.0023
21.625 74.625 2.3271
21.625 74.875 2.1094
21.625 75.125 1.5332
21.625 75.375 2.0445
21.625 75.625 1.4437
21.625 75.875 0.9977
21.625 76.125 1.9121
21.625 76.375 1.836
21.625 76.625 1.7481
21.625 76.875 1.0991
21.625 77.125 0.77993
21.625 77.375 0.72816
21.625 77.625 0.70375
21.625 77.875 0.73279
21.625 78.125 0.89135
21.625 78.375 2.3815
21.625 78.625 0.84721
21.625 78.875 0.10978
21.625 79.125 -0.74647
21.625 79.375 -0.9462
21.625 79.625 -0.51683
21.625 79.875 -0.28461
21.625 80.125 0.38367
21.625 80.375 1.0771
21.625 80.625 0.34157
21.625 80.875 -0.2075
21.625 81.125 -0.45974
21.625 81.375 0.23292
21.625 81.625 0.3335
21.625 81.875 0.032384
21.625 82.125 0.16515
21.625 82.375 0.2958
21.625 82.625 0.52002
21.625 82.875 NaN
21.625 83.125 0.17311
21.625 83.375 0.43293
21.625 83.625 -0.11367
21.625 83.875 -0.14333
21.625 84.125 0.074202
21.625 84.375 1.7313
21.625 84.625 1.5163
21.625 84.875 2.3074
21.625 85.125 1.3814
21.625 85.375 0.85375
21.625 85.625 0.48538
21.625 85.875 1.0944
21.625 86.125 1.0601
21.625 86.375 0.83795
21.625 86.625 -0.46201
21.625 86.875 -0.30548
21.625 87.125 -0.36859
21.625 87.375 NaN
21.875 69.375 NaN
21.875 69.625 2.7039
21.875 69.875 2.8736
21.875 70.125 2.1723
21.875 70.375 3.5179
21.875 70.625 3.3383
21.875 70.875 1.6444
21.875 71.125 0.98861
21.875 71.375 1.0572
21.875 71.625 1.0384
21.875 71.875 1.113
21.875 72.125 1.6007
21.875 72.625 NaN
21.875 72.875 1.8028
21.875 73.125 1.3349
21.875 73.375 1.5663
21.875 73.625 1.3153
21.875 73.875 1.5068
21.875 74.125 2.6806
21.875 74.375 1.8829
21.875 74.625 1.6267
21.875 74.875 1.2919
21.875 75.125 1.4982
21.875 75.375 1.3308
21.875 75.625 1.5726
21.875 75.875 1.8072
21.875 76.125 1.9068
21.875 76.375 2.494
21.875 76.625 2.8395
21.875 76.875 2.5488
21.875 77.125 1.186
21.875 77.375 0.77789
21.875 77.625 0.75095
21.875 77.875 0.68087
21.875 78.125 0.18264
21.875 78.375 0.099139
21.875 78.625 -0.29808
21.875 78.875 0.79588
21.875 79.125 0.20378
21.875 79.375 0.10592
21.875 79.625 -0.44332
21.875 79.875 -0.27148
21.875 80.125 0.92475
21.875 80.375 1.4037
21.875 80.625 1.2089
21.875 80.875 0.32711
21.875 81.125 -0.40514
21.875 81.375 -0.27897
21.875 81.625 0.097078
21.875 81.875 -0.30683
21.875 82.125 0.71427
21.875 82.375 0.069153
21.875 82.625 0.078984
21.875 82.875 0.49436
21.875 83.125 0.59136
21.875 83.375 0.91203
21.875 83.625 0.37327
21.875 83.875 1.6148
21.875 84.125 0.87029
21.875 84.375 1.5611
21.875 84.625 1.6111
21.875 84.875 1.8285
21.875 85.125 1.7295
21.875 85.375 2.0548
21.875 85.625 -0.019313
21.875 85.875 1.3693
21.875 86.125 0.35088
21.875 86.375 0.78096
21.875 86.625 -0.26897
21.875 86.875 -0.28638
21.875 87.125 -0.42806
21.875 87.375 -0.5114
21.875 87.625 0.4365
21.875 87.875 0.69089
21.875 88.375 1.1353
21.875 88.625 NaN
21.875 88.875 NaN
22.125 69.125 2.1535
22.125 69.375 2.3168
22.125 69.625 2.0922
22.125 69.875 1.7624
22.125 70.125 1.1997
22.125 70.375 2.226
22.125 70.625 3.2008
22.125 70.875 2.9029
22.125 71.125 1.126
22.125 71.375 0.96862
22.125 71.625 0.88066
22.125 71.875 0.68476
22.125 72.125 1.4728
22.125 72.625 NaN
22.125 72.875 1.5587
22.125 73.125 1.558
22.125 73.375 1.1426
22.125 73.625 0.46131
22.125 73.875 1.3097
22.125 74.125 2.596
22.125 74.375 2.2967
22.125 74.625 1.7453
22.125 74.875 1.2012
22.125 75.125 1.2188
22.125 75.375 0.40383
22.125 75.625 1.3531
22.125 75.875 2.1216
22.125 76.125 1.0934
22.125 76.375 2.3656
22.125 76.625 3.6933
22.125 76.875 4.0627
22.125 77.125 2.0916
22.125 77.375 0.71905
22.125 77.625 0.47845
22.125 77.875 0.47926
22.125 78.125 0.20334
22.125 78.375 0.39543
22.125 78.625 -0.29808
22.125 78.875 0.42108
22.125 79.125 -0.078664
22.125 79.375 -0.43325
22.125 79.625 -0.26382
22.125 79.875 0.08924
22.125 80.125 0.59023
22.125 80.375 0.51618
22.125 80.625 0.39127
22.125 80.875 -0.059531
22.125 81.125 -0.66223
22.125 81.375 0.034448
22.125 81.625 -0.018981
22.125 81.875 0.24659
22.125 82.125 0.69286
22.125 82.375 1.7238
22.125 82.625 0.43262
22.125 82.875 0.65449
22.125 83.125 0.043476
22.125 83.375 -0.31642
22.125 83.625 0.79424
22.125 83.875 0.3252
22.125 84.125 0.7916
22.125 84.375 0.46462
22.125 84.625 1.0497
22.125 84.875 2.1907
22.125 85.125 1.7564
22.125 85.375 1.9711
22.125 85.625 0.88047
22.125 85.875 0.39256
22.125 86.125 0.27997
22.125 86.375 -0.070623
22.125 86.625 0.80442
22.125 86.875 0.38997
22.125 87.125 0.19644
22.125 87.375 0.12423
22.125 87.625 0.39419
22.125 87.875 0.47075
22.125 88.125 1.4598
22.125 88.375 1.1562
22.125 92.875 NaN
22.375 69.125 1.4122
22.375 69.875 0.97845
22.375 70.125 1.3
22.375 70.375 1.4004
22.375 70.625 1.8285
22.375 70.875 1.5023
22.375 71.125 1.069
22.375 71.375 1.061
22.375 71.625 0.59822
22.375 71.875 0.68228
22.375 72.125 2.2571
22.375 72.625 NaN
22.375 72.875 1.6125
22.375 73.125 0.86683
22.375 73.375 0.48438
22.375 73.625 0.17735
22.375 73.875 1.5345
22.375 74.125 2.6372
22.375 74.375 2.3014
22.375 74.625 2.3435
22.375 74.875 1.3643
22.375 75.125 1.1958
22.375 75.375 1.7169
22.375 75.625 1.3732
22.375 75.875 1.4432
22.375 76.125 2.1919
22.375 76.375 3.0779
22.375 76.625 3.4878
22.375 76.875 3.1318
22.375 77.125 2.397
22.375 77.375 0.76878
22.375 77.625 0.3643
22.375 77.875 0.72768
22.375 78.125 0.46242
22.375 78.375 0.78195
22.375 78.625 -0.32023
22.375 78.875 -0.25283
22.375 79.125 0.15356
22.375 79.375 0.28608
22.375 79.625 -0.054742
22.375 79.875 0.64423
22.375 80.125 0.70419
22.375 80.375 -0.25223
22.375 80.625 -0.20681
22.375 80.875 -0.31947
22.375 81.125 -0.074805
22.375 81.375 0.63288
22.375 81.625 -0.12196
22.375 81.875 -0.087777
22.375 82.125 0.49902
22.375 82.375 1.2968
22.375 82.625 0.44187
22.375 82.875 -0.031489
22.375 83.125 -0.61637
22.375 83.375 -0.88456
22.375 83.625 -0.82599
22.375 83.875 0.31668
22.375 84.125 1.2071
22.375 84.375 1.0207
22.375 84.625 0.98016
22.375 84.875 1.847
22.375 85.125 2.2305
22.375 85.375 2.5371
22.375 85.625 0.68574
22.375 85.875 0.97295
22.375 86.125 1.7719
22.375 86.375 1.4126
22.375 86.625 0.98696
22.375 86.875 0.25205
22.375 87.125 0.37563
22.375 87.375 0.045714
22.375 87.625 -0.35302
22.375 87.875 0.172
22.375 88.125 -0.1779
22.375 88.375 0.15718
22.375 88.625 0.31193
22.375 88.875 0.47447
22.375 92.875 3.3237
22.625 70.375 1.6611
22.625 70.625 1.3826
22.625 70.875 1.0194
22.625 71.125 1.0677
22.625 71.375 1.3748
22.625 71.625 1.0129
22.625 71.875 0.62045
22.625 72.125 1.29
22.625 72.375 2.0299
22.625 72.625 2.1021
22.625 72.875 0.78778
22.625 73.125 0.43524
22.625 73.375 0.93944
22.625 73.625 0.22936
22.625 73.875 0.21559
22.625 74.125 0.93004
22.625 74.375 2.6416
22.625 74.625 2.5385
22.625 74.875 2.2107
22.625 75.125 1.6979
22.625 75.375 2.1358
22.625 75.625 1.9587
22.625 75.875 2.1366
22.625 76.125 3.1491
22.625 76.375 3.1247
22.625 76.625 3.4789
22.625 76.875 1.9417
22.625 77.125 1.4513
22.625 77.375 0.24987
22.625 77.625 0.47408
22.625 77.875 1.1804
22.625 78.125 1.1042
22.625 78.375 0.087821
22.625 78.625 -0.36486
22.625 78.875 -0.23308
22.625 79.125 0.31985
22.625 79.375 0.52135
22.625 79.625 0.0012706
22.625 79.875 -8.7461e-06
22.625 80.125 -0.01342
22.625 80.375 -0.47888
22.625 80.625 -0.85531
22.625 80.875 -0.47316
22.625 81.125 0.54801
22.625 81.375 0.53226
22.625 81.625 0.89005
22.625 81.875 0.36249
22.625 82.125 0.81705
22.625 82.375 0.38428
22.625 82.625 -0.4592
22.625 82.875 -0.64304
22.625 83.125 -0.65862
22.625 83.375 -0.41739
22.625 83.625 -0.091171
22.625 83.875 -0.13002
22.625 84.125 1.1251
22.625 84.375 0.95923
22.625 84.625 1.363
22.625 84.875 1.9215
22.625 85.125 2.2809
22.625 85.375 2.165
22.625 85.625 0.64815
22.625 85.875 0.83301
22.625 86.125 1.3998
22.625 86.375 1.322
22.625 86.625 1.6094
22.625 86.875 0.96535
22.625 87.125 0.31273
22.625 87.375 0.17548
22.625 87.625 0.166
22.625 87.875 0.24926
22.625 88.125 0.33135
22.625 88.375 0.016007
22.625 88.625 0.23063
22.625 88.875 0.41784
22.625 92.625 0.50793
22.625 92.875 2.688
22.875 69.375 NaN
22.875 69.625 NaN
22.875 69.875 NaN
22.875 70.625 1.4384
22.875 70.875 0.92709
22.875 71.125 0.65277
22.875 71.375 0.24649
22.875 71.625 0.78133
22.875 71.875 0.50817
22.875 72.125 0.48284
22.875 72.375 1.3695
22.875 72.625 2.2361
22.875 72.875 0.9176
22.875 73.125 0.53469
22.875 73.375 0.97424
22.875 73.625 0.76287
22.875 73.875 0.75072
22.875 74.125 2.0798
22.875 74.375 1.1523
22.875 74.625 2.9226
22.875 74.875 3.0706
22.875 75.125 2.2851
22.875 75.375 2.3985
22.875 75.625 2.7121
22.875 75.875 2.1486
22.875 76.125 3.9808
22.875 76.375 2.7179
22.875 76.625 3.4795
22.875 76.875 2.5793
22.875 77.125 1.4963
22.875 77.375 0.21775
22.875 77.625 0.98351
22.875 77.875 1.4695
22.875 78.125 2.1442
22.875 78.375 0.50719
22.875 78.625 -0.21455
22.875 78.875 -0.13303
22.875 79.125 -0.31419
22.875 79.375 -0.38558
22.875 79.625 -0.21578
22.875 79.875 -0.023757
22.875 80.125 -0.26238
22.875 80.375 -0.090637
22.875 80.625 -0.53666
22.875 80.875 -0.13271
22.875 81.125 0.29755
22.875 81.375 0.56466
22.875 81.625 -0.11545
22.875 81.875 -0.21945
22.875 82.125 0.26514
22.875 82.375 0.66926
22.875 82.625 -0.29686
22.875 82.875 -0.27457
22.875 83.125 -0.68207
22.875 83.375 0.19324
22.875 83.625 0.94092
22.875 83.875 0.65587
22.875 84.125 0.64978
22.875 84.375 0.82497
22.875 84.625 1.3349
22.875 84.875 1.5765
22.875 85.125 2.2087
22.875 85.375 1.7815
22.875 85.625 0.55084
22.875 85.875 1.0296
22.875 86.125 0.18423
22.875 86.375 0.68804
22.875 86.625 2.5805
22.875 86.875 2.6515
22.875 87.125 1.517
22.875 87.375 0.78415
22.875 87.625 0.28908
22.875 87.875 -0.77573
22.875 88.125 -0.21142
22.875 88.375 0.025338
22.875 88.625 0.1681
22.875 92.625 0.66686
22.875 92.875 2.0301
23.125 68.875 0.71755
23.125 69.125 0.99739
23.125 69.375 1.1229
23.125 69.625 1.242
23.125 69.875 1.0967
23.125 70.125 0.43299
23.125 70.875 1.2048
23.125 71.125 1.1551
23.125 71.375 1.591
23.125 71.625 2.487
23.125 71.875 1.1958
23.125 72.125 2.2987
23.125 72.375 1.1708
23.125 72.625 2.3048
23.125 72.875 1.7546
23.125 73.125 1.7708
23.125 73.375 1.5824
23.125 73.625 0.81615
23.125 73.875 0.75946
23.125 74.125 2.128
23.125 74.375 2.4782
23.125 74.625 4.572
23.125 74.875 4.3208
23.125 75.125 3.894
23.125 75.375 1.6362
23.125 75.625 1.8543
23.125 75.875 1.8082
23.125 76.125 1.7556
23.125 76.375 2.0162
23.125 76.625 1.893
23.125 76.875 0.92094
23.125 77.125 0.95071
23.125 77.375 1.1694
23.125 77.625 0.99513
23.125 77.875 0.98477
23.125 78.125 1.4843
23.125 78.375 0.79453
23.125 78.625 0.78291
23.125 78.875 0.54854
23.125 79.125 -0.2316
23.125 79.375 -0.109
23.125 79.625 -0.29752
23.125 79.875 -0.080139
23.125 80.125 -0.061044
23.125 80.375 0.050315
23.125 80.625 -0.26285
23.125 80.875 0.09286
23.125 81.125 0.23567
23.125 81.375 -0.23215
23.125 81.625 0.39801
23.125 81.875 -0.6407
23.125 82.125 -0.39049
23.125 82.375 0.49119
23.125 82.625 0.89224
23.125 82.875 0.47545
23.125 83.125 0.85331
23.125 83.375 1.0914
23.125 83.625 1.4058
23.125 83.875 1.2466
23.125 84.125 0.8139
23.125 84.375 0.96893
23.125 84.625 0.56551
23.125 84.875 0.67314
23.125 85.125 1.414
23.125 85.375 2.3736
23.125 85.625 0.62884
23.125 85.875 0.11084
23.125 86.125 0.63857
23.125 86.375 1.6493
23.125 86.625 2.0379
23.125 86.875 2.1697
23.125 87.125 2.0128
23.125 87.375 1.7971
23.125 87.625 1.0088
23.125 87.875 -0.69726
23.125 88.125 -0.96709
23.125 88.375 -0.62461
23.125 88.625 -0.42316
23.125 91.625 NaN
23.125 92.625 0.31305
23.125 92.875 0.62648
23.125 93.125 NaN
23.375 68.875 0.90488
23.375 69.125 1.072
23.375 69.375 1.3573
23.375 69.625 1.5946
23.375 69.875 0.88564
23.375 70.125 0.12219
23.375 70.375 -0.12898
23.375 70.625 0.42504
23.375 70.875 0.8434
23.375 71.125 1.0952
23.375 71.375 2.2021
23.375 71.625 1.3372
23.375 71.875 1.8136
23.375 72.125 2.1214
23.375 72.375 2.535
23.375 72.625 2.3579
23.375 72.875 2.5344
23.375 73.125 3.0004
23.375 73.375 2.5293
23.375 73.625 1.2071
23.375 73.875 0.3621
23.375 74.125 0.72373
23.375 74.375 1.543
23.375 74.625 4.5617
23.375 74.875 4.591
23.375 75.125 4.3279
23.375 75.375 2.8543
23.375 75.625 2.3693
23.375 75.875 1.4262
23.375 76.125 1.33
23.375 76.375 2.1605
23.375 76.625 1.8841
23.375 76.875 0.86438
23.375 77.125 0.37141
23.375 77.375 1.0377
23.375 77.625 0.36753
23.375 77.875 0.38791
23.375 78.125 0.52553
23.375 78.375 0.65898
23.375 78.625 1.1062
23.375 78.875 0.92524
23.375 79.125 0.020773
23.375 79.375 0.21836
23.375 79.625 0.44693
23.375 79.875 -0.0041203
23.375 80.125 -0.21149
23.375 80.375 -0.4213
23.375 80.625 -0.43401
23.375 80.875 -0.17897
23.375 81.125 -0.19433
23.375 81.375 -0.39616
23.375 81.625 0.085981
23.375 81.875 -0.12835
23.375 82.125 -0.47277
23.375 82.375 0.7831
23.375 82.625 0.66826
23.375 82.875 0.46825
23.375 83.125 0.97537
23.375 83.375 1.133
23.375 83.625 1.17
23.375 83.875 1.0912
23.375 84.125 1.0221
23.375 84.375 1.66
23.375 84.625 0.75809
23.375 84.875 1.0376
23.375 85.125 1.7313
23.375 85.375 1.2351
23.375 85.625 1.3287
23.375 85.875 0.17364
23.375 86.125 0.037803
23.375 86.375 1.5601
23.375 86.625 1.3187
23.375 86.875 0.86696
23.375 87.125 1.9754
23.375 87.375 1.2973
23.375 87.625 1.0777
23.375 87.875 -0.6691
23.375 88.125 -0.96726
23.375 88.375 -0.84606
23.375 88.625 -0.7189
23.375 91.375 -0.72219
23.375 91.625 -0.78211
23.375 92.625 0.23648
23.375 92.875 0.19442
23.375 93.125 -0.74066
23.625 68.625 0.4434
23.625 68.875 0.62544
23.625 69.125 0.8249
23.625 69.375 1.058
23.625 69.625 1.5406
23.625 69.875 0.5672
23.625 70.125 0.043762
23.625 70.375 0.092834
23.625 70.625 0.29163
23.625 70.875 0.75721
23.625 71.125 1.0838
23.625 71.375 1.6168
23.625 71.625 1.6795
23.625 71.875 2.1967
23.625 72.125 2.7145
23.625 72.375 1.499
23.625 72.625 2.7982
23.625 72.875 2.4287
23.625 73.125 1.5917
23.625 73.375 1.1945
23.625 73.625 1.1038
23.625 73.875 1.5641
23.625 74.125 1.9686
23.625 74.375 2.2337
23.625 74.625 3.2232
23.625 74.875 3.7036
23.625 75.125 2.5696
23.625 75.375 3.207
23.625 75.625 1.991
23.625 75.875 1.4493
23.625 76.125 1.4307
23.625 76.375 2.7972
23.625 76.625 3.0289
23.625 76.875 2.6314
23.625 77.125 0.7998
23.625 77.375 0.7177
23.625 77.625 0.26098
23.625 77.875 0.22274
23.625 78.125 -0.25022
23.625 78.375 -0.44348
23.625 78.625 0.47945
23.625 78.875 0.71258
23.625 79.125 0.30853
23.625 79.375 0.15099
23.625 79.625 0.30341
23.625 79.875 0.47292
23.625 80.125 0.02257
23.625 80.375 -0.32698
23.625 80.625 -0.31409
23.625 80.875 -0.046285
23.625 81.125 0.29427
23.625 81.375 0.11631
23.625 81.625 0.29102
23.625 81.875 0.19499
23.625 82.125 0.11729
23.625 82.375 0.66644
23.625 82.625 2.3598
23.625 82.875 2.8109
23.625 83.125 1.0806
23.625 83.375 0.71584
23.625 83.625 0.99554
23.625 83.875 1.1188
23.625 84.125 1.3938
23.625 84.375 1.4012
23.625 84.625 1.0653
23.625 84.875 1.0655
23.625 85.125 0.24606
23.625 85.375 1.3514
23.625 85.625 1.439
23.625 85.875 1.7767
23.625 86.125 -0.33369
23.625 86.375 1.0203
23.625 86.625 1.4427
23.625 86.875 0.80724
23.625 87.125 0.92479
23.625 87.375 1.3222
23.625 87.625 0.66348
23.625 87.875 -0.2314
23.625 88.125 -0.63525
23.625 88.375 -0.80344
23.625 91.375 -0.78493
23.625 91.625 -1.0267
23.625 91.875 NaN
23.625 92.375 0.40056
23.625 92.625 0.27177
23.625 92.875 -0.26779
23.625 93.125 -0.80341
23.875 68.875 0.50701
23.875 69.125 0.74483
23.875 69.375 0.97355
23.875 69.625 1.6121
23.875 69.875 0.58038
23.875 70.125 0.10274
23.875 70.375 0.13683
23.875 70.625 0.38553
23.875 70.875 0.57611
23.875 71.125 0.61603
23.875 71.375 1.0633
23.875 71.625 1.9181
23.875 71.875 3.7582
23.875 72.125 3.1223
23.875 72.375 2.9433
23.875 72.625 1.3935
23.875 72.875 1.792
23.875 73.125 1.7208
23.875 73.375 2.2734
23.875 73.625 1.6897
23.875 73.875 2.4994
23.875 74.125 1.7112
23.875 74.375 1.5162
23.875 74.625 1.5573
23.875 74.875 3.2987
23.875 75.125 2.5889
23.875 75.375 2.148
23.875 75.625 1.2228
23.875 75.875 1.1405
23.875 76.125 0.7998
23.875 76.375 0.4354
23.875 76.625 2.405
23.875 76.875 0.81855
23.875 77.125 0.35626
23.875 77.375 1.179
23.875 77.625 0.51427
23.875 77.875 0.59801
23.875 78.125 0.21144
23.875 78.375 -0.31504
23.875 78.625 -0.25404
23.875 78.875 0.56326
23.875 79.125 0.077886
23.875 79.375 0.15197
23.875 79.625 0.48744
23.875 79.875 0.38394
23.875 80.125 0.1705
23.875 80.375 -0.45384
23.875 80.625 -0.24188
23.875 80.875 0.40873
23.875 81.125 0.57012
23.875 81.375 0.10334
23.875 81.625 0.29469
23.875 81.875 0.067433
23.875 82.125 0.3698
23.875 82.375 0.71453
23.875 82.625 1.7694
23.875 82.875 1.6517
23.875 83.125 1.1476
23.875 83.375 0.56609
23.875 83.625 1.0866
23.875 83.875 1.1663
23.875 84.125 0.90102
23.875 84.375 0.70331
23.875 84.625 0.63168
23.875 84.875 0.49373
23.875 85.125 -0.11911
23.875 85.375 0.64785
23.875 85.625 0.65374
23.875 85.875 1.4637
23.875 86.125 0.58389
23.875 86.375 1.9267
23.875 86.625 2.0192
23.875 86.875 2.0829
23.875 87.125 1.2978
23.875 87.375 1.0531
23.875 87.625 0.56129
23.875 87.875 0.0106
23.875 88.125 -0.22706
23.875 88.375 -0.50122
23.875 91.375 -0.98275
23.875 91.625 -0.563
23.875 91.875 0.16107
23.875 92.125 0.15762
23.875 92.375 0.35957
23.875 92.625 0.37383
23.875 92.875 -0.89032
23.875 93.125 -1.2032
23.875 93.375 -1.2237
24.125 68.875 0.53628
24.125 69.125 0.69124
24.125 69.375 1.0342
24.125 69.625 1.6552
24.125 69.875 0.53849
24.125 70.125 0.24576
24.125 70.375 0.21379
24.125 70.625 -0.00040064
24.125 70.875 0.062857
24.125 71.125 0.20521
24.125 71.375 -0.014362
24.125 71.625 1.3707
24.125 71.875 1.8685
24.125 72.125 2.26
24.125 72.375 3
24.125 72.625 2.4653
24.125 72.875 3.8362
24.125 73.125 2.574
24.125 73.375 2.7452
24.125 73.625 1.9992
24.125 73.875 2.1912
24.125 74.125 1.8061
24.125 74.375 1.4398
24.125 74.625 1.7671
24.125 74.875 2.0148
24.125 75.125 0.96391
24.125 75.375 2.1746
24.125 75.625 2.2978
24.125 75.875 0.69374
24.125 76.125 0.65342
24.125 76.375 0.29953
24.125 76.625 0.33893
24.125 76.875 0.56445
24.125 77.125 0.94275
24.125 77.375 1.3373
24.125 77.625 0.87126
24.125 77.875 0.92719
24.125 78.125 0.099088
24.125 78.375 -0.17409
24.125 78.625 -0.049523
24.125 78.875 0.42697
24.125 79.125 0.41412
24.125 79.375 0.32416
24.125 79.625 0.13001
24.125 79.875 0.60295
24.125 80.125 -0.25067
24.125 80.375 -0.48045
24.125 80.625 -0.50152
24.125 80.875 -0.19549
24.125 81.125 -0.096612
24.125 81.375 -0.15454
24.125 81.625 0.049305
24.125 81.875 0.046883
24.125 82.125 0.30154
24.125 82.375 0.42631
24.125 82.625 0.34254
24.125 82.875 0.60793
24.125 83.125 0.76971
24.125 83.375 0.044821
24.125 83.625 0.40705
24.125 83.875 0.76433
24.125 84.125 0.46291
24.125 84.375 0.32223
24.125 84.625 0.43008
24.125 84.875 0.58384
24.125 85.125 -0.10526
24.125 85.375 0.92629
24.125 85.625 -0.0077505
24.125 85.875 0.68501
24.125 86.125 1.6842
24.125 86.375 1.9045
24.125 86.625 1.8812
24.125 86.875 1.525
24.125 87.125 1.0296
24.125 87.375 0.79783
24.125 87.625 0.60129
24.125 87.875 0.16073
24.125 88.125 0.23154
24.125 88.375 -0.22486
24.125 91.875 0.90355
24.125 92.125 1.2153
24.125 92.375 0.60452
24.125 92.625 0.047133
24.125 92.875 -0.69528
24.125 93.125 -1.1941
24.125 93.375 -1.2263
24.125 93.625 -1.1416
24.125 93.875 -0.94685
24.125 94.125 NaN
24.375 71.375 -0.045493
24.375 71.625 0.96675
24.375 71.875 1.5045
24.375 72.125 2.0789
24.375 72.375 2.1216
24.375 72.625 2.9838
24.375 72.875 3.6686
24.375 73.125 3.5019
24.375 73.375 2.5491
24.375 73.625 2.2461
24.375 73.875 2.2035
24.375 74.125 1.9965
24.375 74.375 1.7897
24.375 74.625 1.6565
24.375 74.875 2.8603
24.375 75.125 1.9649
24.375 75.375 2.3531
24.375 75.625 2.8766
24.375 75.875 3.2175
24.375 76.125 0.53683
24.375 76.375 0.36595
24.375 76.625 0.59273
24.375 76.875 0.67017
24.375 77.125 0.98032
24.375 77.375 1.2536
24.375 77.625 0.65096
24.375 77.875 0.84024
24.375 78.125 0.0076614
24.375 78.375 -0.19992
24.375 78.625 -0.21467
24.375 78.875 -0.12699
24.375 79.125 -0.12256
24.375 79.375 0.10824
24.375 79.625 0.18571
24.375 79.875 0.017592
24.375 80.125 -0.60548
24.375 80.375 0.3158
24.375 80.625 -0.65122
24.375 80.875 -0.66317
24.375 81.125 -0.43741
24.375 81.375 -0.19216
24.375 81.625 0.050584
24.375 81.875 0.062728
24.375 82.125 0.40779
24.375 82.375 0.38998
24.375 82.625 -0.1104
24.375 82.875 0.052246
24.375 83.125 0.34625
24.375 83.375 -0.34417
24.375 83.625 -0.16211
24.375 83.875 0.19638
24.375 84.125 0.29649
24.375 84.375 0.074435
24.375 84.625 0.064155
24.375 84.875 0.44151
24.375 85.125 0.72932
24.375 85.375 0.83571
24.375 85.625 0.45279
24.375 85.875 0.29335
24.375 86.125 0.78023
24.375 86.375 0.73042
24.375 86.625 1.7067
24.375 86.875 0.98341
24.375 87.125 0.24719
24.375 87.375 2.7521
24.375 87.625 1.208
24.375 87.875 0.6541
24.375 88.125 0.18606
24.375 92.375 -0.16247
24.375 92.625 -0.45182
24.375 92.875 -0.88232
24.375 93.125 -1.0063
24.375 93.375 -0.72564
24.375 93.625 -0.80628
24.375 93.875 -0.64108
24.375 94.125 -0.18164
24.625 71.125 0.18636
24.625 71.375 0.30895
24.625 71.625 0.8993
24.625 71.875 1.6727
24.625 72.125 2.2929
24.625 72.375 2.0726
24.625 72.625 1.325
24.625 72.875 1.0143
24.625 73.125 1.353
24.625 73.375 1.8866
24.625 73.625 2.2036
24.625 73.875 1.6299
24.625 74.125 2.0522
24.625 74.375 2.3317
24.625 74.625 1.9549
24.625 74.875 1.526
24.625 75.125 1.3045
24.625 75.375 1.5152
24.625 75.625 1.5956
24.625 75.875 1.677
24.625 76.125 1.4019
24.625 76.375 0.55113
24.625 76.625 0.61264
24.625 76.875 0.53812
24.625 77.125 0.77944
24.625 77.375 0.53005
24.625 77.625 0.23491
24.625 77.875 1.4468
24.625 78.125 0.057306
24.625 78.375 -0.19775
24.625 78.625 -0.43863
24.625 78.875 -0.42575
24.625 79.125 -0.075627
24.625 79.375 0.12149
24.625 79.625 0.12254
24.625 79.875 -0.31123
24.625 80.125 -0.10238
24.625 80.375 -0.077274
24.625 80.625 -0.56236
24.625 80.875 -0.74417
24.625 81.125 -0.6989
24.625 81.375 0.1621
24.625 81.625 0.072171
24.625 81.875 0.052075
24.625 82.125 -0.26477
24.625 82.375 -0.31829
24.625 82.625 -0.40199
24.625 82.875 -0.20106
24.625 83.125 0.21603
24.625 83.375 -0.25974
24.625 83.625 0.3094
24.625 83.875 0.22292
24.625 84.125 -0.3491
24.625 84.375 -0.2257
24.625 84.625 -0.15113
24.625 84.875 0.32383
24.625 85.125 0.41402
24.625 85.375 0.20067
24.625 85.625 -0.3011
24.625 85.875 0.35835
24.625 86.125 0.70214
24.625 86.375 0.76102
24.625 86.625 1.4774
24.625 86.875 1.265
24.625 87.125 1.0253
24.625 87.375 1.1846
24.625 87.625 1.2155
24.625 87.875 0.71842
24.625 92.375 0.24158
24.625 92.625 -0.47972
24.625 92.875 -0.80137
24.625 93.125 -0.44504
24.625 93.375 -0.26854
24.625 93.625 -0.43109
24.625 93.875 0.18028
24.625 94.125 0.30487
24.625 94.375 NaN
24.875 71.125 0.52884
24.875 71.375 0.58023
24.875 71.625 1.0822
24.875 71.875 0.42733
24.875 72.125 0.35889
24.875 72.375 0.44907
24.875 72.625 0.73173
24.875 72.875 2.0266
24.875 73.125 1.1365
24.875 73.375 1.4222
24.875 73.625 1.9142
24.875 73.875 1.8237
24.875 74.125 1.3115
24.875 74.375 1.3673
24.875 74.625 1.6341
24.875 74.875 0.75982
24.875 75.125 0.93136
24.875 75.375 0.63923
24.875 75.625 -0.24521
24.875 75.875 0.15621
24.875 76.125 0.16243
24.875 76.375 1.376
24.875 76.625 1.155
24.875 76.875 0.90565
24.875 77.125 1.0033
24.875 77.375 1.162
24.875 77.625 0.20246
24.875 77.875 -0.11474
24.875 78.125 -0.49268
24.875 78.375 0.28911
24.875 78.625 -0.30344
24.875 78.875 -0.3623
24.875 79.125 -0.38344
24.875 79.375 0.22823
24.875 79.625 0.31917
24.875 79.875 -0.10731
24.875 80.125 -0.29377
24.875 80.375 -0.26841
24.875 80.625 -0.1378
24.875 80.875 -0.45833
24.875 81.125 -1.0184
24.875 81.375 -0.93998
24.875 81.625 -0.80863
24.875 81.875 -0.63893
24.875 82.125 -0.80953
24.875 82.375 -1.2273
24.875 82.625 -0.96641
24.875 82.875 -0.96608
24.875 83.125 -0.65888
24.875 83.375 -0.75315
24.875 83.625 0.013993
24.875 83.875 -0.47224
24.875 84.125 -0.82485
24.875 84.375 -1.2654
24.875 84.625 -0.94027
24.875 84.875 0.20543
24.875 85.125 0.97835
24.875 85.375 -0.54913
24.875 85.625 0.28821
24.875 85.875 0.66175
24.875 86.125 0.39809
24.875 86.375 0.98535
24.875 86.625 1.3963
24.875 86.875 1.1811
24.875 87.125 0.89747
24.875 87.375 0.30449
24.875 87.625 0.6634
24.875 87.875 0.72347
24.875 88.125 1.1095
24.875 92.625 -0.23418
24.875 92.875 -0.44049
24.875 93.125 -0.027612
24.875 93.375 0.17237
24.875 93.625 0.53756
24.875 93.875 0.71688
24.875 94.125 0.65583
24.875 94.375 0.77817
25.125 71.125 0.24076
25.125 71.375 0.5239
25.125 71.625 1.3353
25.125 71.875 0.30369
25.125 72.125 -0.21779
25.125 72.375 0.49729
25.125 72.625 0.74242
25.125 72.875 1.9486
25.125 73.125 2.1243
25.125 73.375 2.9413
25.125 73.625 1.1076
25.125 73.875 1.7759
25.125 74.125 1.9443
25.125 74.375 1.4827
25.125 74.625 0.9096
25.125 74.875 0.8648
25.125 75.125 1.2682
25.125 75.375 0.28237
25.125 75.625 0.22773
25.125 75.875 -0.32215
25.125 76.125 0.7998
25.125 76.375 1.2199
25.125 76.625 1.1945
25.125 76.875 0.73093
25.125 77.125 0.60385
25.125 77.375 0.56516
25.125 77.625 0.27429
25.125 77.875 0.2092
25.125 78.125 -0.21407
25.125 78.375 0.035156
25.125 78.625 -0.21286
25.125 78.875 -0.75879
25.125 79.125 -0.51994
25.125 79.375 -0.44729
25.125 79.625 -0.65968
25.125 79.875 0.37606
25.125 80.125 -0.43277
25.125 80.375 0.066307
25.125 80.625 -0.13805
25.125 80.875 -0.24729
25.125 81.125 -0.89208
25.125 81.375 -0.54968
25.125 81.625 -1.1213
25.125 81.875 -0.77413
25.125 82.125 -0.7769
25.125 82.375 -0.6653
25.125 82.625 -0.84433
25.125 82.875 -1.1182
25.125 83.125 -0.75637
25.125 83.375 -0.88449
25.125 83.625 -0.5435
25.125 83.875 -0.81897
25.125 84.125 -0.70531
25.125 84.375 -0.83394
25.125 84.625 -0.74728
25.125 84.875 -0.41021
25.125 85.125 0.21706
25.125 85.375 0.34516
25.125 85.625 0.34004
25.125 85.875 -0.13214
25.125 86.125 -0.12625
25.125 86.375 0.021187
25.125 86.625 -0.38225
25.125 86.875 -0.54563
25.125 87.125 -0.16238
25.125 87.375 0.11062
25.125 87.625 0.65772
25.125 87.875 0.67441
25.125 88.125 0.94556
25.125 88.375 0.79426
25.125 92.375 -0.53896
25.125 92.625 -0.21008
25.125 92.875 0.019116
25.125 93.125 0.55098
25.125 93.375 0.86579
25.125 93.625 0.89356
25.125 93.875 0.42002
25.125 94.125 0.34026
25.125 94.375 0.21659
25.375 70.875 0.78567
25.375 71.125 1.08
25.375 71.375 1.3458
25.375 71.625 2.315
25.375 71.875 1.6346
25.375 72.125 0.31296
25.375 72.375 0.43841
25.375 72.625 0.72855
25.375 72.875 1.347
25.375 73.125 2.1977
25.375 73.375 2.9122
25.375 73.625 1.1277
25.375 73.875 0.95385
25.375 74.125 1.5208
25.375 74.375 1.5678
25.375 74.625 1.2577
25.375 74.875 0.97653
25.375 75.125 1.0838
25.375 75.375 1.2439
25.375 75.625 0.63779
25.375 75.875 0.37525
25.375 76.125 1.1993
25.375 76.375 0.75362
25.375 76.625 0.30986
25.375 76.875 0.10946
25.375 77.125 0.38342
25.375 77.375 0.4856
25.375 77.625 0.71244
25.375 77.875 0.5467
25.375 78.125 0.093997
25.375 78.375 0.057332
25.375 78.625 -0.40923
25.375 78.875 -1.1841
25.375 79.125 -1.0132
25.375 79.375 -0.33786
25.375 79.625 -0.51919
25.375 79.875 0.64634
25.375 80.125 0.71463
25.375 80.375 -0.47361
25.375 80.625 -0.24483
25.375 80.875 -0.85003
25.375 81.125 -0.72951
25.375 81.375 -0.29816
25.375 81.625 -0.65868
25.375 81.875 -0.55555
25.375 82.125 -0.43634
25.375 82.375 -0.86921
25.375 82.625 -0.9832
25.375 82.875 -1.4192
25.375 83.125 -0.51341
25.375 83.375 -0.3379
25.375 83.625 -0.25792
25.375 83.875 -0.4301
25.375 84.125 -0.74836
25.375 84.375 -0.96398
25.375 84.625 -0.80041
25.375 84.875 -0.47656
25.375 85.125 -0.46196
25.375 85.375 -0.53271
25.375 85.625 -0.059098
25.375 85.875 0.84347
25.375 86.125 0.17501
25.375 86.375 0.56231
25.375 86.625 0.462
25.375 86.875 0.17399
25.375 87.125 -0.038142
25.375 87.375 0.34307
25.375 87.625 1.1327
25.375 87.875 0.89705
25.375 88.125 0.9778
25.375 88.375 0.77483
25.375 88.625 -0.26972
25.375 90.125 1.1063
25.375 90.375 0.88586
25.375 90.625 0.74097
25.375 90.875 0.64753
25.375 91.125 0.56385
25.375 91.375 1.6391
25.375 91.625 0.066761
25.375 91.875 0.064507
25.375 92.125 -0.22115
25.375 92.375 0.31991
25.375 92.625 -0.02052
25.375 92.875 0.11403
25.375 93.125 0.2762
25.375 93.375 0.38132
25.375 93.625 0.19268
25.375 93.875 0.20067
25.375 94.125 -0.22775
25.375 94.375 -0.14602
25.625 70.875 0.82397
25.625 71.125 1.273
25.625 71.375 1.5911
25.625 71.625 2.1636
25.625 71.875 1.736
25.625 72.125 0.64154
25.625 72.375 0.5378
25.625 72.625 0.1413
25.625 72.875 0.42804
25.625 73.125 1.115
25.625 73.375 1.8103
25.625 73.625 1.3944
25.625 73.875 1.4667
25.625 74.125 1.68
25.625 74.375 1.1996
25.625 74.625 2.0217
25.625 74.875 1.3536
25.625 75.125 1.7603
25.625 75.375 1.2522
25.625 75.625 1.151
25.625 75.875 1.2109
25.625 76.125 1.0323
25.625 76.375 0.58599
25.625 76.625 0.10151
25.625 76.875 -0.081539
25.625 77.125 0.14035
25.625 77.375 0.73337
25.625 77.625 0.7583
25.625 77.875 0.47065
25.625 78.125 0.5319
25.625 78.375 -0.47827
25.625 78.625 -0.067047
25.625 78.875 -0.61455
25.625 79.125 -0.32536
25.625 79.375 0.30917
25.625 79.625 0.47241
25.625 79.875 0.29311
25.625 80.125 0.73976
25.625 80.375 -0.71741
25.625 80.625 -1.1911
25.625 80.875 -1.2671
25.625 81.125 -1.2152
25.625 81.375 -0.94397
25.625 81.625 -0.31717
25.625 81.875 -0.2608
25.625 82.125 -0.50532
25.625 82.375 -0.94453
25.625 82.625 -0.80605
25.625 82.875 -1.3138
25.625 83.125 -0.72175
25.625 83.375 -0.90792
25.625 83.625 0.19373
25.625 83.875 -0.27467
25.625 84.125 -1.1746
25.625 84.375 -1.2026
25.625 84.625 -0.76626
25.625 84.875 -0.56868
25.625 85.125 -1.1754
25.625 85.375 -0.69276
25.625 85.625 0.17698
25.625 85.875 -0.52466
25.625 86.125 -0.92027
25.625 86.375 -0.48662
25.625 86.625 -1.3091
25.625 86.875 -0.5276
25.625 87.125 -0.15959
25.625 87.375 0.37723
25.625 87.625 0.47724
25.625 87.875 0.43679
25.625 88.125 0.23461
25.625 90.125 1.7345
25.625 90.375 1.6957
25.625 90.625 0.74476
25.625 90.875 1.3694
25.625 91.125 2.7201
25.625 91.375 1.2131
25.625 91.625 0.54118
25.625 91.875 0.3808
25.625 92.125 0.73674
25.625 92.375 0.42577
25.625 92.625 -0.21483
25.625 92.875 0.085183
25.625 93.125 -0.38058
25.625 93.375 -0.37187
25.625 93.625 -0.2834
25.625 93.875 -0.49458
25.625 94.125 -0.36577
25.625 94.375 -0.40929
25.625 94.625 NaN
25.625 94.875 NaN
25.875 70.375 0.91127
25.875 70.625 1.1089
25.875 70.875 2.0175
25.875 71.125 2.1992
25.875 71.375 1.5341
25.875 71.625 1.5904
25.875 71.875 1.8005
25.875 72.125 1.8663
25.875 72.375 0.95687
25.875 72.625 0.42993
25.875 72.875 0.25278
25.875 73.125 1.0527
25.875 73.375 1.6918
25.875 73.625 1.4984
25.875 73.875 1.7693
25.875 74.125 1.3527
25.875 74.375 1.0376
25.875 74.625 0.91249
25.875 74.875 1.3114
25.875 75.125 0.99718
25.875 75.375 1.0168
25.875 75.625 1.4549
25.875 75.875 1.0631
25.875 76.125 0.80666
25.875 76.375 0.73837
25.875 76.625 0.077953
25.875 76.875 -0.42281
25.875 77.125 -0.022475
25.875 77.375 0.11959
25.875 77.625 0.3478
25.875 77.875 0.10346
25.875 78.125 0.84633
25.875 78.375 0.21975
25.875 78.625 0.52674
25.875 78.875 -0.064854
25.875 79.125 -0.25068
25.875 79.375 -0.1303
25.875 79.625 0.17783
25.875 79.875 0.39236
25.875 80.125 -0.080739
25.875 80.375 -1.0632
25.875 80.625 -1.0328
25.875 80.875 -1.0168
25.875 81.125 -0.58675
25.875 81.375 -0.8018
25.875 81.625 -0.068418
25.875 81.875 -0.39844
25.875 82.125 -0.95558
25.875 82.375 -0.85004
25.875 82.625 -1.0143
25.875 82.875 -0.62687
25.875 83.125 -0.85355
25.875 83.375 -1.3099
25.875 83.625 -0.82887
25.875 83.875 -0.86097
25.875 84.125 -0.43793
25.875 84.375 -1.3105
25.875 84.625 -1.3852
25.875 84.875 -0.9494
25.875 85.125 -0.70623
25.875 85.375 -0.66294
25.875 85.625 -0.22016
25.875 85.875 -0.85759
25.875 86.125 -0.22185
25.875 86.375 -0.091772
25.875 86.625 -0.49681
25.875 86.875 0.6818
25.875 87.125 1.1168
25.875 87.375 0.20772
25.875 87.625 -0.31987
25.875 87.875 -0.27853
25.875 90.125 0.15164
25.875 90.375 0.32977
25.875 90.625 0.8351
25.875 90.875 0.81212
25.875 91.125 0.30592
25.875 91.375 0.40261
25.875 91.625 0.72029
25.875 91.875 -0.16902
25.875 92.125 -0.3637
25.875 92.375 -0.29446
25.875 92.625 -0.22599
25.875 92.875 0.12595
25.875 93.125 -0.61217
25.875 93.375 -0.83686
25.875 93.625 -0.78192
25.875 93.875 -0.49701
25.875 94.125 -0.58531
25.875 94.375 -0.66867
25.875 94.625 -0.56911
25.875 94.875 -0.72745
26.125 70.375 1.2981
26.125 70.625 1.6728
26.125 70.875 2.213
26.125 71.125 2.2952
26.125 71.375 2.2446
26.125 71.625 2.3071
26.125 71.875 2.941
26.125 72.125 2.8019
26.125 72.375 2.3022
26.125 72.625 0.90653
26.125 72.875 0.76917
26.125 73.125 0.98286
26.125 73.375 1.0776
26.125 73.625 1.1929
26.125 73.875 1.3773
26.125 74.125 1.2504
26.125 74.375 1.7642
26.125 74.625 1.2974
26.125 74.875 1.0053
26.125 75.125 1.0009
26.125 75.375 1.4459
26.125 75.625 1.4848
26.125 75.875 1.3575
26.125 76.125 1.1477
26.125 76.375 0.95065
26.125 76.625 0.5593
26.125 76.875 -0.32892
26.125 77.125 -0.35227
26.125 77.375 -0.29319
26.125 77.625 0.28413
26.125 77.875 0.68843
26.125 78.125 0.81335
26.125 78.375 1.5105
26.125 78.625 1.4364
26.125 78.875 -0.006484
26.125 79.125 -0.42558
26.125 79.375 -0.19935
26.125 79.625 -0.77097
26.125 79.875 -0.87314
26.125 80.125 -0.16575
26.125 80.375 -0.90566
26.125 80.625 -1.1054
26.125 80.875 0.73717
26.125 81.125 0.86084
26.125 81.375 -1.2582
26.125 81.625 0.38336
26.125 81.875 -0.30583
26.125 82.125 -1.0479
26.125 82.375 -0.94232
26.125 82.625 -0.83954
26.125 82.875 -0.60258
26.125 83.125 -0.77705
26.125 83.375 -1.1906
26.125 83.625 -1.1851
26.125 83.875 -0.63324
26.125 84.125 -0.39084
26.125 84.375 -1.0757
26.125 84.625 -1.0116
26.125 84.875 -1.1595
26.125 85.125 -0.49145
26.125 85.375 -1.0575
26.125 85.625 -0.8958
26.125 85.875 0.11422
26.125 86.125 -0.14535
26.125 86.375 0.46099
26.125 86.625 1.7024
26.125 86.875 1.7161
26.125 87.125 1.2376
26.125 87.375 1.2032
26.125 87.625 0.18233
26.125 87.875 -0.21097
26.125 88.125 0.21928
26.125 89.375 0.20171
26.125 89.875 0.7956
26.125 90.125 -0.1224
26.125 90.375 0.16707
26.125 90.625 0.50267
26.125 90.875 0.18104
26.125 91.125 0.033336
26.125 91.375 0.426
26.125 91.625 -0.1796
26.125 91.875 -0.44409
26.125 92.125 -0.24211
26.125 92.375 0.039375
26.125 92.625 0.18329
26.125 92.875 0.2176
26.125 93.125 -0.31216
26.125 93.375 0.81191
26.125 93.625 0.69322
26.125 93.875 0.12836
26.125 94.125 -0.24564
26.125 94.375 -0.57347
26.125 94.625 -0.61446
26.125 94.875 -0.39978
26.375 70.375 1.4357
26.375 70.625 1.2906
26.375 70.875 1.6078
26.375 71.125 1.6703
26.375 71.375 2.5398
26.375 71.625 3.2046
26.375 71.875 3.2937
26.375 72.125 2.9544
26.375 72.375 2.4916
26.375 72.625 0.98524
26.375 72.875 0.85507
26.375 73.125 0.56059
26.375 73.375 0.52273
26.375 73.625 0.76354
26.375 73.875 0.8576
26.375 74.125 1.1313
26.375 74.375 1.245
26.375 74.625 -0.3836
26.375 74.875 0.87415
26.375 75.125 0.85581
26.375 75.375 1.2422
26.375 75.625 1.3606
26.375 75.875 1.34
26.375 76.125 0.97198
26.375 76.375 0.81279
26.375 76.625 0.75067
26.375 76.875 0.43138
26.375 77.125 0.2057
26.375 77.375 0.36695
26.375 77.625 0.60532
26.375 77.875 0.29209
26.375 78.125 0.55658
26.375 78.375 0.15612
26.375 78.625 0.68199
26.375 78.875 0.66146
26.375 79.125 0.59874
26.375 79.375 -0.68964
26.375 79.625 -0.7715
26.375 79.875 0.14345
26.375 80.125 0.41696
26.375 80.375 -0.98103
26.375 80.625 -0.83365
26.375 80.875 0.049942
26.375 81.125 -0.51261
26.375 81.375 -1.3635
26.375 81.625 -1.3952
26.375 81.875 -1.0994
26.375 82.125 -0.95222
26.375 82.375 -0.40203
26.375 82.625 -0.30767
26.375 82.875 -0.09349
26.375 83.125 -0.035957
26.375 83.375 -0.8146
26.375 83.625 -0.97379
26.375 83.875 -0.63786
26.375 84.125 -0.11838
26.375 84.375 -0.49074
26.375 84.625 -0.5716
26.375 84.875 -1.0512
26.375 85.125 -0.777
26.375 85.375 -0.84405
26.375 85.625 -0.17731
26.375 85.875 -0.041137
26.375 86.125 -0.37734
26.375 86.375 -0.46187
26.375 86.625 -0.25523
26.375 86.875 1.1589
26.375 87.125 0.49251
26.375 87.625 -1.5826
26.375 87.875 -0.39033
26.375 88.125 0.28947
26.375 88.375 0.251
26.375 88.875 0.28544
26.375 89.375 -0.081934
26.375 89.625 0.27018
26.375 89.875 0.50112
26.375 90.125 0.13733
26.375 90.375 0.19088
26.375 90.625 0.010842
26.375 90.875 -0.32776
26.375 91.125 -0.63571
26.375 91.375 -0.070439
26.375 91.625 -0.24321
26.375 91.875 0.18222
26.375 92.125 0.13463
26.375 92.375 0.29406
26.375 92.625 0.26473
26.375 92.875 0.14381
26.375 93.125 -0.3349
26.375 93.375 -0.3062
26.375 93.625 -0.28669
26.375 93.875 -0.31088
26.375 94.125 -0.22639
26.375 94.375 -0.4986
26.375 94.625 -0.40475
26.375 94.875 0.076612
26.625 69.875 1.153
26.625 70.125 1.3235
26.625 70.375 1.6221
26.625 70.625 0.78068
26.625 70.875 0.49193
26.625 71.125 0.65734
26.625 71.375 2.1666
26.625 71.625 2.8073
26.625 71.875 2.7976
26.625 72.125 2.0324
26.625 72.375 1.1138
26.625 72.625 0.76675
26.625 72.875 0.7745
26.625 73.125 0.41946
26.625 73.375 0.097127
26.625 73.625 0.40946
26.625 73.875 0.7249
26.625 74.125 0.71958
26.625 74.375 1.916
26.625 74.625 1.1788
26.625 74.875 2.3659
26.625 75.125 0.6031
26.625 75.375 1.1653
26.625 75.625 1.0736
26.625 75.875 0.48729
26.625 76.125 0.91482
26.625 76.375 0.34419
26.625 76.625 0.6931
26.625 76.875 0.70817
26.625 77.125 0.65719
26.625 77.375 0.85552
26.625 77.625 1.3448
26.625 77.875 0.25618
26.625 78.125 0.59459
26.625 78.375 1.1443
26.625 78.625 0.064147
26.625 78.875 -0.16298
26.625 79.125 -0.76746
26.625 79.375 -0.13501
26.625 79.625 -0.51581
26.625 79.875 -0.97433
26.625 80.125 -1.4915
26.625 80.375 -0.80668
26.625 80.625 -0.13019
26.625 80.875 -0.21027
26.625 81.125 -0.58034
26.625 81.375 -0.82384
26.625 81.625 -1.0303
26.625 81.875 -0.29353
26.625 82.125 0.79711
26.625 82.375 0.38435
26.625 82.625 -0.56135
26.625 82.875 0.069194
26.625 83.125 0.21067
26.625 83.375 -0.96066
26.625 83.625 -1.1425
26.625 83.875 -1.0969
26.625 84.125 -0.1984
26.625 84.375 -0.29186
26.625 84.625 -0.77085
26.625 84.875 -1.1748
26.625 85.125 -0.69283
26.625 85.375 -0.72827
26.625 85.625 -0.2221
26.625 86.125 -0.28986
26.625 88.375 0.45493
26.625 88.625 0.42341
26.625 88.875 -0.2785
26.625 89.125 -0.023918
26.625 89.375 -0.069577
26.625 89.625 0.13871
26.625 89.875 0.076014
26.625 90.125 -0.23861
26.625 90.375 -0.22197
26.625 90.625 -0.83939
26.625 90.875 -0.50828
26.625 91.125 -0.20527
26.625 91.375 0.39033
26.625 91.625 -0.58229
26.625 91.875 0.48445
26.625 92.125 0.0021771
26.625 92.375 -0.066855
26.625 92.625 -0.17624
26.625 92.875 0.43553
26.625 93.125 -0.20273
26.625 93.375 -0.48132
26.625 93.625 -0.21693
26.625 93.875 1.0153
26.625 94.125 -1.0099
26.625 94.375 -0.73391
26.625 94.625 0.052533
26.625 94.875 0.12394
26.625 95.125 0.25377
26.875 69.625 1.0974
26.875 69.875 1.0239
26.875 70.125 1.2942
26.875 70.375 1.3424
26.875 70.625 0.291
26.875 70.875 0.026029
26.875 71.125 0.30568
26.875 71.375 1.4148
26.875 71.625 1.7737
26.875 71.875 1.5894
26.875 72.125 0.99203
26.875 72.375 0.98905
26.875 72.625 0.82805
26.875 72.875 0.85033
26.875 73.125 0.30314
26.875 73.375 0.015011
26.875 73.625 -0.15492
26.875 73.875 0.22339
26.875 74.125 0.56357
26.875 74.375 1.5802
26.875 74.625 1.5273
26.875 74.875 1.9242
26.875 75.125 1.8771
26.875 75.375 0.98764
26.875 75.625 -0.55132
26.875 75.875 0.57349
26.875 76.125 0.8922
26.875 76.375 0.40762
26.875 76.625 0.74972
26.875 76.875 0.66611
26.875 77.125 0.8842
26.875 77.375 -0.086606
26.875 77.625 1.812
26.875 77.875 0.54751
26.875 78.125 -0.038022
26.875 78.375 0.49453
26.875 78.625 -0.021433
26.875 78.875 -0.24657
26.875 79.125 0.189
26.875 79.375 0.26615
26.875 79.625 -0.15819
26.875 79.875 -0.61591
26.875 80.125 -1.0529
26.875 80.375 -0.65815
26.875 80.625 0.98122
26.875 80.875 -0.3065
26.875 81.125 -0.19559
26.875 81.375 -0.73577
26.875 81.625 -0.97381
26.875 81.875 -0.39954
26.875 82.125 0.070376
26.875 82.375 -0.084431
26.875 82.625 -0.44064
26.875 82.875 -0.23427
26.875 83.125 -0.047786
26.875 83.375 -0.95614
26.875 83.625 -0.92895
26.875 83.875 -0.80303
26.875 84.125 -0.21139
26.875 84.375 -0.44878
26.875 84.625 -0.48611
26.875 84.875 -0.97252
26.875 88.375 0.60573
26.875 88.625 0.58944
26.875 88.875 0.10688
26.875 92.375 -0.502
26.875 92.625 -0.16502
26.875 92.875 0.49327
26.875 93.125 0.62035
26.875 93.375 -0.10276
26.875 93.625 0.89229
26.875 93.875 2.278
26.875 94.125 -1.2425
26.875 94.375 0.043896
26.875 94.625 0.48787
26.875 94.875 0.17994
26.875 95.125 0.03208
26.875 95.375 -0.15496
26.875 95.625 -0.10488
27.125 69.875 0.57747
27.125 70.125 0.2249
27.125 70.375 -0.011228
27.125 70.625 -0.061593
27.125 70.875 -0.0030783
27.125 71.125 0.58353
27.125 71.375 1.108
27.125 71.625 1.1851
27.125 71.875 0.4325
27.125 72.125 0.57555
27.125 72.375 0.61298
27.125 72.625 0.87738
27.125 72.875 0.46118
27.125 73.125 0.22231
27.125 73.375 -0.10284
27.125 73.625 -0.29333
27.125 73.875 -0.18627
27.125 74.125 0.44922
27.125 74.375 1.6666
27.125 74.625 1.4598
27.125 74.875 1.2008
27.125 75.125 1.1481
27.125 75.375 1.4193
27.125 75.625 0.75804
27.125 75.875 0.60831
27.125 76.125 1.2978
27.125 76.375 1.2443
27.125 76.625 1.3491
27.125 76.875 -0.52092
27.125 77.125 2.1225
27.125 77.375 0.89089
27.125 77.625 1.0357
27.125 77.875 0.93732
27.125 78.125 1.0137
27.125 78.375 1.1584
27.125 78.625 0.16416
27.125 78.875 -0.14402
27.125 79.125 -0.30383
27.125 79.375 -1.0103
27.125 79.625 -0.49608
27.125 79.875 -0.44842
27.125 80.125 -1.055
27.125 80.375 -0.53051
27.125 80.625 -0.74297
27.125 80.875 0.14148
27.125 81.125 -0.26434
27.125 81.375 -0.48076
27.125 81.625 -0.63242
27.125 81.875 -0.39788
27.125 82.125 -0.37108
27.125 82.375 -0.63914
27.125 82.625 0.32503
27.125 82.875 -0.028203
27.125 83.125 -0.21108
27.125 83.375 0.28424
27.125 83.625 0.16931
27.125 83.875 0.23278
27.125 84.125 -0.25185
27.125 84.375 -0.3672
27.125 84.625 -0.64552
27.125 88.125 0.57831
27.125 88.375 0.74666
27.125 88.625 0.89537
27.125 92.125 -1.0895
27.125 92.375 -0.37165
27.125 92.625 -0.0018703
27.125 92.875 0.42109
27.125 93.125 0.40265
27.125 93.375 0.49962
27.125 93.625 0.49935
27.125 93.875 0.90444
27.125 94.125 0.81979
27.125 94.375 0.56423
27.125 94.625 0.67421
27.125 94.875 0.46372
27.125 95.125 -0.30118
27.125 95.375 -0.19237
27.125 95.625 0.085252
27.125 95.875 0.22117
27.375 70.125 0.037933
27.375 70.375 -0.076997
27.375 70.625 -0.10413
27.375 70.875 -0.0039218
27.375 71.125 1.1651
27.375 71.375 1.2155
27.375 71.625 1.2065
27.375 71.875 0.1542
27.375 72.125 -0.24586
27.375 72.375 0.14971
27.375 72.625 0.041177
27.375 72.875 0.17924
27.375 73.125 0.17405
27.375 73.375 0.092445
27.375 73.625 0.016188
27.375 73.875 0.5497
27.375 74.125 1.0406
27.375 74.375 1.5434
27.375 74.625 1.8151
27.375 74.875 1.5771
27.375 75.125 1.2968
27.375 75.375 1.3081
27.375 75.625 0.93818
27.375 75.875 0.19242
27.375 76.125 1.2348
27.375 76.375 0.53431
27.375 76.625 1.0946
27.375 76.875 1.5522
27.375 77.125 1.1342
27.375 77.375 0.44401
27.375 77.625 0.85148
27.375 77.875 1.0438
27.375 78.125 1.343
27.375 78.375 1.8367
27.375 78.625 0.77378
27.375 78.875 0.57174
27.375 79.125 -0.6042
27.375 79.375 -1.3475
27.375 79.625 -0.93449
27.375 79.875 -0.56679
27.375 80.125 -1.3395
27.375 80.375 -1.4238
27.375 80.625 -1.0884
27.375 80.875 -1.2411
27.375 81.125 -0.56541
27.375 81.375 -0.54513
27.375 81.625 -1.524
27.375 81.875 -0.38627
27.375 82.125 -0.54508
27.375 82.375 -0.52528
27.375 82.625 0.11742
27.375 82.875 -0.33603
27.375 83.125 -0.40002
27.375 83.625 0.03361
27.375 84.125 -0.14773
27.375 84.375 -0.23663
27.375 88.125 1.5151
27.375 88.375 0.44056
27.375 88.625 0.41454
27.375 92.125 -0.61697
27.375 92.375 0.013561
27.375 92.625 0.20943
27.375 92.875 0.12334
27.375 93.125 -0.52134
27.375 93.375 -1.515
27.375 93.625 0.11816
27.375 93.875 0.30302
27.375 94.125 1.5591
27.375 94.375 -0.15243
27.375 94.625 0.1067
27.375 94.875 0.012756
27.375 95.125 -0.29769
27.375 95.375 -0.41187
27.375 95.625 -0.038278
27.375 95.875 -0.093308
27.375 96.125 -0.29587
27.375 96.375 0.22929
27.375 96.625 0.44308
27.375 96.875 0.34059
27.625 70.125 -0.035319
27.625 70.375 -0.15535
27.625 70.625 -0.1144
27.625 70.875 0.5503
27.625 71.125 1.2623
27.625 71.375 1.1491
27.625 71.625 0.85428
27.625 71.875 0.2001
27.625 72.125 -0.17478
27.625 72.375 -0.22783
27.625 72.625 -0.072321
27.625 72.875 0.092425
27.625 73.125 0.15716
27.625 73.375 0.19269
27.625 73.625 1.1186
27.625 73.875 1.0984
27.625 74.125 1.1079
27.625 74.375 1.0287
27.625 74.625 1.1974
27.625 74.875 1.5689
27.625 75.125 0.52336
27.625 75.375 1.1247
27.625 75.625 1.3298
27.625 75.875 0.62336
27.625 76.125 1.1066
27.625 76.375 0.58052
27.625 76.625 1.4587
27.625 76.875 2.6167
27.625 77.125 0.73931
27.625 77.375 0.4476
27.625 77.625 0.29802
27.625 77.875 0.26178
27.625 78.125 1.6991
27.625 78.375 1.6504
27.625 78.625 0.50867
27.625 78.875 0.026791
27.625 79.125 -0.88297
27.625 79.375 -1.3046
27.625 79.625 -0.95473
27.625 79.875 -0.57244
27.625 80.125 -0.97825
27.625 80.375 -1.125
27.625 80.625 -1.2035
27.625 80.875 -1.1262
27.625 81.125 -0.76146
27.625 81.375 -0.49442
27.625 81.625 -0.71364
27.625 81.875 -0.64013
27.625 82.125 -0.45766
27.625 82.375 -0.30006
27.625 82.625 0.073746
27.625 88.375 0.8226
27.625 88.625 0.91008
27.625 91.625 -0.16036
27.625 91.875 -0.28628
27.625 92.125 -0.6821
27.625 92.375 -0.32641
27.625 92.625 0.0049443
27.625 92.875 0.053594
27.625 93.125 0.054314
27.625 93.375 -0.71601
27.625 93.625 -1.3652
27.625 93.875 -1.6934
27.625 94.125 -0.35763
27.625 94.375 0.50031
27.625 94.625 -0.3151
27.625 94.875 -0.39676
27.625 95.125 -0.57246
27.625 95.375 -0.54278
27.625 95.625 -0.68174
27.625 95.875 -0.66178
27.625 96.125 -0.71
27.625 96.375 0.10372
27.625 96.625 0.22886
27.625 96.875 0.23797
27.875 70.375 -0.20121
27.875 71.875 0.1557
27.875 72.125 -0.28945
27.875 72.375 -0.39166
27.875 72.625 0.0042553
27.875 72.875 0.049254
27.875 73.125 0.057778
27.875 73.375 0.55819
27.875 73.625 1.2042
27.875 73.875 1.2549
27.875 74.125 1.1206
27.875 74.375 0.9642
27.875 74.625 0.22987
27.875 74.875 0.38451
27.875 75.125 0.56725
27.875 75.375 1.2445
27.875 75.625 1.033
27.875 75.875 0.81647
27.875 76.125 0.68029
27.875 76.375 0.79751
27.875 76.625 0.82675
27.875 76.875 1.8764
27.875 77.125 1.1715
27.875 77.375 0.1626
27.875 77.625 -0.6962
27.875 77.875 0.30414
27.875 78.125 0.69052
27.875 78.375 0.5619
27.875 78.625 0.64587
27.875 78.875 0.63881
27.875 79.125 -0.27505
27.875 79.375 -0.95958
27.875 79.625 -0.69393
27.875 79.875 -0.48016
27.875 80.125 -0.44893
27.875 80.375 -0.48818
27.875 80.625 -0.76614
27.875 80.875 -1.0467
27.875 81.125 -0.83405
27.875 81.375 -0.54214
27.875 81.625 -0.42943
27.875 88.375 NaN
27.875 88.625 NaN
27.875 92.875 -0.27176
27.875 93.125 -0.23698
27.875 93.375 -0.25367
27.875 93.625 -0.8517
27.875 93.875 -1.4233
27.875 94.125 -0.79468
27.875 94.375 -0.59587
27.875 94.625 -0.74179
27.875 94.875 -0.45084
27.875 95.125 -0.040001
27.875 95.375 -0.51715
27.875 95.625 -0.80891
27.875 95.875 -1.026
27.875 96.125 -0.66539
27.875 96.375 -0.30141
27.875 96.625 0.14823
27.875 96.875 0.21579
27.875 97.125 0.23671
28.125 72.125 -0.33757
28.125 72.375 -0.02057
28.125 72.625 0.29918
28.125 72.875 0.37404
28.125 73.125 0.72566
28.125 73.375 0.65378
28.125 73.625 0.89283
28.125 73.875 0.9911
28.125 74.125 0.85718
28.125 74.375 0.95477
28.125 74.625 0.80282
28.125 74.875 0.86905
28.125 75.125 0.80121
28.125 75.375 1.7773
28.125 75.625 0.7591
28.125 75.875 2.566
28.125 76.125 2.7881
28.125 76.375 1.7373
28.125 76.625 2.6402
28.125 76.875 1.6624
28.125 77.125 0.7347
28.125 77.375 0.74081
28.125 77.625 0.37716
28.125 77.875 0.48136
28.125 78.125 1.097
28.125 78.375 0.3459
28.125 78.625 -0.085168
28.125 78.875 -0.33542
28.125 79.125 0.13565
28.125 79.375 -0.4522
28.125 79.625 -0.65935
28.125 79.875 -0.49807
28.125 80.125 0.14516
28.125 80.375 0.076258
28.125 80.625 -0.13986
28.125 80.875 -0.69926
28.125 81.125 -0.96806
28.125 81.375 -0.58493
28.125 92.875 -1.2189
28.125 93.125 -0.50258
28.125 93.375 -0.56859
28.125 93.625 -0.66854
28.125 93.875 -0.84
28.125 94.125 -0.99473
28.125 94.375 -0.97284
28.125 94.625 -1.3348
28.125 94.875 -0.66088
28.125 95.125 -0.22432
28.125 95.375 -0.25304
28.125 95.625 -0.94251
28.125 95.875 -0.98751
28.125 96.125 -0.69211
28.125 96.375 -0.00010908
28.125 96.625 0.062823
28.125 96.875 0.174
28.125 97.125 0.37271
28.375 72.375 -0.13532
28.375 72.625 0.26967
28.375 72.875 0.91414
28.375 73.125 0.7229
28.375 73.375 0.24494
28.375 73.625 0.069723
28.375 73.875 0.43603
28.375 74.125 0.55161
28.375 74.375 0.5562
28.375 74.625 1.2343
28.375 74.875 1.2604
28.375 75.125 0.79557
28.375 75.375 1.2735
28.375 75.625 0.9489
28.375 75.875 2.3167
28.375 76.125 1.6784
28.375 76.375 0.51929
28.375 76.625 1.3555
28.375 76.875 1.9538
28.375 77.125 0.79824
28.375 77.375 -0.27208
28.375 77.625 0.19278
28.375 77.875 -0.049584
28.375 78.125 0.79244
28.375 78.375 0.39051
28.375 78.625 -0.68341
28.375 78.875 -0.59665
28.375 79.125 0.54181
28.375 79.375 0.04657
28.375 79.625 -0.80496
28.375 79.875 -0.73507
28.375 80.125 -0.077365
28.375 80.375 0.028665
28.375 80.625 -0.064307
28.375 80.875 -0.40247
28.375 81.125 -0.73995
28.375 93.375 -0.50859
28.375 93.625 -0.027002
28.375 93.875 0.68558
28.375 94.125 0.51305
28.375 94.375 0.18038
28.375 94.625 -0.15486
28.375 94.875 -0.21955
28.375 95.125 -0.36373
28.375 95.375 -0.46251
28.375 95.625 -0.56818
28.375 95.875 -0.42087
28.375 96.125 -0.70777
28.375 96.625 0.025112
28.625 72.375 -0.082274
28.625 72.625 0.56842
28.625 72.875 1.4803
28.625 73.125 0.79131
28.625 73.375 0.43085
28.625 73.625 0.25615
28.625 73.875 0.19207
28.625 74.125 0.39664
28.625 74.375 0.93606
28.625 74.625 1.5545
28.625 74.875 1.3183
28.625 75.125 0.51786
28.625 75.375 -0.41194
28.625 75.625 -0.90806
28.625 75.875 -0.0053625
28.625 76.125 1.0704
28.625 76.375 1.206
28.625 76.625 1.5871
28.625 76.875 1.0883
28.625 77.125 0.40375
28.625 77.375 -0.44396
28.625 77.625 -0.42901
28.625 77.875 -0.95417
28.625 78.125 -0.8953
28.625 78.375 -0.27091
28.625 78.625 -0.98989
28.625 78.875 -0.88976
28.625 79.125 1.3537
28.625 79.375 0.21209
28.625 79.625 -0.042333
28.625 79.875 -0.46404
28.625 80.125 -0.1388
28.625 80.375 0.033509
28.625 80.625 -0.13404
28.625 93.625 1.1323
28.625 93.875 NaN
28.625 94.125 1.4534
28.625 94.375 1.0499
28.625 94.625 0.85074
28.625 94.875 0.58019
28.625 95.125 -0.014219
28.625 95.375 0.12224
28.625 95.625 -0.26248
28.625 95.875 -0.46067
28.625 96.125 -0.41731
28.625 96.375 5.9343
28.875 72.875 0.24977
28.875 73.125 0.70285
28.875 73.375 0.71253
28.875 73.625 0.37464
28.875 73.875 0.44358
28.875 74.125 0.79615
28.875 74.375 1.0217
28.875 74.625 1.3957
28.875 74.875 1.4286
28.875 75.125 -0.11
28.875 75.375 -0.1427
28.875 75.625 -0.0082331
28.875 75.875 0.37196
28.875 76.125 1.0821
28.875 76.375 0.1295
28.875 76.625 0.36851
28.875 76.875 0.62765
28.875 77.125 1.1845
28.875 77.375 1.5338
28.875 77.625 0.63409
28.875 77.875 -0.11113
28.875 78.125 -1.2609
28.875 78.375 -0.89116
28.875 78.625 -0.89149
28.875 78.875 -0.60458
28.875 79.125 0.47727
28.875 79.375 0.74178
28.875 79.625 0.20742
28.875 79.875 0.4313
28.875 94.125 1.3812
28.875 94.375 1.2595
28.875 94.625 1.0814
28.875 94.875 1.1237
28.875 95.125 0.70758
28.875 95.375 0.14857
28.875 95.625 0.038613
28.875 95.875 -0.18224
28.875 96.125 0.4001
28.875 96.375 6.1915
29.125 73.125 0.2054
29.125 73.375 0.80268
29.125 73.625 0.16901
29.125 73.875 0.41186
29.125 74.125 0.70354
29.125 74.375 1.1448
29.125 74.625 1.1359
29.125 74.875 1.3394
29.125 75.125 -0.362
29.125 75.375 1.6042
29.125 75.625 1.3101
29.125 75.875 0.42825
29.125 76.125 1.3773
29.125 76.375 0.27284
29.125 76.625 2.3373
29.125 76.875 1.7257
29.125 77.125 0.02218
29.125 77.375 0.14587
29.125 77.625 0.069554
29.125 77.875 -0.40746
29.125 78.125 -0.93333
29.125 78.375 -1.2303
29.125 78.625 -0.87865
29.125 78.875 -0.63697
29.125 79.125 0.88518
29.125 79.375 0.57088
29.125 79.625 -0.49365
29.125 79.875 -0.028031
29.125 80.125 0.43471
29.125 94.375 1.5554
29.125 94.625 1.2255
29.125 94.875 1.4299
29.125 95.625 0.40466
29.125 95.875 1.0127
29.125 96.125 6.2971
29.375 73.375 0.020409
29.375 73.625 0.15446
29.375 73.875 0.19429
29.375 74.125 1.5694
29.375 74.375 1.1841
29.375 74.625 0.59367
29.375 74.875 1.3093
29.375 75.125 0.52653
29.375 75.375 0.016369
29.375 75.625 0.32512
29.375 75.875 -0.45926
29.375 76.125 1.2346
29.375 76.375 0.44548
29.375 76.625 2.7427
29.375 76.875 1.008
29.375 77.125 -0.81769
29.375 77.375 -0.27764
29.375 77.625 -0.46433
29.375 77.875 -0.49493
29.375 78.125 -0.61275
29.375 78.375 -0.95083
29.375 78.625 -1.058
29.375 78.875 -0.47217
29.375 79.125 -0.055494
29.375 79.375 -0.44274
29.375 79.625 -0.96466
29.375 79.875 0.14308
29.375 80.125 0.18103
29.375 96.125 6.7641
29.625 73.375 -0.1747
29.625 73.625 0.468
29.625 73.875 0.72525
29.625 74.125 1.4326
29.625 74.375 0.85551
29.625 74.625 0.071492
29.625 74.875 1.2387
29.625 75.125 0.08149
29.625 75.375 -0.53242
29.625 75.625 0.53041
29.625 75.875 -0.59274
29.625 76.125 0.032839
29.625 76.375 1.6045
29.625 76.625 1.7332
29.625 76.875 1.1312
29.625 77.125 -0.60394
29.625 77.375 -0.93965
29.625 77.625 -0.8269
29.625 77.875 -0.92207
29.625 78.125 -0.31323
29.625 78.375 -0.61653
29.625 78.625 -0.91717
29.625 78.875 -0.63382
29.625 79.125 -0.11258
29.625 79.375 -0.0067719
29.625 79.625 -0.030385
29.625 79.875 -0.065918
29.625 80.125 0.23862
29.875 73.625 0.61644
29.875 73.875 0.03306
29.875 74.125 0.45203
29.875 74.375 -0.2939
29.875 74.625 -0.68851
29.875 74.875 -0.67481
29.875 75.125 -0.18725
29.875 75.375 -0.20616
29.875 75.625 -0.27172
29.875 75.875 -0.41033
29.875 76.125 0.14169
29.875 76.375 1.2299
29.875 76.625 0.54807
29.875 76.875 -0.7677
29.875 77.125 0.089634
29.875 77.375 -0.40187
29.875 77.625 -0.69846
29.875 77.875 -0.18472
29.875 78.125 -1.3471
29.875 78.375 -0.017937
29.875 78.625 -0.049574
29.875 78.875 0.15754
29.875 79.125 -0.53182
29.875 79.375 -0.32055
29.875 79.625 1.6712
29.875 79.875 0.024773
29.875 80.125 0.15091
29.875 80.375 0.070183
30.125 74.125 -0.29006
30.125 74.375 -0.42164
30.125 74.625 -0.18248
30.125 74.875 0.42888
30.125 75.125 0.97555
30.125 75.375 1.0703
30.125 75.625 -0.015139
30.125 75.875 -0.43327
30.125 76.125 0.32009
30.125 76.375 0.37928
30.125 76.625 -0.19409
30.125 76.875 -0.51839
30.125 77.125 0.51135
30.125 77.375 -0.21176
30.125 77.625 0.91289
30.125 77.875 0.98556
30.125 78.125 1.3765
30.125 78.375 -0.065086
30.125 78.625 0.63807
30.125 78.875 0.90984
30.125 79.125 0.56371
30.125 79.375 0.64842
30.125 79.625 1.5872
30.125 79.875 0.18619
30.125 80.125 -0.15996
30.125 80.375 -0.062597
30.125 80.625 -0.093064
30.375 74.125 -0.061349
30.375 74.375 0.069689
30.375 74.625 0.43362
30.375 74.875 0.70977
30.375 75.125 1.5358
30.375 75.375 1.0625
30.375 75.625 -0.44442
30.375 75.875 -0.47989
30.375 76.125 -0.38815
30.375 76.375 -0.4216
30.375 76.625 -0.9248
30.375 76.875 -0.19469
30.375 77.125 0.6232
30.375 77.375 0.5093
30.375 77.625 0.89794
30.375 77.875 1.1927
30.375 78.125 0.6631
30.375 78.375 0.75617
30.375 78.625 1.9207
30.375 78.875 1.2549
30.375 79.125 1.1332
30.375 79.375 0.82811
30.375 79.625 1.5836
30.375 79.875 0.93193
30.375 80.125 0.26714
30.375 80.375 -0.26491
30.375 80.625 -0.45503
30.625 74.375 -0.12103
30.625 74.625 -0.0047989
30.625 74.875 0.32219
30.625 75.125 0.73633
30.625 75.375 0.10214
30.625 75.625 -0.16193
30.625 75.875 -1.0276
30.625 76.125 -0.89181
30.625 76.375 -1.1938
30.625 76.625 -0.59079
30.625 76.875 0.98127
30.625 77.125 0.47651
30.625 77.375 0.93801
30.625 77.625 -0.046233
30.625 77.875 -0.13697
30.625 78.125 0.21627
30.625 78.375 -0.23501
30.625 78.625 -0.081062
30.625 78.875 0.75338
30.625 79.125 0.74333
30.625 79.375 0.52102
30.625 79.625 1.4407
30.625 79.875 1.0089
30.625 80.125 0.60795
30.875 74.625 -0.29376
30.875 74.875 0.11624
30.875 75.125 0.33168
30.875 75.375 -0.51251
30.875 75.625 -0.19597
30.875 75.875 -0.99461
30.875 76.125 -1.0056
30.875 76.375 -0.92595
30.875 76.625 -0.069198
30.875 76.875 0.96067
30.875 77.125 0.93857
30.875 77.375 -0.12801
30.875 77.625 -0.43097
30.875 77.875 -0.1386
30.875 78.125 -0.047361
30.875 78.375 -0.35318
30.875 78.625 -0.43726
30.875 78.875 -0.13718
30.875 79.125 0.14543
30.875 79.375 NaN
30.875 79.625 NaN
30.875 79.875 NaN
31.125 74.875 -1.0133
31.125 75.125 -0.35747
31.125 75.375 -1.3948
31.125 75.625 -1.3342
31.125 75.875 -0.54334
31.125 76.125 0.3541
31.125 76.375 -0.18891
31.125 76.625 -0.5652
31.125 76.875 0.99391
31.125 77.125 1.3897
31.125 77.375 -0.12282
31.125 77.625 0.16849
31.125 77.875 -0.42085
31.125 78.125 -0.87633
31.125 78.375 -0.93853
31.125 78.625 -0.99849
31.125 78.875 NaN
31.125 79.125 NaN
31.375 74.875 -0.77336
31.375 75.125 -0.88771
31.375 75.375 -1.1726
31.375 75.625 -0.72939
31.375 75.875 0.29834
31.375 76.125 -0.095404
31.375 76.375 0.27259
31.375 76.625 -0.5696
31.375 76.875 0.38585
31.375 77.125 0.16775
31.375 77.375 -0.14522
31.375 77.625 -0.93777
31.375 77.875 -0.81955
31.375 78.125 -0.89435
31.375 78.375 -0.89593
31.375 78.625 -1.1521
31.625 74.875 -0.43381
31.625 75.125 -0.13643
31.625 75.375 -0.14977
31.625 75.625 -0.25424
31.625 75.875 -0.28784
31.625 76.125 -0.22569
31.625 76.375 0.0086038
31.625 76.625 -0.22759
31.625 76.875 -0.28166
31.625 77.125 -0.37325
31.625 77.375 -0.56171
31.625 77.625 -0.78158
31.625 77.875 -0.82968
31.625 78.125 -0.98106
31.625 78.375 -0.80301
31.625 78.625 -1.0955
31.875 74.875 -0.097117
31.875 75.125 -0.17562
31.875 75.375 -0.81098
31.875 75.625 -0.55141
31.875 75.875 -0.35424
31.875 76.125 0.35842
31.875 76.375 0.050053
31.875 76.625 0.021024
31.875 76.875 -0.30201
31.875 77.125 -0.67491
31.875 77.375 -0.8175
31.875 77.625 -1.2203
31.875 77.875 -0.93626
31.875 78.125 -1.0554
31.875 78.375 -1.1923
31.875 78.625 -1.3507
32.125 75.375 0.11827
32.125 75.625 0.2364
32.125 75.875 -0.44392
32.125 76.125 -0.78395
32.125 76.375 -0.0053983
32.125 76.625 -0.77143
32.125 76.875 -0.55927
32.125 77.125 -0.60981
32.125 77.375 -1.3099
32.125 77.625 -1.8928
32.125 77.875 -1.6269
32.125 78.125 -1.5376
32.125 78.375 -1.5122
32.375 75.375 -0.20505
32.375 75.625 -0.45144
32.375 75.875 -0.6982
32.375 76.125 -0.55053
32.375 76.375 -0.23807
32.375 76.625 -0.94489
32.375 76.875 -1.043
32.375 77.125 -0.7761
32.375 77.375 -1.3642
32.375 77.625 -1.6858
32.375 77.875 -2.0045
32.375 78.125 -1.8443
32.375 78.375 -1.6173
32.625 74.875 -0.0083417
32.625 75.125 -0.22591
32.625 75.375 -0.45717
32.625 75.625 -0.56958
32.625 75.875 -0.67369
32.625 76.125 -0.49417
32.625 76.375 -0.67057
32.625 76.625 -0.77779
32.625 76.875 -0.70356
32.625 77.125 -0.72473
32.625 77.375 -1.0856
32.625 77.625 -1.4566
32.625 77.875 -1.6969
32.625 78.125 -1.8434
32.625 78.375 -1.6015
32.625 78.625 -1.4711
32.625 78.875 -1.4162
32.625 79.125 -1.4243
32.625 79.375 -1.5001
32.875 74.375 0.081688
32.875 74.625 -0.091695
32.875 74.875 -0.089473
32.875 75.125 -0.40172
32.875 75.375 -0.5954
32.875 75.625 -0.65099
32.875 75.875 -0.65638
32.875 76.125 -0.23475
32.875 76.375 -0.56966
32.875 76.625 -0.67178
32.875 76.875 -0.65024
32.875 77.125 -0.72729
32.875 77.375 -0.94654
32.875 77.625 -1.3847
32.875 77.875 -1.6115
32.875 78.125 -1.5447
32.875 78.375 -1.5177
32.875 78.625 -1.4274
32.875 78.875 -1.3945
32.875 79.125 -1.4492
32.875 79.375 -1.445
33.125 73.875 -0.56329
33.125 74.125 -0.32689
33.125 74.375 -0.14792
33.125 74.625 -0.012812
33.125 74.875 -0.12269
33.125 75.125 -0.38792
33.125 75.375 -0.85021
33.125 75.625 -0.83184
33.125 75.875 -0.51708
33.125 76.125 -0.3172
33.125 76.375 -0.4641
33.125 76.625 -0.75461
33.125 76.875 -1.1418
33.125 77.125 -1.0864
33.125 77.375 -0.98746
33.125 77.625 -1.0334
33.125 77.875 -1.0875
33.125 78.125 -0.89505
33.125 78.375 -0.86586
33.125 78.625 -1.1716
33.125 78.875 -1.2636
33.125 79.125 -1.3814
33.375 73.875 -0.71097
33.375 74.125 -0.61951
33.375 74.375 -0.73748
33.375 74.625 -0.56673
33.375 74.875 -0.29571
33.375 75.125 -0.95684
33.375 75.375 -0.65847
33.375 75.625 -0.76563
33.375 75.875 -0.30389
33.375 76.125 -0.081842
33.375 76.375 0.091989
33.375 76.625 -0.96639
33.375 76.875 -1.0739
33.375 77.125 -0.93966
33.375 77.375 -0.98705
33.375 77.625 -1.0311
33.375 77.875 -1.1149
33.375 78.125 -1.1669
33.375 78.375 -1.2075
33.375 78.625 -1.2219
33.375 78.875 -1.3315
33.625 73.875 -1.5666
33.625 74.125 -0.47849
33.625 74.375 -0.74566
33.625 74.625 -1.0419
33.625 74.875 -0.76447
33.625 75.125 -0.97043
33.625 75.375 -0.503
33.625 75.625 -0.54537
33.625 75.875 -0.28271
33.625 76.125 -0.63435
33.625 76.375 -0.61567
33.625 76.625 -0.79008
33.625 76.875 -0.87041
33.625 77.125 -0.94049
33.625 77.375 -0.72038
33.625 77.625 -1.1508
33.625 77.875 -0.97777
33.625 78.125 -0.84999
33.625 78.375 -1.2064
33.625 78.625 -1.2567
33.625 78.875 -1.4588
33.875 73.875 -0.65106
33.875 74.125 -0.024924
33.875 74.375 -0.36769
33.875 74.625 -0.39182
33.875 74.875 -0.52608
33.875 75.125 -0.24547
33.875 75.375 -0.11578
33.875 75.625 -0.36172
33.875 75.875 -0.46214
33.875 76.125 -0.67222
33.875 76.375 -0.58055
33.875 76.625 -0.70763
33.875 76.875 -0.97547
33.875 77.125 -0.99037
33.875 77.375 -0.65827
33.875 77.625 -0.8005
33.875 77.875 -0.81323
33.875 78.125 -1.1465
33.875 78.375 -1.3411
33.875 78.625 -1.1327
33.875 78.875 -1.7222
34.125 73.625 -0.52175
34.125 73.875 -0.36279
34.125 74.125 -0.046057
34.125 74.375 -0.84002
34.125 74.625 -0.70035
34.125 74.875 -0.60478
34.125 75.125 -0.34343
34.125 75.375 -0.22943
34.125 75.625 -0.72251
34.125 75.875 -0.84697
34.125 76.125 -0.72521
34.125 76.375 -0.44786
34.125 76.625 -0.79376
34.125 76.875 -0.95463
34.125 77.125 -0.80949
34.125 77.375 -0.63623
34.125 77.625 -1.1658
34.125 77.875 -0.95752
34.125 78.125 -1.1291
34.125 78.375 -1.2244
34.125 78.625 -1.3605
34.125 78.875 -1.2684
34.125 79.125 -1.3102
34.125 79.375 -1.6408
34.375 73.625 -0.66554
34.375 73.875 -0.70396
34.375 74.125 -0.85772
34.375 74.375 -0.76222
34.375 74.625 -0.55955
34.375 74.875 -0.47775
34.375 75.125 -0.31164
34.375 75.375 -0.77406
34.375 75.625 -1.0268
34.375 75.875 -1.0838
34.375 76.125 -1.2655
34.375 76.375 -0.87101
34.375 76.625 -0.81817
34.375 76.875 -0.86786
34.375 77.125 -1.0958
34.375 77.375 -0.99023
34.375 77.625 -0.99533
34.375 77.875 -1.0063
34.375 78.125 -1.0194
34.375 78.375 -1.1083
34.375 78.625 -1.1995
34.375 78.875 -1.2122
34.375 79.125 -1.3661
34.375 79.375 -1.5138
34.625 73.875 -0.64169
34.625 74.125 -0.79467
34.625 74.375 -0.79346
34.625 74.625 -0.67272
34.625 74.875 -0.52482
34.625 75.125 -0.24425
34.625 75.375 -0.98893
34.625 75.625 -1.2935
34.625 75.875 -1.4853
34.625 76.125 -1.4677
34.625 76.375 -0.88665
34.625 76.625 -1.1261
34.625 76.875 -1.1634
34.625 77.125 -1.022
34.625 77.375 -0.98683
34.625 77.625 -1.1364
34.625 77.875 -1.3154
34.625 78.125 -0.90448
34.625 78.375 -0.96106
34.625 78.625 -0.9467
34.625 78.875 -1.1492
34.625 79.125 -0.80437
34.625 79.375 -1.1796
34.625 79.625 -1.0512
34.875 74.125 -0.46418
34.875 74.375 -0.66032
34.875 74.625 -0.59233
34.875 74.875 -0.50634
34.875 75.125 -0.57045
34.875 75.375 -1.0411
34.875 75.625 -0.78343
34.875 75.875 -1.0579
34.875 76.125 -1.2657
34.875 76.375 -0.85511
34.875 76.625 -0.90883
34.875 76.875 -0.99427
34.875 77.125 -1.0412
34.875 77.375 -0.98666
34.875 77.625 -1.189
34.875 77.875 -1.0376
34.875 78.125 -0.96095
34.875 78.375 -1.0652
34.875 78.625 -1.2779
34.875 78.875 -1.0651
34.875 79.125 -0.961
34.875 79.375 -0.82347
34.875 79.625 -0.97501
34.875 79.875 -0.75944
35.125 74.375 0.038727
35.125 74.625 -0.24564
35.125 74.875 -0.14767
35.125 75.125 -0.31234
35.125 75.375 -0.85043
35.125 75.625 -0.29131
35.125 75.875 -0.3029
35.125 76.125 -1.0131
35.125 76.375 -1.1622
35.125 76.625 -1.0297
35.125 76.875 -1.054
35.125 77.125 -1.1196
35.125 77.375 -1.1095
35.125 77.625 -1.0844
35.125 77.875 -1.1854
35.125 78.125 -1.0421
35.125 78.375 -1.2964
35.125 78.625 -1.1702
35.125 78.875 -1.1427
35.125 79.125 -1.0905
35.125 79.375 -1.0791
35.125 79.625 -1.0836
35.125 79.875 -0.49572
35.375 73.875 0.052222
35.375 74.125 0.29908
35.375 74.375 0.19396
35.375 74.625 0.056004
35.375 74.875 0.068103
35.375 75.125 -0.14039
35.375 75.375 -0.3033
35.375 75.625 -0.33784
35.375 75.875 -0.58751
35.375 76.125 -0.98381
35.375 76.375 -1.1572
35.375 76.625 -1.1793
35.375 76.875 -1.1866
35.375 77.125 -1.0483
35.375 77.375 -0.93224
35.375 77.625 -1.0656
35.375 77.875 -1.0481
35.375 78.125 -1.3041
35.375 78.375 -1.135
35.375 78.625 -1.2208
35.375 78.875 -1.136
35.375 79.125 -1.1281
35.375 79.375 -0.86267
35.375 79.625 -0.86406
35.375 79.875 -0.85069
35.375 80.125 NaN
35.625 73.375 -0.33394
35.625 73.625 -0.11464
35.625 73.875 0.089658
35.625 74.125 -0.04215
35.625 74.375 -0.28639
35.625 74.625 -0.17567
35.625 74.875 -0.38168
35.625 75.125 -1.0424
35.625 75.375 -1.454
35.625 75.625 -1.4779
35.625 75.875 -1.2948
35.625 76.125 -1.35
35.625 76.375 -1.2457
35.625 76.625 -1.2252
35.625 76.875 -1.1611
35.625 77.125 -1.2146
35.625 78.375 -1.1041
35.625 78.625 -1.0383
35.625 78.875 -0.92091
35.625 79.125 -0.94728
35.625 79.375 -0.99246
35.625 79.625 -1.3327
35.625 79.875 -0.86031
35.625 80.125 -0.82839
35.875 73.125 1.5748
35.875 73.375 0.53128
35.875 73.625 0.19569
35.875 73.875 -0.058152
35.875 74.125 -0.18493
35.875 74.375 -0.8598
35.875 74.625 -0.6972
35.875 74.875 -0.76699
35.875 75.125 -1.2684
35.875 75.375 -1.7077
35.875 75.625 -1.8833
35.875 75.875 -1.9469
35.875 76.125 -1.3463
35.875 76.375 -1.4389
35.875 76.625 -1.5073
35.875 79.375 -0.88576
36.125 72.625 0.6689
36.125 72.875 NaN
36.125 73.125 NaN
36.125 73.375 0.8811
36.125 73.625 0.37671
36.125 73.875 -0.13177
36.125 74.125 -0.61501
36.125 74.375 -1.157
36.125 74.625 -0.91074
36.125 74.875 -0.75513
36.125 75.125 -1.0554
36.125 75.375 -1.5165
36.125 75.625 -2.1766
36.125 75.875 -1.9389
36.125 76.125 -1.2036
36.125 76.375 -0.92492
36.125 76.625 -1.4445
36.375 73.125 0.56134
36.375 73.375 0.58357
36.375 73.625 0.4808
36.375 73.875 0.028804
36.375 74.125 -0.40952
36.375 74.375 -1.1227
36.375 74.625 -1.1745
36.375 74.875 -1.2963
36.375 75.125 -1.3567
36.375 75.375 -1.386
36.375 75.625 -2.0199
36.375 75.875 -1.2391
36.375 76.125 -0.23225
36.625 73.375 0.55539
36.625 73.625 0.39162
36.625 73.875 0.12919
36.625 74.125 0.079737
36.625 74.375 -0.86559
36.625 74.625 -0.973
36.625 74.875 -1.6288
36.625 75.125 -1.4556
36.625 75.375 -1.4748
36.625 75.625 -1.6896
36.875 73.875 -0.20461
36.875 74.375 -0.23308
36.875 74.625 -0.5389
36.875 74.875 -0.98427
36.875 75.125 -1.3706
36.875 75.375 -1.2841
