8.125 77.375 -0.69436
8.375 77.125 -0.55949
8.375 77.375 -0.68153
8.375 77.625 -0.58534
8.375 77.875 -0.58644
8.625 76.875 -0.35129
8.625 77.125 -0.82564
8.625 77.375 -0.5655
8.625 77.625 -0.84689
8.625 77.875 -0.69309
8.875 76.875 0.39194
8.875 77.125 0.54976
8.875 77.375 -0.72649
8.875 77.625 -0.90122
8.875 77.875 -0.98402
9.125 76.625 0.57164
9.125 76.875 0.60745
9.125 77.125 0.029263
9.125 77.375 -0.4899
9.125 77.625 -0.11934
9.125 77.875 -0.73164
9.125 78.125 -0.71989
9.125 78.375 NaN
9.375 76.625 0.24961
9.375 76.875 0.48341
9.375 77.125 0.1906
9.375 77.375 -0.19555
9.375 77.625 -0.23432
9.375 77.875 -0.48164
9.375 78.125 -0.37596
9.375 78.375 -0.58239
9.375 78.625 -0.76503
9.375 78.875 NaN
9.625 76.375 -0.2691
9.625 76.625 0.1498
9.625 76.875 0.76648
9.625 77.125 0.19365
9.625 77.375 0.28791
9.625 77.625 0.10665
9.625 77.875 0.35196
9.625 78.125 -0.17129
9.625 78.375 -0.36615
9.625 78.625 -0.38673
9.875 76.625 0.37184
9.875 76.875 0.78288
9.875 77.125 -0.007531
9.875 77.375 0.10408
9.875 77.625 -0.1492
9.875 77.875 -0.18363
9.875 78.125 -0.22891
9.875 78.375 0.067436
9.875 78.625 -0.049384
9.875 78.875 -0.097271
10.125 76.375 -0.31052
10.125 76.625 1.5345
10.125 76.875 1.7548
10.125 77.125 0.66505
10.125 77.375 -0.068804
10.125 77.625 0.51987
10.125 77.875 0.21545
10.125 78.125 0.15846
10.125 78.375 0.21143
10.125 78.625 -0.1194
10.125 78.875 -0.072145
10.125 79.125 -0.093509
10.375 76.375 -1.1436
10.375 76.625 0.41441
10.375 76.875 1.1111
10.375 77.125 0.014716
10.375 77.375 -0.065725
10.375 77.625 1.7948
10.375 77.875 -0.092443
10.375 78.125 -0.19723
10.375 78.375 -0.41461
10.375 78.625 -0.25656
10.375 78.875 -0.41398
10.375 79.125 -0.24459
10.375 79.375 NaN
10.375 79.625 NaN
10.625 76.125 -1.1489
10.625 76.375 0.045408
10.625 76.625 0.058882
10.625 76.875 0.37723
10.625 77.125 -0.49509
10.625 77.375 -0.17587
10.625 77.625 -0.0098119
10.625 77.875 -0.03769
10.625 78.125 -0.98205
10.625 78.375 -0.62832
10.625 78.625 0.036793
10.625 78.875 0.8704
10.625 79.125 1.2429
10.625 79.375 0.034206
10.625 79.625 0.045152
10.875 76.125 0.37001
10.875 76.375 0.90568
10.875 76.625 -0.19238
10.875 76.875 -0.3555
10.875 77.125 0.50273
10.875 77.375 0.29073
10.875 77.625 0.75037
10.875 77.875 -0.17592
10.875 78.125 -0.46349
10.875 78.375 -0.24041
10.875 78.625 -0.24029
10.875 78.875 0.46172
10.875 79.125 -0.18666
10.875 79.375 0.15187
10.875 79.625 0.14924
11.125 76.125 1.1561
11.125 76.375 0.43412
11.125 76.625 -0.10407
11.125 76.875 0.81141
11.125 77.125 1.1036
11.125 77.375 0.33353
11.125 77.625 0.32531
11.125 77.875 0.12511
11.125 78.125 -0.35694
11.125 78.375 -0.13181
11.125 78.625 0.37408
11.125 78.875 0.16042
11.125 79.125 0.29158
11.125 79.375 0.82401
11.125 79.625 0.12282
11.375 75.875 0.18733
11.375 76.125 0.23747
11.375 76.375 0.67786
11.375 76.625 0.14137
11.375 76.875 0.48705
11.375 77.125 1.9077
11.375 77.375 0.94174
11.375 77.625 0.25213
11.375 77.875 0.76522
11.375 78.125 0.26934
11.375 78.375 0.58733
11.375 78.625 0.98335
11.375 78.875 0.66687
11.375 79.125 0.2952
11.375 79.375 0.36681
11.375 79.625 0.18407
11.625 75.875 0.34089
11.625 76.125 1.0242
11.625 76.375 1.2112
11.625 76.625 1.5557
11.625 76.875 0.65217
11.625 77.125 0.85767
11.625 77.375 0.80845
11.625 77.625 0.82134
11.625 77.875 0.8836
11.625 78.125 -0.25252
11.625 78.375 -0.55308
11.625 78.625 0.047667
11.625 78.875 0.715
11.625 79.125 0.41146
11.625 79.375 0.11368
11.625 79.625 NaN
11.875 75.625 NaN
11.875 75.875 -0.89413
11.875 76.125 -0.06242
11.875 76.375 1.8565
11.875 76.625 2.3841
11.875 76.875 0.78314
11.875 77.125 1.699
11.875 77.375 1.094
11.875 77.625 1.4639
11.875 77.875 0.37849
11.875 78.125 0.92703
11.875 78.375 0.2892
11.875 78.625 0.49777
11.875 78.875 0.056675
11.875 79.125 -0.051637
11.875 79.375 -0.42238
11.875 79.625 -0.26943
12.125 75.375 -1.1582
12.125 75.625 -0.4961
12.125 75.875 0.085113
12.125 76.125 1.0792
12.125 76.375 1.2748
12.125 76.625 1.9178
12.125 76.875 1.5926
12.125 77.125 1.9262
12.125 77.375 2.3079
12.125 77.625 2.26
12.125 77.875 1.6867
12.125 78.125 1.3413
12.125 78.375 0.95803
12.125 78.625 0.78276
12.125 78.875 0.8134
12.125 79.125 0.1783
12.125 79.375 0.3295
12.125 79.625 0.10419
12.375 75.125 -0.83196
12.375 75.375 -0.63549
12.375 75.625 -0.51987
12.375 75.875 0.14655
12.375 76.125 0.2828
12.375 76.375 1.3368
12.375 76.625 1.3112
12.375 76.875 0.68508
12.375 77.125 1.2647
12.375 77.375 1.639
12.375 77.625 2.3273
12.375 77.875 1.4193
12.375 78.125 1.5332
12.375 78.375 1.7411
12.375 78.625 1.3083
12.375 78.875 1.1626
12.375 79.125 0.8206
12.375 79.375 0.68056
12.375 79.625 0.13224
12.375 79.875 0.11217
12.625 75.125 -1.7275
12.625 75.375 -1.2832
12.625 75.625 -0.56521
12.625 75.875 0.24964
12.625 76.125 0.48308
12.625 76.375 1.1648
12.625 76.625 1.3533
12.625 76.875 1.8306
12.625 77.125 1.7044
12.625 77.375 1.075
12.625 77.625 3.0984
12.625 77.875 3.1635
12.625 78.125 2.1772
12.625 78.375 1.2193
12.625 78.625 0.903
12.625 78.875 1.0556
12.625 79.125 1.2573
12.625 79.375 0.7689
12.625 79.625 0.1661
12.625 79.875 -0.28391
12.875 75.125 -0.35625
12.875 75.375 -0.18438
12.875 75.625 -0.31975
12.875 75.875 1.2914
12.875 76.125 0.89857
12.875 76.375 1.0899
12.875 76.625 1.1458
12.875 76.875 0.52714
12.875 77.125 1.3342
12.875 77.375 2.0514
12.875 77.625 2.0919
12.875 77.875 1.7401
12.875 78.125 2.1145
12.875 78.375 1.6054
12.875 78.625 0.76261
12.875 78.875 0.60337
12.875 79.125 1.913
12.875 79.375 1.1307
12.875 79.625 0.67288
12.875 79.875 0.67948
13.125 74.875 NaN
13.125 75.125 -0.37865
13.125 75.375 -0.70516
13.125 75.625 0.12329
13.125 75.875 0.91218
13.125 76.125 0.64765
13.125 76.375 1.3425
13.125 76.625 1.1442
13.125 76.875 0.92239
13.125 77.125 1.4652
13.125 77.375 2.0913
13.125 77.625 3.0966
13.125 77.875 3.3753
13.125 78.125 2.3868
13.125 78.375 2.2737
13.125 78.625 1.0826
13.125 78.875 0.71806
13.125 79.125 1.8521
13.125 79.375 1.6441
13.125 79.625 1.3432
13.125 79.875 0.76523
13.125 80.125 0.75822
13.375 74.875 NaN
13.375 75.125 -0.47308
13.375 75.375 -0.4519
13.375 75.625 -0.38206
13.375 75.875 0.28409
13.375 76.125 1.0342
13.375 76.375 0.79853
13.375 76.625 1.4046
13.375 76.875 1.749
13.375 77.125 2.1718
13.375 77.375 1.4241
13.375 77.625 2.0601
13.375 77.875 3.5277
13.375 78.125 2.0649
13.375 78.375 1.7228
13.375 78.625 1.3787
13.375 78.875 0.75533
13.375 79.125 0.58967
13.375 79.375 1.1346
13.375 79.625 1.3218
13.375 79.875 1.1529
13.375 80.125 1.0358
13.625 74.875 -1.027
13.625 75.125 -0.09341
13.625 75.375 -0.33625
13.625 75.625 -0.11839
13.625 75.875 0.39832
13.625 76.125 0.811
13.625 76.375 1.083
13.625 76.625 0.95007
13.625 76.875 1.9245
13.625 77.125 1.5553
13.625 77.375 1.1029
13.625 77.625 1.121
13.625 77.875 1.7456
13.625 78.125 1.3151
13.625 78.375 1.828
13.625 78.625 0.98517
13.625 78.875 0.7794
13.625 79.125 1.2819
13.625 79.375 0.89144
13.625 79.625 0.87363
13.625 79.875 1.2331
13.625 80.125 1.025
13.875 74.875 -0.36092
13.875 75.125 -0.0011036
13.875 75.375 -0.095646
13.875 75.625 0.23291
13.875 75.875 0.4375
13.875 76.125 0.35849
13.875 76.375 1.4863
13.875 76.625 2.0463
13.875 76.875 1.9845
13.875 77.125 1.3427
13.875 77.375 1.1588
13.875 77.625 1.0135
13.875 77.875 1.3013
13.875 78.125 2.1187
13.875 78.375 1.9754
13.875 78.625 1.041
13.875 78.875 0.86363
13.875 79.125 0.7063
13.875 79.375 0.59924
13.875 79.625 0.63503
13.875 79.875 0.6896
14.125 74.625 -1.0352
14.125 74.875 -0.70817
14.125 75.125 -0.33057
14.125 75.375 0.91793
14.125 75.625 -0.12429
14.125 75.875 0.6711
14.125 76.125 0.17981
14.125 76.375 0.43443
14.125 76.625 1.016
14.125 76.875 1.8549
14.125 77.125 1.0897
14.125 77.375 1.4546
14.125 77.625 1.0851
14.125 77.875 1.5138
14.125 78.125 1.4687
14.125 78.375 1.6104
14.125 78.625 2.011
14.125 78.875 1.714
14.125 79.125 0.75071
14.125 79.375 0.691
14.125 79.625 0.65356
14.125 79.875 0.77603
14.375 74.625 -0.90342
14.375 74.875 -0.45924
14.375 75.125 -0.34191
14.375 75.375 -0.20309
14.375 75.625 0.21456
14.375 75.875 1.0409
14.375 76.125 0.7108
14.375 76.375 0.47038
14.375 76.625 1.1478
14.375 76.875 1.8703
14.375 77.125 0.94939
14.375 77.375 1.6341
14.375 77.625 1.2505
14.375 77.875 1.5218
14.375 78.125 1.6796
14.375 78.375 2.3877
14.375 78.625 1.2315
14.375 78.875 0.84667
14.375 79.125 1.147
14.375 79.375 1.259
14.375 79.625 0.95325
14.375 79.875 1.2405
14.625 74.375 NaN
14.625 74.625 -1.028
14.625 74.875 -1.0831
14.625 75.125 -0.55765
14.625 75.375 0.18948
14.625 75.625 0.33466
14.625 75.875 0.84644
14.625 76.125 0.94374
14.625 76.375 1.0825
14.625 76.625 1.1164
14.625 76.875 0.98058
14.625 77.125 1.2527
14.625 77.375 1.7705
14.625 77.625 0.91363
14.625 77.875 0.96003
14.625 78.125 1.5548
14.625 78.375 1.573
14.625 78.625 0.7729
14.625 78.875 0.64667
14.625 79.125 0.90782
14.625 79.375 1.507
14.625 79.625 1.8105
14.625 79.875 1.7991
14.875 74.375 -0.71591
14.875 74.625 -0.95449
14.875 74.875 -0.52654
14.875 75.125 0.018373
14.875 75.375 -0.16133
14.875 75.625 0.27588
14.875 75.875 1.1417
14.875 76.125 0.12773
14.875 76.375 0.057808
14.875 76.625 0.73565
14.875 76.875 0.8962
14.875 77.125 1.5354
14.875 77.375 1.6362
14.875 77.625 0.29434
14.875 77.875 0.37363
14.875 78.125 1.3335
14.875 78.375 0.81521
14.875 78.625 0.13136
14.875 78.875 0.30517
14.875 79.125 0.71203
14.875 79.375 1.9791
14.875 79.625 2.0964
14.875 79.875 2.0913
15.125 74.125 -0.44862
15.125 74.375 -0.008325
15.125 74.625 -0.12967
15.125 74.875 0.34445
15.125 75.125 0.594
15.125 75.375 0.6902
15.125 75.625 0.55037
15.125 75.875 1.0935
15.125 76.125 0.77002
15.125 76.375 0.54983
15.125 76.625 0.76375
15.125 76.875 0.54115
15.125 77.125 0.55483
15.125 77.375 0.12101
15.125 77.625 0.16967
15.125 77.875 0.44466
15.125 78.125 0.56025
15.125 78.375 0.56664
15.125 78.625 0.2045
15.125 78.875 0.12396
15.125 79.125 0.21159
15.125 79.375 2.2216
15.125 79.625 2.6123
15.125 79.875 1.5005
15.375 73.875 -0.90274
15.375 74.125 -0.3063
15.375 74.375 0.06456
15.375 74.625 -0.0092847
15.375 74.875 0.56595
15.375 75.125 0.19097
15.375 75.375 0.60386
15.375 75.625 0.2485
15.375 75.875 0.53143
15.375 76.125 0.2938
15.375 76.375 0.73487
15.375 76.625 0.062479
15.375 76.875 0.23734
15.375 77.125 0.38556
15.375 77.375 -0.056496
15.375 77.625 -0.16087
15.375 77.875 0.25706
15.375 78.125 0.31558
15.375 78.375 0.31666
15.375 78.625 0.21817
15.375 78.875 0.4088
15.375 79.125 0.28532
15.375 79.375 0.99552
15.375 79.625 0.35906
15.375 79.875 0.40874
15.625 73.875 -0.70213
15.625 74.125 -0.6261
15.625 74.375 -1.1163
15.625 74.625 0.76661
15.625 74.875 0.65927
15.625 75.125 0.40409
15.625 75.375 0.64124
15.625 75.625 0.13111
15.625 75.875 0.48131
15.625 76.125 0.2734
15.625 76.375 -0.10119
15.625 76.625 -0.01669
15.625 76.875 0.054181
15.625 77.125 0.1877
15.625 77.375 -0.25894
15.625 77.625 0.024081
15.625 77.875 0.070557
15.625 78.125 0.52779
15.625 78.375 0.21535
15.625 78.625 -0.4866
15.625 78.875 0.9246
15.625 79.125 0.51076
15.625 79.375 1.0115
15.625 79.625 0.68969
15.625 79.875 0.55514
15.625 80.125 0.1655
15.875 73.875 0.11439
15.875 74.125 -0.26075
15.875 74.375 -0.27211
15.875 74.625 1.4226
15.875 74.875 1.1839
15.875 75.125 1.16
15.875 75.375 1.754
15.875 75.625 0.71419
15.875 75.875 -0.15683
15.875 76.125 0.69862
15.875 76.375 0.35524
15.875 76.625 0.47414
15.875 76.875 0.44606
15.875 77.125 -0.12651
15.875 77.375 -0.042777
15.875 77.625 -0.0096262
15.875 77.875 0.4128
15.875 78.125 0.21185
15.875 78.375 0.23885
15.875 78.625 0.46858
15.875 78.875 1.1833
15.875 79.125 1.2695
15.875 79.375 1.4297
15.875 79.625 2.3002
15.875 79.875 1.1041
15.875 80.125 0.31417
15.875 80.375 0.19757
15.875 80.625 NaN
15.875 80.875 0.65568
16.125 73.625 -0.069605
16.125 73.875 -0.26894
16.125 74.125 -0.50584
16.125 74.375 0.44135
16.125 74.625 1.8607
16.125 74.875 1.1166
16.125 75.125 0.77961
16.125 75.375 0.67204
16.125 75.625 0.38441
16.125 75.875 -0.50069
16.125 76.125 0.41795
16.125 76.375 -0.044699
16.125 76.625 0.048675
16.125 76.875 0.65269
16.125 77.125 0.4351
16.125 77.375 0.49917
16.125 77.625 0.41882
16.125 77.875 0.56938
16.125 78.125 0.15748
16.125 78.375 0.25982
16.125 78.625 0.36883
16.125 78.875 1.0401
16.125 79.125 1.2765
16.125 79.375 2.3394
16.125 79.625 2.5114
16.125 79.875 0.55512
16.125 80.125 0.37651
16.125 80.375 0.21348
16.125 80.625 1.8059
16.125 80.875 0.76609
16.375 73.625 0.29946
16.375 73.875 -0.15587
16.375 74.125 0.68694
16.375 74.375 0.85875
16.375 74.625 2.0589
16.375 74.875 0.67535
16.375 75.125 0.78336
16.375 75.375 0.53399
16.375 75.625 0.27492
16.375 75.875 0.0016709
16.375 76.125 0.58449
16.375 76.375 -0.010073
16.375 76.625 -0.0096753
16.375 76.875 0.52091
16.375 77.125 0.26151
16.375 77.375 0.98337
16.375 77.625 0.68923
16.375 77.875 -0.18465
16.375 78.125 0.44086
16.375 78.375 0.70404
16.375 78.625 0.56191
16.375 78.875 -0.096959
16.375 79.125 1.4924
16.375 79.375 0.74938
16.375 79.625 0.39263
16.375 79.875 0.41326
16.375 80.125 0.6711
16.375 80.375 0.059547
16.375 80.625 2.744
16.375 80.875 1.8312
16.375 81.125 1.916
16.375 81.375 NaN
16.375 81.625 NaN
16.625 73.625 0.43843
16.625 73.875 0.53208
16.625 74.125 0.17582
16.625 74.375 0.45231
16.625 74.625 0.33803
16.625 74.875 0.33428
16.625 75.125 0.40076
16.625 75.375 0.27571
16.625 75.625 0.47357
16.625 75.875 0.43259
16.625 76.125 1.0745
16.625 76.375 0.79161
16.625 76.625 0.59702
16.625 76.875 0.32092
16.625 77.125 0.48404
16.625 77.375 0.82875
16.625 77.625 0.93189
16.625 77.875 0.62794
16.625 78.125 1.3094
16.625 78.375 1.2666
16.625 78.625 0.74776
16.625 78.875 -0.27495
16.625 79.125 -0.70753
16.625 79.375 -0.078788
16.625 79.625 0.43248
16.625 79.875 0.19628
16.625 80.125 0.56504
16.625 80.375 1.831
16.625 80.625 2.1241
16.625 80.875 0.96793
16.625 81.125 0.34975
16.625 81.375 0.23112
16.625 81.625 1.3734
16.625 81.875 2.0064
16.625 82.125 2.0035
16.875 73.375 0.2913
16.875 73.625 0.69246
16.875 73.875 0.5331
16.875 74.125 -1.3665
16.875 74.375 -0.09125
16.875 74.625 0.39624
16.875 74.875 0.32006
16.875 75.125 0.44961
16.875 75.375 1.0063
16.875 75.625 0.39485
16.875 75.875 0.42439
16.875 76.125 0.5108
16.875 76.375 -0.12714
16.875 76.625 0.16097
16.875 76.875 0.25264
16.875 77.125 0.52866
16.875 77.375 1.1181
16.875 77.625 0.56327
16.875 77.875 1.1383
16.875 78.125 0.76176
16.875 78.375 0.68348
16.875 78.625 1.4399
16.875 78.875 0.26569
16.875 79.125 -0.46816
16.875 79.375 -0.21849
16.875 79.625 -0.47694
16.875 79.875 0.2331
16.875 80.125 1.0571
16.875 80.375 2.0486
16.875 80.625 2.045
16.875 80.875 1.6217
16.875 81.125 0.52241
16.875 81.375 0.1754
16.875 81.625 0.60637
16.875 81.875 1.0589
16.875 82.125 1.2771
17.125 73.375 0.13641
17.125 73.625 0.29184
17.125 73.875 -0.32906
17.125 74.125 -0.63275
17.125 74.375 -0.27017
17.125 74.625 0.21741
17.125 74.875 -0.062544
17.125 75.125 -0.042586
17.125 75.375 0.34622
17.125 75.625 0.4878
17.125 75.875 -0.068749
17.125 76.125 0.31524
17.125 76.375 0.34653
17.125 76.625 0.60232
17.125 76.875 0.080852
17.125 77.125 0.27008
17.125 77.375 0.99138
17.125 77.625 0.90425
17.125 77.875 1.2349
17.125 78.125 0.47333
17.125 78.375 0.42906
17.125 78.625 0.18598
17.125 78.875 0.76418
17.125 79.125 0.9737
17.125 79.375 0.50694
17.125 79.625 0.36535
17.125 79.875 0.44109
17.125 80.125 1.5639
17.125 80.375 1.5022
17.125 80.625 1.7334
17.125 80.875 1.7563
17.125 81.125 1.432
17.125 81.375 1.6676
17.125 81.625 1.3819
17.125 81.875 1.2678
17.125 82.125 0.99048
17.125 82.375 0.90585
17.375 73.375 0.077877
17.375 73.625 0.43105
17.375 73.875 0.29101
17.375 74.125 0.20482
17.375 74.375 -0.052538
17.375 74.625 0.11967
17.375 74.875 -0.32743
17.375 75.125 -0.24351
17.375 75.375 -0.00034628
17.375 75.625 -0.15304
17.375 75.875 -0.86791
17.375 76.125 0.21808
17.375 76.375 0.98364
17.375 76.625 1.6085
17.375 76.875 0.48967
17.375 77.125 0.15851
17.375 77.375 1.4949
17.375 77.625 1.8544
17.375 77.875 0.38069
17.375 78.125 1.4536
17.375 78.375 0.99005
17.375 78.625 0.32291
17.375 78.875 1.5732
17.375 79.125 2.4097
17.375 79.375 1.4854
17.375 79.625 0.9609
17.375 79.875 0.7489
17.375 80.125 1.8043
17.375 80.375 1.4706
17.375 80.625 1.3327
17.375 80.875 1.4426
17.375 81.125 1.2668
17.375 81.375 1.4504
17.375 81.625 1.2861
17.375 81.875 1.1151
17.375 82.125 1.0666
17.375 82.375 2.5347
17.375 82.625 NaN
17.625 73.375 0.33496
17.625 73.625 0.055035
17.625 73.875 0.26153
17.625 74.125 0.43683
17.625 74.375 0.0077337
17.625 74.625 0.0061549
17.625 74.875 -0.1522
17.625 75.125 -0.17572
17.625 75.375 0.34814
17.625 75.625 0.064677
17.625 75.875 -0.46675
17.625 76.125 0.6699
17.625 76.375 1.0007
17.625 76.625 2.7098
17.625 76.875 1.2756
17.625 77.125 1.4581
17.625 77.375 1.3048
17.625 77.625 1.8407
17.625 77.875 0.017887
17.625 78.125 0.55042
17.625 78.375 0.64737
17.625 78.625 0.95205
17.625 78.875 1.1788
17.625 79.125 0.92803
17.625 79.375 1.0379
17.625 79.625 2.227
17.625 79.875 1.2496
17.625 80.125 1.34
17.625 80.375 2.441
17.625 80.625 1.9101
17.625 80.875 1.6532
17.625 81.125 1.4596
17.625 81.375 2.324
17.625 81.625 1.1402
17.625 81.875 0.54218
17.625 82.125 0.63246
17.625 82.375 0.85704
17.625 82.625 0.94712
17.625 82.875 0.93744
17.625 83.125 0.70683
17.875 73.375 0.32821
17.875 73.625 -0.1827
17.875 73.875 0.052924
17.875 74.125 0.18882
17.875 74.375 0.053826
17.875 74.625 0.065707
17.875 74.875 0.064212
17.875 75.125 -0.017966
17.875 75.375 0.056497
17.875 75.625 0.35597
17.875 75.875 0.39463
17.875 76.125 0.54078
17.875 76.375 1.681
17.875 76.625 2.1242
17.875 76.875 1.146
17.875 77.125 1.3515
17.875 77.375 0.68551
17.875 77.625 0.75472
17.875 77.875 0.89984
17.875 78.125 1.4302
17.875 78.375 0.99811
17.875 78.625 1.8684
17.875 78.875 1.45
17.875 79.125 0.93741
17.875 79.375 0.41008
17.875 79.625 1.0262
17.875 79.875 2.1097
17.875 80.125 1.841
17.875 80.375 1.7507
17.875 80.625 2.4669
17.875 80.875 3.2203
17.875 81.125 3.736
17.875 81.375 3.2983
17.875 81.625 1.4619
17.875 81.875 0.57221
17.875 82.125 0.47095
17.875 82.375 0.5346
17.875 82.625 1.9187
17.875 82.875 1.5534
17.875 83.125 0.85179
17.875 83.375 0.73919
18.125 73.125 NaN
18.125 73.375 0.4219
18.125 73.625 0.12073
18.125 73.875 0.24795
18.125 74.125 0.058892
18.125 74.375 0.07082
18.125 74.625 0.26324
18.125 74.875 0.28842
18.125 75.125 0.91055
18.125 75.375 -0.40651
18.125 75.625 0.29273
18.125 75.875 0.15058
18.125 76.125 0.91783
18.125 76.375 1.1
18.125 76.625 1.8894
18.125 76.875 1.8529
18.125 77.125 2.6775
18.125 77.375 1.2944
18.125 77.625 1.016
18.125 77.875 0.87558
18.125 78.125 1.9346
18.125 78.375 0.99816
18.125 78.625 1.0687
18.125 78.875 1.31
18.125 79.125 1.2365
18.125 79.375 1.2388
18.125 79.625 1.6455
18.125 79.875 1.9395
18.125 80.125 1.4351
18.125 80.375 1.8673
18.125 80.625 2.5686
18.125 80.875 3.5852
18.125 81.125 4.0573
18.125 81.375 2.1833
18.125 81.625 1.745
18.125 81.875 0.97434
18.125 82.125 1.058
18.125 82.375 0.73235
18.125 82.625 1.0214
18.125 82.875 0.97729
18.125 83.125 1.0215
18.125 83.375 1.858
18.125 83.625 1.8479
18.375 73.125 0.31158
18.375 73.375 1.4616
18.375 73.625 1.1428
18.375 73.875 0.53044
18.375 74.125 0.0020897
18.375 74.375 -0.15064
18.375 74.625 0.4302
18.375 74.875 0.57505
18.375 75.125 0.52303
18.375 75.375 0.65358
18.375 75.625 0.10603
18.375 75.875 0.061189
18.375 76.125 0.36217
18.375 76.375 0.25405
18.375 76.625 0.33689
18.375 76.875 1.1318
18.375 77.125 0.7389
18.375 77.375 0.73775
18.375 77.625 0.4691
18.375 77.875 0.76123
18.375 78.125 0.8869
18.375 78.375 0.97444
18.375 78.625 2.223
18.375 78.875 1.4133
18.375 79.125 0.13044
18.375 79.375 0.62451
18.375 79.625 1.2123
18.375 79.875 1.4412
18.375 80.125 0.88035
18.375 80.375 1.9479
18.375 80.625 1.8321
18.375 80.875 0.94161
18.375 81.125 1.9517
18.375 81.375 1.866
18.375 81.625 1.7657
18.375 81.875 2.0745
18.375 82.125 3.0914
18.375 82.375 2.3904
18.375 82.625 1.7379
18.375 82.875 1.4525
18.375 83.125 1.6214
18.375 83.375 0.76525
18.375 83.625 0.86084
18.375 83.875 0.88719
18.625 73.125 1.8743
18.625 73.375 1.5481
18.625 73.625 0.24851
18.625 73.875 0.36084
18.625 74.125 0.33256
18.625 74.375 0.16918
18.625 74.625 0.62654
18.625 74.875 1.6141
18.625 75.125 0.5288
18.625 75.375 0.46537
18.625 75.625 0.42489
18.625 75.875 0.30082
18.625 76.125 -0.063541
18.625 76.375 -0.27158
18.625 76.625 0.093752
18.625 76.875 -0.28516
18.625 77.125 0.094664
18.625 77.375 0.1492
18.625 77.625 1.5587
18.625 77.875 0.66968
18.625 78.125 0.5107
18.625 78.375 0.82295
18.625 78.625 0.83972
18.625 78.875 1.3264
18.625 79.125 0.6308
18.625 79.375 0.31196
18.625 79.625 0.81176
18.625 79.875 0.61299
18.625 80.125 0.74816
18.625 80.375 1.6269
18.625 80.625 1.7382
18.625 80.875 1.1875
18.625 81.125 1.5607
18.625 81.375 1.8348
18.625 81.625 2.1443
18.625 81.875 2.5164
18.625 82.125 2.6353
18.625 82.375 2.5555
18.625 82.625 2.1299
18.625 82.875 1.92
18.625 83.125 1.9624
18.625 83.375 1.9937
18.625 83.625 1.9896
18.625 83.875 1.9133
18.625 84.125 1.9241
18.875 73.125 1.8568
18.875 73.375 1.0161
18.875 73.625 2.0315
18.875 73.875 0.96849
18.875 74.125 0.54202
18.875 74.375 2.1599
18.875 74.625 0.43408
18.875 74.875 0.71622
18.875 75.125 0.39309
18.875 75.375 0.75976
18.875 75.625 0.80576
18.875 75.875 -0.11546
18.875 76.125 0.41343
18.875 76.375 0.14811
18.875 76.625 0.50979
18.875 76.875 -0.22284
18.875 77.125 -0.086283
18.875 77.375 0.19311
18.875 77.625 1.6204
18.875 77.875 1.3116
18.875 78.125 1.0766
18.875 78.375 1.235
18.875 78.625 0.99118
18.875 78.875 0.62652
18.875 79.125 0.62644
18.875 79.375 0.94085
18.875 79.625 0.7288
18.875 79.875 0.83304
18.875 80.125 1.0486
18.875 80.375 1.6919
18.875 80.625 1.0254
18.875 80.875 1.2692
18.875 81.125 1.6609
18.875 81.375 1.7373
18.875 81.625 1.3229
18.875 81.875 2.247
18.875 82.125 1.7058
18.875 82.375 2.0045
18.875 82.625 1.523
18.875 82.875 1.2769
18.875 83.125 1.4269
18.875 83.375 2.2744
18.875 83.625 2.6303
18.875 83.875 2.6726
18.875 84.125 1.9855
18.875 84.375 1.9036
19.125 73.125 0.59299
19.125 73.375 0.83397
19.125 73.625 1.2503
19.125 73.875 1.177
19.125 74.125 1.9067
19.125 74.375 3.1398
19.125 74.625 1.3284
19.125 74.875 0.44168
19.125 75.125 0.67733
19.125 75.375 0.77124
19.125 75.625 0.48309
19.125 75.875 0.085025
19.125 76.125 0.65198
19.125 76.375 0.22237
19.125 76.625 0.096354
19.125 76.875 -0.62372
19.125 77.125 -0.12723
19.125 77.375 0.079986
19.125 77.625 0.47694
19.125 77.875 0.8288
19.125 78.125 1.194
19.125 78.375 0.57456
19.125 78.625 0.46615
19.125 78.875 0.57091
19.125 79.125 0.62234
19.125 79.375 1.2526
19.125 79.625 0.61895
19.125 79.875 0.62222
19.125 80.125 1.3747
19.125 80.375 0.9977
19.125 80.625 0.74817
19.125 80.875 0.6226
19.125 81.125 0.57038
19.125 81.375 0.77349
19.125 81.625 1.5617
19.125 81.875 1.6171
19.125 82.125 2.1403
19.125 82.375 1.3835
19.125 82.625 1.0645
19.125 82.875 0.93346
19.125 83.125 0.84644
19.125 83.375 2.8856
19.125 83.625 2.4764
19.125 83.875 2.1078
19.125 84.125 2.4581
19.125 84.375 2.8233
19.125 84.625 2.6809
19.375 72.875 1.4603
19.375 73.125 0.53598
19.375 73.375 2.1757
19.375 73.625 1.714
19.375 73.875 1.2718
19.375 74.125 1.9162
19.375 74.375 2.9048
19.375 74.625 1.1685
19.375 74.875 1.366
19.375 75.125 1.0163
19.375 75.375 0.40351
19.375 75.625 -0.095948
19.375 75.875 -0.27198
19.375 76.125 -0.289
19.375 76.375 -0.55238
19.375 76.625 -1.0417
19.375 76.875 -0.94241
19.375 77.125 -0.51297
19.375 77.375 -0.28064
19.375 77.625 -0.18723
19.375 77.875 0.51394
19.375 78.125 0.75189
19.375 78.375 0.21712
19.375 78.625 0.66951
19.375 78.875 0.43186
19.375 79.125 0.44804
19.375 79.375 0.3414
19.375 79.625 0.42248
19.375 79.875 0.23535
19.375 80.125 0.63824
19.375 80.375 0.7517
19.375 80.625 0.46317
19.375 80.875 0.29227
19.375 81.125 0.12251
19.375 81.375 0.13457
19.375 81.625 1.2237
19.375 81.875 2.4214
19.375 82.125 3.0287
19.375 82.375 0.35417
19.375 82.625 0.85301
19.375 82.875 1.5634
19.375 83.125 1.0302
19.375 83.375 1.6987
19.375 83.625 1.8344
19.375 83.875 1.5092
19.375 84.125 1.8489
19.375 84.375 0.86608
19.375 84.625 0.79828
19.375 84.875 0.73525
19.625 72.875 1.9671
19.625 73.125 1.9399
19.625 73.375 2.8011
19.625 73.625 2.8838
19.625 73.875 2.3128
19.625 74.125 1.6019
19.625 74.375 1.5131
19.625 74.625 1.3894
19.625 74.875 1.8083
19.625 75.125 1.4996
19.625 75.375 0.15514
19.625 75.625 -0.46399
19.625 75.875 -0.2621
19.625 76.125 -0.34246
19.625 76.375 -0.73411
19.625 76.625 -1.145
19.625 76.875 -0.86182
19.625 77.125 -0.73777
19.625 77.375 0.025145
19.625 77.625 0.31249
19.625 77.875 0.21839
19.625 78.125 0.014877
19.625 78.375 0.062103
19.625 78.625 1.0525
19.625 78.875 0.53923
19.625 79.125 0.074112
19.625 79.375 -0.091108
19.625 79.625 0.37193
19.625 79.875 0.22717
19.625 80.125 0.47113
19.625 80.375 0.72158
19.625 80.625 0.24048
19.625 80.875 0.34242
19.625 81.125 0.27523
19.625 81.375 0.11338
19.625 81.625 1.3477
19.625 81.875 2.3738
19.625 82.125 0.39846
19.625 82.375 1.0129
19.625 82.625 0.27863
19.625 82.875 0.52411
19.625 83.125 0.29432
19.625 83.375 1.5003
19.625 83.625 2.0829
19.625 83.875 1.8277
19.625 84.125 2.0231
19.625 84.375 1.6735
19.625 84.625 2.3024
19.625 84.875 2.5892
19.625 85.125 2.4455
19.625 85.375 -0.46788
19.875 72.875 1.5941
19.875 73.125 1.2387
19.875 73.375 2.0741
19.875 73.625 3.2353
19.875 73.875 1.2392
19.875 74.125 1.4835
19.875 74.375 1.1298
19.875 74.625 1.191
19.875 74.875 1.2046
19.875 75.125 0.94024
19.875 75.375 0.24885
19.875 75.625 -0.023763
19.875 75.875 0.62191
19.875 76.125 0.052476
19.875 76.375 -0.001415
19.875 76.625 0.37489
19.875 76.875 0.41574
19.875 77.125 0.29692
19.875 77.375 0.58505
19.875 77.625 0.95946
19.875 77.875 0.41444
19.875 78.125 0.0037122
19.875 78.375 0.12649
19.875 78.625 0.037129
19.875 78.875 -0.20971
19.875 79.125 0.25
19.875 79.375 0.33707
19.875 79.625 0.28192
19.875 79.875 0.16395
19.875 80.125 0.60093
19.875 80.375 0.96292
19.875 80.625 0.29968
19.875 80.875 0.21895
19.875 81.125 0.50153
19.875 81.375 0.12671
19.875 81.625 0.12636
19.875 81.875 0.27748
19.875 82.125 -0.10305
19.875 82.375 0.58134
19.875 82.625 0.22096
19.875 82.875 0.13633
19.875 83.125 0.37286
19.875 83.375 1.473
19.875 83.625 1.9895
19.875 83.875 1.8569
19.875 84.125 2.7419
19.875 84.375 2.3689
19.875 84.625 2.1185
19.875 84.875 1.7949
19.875 85.125 1.2757
19.875 85.375 -0.32882
19.875 85.625 NaN
19.875 85.875 NaN
19.875 86.125 NaN
20.125 72.875 1.4061
20.125 73.125 1.8043
20.125 73.375 1.2938
20.125 73.625 1.4092
20.125 73.875 1.288
20.125 74.125 1.3459
20.125 74.375 2.4406
20.125 74.625 1.8184
20.125 74.875 2.9989
20.125 75.125 1.8565
20.125 75.375 1.7061
20.125 75.625 0.5266
20.125 75.875 0.96647
20.125 76.125 1.2632
20.125 76.375 0.95575
20.125 76.625 0.18455
20.125 76.875 0.47288
20.125 77.125 1.4636
20.125 77.375 1.4636
20.125 77.625 1.2584
20.125 77.875 0.32355
20.125 78.125 0.36446
20.125 78.375 0.093612
20.125 78.625 -0.020013
20.125 78.875 -0.17228
20.125 79.125 -0.094876
20.125 79.375 -0.37257
20.125 79.625 0.083616
20.125 79.875 0.01898
20.125 80.125 0.31848
20.125 80.375 0.85996
20.125 80.625 0.23676
20.125 80.875 0.3002
20.125 81.125 0.58617
20.125 81.375 0.39916
20.125 81.625 0.90262
20.125 81.875 -0.21473
20.125 82.125 0.26973
20.125 82.375 0.68845
20.125 82.625 -0.008576
20.125 82.875 -0.25379
20.125 83.125 0.30773
20.125 83.375 0.95008
20.125 83.625 1.8379
20.125 83.875 2.7981
20.125 84.125 3.4014
20.125 84.375 1.2353
20.125 84.625 1.6794
20.125 84.875 1.7552
20.125 85.125 1.9032
20.125 85.375 1.7352
20.125 85.625 1.8508
20.125 85.875 0.46313
20.125 86.125 0.57964
20.125 86.375 NaN
20.375 73.125 1.5497
20.375 73.375 1.9179
20.375 73.625 1.7243
20.375 73.875 1.209
20.375 74.125 1.3603
20.375 74.375 0.55495
20.375 74.625 0.7079
20.375 74.875 0.85564
20.375 75.125 0.40659
20.375 75.375 0.44987
20.375 75.625 1.2071
20.375 75.875 2.2564
20.375 76.125 2.4036
20.375 76.375 2.1879
20.375 76.625 0.50344
20.375 76.875 0.77255
20.375 77.125 1.5934
20.375 77.375 1.9788
20.375 77.625 1.6297
20.375 77.875 0.41565
20.375 78.125 0.58002
20.375 78.375 0.36915
20.375 78.625 0.29015
20.375 78.875 -0.055407
20.375 79.125 -0.22826
20.375 79.375 0.28988
20.375 79.625 -0.0049566
20.375 79.875 -0.2413
20.375 80.125 0.20977
20.375 80.375 0.59914
20.375 80.625 0.37291
20.375 80.875 0.54026
20.375 81.125 0.98803
20.375 81.375 0.87994
20.375 81.625 0.64416
20.375 81.875 0.36615
20.375 82.125 0.95471
20.375 82.375 1.4326
20.375 82.625 0.9232
20.375 82.875 0.40098
20.375 83.125 0.42993
20.375 83.375 0.821
20.375 83.625 1.8478
20.375 83.875 1.2972
20.375 84.125 1.0424
20.375 84.375 0.70768
20.375 84.625 1.196
20.375 84.875 1.5052
20.375 85.125 1.0444
20.375 85.375 0.93652
20.375 85.625 2.164
20.375 85.875 1.411
20.375 86.125 0.74343
20.375 86.375 0.21293
20.375 86.625 NaN
20.625 73.125 0.30788
20.625 73.375 2.7604
20.625 73.625 2.3683
20.625 73.875 -0.10849
20.625 74.125 1.4565
20.625 74.375 2.1727
20.625 74.625 1.9944
20.625 74.875 -0.03068
20.625 75.125 0.19134
20.625 75.375 0.24752
20.625 75.625 -0.042927
20.625 75.875 0.47237
20.625 76.125 1.8129
20.625 76.375 2.0667
20.625 76.625 1.6935
20.625 76.875 0.50402
20.625 77.125 0.20055
20.625 77.375 0.91927
20.625 77.625 1.0653
20.625 77.875 0.94048
20.625 78.125 1.0625
20.625 78.375 0.68871
20.625 78.625 0.50777
20.625 78.875 0.24974
20.625 79.125 0.056854
20.625 79.375 -0.26572
20.625 79.625 0.29864
20.625 79.875 0.17858
20.625 80.125 0.45879
20.625 80.375 -0.0060974
20.625 80.625 0.42719
20.625 80.875 0.41789
20.625 81.125 1.4235
20.625 81.375 1.435
20.625 81.625 0.52045
20.625 81.875 0.66484
20.625 82.125 0.61809
20.625 82.375 0.82065
20.625 82.625 0.14353
20.625 82.875 0.33546
20.625 83.125 0.41043
20.625 83.375 1.0302
20.625 83.625 0.10925
20.625 83.875 0.30099
20.625 84.125 0.26277
20.625 84.375 0.24729
20.625 84.625 0.48902
20.625 84.875 0.90562
20.625 85.125 1.3298
20.625 85.375 2.6068
20.625 85.625 0.2571
20.625 85.875 0.56938
20.625 86.125 0.21112
20.625 86.375 0.019356
20.625 86.625 0.15753
20.625 86.875 NaN
20.875 70.625 3.2232
20.875 70.875 3.1821
20.875 71.125 3.2307
20.875 71.375 0.63964
20.875 72.875 0.76143
20.875 73.125 0.26787
20.875 73.375 0.99106
20.875 73.625 1.4473
20.875 73.875 0.70455
20.875 74.125 1.7561
20.875 74.375 2.6416
20.875 74.625 2.0271
20.875 74.875 0.11622
20.875 75.125 0.51796
20.875 75.375 0.58142
20.875 75.625 -0.23003
20.875 75.875 -0.366
20.875 76.125 1.3928
20.875 76.375 3.004
20.875 76.625 2.0609
20.875 76.875 0.95522
20.875 77.125 0.68567
20.875 77.375 0.76018
20.875 77.625 1.0302
20.875 77.875 0.61615
20.875 78.125 0.72391
20.875 78.375 0.83753
20.875 78.625 0.41925
20.875 78.875 0.5224
20.875 79.125 0.54925
20.875 79.375 0.26231
20.875 79.625 0.33375
20.875 79.875 0.55373
20.875 80.125 0.53267
20.875 80.375 0.19319
20.875 80.625 0.14687
20.875 80.875 1.2311
20.875 81.125 2.124
20.875 81.375 0.55719
20.875 81.625 0.58376
20.875 81.875 0.81099
20.875 82.125 0.10093
20.875 82.375 1.2111
20.875 82.625 0.88131
20.875 82.875 1.4748
20.875 83.125 0.37275
20.875 83.375 -0.086866
20.875 83.625 0.60175
20.875 83.875 0.1214
20.875 84.125 -0.078811
20.875 84.375 -0.011781
20.875 84.625 0.31514
20.875 84.875 0.12186
20.875 85.125 1.6577
20.875 85.375 0.95261
20.875 85.625 0.97766
20.875 85.875 0.78844
20.875 86.125 0.61408
20.875 86.375 1.3159
20.875 86.625 1.0745
21.125 70.375 2.3517
21.125 70.625 1.3678
21.125 70.875 1.1134
21.125 71.125 2.6196
21.125 71.375 0.53689
21.125 71.625 NaN
21.125 71.875 NaN
21.125 72.875 0.50317
21.125 73.125 1.106
21.125 73.375 -0.17634
21.125 73.625 -0.021915
21.125 73.875 1.5491
21.125 74.125 1.8149
21.125 74.375 0.36748
21.125 74.625 0.3125
21.125 74.875 0.15684
21.125 75.125 -0.51044
21.125 75.375 0.3835
21.125 75.625 0.41229
21.125 75.875 0.81956
21.125 76.125 2.8679
21.125 76.375 3.5215
21.125 76.625 1.8688
21.125 76.875 0.76789
21.125 77.125 0.67708
21.125 77.375 0.98644
21.125 77.625 1.0696
21.125 77.875 1.0616
21.125 78.125 0.98816
21.125 78.375 0.96434
21.125 78.625 0.52225
21.125 78.875 0.83379
21.125 79.125 0.40913
21.125 79.375 0.67439
21.125 79.625 0.82988
21.125 79.875 0.6891
21.125 80.125 0.23695
21.125 80.375 0.35058
21.125 80.625 0.29733
21.125 80.875 0.56955
21.125 81.125 0.44524
21.125 81.375 -0.31498
21.125 81.625 -0.19766
21.125 81.875 0.22862
21.125 82.125 -0.048531
21.125 82.375 0.70579
21.125 82.625 0.66249
21.125 82.875 0.8016
21.125 83.125 0.21576
21.125 83.375 -0.072985
21.125 83.625 0.66061
21.125 83.875 0.48538
21.125 84.125 -0.10801
21.125 84.375 0.1059
21.125 84.625 -0.37413
21.125 84.875 -0.5627
21.125 85.125 0.072926
21.125 85.375 -0.25512
21.125 85.625 1.1338
21.125 85.875 1.1856
21.125 86.125 1.4382
21.125 86.375 1.4747
21.125 86.625 0.95169
21.375 70.125 2.0128
21.375 70.375 1.4979
21.375 70.625 1.8514
21.375 70.875 2.6335
21.375 71.125 0.42753
21.375 71.375 1.0109
21.375 71.625 1.3989
21.375 71.875 0.33472
21.375 72.875 0.80603
21.375 73.125 1.6574
21.375 73.375 1.5181
21.375 73.625 1.7443
21.375 73.875 1.6216
21.375 74.125 1.0728
21.375 74.375 0.30116
21.375 74.625 0.28623
21.375 74.875 1.5959
21.375 75.125 1.1476
21.375 75.375 1.2194
21.375 75.625 1.1191
21.375 75.875 1.098
21.375 76.125 2.7618
21.375 76.375 2.8745
21.375 76.625 1.8301
21.375 76.875 0.62919
21.375 77.125 0.96249
21.375 77.375 1.7546
21.375 77.625 1.0432
21.375 77.875 0.72692
21.375 78.125 0.67795
21.375 78.375 1.0834
21.375 78.625 1.0294
21.375 78.875 1.1625
21.375 79.125 1.0481
21.375 79.375 0.90617
21.375 79.625 1.1369
21.375 79.875 0.65925
21.375 80.125 -0.55701
21.375 80.375 -0.37843
21.375 80.625 0.035891
21.375 80.875 0.40196
21.375 81.125 0.26722
21.375 81.375 0.24434
21.375 81.625 0.31057
21.375 81.875 0.53022
21.375 82.125 0.55647
21.375 82.375 0.76502
21.375 82.625 0.26156
21.375 82.875 0.22616
21.375 83.125 -0.16048
21.375 83.375 0.13729
21.375 83.625 -0.038474
21.375 83.875 0.38556
21.375 84.125 0.1518
21.375 84.375 -0.24617
21.375 84.625 -0.06722
21.375 84.875 -0.29112
21.375 85.125 -0.44997
21.375 85.375 -0.87253
21.375 85.625 -0.71053
21.375 85.875 -0.14951
21.375 86.125 1.4601
21.375 86.375 0.18587
21.375 86.625 0.97537
21.375 86.875 0.94783
21.625 69.875 1.4058
21.625 70.125 0.25007
21.625 70.375 2.1154
21.625 70.625 3.0819
21.625 70.875 3.1807
21.625 71.125 1.8552
21.625 71.375 1.4586
21.625 71.625 0.63426
21.625 71.875 1.7642
21.625 72.125 1.7933
21.625 72.875 0.16684
21.625 73.125 0.28261
21.625 73.375 0.84227
21.625 73.625 0.89902
21.625 73.875 0.87392
21.625 74.125 0.9814
21.625 74.375 0.60204
21.625 74.625 1.1734
21.625 74.875 1.6949
21.625 75.125 1.0664
21.625 75.375 1.0152
21.625 75.625 1.2188
21.625 75.875 0.70061
21.625 76.125 0.92455
21.625 76.375 0.6004
21.625 76.625 0.68876
21.625 76.875 0.85127
21.625 77.125 1.2939
21.625 77.375 1.6955
21.625 77.625 0.6753
21.625 77.875 0.92212
21.625 78.125 0.8799
21.625 78.375 0.95245
21.625 78.625 0.93181
21.625 78.875 0.9617
21.625 79.125 0.40243
21.625 79.375 0.5976
21.625 79.625 1.022
21.625 79.875 0.26721
21.625 80.125 -0.33648
21.625 80.375 0.81468
21.625 80.625 0.54482
21.625 80.875 0.31942
21.625 81.125 0.28242
21.625 81.375 0.61406
21.625 81.625 0.71903
21.625 81.875 0.80739
21.625 82.125 1.4885
21.625 82.375 1.1402
21.625 82.625 0.22194
21.625 82.875 NaN
21.625 83.125 0.47316
21.625 83.375 -0.22247
21.625 83.625 -0.0024846
21.625 83.875 0.1291
21.625 84.125 0.16658
21.625 84.375 -0.10283
21.625 84.625 -0.073465
21.625 84.875 0.34546
21.625 85.125 -0.87613
21.625 85.375 -0.78659
21.625 85.625 -0.62227
21.625 85.875 -0.35259
21.625 86.125 0.18559
21.625 86.375 -0.1096
21.625 86.625 1.0635
21.625 86.875 -0.52404
21.625 87.125 -0.5497
21.625 87.375 NaN
21.875 69.375 NaN
21.875 69.625 1.5639
21.875 69.875 1.9318
21.875 70.125 0.23686
21.875 70.375 1.9272
21.875 70.625 1.9364
21.875 70.875 2.0443
21.875 71.125 1.6434
21.875 71.375 2.2191
21.875 71.625 1.7367
21.875 71.875 1.4749
21.875 72.125 1.4184
21.875 72.625 NaN
21.875 72.875 0.21469
21.875 73.125 0.046472
21.875 73.375 0.15368
21.875 73.625 0.54021
21.875 73.875 0.82812
21.875 74.125 0.48656
21.875 74.375 0.73178
21.875 74.625 1.5857
21.875 74.875 1.7116
21.875 75.125 0.0027628
21.875 75.375 0.25791
21.875 75.625 1.2012
21.875 75.875 0.7198
21.875 76.125 0.66115
21.875 76.375 0.68201
21.875 76.625 0.54657
21.875 76.875 0.31182
21.875 77.125 1.1524
21.875 77.375 1.4998
21.875 77.625 0.76434
21.875 77.875 0.78768
21.875 78.125 0.76571
21.875 78.375 0.78318
21.875 78.625 0.49224
21.875 78.875 0.47662
21.875 79.125 0.14372
21.875 79.375 0.51532
21.875 79.625 0.47008
21.875 79.875 0.34059
21.875 80.125 1.4504
21.875 80.375 1.3133
21.875 80.625 1.2118
21.875 80.875 0.58779
21.875 81.125 1.0642
21.875 81.375 1.3454
21.875 81.625 2.0765
21.875 81.875 2.0808
21.875 82.125 0.73592
21.875 82.375 0.84823
21.875 82.625 0.087692
21.875 82.875 0.018798
21.875 83.125 0.34832
21.875 83.375 0.71343
21.875 83.625 -0.41883
21.875 83.875 0.16334
21.875 84.125 -0.24023
21.875 84.375 -0.20926
21.875 84.625 -0.11334
21.875 84.875 0.22341
21.875 85.125 -0.093667
21.875 85.375 -0.27846
21.875 85.625 -0.6478
21.875 85.875 -0.16446
21.875 86.125 -0.45709
21.875 86.375 -0.60307
21.875 86.625 0.18447
21.875 86.875 -0.39496
21.875 87.125 -0.092297
21.875 87.375 -0.26618
21.875 87.625 -0.24399
21.875 87.875 -0.75436
21.875 88.375 -0.84617
21.875 88.625 NaN
21.875 88.875 NaN
22.125 69.125 1.1908
22.125 69.375 2.2986
22.125 69.625 1.7038
22.125 69.875 0.52396
22.125 70.125 0.068501
22.125 70.375 0.37322
22.125 70.625 3.8844
22.125 70.875 1.1951
22.125 71.125 1.656
22.125 71.375 3.9783
22.125 71.625 3.4323
22.125 71.875 0.37462
22.125 72.125 0.14881
22.125 72.625 NaN
22.125 72.875 0.2397
22.125 73.125 0.062773
22.125 73.375 0.21336
22.125 73.625 0.47181
22.125 73.875 0.26228
22.125 74.125 -0.065588
22.125 74.375 0.074365
22.125 74.625 0.63917
22.125 74.875 0.34865
22.125 75.125 -0.30335
22.125 75.375 -0.55915
22.125 75.625 0.099136
22.125 75.875 0.42704
22.125 76.125 0.60166
22.125 76.375 0.84749
22.125 76.625 0.74274
22.125 76.875 0.70278
22.125 77.125 0.91559
22.125 77.375 1.2256
22.125 77.625 1.2111
22.125 77.875 0.80833
22.125 78.125 0.36467
22.125 78.375 0.14701
22.125 78.625 0.0070316
22.125 78.875 0.047795
22.125 79.125 0.44955
22.125 79.375 -0.085824
22.125 79.625 0.12696
22.125 79.875 0.41309
22.125 80.125 1.0959
22.125 80.375 1.4553
22.125 80.625 1.0951
22.125 80.875 0.60121
22.125 81.125 0.8008
22.125 81.375 1.0765
22.125 81.625 0.52921
22.125 81.875 0.85999
22.125 82.125 0.096114
22.125 82.375 -0.010998
22.125 82.625 0.35781
22.125 82.875 -0.2523
22.125 83.125 -0.29322
22.125 83.375 -0.28786
22.125 83.625 -0.65184
22.125 83.875 -0.65274
22.125 84.125 0.05158
22.125 84.375 -0.12632
22.125 84.625 0.03667
22.125 84.875 0.39728
22.125 85.125 -0.18967
22.125 85.375 -0.21242
22.125 85.625 -0.3063
22.125 85.875 -0.21458
22.125 86.125 -0.25598
22.125 86.375 0.14298
22.125 86.625 0.29913
22.125 86.875 0.33419
22.125 87.125 0.29999
22.125 87.375 -0.79591
22.125 87.625 -0.63185
22.125 87.875 -0.69773
22.125 88.125 -0.9016
22.125 88.375 -0.80616
22.125 92.875 NaN
22.375 69.125 0.84732
22.375 69.875 0.53841
22.375 70.125 0.3328
22.375 70.375 0.20851
22.375 70.625 0.7775
22.375 70.875 0.31569
22.375 71.125 0.2023
22.375 71.375 0.68665
22.375 71.625 0.83703
22.375 71.875 0.87197
22.375 72.125 0.081194
22.375 72.625 NaN
22.375 72.875 -0.19898
22.375 73.125 -0.15056
22.375 73.375 -0.048756
22.375 73.625 0.59214
22.375 73.875 -0.51624
22.375 74.125 -0.1087
22.375 74.375 -0.073548
22.375 74.625 -0.1419
22.375 74.875 -0.13477
22.375 75.125 -0.12219
22.375 75.375 0.26556
22.375 75.625 0.28874
22.375 75.875 1.0995
22.375 76.125 1.4797
22.375 76.375 1.9227
22.375 76.625 1.5578
22.375 76.875 0.79177
22.375 77.125 0.6352
22.375 77.375 0.97127
22.375 77.625 1.0562
22.375 77.875 0.885
22.375 78.125 0.29817
22.375 78.375 0.20994
22.375 78.625 0.021523
22.375 78.875 0.031136
22.375 79.125 0.63623
22.375 79.375 0.5733
22.375 79.625 0.72316
22.375 79.875 -0.018099
22.375 80.125 0.1786
22.375 80.375 0.83704
22.375 80.625 0.70232
22.375 80.875 0.57519
22.375 81.125 1.1249
22.375 81.375 1.2937
22.375 81.625 0.3038
22.375 81.875 -0.022152
22.375 82.125 0.035785
22.375 82.375 0.0059952
22.375 82.625 0.12299
22.375 82.875 0.15509
22.375 83.125 -0.043632
22.375 83.375 -0.39906
22.375 83.625 -0.45489
22.375 83.875 -0.31723
22.375 84.125 0.055832
22.375 84.375 -0.098322
22.375 84.625 -0.28451
22.375 84.875 -0.02248
22.375 85.125 -0.39386
22.375 85.375 -0.6555
22.375 85.625 -0.41649
22.375 85.875 0.033835
22.375 86.125 0.3432
22.375 86.375 0.42566
22.375 86.625 -0.13216
22.375 86.875 0.213
22.375 87.125 0.22007
22.375 87.375 -0.87855
22.375 87.625 -1.1871
22.375 87.875 -1.008
22.375 88.125 -0.92701
22.375 88.375 -0.62726
22.375 88.625 -0.63842
22.375 88.875 -0.68256
22.375 92.875 1.8266
22.625 70.375 0.82652
22.625 70.625 0.67292
22.625 70.875 0.56826
22.625 71.125 0.47436
22.625 71.375 0.34067
22.625 71.625 1.084
22.625 71.875 0.6219
22.625 72.125 -0.40072
22.625 72.375 1.1267
22.625 72.625 0.41723
22.625 72.875 -0.15727
22.625 73.125 -0.64622
22.625 73.375 0.1797
22.625 73.625 -0.29326
22.625 73.875 -0.0042418
22.625 74.125 0.17509
22.625 74.375 -0.15378
22.625 74.625 -0.13711
22.625 74.875 -0.0713
22.625 75.125 -0.028501
22.625 75.375 0.21384
22.625 75.625 0.44258
22.625 75.875 1.3407
22.625 76.125 1.4302
22.625 76.375 2.0914
22.625 76.625 2.0472
22.625 76.875 0.71174
22.625 77.125 0.5003
22.625 77.375 0.75337
22.625 77.625 1.0011
22.625 77.875 1.1178
22.625 78.125 0.73278
22.625 78.375 0.58626
22.625 78.625 0.27514
22.625 78.875 0.009363
22.625 79.125 0.28891
22.625 79.375 0.33747
22.625 79.625 0.78637
22.625 79.875 0.29224
22.625 80.125 -0.062393
22.625 80.375 -0.13412
22.625 80.625 0.1
22.625 80.875 0.43726
22.625 81.125 0.73862
22.625 81.375 1.0915
22.625 81.625 0.38557
22.625 81.875 0.51108
22.625 82.125 0.14213
22.625 82.375 -0.22189
22.625 82.625 0.14858
22.625 82.875 0.15033
22.625 83.125 0.23335
22.625 83.375 -0.27801
22.625 83.625 -0.092868
22.625 83.875 -0.24949
22.625 84.125 -0.14688
22.625 84.375 -0.54891
22.625 84.625 -0.34351
22.625 84.875 0.10102
22.625 85.125 -0.31552
22.625 85.375 -0.50479
22.625 85.625 0.331
22.625 85.875 0.59548
22.625 86.125 0.051895
22.625 86.375 -0.00025793
22.625 86.625 0.22996
22.625 86.875 0.062765
22.625 87.125 -0.042303
22.625 87.375 -0.68227
22.625 87.625 -0.66582
22.625 87.875 -0.82675
22.625 88.125 -0.68159
22.625 88.375 -0.53402
22.625 88.625 -0.57706
22.625 88.875 -0.5839
22.625 92.625 -0.3787
22.625 92.875 0.95505
22.875 69.375 NaN
22.875 69.625 NaN
22.875 69.875 NaN
22.875 70.625 0.63156
22.875 70.875 0.4158
22.875 71.125 0.29732
22.875 71.375 0.038329
22.875 71.625 0.41994
22.875 71.875 -0.082578
22.875 72.125 0.011431
22.875 72.375 0.21074
22.875 72.625 0.90111
22.875 72.875 -0.11219
22.875 73.125 0.028421
22.875 73.375 0.63888
22.875 73.625 0.31343
22.875 73.875 0.61614
22.875 74.125 0.83606
22.875 74.375 0.087053
22.875 74.625 0.0052302
22.875 74.875 0.24959
22.875 75.125 0.38353
22.875 75.375 0.92372
22.875 75.625 1.501
22.875 75.875 0.98671
22.875 76.125 1.2425
22.875 76.375 1.3141
22.875 76.625 1.9687
22.875 76.875 0.9161
22.875 77.125 1.1623
22.875 77.375 1.8669
22.875 77.625 1.3346
22.875 77.875 1.1327
22.875 78.125 1.1911
22.875 78.375 0.48176
22.875 78.625 0.11514
22.875 78.875 -0.030056
22.875 79.125 0.19322
22.875 79.375 -0.01786
22.875 79.625 -0.25718
22.875 79.875 -0.4033
22.875 80.125 -0.29808
22.875 80.375 0.097287
22.875 80.625 0.32566
22.875 80.875 0.53904
22.875 81.125 0.43206
22.875 81.375 0.45034
22.875 81.625 0.44572
22.875 81.875 0.026583
22.875 82.125 -0.49148
22.875 82.375 -0.40911
22.875 82.625 0.0866
22.875 82.875 0.047743
22.875 83.125 0.11164
22.875 83.375 0.19525
22.875 83.625 0.057798
22.875 83.875 0.066056
22.875 84.125 -0.28856
22.875 84.375 -0.71319
22.875 84.625 -0.40994
22.875 84.875 -0.38673
22.875 85.125 0.61908
22.875 85.375 0.30771
22.875 85.625 -0.3335
22.875 85.875 -0.23507
22.875 86.125 -0.60073
22.875 86.375 -0.51677
22.875 86.625 -0.1028
22.875 86.875 0.053173
22.875 87.125 -0.31457
22.875 87.375 -0.70368
22.875 87.625 -0.72951
22.875 87.875 -0.84095
22.875 88.125 -0.79767
22.875 88.375 -0.60779
22.875 88.625 -0.66509
22.875 92.625 -0.19159
22.875 92.875 0.6038
23.125 68.875 1.2942
23.125 69.125 2.4588
23.125 69.375 2.475
23.125 69.625 2.2459
23.125 69.875 3.5891
23.125 70.125 2.3587
23.125 70.875 0.32982
23.125 71.125 -0.1788
23.125 71.375 -0.22503
23.125 71.625 0.86355
23.125 71.875 1.074
23.125 72.125 1.2465
23.125 72.375 0.67464
23.125 72.625 1.279
23.125 72.875 0.89584
23.125 73.125 0.7496
23.125 73.375 0.32177
23.125 73.625 0.40475
23.125 73.875 0.74696
23.125 74.125 1.299
23.125 74.375 0.84434
23.125 74.625 0.42942
23.125 74.875 0.47551
23.125 75.125 0.40476
23.125 75.375 0.44369
23.125 75.625 0.82284
23.125 75.875 0.59277
23.125 76.125 1.2569
23.125 76.375 1.2005
23.125 76.625 1.3144
23.125 76.875 2.0167
23.125 77.125 1.9754
23.125 77.375 2.297
23.125 77.625 1.824
23.125 77.875 1.2518
23.125 78.125 0.9848
23.125 78.375 0.34459
23.125 78.625 -0.10967
23.125 78.875 -0.10707
23.125 79.125 0.12371
23.125 79.375 0.13777
23.125 79.625 -0.61412
23.125 79.875 -0.45534
23.125 80.125 -0.46759
23.125 80.375 -0.031093
23.125 80.625 0.34967
23.125 80.875 0.5304
23.125 81.125 0.23556
23.125 81.375 0.10466
23.125 81.625 0.42671
23.125 81.875 -1.0439
23.125 82.125 0.045288
23.125 82.375 -0.17111
23.125 82.625 0.10463
23.125 82.875 -0.14612
23.125 83.125 -0.47332
23.125 83.375 0.40167
23.125 83.625 0.91934
23.125 83.875 0.50664
23.125 84.125 -0.28377
23.125 84.375 -0.14802
23.125 84.625 -0.20361
23.125 84.875 -0.54541
23.125 85.125 -0.38715
23.125 85.375 0.47539
23.125 85.625 0.50526
23.125 85.875 -0.15341
23.125 86.125 -0.16827
23.125 86.375 -0.014018
23.125 86.625 -0.27801
23.125 86.875 0.04814
23.125 87.125 -0.26973
23.125 87.375 -0.73674
23.125 87.625 -0.70639
23.125 87.875 -1.2701
23.125 88.125 -1.3715
23.125 88.375 -1.1574
23.125 88.625 -1.0023
23.125 91.625 NaN
23.125 92.625 -0.6988
23.125 92.875 -0.51623
23.125 93.125 NaN
23.375 68.875 2.3479
23.375 69.125 2.7331
23.375 69.375 4.0425
23.375 69.625 3.8866
23.375 69.875 3.3033
23.375 70.125 2.5426
23.375 70.375 1.9167
23.375 70.625 1.592
23.375 70.875 0.67449
23.375 71.125 0.99897
23.375 71.375 0.75672
23.375 71.625 0.649
23.375 71.875 2.4807
23.375 72.125 0.73297
23.375 72.375 1.3763
23.375 72.625 1.6367
23.375 72.875 2.1983
23.375 73.125 1.3727
23.375 73.375 1.4534
23.375 73.625 0.70848
23.375 73.875 0.33468
23.375 74.125 0.77833
23.375 74.375 1.1248
23.375 74.625 1.1006
23.375 74.875 1.6627
23.375 75.125 0.86938
23.375 75.375 0.93958
23.375 75.625 0.81939
23.375 75.875 0.67366
23.375 76.125 0.90036
23.375 76.375 1.0539
23.375 76.625 1.964
23.375 76.875 2.722
23.375 77.125 2.4763
23.375 77.375 2.327
23.375 77.625 2.1723
23.375 77.875 1.3422
23.375 78.125 1.6345
23.375 78.375 0.85752
23.375 78.625 0.13732
23.375 78.875 0.18895
23.375 79.125 0.11297
23.375 79.375 -0.031613
23.375 79.625 -0.17058
23.375 79.875 -0.28767
23.375 80.125 -0.5308
23.375 80.375 -0.99457
23.375 80.625 -0.48868
23.375 80.875 0.026678
23.375 81.125 -0.038641
23.375 81.375 -0.10155
23.375 81.625 -0.20611
23.375 81.875 -0.47234
23.375 82.125 -0.54252
23.375 82.375 -0.5574
23.375 82.625 -0.1631
23.375 82.875 0.021913
23.375 83.125 -0.65877
23.375 83.375 -0.35583
23.375 83.625 0.18321
23.375 83.875 0.16575
23.375 84.125 -0.22655
23.375 84.375 -0.044017
23.375 84.625 0.15825
23.375 84.875 -1.0413
23.375 85.125 -0.8048
23.375 85.375 0.68176
23.375 85.625 0.99711
23.375 85.875 -0.089852
23.375 86.125 -0.063758
23.375 86.375 -0.13183
23.375 86.625 -0.41974
23.375 86.875 -0.070016
23.375 87.125 -0.36823
23.375 87.375 -0.75683
23.375 87.625 -0.77658
23.375 87.875 -1.4731
23.375 88.125 -1.4288
23.375 88.375 -1.3533
23.375 88.625 -1.2555
23.375 91.375 -0.88687
23.375 91.625 -0.90113
23.375 92.625 -0.90596
23.375 92.875 -0.77586
23.375 93.125 -0.84269
23.625 68.625 1.6705
23.625 68.875 2.4548
23.625 69.125 3.2653
23.625 69.375 4.927
23.625 69.625 3.9454
23.625 69.875 2.9284
23.625 70.125 2.742
23.625 70.375 2.0097
23.625 70.625 1.7324
23.625 70.875 1.3299
23.625 71.125 1.7971
23.625 71.375 2.8402
23.625 71.625 0.31158
23.625 71.875 0.97732
23.625 72.125 1.5152
23.625 72.375 0.50311
23.625 72.625 1.792
23.625 72.875 1.6474
23.625 73.125 1.1506
23.625 73.375 1.2936
23.625 73.625 1.2361
23.625 73.875 0.53712
23.625 74.125 0.73652
23.625 74.375 1.0603
23.625 74.625 1.6373
23.625 74.875 2.0349
23.625 75.125 1.1073
23.625 75.375 1.1065
23.625 75.625 1.4299
23.625 75.875 1.4624
23.625 76.125 1.2096
23.625 76.375 1.6897
23.625 76.625 2.1686
23.625 76.875 2.2327
23.625 77.125 1.7961
23.625 77.375 1.6499
23.625 77.625 1.198
23.625 77.875 1.4886
23.625 78.125 1.3072
23.625 78.375 0.79824
23.625 78.625 0.75753
23.625 78.875 0.95527
23.625 79.125 0.41022
23.625 79.375 0.88124
23.625 79.625 0.81327
23.625 79.875 0.12977
23.625 80.125 -0.36018
23.625 80.375 -0.98602
23.625 80.625 -0.60439
23.625 80.875 -0.34731
23.625 81.125 -0.3362
23.625 81.375 -0.35673
23.625 81.625 -0.28379
23.625 81.875 -0.15061
23.625 82.125 0.05921
23.625 82.375 -0.25332
23.625 82.625 -0.36696
23.625 82.875 -0.78156
23.625 83.125 -0.70366
23.625 83.375 -0.30049
23.625 83.625 -0.16988
23.625 83.875 0.28218
23.625 84.125 0.34559
23.625 84.375 -0.32021
23.625 84.625 -0.59905
23.625 84.875 -1.0587
23.625 85.125 -0.56207
23.625 85.375 0.049617
23.625 85.625 0.081347
23.625 85.875 0.12173
23.625 86.125 -0.12036
23.625 86.375 -0.8711
23.625 86.625 -0.39056
23.625 86.875 -0.61024
23.625 87.125 -0.84497
23.625 87.375 -0.85604
23.625 87.625 -0.96521
23.625 87.875 -0.8942
23.625 88.125 -1.0744
23.625 88.375 -1.1702
23.625 91.375 -0.79444
23.625 91.625 -0.90515
23.625 91.875 NaN
23.625 92.375 -1.2042
23.625 92.625 -1.0425
23.625 92.875 -1.0422
23.625 93.125 -1.0273
23.875 68.875 2.4567
23.875 69.125 3.3268
23.875 69.375 5.1351
23.875 69.625 3.4892
23.875 69.875 2.8236
23.875 70.125 2.7146
23.875 70.375 1.9776
23.875 70.625 1.3519
23.875 70.875 1.0795
23.875 71.125 1.7238
23.875 71.375 1.2766
23.875 71.625 1.634
23.875 71.875 1.9864
23.875 72.125 2.1102
23.875 72.375 1.0716
23.875 72.625 1.1616
23.875 72.875 0.99375
23.875 73.125 0.96824
23.875 73.375 2.0257
23.875 73.625 1.6091
23.875 73.875 1.6997
23.875 74.125 1.5315
23.875 74.375 1.2061
23.875 74.625 1.4442
23.875 74.875 1.6631
23.875 75.125 1.1809
23.875 75.375 0.82958
23.875 75.625 1.4475
23.875 75.875 1.0336
23.875 76.125 2.0429
23.875 76.375 1.8655
23.875 76.625 1.9885
23.875 76.875 1.8934
23.875 77.125 1.6679
23.875 77.375 1.4647
23.875 77.625 1.7766
23.875 77.875 1.3688
23.875 78.125 1.07
23.875 78.375 1.0517
23.875 78.625 0.91829
23.875 78.875 1.2599
23.875 79.125 0.36091
23.875 79.375 0.49853
23.875 79.625 0.22312
23.875 79.875 -0.15323
23.875 80.125 -0.34203
23.875 80.375 -0.66052
23.875 80.625 -0.75119
23.875 80.875 -0.43419
23.875 81.125 -0.20255
23.875 81.375 -0.30416
23.875 81.625 -0.26296
23.875 81.875 0.15137
23.875 82.125 0.37507
23.875 82.375 0.094251
23.875 82.625 -0.31845
23.875 82.875 -0.63712
23.875 83.125 -0.81169
23.875 83.375 -0.68034
23.875 83.625 -0.38334
23.875 83.875 -0.11114
23.875 84.125 -0.85435
23.875 84.375 -0.53094
23.875 84.625 -0.34059
23.875 84.875 0.023079
23.875 85.125 -0.2267
23.875 85.375 -0.27124
23.875 85.625 -0.12519
23.875 85.875 -0.56587
23.875 86.125 -1.0637
23.875 86.375 -0.56355
23.875 86.625 -0.27054
23.875 86.875 -0.033843
23.875 87.125 -0.65391
23.875 87.375 -0.81322
23.875 87.625 -0.6497
23.875 87.875 -0.53299
23.875 88.125 -0.72781
23.875 88.375 -0.79928
23.875 91.375 -0.73263
23.875 91.625 -0.80582
23.875 91.875 -0.75202
23.875 92.125 -1.0043
23.875 92.375 -1.0639
23.875 92.625 -0.99463
23.875 92.875 -0.91238
23.875 93.125 -0.94326
23.875 93.375 -0.94513
24.125 68.875 2.8012
24.125 69.125 3.5571
24.125 69.375 4.6422
24.125 69.625 3.4501
24.125 69.875 2.608
24.125 70.125 2.1831
24.125 70.375 1.4124
24.125 70.625 1.2067
24.125 70.875 1.1078
24.125 71.125 1.07
24.125 71.375 1.5449
24.125 71.625 1.6742
24.125 71.875 2.0296
24.125 72.125 2.0636
24.125 72.375 1.9807
24.125 72.625 1.8946
24.125 72.875 2.2427
24.125 73.125 1.45
24.125 73.375 1.8252
24.125 73.625 2.3522
24.125 73.875 2.1929
24.125 74.125 1.285
24.125 74.375 0.87884
24.125 74.625 2.2424
24.125 74.875 2.3879
24.125 75.125 1.4717
24.125 75.375 1.4717
24.125 75.625 1.5546
24.125 75.875 0.7116
24.125 76.125 1.1405
24.125 76.375 0.92435
24.125 76.625 0.89183
24.125 76.875 1.3899
24.125 77.125 1.4858
24.125 77.375 1.4596
24.125 77.625 1.4
24.125 77.875 0.96665
24.125 78.125 0.81863
24.125 78.375 0.48199
24.125 78.625 0.49561
24.125 78.875 0.41657
24.125 79.125 0.41793
24.125 79.375 0.38442
24.125 79.625 0.016436
24.125 79.875 -0.044578
24.125 80.125 0.24364
24.125 80.375 -0.67082
24.125 80.625 -0.71082
24.125 80.875 -0.67254
24.125 81.125 -0.16152
24.125 81.375 -0.28799
24.125 81.625 -0.14303
24.125 81.875 0.37926
24.125 82.125 0.19243
24.125 82.375 0.069471
24.125 82.625 -0.25805
24.125 82.875 -0.23144
24.125 83.125 -0.92239
24.125 83.375 -1.2943
24.125 83.625 -1.2084
24.125 83.875 -1.0554
24.125 84.125 -1.1263
24.125 84.375 -0.94003
24.125 84.625 -0.023716
24.125 84.875 0.88493
24.125 85.125 0.19146
24.125 85.375 1.1906
24.125 85.625 0.33715
24.125 85.875 -0.34017
24.125 86.125 -0.7025
24.125 86.375 -0.22266
24.125 86.625 -0.14268
24.125 86.875 0.17329
24.125 87.125 -0.50219
24.125 87.375 -0.63331
24.125 87.625 -0.53368
24.125 87.875 -0.56799
24.125 88.125 -0.54734
24.125 88.375 -0.55986
24.125 91.875 -0.39924
24.125 92.125 -0.51708
24.125 92.375 -0.58805
24.125 92.625 -0.37915
24.125 92.875 -0.56877
24.125 93.125 -0.90823
24.125 93.375 -1.1462
24.125 93.625 -1.2321
24.125 93.875 -1.3586
24.125 94.125 NaN
24.375 71.375 1.7961
24.375 71.625 1.3698
24.375 71.875 1.4788
24.375 72.125 1.8972
24.375 72.375 1.749
24.375 72.625 2.2617
24.375 72.875 2.619
24.375 73.125 3.0165
24.375 73.375 2.1341
24.375 73.625 1.9534
24.375 73.875 1.6454
24.375 74.125 1.1285
24.375 74.375 0.89135
24.375 74.625 1.9311
24.375 74.875 1.7
24.375 75.125 1.8181
24.375 75.375 1.6347
24.375 75.625 1.9474
24.375 75.875 0.98988
24.375 76.125 1.3417
24.375 76.375 0.79411
24.375 76.625 0.91261
24.375 76.875 0.64194
24.375 77.125 1.039
24.375 77.375 1.2252
24.375 77.625 1.6584
24.375 77.875 0.85541
24.375 78.125 0.41409
24.375 78.375 0.15005
24.375 78.625 -0.025947
24.375 78.875 1.0046
24.375 79.125 1.5529
24.375 79.375 1.2968
24.375 79.625 0.87056
24.375 79.875 0.67804
24.375 80.125 1.2515
24.375 80.375 0.8519
24.375 80.625 -0.29365
24.375 80.875 -0.059293
24.375 81.125 0.4003
24.375 81.375 -0.041636
24.375 81.625 -0.14602
24.375 81.875 -0.37311
24.375 82.125 -0.10183
24.375 82.375 -0.020784
24.375 82.625 -0.092
24.375 82.875 -0.2319
24.375 83.125 -0.90565
24.375 83.375 -0.72892
24.375 83.625 -0.58874
24.375 83.875 -0.77241
24.375 84.125 -0.7026
24.375 84.375 -0.4175
24.375 84.625 -0.65193
24.375 84.875 1.1543
24.375 85.125 0.37129
24.375 85.375 0.76364
24.375 85.625 0.026477
24.375 85.875 -0.98988
24.375 86.125 -0.71674
24.375 86.375 -0.53289
24.375 86.625 0.061241
24.375 86.875 -0.5313
24.375 87.125 -0.94224
24.375 87.375 -1.225
24.375 87.625 -0.91622
24.375 87.875 -0.80608
24.375 88.125 -0.8025
24.375 92.375 -0.81225
24.375 92.625 -0.63737
24.375 92.875 -0.63042
24.375 93.125 -0.92221
24.375 93.375 -1.1824
24.375 93.625 -1.3593
24.375 93.875 -1.3958
24.375 94.125 -1.2108
24.625 71.125 1.1158
24.625 71.375 0.90774
24.625 71.625 0.31385
24.625 71.875 1.4027
24.625 72.125 1.3407
24.625 72.375 1.5894
24.625 72.625 1.3731
24.625 72.875 1.929
24.625 73.125 2.327
24.625 73.375 2.5457
24.625 73.625 1.9193
24.625 73.875 1.5906
24.625 74.125 1.5121
24.625 74.375 1.3797
24.625 74.625 1.8365
24.625 74.875 1.9386
24.625 75.125 2.1315
24.625 75.375 2.0999
24.625 75.625 2.6191
24.625 75.875 1.2401
24.625 76.125 1.4772
24.625 76.375 1.0039
24.625 76.625 1.1699
24.625 76.875 0.50723
24.625 77.125 1.1554
24.625 77.375 2.187
24.625 77.625 2.5927
24.625 77.875 1.5125
24.625 78.125 0.39604
24.625 78.375 0.16178
24.625 78.625 -0.18273
24.625 78.875 0.13475
24.625 79.125 1.5791
24.625 79.375 1.5183
24.625 79.625 1.1439
24.625 79.875 0.69365
24.625 80.125 1.848
24.625 80.375 0.67203
24.625 80.625 1.272
24.625 80.875 0.72227
24.625 81.125 0.026868
24.625 81.375 0.40257
24.625 81.625 0.4679
24.625 81.875 0.12764
24.625 82.125 -0.028635
24.625 82.375 0.39499
24.625 82.625 -0.0048805
24.625 82.875 0.11213
24.625 83.125 -0.30471
24.625 83.375 -0.71604
24.625 83.625 -1.1902
24.625 83.875 -0.70229
24.625 84.125 -0.7852
24.625 84.375 -0.84007
24.625 84.625 -0.96895
24.625 84.875 -0.28007
24.625 85.125 -0.48766
24.625 85.375 -0.38017
24.625 85.625 -0.67261
24.625 85.875 -1.8387
24.625 86.125 -0.71872
24.625 86.375 -0.6499
24.625 86.625 -0.86646
24.625 86.875 -0.94534
24.625 87.125 -0.43841
24.625 87.375 -0.89211
24.625 87.625 -0.89721
24.625 87.875 -0.87111
24.625 92.375 -0.73329
24.625 92.625 -0.63591
24.625 92.875 -0.69703
24.625 93.125 -0.92859
24.625 93.375 -1.1196
24.625 93.625 -1.4218
24.625 93.875 -1.3863
24.625 94.125 -1.1062
24.625 94.375 NaN
24.875 71.125 0.38731
24.875 71.375 -0.028252
24.875 71.625 0.060222
24.875 71.875 0.42809
24.875 72.125 0.90655
24.875 72.375 1.012
24.875 72.625 0.96378
24.875 72.875 1.3105
24.875 73.125 0.85486
24.875 73.375 1.6765
24.875 73.625 2.5164
24.875 73.875 1.6642
24.875 74.125 1.7518
24.875 74.375 2.1422
24.875 74.625 1.9979
24.875 74.875 1.7856
24.875 75.125 2.1787
24.875 75.375 2.3629
24.875 75.625 3.5042
24.875 75.875 2.7139
24.875 76.125 1.9939
24.875 76.375 1.6582
24.875 76.625 1.426
24.875 76.875 1.3288
24.875 77.125 1.7324
24.875 77.375 1.9462
24.875 77.625 2.1787
24.875 77.875 0.87974
24.875 78.125 0.77766
24.875 78.375 1.0425
24.875 78.625 0.61656
24.875 78.875 -0.011596
24.875 79.125 -0.20332
24.875 79.375 0.86429
24.875 79.625 1.0936
24.875 79.875 1.1862
24.875 80.125 -0.033912
24.875 80.375 0.16031
24.875 80.625 1.4389
24.875 80.875 1.8157
24.875 81.125 0.60409
24.875 81.375 0.075335
24.875 81.625 -0.22936
24.875 81.875 0.095629
24.875 82.125 -0.22706
24.875 82.375 -0.069018
24.875 82.625 0.88618
24.875 82.875 0.70469
24.875 83.125 0.15386
24.875 83.375 -0.5961
24.875 83.625 -1.383
24.875 83.875 -1.1285
24.875 84.125 -0.75018
24.875 84.375 -1.1843
24.875 84.625 -1.1535
24.875 84.875 -0.051143
24.875 85.125 -0.55543
24.875 85.375 -0.21845
24.875 85.625 -0.22796
24.875 85.875 -0.70467
24.875 86.125 -0.57156
24.875 86.375 -0.64348
24.875 86.625 -0.84962
24.875 86.875 -0.79207
24.875 87.125 -0.73342
24.875 87.375 -0.30965
24.875 87.625 -0.78015
24.875 87.875 -0.78835
24.875 88.125 -0.84217
24.875 92.625 -1.0511
24.875 92.875 -0.56567
24.875 93.125 -0.32843
24.875 93.375 -1.1433
24.875 93.625 -1.2004
24.875 93.875 -1.261
24.875 94.125 -1.1169
24.875 94.375 -1.0216
25.125 71.125 0.44478
25.125 71.375 0.13015
25.125 71.625 0.12363
25.125 71.875 0.014878
25.125 72.125 0.33607
25.125 72.375 0.70027
25.125 72.625 0.59179
25.125 72.875 0.83858
25.125 73.125 0.80832
25.125 73.375 1.7172
25.125 73.625 2.6278
25.125 73.875 2.2809
25.125 74.125 1.9609
25.125 74.375 1.7738
25.125 74.625 1.6683
25.125 74.875 1.4126
25.125 75.125 1.6348
25.125 75.375 1.8489
25.125 75.625 2.3638
25.125 75.875 0.97314
25.125 76.125 1.5797
25.125 76.375 1.8706
25.125 76.625 2.1545
25.125 76.875 1.0641
25.125 77.125 1.7128
25.125 77.375 1.8798
25.125 77.625 1.3277
25.125 77.875 1.2307
25.125 78.125 0.83865
25.125 78.375 1.1642
25.125 78.625 0.64145
25.125 78.875 -0.063534
25.125 79.125 -0.22934
25.125 79.375 -0.42819
25.125 79.625 0.10254
25.125 79.875 2.4486
25.125 80.125 -0.77812
25.125 80.375 0.28145
25.125 80.625 1.3565
25.125 80.875 1.2016
25.125 81.125 -0.053044
25.125 81.375 -0.080455
25.125 81.625 -0.55612
25.125 81.875 0.34089
25.125 82.125 0.55238
25.125 82.375 1.281
25.125 82.625 3.4215
25.125 82.875 -0.087744
25.125 83.125 0.46609
25.125 83.375 0.38562
25.125 83.625 -0.24329
25.125 83.875 -0.80929
25.125 84.125 -0.64219
25.125 84.375 -0.53089
25.125 84.625 -0.61487
25.125 84.875 0.66237
25.125 85.125 -0.64383
25.125 85.375 -0.82492
25.125 85.625 -0.59407
25.125 85.875 -0.087622
25.125 86.125 -0.76462
25.125 86.375 -0.042827
25.125 86.625 -0.17452
25.125 86.875 -0.81624
25.125 87.125 -1.1005
25.125 87.375 -0.60266
25.125 87.625 -0.45944
25.125 87.875 -0.65256
25.125 88.125 -0.77761
25.125 88.375 -0.8785
25.125 92.375 -1.1219
25.125 92.625 -1.1484
25.125 92.875 -0.60085
25.125 93.125 -0.29907
25.125 93.375 -0.79446
25.125 93.625 -0.8487
25.125 93.875 -1.1704
25.125 94.125 -1.1128
25.125 94.375 -1.1234
25.375 70.875 1.6448
25.375 71.125 1.2192
25.375 71.375 0.8763
25.375 71.625 1.8874
25.375 71.875 1.3875
25.375 72.125 0.14894
25.375 72.375 0.38855
25.375 72.625 0.45515
25.375 72.875 0.7559
25.375 73.125 1.2441
25.375 73.375 1.7976
25.375 73.625 1.0189
25.375 73.875 2.0389
25.375 74.125 1.9624
25.375 74.375 1.0891
25.375 74.625 1.678
25.375 74.875 1.4749
25.375 75.125 2.2048
25.375 75.375 2.4829
25.375 75.625 2.7286
25.375 75.875 2.1326
25.375 76.125 2.7294
25.375 76.375 3.4319
25.375 76.625 2.7455
25.375 76.875 2.1914
25.375 77.125 1.6765
25.375 77.375 1.4397
25.375 77.625 1.3129
25.375 77.875 1.0396
25.375 78.125 0.55509
25.375 78.375 0.75884
25.375 78.625 0.055168
25.375 78.875 -1.0054
25.375 79.125 -0.98156
25.375 79.375 -0.72153
25.375 79.625 0.37154
25.375 79.875 1.1028
25.375 80.125 0.30625
25.375 80.375 -0.51335
25.375 80.625 0.69108
25.375 80.875 -0.6716
25.375 81.125 -0.15481
25.375 81.375 0.48692
25.375 81.625 -0.40586
25.375 81.875 -0.24263
25.375 82.125 -0.15142
25.375 82.375 1.4491
25.375 82.625 1.5994
25.375 82.875 1.3457
25.375 83.125 0.13484
25.375 83.375 0.136
25.375 83.625 -0.60508
25.375 83.875 -0.21484
25.375 84.125 -0.59967
25.375 84.375 -0.50592
25.375 84.625 -0.16521
25.375 84.875 -0.3359
25.375 85.125 -0.37694
25.375 85.375 -0.097069
25.375 85.625 0.94307
25.375 85.875 0.86778
25.375 86.125 0.31928
25.375 86.375 -0.33661
25.375 86.625 -0.69142
25.375 86.875 -1.1008
25.375 87.125 -0.59972
25.375 87.375 -0.69403
25.375 87.625 0.32642
25.375 87.875 -0.21419
25.375 88.125 -0.63768
25.375 88.375 -0.97079
25.375 88.625 -1.5557
25.375 90.125 0.97035
25.375 90.375 1.0793
25.375 90.625 0.53063
25.375 90.875 0.23811
25.375 91.125 0.09534
25.375 91.375 0.156
25.375 91.625 -0.35863
25.375 91.875 -0.31947
25.375 92.125 -0.22115
25.375 92.375 -0.17776
25.375 92.625 -0.75619
25.375 92.875 -0.93384
25.375 93.125 -0.82317
25.375 93.375 -0.71179
25.375 93.625 -0.43223
25.375 93.875 -1.151
25.375 94.125 -1.0481
25.375 94.375 -1.056
25.625 70.875 0.65721
25.625 71.125 0.77948
25.625 71.375 0.78251
25.625 71.625 1.4764
25.625 71.875 0.83493
25.625 72.125 -0.19574
25.625 72.375 -0.13214
25.625 72.625 -0.015022
25.625 72.875 0.2263
25.625 73.125 1.1119
25.625 73.375 1.4792
25.625 73.625 1.5047
25.625 73.875 1.7595
25.625 74.125 2.0625
25.625 74.375 1.654
25.625 74.625 1.5978
25.625 74.875 1.077
25.625 75.125 1.1691
25.625 75.375 2.8617
25.625 75.625 3.4125
25.625 75.875 2.5827
25.625 76.125 2.5066
25.625 76.375 2.6884
25.625 76.625 2.3386
25.625 76.875 2.0242
25.625 77.125 2.3942
25.625 77.375 2.0453
25.625 77.625 1.2519
25.625 77.875 0.30755
25.625 78.125 0.23172
25.625 78.375 -0.25034
25.625 78.625 -0.44588
25.625 78.875 -0.96517
25.625 79.125 -0.2857
25.625 79.375 0.13603
25.625 79.625 0.9491
25.625 79.875 1.1567
25.625 80.125 0.96302
25.625 80.375 0.66002
25.625 80.625 -0.38229
25.625 80.875 -1.0705
25.625 81.125 0.92518
25.625 81.375 0.56038
25.625 81.625 0.88293
25.625 81.875 0.41447
25.625 82.125 -0.321
25.625 82.375 0.94906
25.625 82.625 -0.56892
25.625 82.875 -0.70575
25.625 83.125 -0.30344
25.625 83.375 -0.60551
25.625 83.625 -0.54926
25.625 83.875 -0.54418
25.625 84.125 -0.905
25.625 84.375 -1.7325
25.625 84.625 -0.57656
25.625 84.875 -0.22494
25.625 85.125 -1.2931
25.625 85.375 -0.62244
25.625 85.625 -0.51975
25.625 85.875 -0.32384
25.625 86.125 -0.47696
25.625 86.375 -0.80471
25.625 86.625 -1.4895
25.625 86.875 -0.78781
25.625 87.125 -0.38569
25.625 87.375 -0.29784
25.625 87.625 0.10274
25.625 87.875 0.31148
25.625 88.125 -0.68119
25.625 90.125 1.6662
25.625 90.375 1.2587
25.625 90.625 0.62408
25.625 90.875 0.49805
25.625 91.125 0.49489
25.625 91.375 0.002234
25.625 91.625 -0.072183
25.625 91.875 -0.44803
25.625 92.125 -0.22086
25.625 92.375 -0.67529
25.625 92.625 -1.1829
25.625 92.875 -0.88026
25.625 93.125 -0.90666
25.625 93.375 -0.84268
25.625 93.625 -0.63583
25.625 93.875 -1.2154
25.625 94.125 -1.1951
25.625 94.375 -1.2687
25.625 94.625 NaN
25.625 94.875 NaN
25.875 70.375 0.83858
25.875 70.625 0.74376
25.875 70.875 0.66951
25.875 71.125 0.63469
25.875 71.375 0.78892
25.875 71.625 0.82248
25.875 71.875 0.35677
25.875 72.125 0.032137
25.875 72.375 -0.0078354
25.875 72.625 0.33947
25.875 72.875 0.030613
25.875 73.125 0.72356
25.875 73.375 1.5493
25.875 73.625 2.077
25.875 73.875 2.7299
25.875 74.125 1.9689
25.875 74.375 1.7313
25.875 74.625 2.4115
25.875 74.875 2.0806
25.875 75.125 1.4992
25.875 75.375 1.7339
25.875 75.625 2.3023
25.875 75.875 2.2252
25.875 76.125 1.9102
25.875 76.375 2.0226
25.875 76.625 1.9641
25.875 76.875 1.8156
25.875 77.125 1.8252
25.875 77.375 2.7893
25.875 77.625 2.6866
25.875 77.875 0.14896
25.875 78.125 0.33054
25.875 78.375 -0.24056
25.875 78.625 -0.28936
25.875 78.875 -0.59641
25.875 79.125 0.43546
25.875 79.375 0.37094
25.875 79.625 0.015834
25.875 79.875 0.39649
25.875 80.125 0.27023
25.875 80.375 0.50294
25.875 80.625 0.22344
25.875 80.875 -0.26567
25.875 81.125 -0.22925
25.875 81.375 -0.51433
25.875 81.625 1.2084
25.875 81.875 0.38672
25.875 82.125 -0.269
25.875 82.375 0.26128
25.875 82.625 -0.56367
25.875 82.875 -0.14928
25.875 83.125 -0.57422
25.875 83.375 -0.68697
25.875 83.625 0.27266
25.875 83.875 -0.69165
25.875 84.125 -0.27999
25.875 84.375 -1.1982
25.875 84.625 -0.72447
25.875 84.875 -0.011323
25.875 85.125 -0.050303
25.875 85.375 -0.66388
25.875 85.625 -0.35237
25.875 85.875 -0.38182
25.875 86.125 -0.82322
25.875 86.375 -0.30323
25.875 86.625 -1.1752
25.875 86.875 -0.4102
25.875 87.125 -0.29054
25.875 87.375 -0.33975
25.875 87.625 -0.61174
25.875 87.875 -0.48001
25.875 90.125 0.33519
25.875 90.375 0.33316
25.875 90.625 0.546
25.875 90.875 0.73619
25.875 91.125 0.45198
25.875 91.375 0.57973
25.875 91.625 -0.084689
25.875 91.875 -0.98045
25.875 92.125 -0.90461
25.875 92.375 -0.30925
25.875 92.625 -0.11832
25.875 92.875 -0.77181
25.875 93.125 -1.5899
25.875 93.375 -1.7773
25.875 93.625 -1.2405
25.875 93.875 -0.98698
25.875 94.125 -1.3264
25.875 94.375 -1.3027
25.875 94.625 -1.2398
25.875 94.875 -1.0522
26.125 70.375 1.0623
26.125 70.625 1.6835
26.125 70.875 1.7288
26.125 71.125 0.43907
26.125 71.375 0.93012
26.125 71.625 0.67453
26.125 71.875 0.7223
26.125 72.125 0.33912
26.125 72.375 0.66903
26.125 72.625 1.2085
26.125 72.875 1.2746
26.125 73.125 1.3518
26.125 73.375 1.7469
26.125 73.625 1.8748
26.125 73.875 2.12
26.125 74.125 1.522
26.125 74.375 2.1147
26.125 74.625 2.7794
26.125 74.875 3.4913
26.125 75.125 2.5119
26.125 75.375 2.0816
26.125 75.625 1.8418
26.125 75.875 2.1612
26.125 76.125 2.388
26.125 76.375 2.5936
26.125 76.625 2.0181
26.125 76.875 2.1082
26.125 77.125 1.5344
26.125 77.375 2.3472
26.125 77.625 2.0972
26.125 77.875 0.51467
26.125 78.125 0.29839
26.125 78.375 -0.1024
26.125 78.625 0.30984
26.125 78.875 -0.16618
26.125 79.125 0.11341
26.125 79.375 0.38564
26.125 79.625 -0.62162
26.125 79.875 -0.11618
26.125 80.125 0.3189
26.125 80.375 -0.30655
26.125 80.625 -0.061505
26.125 80.875 0.49345
26.125 81.125 0.69097
26.125 81.375 -0.61302
26.125 81.625 -0.3009
26.125 81.875 -0.069086
26.125 82.125 -0.11198
26.125 82.375 -0.55644
26.125 82.625 -0.20502
26.125 82.875 0.00098544
26.125 83.125 -0.30359
26.125 83.375 0.26005
26.125 83.625 0.41208
26.125 83.875 -0.52951
26.125 84.125 -0.33676
26.125 84.375 -0.36548
26.125 84.625 -0.18185
26.125 84.875 -0.11409
26.125 85.125 -0.53322
26.125 85.375 -0.5311
26.125 85.625 -0.58067
26.125 85.875 -0.25691
26.125 86.125 0.26135
26.125 86.375 -0.45628
26.125 86.625 0.6864
26.125 86.875 0.41292
26.125 87.125 -0.20456
26.125 87.375 -0.012151
26.125 87.625 -0.18708
26.125 87.875 0.076588
26.125 88.125 0.71504
26.125 89.375 -0.1449
26.125 89.875 -0.2639
26.125 90.125 -0.12092
26.125 90.375 0.37258
26.125 90.625 0.62252
26.125 90.875 -0.017964
26.125 91.125 0.15723
26.125 91.375 0.89336
26.125 91.625 -0.5421
26.125 91.875 -1.0173
26.125 92.125 -0.020254
26.125 92.375 0.61806
26.125 92.625 0.6628
26.125 92.875 -0.52083
26.125 93.125 -1.3713
26.125 93.375 -1.0169
26.125 93.625 -0.82743
26.125 93.875 -1.1866
26.125 94.125 -1.1802
26.125 94.375 -1.0439
26.125 94.625 -1.166
26.125 94.875 -1.0904
26.375 70.375 0.69695
26.375 70.625 1.6807
26.375 70.875 2.4074
26.375 71.125 2.086
26.375 71.375 1.4
26.375 71.625 0.9182
26.375 71.875 0.65819
26.375 72.125 0.44085
26.375 72.375 0.79054
26.375 72.625 1.3492
26.375 72.875 1.382
26.375 73.125 0.5611
26.375 73.375 0.61465
26.375 73.625 2.1254
26.375 73.875 2.3415
26.375 74.125 2.0985
26.375 74.375 3.5088
26.375 74.625 1.474
26.375 74.875 3.8876
26.375 75.125 2.6382
26.375 75.375 2.2472
26.375 75.625 1.8286
26.375 75.875 2.0403
26.375 76.125 1.626
26.375 76.375 1.6038
26.375 76.625 0.98278
26.375 76.875 1.8218
26.375 77.125 2.8051
26.375 77.375 1.4272
26.375 77.625 1.5891
26.375 77.875 0.25897
26.375 78.125 0.4473
26.375 78.375 0.33985
26.375 78.625 0.069898
26.375 78.875 0.30507
26.375 79.125 0.52554
26.375 79.375 -0.6962
26.375 79.625 -0.86446
26.375 79.875 0.79558
26.375 80.125 0.72416
26.375 80.375 -0.39933
26.375 80.625 -0.18974
26.375 80.875 0.95132
26.375 81.125 1.143
26.375 81.375 -0.87099
26.375 81.625 -0.81842
26.375 81.875 0.42088
26.375 82.125 -0.14326
26.375 82.375 -0.36522
26.375 82.625 -0.55864
26.375 82.875 0.059422
26.375 83.125 -0.041763
26.375 83.375 0.54318
26.375 83.625 0.30278
26.375 83.875 -0.22285
26.375 84.125 -0.21181
26.375 84.375 -0.040407
26.375 84.625 0.73384
26.375 84.875 -1.0835
26.375 85.125 -0.82012
26.375 85.375 -1.2129
26.375 85.625 0.38879
26.375 85.875 0.244
26.375 86.125 -0.43238
26.375 86.375 -0.33216
26.375 86.625 -0.30803
26.375 86.875 0.42628
26.375 87.125 -0.17321
26.375 87.625 -0.71023
26.375 87.875 0.17884
26.375 88.125 0.55619
26.375 88.375 0.56929
26.375 88.875 -0.30531
26.375 89.375 -0.19428
26.375 89.625 -0.22616
26.375 89.875 -0.19091
26.375 90.125 0.18208
26.375 90.375 0.4609
26.375 90.625 0.36358
26.375 90.875 0.11462
26.375 91.125 0.15341
26.375 91.375 -0.49329
26.375 91.625 -0.62143
26.375 91.875 -0.60872
26.375 92.125 0.60655
26.375 92.375 0.26587
26.375 92.625 0.52026
26.375 92.875 -0.13203
26.375 93.125 -0.50013
26.375 93.375 -0.71149
26.375 93.625 -0.40229
26.375 93.875 -0.64716
26.375 94.125 -0.79496
26.375 94.375 -0.84335
26.375 94.625 -0.99241
26.375 94.875 0.034325
26.625 69.875 0.39741
26.625 70.125 0.3132
26.625 70.375 0.067352
26.625 70.625 0.55544
26.625 70.875 1.1086
26.625 71.125 1.7808
26.625 71.375 0.8964
26.625 71.625 0.35476
26.625 71.875 0.31745
26.625 72.125 0.59492
26.625 72.375 1.0867
26.625 72.625 1.3668
26.625 72.875 0.95537
26.625 73.125 0.016486
26.625 73.375 0.12863
26.625 73.625 1.647
26.625 73.875 2.0763
26.625 74.125 1.6447
26.625 74.375 4.4028
26.625 74.625 3.3533
26.625 74.875 2.3294
26.625 75.125 2.2968
26.625 75.375 2.577
26.625 75.625 2.3298
26.625 75.875 2.0186
26.625 76.125 2.7
26.625 76.375 1.749
26.625 76.625 2.0461
26.625 76.875 2.2408
26.625 77.125 1.7677
26.625 77.375 1.745
26.625 77.625 2.245
26.625 77.875 -0.024108
26.625 78.125 0.22231
26.625 78.375 0.54842
26.625 78.625 -0.048218
26.625 78.875 -0.25516
26.625 79.125 -0.5905
26.625 79.375 -0.55553
26.625 79.625 -0.81747
26.625 79.875 -0.77635
26.625 80.125 -0.18684
26.625 80.375 1.2241
26.625 80.625 0.31022
26.625 80.875 2.1004
26.625 81.125 0.81795
26.625 81.375 -0.20656
26.625 81.625 0.11732
26.625 81.875 1.7238
26.625 82.125 0.14961
26.625 82.375 -0.5246
26.625 82.625 -1.4681
26.625 82.875 -0.93909
26.625 83.125 -0.67216
26.625 83.375 -1.0639
26.625 83.625 -0.76058
26.625 83.875 -1.0564
26.625 84.125 -0.6565
26.625 84.375 -0.2324
26.625 84.625 -0.09333
26.625 84.875 -1.5686
26.625 85.125 -1.5645
26.625 85.375 -1.3452
26.625 85.625 0.13477
26.625 86.125 -0.45281
26.625 88.375 1.5057
26.625 88.625 0.36164
26.625 88.875 -0.35973
26.625 89.125 -0.31752
26.625 89.375 -0.17751
26.625 89.625 -0.1576
26.625 89.875 0.032139
26.625 90.125 0.22223
26.625 90.375 0.20069
26.625 90.625 0.36233
26.625 90.875 0.35448
26.625 91.125 0.27269
26.625 91.375 -0.067821
26.625 91.625 -0.18037
26.625 91.875 0.01254
26.625 92.125 -0.20928
26.625 92.375 0.21406
26.625 92.625 0.46411
26.625 92.875 0.55223
26.625 93.125 0.16604
26.625 93.375 -0.071083
26.625 93.625 -0.1474
26.625 93.875 -0.079511
26.625 94.125 -0.41164
26.625 94.375 -0.23398
26.625 94.625 0.37535
26.625 94.875 1.4396
26.625 95.125 1.3042
26.875 69.625 0.56058
26.875 69.875 0.56642
26.875 70.125 0.35027
26.875 70.375 0.33158
26.875 70.625 0.51974
26.875 70.875 0.76753
26.875 71.125 1.1451
26.875 71.375 0.49002
26.875 71.625 0.28002
26.875 71.875 0.25924
26.875 72.125 0.526
26.875 72.375 0.79441
26.875 72.625 0.94131
26.875 72.875 0.41631
26.875 73.125 -0.366
26.875 73.375 -0.15576
26.875 73.625 0.46974
26.875 73.875 0.95792
26.875 74.125 1.3963
26.875 74.375 4.2797
26.875 74.625 3.6709
26.875 74.875 2.215
26.875 75.125 2.0506
26.875 75.375 1.8917
26.875 75.625 0.67469
26.875 75.875 3.0485
26.875 76.125 3.2527
26.875 76.375 2.4172
26.875 76.625 2.7576
26.875 76.875 2.6146
26.875 77.125 2.6379
26.875 77.375 1.111
26.875 77.625 1.3156
26.875 77.875 0.71204
26.875 78.125 0.14083
26.875 78.375 0.19981
26.875 78.625 0.51928
26.875 78.875 0.13652
26.875 79.125 0.51276
26.875 79.375 -0.057499
26.875 79.625 0.18369
26.875 79.875 -0.043094
26.875 80.125 0.60638
26.875 80.375 2.0045
26.875 80.625 1.0186
26.875 80.875 2.4475
26.875 81.125 0.8411
26.875 81.375 0.58072
26.875 81.625 -0.36721
26.875 81.875 0.45214
26.875 82.125 0.82954
26.875 82.375 0.11504
26.875 82.625 -0.81177
26.875 82.875 -1.1083
26.875 83.125 -0.82489
26.875 83.375 -1.2103
26.875 83.625 -1.0914
26.875 83.875 -1.751
26.875 84.125 -0.9757
26.875 84.375 -1.0573
26.875 84.625 -1.0706
26.875 84.875 -1.6404
26.875 88.375 1.2556
26.875 88.625 0.33607
26.875 88.875 0.053064
26.875 92.375 -0.080294
26.875 92.625 0.18736
26.875 92.875 0.6237
26.875 93.125 0.57813
26.875 93.375 0.15303
26.875 93.625 0.2072
26.875 93.875 0.93124
26.875 94.125 -0.041756
26.875 94.375 0.56961
26.875 94.625 1.1171
26.875 94.875 1.1341
26.875 95.125 0.86858
26.875 95.375 1.0889
26.875 95.625 -0.10228
27.125 69.875 0.58259
27.125 70.125 0.5762
27.125 70.375 0.70065
27.125 70.625 0.54814
27.125 70.875 0.57078
27.125 71.125 0.7537
27.125 71.375 0.24418
27.125 71.625 0.41334
27.125 71.875 0.47342
27.125 72.125 0.55148
27.125 72.375 0.60732
27.125 72.625 0.77774
27.125 72.875 0.58865
27.125 73.125 0.12615
27.125 73.375 0.11158
27.125 73.625 0.095114
27.125 73.875 0.39091
27.125 74.125 0.69
27.125 74.375 2.3022
27.125 74.625 3.4503
27.125 74.875 0.89113
27.125 75.125 1.1938
27.125 75.375 1.9982
27.125 75.625 3.5697
27.125 75.875 4.126
27.125 76.125 3.6079
27.125 76.375 3.6109
27.125 76.625 0.92429
27.125 76.875 1.6224
27.125 77.125 2.1709
27.125 77.375 1.3446
27.125 77.625 2.0931
27.125 77.875 1.2741
27.125 78.125 0.82858
27.125 78.375 1.2684
27.125 78.625 0.47946
27.125 78.875 -0.036005
27.125 79.125 0.66711
27.125 79.375 0.34134
27.125 79.625 0.76878
27.125 79.875 0.89028
27.125 80.125 0.27215
27.125 80.375 0.80552
27.125 80.625 0.92114
27.125 80.875 2.3963
27.125 81.125 3.6633
27.125 81.375 2.2014
27.125 81.625 0.38406
27.125 81.875 0.84901
27.125 82.125 0.19242
27.125 82.375 -0.76548
27.125 82.625 -0.71517
27.125 82.875 -1.0645
27.125 83.125 -0.74258
27.125 83.375 -0.58904
27.125 83.625 0.14299
27.125 83.875 0.42201
27.125 84.125 0.21881
27.125 84.375 -0.58514
27.125 84.625 -1.0242
27.125 88.125 2.6112
27.125 88.375 1.4856
27.125 88.625 0.97165
27.125 92.125 -0.84993
27.125 92.375 -0.56858
27.125 92.625 -0.38936
27.125 92.875 0.28855
27.125 93.125 0.35092
27.125 93.375 0.13853
27.125 93.625 0.29166
27.125 93.875 0.23506
27.125 94.125 -0.14492
27.125 94.375 0.69884
27.125 94.625 0.84277
27.125 94.875 0.97246
27.125 95.125 0.81989
27.125 95.375 0.58381
27.125 95.625 0.065336
27.125 95.875 0.018765
27.375 70.125 0.63447
27.375 70.375 0.66084
27.375 70.625 0.58925
27.375 70.875 0.59141
27.375 71.125 0.4428
27.375 71.375 0.51461
27.375 71.625 0.59809
27.375 71.875 0.60183
27.375 72.125 0.52603
27.375 72.375 0.56733
27.375 72.625 1.5033
27.375 72.875 1.3256
27.375 73.125 1.1103
27.375 73.375 0.9885
27.375 73.625 0.69703
27.375 73.875 0.91133
27.375 74.125 1.2089
27.375 74.375 1.0616
27.375 74.625 1.8058
27.375 74.875 2.0302
27.375 75.125 2.1074
27.375 75.375 1.1437
27.375 75.625 3.912
27.375 75.875 3.4032
27.375 76.125 2.9449
27.375 76.375 1.7216
27.375 76.625 1.6595
27.375 76.875 2.3607
27.375 77.125 2.3413
27.375 77.375 0.51739
27.375 77.625 2.4958
27.375 77.875 1.7004
27.375 78.125 1.01
27.375 78.375 2.8361
27.375 78.625 0.87522
27.375 78.875 -0.1179
27.375 79.125 -1.1426
27.375 79.375 -0.038906
27.375 79.625 0.36663
27.375 79.875 0.64335
27.375 80.125 -0.53128
27.375 80.375 -0.48844
27.375 80.625 0.71305
27.375 80.875 0.38411
27.375 81.125 1.8737
27.375 81.375 1.4651
27.375 81.625 0.26719
27.375 81.875 0.43115
27.375 82.125 -0.087129
27.375 82.375 -0.42579
27.375 82.625 -0.96722
27.375 82.875 -0.94432
27.375 83.125 -0.8342
27.375 83.625 0.22919
27.375 84.125 0.37907
27.375 84.375 -0.55878
27.375 88.125 2.337
27.375 88.375 2.3697
27.375 88.625 2.193
27.375 92.125 -0.98628
27.375 92.375 -0.68213
27.375 92.625 -0.53117
27.375 92.875 -0.28701
27.375 93.125 0.0079084
27.375 93.375 -0.19744
27.375 93.625 -0.29808
27.375 93.875 -0.11356
27.375 94.125 -0.10997
27.375 94.375 0.39146
27.375 94.625 0.47012
27.375 94.875 0.28867
27.375 95.125 0.42313
27.375 95.375 0.15836
27.375 95.625 -0.10761
27.375 95.875 -0.26117
27.375 96.125 -0.39886
27.375 96.375 -0.1037
27.375 96.625 0.07793
27.375 96.875 0.11401
27.625 70.125 0.74797
27.625 70.375 0.59125
27.625 70.625 0.69163
27.625 70.875 0.70277
27.625 71.125 0.56527
27.625 71.375 0.40615
27.625 71.625 0.51291
27.625 71.875 0.46402
27.625 72.125 0.45849
27.625 72.375 0.56059
27.625 72.625 1.2051
27.625 72.875 1.3812
27.625 73.125 1.5546
27.625 73.375 1.2738
27.625 73.625 2.6333
27.625 73.875 2.5095
27.625 74.125 1.364
27.625 74.375 0.92197
27.625 74.625 1.904
27.625 74.875 2.4612
27.625 75.125 2.488
27.625 75.375 3.2645
27.625 75.625 3.7054
27.625 75.875 2.8556
27.625 76.125 1.8527
27.625 76.375 2.6201
27.625 76.625 3.0163
27.625 76.875 3.2183
27.625 77.125 1.8067
27.625 77.375 1.2538
27.625 77.625 3.7075
27.625 77.875 2.7786
27.625 78.125 1.135
27.625 78.375 0.63384
27.625 78.625 0.17608
27.625 78.875 -0.48416
27.625 79.125 -0.53327
27.625 79.375 -0.66686
27.625 79.625 0.39779
27.625 79.875 2.1304
27.625 80.125 1.0102
27.625 80.375 0.9175
27.625 80.625 1.0219
27.625 80.875 1.6024
27.625 81.125 0.82428
27.625 81.375 1.1343
27.625 81.625 0.79888
27.625 81.875 0.59433
27.625 82.125 0.2573
27.625 82.375 -0.3534
27.625 82.625 -1.1574
27.625 88.375 2.2821
27.625 88.625 2.1694
27.625 91.625 -1.1572
27.625 91.875 -1.1926
27.625 92.125 -0.76707
27.625 92.375 -0.31924
27.625 92.625 -0.017945
27.625 92.875 -0.18153
27.625 93.125 -0.43035
27.625 93.375 -0.65815
27.625 93.625 -0.97766
27.625 93.875 -1.1793
27.625 94.125 -0.59375
27.625 94.375 0.038272
27.625 94.625 0.052783
27.625 94.875 -0.052668
27.625 95.125 -0.21256
27.625 95.375 -0.11249
27.625 95.625 -0.1961
27.625 95.875 -0.4595
27.625 96.125 -0.50035
27.625 96.375 -0.13454
27.625 96.625 -0.05304
27.625 96.875 0.0016755
27.875 70.375 0.70642
27.875 71.875 0.80481
27.875 72.125 1.0315
27.875 72.375 1.1946
27.875 72.625 1.2695
27.875 72.875 1.0927
27.875 73.125 0.9592
27.875 73.375 1.1542
27.875 73.625 2.8903
27.875 73.875 3.3586
27.875 74.125 1.6724
27.875 74.375 1.4925
27.875 74.625 0.91748
27.875 74.875 1.5448
27.875 75.125 2.5882
27.875 75.375 3.2222
27.875 75.625 3.5756
27.875 75.875 3.857
27.875 76.125 4.8105
27.875 76.375 4.0064
27.875 76.625 2.0378
27.875 76.875 2.7476
27.875 77.125 3.5903
27.875 77.375 0.89112
27.875 77.625 0.7519
27.875 77.875 1.6074
27.875 78.125 1.4125
27.875 78.375 2.3402
27.875 78.625 1.1504
27.875 78.875 0.75305
27.875 79.125 0.59333
27.875 79.375 1.3259
27.875 79.625 0.92943
27.875 79.875 2.2755
27.875 80.125 2.1739
27.875 80.375 2.0327
27.875 80.625 2.3908
27.875 80.875 2.1176
27.875 81.125 0.9623
27.875 81.375 0.65319
27.875 81.625 0.80768
27.875 88.375 NaN
27.875 88.625 NaN
27.875 92.875 -0.21601
27.875 93.125 -0.42459
27.875 93.375 -0.92344
27.875 93.625 -1.145
27.875 93.875 -1.4026
27.875 94.125 -0.60488
27.875 94.375 -0.54901
27.875 94.625 -0.41927
27.875 94.875 0.00138
27.875 95.125 0.36019
27.875 95.375 0.16594
27.875 95.625 -0.012662
27.875 95.875 -0.50812
27.875 96.125 -0.59079
27.875 96.375 -0.15827
27.875 96.625 0.017995
27.875 96.875 0.09522
27.875 97.125 0.12292
28.125 72.125 2.2456
28.125 72.375 2.1924
28.125 72.625 1.4198
28.125 72.875 0.81809
28.125 73.125 0.47084
28.125 73.375 0.51962
28.125 73.625 1.9657
28.125 73.875 2.3468
28.125 74.125 1.8655
28.125 74.375 1.4962
28.125 74.625 0.3826
28.125 74.875 0.8492
28.125 75.125 2.0627
28.125 75.375 1.7695
28.125 75.625 3.9541
28.125 75.875 4.5591
28.125 76.125 4.6468
28.125 76.375 4.3461
28.125 76.625 4.3545
28.125 76.875 4.0146
28.125 77.125 2.4799
28.125 77.375 1.2392
28.125 77.625 0.83926
28.125 77.875 0.85246
28.125 78.125 1.8509
28.125 78.375 2.3165
28.125 78.625 -0.0027151
28.125 78.875 1.1045
28.125 79.125 2.0426
28.125 79.375 1.3329
28.125 79.625 1.4386
28.125 79.875 1.7645
28.125 80.125 3.3502
28.125 80.375 2.6768
28.125 80.625 1.9708
28.125 80.875 1.9288
28.125 81.125 1.5649
28.125 81.375 1.0526
28.125 92.875 -0.28999
28.125 93.125 -0.44159
28.125 93.375 -0.78234
28.125 93.625 -1.0787
28.125 93.875 -1.2632
28.125 94.125 -0.93796
28.125 94.375 -0.48319
28.125 94.625 -0.6475
28.125 94.875 -0.17229
28.125 95.125 0.2374
28.125 95.375 0.17672
28.125 95.625 -0.11395
28.125 95.875 -0.35518
28.125 96.125 -0.51743
28.125 96.375 -0.0044211
28.125 96.625 0.041552
28.125 96.875 0.071375
28.125 97.125 0.14211
28.375 72.375 2.3531
28.375 72.625 1.7219
28.375 72.875 1.1267
28.375 73.125 0.63813
28.375 73.375 0.67359
28.375 73.625 0.64658
28.375 73.875 1.2604
28.375 74.125 1.4606
28.375 74.375 1.1786
28.375 74.625 0.52501
28.375 74.875 0.66867
28.375 75.125 0.73482
28.375 75.375 0.97941
28.375 75.625 3.1155
28.375 75.875 2.948
28.375 76.125 3.2333
28.375 76.375 3.112
28.375 76.625 2.7472
28.375 76.875 1.6639
28.375 77.125 1.039
28.375 77.375 0.34111
28.375 77.625 1.1282
28.375 77.875 0.91661
28.375 78.125 3.645
28.375 78.375 2.5698
28.375 78.625 0.89485
28.375 78.875 1.6601
28.375 79.125 3.1781
28.375 79.375 3.9888
28.375 79.625 2.7932
28.375 79.875 2.7411
28.375 80.125 3.4661
28.375 80.375 3.6838
28.375 80.625 2.6308
28.375 80.875 2.4043
28.375 81.125 1.6956
28.375 93.375 -0.71293
28.375 93.625 -0.65798
28.375 93.875 -0.19689
28.375 94.125 0.5559
28.375 94.375 0.019785
28.375 94.625 -0.13488
28.375 94.875 -0.28778
28.375 95.125 -0.36913
28.375 95.375 -0.40056
28.375 95.625 -0.31433
28.375 95.875 -0.43281
28.375 96.125 -0.66973
28.375 96.625 -0.040639
28.625 72.375 2.6491
28.625 72.625 2.136
28.625 72.875 1.6214
28.625 73.125 0.81773
28.625 73.375 1.0143
28.625 73.625 0.99818
28.625 73.875 1.218
28.625 74.125 1.3865
28.625 74.375 1.2699
28.625 74.625 0.8087
28.625 74.875 0.52619
28.625 75.125 0.57485
28.625 75.375 -0.11107
28.625 75.625 -0.096617
28.625 75.875 0.90992
28.625 76.125 1.8802
28.625 76.375 2.138
28.625 76.625 3.1442
28.625 76.875 1.947
28.625 77.125 0.53841
28.625 77.375 0.023594
28.625 77.625 0.94477
28.625 77.875 0.54951
28.625 78.125 0.84213
28.625 78.375 2.761
28.625 78.625 0.62015
28.625 78.875 1.2216
28.625 79.125 3.8704
28.625 79.375 3.8518
28.625 79.625 3.2003
28.625 79.875 2.8188
28.625 80.125 3.3974
28.625 80.375 3.5962
28.625 80.625 2.5194
28.625 93.625 0.87235
28.625 93.875 NaN
28.625 94.125 1.1939
28.625 94.375 0.60958
28.625 94.625 0.20801
28.625 94.875 -0.1024
28.625 95.125 -0.46857
28.625 95.375 -0.50026
28.625 95.625 -0.67266
28.625 95.875 -0.7416
28.625 96.125 -0.57515
28.625 96.375 2.9295
28.875 72.875 0.30607
28.875 73.125 1.3962
28.875 73.375 2.8148
28.875 73.625 2.4584
28.875 73.875 2.2109
28.875 74.125 1.8062
28.875 74.375 1.5364
28.875 74.625 1.2112
28.875 74.875 0.34034
28.875 75.125 0.29166
28.875 75.375 -0.25555
28.875 75.625 -0.25246
28.875 75.875 0.43331
28.875 76.125 0.52285
28.875 76.375 1.9338
28.875 76.625 2.8847
28.875 76.875 1.0739
28.875 77.125 0.77561
28.875 77.375 0.84752
28.875 77.625 2.082
28.875 77.875 1.8016
28.875 78.125 0.73649
28.875 78.375 1.5915
28.875 78.625 0.99794
28.875 78.875 1.5834
28.875 79.125 2.7428
28.875 79.375 2.9156
28.875 79.625 2.4213
28.875 79.875 1.8282
28.875 94.125 1.1612
28.875 94.375 1.2522
28.875 94.625 0.67073
28.875 94.875 0.10895
28.875 95.125 -0.24008
28.875 95.375 -0.53427
28.875 95.625 -0.65381
28.875 95.875 -0.61519
28.875 96.125 0.0048288
28.875 96.375 2.7664
29.125 73.125 0.84836
29.125 73.375 3.084
29.125 73.625 2.0023
29.125 73.875 1.8897
29.125 74.125 2.2269
29.125 74.375 1.5604
29.125 74.625 1.5369
29.125 74.875 0.49369
29.125 75.125 0.80212
29.125 75.375 0.44307
29.125 75.625 -0.013692
29.125 75.875 0.42945
29.125 76.125 0.86089
29.125 76.375 0.59001
29.125 76.625 1.545
29.125 76.875 1.1069
29.125 77.125 0.8785
29.125 77.375 0.83824
29.125 77.625 1.7433
29.125 77.875 1.1674
29.125 78.125 1.8514
29.125 78.375 1.219
29.125 78.625 2.2243
29.125 78.875 1.0388
29.125 79.125 2.1356
29.125 79.375 1.7257
29.125 79.625 0.02131
29.125 79.875 0.31151
29.125 80.125 0.24233
29.125 94.375 1.2865
29.125 94.625 0.82658
29.125 94.875 0.38957
29.125 95.625 0.022086
29.125 95.875 0.49225
29.125 96.125 2.7321
29.375 73.375 1.3867
29.375 73.625 1.4006
29.375 73.875 1.2748
29.375 74.125 2.6192
29.375 74.375 1.084
29.375 74.625 0.73879
29.375 74.875 2.2048
29.375 75.125 1.0778
29.375 75.375 0.80388
29.375 75.625 0.33998
29.375 75.875 0.028663
29.375 76.125 2.1321
29.375 76.375 1.4324
29.375 76.625 2.1848
29.375 76.875 0.4622
29.375 77.125 0.10087
29.375 77.375 0.8971
29.375 77.625 0.79177
29.375 77.875 0.72987
29.375 78.125 0.09464
29.375 78.375 0.52635
29.375 78.625 -0.12019
29.375 78.875 0.37776
29.375 79.125 0.61593
29.375 79.375 0.47759
29.375 79.625 -0.29763
29.375 79.875 -0.0882
29.375 80.125 -0.0053321
29.375 96.125 2.746
29.625 73.375 1.4649
29.625 73.625 2.4279
29.625 73.875 1.8754
29.625 74.125 2.0308
29.625 74.375 1.3388
29.625 74.625 0.57263
29.625 74.875 1.1726
29.625 75.125 0.55575
29.625 75.375 0.21039
29.625 75.625 0.33883
29.625 75.875 0.43687
29.625 76.125 0.74446
29.625 76.375 1.9573
29.625 76.625 1.9565
29.625 76.875 1.7694
29.625 77.125 0.046892
29.625 77.375 -0.40331
29.625 77.625 -0.50368
29.625 77.875 -0.49159
29.625 78.125 0.98619
29.625 78.375 -0.25821
29.625 78.625 -0.72484
29.625 78.875 -0.30995
29.625 79.125 0.31785
29.625 79.375 0.22157
29.625 79.625 -0.24329
29.625 79.875 -0.36726
29.625 80.125 0.22105
29.875 73.625 2.7648
29.875 73.875 0.93794
29.875 74.125 1.2064
29.875 74.375 0.54184
29.875 74.625 0.40572
29.875 74.875 0.18903
29.875 75.125 -0.089646
29.875 75.375 0.21706
29.875 75.625 0.2006
29.875 75.875 1.7284
29.875 76.125 2.4376
29.875 76.375 1.7519
29.875 76.625 1.8663
29.875 76.875 0.164
29.875 77.125 -0.092832
29.875 77.375 -0.084275
29.875 77.625 -0.28913
29.875 77.875 0.6295
29.875 78.125 -0.42469
29.875 78.375 -0.44936
29.875 78.625 -0.68175
29.875 78.875 -0.40804
29.875 79.125 -0.08588
29.875 79.375 0.058834
29.875 79.625 0.097859
29.875 79.875 -0.2847
29.875 80.125 -0.026283
29.875 80.375 0.05967
30.125 74.125 1.2843
30.125 74.375 1.1503
30.125 74.625 1.0945
30.125 74.875 1.0553
30.125 75.125 0.64869
30.125 75.375 1.0014
30.125 75.625 0.61537
30.125 75.875 0.5867
30.125 76.125 1.5368
30.125 76.375 0.89077
30.125 76.625 -0.15214
30.125 76.875 -0.25746
30.125 77.125 1.7746
30.125 77.375 0.15621
30.125 77.625 0.96089
30.125 77.875 0.51199
30.125 78.125 1.1726
30.125 78.375 -0.44612
30.125 78.625 0.094264
30.125 78.875 0.3353
30.125 79.125 0.096287
30.125 79.375 -0.12202
30.125 79.625 -0.22978
30.125 79.875 -0.2764
30.125 80.125 -0.29177
30.125 80.375 -0.1762
30.125 80.625 -0.18499
30.375 74.125 1.1171
30.375 74.375 1.279
30.375 74.625 1.9702
30.375 74.875 2.4498
30.375 75.125 1.9152
30.375 75.375 1.1879
30.375 75.625 1.1093
30.375 75.875 0.69535
30.375 76.125 0.89947
30.375 76.375 1.3546
30.375 76.625 -0.40318
30.375 76.875 -0.39607
30.375 77.125 1.1379
30.375 77.375 0.11313
30.375 77.625 0.69514
30.375 77.875 1.8428
30.375 78.125 0.2549
30.375 78.375 -0.061323
30.375 78.625 -0.094533
30.375 78.875 -0.002908
30.375 79.125 -0.32748
30.375 79.375 -0.55971
30.375 79.625 -0.43848
30.375 79.875 -0.22232
30.375 80.125 0.2495
30.375 80.375 0.16545
30.375 80.625 0.39684
30.625 74.375 2.4229
30.625 74.625 1.7508
30.625 74.875 1.9883
30.625 75.125 2.5801
30.625 75.375 2.3412
30.625 75.625 1.3045
30.625 75.875 1.8679
30.625 76.125 1.7257
30.625 76.375 1.4884
30.625 76.625 0.51894
30.625 76.875 1.1127
30.625 77.125 1.1219
30.625 77.375 1.2895
30.625 77.625 0.3273
30.625 77.875 0.33842
30.625 78.125 0.55433
30.625 78.375 -0.12077
30.625 78.625 0.021534
30.625 78.875 -0.11709
30.625 79.125 -0.41393
30.625 79.375 -0.43537
30.625 79.625 -0.33408
30.625 79.875 0.42137
30.625 80.125 0.55674
30.875 74.625 1.0618
30.875 74.875 1.6668
30.875 75.125 2.0341
30.875 75.375 1.0501
30.875 75.625 0.92069
30.875 75.875 1.1559
30.875 76.125 1.1289
30.875 76.375 0.94756
30.875 76.625 0.33483
30.875 76.875 0.86921
30.875 77.125 0.67798
30.875 77.375 0.42668
30.875 77.625 0.20001
30.875 77.875 0.31901
30.875 78.125 0.29332
30.875 78.375 0.055534
30.875 78.625 -0.08311
30.875 78.875 0.066315
30.875 79.125 0.12066
30.875 79.375 NaN
30.875 79.625 NaN
30.875 79.875 NaN
31.125 74.875 0.85425
31.125 75.125 2.4527
31.125 75.375 1.4081
31.125 75.625 0.91206
31.125 75.875 0.45023
31.125 76.125 0.29177
31.125 76.375 -0.073992
31.125 76.625 0.004944
31.125 76.875 1.168
31.125 77.125 0.58659
31.125 77.375 0.27779
31.125 77.625 0.76723
31.125 77.875 -0.35102
31.125 78.125 -0.40493
31.125 78.375 -0.29246
31.125 78.625 -0.16844
31.125 78.875 NaN
31.125 79.125 NaN
31.375 74.875 0.14232
31.375 75.125 2.2081
31.375 75.375 1.093
31.375 75.625 -0.029117
31.375 75.875 0.24505
31.375 76.125 0.40133
31.375 76.375 0.75857
31.375 76.625 -0.28928
31.375 76.875 4.7198e-05
31.375 77.125 0.51788
31.375 77.375 0.4564
31.375 77.625 -0.58921
31.375 77.875 -0.56335
31.375 78.125 -0.45284
31.375 78.375 -0.38294
31.375 78.625 -0.53275
31.625 74.875 -0.32468
31.625 75.125 -0.27501
31.625 75.375 0.062375
31.625 75.625 -0.10393
31.625 75.875 -1.3914
31.625 76.125 -0.066554
31.625 76.375 -0.26661
31.625 76.625 0.14697
31.625 76.875 -0.11718
31.625 77.125 0.36242
31.625 77.375 0.37345
31.625 77.625 -0.40371
31.625 77.875 -0.54088
31.625 78.125 -0.64875
31.625 78.375 -0.61008
31.625 78.625 -0.38716
31.875 74.875 -0.50269
31.875 75.125 -0.70215
31.875 75.375 -0.45688
31.875 75.625 -0.04767
31.875 75.875 -0.33863
31.875 76.125 0.063845
31.875 76.375 0.12475
31.875 76.625 0.012256
31.875 76.875 0.14441
31.875 77.125 -0.057948
31.875 77.375 -0.42116
31.875 77.625 -0.24787
31.875 77.875 -0.4375
31.875 78.125 -0.40811
31.875 78.375 -0.44431
31.875 78.625 -0.30889
32.125 75.375 -0.05021
32.125 75.625 0.19182
32.125 75.875 0.26385
32.125 76.125 0.58058
32.125 76.375 0.00019432
32.125 76.625 -0.27169
32.125 76.875 0.087431
32.125 77.125 -0.11691
32.125 77.375 -0.57412
32.125 77.625 -0.72566
32.125 77.875 -0.71484
32.125 78.125 -0.67795
32.125 78.375 -0.40772
32.375 75.375 0.1736
32.375 75.625 0.33991
32.375 75.875 0.10532
32.375 76.125 -0.92493
32.375 76.375 -0.82234
32.375 76.625 -0.93327
32.375 76.875 -0.47554
32.375 77.125 -0.22622
32.375 77.375 -0.68556
32.375 77.625 -0.71157
32.375 77.875 -0.98624
32.375 78.125 -0.66091
32.375 78.375 -0.31132
32.625 74.875 -0.032724
32.625 75.125 0.2271
32.625 75.375 0.26122
32.625 75.625 0.24053
32.625 75.875 -0.28204
32.625 76.125 -0.55671
32.625 76.375 -1.0037
32.625 76.625 -0.52539
32.625 76.875 -0.23847
32.625 77.125 -0.25184
32.625 77.375 -0.46881
32.625 77.625 -0.50754
32.625 77.875 -0.79192
32.625 78.125 -0.65936
32.625 78.375 -0.20042
32.625 78.625 -0.24349
32.625 78.875 -0.2597
32.625 79.125 -0.17103
32.625 79.375 -0.29706
32.875 74.375 0.281
32.875 74.625 0.28447
32.875 74.875 0.37148
32.875 75.125 0.24627
32.875 75.375 0.22093
32.875 75.625 0.16564
32.875 75.875 0.025765
32.875 76.125 -0.11976
32.875 76.375 0.068838
32.875 76.625 -0.0011661
32.875 76.875 -0.032642
32.875 77.125 0.056794
32.875 77.375 -0.11938
32.875 77.625 -0.49608
32.875 77.875 -0.91545
32.875 78.125 -0.21915
32.875 78.375 -0.16804
32.875 78.625 -0.33135
32.875 78.875 -0.25982
32.875 79.125 -0.43242
32.875 79.375 -0.55387
33.125 73.875 -0.23172
33.125 74.125 -0.21291
33.125 74.375 0.17955
33.125 74.625 0.40984
33.125 74.875 0.43836
33.125 75.125 0.25826
33.125 75.375 -0.44887
33.125 75.625 -0.44015
33.125 75.875 -0.063655
33.125 76.125 0.1754
33.125 76.375 0.29136
33.125 76.625 0.12952
33.125 76.875 0.086944
33.125 77.125 -0.066151
33.125 77.375 -0.27009
33.125 77.625 0.1899
33.125 77.875 0.59129
33.125 78.125 0.65092
33.125 78.375 -0.34416
33.125 78.625 -0.27523
33.125 78.875 -0.44038
33.125 79.125 -0.4534
33.375 73.875 -0.31365
33.375 74.125 -0.26172
33.375 74.375 -0.2279
33.375 74.625 0.022859
33.375 74.875 0.14478
33.375 75.125 -0.45485
33.375 75.375 -0.52364
33.375 75.625 -0.47696
33.375 75.875 0.15701
33.375 76.125 0.61645
33.375 76.375 1.095
33.375 76.625 0.72124
33.375 76.875 -0.075006
33.375 77.125 0.070068
33.375 77.375 -0.32446
33.375 77.625 0.376
33.375 77.875 0.28047
33.375 78.125 0.0025367
33.375 78.375 0.18925
33.375 78.625 -0.07798
33.375 78.875 -0.30985
33.625 73.875 -0.30987
33.625 74.125 0.0025792
33.625 74.375 -0.44865
33.625 74.625 -0.82211
33.625 74.875 -0.45165
33.625 75.125 -0.36401
33.625 75.375 -0.299
33.625 75.625 -0.20191
33.625 75.875 0.034719
33.625 76.125 0.42872
33.625 76.375 0.58307
33.625 76.625 0.045089
33.625 76.875 -0.012736
33.625 77.125 -0.34278
33.625 77.375 -0.3382
33.625 77.625 -0.21254
33.625 77.875 -0.039392
33.625 78.125 -0.040801
33.625 78.375 0.23141
33.625 78.625 0.15555
33.625 78.875 -0.46753
33.875 73.875 -0.33234
33.875 74.125 0.13117
33.875 74.375 -0.29517
33.875 74.625 -0.50768
33.875 74.875 -0.51829
33.875 75.125 0.23965
33.875 75.375 0.078685
33.875 75.625 -0.063622
33.875 75.875 -0.5458
33.875 76.125 -0.92607
33.875 76.375 -0.65643
33.875 76.625 -0.25381
33.875 76.875 -0.23031
33.875 77.125 -0.43503
33.875 77.375 -0.45862
33.875 77.625 -0.28256
33.875 77.875 -0.16745
33.875 78.125 -0.27095
33.875 78.375 -0.12682
33.875 78.625 -0.31882
33.875 78.875 -0.1393
34.125 73.625 -0.88246
34.125 73.875 -0.66508
34.125 74.125 0.19203
34.125 74.375 -1.0375
34.125 74.625 -0.64935
34.125 74.875 -0.56203
34.125 75.125 -0.21515
34.125 75.375 0.054847
34.125 75.625 -0.73911
34.125 75.875 -1.1334
34.125 76.125 -1.1592
34.125 76.375 -0.63087
34.125 76.625 -0.39881
34.125 76.875 -0.51929
34.125 77.125 -0.46702
34.125 77.375 -0.42416
34.125 77.625 -0.4638
34.125 77.875 -0.26098
34.125 78.125 -0.44375
34.125 78.375 -0.2493
34.125 78.625 0.018601
34.125 78.875 0.011959
34.125 79.125 -0.31947
34.125 79.375 -0.22213
34.375 73.625 -1.1234
34.375 73.875 -1.2644
34.375 74.125 -1.4158
34.375 74.375 -1.3883
34.375 74.625 -1.1623
34.375 74.875 -0.77778
34.375 75.125 -0.19771
34.375 75.375 -0.57714
34.375 75.625 -0.76039
34.375 75.875 -1.0317
34.375 76.125 -0.89225
34.375 76.375 -0.38932
34.375 76.625 -0.51557
34.375 76.875 -0.59755
34.375 77.125 -0.47089
34.375 77.375 -0.45861
34.375 77.625 -0.40035
34.375 77.875 -0.49914
34.375 78.125 -0.40253
34.375 78.375 -0.48364
34.375 78.625 -0.02674
34.375 78.875 -0.028294
34.375 79.125 -0.3069
34.375 79.375 -0.2319
34.625 73.875 -1.2092
34.625 74.125 -1.6463
34.625 74.375 -1.5675
34.625 74.625 -1.197
34.625 74.875 -0.77039
34.625 75.125 -0.24472
34.625 75.375 -0.82679
34.625 75.625 -0.88894
34.625 75.875 -0.77248
34.625 76.125 -0.55689
34.625 76.375 -0.52522
34.625 76.625 -0.64468
34.625 76.875 -0.66452
34.625 77.125 -0.71295
34.625 77.375 -0.74065
34.625 77.625 -0.66375
34.625 77.875 -0.54731
34.625 78.125 -0.63362
34.625 78.375 -0.623
34.625 78.625 -0.2124
34.625 78.875 -0.25674
34.625 79.125 -0.61901
34.625 79.375 -0.70835
34.625 79.625 -0.66206
34.875 74.125 -0.95872
34.875 74.375 -1.3495
34.875 74.625 -1.1645
34.875 74.875 -1.009
34.875 75.125 -0.91126
34.875 75.375 -1.2593
34.875 75.625 -0.96133
34.875 75.875 -0.72311
34.875 76.125 -0.5
34.875 76.375 -0.61677
34.875 76.625 -0.68179
34.875 76.875 -0.7449
34.875 77.125 -0.73895
34.875 77.375 -0.71509
34.875 77.625 -0.90426
34.875 77.875 -0.60152
34.875 78.125 -0.74227
34.875 78.375 -0.59411
34.875 78.625 -0.19226
34.875 78.875 -0.39856
34.875 79.125 -0.5981
34.875 79.375 -0.54231
34.875 79.625 -0.92172
34.875 79.875 -0.7236
35.125 74.375 -1.4785
35.125 74.625 -1.3621
35.125 74.875 -0.9906
35.125 75.125 -0.93335
35.125 75.375 -1.3386
35.125 75.625 -0.85102
35.125 75.875 -0.66879
35.125 76.125 -0.83983
35.125 76.375 -0.59533
35.125 76.625 -0.67786
35.125 76.875 -0.95078
35.125 77.125 -0.90531
35.125 77.375 -0.95222
35.125 77.625 -0.59372
35.125 77.875 -0.84802
35.125 78.125 -0.525
35.125 78.375 -0.55332
35.125 78.625 -0.48195
35.125 78.875 -0.17907
35.125 79.125 -0.21614
35.125 79.375 -0.46344
35.125 79.625 -0.88259
35.125 79.875 -0.71611
35.375 73.875 -1.6086
35.375 74.125 -1.5658
35.375 74.375 -1.8272
35.375 74.625 -1.7608
35.375 74.875 -1.2494
35.375 75.125 -1.0091
35.375 75.375 -1.0401
35.375 75.625 -1.1494
35.375 75.875 -0.92503
35.375 76.125 -0.59325
35.375 76.375 -0.59003
35.375 76.625 -0.94282
35.375 76.875 -0.83506
35.375 77.125 -0.94794
35.375 77.375 -0.68071
35.375 77.625 -0.6982
35.375 77.875 -0.73622
35.375 78.125 -0.67679
35.375 78.375 -0.53704
35.375 78.625 -0.68541
35.375 78.875 -0.72281
35.375 79.125 -0.34011
35.375 79.375 -0.77454
35.375 79.625 -0.72114
35.375 79.875 -0.58414
35.375 80.125 NaN
35.625 73.375 -1.609
35.625 73.625 -1.6773
35.625 73.875 -1.5884
35.625 74.125 -1.7042
35.625 74.375 -1.8842
35.625 74.625 -1.6685
35.625 74.875 -1.2137
35.625 75.125 -1.2234
35.625 75.375 -1.2087
35.625 75.625 -1.1676
35.625 75.875 -1.0473
35.625 76.125 -0.79734
35.625 76.375 -0.97052
35.625 76.625 -0.64792
35.625 76.875 -0.58408
35.625 77.125 -0.90581
35.625 78.375 -0.87123
35.625 78.625 -1.0284
35.625 78.875 -0.7599
35.625 79.125 -0.55977
35.625 79.375 -0.72226
35.625 79.625 -0.84311
35.625 79.875 -0.67248
35.625 80.125 -0.58783
35.875 73.125 1.6689
35.875 73.375 -0.060848
35.875 73.625 -0.63454
35.875 73.875 -1.0374
35.875 74.125 -1.2618
35.875 74.375 -1.3447
35.875 74.625 -1.354
35.875 74.875 -1.1248
35.875 75.125 -0.98202
35.875 75.375 -1.1897
35.875 75.625 -1.2126
35.875 75.875 -1.0832
35.875 76.125 -0.89268
35.875 76.375 -1.1173
35.875 76.625 -0.80197
35.875 79.375 -0.51238
36.125 72.625 2.9738
36.125 72.875 NaN
36.125 73.125 NaN
36.125 73.375 0.45837
36.125 73.625 -0.35502
36.125 73.875 -0.69861
36.125 74.125 -0.87329
36.125 74.375 -0.92194
36.125 74.625 -0.99008
36.125 74.875 -0.98401
36.125 75.125 -1.2962
36.125 75.375 -1.3246
36.125 75.625 -1.1128
36.125 75.875 -1.164
36.125 76.125 -1.3288
36.125 76.375 -1.1813
36.125 76.625 -1.2473
36.375 73.125 2.6471
36.375 73.375 1.0611
36.375 73.625 0.65771
36.375 73.875 -0.16211
36.375 74.125 -0.49099
36.375 74.375 -0.67596
36.375 74.625 -0.9127
36.375 74.875 -1.3654
36.375 75.125 -1.5055
36.375 75.375 -1.6545
36.375 75.625 -1.8423
36.375 75.875 -1.5021
36.375 76.125 -1.6133
36.625 73.375 2.1196
36.625 73.625 0.93474
36.625 73.875 0.26781
36.625 74.125 -0.29014
36.625 74.375 0.22134
36.625 74.625 -0.64336
36.625 74.875 -1.4273
36.625 75.125 -1.7474
36.625 75.375 -1.7294
36.625 75.625 -1.1663
36.875 73.875 0.24003
36.875 74.375 -0.066444
36.875 74.625 -0.54009
36.875 74.875 -0.98823
36.875 75.125 -1.2002
36.875 75.375 -1.2687
