8.125 77.375 0.90682
8.375 77.125 -0.44391
8.375 77.375 0.97068
8.375 77.625 0.18506
8.375 77.875 0.12841
8.625 76.875 -0.31964
8.625 77.125 0.20795
8.625 77.375 0.67684
8.625 77.625 0.33074
8.625 77.875 0.4514
8.875 76.875 1.1877
8.875 77.125 0.67881
8.875 77.375 0.01847
8.875 77.625 0.40762
8.875 77.875 -0.040843
9.125 76.625 0.43016
9.125 76.875 0.80179
9.125 77.125 0.26291
9.125 77.375 0.15595
9.125 77.625 0.4251
9.125 77.875 0.47778
9.125 78.125 0.51454
9.125 78.375 NaN
9.375 76.625 0.282
9.375 76.875 1.1149
9.375 77.125 0.034019
9.375 77.375 0.11734
9.375 77.625 0.58111
9.375 77.875 0.55107
9.375 78.125 0.99493
9.375 78.375 1.6322
9.375 78.625 0.3761
9.375 78.875 NaN
9.625 76.375 0.13901
9.625 76.625 0.91343
9.625 76.875 1.6982
9.625 77.125 1.4749
9.625 77.375 0.23334
9.625 77.625 0.77666
9.625 77.875 2.6033
9.625 78.125 1.7573
9.625 78.375 1.4302
9.625 78.625 1.1607
9.875 76.625 0.60675
9.875 76.875 0.77418
9.875 77.125 1.2515
9.875 77.375 1.1578
9.875 77.625 1.3451
9.875 77.875 1.8132
9.875 78.125 1.2142
9.875 78.375 0.62001
9.875 78.625 0.8343
9.875 78.875 0.85242
10.125 76.375 0.50043
10.125 76.625 0.84782
10.125 76.875 2.1139
10.125 77.125 2.6958
10.125 77.375 2.0173
10.125 77.625 0.86531
10.125 77.875 1.1447
10.125 78.125 0.7454
10.125 78.375 1.0097
10.125 78.625 0.39315
10.125 78.875 1.2492
10.125 79.125 1.323
10.375 76.375 0.12097
10.375 76.625 0.71333
10.375 76.875 1.8796
10.375 77.125 0.84573
10.375 77.375 0.65334
10.375 77.625 0.90489
10.375 77.875 0.56517
10.375 78.125 0.51857
10.375 78.375 -0.066384
10.375 78.625 0.22456
10.375 78.875 0.11223
10.375 79.125 1.764
10.375 79.375 NaN
10.375 79.625 NaN
10.625 76.125 0.11223
10.625 76.375 0.8493
10.625 76.625 0.057254
10.625 76.875 0.66038
10.625 77.125 -0.012361
10.625 77.375 0.13686
10.625 77.625 1.0434
10.625 77.875 0.48946
10.625 78.125 -0.4184
10.625 78.375 0.45077
10.625 78.625 0.82051
10.625 78.875 1.3483
10.625 79.125 1.2416
10.625 79.375 1.5311
10.625 79.625 0.46343
10.875 76.125 0.97553
10.875 76.375 1.8676
10.875 76.625 0.49908
10.875 76.875 0.31865
10.875 77.125 1.0645
10.875 77.375 0.99183
10.875 77.625 1.5916
10.875 77.875 0.80481
10.875 78.125 0.66972
10.875 78.375 0.87527
10.875 78.625 1.4584
10.875 78.875 1.0097
10.875 79.125 0.66
10.875 79.375 0.47524
10.875 79.625 0.19038
11.125 76.125 0.98296
11.125 76.375 2.2058
11.125 76.625 0.32671
11.125 76.875 1.6801
11.125 77.125 2.0661
11.125 77.375 3.0933
11.125 77.625 1.7178
11.125 77.875 1.2888
11.125 78.125 1.753
11.125 78.375 2.0148
11.125 78.625 2.2562
11.125 78.875 1.2016
11.125 79.125 1.4309
11.125 79.375 0.92358
11.125 79.625 0.28867
11.375 75.875 0.47253
11.375 76.125 1.5995
11.375 76.375 2.3892
11.375 76.625 1.7459
11.375 76.875 1.6439
11.375 77.125 2.8749
11.375 77.375 1.6546
11.375 77.625 1.5716
11.375 77.875 3.2048
11.375 78.125 2.5434
11.375 78.375 2.5457
11.375 78.625 1.3855
11.375 78.875 1.5111
11.375 79.125 1.8673
11.375 79.375 1.0684
11.375 79.625 0.86381
11.625 75.875 1.7912
11.625 76.125 2.2376
11.625 76.375 3.2555
11.625 76.625 3.1157
11.625 76.875 2.516
11.625 77.125 2.8234
11.625 77.375 3.0598
11.625 77.625 3.0864
11.625 77.875 2.1319
11.625 78.125 0.07242
11.625 78.375 -0.15119
11.625 78.625 1.5597
11.625 78.875 1.1097
11.625 79.125 0.62271
11.625 79.375 0.77535
11.625 79.625 NaN
11.875 75.625 NaN
11.875 75.875 0.69027
11.875 76.125 1.374
11.875 76.375 3.6301
11.875 76.625 2.6327
11.875 76.875 0.81127
11.875 77.125 2.4964
11.875 77.375 3.4953
11.875 77.625 3.3732
11.875 77.875 1.2424
11.875 78.125 2.6235
11.875 78.375 1.1851
11.875 78.625 1.4819
11.875 78.875 1.3212
11.875 79.125 0.22414
11.875 79.375 0.69208
11.875 79.625 0.91741
12.125 75.375 0.56934
12.125 75.625 1.3883
12.125 75.875 1.2492
12.125 76.125 2.8687
12.125 76.375 1.8238
12.125 76.625 4.1138
12.125 76.875 2.304
12.125 77.125 2.662
12.125 77.375 3.4889
12.125 77.625 3.3747
12.125 77.875 2.1518
12.125 78.125 3.4474
12.125 78.375 3.2478
12.125 78.625 2.8119
12.125 78.875 2.3006
12.125 79.125 0.62264
12.125 79.375 0.61426
12.125 79.625 0.56221
12.375 75.125 0.25577
12.375 75.375 0.50343
12.375 75.625 0.6082
12.375 75.875 1.6334
12.375 76.125 1.1119
12.375 76.375 4.9525
12.375 76.625 5.0855
12.375 76.875 1.4159
12.375 77.125 3.0598
12.375 77.375 2.3454
12.375 77.625 2.4804
12.375 77.875 1.6809
12.375 78.125 2.4621
12.375 78.375 2.2277
12.375 78.625 2.1628
12.375 78.875 1.9326
12.375 79.125 0.58842
12.375 79.375 0.42832
12.375 79.625 0.32189
12.375 79.875 0.19273
12.625 75.125 -0.57306
12.625 75.375 -0.49326
12.625 75.625 0.74661
12.625 75.875 2.2496
12.625 76.125 1.7269
12.625 76.375 3.4705
12.625 76.625 3.9049
12.625 76.875 4.7816
12.625 77.125 4.5408
12.625 77.375 3.0967
12.625 77.625 3.7403
12.625 77.875 2.9424
12.625 78.125 2.9736
12.625 78.375 2.443
12.625 78.625 1.837
12.625 78.875 1.463
12.625 79.125 1.2607
12.625 79.375 0.76407
12.625 79.625 0.8368
12.625 79.875 -0.12955
12.875 75.125 0.34283
12.875 75.375 1.4415
12.875 75.625 1.3948
12.875 75.875 5.6777
12.875 76.125 4.9192
12.875 76.375 4.3279
12.875 76.625 5.0715
12.875 76.875 3.9899
12.875 77.125 3.8286
12.875 77.375 4.0931
12.875 77.625 2.7023
12.875 77.875 4.2491
12.875 78.125 3.9894
12.875 78.375 3.037
12.875 78.625 1.1283
12.875 78.875 1.4851
12.875 79.125 2.3935
12.875 79.375 1.8706
12.875 79.625 0.89535
12.875 79.875 0.36451
13.125 74.875 NaN
13.125 75.125 0.47557
13.125 75.375 0.09768
13.125 75.625 2.6329
13.125 75.875 4.5185
13.125 76.125 3.506
13.125 76.375 5.3668
13.125 76.625 3.0567
13.125 76.875 3.0968
13.125 77.125 3.7877
13.125 77.375 4.1674
13.125 77.625 3.7888
13.125 77.875 3.7344
13.125 78.125 3.1553
13.125 78.375 1.894
13.125 78.625 1.6541
13.125 78.875 1.265
13.125 79.125 1.2007
13.125 79.375 1.7351
13.125 79.625 1.724
13.125 79.875 0.94889
13.125 80.125 0.86462
13.375 74.875 NaN
13.375 75.125 0.67061
13.375 75.375 0.39961
13.375 75.625 1.174
13.375 75.875 2.7818
13.375 76.125 4.1742
13.375 76.375 3.2578
13.375 76.625 4.5192
13.375 76.875 4.0405
13.375 77.125 5.1266
13.375 77.375 3.7855
13.375 77.625 3.5624
13.375 77.875 2.7181
13.375 78.125 1.5854
13.375 78.375 1.8495
13.375 78.625 2.3847
13.375 78.875 1.9763
13.375 79.125 0.98594
13.375 79.375 1.1195
13.375 79.625 0.13512
13.375 79.875 0.36885
13.375 80.125 0.88152
13.625 74.875 -0.32298
13.625 75.125 1.2197
13.625 75.375 1.0764
13.625 75.625 1.9512
13.625 75.875 3.0141
13.625 76.125 3.8644
13.625 76.375 4.5566
13.625 76.625 3.9303
13.625 76.875 4.5149
13.625 77.125 3.9099
13.625 77.375 2.4274
13.625 77.625 1.8511
13.625 77.875 2.5705
13.625 78.125 1.6726
13.625 78.375 1.6885
13.625 78.625 1.4594
13.625 78.875 1.5232
13.625 79.125 1.2105
13.625 79.375 0.75757
13.625 79.625 -0.14125
13.625 79.875 -0.00016102
13.625 80.125 0.80178
13.875 74.875 1.0097
13.875 75.125 1.1409
13.875 75.375 1.6974
13.875 75.625 1.3827
13.875 75.875 3.2245
13.875 76.125 2.2309
13.875 76.375 4.2478
13.875 76.625 5.1049
13.875 76.875 5.0116
13.875 77.125 2.4604
13.875 77.375 3.1201
13.875 77.625 2.1606
13.875 77.875 2.4338
13.875 78.125 2.5076
13.875 78.375 2.6068
13.875 78.625 2.2043
13.875 78.875 1.2941
13.875 79.125 0.41329
13.875 79.375 0.38186
13.875 79.625 0.75151
13.875 79.875 0.30732
14.125 74.625 0.11113
14.125 74.875 0.78519
14.125 75.125 0.93243
14.125 75.375 3.6563
14.125 75.625 0.52185
14.125 75.875 3.0263
14.125 76.125 2.0739
14.125 76.375 1.7416
14.125 76.625 2.4655
14.125 76.875 4.4401
14.125 77.125 1.5755
14.125 77.375 3.3754
14.125 77.625 2.3405
14.125 77.875 2.0526
14.125 78.125 1.5303
14.125 78.375 2.0368
14.125 78.625 1.9468
14.125 78.875 1.6413
14.125 79.125 1.0623
14.125 79.375 0.92895
14.125 79.625 1.322
14.125 79.875 1.3725
14.375 74.625 -0.32538
14.375 74.875 0.67974
14.375 75.125 1.014
14.375 75.375 0.49119
14.375 75.625 2.5792
14.375 75.875 3.6409
14.375 76.125 1.9109
14.375 76.375 1.3302
14.375 76.625 1.7314
14.375 76.875 2.8897
14.375 77.125 2.4628
14.375 77.375 2.7484
14.375 77.625 1.6986
14.375 77.875 1.484
14.375 78.125 1.4454
14.375 78.375 1.1866
14.375 78.625 0.9135
14.375 78.875 1.3806
14.375 79.125 2.7227
14.375 79.375 3.4822
14.375 79.625 1.6497
14.375 79.875 2.0388
14.625 74.375 NaN
14.625 74.625 -0.45453
14.625 74.875 -0.050273
14.625 75.125 0.44457
14.625 75.375 1.2117
14.625 75.625 2.1783
14.625 75.875 2.7751
14.625 76.125 1.9959
14.625 76.375 1.5672
14.625 76.625 1.6801
14.625 76.875 2.6581
14.625 77.125 3.3148
14.625 77.375 2.2264
14.625 77.625 1.6637
14.625 77.875 1.2245
14.625 78.125 1.1078
14.625 78.375 0.66588
14.625 78.625 0.85068
14.625 78.875 0.91685
14.625 79.125 2.124
14.625 79.375 3.2333
14.625 79.625 1.932
14.625 79.875 2.0335
14.875 74.375 0.026838
14.875 74.625 -0.48496
14.875 74.875 0.21934
14.875 75.125 0.76079
14.875 75.375 0.45882
14.875 75.625 2.7328
14.875 75.875 2.8352
14.875 76.125 1.2106
14.875 76.375 1.1314
14.875 76.625 2.3273
14.875 76.875 2.853
14.875 77.125 3.008
14.875 77.375 2.0811
14.875 77.625 1.2909
14.875 77.875 1.0035
14.875 78.125 0.48652
14.875 78.375 0.026708
14.875 78.625 -0.15794
14.875 78.875 0.47546
14.875 79.125 1.1882
14.875 79.375 1.0879
14.875 79.625 1.8729
14.875 79.875 1.8736
15.125 74.125 0.44913
15.125 74.375 0.83148
15.125 74.625 0.49435
15.125 74.875 0.6651
15.125 75.125 1.2438
15.125 75.375 2.5109
15.125 75.625 3.265
15.125 75.875 1.359
15.125 76.125 1.3835
15.125 76.375 1.8023
15.125 76.625 2.6941
15.125 76.875 1.7747
15.125 77.125 1.5384
15.125 77.375 0.73344
15.125 77.625 0.85899
15.125 77.875 0.83219
15.125 78.125 -0.18911
15.125 78.375 0.072731
15.125 78.625 0.29614
15.125 78.875 0.59404
15.125 79.125 0.64898
15.125 79.375 1.0528
15.125 79.625 1.3257
15.125 79.875 1.2539
15.375 73.875 -0.64764
15.375 74.125 0.46649
15.375 74.375 1.0243
15.375 74.625 0.20306
15.375 74.875 0.87142
15.375 75.125 2.5652
15.375 75.375 2.3293
15.375 75.625 1.7013
15.375 75.875 1.3886
15.375 76.125 1.3952
15.375 76.375 1.7758
15.375 76.625 1.136
15.375 76.875 1.5167
15.375 77.125 1.3322
15.375 77.375 1.0271
15.375 77.625 0.99855
15.375 77.875 1.3185
15.375 78.125 -0.031617
15.375 78.375 -0.23359
15.375 78.625 0.73345
15.375 78.875 1.248
15.375 79.125 -0.14006
15.375 79.375 -0.4477
15.375 79.625 -0.068364
15.375 79.875 0.43829
15.625 73.875 -0.47717
15.625 74.125 -0.5313
15.625 74.375 -0.77575
15.625 74.625 0.68894
15.625 74.875 1.8838
15.625 75.125 2.1272
15.625 75.375 1.1212
15.625 75.625 0.92048
15.625 75.875 1.7705
15.625 76.125 1.683
15.625 76.375 0.67697
15.625 76.625 0.3973
15.625 76.875 0.72053
15.625 77.125 0.67986
15.625 77.375 0.59182
15.625 77.625 1.179
15.625 77.875 1.5095
15.625 78.125 -0.034274
15.625 78.375 -0.058018
15.625 78.625 -0.7663
15.625 78.875 0.91114
15.625 79.125 -0.27364
15.625 79.375 -0.3345
15.625 79.625 1.6638
15.625 79.875 1.0692
15.625 80.125 1.2752
15.875 73.875 0.76512
15.875 74.125 0.32921
15.875 74.375 0.23782
15.875 74.625 0.52808
15.875 74.875 1.6969
15.875 75.125 2.727
15.875 75.375 1.7169
15.875 75.625 0.79214
15.875 75.875 0.25728
15.875 76.125 1.9635
15.875 76.375 1.8513
15.875 76.625 1.2215
15.875 76.875 0.91554
15.875 77.125 0.17842
15.875 77.375 0.5382
15.875 77.625 0.73725
15.875 77.875 0.98317
15.875 78.125 0.75273
15.875 78.375 0.64853
15.875 78.625 0.091543
15.875 78.875 -0.18337
15.875 79.125 -0.38549
15.875 79.375 1.2891
15.875 79.625 0.85857
15.875 79.875 0.89462
15.875 80.125 1.3344
15.875 80.375 1.2717
15.875 80.625 NaN
15.875 80.875 0.51761
16.125 73.625 0.1938
16.125 73.875 -0.19738
16.125 74.125 0.10952
16.125 74.375 0.70276
16.125 74.625 1.3074
16.125 74.875 2.707
16.125 75.125 2.7224
16.125 75.375 2.3714
16.125 75.625 1.2786
16.125 75.875 0.71379
16.125 76.125 2.0591
16.125 76.375 1.9549
16.125 76.625 0.9608
16.125 76.875 0.66118
16.125 77.125 0.9057
16.125 77.375 0.83894
16.125 77.625 0.37353
16.125 77.875 0.61528
16.125 78.125 0.48133
16.125 78.375 1.3581
16.125 78.625 1.1954
16.125 78.875 0.2263
16.125 79.125 0.23665
16.125 79.375 1.6912
16.125 79.625 1.1393
16.125 79.875 0.76604
16.125 80.125 0.33411
16.125 80.375 0.24652
16.125 80.625 0.43846
16.125 80.875 0.44098
16.375 73.625 -0.15488
16.375 73.875 0.11795
16.375 74.125 0.84452
16.375 74.375 1.245
16.375 74.625 2.5483
16.375 74.875 3.1073
16.375 75.125 3.2507
16.375 75.375 2.5305
16.375 75.625 1.3979
16.375 75.875 1.1833
16.375 76.125 2.3754
16.375 76.375 1.3975
16.375 76.625 0.80718
16.375 76.875 1.314
16.375 77.125 1.4897
16.375 77.375 1.529
16.375 77.625 1.0949
16.375 77.875 0.19847
16.375 78.125 0.82031
16.375 78.375 3.6441
16.375 78.625 2.7763
16.375 78.875 -0.008455
16.375 79.125 1.1377
16.375 79.375 0.84613
16.375 79.625 0.57603
16.375 79.875 0.27732
16.375 80.125 -0.17592
16.375 80.375 -0.35049
16.375 80.625 -0.054603
16.375 80.875 0.10878
16.375 81.125 0.22231
16.375 81.375 NaN
16.375 81.625 NaN
16.625 73.625 0.43819
16.625 73.875 1.5346
16.625 74.125 0.41689
16.625 74.375 0.1809
16.625 74.625 1.3928
16.625 74.875 1.5803
16.625 75.125 2.0066
16.625 75.375 1.9839
16.625 75.625 2.5419
16.625 75.875 1.2683
16.625 76.125 1.4011
16.625 76.375 1.4453
16.625 76.625 1.1498
16.625 76.875 0.92996
16.625 77.125 2.115
16.625 77.375 2.0268
16.625 77.625 1.2019
16.625 77.875 1.3701
16.625 78.125 2.3103
16.625 78.375 2.9116
16.625 78.625 1.9768
16.625 78.875 0.25301
16.625 79.125 -0.23887
16.625 79.375 0.26788
16.625 79.625 0.29966
16.625 79.875 -0.13702
16.625 80.125 0.61257
16.625 80.375 0.8039
16.625 80.625 0.90044
16.625 80.875 0.18077
16.625 81.125 1.116
16.625 81.375 1.0115
16.625 81.625 0.82625
16.625 81.875 0.90108
16.625 82.125 0.85904
16.875 73.375 1.0985
16.875 73.625 1.7083
16.875 73.875 1.5602
16.875 74.125 -1.0415
16.875 74.375 -0.27491
16.875 74.625 1.6693
16.875 74.875 1.0415
16.875 75.125 1.1863
16.875 75.375 2.3373
16.875 75.625 2.1848
16.875 75.875 1.0875
16.875 76.125 0.64961
16.875 76.375 0.93712
16.875 76.625 1.8481
16.875 76.875 1.8407
16.875 77.125 1.7521
16.875 77.375 1.1641
16.875 77.625 1.392
16.875 77.875 2.9806
16.875 78.125 2.5548
16.875 78.375 1.9935
16.875 78.625 1.6302
16.875 78.875 1.3193
16.875 79.125 0.55648
16.875 79.375 0.95159
16.875 79.625 0.67252
16.875 79.875 0.51606
16.875 80.125 1.2938
16.875 80.375 1.1466
16.875 80.625 1.3693
16.875 80.875 3.152
16.875 81.125 0.96073
16.875 81.375 0.99003
16.875 81.625 1.0162
16.875 81.875 1.3146
16.875 82.125 1.091
17.125 73.375 0.6593
17.125 73.625 0.093101
17.125 73.875 -0.31934
17.125 74.125 -0.44994
17.125 74.375 -0.20692
17.125 74.625 0.88037
17.125 74.875 0.7497
17.125 75.125 0.53843
17.125 75.375 1.387
17.125 75.625 1.4213
17.125 75.875 1.057
17.125 76.125 0.98933
17.125 76.375 1.7708
17.125 76.625 1.8588
17.125 76.875 1.2962
17.125 77.125 1.1717
17.125 77.375 2.1389
17.125 77.625 2.06
17.125 77.875 2.4541
17.125 78.125 0.46644
17.125 78.375 2.2567
17.125 78.625 1.4613
17.125 78.875 2.2905
17.125 79.125 2.7159
17.125 79.375 1.788
17.125 79.625 1.273
17.125 79.875 1.2459
17.125 80.125 1.4296
17.125 80.375 1.214
17.125 80.625 1.4253
17.125 80.875 1.8196
17.125 81.125 1.8264
17.125 81.375 1.406
17.125 81.625 0.70498
17.125 81.875 0.207
17.125 82.125 0.76437
17.125 82.375 0.63343
17.375 73.375 -0.021428
17.375 73.625 -0.047893
17.375 73.875 0.20471
17.375 74.125 0.54886
17.375 74.375 0.54088
17.375 74.625 0.96687
17.375 74.875 0.35708
17.375 75.125 0.21174
17.375 75.375 0.38034
17.375 75.625 0.90627
17.375 75.875 -0.022433
17.375 76.125 1.1031
17.375 76.375 2.913
17.375 76.625 1.5839
17.375 76.875 1.2785
17.375 77.125 0.50272
17.375 77.375 1.8909
17.375 77.625 2.1688
17.375 77.875 0.24594
17.375 78.125 2.3338
17.375 78.375 2.0434
17.375 78.625 0.74012
17.375 78.875 3.3342
17.375 79.125 3.2285
17.375 79.375 2.2172
17.375 79.625 1.8702
17.375 79.875 1.4275
17.375 80.125 2.738
17.375 80.375 2.0933
17.375 80.625 1.3071
17.375 80.875 0.95014
17.375 81.125 0.96652
17.375 81.375 -0.064377
17.375 81.625 -0.0028817
17.375 81.875 0.11448
17.375 82.125 0.63217
17.375 82.375 0.57019
17.375 82.625 NaN
17.625 73.375 0.38686
17.625 73.625 -0.66821
17.625 73.875 -0.1594
17.625 74.125 0.54415
17.625 74.375 0.65512
17.625 74.625 0.84934
17.625 74.875 0.46636
17.625 75.125 0.29825
17.625 75.375 0.64244
17.625 75.625 0.74954
17.625 75.875 0.43856
17.625 76.125 2.8021
17.625 76.375 3.8838
17.625 76.625 2.3418
17.625 76.875 1.0319
17.625 77.125 1.1811
17.625 77.375 1.4923
17.625 77.625 2.7066
17.625 77.875 1.3629
17.625 78.125 1.6025
17.625 78.375 1.6629
17.625 78.625 1.3918
17.625 78.875 2.0852
17.625 79.125 1.7985
17.625 79.375 1.5463
17.625 79.625 2.2258
17.625 79.875 2.4135
17.625 80.125 2.6444
17.625 80.375 1.8643
17.625 80.625 1.1584
17.625 80.875 0.59758
17.625 81.125 0.43968
17.625 81.375 0.10636
17.625 81.625 0.072689
17.625 81.875 -0.088874
17.625 82.125 0.13424
17.625 82.375 0.23088
17.625 82.625 -0.089507
17.625 82.875 -0.022361
17.625 83.125 -0.11656
17.875 73.375 0.087128
17.875 73.625 -0.45488
17.875 73.875 0.066456
17.875 74.125 0.47033
17.875 74.375 0.61133
17.875 74.625 0.82512
17.875 74.875 0.70028
17.875 75.125 0.97012
17.875 75.375 0.81852
17.875 75.625 1.028
17.875 75.875 1.2034
17.875 76.125 1.712
17.875 76.375 2.253
17.875 76.625 1.8542
17.875 76.875 1.3959
17.875 77.125 1.4067
17.875 77.375 1.3411
17.875 77.625 1.6819
17.875 77.875 1.7916
17.875 78.125 2.1175
17.875 78.375 2.0375
17.875 78.625 1.766
17.875 78.875 2.4872
17.875 79.125 2.4673
17.875 79.375 0.60677
17.875 79.625 1.0345
17.875 79.875 2.3461
17.875 80.125 1.3949
17.875 80.375 1.6825
17.875 80.625 1.6538
17.875 80.875 0.83039
17.875 81.125 0.38013
17.875 81.375 0.47174
17.875 81.625 0.49137
17.875 81.875 0.19763
17.875 82.125 -0.14479
17.875 82.375 0.077052
17.875 82.625 0.55696
17.875 82.875 0.56381
17.875 83.125 -0.0079986
17.875 83.375 -0.043775
18.125 73.125 NaN
18.125 73.375 0.053289
18.125 73.625 -0.021904
18.125 73.875 0.16945
18.125 74.125 0.34388
18.125 74.375 0.47087
18.125 74.625 0.93061
18.125 74.875 1.0842
18.125 75.125 0.8859
18.125 75.375 0.41213
18.125 75.625 1.003
18.125 75.875 1.0229
18.125 76.125 1.1077
18.125 76.375 1.0978
18.125 76.625 1.434
18.125 76.875 1.9234
18.125 77.125 2.7994
18.125 77.375 1.3535
18.125 77.625 1.8342
18.125 77.875 2.6346
18.125 78.125 2.3
18.125 78.375 2.0651
18.125 78.625 2.3509
18.125 78.875 2.3296
18.125 79.125 1.7409
18.125 79.375 1.9184
18.125 79.625 1.5204
18.125 79.875 2.2188
18.125 80.125 0.63756
18.125 80.375 0.35544
18.125 80.625 2.1177
18.125 80.875 1.2258
18.125 81.125 0.016313
18.125 81.375 0.23495
18.125 81.625 0.58186
18.125 81.875 0.19357
18.125 82.125 -0.050563
18.125 82.375 0.050778
18.125 82.625 0.2833
18.125 82.875 0.46011
18.125 83.125 0.5901
18.125 83.375 1.1317
18.125 83.625 1.0337
18.375 73.125 -0.29218
18.375 73.375 -0.20393
18.375 73.625 -0.069093
18.375 73.875 0.15296
18.375 74.125 0.26961
18.375 74.375 0.89413
18.375 74.625 1.0742
18.375 74.875 1.3325
18.375 75.125 0.35572
18.375 75.375 1.3575
18.375 75.625 0.89344
18.375 75.875 0.54939
18.375 76.125 0.9136
18.375 76.375 0.79108
18.375 76.625 1.2402
18.375 76.875 1.9156
18.375 77.125 2.1547
18.375 77.375 1.6138
18.375 77.625 1.3499
18.375 77.875 1.9597
18.375 78.125 2.4721
18.375 78.375 2.4928
18.375 78.625 3.8519
18.375 78.875 2.9237
18.375 79.125 -0.84364
18.375 79.375 1.5971
18.375 79.625 1.7326
18.375 79.875 1.4729
18.375 80.125 0.88325
18.375 80.375 1.4148
18.375 80.625 1.3939
18.375 80.875 0.51249
18.375 81.125 0.16702
18.375 81.375 0.19394
18.375 81.625 0.48856
18.375 81.875 0.68388
18.375 82.125 0.87188
18.375 82.375 0.24827
18.375 82.625 0.37044
18.375 82.875 -0.016105
18.375 83.125 0.83708
18.375 83.375 0.56975
18.375 83.625 0.35893
18.375 83.875 0.35409
18.625 73.125 0.76037
18.625 73.375 0.047788
18.625 73.625 -0.17902
18.625 73.875 0.1869
18.625 74.125 0.40066
18.625 74.375 0.30919
18.625 74.625 0.65851
18.625 74.875 1.0732
18.625 75.125 -0.56755
18.625 75.375 0.19663
18.625 75.625 0.4015
18.625 75.875 0.41114
18.625 76.125 0.98972
18.625 76.375 1.1803
18.625 76.625 1.0857
18.625 76.875 1.3163
18.625 77.125 1.9913
18.625 77.375 1.2254
18.625 77.625 2.2449
18.625 77.875 2.7394
18.625 78.125 2.6338
18.625 78.375 2.9975
18.625 78.625 3.0533
18.625 78.875 2.7394
18.625 79.125 2.3519
18.625 79.375 1.787
18.625 79.625 1.9806
18.625 79.875 1.6612
18.625 80.125 1.5673
18.625 80.375 1.316
18.625 80.625 1.1799
18.625 80.875 0.56144
18.625 81.125 0.59728
18.625 81.375 0.72061
18.625 81.625 1.3762
18.625 81.875 1.5067
18.625 82.125 1.0025
18.625 82.375 0.56903
18.625 82.625 0.34865
18.625 82.875 0.41843
18.625 83.125 0.24495
18.625 83.375 0.10719
18.625 83.625 0.44053
18.625 83.875 1.0744
18.625 84.125 0.97948
18.875 73.125 0.74954
18.875 73.375 -0.66728
18.875 73.625 0.22851
18.875 73.875 0.2852
18.875 74.125 0.61388
18.875 74.375 1.5487
18.875 74.625 1.2998
18.875 74.875 0.89871
18.875 75.125 -0.13566
18.875 75.375 -0.11096
18.875 75.625 0.37384
18.875 75.875 0.53607
18.875 76.125 1.0881
18.875 76.375 1.2269
18.875 76.625 1.7984
18.875 76.875 1.5938
18.875 77.125 2.0368
18.875 77.375 2.4641
18.875 77.625 3.1539
18.875 77.875 4.0509
18.875 78.125 3.9391
18.875 78.375 2.9613
18.875 78.625 2.4621
18.875 78.875 2.6317
18.875 79.125 2.5833
18.875 79.375 1.8513
18.875 79.625 1.6794
18.875 79.875 1.8831
18.875 80.125 1.6979
18.875 80.375 1.3672
18.875 80.625 0.98293
18.875 80.875 0.80173
18.875 81.125 0.81436
18.875 81.375 1.9837
18.875 81.625 2.3535
18.875 81.875 2.1517
18.875 82.125 1.2819
18.875 82.375 0.79991
18.875 82.625 0.51537
18.875 82.875 0.28236
18.875 83.125 0.63529
18.875 83.375 1.1052
18.875 83.625 2.6191
18.875 83.875 2.679
18.875 84.125 -0.1359
18.875 84.375 -0.33196
19.125 73.125 -0.092809
19.125 73.375 0.31948
19.125 73.625 0.41826
19.125 73.875 0.59227
19.125 74.125 0.8753
19.125 74.375 2.7274
19.125 74.625 1.8346
19.125 74.875 0.79831
19.125 75.125 0.56844
19.125 75.375 0.1808
19.125 75.625 0.57356
19.125 75.875 0.74307
19.125 76.125 0.87705
19.125 76.375 0.73208
19.125 76.625 0.81357
19.125 76.875 0.44294
19.125 77.125 1.79
19.125 77.375 2.2407
19.125 77.625 2.7339
19.125 77.875 2.7261
19.125 78.125 3.0392
19.125 78.375 2.6783
19.125 78.625 2.5955
19.125 78.875 2.5776
19.125 79.125 2.2929
19.125 79.375 1.8625
19.125 79.625 2.0504
19.125 79.875 1.9304
19.125 80.125 1.774
19.125 80.375 1.5926
19.125 80.625 1.3339
19.125 80.875 1.315
19.125 81.125 1.3318
19.125 81.375 1.8657
19.125 81.625 2.5527
19.125 81.875 2.4193
19.125 82.125 1.0124
19.125 82.375 0.37182
19.125 82.625 0.1053
19.125 82.875 0.65757
19.125 83.125 0.59871
19.125 83.375 1.1752
19.125 83.625 2.7307
19.125 83.875 2.7803
19.125 84.125 0.65112
19.125 84.375 0.30072
19.125 84.625 0.18289
19.375 72.875 0.65113
19.375 73.125 0.5555
19.375 73.375 1.347
19.375 73.625 1.0692
19.375 73.875 0.56903
19.375 74.125 1.2818
19.375 74.375 2.4573
19.375 74.625 1.5849
19.375 74.875 1.1538
19.375 75.125 1.0327
19.375 75.375 0.88713
19.375 75.625 0.46188
19.375 75.875 0.12645
19.375 76.125 0.32095
19.375 76.375 -0.34917
19.375 76.625 -0.35909
19.375 76.875 0.093787
19.375 77.125 0.72198
19.375 77.375 1.1686
19.375 77.625 2.0751
19.375 77.875 1.9363
19.375 78.125 2.4347
19.375 78.375 2.4928
19.375 78.625 2.268
19.375 78.875 2.0226
19.375 79.125 1.7887
19.375 79.375 1.532
19.375 79.625 1.8293
19.375 79.875 1.774
19.375 80.125 1.5345
19.375 80.375 1.645
19.375 80.625 1.5557
19.375 80.875 1.9086
19.375 81.125 1.5911
19.375 81.375 1.082
19.375 81.625 1.3903
19.375 81.875 1.5995
19.375 82.125 1.9058
19.375 82.375 0.48186
19.375 82.625 0.016434
19.375 82.875 0.62663
19.375 83.125 0.23339
19.375 83.375 0.83833
19.375 83.625 1.7723
19.375 83.875 1.7097
19.375 84.125 1.0024
19.375 84.375 0.86535
19.375 84.625 0.87891
19.375 84.875 0.8912
19.625 72.875 0.47701
19.625 73.125 1.2774
19.625 73.375 1.6206
19.625 73.625 1.3644
19.625 73.875 0.61979
19.625 74.125 0.93409
19.625 74.375 1.1665
19.625 74.625 1.8619
19.625 74.875 1.8161
19.625 75.125 0.96651
19.625 75.375 0.67722
19.625 75.625 0.12069
19.625 75.875 0.12963
19.625 76.125 0.045678
19.625 76.375 -0.42338
19.625 76.625 -0.1507
19.625 76.875 -0.1078
19.625 77.125 0.38165
19.625 77.375 0.51426
19.625 77.625 1.2927
19.625 77.875 1.6245
19.625 78.125 2.0779
19.625 78.375 2.0292
19.625 78.625 1.7243
19.625 78.875 1.5002
19.625 79.125 1.1015
19.625 79.375 1.0497
19.625 79.625 1.7796
19.625 79.875 1.5734
19.625 80.125 1.3006
19.625 80.375 1.4164
19.625 80.625 1.5142
19.625 80.875 2.1276
19.625 81.125 1.6896
19.625 81.375 1.1206
19.625 81.625 1.3503
19.625 81.875 1.2695
19.625 82.125 0.66776
19.625 82.375 0.63929
19.625 82.625 0.07616
19.625 82.875 1.0595
19.625 83.125 1.247
19.625 83.375 1.8186
19.625 83.625 2.3282
19.625 83.875 2.7171
19.625 84.125 2.0835
19.625 84.375 1.8137
19.625 84.625 1.6731
19.625 84.875 1.4925
19.625 85.125 1.4538
19.625 85.375 0.61008
19.875 72.875 1.1475
19.875 73.125 1.1696
19.875 73.375 1.6755
19.875 73.625 0.70813
19.875 73.875 0.78789
19.875 74.125 0.95655
19.875 74.375 0.74154
19.875 74.625 1.3418
19.875 74.875 1.0747
19.875 75.125 0.23825
19.875 75.375 -0.051055
19.875 75.625 0.0050953
19.875 75.875 0.35839
19.875 76.125 0.11989
19.875 76.375 -0.011449
19.875 76.625 0.69085
19.875 76.875 0.99732
19.875 77.125 0.51404
19.875 77.375 0.77347
19.875 77.625 2.0228
19.875 77.875 1.437
19.875 78.125 1.2741
19.875 78.375 1.5322
19.875 78.625 1.6681
19.875 78.875 1.5023
19.875 79.125 1.3775
19.875 79.375 2.1444
19.875 79.625 1.6357
19.875 79.875 1.1674
19.875 80.125 1.0815
19.875 80.375 1.0754
19.875 80.625 1.1291
19.875 80.875 1.2412
19.875 81.125 1.1434
19.875 81.375 1.0918
19.875 81.625 1.0239
19.875 81.875 0.94805
19.875 82.125 0.30056
19.875 82.375 1.0363
19.875 82.625 0.66959
19.875 82.875 0.48107
19.875 83.125 1.3392
19.875 83.375 1.5916
19.875 83.625 1.6692
19.875 83.875 2.5954
19.875 84.125 1.964
19.875 84.375 1.8879
19.875 84.625 1.5751
19.875 84.875 0.59909
19.875 85.125 0.71157
19.875 85.375 0.64537
19.875 85.625 NaN
19.875 85.875 NaN
19.875 86.125 NaN
20.125 72.875 1.5603
20.125 73.125 2.2043
20.125 73.375 0.009616
20.125 73.625 2.0378
20.125 73.875 1.4581
20.125 74.125 1.0117
20.125 74.375 1.7818
20.125 74.625 1.4103
20.125 74.875 1.0285
20.125 75.125 0.36041
20.125 75.375 0.47186
20.125 75.625 0.29463
20.125 75.875 0.258
20.125 76.125 0.18626
20.125 76.375 0.1619
20.125 76.625 0.20782
20.125 76.875 0.65263
20.125 77.125 1.2217
20.125 77.375 1.1916
20.125 77.625 1.5309
20.125 77.875 1.3506
20.125 78.125 1.3909
20.125 78.375 1.5319
20.125 78.625 1.4952
20.125 78.875 1.4865
20.125 79.125 1.5549
20.125 79.375 0.9128
20.125 79.625 1.4796
20.125 79.875 0.88997
20.125 80.125 1.0271
20.125 80.375 1.1882
20.125 80.625 0.95256
20.125 80.875 0.97806
20.125 81.125 0.90046
20.125 81.375 1.2454
20.125 81.625 1.313
20.125 81.875 0.41341
20.125 82.125 0.65514
20.125 82.375 0.26955
20.125 82.625 0.18507
20.125 82.875 0.026997
20.125 83.125 1.2725
20.125 83.375 1.0819
20.125 83.625 1.3061
20.125 83.875 2.4711
20.125 84.125 2.3972
20.125 84.375 2.4272
20.125 84.625 1.3899
20.125 84.875 0.79419
20.125 85.125 1.4381
20.125 85.375 0.81429
20.125 85.625 0.8723
20.125 85.875 0.66943
20.125 86.125 0.55187
20.125 86.375 NaN
20.375 73.125 1.8919
20.375 73.375 0.44684
20.375 73.625 1.2115
20.375 73.875 1.169
20.375 74.125 1.5897
20.375 74.375 1.5296
20.375 74.625 1.5227
20.375 74.875 1.1729
20.375 75.125 0.35156
20.375 75.375 0.28229
20.375 75.625 0.40731
20.375 75.875 0.65923
20.375 76.125 0.35298
20.375 76.375 0.22584
20.375 76.625 0.038777
20.375 76.875 0.3677
20.375 77.125 0.67707
20.375 77.375 1.0511
20.375 77.625 0.72396
20.375 77.875 1.251
20.375 78.125 1.8604
20.375 78.375 1.9586
20.375 78.625 2.2084
20.375 78.875 1.696
20.375 79.125 1.2095
20.375 79.375 1.0764
20.375 79.625 1.4131
20.375 79.875 1.1998
20.375 80.125 1.565
20.375 80.375 1.8301
20.375 80.625 1.3053
20.375 80.875 1.4507
20.375 81.125 1.7132
20.375 81.375 1.5967
20.375 81.625 1.1197
20.375 81.875 0.68214
20.375 82.125 0.03085
20.375 82.375 0.10269
20.375 82.625 0.57713
20.375 82.875 0.63896
20.375 83.125 0.42307
20.375 83.375 -0.015391
20.375 83.625 1.528
20.375 83.875 1.8151
20.375 84.125 2.4091
20.375 84.375 2.2463
20.375 84.625 1.8375
20.375 84.875 1.8541
20.375 85.125 0.41399
20.375 85.375 0.11168
20.375 85.625 0.86457
20.375 85.875 0.90993
20.375 86.125 0.35052
20.375 86.375 -0.18324
20.375 86.625 NaN
20.625 73.125 1.2816
20.625 73.375 0.46046
20.625 73.625 -0.50242
20.625 73.875 0.060452
20.625 74.125 2.3672
20.625 74.375 2.9357
20.625 74.625 2.0707
20.625 74.875 0.52851
20.625 75.125 0.14268
20.625 75.375 0.12504
20.625 75.625 0.044509
20.625 75.875 -0.0092489
20.625 76.125 0.005134
20.625 76.375 0.15759
20.625 76.625 0.45102
20.625 76.875 0.28556
20.625 77.125 -0.13508
20.625 77.375 0.7644
20.625 77.625 1.2443
20.625 77.875 1.4609
20.625 78.125 2.3006
20.625 78.375 2.2632
20.625 78.625 2.7706
20.625 78.875 2.2755
20.625 79.125 1.7723
20.625 79.375 1.1633
20.625 79.625 1.3838
20.625 79.875 1.6643
20.625 80.125 2.525
20.625 80.375 1.2219
20.625 80.625 1.6942
20.625 80.875 1.8843
20.625 81.125 2.3222
20.625 81.375 2.0509
20.625 81.625 1.1983
20.625 81.875 0.92326
20.625 82.125 0.37533
20.625 82.375 0.50393
20.625 82.625 0.26722
20.625 82.875 0.46251
20.625 83.125 -0.24787
20.625 83.375 -0.22414
20.625 83.625 0.39705
20.625 83.875 0.99065
20.625 84.125 0.98448
20.625 84.375 2.1185
20.625 84.625 0.57476
20.625 84.875 1.0629
20.625 85.125 0.9911
20.625 85.375 1.5079
20.625 85.625 0.19762
20.625 85.875 0.48879
20.625 86.125 0.027101
20.625 86.375 -0.25654
20.625 86.625 -0.3781
20.625 86.875 NaN
20.875 70.625 0.61963
20.875 70.875 0.6257
20.875 71.125 0.63277
20.875 71.375 0.72999
20.875 72.875 1.3857
20.875 73.125 1.191
20.875 73.375 0.56619
20.875 73.625 0.037278
20.875 73.875 0.72444
20.875 74.125 3.2559
20.875 74.375 3.0948
20.875 74.625 2.3411
20.875 74.875 1.0225
20.875 75.125 0.67466
20.875 75.375 0.89934
20.875 75.625 0.33859
20.875 75.875 0.074479
20.875 76.125 -0.019922
20.875 76.375 0.56341
20.875 76.625 0.37922
20.875 76.875 0.16946
20.875 77.125 0.47056
20.875 77.375 0.90302
20.875 77.625 1.5636
20.875 77.875 1.2223
20.875 78.125 2.5676
20.875 78.375 2.8332
20.875 78.625 2.3137
20.875 78.875 2.6293
20.875 79.125 2.5157
20.875 79.375 1.1743
20.875 79.625 1.6316
20.875 79.875 1.8499
20.875 80.125 1.8754
20.875 80.375 1.447
20.875 80.625 0.83442
20.875 80.875 1.6525
20.875 81.125 1.5726
20.875 81.375 1.105
20.875 81.625 1.0798
20.875 81.875 1.1246
20.875 82.125 0.21007
20.875 82.375 0.90036
20.875 82.625 0.23277
20.875 82.875 0.30156
20.875 83.125 0.13934
20.875 83.375 -0.71782
20.875 83.625 -0.0064137
20.875 83.875 -0.30612
20.875 84.125 -0.54085
20.875 84.375 0.94573
20.875 84.625 0.28544
20.875 84.875 -0.0093524
20.875 85.125 0.87721
20.875 85.375 1.1393
20.875 85.625 0.25956
20.875 85.875 0.12063
20.875 86.125 -0.58611
20.875 86.375 -0.38881
20.875 86.625 -0.087098
21.125 70.375 1.0237
21.125 70.625 1.1896
21.125 70.875 0.17811
21.125 71.125 0.60304
21.125 71.375 0.63458
21.125 71.625 NaN
21.125 71.875 NaN
21.125 72.875 1.1033
21.125 73.125 0.68847
21.125 73.375 1.1249
21.125 73.625 0.96937
21.125 73.875 1.7312
21.125 74.125 2.2908
21.125 74.375 0.78955
21.125 74.625 0.74535
21.125 74.875 0.54956
21.125 75.125 0.1105
21.125 75.375 1.2452
21.125 75.625 0.77868
21.125 75.875 0.55524
21.125 76.125 1.6301
21.125 76.375 2.3038
21.125 76.625 0.084609
21.125 76.875 -0.019234
21.125 77.125 0.46899
21.125 77.375 1.7947
21.125 77.625 2.0051
21.125 77.875 2.0782
21.125 78.125 3.3647
21.125 78.375 3.2637
21.125 78.625 2.2063
21.125 78.875 2.7207
21.125 79.125 2.2154
21.125 79.375 1.9822
21.125 79.625 2.0566
21.125 79.875 2.0719
21.125 80.125 1.3038
21.125 80.375 1.2957
21.125 80.625 1.6154
21.125 80.875 1.9545
21.125 81.125 1.1369
21.125 81.375 0.50915
21.125 81.625 0.2265
21.125 81.875 1.0026
21.125 82.125 0.57403
21.125 82.375 1.2523
21.125 82.625 1.3204
21.125 82.875 0.64355
21.125 83.125 0.345
21.125 83.375 -0.13929
21.125 83.625 0.44176
21.125 83.875 0.26664
21.125 84.125 0.26716
21.125 84.375 0.34053
21.125 84.625 -0.2118
21.125 84.875 -0.18372
21.125 85.125 0.094013
21.125 85.375 1.4029
21.125 85.625 0.3816
21.125 85.875 0.32845
21.125 86.125 1.0845
21.125 86.375 0.46356
21.125 86.625 -0.0089083
21.375 70.125 0.86515
21.375 70.375 0.49781
21.375 70.625 0.60611
21.375 70.875 0.33982
21.375 71.125 -0.0018776
21.375 71.375 0.28392
21.375 71.625 -0.13182
21.375 71.875 -0.14192
21.375 72.875 1.019
21.375 73.125 2.3325
21.375 73.375 2.777
21.375 73.625 2.5008
21.375 73.875 1.3432
21.375 74.125 0.9782
21.375 74.375 0.77149
21.375 74.625 0.53375
21.375 74.875 1.1021
21.375 75.125 0.96527
21.375 75.375 1.0997
21.375 75.625 0.92637
21.375 75.875 0.86966
21.375 76.125 1.1684
21.375 76.375 1.3751
21.375 76.625 0.63234
21.375 76.875 0.20261
21.375 77.125 1.0286
21.375 77.375 3.0732
21.375 77.625 2.9017
21.375 77.875 3.0109
21.375 78.125 3.4066
21.375 78.375 4.8866
21.375 78.625 4.2208
21.375 78.875 3.1332
21.375 79.125 2.9351
21.375 79.375 2.6883
21.375 79.625 2.7443
21.375 79.875 1.8331
21.375 80.125 0.0149
21.375 80.375 0.41034
21.375 80.625 0.96545
21.375 80.875 1.1632
21.375 81.125 0.35272
21.375 81.375 0.45001
21.375 81.625 1.4815
21.375 81.875 1.8008
21.375 82.125 1.6404
21.375 82.375 2.1607
21.375 82.625 2.4305
21.375 82.875 1.8004
21.375 83.125 0.26185
21.375 83.375 0.40645
21.375 83.625 0.37169
21.375 83.875 0.145
21.375 84.125 0.12983
21.375 84.375 0.43806
21.375 84.625 1.1564
21.375 84.875 -0.14919
21.375 85.125 0.27826
21.375 85.375 0.14135
21.375 85.625 -0.98621
21.375 85.875 0.046008
21.375 86.125 2.4636
21.375 86.375 -0.095204
21.375 86.625 -0.27144
21.375 86.875 -0.26001
21.625 69.875 0.61897
21.625 70.125 0.33959
21.625 70.375 0.35491
21.625 70.625 0.69436
21.625 70.875 0.51592
21.625 71.125 0.41604
21.625 71.375 0.86516
21.625 71.625 0.53034
21.625 71.875 0.23124
21.625 72.125 0.2816
21.625 72.875 0.44741
21.625 73.125 0.61079
21.625 73.375 1.8738
21.625 73.625 1.4315
21.625 73.875 0.98263
21.625 74.125 0.94989
21.625 74.375 0.83608
21.625 74.625 1.5016
21.625 74.875 1.5226
21.625 75.125 1.1105
21.625 75.375 0.57123
21.625 75.625 1.1969
21.625 75.875 1.3349
21.625 76.125 1.0137
21.625 76.375 1.0736
21.625 76.625 1.0489
21.625 76.875 1.6088
21.625 77.125 2.3375
21.625 77.375 3.143
21.625 77.625 2.3242
21.625 77.875 2.9431
21.625 78.125 3.6175
21.625 78.375 4.5838
21.625 78.625 3.28
21.625 78.875 2.6759
21.625 79.125 2.2213
21.625 79.375 1.4159
21.625 79.625 1.4272
21.625 79.875 0.61463
21.625 80.125 0.27594
21.625 80.375 0.93381
21.625 80.625 0.75316
21.625 80.875 0.50493
21.625 81.125 0.10845
21.625 81.375 0.39137
21.625 81.625 1.4237
21.625 81.875 2.6807
21.625 82.125 2.7751
21.625 82.375 2.433
21.625 82.625 2.3328
21.625 82.875 NaN
21.625 83.125 1.3376
21.625 83.375 1.3603
21.625 83.625 -0.083103
21.625 83.875 -0.61298
21.625 84.125 -0.75987
21.625 84.375 -0.8705
21.625 84.625 -0.048902
21.625 84.875 -0.12007
21.625 85.125 -0.22298
21.625 85.375 -0.017015
21.625 85.625 0.1403
21.625 85.875 0.40809
21.625 86.125 0.47272
21.625 86.375 0.24009
21.625 86.625 -0.11962
21.625 86.875 0.074815
21.625 87.125 0.0073763
21.625 87.375 NaN
21.875 69.375 NaN
21.875 69.625 0.59223
21.875 69.875 0.36844
21.875 70.125 0.75485
21.875 70.375 1.2017
21.875 70.625 1.1124
21.875 70.875 0.31936
21.875 71.125 0.39747
21.875 71.375 0.80791
21.875 71.625 0.6693
21.875 71.875 0.4548
21.875 72.125 0.487
21.875 72.625 NaN
21.875 72.875 1.195
21.875 73.125 0.72856
21.875 73.375 1.1163
21.875 73.625 0.73076
21.875 73.875 0.84631
21.875 74.125 0.80862
21.875 74.375 1.2414
21.875 74.625 2.376
21.875 74.875 1.6373
21.875 75.125 0.14517
21.875 75.375 -0.31804
21.875 75.625 0.96398
21.875 75.875 1.0061
21.875 76.125 0.99778
21.875 76.375 1.5547
21.875 76.625 1.5164
21.875 76.875 1.0482
21.875 77.125 2.3249
21.875 77.375 2.0544
21.875 77.625 2.2959
21.875 77.875 2.1393
21.875 78.125 3.077
21.875 78.375 3.3247
21.875 78.625 3.1651
21.875 78.875 2.6956
21.875 79.125 1.5735
21.875 79.375 1.1286
21.875 79.625 1.0963
21.875 79.875 0.76956
21.875 80.125 1.0211
21.875 80.375 1.2371
21.875 80.625 0.82163
21.875 80.875 0.73341
21.875 81.125 1.0381
21.875 81.375 1.2096
21.875 81.625 2.1364
21.875 81.875 2.3475
21.875 82.125 1.8776
21.875 82.375 2.2492
21.875 82.625 0.93278
21.875 82.875 0.53936
21.875 83.125 0.89721
21.875 83.375 1.1924
21.875 83.625 -0.15378
21.875 83.875 -0.28324
21.875 84.125 -0.34414
21.875 84.375 -0.76602
21.875 84.625 -0.46795
21.875 84.875 -0.44644
21.875 85.125 -0.25776
21.875 85.375 0.05289
21.875 85.625 -0.12859
21.875 85.875 0.38441
21.875 86.125 -0.15307
21.875 86.375 -0.13379
21.875 86.625 0.19036
21.875 86.875 0.018768
21.875 87.125 -0.0099662
21.875 87.375 0.088547
21.875 87.625 -0.58951
21.875 87.875 -0.89178
21.875 88.375 -0.93218
21.875 88.625 NaN
21.875 88.875 NaN
22.125 69.125 1.2943
22.125 69.375 1.5542
22.125 69.625 1.2418
22.125 69.875 0.43442
22.125 70.125 1.0424
22.125 70.375 1.1586
22.125 70.625 1.0555
22.125 70.875 0.75478
22.125 71.125 0.96132
22.125 71.375 0.63453
22.125 71.625 0.54645
22.125 71.875 0.34734
22.125 72.125 0.64765
22.125 72.625 NaN
22.125 72.875 0.51363
22.125 73.125 0.5233
22.125 73.375 0.98684
22.125 73.625 1.0308
22.125 73.875 0.90863
22.125 74.125 0.37055
22.125 74.375 0.46854
22.125 74.625 1.41
22.125 74.875 0.48935
22.125 75.125 -0.18384
22.125 75.375 -0.4097
22.125 75.625 0.33418
22.125 75.875 0.65532
22.125 76.125 1.5294
22.125 76.375 1.8651
22.125 76.625 1.5884
22.125 76.875 1.6055
22.125 77.125 1.7594
22.125 77.375 2.0785
22.125 77.625 2.241
22.125 77.875 2.4386
22.125 78.125 2.1631
22.125 78.375 1.5637
22.125 78.625 1.801
22.125 78.875 1.7545
22.125 79.125 1.5062
22.125 79.375 0.98726
22.125 79.625 0.65521
22.125 79.875 0.92701
22.125 80.125 0.98434
22.125 80.375 0.9774
22.125 80.625 0.67498
22.125 80.875 0.85923
22.125 81.125 1.4448
22.125 81.375 1.4793
22.125 81.625 1.6767
22.125 81.875 1.5549
22.125 82.125 0.47284
22.125 82.375 0.065712
22.125 82.625 0.67921
22.125 82.875 -0.1126
22.125 83.125 -0.24919
22.125 83.375 0.3153
22.125 83.625 -0.051135
22.125 83.875 -0.30646
22.125 84.125 0.037473
22.125 84.375 -0.57945
22.125 84.625 -0.40939
22.125 84.875 -0.15187
22.125 85.125 -0.18192
22.125 85.375 -0.01992
22.125 85.625 -0.46551
22.125 85.875 -0.63635
22.125 86.125 -0.46727
22.125 86.375 0.022236
22.125 86.625 0.061794
22.125 86.875 0.21587
22.125 87.125 0.035047
22.125 87.375 -1.1481
22.125 87.625 -1.1412
22.125 87.875 -0.80882
22.125 88.125 -0.71914
22.125 88.375 -0.82452
22.125 92.875 NaN
22.375 69.125 1.5913
22.375 69.875 0.48395
22.375 70.125 1.1099
22.375 70.375 0.36607
22.375 70.625 0.3928
22.375 70.875 0.24267
22.375 71.125 0.36541
22.375 71.375 0.33777
22.375 71.625 0.0026383
22.375 71.875 0.35705
22.375 72.125 0.44655
22.375 72.625 NaN
22.375 72.875 -0.092679
22.375 73.125 -0.12738
22.375 73.375 0.15551
22.375 73.625 1.8135
22.375 73.875 -0.40805
22.375 74.125 -0.11299
22.375 74.375 0.33779
22.375 74.625 0.29828
22.375 74.875 0.024287
22.375 75.125 -0.2185
22.375 75.375 0.15625
22.375 75.625 0.33585
22.375 75.875 1.1705
22.375 76.125 2.4227
22.375 76.375 2.6262
22.375 76.625 2.8721
22.375 76.875 1.8758
22.375 77.125 1.4725
22.375 77.375 1.7141
22.375 77.625 2.4686
22.375 77.875 2.4558
22.375 78.125 1.8805
22.375 78.375 1.571
22.375 78.625 0.74153
22.375 78.875 1.2041
22.375 79.125 1.4668
22.375 79.375 1.3973
22.375 79.625 0.87237
22.375 79.875 0.6767
22.375 80.125 0.64996
22.375 80.375 0.77618
22.375 80.625 0.88375
22.375 80.875 1.1867
22.375 81.125 1.8146
22.375 81.375 2.0398
22.375 81.625 1.4841
22.375 81.875 0.7151
22.375 82.125 0.15004
22.375 82.375 0.013412
22.375 82.625 -0.15902
22.375 82.875 -0.73041
22.375 83.125 -0.8974
22.375 83.375 -0.68327
22.375 83.625 -0.091206
22.375 83.875 -0.23666
22.375 84.125 -0.95754
22.375 84.375 -1.0677
22.375 84.625 -0.80611
22.375 84.875 -0.32678
22.375 85.125 -0.2646
22.375 85.375 -0.16741
22.375 85.625 -0.55163
22.375 85.875 -0.44171
22.375 86.125 -0.26483
22.375 86.375 -0.15231
22.375 86.625 -0.22417
22.375 86.875 -0.0992
22.375 87.125 -0.062093
22.375 87.375 -1.3218
22.375 87.625 -1.347
22.375 87.875 -0.8603
22.375 88.125 -1.4921
22.375 88.375 -1.2682
22.375 88.625 -1.2523
22.375 88.875 -1.2821
22.375 92.875 1.18
22.625 70.375 1.2377
22.625 70.625 0.61005
22.625 70.875 0.27449
22.625 71.125 0.28412
22.625 71.375 0.45031
22.625 71.625 0.11447
22.625 71.875 -0.32785
22.625 72.125 -0.21516
22.625 72.375 0.46458
22.625 72.625 0.88094
22.625 72.875 -0.31802
22.625 73.125 -0.29874
22.625 73.375 0.61082
22.625 73.625 -0.34855
22.625 73.875 -0.6374
22.625 74.125 -0.34459
22.625 74.375 -0.064424
22.625 74.625 -0.063034
22.625 74.875 0.072102
22.625 75.125 -0.02106
22.625 75.375 0.25435
22.625 75.625 0.35384
22.625 75.875 2.279
22.625 76.125 2.6196
22.625 76.375 2.5596
22.625 76.625 2.6879
22.625 76.875 1.5861
22.625 77.125 1.3942
22.625 77.375 1.7507
22.625 77.625 1.9916
22.625 77.875 2.1199
22.625 78.125 1.9741
22.625 78.375 1.1394
22.625 78.625 0.45632
22.625 78.875 0.78119
22.625 79.125 1.1833
22.625 79.375 1.2012
22.625 79.625 0.78984
22.625 79.875 0.50378
22.625 80.125 0.45059
22.625 80.375 0.61288
22.625 80.625 0.94381
22.625 80.875 1.174
22.625 81.125 1.2061
22.625 81.375 1.902
22.625 81.625 1.1406
22.625 81.875 0.65906
22.625 82.125 -0.015227
22.625 82.375 -0.30203
22.625 82.625 -0.92956
22.625 82.875 -0.9929
22.625 83.125 -0.9117
22.625 83.375 -0.81759
22.625 83.625 -0.80277
22.625 83.875 -0.9373
22.625 84.125 -1.358
22.625 84.375 -1.509
22.625 84.625 -1.1652
22.625 84.875 -0.27356
22.625 85.125 -0.22521
22.625 85.375 -0.34381
22.625 85.625 -0.34945
22.625 85.875 0.069151
22.625 86.125 -0.50353
22.625 86.375 -0.48489
22.625 86.625 -0.431
22.625 86.875 -0.11755
22.625 87.125 0.011849
22.625 87.375 -1.164
22.625 87.625 -1.1051
22.625 87.875 -0.99137
22.625 88.125 -0.91134
22.625 88.375 -1.2319
22.625 88.625 -1.2181
22.625 88.875 -1.2358
22.625 92.625 -0.46145
22.625 92.875 0.93271
22.875 69.375 NaN
22.875 69.625 NaN
22.875 69.875 NaN
22.875 70.625 0.57206
22.875 70.875 0.23459
22.875 71.125 0.13566
22.875 71.375 -0.16197
22.875 71.625 -0.24336
22.875 71.875 -0.61997
22.875 72.125 -0.54032
22.875 72.375 0.29793
22.875 72.625 1.7601
22.875 72.875 0.15211
22.875 73.125 0.17186
22.875 73.375 0.20187
22.875 73.625 0.13035
22.875 73.875 -0.12649
22.875 74.125 0.11839
22.875 74.375 -0.26245
22.875 74.625 -0.2976
22.875 74.875 0.46054
22.875 75.125 0.4034
22.875 75.375 0.49904
22.875 75.625 0.61872
22.875 75.875 2.222
22.875 76.125 2.4493
22.875 76.375 1.7413
22.875 76.625 1.5454
22.875 76.875 1.5429
22.875 77.125 1.9049
22.875 77.375 1.7788
22.875 77.625 2.0047
22.875 77.875 1.4429
22.875 78.125 1.1238
22.875 78.375 0.75646
22.875 78.625 -0.0099675
22.875 78.875 -0.079158
22.875 79.125 0.31039
22.875 79.375 0.21372
22.875 79.625 0.15109
22.875 79.875 0.13557
22.875 80.125 0.0027431
22.875 80.375 0.445
22.875 80.625 1.0222
22.875 80.875 0.79153
22.875 81.125 0.90877
22.875 81.375 0.90472
22.875 81.625 -0.44391
22.875 81.875 -0.73859
22.875 82.125 -0.9898
22.875 82.375 -1.0239
22.875 82.625 -1.1069
22.875 82.875 -1.3017
22.875 83.125 -1.1694
22.875 83.375 -1.1459
22.875 83.625 -1.1462
22.875 83.875 -0.92475
22.875 84.125 -1.2327
22.875 84.375 -1.8062
22.875 84.625 -1.3921
22.875 84.875 -1.3684
22.875 85.125 -0.31563
22.875 85.375 -0.4516
22.875 85.625 -1.0948
22.875 85.875 -0.58151
22.875 86.125 -0.71177
22.875 86.375 -1.0483
22.875 86.625 -0.5636
22.875 86.875 -0.35368
22.875 87.125 -0.70699
22.875 87.375 -0.87719
22.875 87.625 -0.59296
22.875 87.875 -0.38893
22.875 88.125 -0.61241
22.875 88.375 -0.89318
22.875 88.625 -1.0664
22.875 92.625 -0.40603
22.875 92.875 0.62052
23.125 68.875 1.7047
23.125 69.125 1.8233
23.125 69.375 1.855
23.125 69.625 1.6698
23.125 69.875 1.3999
23.125 70.125 1.0309
23.125 70.875 0.13931
23.125 71.125 0.0038861
23.125 71.375 -0.38189
23.125 71.625 -0.22283
23.125 71.875 -0.49738
23.125 72.125 0.30274
23.125 72.375 0.15502
23.125 72.625 0.88085
23.125 72.875 0.3644
23.125 73.125 0.36801
23.125 73.375 0.71505
23.125 73.625 1.2529
23.125 73.875 0.59593
23.125 74.125 0.93238
23.125 74.375 0.56527
23.125 74.625 0.68301
23.125 74.875 0.68891
23.125 75.125 0.51455
23.125 75.375 0.55641
23.125 75.625 0.84873
23.125 75.875 1.1848
23.125 76.125 2.037
23.125 76.375 1.3355
23.125 76.625 1.108
23.125 76.875 1.5598
23.125 77.125 2.2984
23.125 77.375 2.0588
23.125 77.625 1.7821
23.125 77.875 1.2213
23.125 78.125 0.78195
23.125 78.375 0.22893
23.125 78.625 -0.54788
23.125 78.875 -0.39998
23.125 79.125 -0.084041
23.125 79.375 -0.01883
23.125 79.625 -0.30735
23.125 79.875 -0.052725
23.125 80.125 -0.014563
23.125 80.375 0.0037301
23.125 80.625 0.19562
23.125 80.875 0.36242
23.125 81.125 0.092287
23.125 81.375 -0.61834
23.125 81.625 -1.096
23.125 81.875 -1.238
23.125 82.125 -1.2134
23.125 82.375 -0.93585
23.125 82.625 -0.71485
23.125 82.875 -1.2797
23.125 83.125 -1.4736
23.125 83.375 -1.422
23.125 83.625 -1.0825
23.125 83.875 -0.64949
23.125 84.125 -1.5948
23.125 84.375 -1.5375
23.125 84.625 -1.7243
23.125 84.875 -1.7279
23.125 85.125 -1.4238
23.125 85.375 -0.36928
23.125 85.625 -0.38164
23.125 85.875 -0.51816
23.125 86.125 -0.57775
23.125 86.375 -0.73787
23.125 86.625 -0.58945
23.125 86.875 -0.57739
23.125 87.125 -0.80841
23.125 87.375 -0.77075
23.125 87.625 -0.86172
23.125 87.875 -1.127
23.125 88.125 -1.632
23.125 88.375 -1.37
23.125 88.625 -1.3401
23.125 91.625 NaN
23.125 92.625 -0.42641
23.125 92.875 -0.31943
23.125 93.125 NaN
23.375 68.875 1.9396
23.375 69.125 1.7917
23.375 69.375 1.8999
23.375 69.625 1.6875
23.375 69.875 1.3005
23.375 70.125 0.80612
23.375 70.375 0.58591
23.375 70.625 0.57809
23.375 70.875 0.29456
23.375 71.125 0.37924
23.375 71.375 0.54448
23.375 71.625 0.55086
23.375 71.875 0.881
23.375 72.125 0.55921
23.375 72.375 0.36972
23.375 72.625 0.42673
23.375 72.875 1.0019
23.375 73.125 0.90091
23.375 73.375 1.4758
23.375 73.625 1.2781
23.375 73.875 0.80052
23.375 74.125 0.84643
23.375 74.375 1.3018
23.375 74.625 1.4333
23.375 74.875 1.4937
23.375 75.125 0.9114
23.375 75.375 0.89621
23.375 75.625 0.98642
23.375 75.875 1.007
23.375 76.125 1.1852
23.375 76.375 1.1958
23.375 76.625 1.6872
23.375 76.875 2.5233
23.375 77.125 2.513
23.375 77.375 1.6369
23.375 77.625 1.2019
23.375 77.875 1.1813
23.375 78.125 1.237
23.375 78.375 0.51647
23.375 78.625 0.24494
23.375 78.875 0.13102
23.375 79.125 -0.29424
23.375 79.375 -0.16026
23.375 79.625 0.091899
23.375 79.875 0.10214
23.375 80.125 -0.19384
23.375 80.375 -0.71233
23.375 80.625 -0.9612
23.375 80.875 -0.593
23.375 81.125 -0.53642
23.375 81.375 -0.8581
23.375 81.625 -1.0311
23.375 81.875 -1.0945
23.375 82.125 -0.95104
23.375 82.375 -0.84367
23.375 82.625 -0.88937
23.375 82.875 -1.1439
23.375 83.125 -1.7949
23.375 83.375 -1.6233
23.375 83.625 -1.3252
23.375 83.875 -0.8301
23.375 84.125 -1.3531
23.375 84.375 -1.1418
23.375 84.625 -1.4583
23.375 84.875 -1.7598
23.375 85.125 -1.9211
23.375 85.375 -0.64532
23.375 85.625 -0.21984
23.375 85.875 -0.56462
23.375 86.125 -0.82047
23.375 86.375 -1.1328
23.375 86.625 -1.03
23.375 86.875 -0.77567
23.375 87.125 -1.0004
23.375 87.375 -0.80361
23.375 87.625 -1.0301
23.375 87.875 -1.7418
23.375 88.125 -1.7294
23.375 88.375 -1.6804
23.375 88.625 -1.6527
23.375 91.375 -1.4926
23.375 91.625 -0.88689
23.375 92.625 -0.46637
23.375 92.875 -0.35876
23.375 93.125 -0.13446
23.625 68.625 2.2577
23.625 68.875 2.18
23.625 69.125 2.1183
23.625 69.375 2.0007
23.625 69.625 1.7331
23.625 69.875 1.3035
23.625 70.125 0.87026
23.625 70.375 0.69302
23.625 70.625 0.6667
23.625 70.875 0.94674
23.625 71.125 1.1067
23.625 71.375 1.2058
23.625 71.625 0.34071
23.625 71.875 0.65162
23.625 72.125 0.75892
23.625 72.375 0.22529
23.625 72.625 1.248
23.625 72.875 1.5012
23.625 73.125 1.3435
23.625 73.375 1.012
23.625 73.625 0.85989
23.625 73.875 0.48019
23.625 74.125 0.3551
23.625 74.375 1.2943
23.625 74.625 2.0482
23.625 74.875 2.1375
23.625 75.125 1.4173
23.625 75.375 1.2927
23.625 75.625 1.4577
23.625 75.875 1.7373
23.625 76.125 1.739
23.625 76.375 1.6891
23.625 76.625 2.2469
23.625 76.875 2.4028
23.625 77.125 1.9962
23.625 77.375 1.1213
23.625 77.625 1.1618
23.625 77.875 0.96666
23.625 78.125 0.97667
23.625 78.375 0.87227
23.625 78.625 0.53759
23.625 78.875 0.46163
23.625 79.125 -0.097753
23.625 79.375 0.36614
23.625 79.625 0.57366
23.625 79.875 0.33629
23.625 80.125 -0.31574
23.625 80.375 -0.69529
23.625 80.625 -0.92995
23.625 80.875 -0.96229
23.625 81.125 -0.85523
23.625 81.375 -0.94289
23.625 81.625 -0.82898
23.625 81.875 -0.9174
23.625 82.125 -0.6234
23.625 82.375 -0.94095
23.625 82.625 -1.201
23.625 82.875 -1.735
23.625 83.125 -2.1714
23.625 83.375 -2.1401
23.625 83.625 -1.4344
23.625 83.875 -0.5147
23.625 84.125 -0.58005
23.625 84.375 -1.8813
23.625 84.625 -1.7113
23.625 84.875 -1.5718
23.625 85.125 -1.7487
23.625 85.375 -1.7235
23.625 85.625 -1.7139
23.625 85.875 -1.1674
23.625 86.125 -1.512
23.625 86.375 -1.5527
23.625 86.625 -1.1184
23.625 86.875 -1.1249
23.625 87.125 -1.1798
23.625 87.375 -1.5192
23.625 87.625 -2.1026
23.625 87.875 -1.9377
23.625 88.125 -1.9676
23.625 88.375 -1.9194
23.625 91.375 -0.92903
23.625 91.625 -0.53617
23.625 91.875 NaN
23.625 92.375 -0.92761
23.625 92.625 -0.52785
23.625 92.875 -0.2424
23.625 93.125 0.044006
23.875 68.875 2.2922
23.875 69.125 2.2381
23.875 69.375 2.1566
23.875 69.625 1.7832
23.875 69.875 1.2183
23.875 70.125 0.95775
23.875 70.375 0.75751
23.875 70.625 0.8605
23.875 70.875 1.0744
23.875 71.125 1.1651
23.875 71.375 1.1539
23.875 71.625 1.4092
23.875 71.875 1.1372
23.875 72.125 1.5319
23.875 72.375 1.0959
23.875 72.625 1.2146
23.875 72.875 0.97294
23.875 73.125 1.5428
23.875 73.375 1.4632
23.875 73.625 0.91906
23.875 73.875 1.6194
23.875 74.125 1.1161
23.875 74.375 1.8749
23.875 74.625 2.3579
23.875 74.875 2.3013
23.875 75.125 1.2171
23.875 75.375 0.78033
23.875 75.625 1.9537
23.875 75.875 1.2146
23.875 76.125 1.853
23.875 76.375 1.9133
23.875 76.625 1.8592
23.875 76.875 1.7416
23.875 77.125 1.357
23.875 77.375 1.3086
23.875 77.625 1.2622
23.875 77.875 0.77171
23.875 78.125 0.64201
23.875 78.375 0.73186
23.875 78.625 0.36547
23.875 78.875 -0.037178
23.875 79.125 -0.36714
23.875 79.375 -0.021361
23.875 79.625 0.32932
23.875 79.875 0.16956
23.875 80.125 -0.30291
23.875 80.375 -0.81641
23.875 80.625 -0.97054
23.875 80.875 -1.0926
23.875 81.125 -1.096
23.875 81.375 -1.0895
23.875 81.625 -0.89571
23.875 81.875 -0.6078
23.875 82.125 -0.81345
23.875 82.375 -1.0141
23.875 82.625 -1.7042
23.875 82.875 -1.9946
23.875 83.125 -2.2926
23.875 83.375 -2.0571
23.875 83.625 -1.3751
23.875 83.875 -0.93503
23.875 84.125 -1.6855
23.875 84.375 -1.9209
23.875 84.625 -1.4565
23.875 84.875 -1.0918
23.875 85.125 -1.3894
23.875 85.375 -2.0561
23.875 85.625 -0.98916
23.875 85.875 -1.8677
23.875 86.125 -2.2231
23.875 86.375 -2.0923
23.875 86.625 -1.653
23.875 86.875 -1.5149
23.875 87.125 -1.4489
23.875 87.375 -1.7572
23.875 87.625 -2.3183
23.875 87.875 -2.171
23.875 88.125 -2.2317
23.875 88.375 -1.9755
23.875 91.375 -0.60417
23.875 91.625 -0.88933
23.875 91.875 -0.52599
23.875 92.125 -0.72953
23.875 92.375 -0.67355
23.875 92.625 -0.1992
23.875 92.875 0.41571
23.875 93.125 0.29952
23.875 93.375 0.40114
24.125 68.875 2.2661
24.125 69.125 2.2868
24.125 69.375 2.0924
24.125 69.625 1.6596
24.125 69.875 1.1885
24.125 70.125 0.96928
24.125 70.375 0.88631
24.125 70.625 0.88549
24.125 70.875 1.0529
24.125 71.125 0.80814
24.125 71.375 0.90051
24.125 71.625 1.0544
24.125 71.875 1.6105
24.125 72.125 1.8185
24.125 72.375 1.3189
24.125 72.625 1.575
24.125 72.875 2.253
24.125 73.125 1.414
24.125 73.375 0.59463
24.125 73.625 0.47353
24.125 73.875 1.4899
24.125 74.125 1.1445
24.125 74.375 1.2877
24.125 74.625 2.4874
24.125 74.875 2.3905
24.125 75.125 1.5512
24.125 75.375 1.6299
24.125 75.625 1.0203
24.125 75.875 1.0322
24.125 76.125 1.1133
24.125 76.375 1.0492
24.125 76.625 1.2563
24.125 76.875 1.4738
24.125 77.125 1.4465
24.125 77.375 1.3557
24.125 77.625 1.0724
24.125 77.875 0.78933
24.125 78.125 0.60766
24.125 78.375 -0.053015
24.125 78.625 -0.17576
24.125 78.875 -0.43086
24.125 79.125 -0.48505
24.125 79.375 -0.20498
24.125 79.625 0.13334
24.125 79.875 -0.0019981
24.125 80.125 -0.34375
24.125 80.375 -1.0856
24.125 80.625 -0.96233
24.125 80.875 -1.0872
24.125 81.125 -1.2419
24.125 81.375 -1.0705
24.125 81.625 -0.78955
24.125 81.875 -0.5845
24.125 82.125 -0.60253
24.125 82.375 -1.2665
24.125 82.625 -1.7181
24.125 82.875 -1.5637
24.125 83.125 -1.7519
24.125 83.375 -2.358
24.125 83.625 -1.7076
24.125 83.875 -1.8073
24.125 84.125 -1.7989
24.125 84.375 -2.0713
24.125 84.625 -1.5945
24.125 84.875 -1.4779
24.125 85.125 -1.5195
24.125 85.375 -1.3469
24.125 85.625 -0.60705
24.125 85.875 -1.3792
24.125 86.125 -2.1335
24.125 86.375 -1.8955
24.125 86.625 -1.8614
24.125 86.875 -1.8031
24.125 87.125 -1.6173
24.125 87.375 -2.0191
24.125 87.625 -2.6222
24.125 87.875 -2.419
24.125 88.125 -2.3634
24.125 88.375 -2.1065
24.125 91.875 -0.39792
24.125 92.125 -0.0034027
24.125 92.375 0.17782
24.125 92.625 0.75499
24.125 92.875 0.91252
24.125 93.125 0.2034
24.125 93.375 -0.28065
24.125 93.625 -0.44453
24.125 93.875 -0.52435
24.125 94.125 NaN
24.375 71.375 0.79457
24.375 71.625 0.83604
24.375 71.875 0.91797
24.375 72.125 1.3609
24.375 72.375 0.27232
24.375 72.625 0.81735
24.375 72.875 1.9756
24.375 73.125 1.9253
24.375 73.375 1.6892
24.375 73.625 1.8468
24.375 73.875 1.8115
24.375 74.125 1.3795
24.375 74.375 0.91525
24.375 74.625 2.4163
24.375 74.875 1.2202
24.375 75.125 1.2624
24.375 75.375 1.0388
24.375 75.625 0.6869
24.375 75.875 0.82523
24.375 76.125 1.2337
24.375 76.375 0.050192
24.375 76.625 0.34954
24.375 76.875 0.78953
24.375 77.125 1.2591
24.375 77.375 0.98902
24.375 77.625 0.64629
24.375 77.875 0.51602
24.375 78.125 -0.037621
24.375 78.375 -0.28153
24.375 78.625 -0.34558
24.375 78.875 -0.37895
24.375 79.125 -0.39904
24.375 79.375 -0.45522
24.375 79.625 -0.25606
24.375 79.875 0.2718
24.375 80.125 0.64693
24.375 80.375 -0.053114
24.375 80.625 -0.58892
24.375 80.875 -0.92442
24.375 81.125 -1.1776
24.375 81.375 -1.1141
24.375 81.625 -0.75361
24.375 81.875 -0.72194
24.375 82.125 -0.71573
24.375 82.375 -0.87633
24.375 82.625 -1.0733
24.375 82.875 -1.285
24.375 83.125 -1.9765
24.375 83.375 -1.5782
24.375 83.625 -1.4895
24.375 83.875 -1.5966
24.375 84.125 -1.6778
24.375 84.375 -1.6401
24.375 84.625 -1.5558
24.375 84.875 -1.389
24.375 85.125 -1.1889
24.375 85.375 -0.89998
24.375 85.625 -0.83129
24.375 85.875 -1.5125
24.375 86.125 -2.0923
24.375 86.375 -1.8546
24.375 86.625 -1.8411
24.375 86.875 -1.8839
24.375 87.125 -2.251
24.375 87.375 -3.0782
24.375 87.625 -2.6633
24.375 87.875 -2.9199
24.375 88.125 -2.635
24.375 92.375 0.2637
24.375 92.625 0.50123
24.375 92.875 0.81254
24.375 93.125 0.014839
24.375 93.375 -0.43214
24.375 93.625 -0.43366
24.375 93.875 -0.42208
24.375 94.125 -0.28373
24.625 71.125 0.17307
24.625 71.375 0.36219
24.625 71.625 0.26174
24.625 71.875 0.83893
24.625 72.125 0.75886
24.625 72.375 0.40465
24.625 72.625 0.40349
24.625 72.875 1.4687
24.625 73.125 1.6903
24.625 73.375 1.8778
24.625 73.625 2.5834
24.625 73.875 1.9974
24.625 74.125 1.2712
24.625 74.375 1.2835
24.625 74.625 2.4768
24.625 74.875 1.403
24.625 75.125 1.3085
24.625 75.375 1.1668
24.625 75.625 1.3574
24.625 75.875 0.86146
24.625 76.125 1.3061
24.625 76.375 0.32312
24.625 76.625 0.49649
24.625 76.875 0.22271
24.625 77.125 0.39993
24.625 77.375 0.48765
24.625 77.625 0.46285
24.625 77.875 0.29154
24.625 78.125 -0.054623
24.625 78.375 -0.29597
24.625 78.625 -0.50104
24.625 78.875 -0.62501
24.625 79.125 -0.46538
24.625 79.375 -0.66285
24.625 79.625 -0.62754
24.625 79.875 -0.10802
24.625 80.125 0.46308
24.625 80.375 0.25776
24.625 80.625 1.4141
24.625 80.875 -0.06346
24.625 81.125 -1.0289
24.625 81.375 -1.0558
24.625 81.625 -0.25164
24.625 81.875 -0.35086
24.625 82.125 -0.63417
24.625 82.375 -0.46079
24.625 82.625 -0.88121
24.625 82.875 -0.9654
24.625 83.125 -1.4267
24.625 83.375 -1.6514
24.625 83.625 -1.5432
24.625 83.875 -1.4685
24.625 84.125 -1.1798
24.625 84.375 -1.1828
24.625 84.625 -1.4486
24.625 84.875 -0.99891
24.625 85.125 -1.2052
24.625 85.375 -1.0364
24.625 85.625 -1.1673
24.625 85.875 -1.7886
24.625 86.125 -1.4058
24.625 86.375 -1.517
24.625 86.625 -2.0403
24.625 86.875 -2.5522
24.625 87.125 -2.6885
24.625 87.375 -2.9505
24.625 87.625 -2.2669
24.625 87.875 -2.0717
24.625 92.375 0.4469
24.625 92.625 0.44326
24.625 92.875 0.38064
24.625 93.125 -0.35368
24.625 93.375 -0.40992
24.625 93.625 -0.56968
24.625 93.875 -0.32174
24.625 94.125 -0.2299
24.625 94.375 NaN
24.875 71.125 0.022502
24.875 71.375 -0.23307
24.875 71.625 -0.039501
24.875 71.875 0.55208
24.875 72.125 0.95334
24.875 72.375 0.94788
24.875 72.625 0.71927
24.875 72.875 0.96218
24.875 73.125 0.43185
24.875 73.375 1.2858
24.875 73.625 2.2604
24.875 73.875 1.4371
24.875 74.125 0.3833
24.875 74.375 0.98392
24.875 74.625 1.2408
24.875 74.875 0.93302
24.875 75.125 1.317
24.875 75.375 1.5648
24.875 75.625 2.4102
24.875 75.875 1.4964
24.875 76.125 0.61319
24.875 76.375 0.72072
24.875 76.625 0.74204
24.875 76.875 0.72441
24.875 77.125 0.64359
24.875 77.375 0.56735
24.875 77.625 0.57789
24.875 77.875 0.23332
24.875 78.125 0.1511
24.875 78.375 0.12134
24.875 78.625 -0.41725
24.875 78.875 -0.84175
24.875 79.125 -0.49297
24.875 79.375 -0.62786
24.875 79.625 -0.61167
24.875 79.875 -0.45278
24.875 80.125 -1.327
24.875 80.375 -0.2036
24.875 80.625 1.587
24.875 80.875 0.96042
24.875 81.125 -1.1698
24.875 81.375 -1.3087
24.875 81.625 -1.206
24.875 81.875 -0.92589
24.875 82.125 -1.1677
24.875 82.375 -1.1959
24.875 82.625 -1.4852
24.875 82.875 -1.128
24.875 83.125 -1.1234
24.875 83.375 -1.4138
24.875 83.625 -1.4413
24.875 83.875 -1.5037
24.875 84.125 -1.2643
24.875 84.375 -1.4182
24.875 84.625 -1.5025
24.875 84.875 -0.22473
24.875 85.125 -1.3553
24.875 85.375 -1.1324
24.875 85.625 -1.3518
24.875 85.875 -1.5052
24.875 86.125 -1.3613
24.875 86.375 -1.6916
24.875 86.625 -1.9362
24.875 86.875 -1.4419
24.875 87.125 -2.0925
24.875 87.375 -1.9099
24.875 87.625 -1.6991
24.875 87.875 -1.7962
24.875 88.125 -1.6768
24.875 92.625 -0.23016
24.875 92.875 0.07278
24.875 93.125 -0.188
24.875 93.375 -0.30769
24.875 93.625 -0.41049
24.875 93.875 -0.3227
24.875 94.125 -0.52603
24.875 94.375 -0.69827
25.125 71.125 0.32851
25.125 71.375 -0.017226
25.125 71.625 -0.008975
25.125 71.875 0.41431
25.125 72.125 0.84968
25.125 72.375 1.1329
25.125 72.625 0.83311
25.125 72.875 0.884
25.125 73.125 0.29482
25.125 73.375 0.47033
25.125 73.625 0.61573
25.125 73.875 0.78832
25.125 74.125 0.66086
25.125 74.375 1.5961
25.125 74.625 0.82715
25.125 74.875 0.15155
25.125 75.125 0.85712
25.125 75.375 1.2894
25.125 75.625 1.7481
25.125 75.875 -0.37654
25.125 76.125 0.94142
25.125 76.375 0.91942
25.125 76.625 0.73463
25.125 76.875 0.64535
25.125 77.125 0.72562
25.125 77.375 0.69563
25.125 77.625 0.21408
25.125 77.875 -0.15941
25.125 78.125 0.16104
25.125 78.375 0.54091
25.125 78.625 -0.34682
25.125 78.875 -0.73096
25.125 79.125 -0.8033
25.125 79.375 -1.3885
25.125 79.625 -1.0581
25.125 79.875 -1.0658
25.125 80.125 -1.487
25.125 80.375 -0.19233
25.125 80.625 2.1168
25.125 80.875 1.1194
25.125 81.125 -0.92795
25.125 81.375 -0.77146
25.125 81.625 -1.307
25.125 81.875 -1.0727
25.125 82.125 -0.93201
25.125 82.375 -1.1323
25.125 82.625 -0.98123
25.125 82.875 -1.2191
25.125 83.125 -1.4593
25.125 83.375 -1.2068
25.125 83.625 -1.2361
25.125 83.875 -1.2377
25.125 84.125 -1.1308
25.125 84.375 -0.98343
25.125 84.625 -1.166
25.125 84.875 -0.75882
25.125 85.125 -1.16
25.125 85.375 -1.144
25.125 85.625 -1.4708
25.125 85.875 -1.6736
25.125 86.125 -1.3834
25.125 86.375 -1.5505
25.125 86.625 -1.9752
25.125 86.875 -1.7257
25.125 87.125 -1.9947
25.125 87.375 -1.8022
25.125 87.625 -1.7052
25.125 87.875 -1.6753
25.125 88.125 -2.2681
25.125 88.375 -2.2461
25.125 92.375 -0.3737
25.125 92.625 -0.32655
25.125 92.875 -0.46072
25.125 93.125 -0.15748
25.125 93.375 -0.23151
25.125 93.625 -0.19733
25.125 93.875 -0.57309
25.125 94.125 -0.90892
25.125 94.375 -1.0116
25.375 70.875 2.2271
25.375 71.125 1.9455
25.375 71.375 1.3671
25.375 71.625 1.6722
25.375 71.875 1.4123
25.375 72.125 1.0073
25.375 72.375 1.1088
25.375 72.625 0.98416
25.375 72.875 0.43209
25.375 73.125 0.32785
25.375 73.375 0.56344
25.375 73.625 0.46179
25.375 73.875 0.73076
25.375 74.125 0.65405
25.375 74.375 0.58607
25.375 74.625 0.73026
25.375 74.875 0.84403
25.375 75.125 1.4085
25.375 75.375 1.4684
25.375 75.625 1.519
25.375 75.875 0.62771
25.375 76.125 0.96389
25.375 76.375 0.93636
25.375 76.625 0.72679
25.375 76.875 0.48263
25.375 77.125 0.70034
25.375 77.375 0.44748
25.375 77.625 0.050121
25.375 77.875 -0.09646
25.375 78.125 -0.21378
25.375 78.375 -0.020012
25.375 78.625 -0.50698
25.375 78.875 -1.3387
25.375 79.125 -1.4254
25.375 79.375 -1.2333
25.375 79.625 -0.68438
25.375 79.875 -0.23934
25.375 80.125 -0.44337
25.375 80.375 -1.0705
25.375 80.625 0.34735
25.375 80.875 -1.1113
25.375 81.125 -0.72678
25.375 81.375 -0.58521
25.375 81.625 -0.88997
25.375 81.875 -1.6828
25.375 82.125 -1.4635
25.375 82.375 -0.87176
25.375 82.625 -1.3186
25.375 82.875 -0.96653
25.375 83.125 -1.4053
25.375 83.375 -0.54228
25.375 83.625 -1.4569
25.375 83.875 -1.1329
25.375 84.125 -0.86858
25.375 84.375 -0.56149
25.375 84.625 -0.67227
25.375 84.875 -0.50508
25.375 85.125 -0.33217
25.375 85.375 -0.20065
25.375 85.625 -0.57368
25.375 85.875 -0.97451
25.375 86.125 -0.6151
25.375 86.375 -1.2864
25.375 86.625 -1.4577
25.375 86.875 -1.9807
25.375 87.125 -1.1503
25.375 87.375 -1.2052
25.375 87.625 -1.4816
25.375 87.875 -1.6349
25.375 88.125 -2.063
25.375 88.375 -1.8993
25.375 88.625 -1.5539
25.375 90.125 1.385
25.375 90.375 1.3728
25.375 90.625 1.6787
25.375 90.875 1.3049
25.375 91.125 0.96063
25.375 91.375 0.20162
25.375 91.625 0.24215
25.375 91.875 0.41804
25.375 92.125 0.065131
25.375 92.375 -0.028331
25.375 92.625 -0.41568
25.375 92.875 -0.9971
25.375 93.125 -0.36286
25.375 93.375 -0.16378
25.375 93.625 -0.17687
25.375 93.875 -0.79249
25.375 94.125 -0.9485
25.375 94.375 -1.1677
25.625 70.875 1.7977
25.625 71.125 2.0785
25.625 71.375 2.0859
25.625 71.625 2.196
25.625 71.875 1.2879
25.625 72.125 0.70004
25.625 72.375 0.82314
25.625 72.625 0.56941
25.625 72.875 0.3291
25.625 73.125 0.16615
25.625 73.375 0.78624
25.625 73.625 0.79746
25.625 73.875 0.41959
25.625 74.125 0.88105
25.625 74.375 0.67775
25.625 74.625 0.2474
25.625 74.875 0.65451
25.625 75.125 0.7438
25.625 75.375 1.5108
25.625 75.625 1.6188
25.625 75.875 0.72208
25.625 76.125 0.84904
25.625 76.375 0.79896
25.625 76.625 0.41259
25.625 76.875 0.39436
25.625 77.125 0.55033
25.625 77.375 0.38814
25.625 77.625 -0.22615
25.625 77.875 -0.25618
25.625 78.125 -0.50572
25.625 78.375 -0.96085
25.625 78.625 -1.0736
25.625 78.875 -1.2733
25.625 79.125 -0.72948
25.625 79.375 -0.3956
25.625 79.625 -0.23928
25.625 79.875 -0.14205
25.625 80.125 0.12718
25.625 80.375 -0.63078
25.625 80.625 -1.2374
25.625 80.875 -1.2965
25.625 81.125 0.65213
25.625 81.375 -0.31525
25.625 81.625 -0.772
25.625 81.875 -1.0266
25.625 82.125 -1.4434
25.625 82.375 -0.9524
25.625 82.625 -1.2624
25.625 82.875 -1.6293
25.625 83.125 -1.239
25.625 83.375 -0.92819
25.625 83.625 -1.5839
25.625 83.875 -1.0129
25.625 84.125 -1.0412
25.625 84.375 -1.7218
25.625 84.625 -0.75432
25.625 84.875 -0.20928
25.625 85.125 -1.3066
25.625 85.375 -0.81086
25.625 85.625 -0.48933
25.625 85.875 -0.25809
25.625 86.125 -0.73799
25.625 86.375 -1.1441
25.625 86.625 -1.2199
25.625 86.875 -0.92394
25.625 87.125 -0.74667
25.625 87.375 -0.6152
25.625 87.625 -0.23479
25.625 87.875 0.36685
25.625 88.125 -1.3352
25.625 90.125 1.5579
25.625 90.375 1.4366
25.625 90.625 1.3914
25.625 90.875 1.134
25.625 91.125 -0.28023
25.625 91.375 0.021405
25.625 91.625 0.18319
25.625 91.875 -0.13422
25.625 92.125 -0.74529
25.625 92.375 -0.82072
25.625 92.625 -1.4658
25.625 92.875 -0.99261
25.625 93.125 -0.45334
25.625 93.375 0.34566
25.625 93.625 -0.48065
25.625 93.875 -1.1255
25.625 94.125 -1.5092
25.625 94.375 -1.5619
25.625 94.625 NaN
25.625 94.875 NaN
25.875 70.375 1.394
25.875 70.625 1.5408
25.875 70.875 1.698
25.875 71.125 1.6873
25.875 71.375 2.2647
25.875 71.625 2.5183
25.875 71.875 1.3034
25.875 72.125 0.93051
25.875 72.375 0.98674
25.875 72.625 1.3071
25.875 72.875 0.70247
25.875 73.125 0.64945
25.875 73.375 1.4166
25.875 73.625 1.0549
25.875 73.875 0.66136
25.875 74.125 0.73801
25.875 74.375 0.75803
25.875 74.625 1.2384
25.875 74.875 1.0352
25.875 75.125 1.0092
25.875 75.375 1.2055
25.875 75.625 1.1391
25.875 75.875 0.40313
25.875 76.125 0.27887
25.875 76.375 1.0914
25.875 76.625 0.4365
25.875 76.875 0.6749
25.875 77.125 0.73115
25.875 77.375 0.65657
25.875 77.625 0.045853
25.875 77.875 -0.29286
25.875 78.125 -0.37408
25.875 78.375 -0.90439
25.875 78.625 -0.71639
25.875 78.875 -0.70191
25.875 79.125 0.20785
25.875 79.375 -0.73601
25.875 79.625 -1.1778
25.875 79.875 -0.96605
25.875 80.125 -0.61702
25.875 80.375 -0.638
25.875 80.625 -0.87557
25.875 80.875 -0.9908
25.875 81.125 -1.0454
25.875 81.375 -1.4141
25.875 81.625 -0.78335
25.875 81.875 -1.0238
25.875 82.125 -1.9222
25.875 82.375 -1.2054
25.875 82.625 -1.0824
25.875 82.875 -0.4569
25.875 83.125 -1.6462
25.875 83.375 -1.1576
25.875 83.625 -0.74385
25.875 83.875 -1.0265
25.875 84.125 -0.70282
25.875 84.375 -1.6095
25.875 84.625 -0.73115
25.875 84.875 -0.10693
25.875 85.125 -0.3502
25.875 85.375 -0.68929
25.875 85.625 -0.51583
25.875 85.875 -0.0080225
25.875 86.125 -0.46417
25.875 86.375 -0.92681
25.875 86.625 -1.1189
25.875 86.875 -0.13032
25.875 87.125 -0.48669
25.875 87.375 -0.33644
25.875 87.625 -0.51397
25.875 87.875 -0.65521
25.875 90.125 1.3352
25.875 90.375 1.3536
25.875 90.625 0.93398
25.875 90.875 1.4761
25.875 91.125 0.95948
25.875 91.375 1.5682
25.875 91.625 0.25795
25.875 91.875 -1.0844
25.875 92.125 -0.76673
25.875 92.375 0.46368
25.875 92.625 0.67767
25.875 92.875 -0.88452
25.875 93.125 -1.1237
25.875 93.375 -1.1061
25.875 93.625 -0.90664
25.875 93.875 -1.3021
25.875 94.125 -1.5377
25.875 94.375 -1.7681
25.875 94.625 -1.4903
25.875 94.875 -1.3531
26.125 70.375 1.2341
26.125 70.625 1.5732
26.125 70.875 1.6383
26.125 71.125 1.3663
26.125 71.375 2.111
26.125 71.625 2.3201
26.125 71.875 1.7617
26.125 72.125 1.5557
26.125 72.375 2.2009
26.125 72.625 2.3616
26.125 72.875 2.346
26.125 73.125 2.0839
26.125 73.375 1.5354
26.125 73.625 1.2655
26.125 73.875 0.95792
26.125 74.125 0.62698
26.125 74.375 1.2122
26.125 74.625 1.388
26.125 74.875 1.073
26.125 75.125 1.1408
26.125 75.375 1.3773
26.125 75.625 0.84414
26.125 75.875 0.2418
26.125 76.125 0.1343
26.125 76.375 0.021859
26.125 76.625 -0.17723
26.125 76.875 0.64886
26.125 77.125 0.83035
26.125 77.375 0.31669
26.125 77.625 0.19082
26.125 77.875 -0.014655
26.125 78.125 -0.42883
26.125 78.375 -0.62588
26.125 78.625 -0.1462
26.125 78.875 -0.45413
26.125 79.125 -0.088056
26.125 79.375 -0.70725
26.125 79.625 -1.6663
26.125 79.875 -1.2795
26.125 80.125 -0.65547
26.125 80.375 -1.078
26.125 80.625 -1.1509
26.125 80.875 -0.98176
26.125 81.125 -0.76292
26.125 81.375 -1.2394
26.125 81.625 -1.318
26.125 81.875 -1.0613
26.125 82.125 -0.98855
26.125 82.375 -0.96718
26.125 82.625 -0.98638
26.125 82.875 -0.68878
26.125 83.125 -1.461
26.125 83.375 -1.1384
26.125 83.625 -1.0283
26.125 83.875 -1.1065
26.125 84.125 -0.97387
26.125 84.375 -0.87102
26.125 84.625 -0.51165
26.125 84.875 -0.424
26.125 85.125 -0.26001
26.125 85.375 -0.9277
26.125 85.625 -0.49177
26.125 85.875 0.29666
26.125 86.125 0.04627
26.125 86.375 -0.37518
26.125 86.625 0.38919
26.125 86.875 1.4024
26.125 87.125 -0.074362
26.125 87.375 -0.068014
26.125 87.625 -0.2045
26.125 87.875 0.44898
26.125 88.125 0.99202
26.125 89.375 0.34838
26.125 89.875 0.67793
26.125 90.125 1.2965
26.125 90.375 1.36
26.125 90.625 1.4065
26.125 90.875 0.9241
26.125 91.125 1.2271
26.125 91.375 2.6602
26.125 91.625 -0.29703
26.125 91.875 -1.1386
26.125 92.125 -0.23485
26.125 92.375 1.6298
26.125 92.625 1.9382
26.125 92.875 0.0059982
26.125 93.125 -1.3423
26.125 93.375 -1.3994
26.125 93.625 -1.1694
26.125 93.875 -0.87848
26.125 94.125 -0.95542
26.125 94.375 -0.89394
26.125 94.625 -1.36
26.125 94.875 -1.3586
26.375 70.375 0.91303
26.375 70.625 1.2592
26.375 70.875 1.6322
26.375 71.125 1.653
26.375 71.375 1.7337
26.375 71.625 1.9337
26.375 71.875 1.7074
26.375 72.125 1.5348
26.375 72.375 2.001
26.375 72.625 2.0793
26.375 72.875 2.5438
26.375 73.125 1.7397
26.375 73.375 1.3809
26.375 73.625 2.0809
26.375 73.875 2.0544
26.375 74.125 0.74905
26.375 74.375 1.873
26.375 74.625 -0.1867
26.375 74.875 0.31489
26.375 75.125 1.7028
26.375 75.375 1.319
26.375 75.625 0.5203
26.375 75.875 0.20219
26.375 76.125 0.082558
26.375 76.375 -0.08976
26.375 76.625 -0.41149
26.375 76.875 -0.092408
26.375 77.125 -0.31164
26.375 77.375 0.20775
26.375 77.625 0.36628
26.375 77.875 -0.64694
26.375 78.125 -0.54078
26.375 78.375 -0.30093
26.375 78.625 -0.39721
26.375 78.875 0.10503
26.375 79.125 0.67692
26.375 79.375 -1.2757
26.375 79.625 -1.7058
26.375 79.875 -0.64238
26.375 80.125 -0.32908
26.375 80.375 -1.3234
26.375 80.625 -1.5817
26.375 80.875 -1.0196
26.375 81.125 -0.72456
26.375 81.375 -1.4782
26.375 81.625 -1.7674
26.375 81.875 -1.2584
26.375 82.125 -0.91548
26.375 82.375 -0.95957
26.375 82.625 -1.088
26.375 82.875 -0.58073
26.375 83.125 -0.57017
26.375 83.375 -1.0531
26.375 83.625 -1.1283
26.375 83.875 -1.2987
26.375 84.125 -1.1412
26.375 84.375 -0.82899
26.375 84.625 -0.44927
26.375 84.875 -1.3136
26.375 85.125 -0.72459
26.375 85.375 -0.83141
26.375 85.625 0.73079
26.375 85.875 0.46809
26.375 86.125 -0.4844
26.375 86.375 0.21689
26.375 86.625 0.40299
26.375 86.875 0.85903
26.375 87.125 -0.28247
26.375 87.625 -0.3528
26.375 87.875 0.69151
26.375 88.125 0.57776
26.375 88.375 0.52285
26.375 88.875 0.17525
26.375 89.375 0.3966
26.375 89.625 0.60127
26.375 89.875 0.38068
26.375 90.125 1.1
26.375 90.375 1.4256
26.375 90.625 1.4633
26.375 90.875 0.96957
26.375 91.125 1.3757
26.375 91.375 0.36537
26.375 91.625 0.32954
26.375 91.875 0.6914
26.375 92.125 0.56683
26.375 92.375 0.49906
26.375 92.625 1.6091
26.375 92.875 0.25346
26.375 93.125 -0.26397
26.375 93.375 -0.62821
26.375 93.625 -0.85262
26.375 93.875 -0.79314
26.375 94.125 -0.62577
26.375 94.375 -0.51752
26.375 94.625 -0.58685
26.375 94.875 -0.26074
26.625 69.875 0.8166
26.625 70.125 0.8048
26.625 70.375 0.67659
26.625 70.625 1.0573
26.625 70.875 1.3244
26.625 71.125 1.5537
26.625 71.375 1.577
26.625 71.625 1.4139
26.625 71.875 1.4895
26.625 72.125 1.9033
26.625 72.375 2.1924
26.625 72.625 1.729
26.625 72.875 1.6009
26.625 73.125 1.366
26.625 73.375 1.3746
26.625 73.625 2.1083
26.625 73.875 2.0433
26.625 74.125 0.57422
26.625 74.375 1.5943
26.625 74.625 0.95139
26.625 74.875 2.0222
26.625 75.125 2.408
26.625 75.375 1.2203
26.625 75.625 0.81644
26.625 75.875 0.59381
26.625 76.125 0.93961
26.625 76.375 -0.0020699
26.625 76.625 0.23997
26.625 76.875 0.13017
26.625 77.125 0.034716
26.625 77.375 0.25003
26.625 77.625 1.1078
26.625 77.875 -0.99835
26.625 78.125 -1.1315
26.625 78.375 -0.71645
26.625 78.625 -0.70719
26.625 78.875 -0.65494
26.625 79.125 -1.4089
26.625 79.375 -1.755
26.625 79.625 -0.92853
26.625 79.875 -1.298
26.625 80.125 -1.3833
26.625 80.375 -0.73923
26.625 80.625 -1.4772
26.625 80.875 -1.0481
26.625 81.125 -0.66693
26.625 81.375 -1.4579
26.625 81.625 -1.45
26.625 81.875 -0.52987
26.625 82.125 -0.61959
26.625 82.375 -1.228
26.625 82.625 -1.474
26.625 82.875 -1.3706
26.625 83.125 -1.1221
26.625 83.375 -1.1488
26.625 83.625 -1.4854
26.625 83.875 -1.7334
26.625 84.125 -0.8437
26.625 84.375 -0.90199
26.625 84.625 -1.0939
26.625 84.875 -1.7159
26.625 85.125 -1.2561
26.625 85.375 -0.96889
26.625 85.625 0.34151
26.625 86.125 -0.37866
26.625 88.375 1.0173
26.625 88.625 0.80654
26.625 88.875 0.092095
26.625 89.125 -0.14506
26.625 89.375 0.25974
26.625 89.625 0.50789
26.625 89.875 0.49522
26.625 90.125 1.0024
26.625 90.375 1.5318
26.625 90.625 1.5427
26.625 90.875 0.78395
26.625 91.125 0.56987
26.625 91.375 0.029495
26.625 91.625 -0.12364
26.625 91.875 1.292
26.625 92.125 0.18486
26.625 92.375 0.28328
26.625 92.625 1.2878
26.625 92.875 1.4525
26.625 93.125 0.5499
26.625 93.375 0.14021
26.625 93.625 -1.2464
26.625 93.875 -1.0128
26.625 94.125 -0.29225
26.625 94.375 -0.021343
26.625 94.625 0.40136
26.625 94.875 1.0861
26.625 95.125 0.91098
26.875 69.625 1.0752
26.875 69.875 1.0673
26.875 70.125 1.0831
26.875 70.375 1.0904
26.875 70.625 1.29
26.875 70.875 1.2319
26.875 71.125 1.3635
26.875 71.375 1.5483
26.875 71.625 1.5036
26.875 71.875 1.3844
26.875 72.125 1.8251
26.875 72.375 1.9287
26.875 72.625 1.8661
26.875 72.875 1.3319
26.875 73.125 0.50997
26.875 73.375 0.532
26.875 73.625 0.76092
26.875 73.875 0.74864
26.875 74.125 0.48268
26.875 74.375 2.334
26.875 74.625 2.0729
26.875 74.875 1.8689
26.875 75.125 2.0287
26.875 75.375 0.69542
26.875 75.625 -0.12582
26.875 75.875 1.0341
26.875 76.125 1.3201
26.875 76.375 0.19407
26.875 76.625 0.68207
26.875 76.875 0.044635
26.875 77.125 0.16392
26.875 77.375 0.035561
26.875 77.625 0.17649
26.875 77.875 -0.57255
26.875 78.125 -0.82227
26.875 78.375 -0.71404
26.875 78.625 -0.74315
26.875 78.875 -0.56838
26.875 79.125 -1.111
26.875 79.375 -0.9298
26.875 79.625 -0.16494
26.875 79.875 -0.94924
26.875 80.125 -1.1414
26.875 80.375 -0.78174
26.875 80.625 -1.5602
26.875 80.875 -1.129
26.875 81.125 -1.3731
26.875 81.375 -1.7927
26.875 81.625 -1.4816
26.875 81.875 -1.117
26.875 82.125 -0.03976
26.875 82.375 -1.1583
26.875 82.625 -1.3975
26.875 82.875 -1.7024
26.875 83.125 -1.7043
26.875 83.375 -1.8326
26.875 83.625 -1.6428
26.875 83.875 -1.5716
26.875 84.125 -0.73336
26.875 84.375 -1.3146
26.875 84.625 -1.3208
26.875 84.875 -1.4981
26.875 88.375 1.1507
26.875 88.625 0.7319
26.875 88.875 0.26534
26.875 92.375 0.40765
26.875 92.625 0.70893
26.875 92.875 1.5925
26.875 93.125 1.2914
26.875 93.375 0.15743
26.875 93.625 -0.21805
26.875 93.875 -0.62037
26.875 94.125 -0.18954
26.875 94.375 0.18953
26.875 94.625 0.52341
26.875 94.875 1.0525
26.875 95.125 0.91314
26.875 95.375 0.92797
26.875 95.625 0.0090268
27.125 69.875 1.4304
27.125 70.125 1.5359
27.125 70.375 1.7471
27.125 70.625 1.5487
27.125 70.875 1.2173
27.125 71.125 1.2884
27.125 71.375 1.4011
27.125 71.625 1.6228
27.125 71.875 1.6271
27.125 72.125 1.809
27.125 72.375 1.8079
27.125 72.625 1.6809
27.125 72.875 1.2193
27.125 73.125 0.8287
27.125 73.375 0.44938
27.125 73.625 0.34393
27.125 73.875 0.59777
27.125 74.125 0.79274
27.125 74.375 2.0933
27.125 74.625 2.3348
27.125 74.875 0.59232
27.125 75.125 0.76338
27.125 75.375 0.92844
27.125 75.625 1.5805
27.125 75.875 1.2801
27.125 76.125 0.75184
27.125 76.375 0.3769
27.125 76.625 -0.76656
27.125 76.875 -0.71659
27.125 77.125 -0.38441
27.125 77.375 -0.3181
27.125 77.625 0.50339
27.125 77.875 0.71438
27.125 78.125 -0.21173
27.125 78.375 0.1471
27.125 78.625 -0.51379
27.125 78.875 -0.44184
27.125 79.125 -1.2545
27.125 79.375 -1.6247
27.125 79.625 -1.1215
27.125 79.875 -0.87425
27.125 80.125 -0.94084
27.125 80.375 -0.75464
27.125 80.625 -1.2595
27.125 80.875 -1.8229
27.125 81.125 -1.5784
27.125 81.375 -1.7335
27.125 81.625 -1.5926
27.125 81.875 -0.72056
27.125 82.125 -0.53461
27.125 82.375 -1.2276
27.125 82.625 -1.213
27.125 82.875 -1.7573
27.125 83.125 -1.5803
27.125 83.375 -1.5206
27.125 83.625 -0.68198
27.125 83.875 -0.22078
27.125 84.125 -0.46211
27.125 84.375 -0.93995
27.125 84.625 -1.2771
27.125 88.125 1.3469
27.125 88.375 1.5479
27.125 88.625 1.2934
27.125 92.125 -0.48885
27.125 92.375 -0.37667
27.125 92.625 -0.03694
27.125 92.875 1.0003
27.125 93.125 0.97491
27.125 93.375 0.44856
27.125 93.625 0.41401
27.125 93.875 0.47341
27.125 94.125 -0.34639
27.125 94.375 0.10651
27.125 94.625 -0.021481
27.125 94.875 0.76449
27.125 95.125 0.7095
27.125 95.375 0.61863
27.125 95.625 0.13088
27.125 95.875 0.022888
27.375 70.125 1.6303
27.375 70.375 1.6986
27.375 70.625 1.5527
27.375 70.875 1.4168
27.375 71.125 1.332
27.375 71.375 1.6312
27.375 71.625 1.7197
27.375 71.875 1.5361
27.375 72.125 1.3076
27.375 72.375 1.5932
27.375 72.625 1.7717
27.375 72.875 1.6702
27.375 73.125 1.4354
27.375 73.375 1.2292
27.375 73.625 0.75218
27.375 73.875 0.70175
27.375 74.125 0.96405
27.375 74.375 1.7291
27.375 74.625 1.2827
27.375 74.875 1.0164
27.375 75.125 1.2941
27.375 75.375 1.2425
27.375 75.625 1.9416
27.375 75.875 0.81206
27.375 76.125 0.60258
27.375 76.375 0.13968
27.375 76.625 -0.19099
27.375 76.875 0.087762
27.375 77.125 -0.1316
27.375 77.375 -0.64296
27.375 77.625 0.1492
27.375 77.875 0.21093
27.375 78.125 0.04574
27.375 78.375 0.23115
27.375 78.625 -0.76621
27.375 78.875 -0.70737
27.375 79.125 -1.9429
27.375 79.375 -1.9674
27.375 79.625 -1.2799
27.375 79.875 -0.95216
27.375 80.125 -1.2598
27.375 80.375 -1.1404
27.375 80.625 -1.6982
27.375 80.875 -1.8328
27.375 81.125 -1.5865
27.375 81.375 -1.4847
27.375 81.625 -1.3342
27.375 81.875 -1.062
27.375 82.125 -0.96285
27.375 82.375 -1.0082
27.375 82.625 -1.4685
27.375 82.875 -1.5757
27.375 83.125 -1.474
27.375 83.625 -0.5548
27.375 84.125 -0.21699
27.375 84.375 -0.95906
27.375 88.125 1.2775
27.375 88.375 1.0436
27.375 88.625 0.65454
27.375 92.125 -0.72617
27.375 92.375 -0.41621
27.375 92.625 0.033922
27.375 92.875 0.21139
27.375 93.125 0.85708
27.375 93.375 0.050986
27.375 93.625 -0.063801
27.375 93.875 0.18632
27.375 94.125 -1.101
27.375 94.375 -0.69104
27.375 94.625 0.29511
27.375 94.875 0.25942
27.375 95.125 0.12158
27.375 95.375 0.11152
27.375 95.625 -0.03713
27.375 95.875 -0.23454
27.375 96.125 -0.20285
27.375 96.375 0.24935
27.375 96.625 0.66935
27.375 96.875 0.67132
27.625 70.125 1.5895
27.625 70.375 1.6775
27.625 70.625 1.6249
27.625 70.875 1.4999
27.625 71.125 1.3564
27.625 71.375 1.5263
27.625 71.625 1.5023
27.625 71.875 1.5056
27.625 72.125 1.4822
27.625 72.375 1.6635
27.625 72.625 1.6237
27.625 72.875 1.7258
27.625 73.125 1.6318
27.625 73.375 1.7213
27.625 73.625 2.3023
27.625 73.875 1.865
27.625 74.125 1.0519
27.625 74.375 1.3163
27.625 74.625 1.3613
27.625 74.875 1.087
27.625 75.125 0.59227
27.625 75.375 0.91051
27.625 75.625 0.34269
27.625 75.875 -0.53568
27.625 76.125 0.087931
27.625 76.375 1.4398
27.625 76.625 -0.34617
27.625 76.875 -0.28855
27.625 77.125 -0.45224
27.625 77.375 -0.51993
27.625 77.625 -0.40268
27.625 77.875 -0.67127
27.625 78.125 -0.54282
27.625 78.375 -0.47307
27.625 78.625 -1.2479
27.625 78.875 -1.5138
27.625 79.125 -1.8993
27.625 79.375 -1.9061
27.625 79.625 -1.5739
27.625 79.875 -0.95844
27.625 80.125 -1.1918
27.625 80.375 -0.75339
27.625 80.625 -0.23917
27.625 80.875 0.44238
27.625 81.125 -1.3332
27.625 81.375 -1.823
27.625 81.625 -1.5867
27.625 81.875 -1.2293
27.625 82.125 -1.0942
27.625 82.375 -1.0231
27.625 82.625 -1.4888
27.625 88.375 0.91963
27.625 88.625 0.9234
27.625 91.625 -1.1354
27.625 91.875 -0.92649
27.625 92.125 -0.58765
27.625 92.375 -0.35725
27.625 92.625 0.028524
27.625 92.875 -0.17332
27.625 93.125 -0.14297
27.625 93.375 -0.78485
27.625 93.625 -0.69827
27.625 93.875 -0.50788
27.625 94.125 -0.78904
27.625 94.375 -1.016
27.625 94.625 -0.49318
27.625 94.875 -0.23699
27.625 95.125 -0.51742
27.625 95.375 0.042507
27.625 95.625 -0.063958
27.625 95.875 -0.31321
27.625 96.125 -0.32081
27.625 96.375 0.24084
27.625 96.625 0.53818
27.625 96.875 0.62864
27.875 70.375 1.749
27.875 71.875 1.7202
27.875 72.125 1.8167
27.875 72.375 1.8706
27.875 72.625 1.8345
27.875 72.875 1.8148
27.875 73.125 1.8961
27.875 73.375 1.9785
27.875 73.625 2.875
27.875 73.875 2.8566
27.875 74.125 2.284
27.875 74.375 2.7464
27.875 74.625 1.7406
27.875 74.875 1.2168
27.875 75.125 0.71106
27.875 75.375 0.86883
27.875 75.625 0.87362
27.875 75.875 0.41072
27.875 76.125 0.59945
27.875 76.375 0.99174
27.875 76.625 0.041445
27.875 76.875 0.22894
27.875 77.125 0.62183
27.875 77.375 -0.44143
27.875 77.625 -1.0595
27.875 77.875 -1.1485
27.875 78.125 -1.0106
27.875 78.375 -0.019362
27.875 78.625 -1.0465
27.875 78.875 -1.4963
27.875 79.125 -1.4421
27.875 79.375 -1.7699
27.875 79.625 -1.738
27.875 79.875 -0.75545
27.875 80.125 -1.0443
27.875 80.375 -1.1592
27.875 80.625 1.7836
27.875 80.875 2.0066
27.875 81.125 -1.1645
27.875 81.375 -1.6321
27.875 81.625 -1.6974
27.875 88.375 NaN
27.875 88.625 NaN
27.875 92.875 -0.40717
27.875 93.125 -0.64093
27.875 93.375 -0.79003
27.875 93.625 -0.79073
27.875 93.875 -0.84724
27.875 94.125 -0.76932
27.875 94.375 -0.80126
27.875 94.625 -0.56948
27.875 94.875 -0.077286
27.875 95.125 0.34731
27.875 95.375 0.50394
27.875 95.625 0.15558
27.875 95.875 -0.24938
27.875 96.125 -0.36072
27.875 96.375 0.19875
27.875 96.625 0.49932
27.875 96.875 0.59605
27.875 97.125 0.63576
28.125 72.125 2.4366
28.125 72.375 2.7862
28.125 72.625 2.0501
28.125 72.875 1.7866
28.125 73.125 1.5622
28.125 73.375 1.6349
28.125 73.625 2.5475
28.125 73.875 2.3646
28.125 74.125 1.7032
28.125 74.375 2.2002
28.125 74.625 1.7002
28.125 74.875 1.6772
28.125 75.125 0.81053
28.125 75.375 0.62776
28.125 75.625 1.2178
28.125 75.875 0.70192
28.125 76.125 0.90073
28.125 76.375 0.56371
28.125 76.625 1.1224
28.125 76.875 0.6558
28.125 77.125 -0.16998
28.125 77.375 -1.0166
28.125 77.625 -1.2564
28.125 77.875 -1.0818
28.125 78.125 -0.69408
28.125 78.375 -0.68971
28.125 78.625 -1.5199
28.125 78.875 -1.3968
28.125 79.125 -1.5804
28.125 79.375 -1.5609
28.125 79.625 -1.5288
28.125 79.875 -1.2135
28.125 80.125 -0.70716
28.125 80.375 -0.92428
28.125 80.625 -0.78288
28.125 80.875 -0.45193
28.125 81.125 -0.59648
28.125 81.375 -1.1088
28.125 92.875 -0.48546
28.125 93.125 -0.74187
28.125 93.375 -0.77049
28.125 93.625 -0.74598
28.125 93.875 -0.70221
28.125 94.125 -0.78267
28.125 94.375 -0.79331
28.125 94.625 -0.79623
28.125 94.875 -0.30856
28.125 95.125 0.35046
28.125 95.375 0.44563
28.125 95.625 0.26535
28.125 95.875 -0.078931
28.125 96.125 -0.29338
28.125 96.375 0.3815
28.125 96.625 0.47677
28.125 96.875 0.55027
28.125 97.125 0.70964
28.375 72.375 3.0781
28.375 72.625 2.4656
28.375 72.875 1.8282
28.375 73.125 1.6646
28.375 73.375 1.6483
28.375 73.625 1.6086
28.375 73.875 1.6071
28.375 74.125 1.196
28.375 74.375 1.0553
28.375 74.625 1.2063
28.375 74.875 1.5342
28.375 75.125 1.9425
28.375 75.375 0.84316
28.375 75.625 1.3989
28.375 75.875 0.43435
28.375 76.125 0.69395
28.375 76.375 0.98125
28.375 76.625 0.2927
28.375 76.875 0.11433
28.375 77.125 -0.59813
28.375 77.375 -0.93336
28.375 77.625 -0.96879
28.375 77.875 -1.06
28.375 78.125 -0.66868
28.375 78.375 -0.84073
28.375 78.625 -1.7353
28.375 78.875 -1.79
28.375 79.125 -1.3108
28.375 79.375 -0.80604
28.375 79.625 -1.3138
28.375 79.875 -1.3247
28.375 80.125 -0.45844
28.375 80.375 -0.32716
28.375 80.625 -0.85968
28.375 80.875 -0.2947
28.375 81.125 -0.33863
28.375 93.375 -0.65909
28.375 93.625 -0.50373
28.375 93.875 -0.48021
28.375 94.125 -0.48412
28.375 94.375 -0.55979
28.375 94.625 -0.45734
28.375 94.875 -0.47093
28.375 95.125 -0.039463
28.375 95.375 -0.055525
28.375 95.625 0.012026
28.375 95.875 -0.030274
28.375 96.125 -0.38475
28.375 96.625 0.3407
28.625 72.375 3.7465
28.625 72.625 3.2605
28.625 72.875 2.4896
28.625 73.125 1.94
28.625 73.375 1.9567
28.625 73.625 1.9587
28.625 73.875 1.5845
28.625 74.125 1.0113
28.625 74.375 0.70448
28.625 74.625 0.85547
28.625 74.875 1.0216
28.625 75.125 1.9498
28.625 75.375 0.79106
28.625 75.625 -0.27916
28.625 75.875 0.52533
28.625 76.125 0.20883
28.625 76.375 0.7876
28.625 76.625 0.61095
28.625 76.875 0.018711
28.625 77.125 -0.69995
28.625 77.375 -0.98931
28.625 77.625 -0.5886
28.625 77.875 -1.0506
28.625 78.125 -1.0678
28.625 78.375 -1.1325
28.625 78.625 -1.4895
28.625 78.875 -1.8183
28.625 79.125 -0.28346
28.625 79.375 -0.32618
28.625 79.625 -0.17142
28.625 79.875 -0.14531
28.625 80.125 -0.61725
28.625 80.375 -0.27575
28.625 80.625 -0.849
28.625 93.625 -0.36082
28.625 93.875 NaN
28.625 94.125 -0.23435
28.625 94.375 -0.47298
28.625 94.625 -0.27376
28.625 94.875 -0.43038
28.625 95.125 -0.24283
28.625 95.375 -0.22349
28.625 95.625 -0.212
28.625 95.875 -0.19127
28.625 96.125 -0.16341
28.625 96.375 -0.53561
28.875 72.875 1.8555
28.875 73.125 2.5018
28.875 73.375 3.353
28.875 73.625 2.8245
28.875 73.875 2.6195
28.875 74.125 2.0358
28.875 74.375 0.91824
28.875 74.625 0.6211
28.875 74.875 0.93796
28.875 75.125 1.9001
28.875 75.375 0.45261
28.875 75.625 0.2431
28.875 75.875 -0.013338
28.875 76.125 0.19965
28.875 76.375 1.0677
28.875 76.625 0.69087
28.875 76.875 -0.49374
28.875 77.125 -0.73381
28.875 77.375 -0.60304
28.875 77.625 -0.69718
28.875 77.875 -0.96512
28.875 78.125 -0.95741
28.875 78.375 -1.1153
28.875 78.625 -1.5895
28.875 78.875 -1.5588
28.875 79.125 -1.0177
28.875 79.375 -0.17494
28.875 79.625 -0.45692
28.875 79.875 -0.64669
28.875 94.125 0.084472
28.875 94.375 0.04427
28.875 94.625 -0.22841
28.875 94.875 -0.16861
28.875 95.125 -0.20893
28.875 95.375 -0.3341
28.875 95.625 -0.25346
28.875 95.875 -0.15705
28.875 96.125 0.55999
28.875 96.375 -0.48749
29.125 73.125 2.1765
29.125 73.375 3.2902
29.125 73.625 2.3881
29.125 73.875 2.4244
29.125 74.125 3.2041
29.125 74.375 1.0686
29.125 74.625 0.56951
29.125 74.875 1.1936
29.125 75.125 4.0935
29.125 75.375 2.5235
29.125 75.625 1.2334
29.125 75.875 1.9307
29.125 76.125 1.5677
29.125 76.375 1.2784
29.125 76.625 0.96413
29.125 76.875 -0.31686
29.125 77.125 -0.14516
29.125 77.375 -0.72335
29.125 77.625 -0.80577
29.125 77.875 -0.76823
29.125 78.125 -0.80947
29.125 78.375 -1.0612
29.125 78.625 -0.96292
29.125 78.875 -1.5296
29.125 79.125 -0.126
29.125 79.375 -0.49043
29.125 79.625 -1.6286
29.125 79.875 -1.3844
29.125 80.125 -1.3372
29.125 94.375 0.030264
29.125 94.625 -0.16928
29.125 94.875 -0.14727
29.125 95.625 -0.11698
29.125 95.875 0.72069
29.125 96.125 -0.026143
29.375 73.375 2.2059
29.375 73.625 2.2321
29.375 73.875 1.947
29.375 74.125 1.7953
29.375 74.375 1.9104
29.375 74.625 1.1551
29.375 74.875 2.0998
29.375 75.125 2.7208
29.375 75.375 2.5147
29.375 75.625 2.2761
29.375 75.875 2.1316
29.375 76.125 3.5364
29.375 76.375 2.7963
29.375 76.625 1.4311
29.375 76.875 -0.13276
29.375 77.125 -0.26562
29.375 77.375 -0.69038
29.375 77.625 -0.77218
29.375 77.875 -1.062
29.375 78.125 -1.5312
29.375 78.375 -1.0208
29.375 78.625 -1.4908
29.375 78.875 -1.2874
29.375 79.125 -0.93187
29.375 79.375 -1.7584
29.375 79.625 -1.2402
29.375 79.875 -0.51837
29.375 80.125 0.096483
29.375 96.125 -0.20903
29.625 73.375 2.5437
29.625 73.625 3.2186
29.625 73.875 2.0596
29.625 74.125 2.4926
29.625 74.375 1.8967
29.625 74.625 0.75143
29.625 74.875 1.3481
29.625 75.125 0.90547
29.625 75.375 0.90975
29.625 75.625 1.6893
29.625 75.875 2.105
29.625 76.125 1.7379
29.625 76.375 1.6644
29.625 76.625 1.76
29.625 76.875 1.1872
29.625 77.125 -0.15919
29.625 77.375 -0.72262
29.625 77.625 -1.5767
29.625 77.875 -1.1847
29.625 78.125 -0.25025
29.625 78.375 -1.2408
29.625 78.625 -1.0331
29.625 78.875 -1.0239
29.625 79.125 -1.1366
29.625 79.375 -0.43804
29.625 79.625 -0.50766
29.625 79.875 -0.069044
29.625 80.125 0.77975
29.875 73.625 3.3773
29.875 73.875 1.5929
29.875 74.125 1.7375
29.875 74.375 0.69308
29.875 74.625 0.68793
29.875 74.875 0.50424
29.875 75.125 0.065429
29.875 75.375 0.36173
29.875 75.625 0.50884
29.875 75.875 1.4164
29.875 76.125 1.4705
29.875 76.375 0.61691
29.875 76.625 -0.058075
29.875 76.875 -0.088891
29.875 77.125 -0.61058
29.875 77.375 -1.1015
29.875 77.625 -1.2905
29.875 77.875 -0.62619
29.875 78.125 -0.19451
29.875 78.375 -1.312
29.875 78.625 -0.49212
29.875 78.875 0.475
29.875 79.125 0.14586
29.875 79.375 0.87252
29.875 79.625 0.53147
29.875 79.875 0.034962
29.875 80.125 0.80209
29.875 80.375 0.8267
30.125 74.125 1.0183
30.125 74.375 0.93297
30.125 74.625 1.3433
30.125 74.875 0.73435
30.125 75.125 0.4168
30.125 75.375 0.46556
30.125 75.625 0.55365
30.125 75.875 0.78298
30.125 76.125 0.97742
30.125 76.375 0.026775
30.125 76.625 -0.76265
30.125 76.875 -1.0484
30.125 77.125 0.55108
30.125 77.375 0.18138
30.125 77.625 -0.21331
30.125 77.875 -0.36575
30.125 78.125 0.41589
30.125 78.375 -0.43156
30.125 78.625 0.43913
30.125 78.875 2.4246
30.125 79.125 2.4601
30.125 79.375 2.0703
30.125 79.625 0.38743
30.125 79.875 0.18167
30.125 80.125 0.33075
30.125 80.375 0.58064
30.125 80.625 0.57563
30.375 74.125 0.83195
30.375 74.375 1.461
30.375 74.625 1.7907
30.375 74.875 1.0134
30.375 75.125 0.95232
30.375 75.375 0.57124
30.375 75.625 -0.40812
30.375 75.875 0.35645
30.375 76.125 0.62694
30.375 76.375 0.14268
30.375 76.625 -0.85401
30.375 76.875 -0.87615
30.375 77.125 -0.28961
30.375 77.375 -0.23666
30.375 77.625 -0.061286
30.375 77.875 0.19052
30.375 78.125 -0.15364
30.375 78.375 -0.41076
30.375 78.625 1.1329
30.375 78.875 1.1259
30.375 79.125 1.6045
30.375 79.375 0.72491
30.375 79.625 0.76331
30.375 79.875 0.27556
30.375 80.125 0.37895
30.375 80.375 0.45559
30.375 80.625 0.54555
30.625 74.375 1.3327
30.625 74.625 1.1043
30.625 74.875 0.30675
30.625 75.125 1.4355
30.625 75.375 1.6275
30.625 75.625 0.7629
30.625 75.875 0.46808
30.625 76.125 0.39125
30.625 76.375 0.012381
30.625 76.625 0.22069
30.625 76.875 0.034413
30.625 77.125 -0.45945
30.625 77.375 -0.42833
30.625 77.625 -0.37598
30.625 77.875 0.24838
30.625 78.125 0.56894
30.625 78.375 -0.040555
30.625 78.625 0.30967
30.625 78.875 0.91407
30.625 79.125 1.0247
30.625 79.375 0.62526
30.625 79.625 0.91271
30.625 79.875 0.54046
30.625 80.125 -0.018602
30.875 74.625 0.42909
30.875 74.875 1.3756
30.875 75.125 1.2016
30.875 75.375 0.35265
30.875 75.625 0.77252
30.875 75.875 0.016069
30.875 76.125 -0.23032
30.875 76.375 0.75923
30.875 76.625 0.54669
30.875 76.875 0.72583
30.875 77.125 0.61239
30.875 77.375 0.77921
30.875 77.625 0.0061894
30.875 77.875 0.22482
30.875 78.125 0.42968
30.875 78.375 0.33354
30.875 78.625 0.28586
30.875 78.875 0.79907
30.875 79.125 1.0138
30.875 79.375 NaN
30.875 79.625 NaN
30.875 79.875 NaN
31.125 74.875 2.0677
31.125 75.125 2.6417
31.125 75.375 0.29557
31.125 75.625 -0.026387
31.125 75.875 -0.67174
31.125 76.125 -0.049025
31.125 76.375 -0.017026
31.125 76.625 -0.044978
31.125 76.875 0.97262
31.125 77.125 1.325
31.125 77.375 1.0491
31.125 77.625 0.64206
31.125 77.875 -0.63982
31.125 78.125 -0.36887
31.125 78.375 -0.054559
31.125 78.625 -0.018083
31.125 78.875 NaN
31.125 79.125 NaN
31.375 74.875 0.77236
31.375 75.125 2.9096
31.375 75.375 0.51503
31.375 75.625 -0.7908
31.375 75.875 -0.47459
31.375 76.125 -0.026292
31.375 76.375 0.81644
31.375 76.625 -0.34967
31.375 76.875 -0.15668
31.375 77.125 0.81925
31.375 77.375 1.3382
31.375 77.625 0.085208
31.375 77.875 -0.39504
31.375 78.125 -0.62707
31.375 78.375 -0.83467
31.375 78.625 -0.55088
31.625 74.875 -0.42995
31.625 75.125 -0.32931
31.625 75.375 0.077344
31.625 75.625 -0.46262
31.625 75.875 -1.241
31.625 76.125 -0.41634
31.625 76.375 0.27325
31.625 76.625 0.35073
31.625 76.875 0.19744
31.625 77.125 0.63969
31.625 77.375 1.2016
31.625 77.625 0.55618
31.625 77.875 -0.62329
31.625 78.125 -0.86746
31.625 78.375 -0.95369
31.625 78.625 -0.78231
31.875 74.875 -0.27795
31.875 75.125 -0.062974
31.875 75.375 -0.31476
31.875 75.625 -0.091959
31.875 75.875 -0.85537
31.875 76.125 -0.54192
31.875 76.375 -0.19383
31.875 76.625 0.023518
31.875 76.875 0.80619
31.875 77.125 0.69682
31.875 77.375 0.46342
31.875 77.625 0.86511
31.875 77.875 -0.5908
31.875 78.125 -0.72634
31.875 78.375 -0.63413
31.875 78.625 -0.66003
32.125 75.375 0.13939
32.125 75.625 0.26858
32.125 75.875 -0.54735
32.125 76.125 0.03671
32.125 76.375 -0.48214
32.125 76.625 0.52707
32.125 76.875 0.54883
32.125 77.125 0.30365
32.125 77.375 0.61136
32.125 77.625 0.58821
32.125 77.875 -0.79702
32.125 78.125 -1.0519
32.125 78.375 -0.82726
32.375 75.375 0.56569
32.375 75.625 0.62399
32.375 75.875 -0.52525
32.375 76.125 -1.338
32.375 76.375 -0.97301
32.375 76.625 -0.39858
32.375 76.875 -0.098239
32.375 77.125 0.094365
32.375 77.375 0.5112
32.375 77.625 0.41703
32.375 77.875 -0.90383
32.375 78.125 -1.0526
32.375 78.375 -0.9871
32.625 74.875 1.3549
32.625 75.125 0.31237
32.625 75.375 0.26105
32.625 75.625 0.19463
32.625 75.875 -0.48406
32.625 76.125 -0.63168
32.625 76.375 -0.21025
32.625 76.625 0.13764
32.625 76.875 0.28544
32.625 77.125 0.61296
32.625 77.375 0.47106
32.625 77.625 0.16043
32.625 77.875 -0.48649
32.625 78.125 -1.178
32.625 78.375 -0.75436
32.625 78.625 -0.86074
32.625 78.875 -0.71548
32.625 79.125 -0.57309
32.625 79.375 -1.0325
32.875 74.375 1.2062
32.875 74.625 1.151
32.875 74.875 1.4181
32.875 75.125 0.79069
32.875 75.375 0.124
32.875 75.625 -0.17781
32.875 75.875 0.032612
32.875 76.125 0.66512
32.875 76.375 1.2881
32.875 76.625 1.3797
32.875 76.875 1.3483
32.875 77.125 0.70935
32.875 77.375 0.49438
32.875 77.625 0.3561
32.875 77.875 -0.07497
32.875 78.125 -0.90291
32.875 78.375 -0.6274
32.875 78.625 -0.89868
32.875 78.875 -0.88685
32.875 79.125 -0.78406
32.875 79.375 -1.1501
33.125 73.875 0.81174
33.125 74.125 0.61907
33.125 74.375 1.5242
33.125 74.625 1.9608
33.125 74.875 1.8501
33.125 75.125 0.95026
33.125 75.375 -0.31967
33.125 75.625 -0.57893
33.125 75.875 0.017382
33.125 76.125 1.184
33.125 76.375 1.6917
33.125 76.625 1.5815
33.125 76.875 1.622
33.125 77.125 0.71719
33.125 77.375 -0.24138
33.125 77.625 -0.51747
33.125 77.875 -0.45508
33.125 78.125 -0.27204
33.125 78.375 -0.60453
33.125 78.625 -0.87128
33.125 78.875 -1.0923
33.125 79.125 -1.0645
33.375 73.875 1.1071
33.375 74.125 1.263
33.375 74.375 2.2142
33.375 74.625 1.5557
33.375 74.875 0.60027
33.375 75.125 0.20705
33.375 75.375 -0.081214
33.375 75.625 -0.42456
33.375 75.875 0.26111
33.375 76.125 1.3143
33.375 76.375 1.7795
33.375 76.625 1.7071
33.375 76.875 1.1592
33.375 77.125 -0.15311
33.375 77.375 -0.57355
33.375 77.625 -0.6619
33.375 77.875 -0.63407
33.375 78.125 -0.65899
33.375 78.375 -0.43727
33.375 78.625 -0.52462
33.375 78.875 -0.66611
33.625 73.875 0.79174
33.625 74.125 1.1367
33.625 74.375 1.1588
33.625 74.625 1.146
33.625 74.875 0.80407
33.625 75.125 0.53717
33.625 75.375 0.14599
33.625 75.625 -0.036665
33.625 75.875 -0.14307
33.625 76.125 0.69882
33.625 76.375 1.372
33.625 76.625 1.1972
33.625 76.875 -0.084991
33.625 77.125 -0.77236
33.625 77.375 -0.43484
33.625 77.625 -0.57556
33.625 77.875 -0.45626
33.625 78.125 -0.41779
33.625 78.375 -0.48061
33.625 78.625 -0.53846
33.625 78.875 -0.59722
33.875 73.875 0.35848
33.875 74.125 0.78994
33.875 74.375 1.2955
33.875 74.625 1.618
33.875 74.875 0.38356
33.875 75.125 0.50259
33.875 75.375 0.57609
33.875 75.625 -0.079164
33.875 75.875 -0.39493
33.875 76.125 -0.74072
33.875 76.375 -0.60041
33.875 76.625 -0.39043
33.875 76.875 -0.48362
33.875 77.125 -0.80193
33.875 77.375 -0.494
33.875 77.625 -0.50481
33.875 77.875 -0.42892
33.875 78.125 -0.45383
33.875 78.375 -0.67446
33.875 78.625 -0.58474
33.875 78.875 -0.57639
34.125 73.625 -0.12599
34.125 73.875 -0.094407
34.125 74.125 0.33962
34.125 74.375 0.5097
34.125 74.625 1.231
34.125 74.875 0.045163
34.125 75.125 0.24714
34.125 75.375 0.19731
34.125 75.625 -0.61672
34.125 75.875 -1.0395
34.125 76.125 -0.88541
34.125 76.375 -0.57027
34.125 76.625 -0.63817
34.125 76.875 -0.54401
34.125 77.125 -0.52855
34.125 77.375 -0.58257
34.125 77.625 -0.63679
34.125 77.875 -0.53381
34.125 78.125 -0.74508
34.125 78.375 -0.59262
34.125 78.625 -0.55176
34.125 78.875 -0.68825
34.125 79.125 -0.71558
34.125 79.375 -0.76474
34.375 73.625 -0.41673
34.375 73.875 -0.57307
34.375 74.125 -0.81341
34.375 74.375 -0.92294
34.375 74.625 -0.53332
34.375 74.875 0.23578
34.375 75.125 0.44421
34.375 75.375 -0.69503
34.375 75.625 -1.0918
34.375 75.875 -1.2072
34.375 76.125 -1.0113
34.375 76.375 -0.6554
34.375 76.625 -0.6138
34.375 76.875 -0.64349
34.375 77.125 -0.57471
34.375 77.375 -0.54984
34.375 77.625 -0.5436
34.375 77.875 -0.61689
34.375 78.125 -0.65599
34.375 78.375 -0.25817
34.375 78.625 -0.35939
34.375 78.875 -0.5832
34.375 79.125 -0.93373
34.375 79.375 -1.0057
34.625 73.875 -0.64895
34.625 74.125 -0.86039
34.625 74.375 -0.8525
34.625 74.625 -0.60416
34.625 74.875 -0.21265
34.625 75.125 0.08359
34.625 75.375 -1.0989
34.625 75.625 -1.1997
34.625 75.875 -0.99675
34.625 76.125 -0.8098
34.625 76.375 -0.59852
34.625 76.625 -0.7942
34.625 76.875 -0.89632
34.625 77.125 -0.64044
34.625 77.375 -0.64452
34.625 77.625 -0.61299
34.625 77.875 -0.68806
34.625 78.125 -0.71171
34.625 78.375 -0.67085
34.625 78.625 -0.39472
34.625 78.875 -0.59182
34.625 79.125 -0.76424
34.625 79.375 -0.96774
34.625 79.625 -0.99883
34.875 74.125 -0.88663
34.875 74.375 -1.0197
34.875 74.625 -0.90348
34.875 74.875 -0.63807
34.875 75.125 -0.79415
34.875 75.375 -1.2708
34.875 75.625 -1.2824
34.875 75.875 -1.0424
34.875 76.125 -0.79871
34.875 76.375 -0.6452
34.875 76.625 -0.72785
34.875 76.875 -0.63338
34.875 77.125 -0.68021
34.875 77.375 -0.74772
34.875 77.625 -0.86899
34.875 77.875 -0.70593
34.875 78.125 -0.67909
34.875 78.375 -0.64668
34.875 78.625 -0.59109
34.875 78.875 -0.64156
34.875 79.125 -0.73772
34.875 79.375 -0.72342
34.875 79.625 -0.85299
34.875 79.875 -0.8787
35.125 74.375 -1.1514
35.125 74.625 -1.2128
35.125 74.875 -1.0314
35.125 75.125 -1.173
35.125 75.375 -1.5574
35.125 75.625 -1.2501
35.125 75.875 -0.86587
35.125 76.125 -0.84422
35.125 76.375 -0.60042
35.125 76.625 -0.57391
35.125 76.875 -0.9176
35.125 77.125 -0.8831
35.125 77.375 -0.91556
35.125 77.625 -0.6535
35.125 77.875 -0.86385
35.125 78.125 -0.51847
35.125 78.375 -0.6165
35.125 78.625 -0.69816
35.125 78.875 -0.63063
35.125 79.125 -0.56593
35.125 79.375 -0.59783
35.125 79.625 -0.98253
35.125 79.875 -0.84557
35.375 73.875 -1.3214
35.375 74.125 -1.2882
35.375 74.375 -1.3414
35.375 74.625 -1.4027
35.375 74.875 -0.87805
35.375 75.125 -1.1364
35.375 75.375 -1.1779
35.375 75.625 -1.0708
35.375 75.875 -0.91655
35.375 76.125 -0.67652
35.375 76.375 -0.7131
35.375 76.625 -0.94957
35.375 76.875 -0.87119
35.375 77.125 -0.93512
35.375 77.375 -0.64713
35.375 77.625 -0.69976
35.375 77.875 -0.67384
35.375 78.125 -0.64394
35.375 78.375 -0.90853
35.375 78.625 -0.88705
35.375 78.875 -0.75224
35.375 79.125 -0.58135
35.375 79.375 -0.75709
35.375 79.625 -0.79393
35.375 79.875 -0.75469
35.375 80.125 NaN
35.625 73.375 -1.1852
35.625 73.625 -1.199
35.625 73.875 -1.3218
35.625 74.125 -1.4584
35.625 74.375 -1.6586
35.625 74.625 -1.2814
35.625 74.875 -0.9363
35.625 75.125 -1.0281
35.625 75.375 -1.0296
35.625 75.625 -1.0897
35.625 75.875 -1.0759
35.625 76.125 -0.67621
35.625 76.375 -1.0329
35.625 76.625 -0.84981
35.625 76.875 -0.76501
35.625 77.125 -0.94671
35.625 78.375 -0.91897
35.625 78.625 -0.79771
35.625 78.875 -0.78357
35.625 79.125 -0.73209
35.625 79.375 -0.67994
35.625 79.625 -0.4438
35.625 79.875 -0.69943
35.625 80.125 -0.64413
35.875 73.125 1.0007
35.875 73.375 0.42808
35.875 73.625 -0.47482
35.875 73.875 -1.0831
35.875 74.125 -1.1488
35.875 74.375 -1.2766
35.875 74.625 -1.1921
35.875 74.875 -1.1036
35.875 75.125 -1.0771
35.875 75.375 -1.2066
35.875 75.625 -1.3021
35.875 75.875 -1.1734
35.875 76.125 -1.0317
35.875 76.375 -1.2839
35.875 76.625 -1.1092
35.875 79.375 -0.60343
36.125 72.625 0.81711
36.125 72.875 NaN
36.125 73.125 NaN
36.125 73.375 1.1036
36.125 73.625 0.70193
36.125 73.875 0.092312
36.125 74.125 -0.42875
36.125 74.375 -0.54406
36.125 74.625 -1.1004
36.125 74.875 -1.2628
36.125 75.125 -1.3442
36.125 75.375 -1.4101
36.125 75.625 -1.3863
36.125 75.875 -1.4475
36.125 76.125 -1.4324
36.125 76.375 -1.5056
36.125 76.625 -1.2853
36.375 73.125 1.2242
36.375 73.375 1.5015
36.375 73.625 1.4542
36.375 73.875 0.84601
36.375 74.125 0.12399
36.375 74.375 -0.12367
36.375 74.625 -0.70431
36.375 74.875 -0.90177
36.375 75.125 -1.3504
36.375 75.375 -1.5214
36.375 75.625 -1.4787
36.375 75.875 -1.4812
36.375 76.125 -1.4142
36.625 73.375 1.3026
36.625 73.625 1.1909
36.625 73.875 0.90985
36.625 74.125 0.70114
36.625 74.375 -0.075851
36.625 74.625 -0.47822
36.625 74.875 -0.74027
36.625 75.125 -0.98014
36.625 75.375 -1.2419
36.625 75.625 -1.2804
36.875 73.875 0.92044
36.875 74.375 0.58687
36.875 74.625 -0.078252
36.875 74.875 -0.38352
36.875 75.125 -0.7371
36.875 75.375 -0.74209
