8.125 77.375 -0.23689
8.375 77.125 -0.58788
8.375 77.375 -0.20496
8.375 77.625 0.057653
8.375 77.875 0.054217
8.625 76.875 -0.53438
8.625 77.125 -0.51722
8.625 77.375 -0.062317
8.625 77.625 -0.45964
8.625 77.875 0.10642
8.875 76.875 0.53278
8.875 77.125 0.038244
8.875 77.375 -0.052421
8.875 77.625 -0.583
8.875 77.875 -0.69138
9.125 76.625 -0.030975
9.125 76.875 0.33319
9.125 77.125 0.23009
9.125 77.375 0.014498
9.125 77.625 0.2653
9.125 77.875 -0.35534
9.125 78.125 -0.34857
9.125 78.375 NaN
9.375 76.625 0.02009
9.375 76.875 1.1064
9.375 77.125 0.3919
9.375 77.375 0.67937
9.375 77.625 -0.075538
9.375 77.875 -0.21801
9.375 78.125 -0.18322
9.375 78.375 0.37373
9.375 78.625 -0.3689
9.375 78.875 NaN
9.625 76.375 -0.38488
9.625 76.625 0.63372
9.625 76.875 1.7847
9.625 77.125 1.844
9.625 77.375 0.35084
9.625 77.625 -0.086329
9.625 77.875 1.3874
9.625 78.125 0.28646
9.625 78.375 0.57322
9.625 78.625 0.34253
9.875 76.625 0.47067
9.875 76.875 0.67878
9.875 77.125 0.92086
9.875 77.375 1.2946
9.875 77.625 0.99083
9.875 77.875 0.69996
9.875 78.125 0.70083
9.875 78.375 0.90281
9.875 78.625 0.47337
9.875 78.875 0.44785
10.125 76.375 -0.40763
10.125 76.625 0.54793
10.125 76.875 1.7611
10.125 77.125 1.311
10.125 77.375 1.1279
10.125 77.625 1.2211
10.125 77.875 1.3012
10.125 78.125 0.83346
10.125 78.375 0.9112
10.125 78.625 1.0334
10.125 78.875 0.38888
10.125 79.125 0.40074
10.375 76.375 -0.53525
10.375 76.625 0.33255
10.375 76.875 1.3278
10.375 77.125 0.71971
10.375 77.375 0.6862
10.375 77.625 1.2448
10.375 77.875 0.23953
10.375 78.125 0.08498
10.375 78.375 -0.92686
10.375 78.625 -0.064135
10.375 78.875 -0.5211
10.375 79.125 0.22459
10.375 79.375 NaN
10.375 79.625 NaN
10.625 76.125 -0.55884
10.625 76.375 1.2517
10.625 76.625 -0.1071
10.625 76.875 0.23874
10.625 77.125 -0.099355
10.625 77.375 0.13213
10.625 77.625 0.68061
10.625 77.875 0.54526
10.625 78.125 -1.4112
10.625 78.375 0.077938
10.625 78.625 0.32298
10.625 78.875 1.1495
10.625 79.125 0.6902
10.625 79.375 0.96584
10.625 79.625 0.491
10.875 76.125 0.34914
10.875 76.375 1.4463
10.875 76.625 0.0038263
10.875 76.875 -0.036159
10.875 77.125 1.0058
10.875 77.375 0.84094
10.875 77.625 1.9815
10.875 77.875 0.54391
10.875 78.125 -0.16949
10.875 78.375 -0.093319
10.875 78.625 0.28623
10.875 78.875 0.13261
10.875 79.125 0.21861
10.875 79.375 0.12224
10.875 79.625 -0.00012756
11.125 76.125 0.031502
11.125 76.375 0.72502
11.125 76.625 -0.38755
11.125 76.875 1.7056
11.125 77.125 1.7205
11.125 77.375 1.8346
11.125 77.625 1.8381
11.125 77.875 1.8316
11.125 78.125 0.89608
11.125 78.375 0.57134
11.125 78.625 0.93419
11.125 78.875 0.27361
11.125 79.125 0.08283
11.125 79.375 -0.067349
11.125 79.625 -0.40097
11.375 75.875 0.061559
11.375 76.125 0.75572
11.375 76.375 1.4659
11.375 76.625 0.47224
11.375 76.875 2.0348
11.375 77.125 2.5711
11.375 77.375 3.1472
11.375 77.625 1.9388
11.375 77.875 2.8988
11.375 78.125 0.88042
11.375 78.375 0.56419
11.375 78.625 0.76487
11.375 78.875 0.32361
11.375 79.125 -0.054644
11.375 79.375 -0.10898
11.375 79.625 -0.017177
11.625 75.875 1.723
11.625 76.125 1.9428
11.625 76.375 2.6869
11.625 76.625 3.2378
11.625 76.875 2.2529
11.625 77.125 2.1492
11.625 77.375 2.721
11.625 77.625 2.428
11.625 77.875 1.2396
11.625 78.125 -0.72066
11.625 78.375 -1.3218
11.625 78.625 0.17763
11.625 78.875 -0.19246
11.625 79.125 0.15109
11.625 79.375 0.43316
11.625 79.625 NaN
11.875 75.625 NaN
11.875 75.875 0.54861
11.875 76.125 0.99218
11.875 76.375 3.685
11.875 76.625 3.8916
11.875 76.875 0.83044
11.875 77.125 2.1972
11.875 77.375 2.1887
11.875 77.625 2.4407
11.875 77.875 0.20313
11.875 78.125 0.8582
11.875 78.375 -0.28212
11.875 78.625 0.60472
11.875 78.875 -0.56363
11.875 79.125 -0.10179
11.875 79.375 -0.01743
11.875 79.625 0.31917
12.125 75.375 0.8171
12.125 75.625 0.91746
12.125 75.875 2.436
12.125 76.125 3.1928
12.125 76.375 2.4033
12.125 76.625 4.3209
12.125 76.875 2.3649
12.125 77.125 2.8718
12.125 77.375 2.3675
12.125 77.625 1.9771
12.125 77.875 0.59182
12.125 78.125 1.5609
12.125 78.375 1.7615
12.125 78.625 0.93922
12.125 78.875 0.2483
12.125 79.125 0.046811
12.125 79.375 -0.34311
12.125 79.625 0.73979
12.375 75.125 -0.24218
12.375 75.375 0.35454
12.375 75.625 0.55904
12.375 75.875 2.112
12.375 76.125 1.9072
12.375 76.375 3.4602
12.375 76.625 3.8854
12.375 76.875 2.3717
12.375 77.125 3.0864
12.375 77.375 1.7887
12.375 77.625 1.614
12.375 77.875 1.7097
12.375 78.125 1.7756
12.375 78.375 1.0259
12.375 78.625 0.5284
12.375 78.875 0.25056
12.375 79.125 -0.048335
12.375 79.375 -0.26419
12.375 79.625 0.11252
12.375 79.875 0.12035
12.625 75.125 -1.2951
12.625 75.375 -0.96227
12.625 75.625 0.83841
12.625 75.875 2.2292
12.625 76.125 2.3865
12.625 76.375 2.496
12.625 76.625 3.1493
12.625 76.875 4.3061
12.625 77.125 3.9019
12.625 77.375 2.2893
12.625 77.625 3.455
12.625 77.875 2.464
12.625 78.125 1.7329
12.625 78.375 0.72794
12.625 78.625 0.31183
12.625 78.875 0.70233
12.625 79.125 0.62807
12.625 79.375 0.35795
12.625 79.625 -0.11268
12.625 79.875 -0.35321
12.875 75.125 0.15777
12.875 75.375 1.1763
12.875 75.625 1.3943
12.875 75.875 4.2418
12.875 76.125 3.5693
12.875 76.375 3.0795
12.875 76.625 3.357
12.875 76.875 1.7911
12.875 77.125 3.2105
12.875 77.375 3.4388
12.875 77.625 2.9193
12.875 77.875 2.3117
12.875 78.125 1.6982
12.875 78.375 0.83852
12.875 78.625 -0.075873
12.875 78.875 0.74894
12.875 79.125 1.1226
12.875 79.375 0.26186
12.875 79.625 0.41977
12.875 79.875 0.20365
13.125 74.875 NaN
13.125 75.125 0.23574
13.125 75.375 -0.31528
13.125 75.625 1.1836
13.125 75.875 3.0998
13.125 76.125 2.5483
13.125 76.375 3.6461
13.125 76.625 2.5448
13.125 76.875 2.2922
13.125 77.125 2.8476
13.125 77.375 3.2904
13.125 77.625 3.2494
13.125 77.875 2.1245
13.125 78.125 1.7579
13.125 78.375 1.2616
13.125 78.625 0.71331
13.125 78.875 0.40807
13.125 79.125 0.1759
13.125 79.375 0.082739
13.125 79.625 0.37031
13.125 79.875 0.41945
13.125 80.125 0.3793
13.375 74.875 NaN
13.375 75.125 0.23963
13.375 75.375 -0.016285
13.375 75.625 0.59308
13.375 75.875 1.6277
13.375 76.125 2.6141
13.375 76.375 2.1113
13.375 76.625 2.8653
13.375 76.875 3.5728
13.375 77.125 4.1597
13.375 77.375 2.2063
13.375 77.625 2.2542
13.375 77.875 1.535
13.375 78.125 0.57476
13.375 78.375 0.77436
13.375 78.625 0.93662
13.375 78.875 0.31826
13.375 79.125 0.34169
13.375 79.375 0.50127
13.375 79.625 -0.22548
13.375 79.875 0.2438
13.375 80.125 0.45789
13.625 74.875 -0.73787
13.625 75.125 0.84814
13.625 75.375 0.83207
13.625 75.625 1.4933
13.625 75.875 2.1094
13.625 76.125 2.4638
13.625 76.375 2.7667
13.625 76.625 2.3984
13.625 76.875 3.5909
13.625 77.125 2.719
13.625 77.375 1.6663
13.625 77.625 1.1276
13.625 77.875 1.6494
13.625 78.125 0.75821
13.625 78.375 0.92965
13.625 78.625 0.5302
13.625 78.875 0.31948
13.625 79.125 0.45382
13.625 79.375 -0.062223
13.625 79.625 0.2578
13.625 79.875 0.36074
13.625 80.125 0.49083
13.875 74.875 0.71337
13.875 75.125 0.92237
13.875 75.375 1.2003
13.875 75.625 2.0948
13.875 75.875 2.6586
13.875 76.125 2.1251
13.875 76.375 3.3632
13.875 76.625 3.7224
13.875 76.875 3.5017
13.875 77.125 2.3466
13.875 77.375 1.9434
13.875 77.625 1.3583
13.875 77.875 1.7245
13.875 78.125 1.3111
13.875 78.375 1.2552
13.875 78.625 0.57147
13.875 78.875 -0.30905
13.875 79.125 -0.29456
13.875 79.375 -0.27696
13.875 79.625 -0.051945
13.875 79.875 0.26022
14.125 74.625 -0.2663
14.125 74.875 0.53392
14.125 75.125 0.81024
14.125 75.375 2.8191
14.125 75.625 0.86104
14.125 75.875 2.9001
14.125 76.125 1.5201
14.125 76.375 1.6038
14.125 76.625 2.2215
14.125 76.875 2.8366
14.125 77.125 1.3451
14.125 77.375 1.8034
14.125 77.625 1.4395
14.125 77.875 2.0223
14.125 78.125 0.76567
14.125 78.375 0.61549
14.125 78.625 0.3409
14.125 78.875 -0.14293
14.125 79.125 -0.3474
14.125 79.375 -0.28305
14.125 79.625 -0.14871
14.125 79.875 -0.024335
14.375 74.625 -0.015293
14.375 74.875 0.96375
14.375 75.125 1.0338
14.375 75.375 1.1478
14.375 75.625 2.332
14.375 75.875 3.1352
14.375 76.125 2.1144
14.375 76.375 1.526
14.375 76.625 2.3061
14.375 76.875 2.7149
14.375 77.125 1.4932
14.375 77.375 2.268
14.375 77.625 1.231
14.375 77.875 1.6217
14.375 78.125 1.0363
14.375 78.375 0.12891
14.375 78.625 -0.21826
14.375 78.875 -0.091856
14.375 79.125 0.19263
14.375 79.375 0.48905
14.375 79.625 -0.1135
14.375 79.875 0.23643
14.625 74.375 NaN
14.625 74.625 -0.034841
14.625 74.875 -0.013967
14.625 75.125 0.70744
14.625 75.375 2.2411
14.625 75.625 2.6967
14.625 75.875 3.5068
14.625 76.125 2.8228
14.625 76.375 2.6312
14.625 76.625 2.8293
14.625 76.875 1.9159
14.625 77.125 2.6982
14.625 77.375 1.9149
14.625 77.625 0.78368
14.625 77.875 0.41089
14.625 78.125 1.5739
14.625 78.375 0.50576
14.625 78.625 0.07179
14.625 78.875 -0.1547
14.625 79.125 -0.02591
14.625 79.375 0.41414
14.625 79.625 0.11197
14.625 79.875 0.17877
14.875 74.375 0.39884
14.875 74.625 -0.12371
14.875 74.875 0.70921
14.875 75.125 1.727
14.875 75.375 1.5378
14.875 75.625 2.4647
14.875 75.875 3.196
14.875 76.125 1.6646
14.875 76.375 1.2243
14.875 76.625 1.8173
14.875 76.875 2.1191
14.875 77.125 2.3873
14.875 77.375 1.3203
14.875 77.625 0.28789
14.875 77.875 0.43264
14.875 78.125 0.95958
14.875 78.375 0.47705
14.875 78.625 -0.29977
14.875 78.875 -0.35771
14.875 79.125 -0.29889
14.875 79.375 -0.37993
14.875 79.625 0.25204
14.875 79.875 0.31384
15.125 74.125 0.4328
15.125 74.375 0.89857
15.125 74.625 0.66152
15.125 74.875 1.6777
15.125 75.125 2.7875
15.125 75.375 3.3427
15.125 75.625 2.3736
15.125 75.875 2.8626
15.125 76.125 2.4248
15.125 76.375 1.6102
15.125 76.625 1.7982
15.125 76.875 1.7947
15.125 77.125 1.2697
15.125 77.375 0.5716
15.125 77.625 0.66942
15.125 77.875 0.69597
15.125 78.125 -0.2132
15.125 78.375 -0.1267
15.125 78.625 -0.098287
15.125 78.875 0.48619
15.125 79.125 0.24261
15.125 79.375 0.16901
15.125 79.625 0.70989
15.125 79.875 0.55553
15.375 73.875 -0.13171
15.375 74.125 0.98199
15.375 74.375 1.2791
15.375 74.625 1.0151
15.375 74.875 1.6069
15.375 75.125 2.1541
15.375 75.375 2.4594
15.375 75.625 1.3239
15.375 75.875 1.6312
15.375 76.125 1.2848
15.375 76.375 1.5208
15.375 76.625 0.83149
15.375 76.875 1.3035
15.375 77.125 1.1765
15.375 77.375 1.0328
15.375 77.625 0.53555
15.375 77.875 0.33176
15.375 78.125 0.4799
15.375 78.375 0.083223
15.375 78.625 -0.02447
15.375 78.875 1.1574
15.375 79.125 0.041571
15.375 79.375 -0.68396
15.375 79.625 0.12782
15.375 79.875 0.42033
15.625 73.875 0.0066893
15.625 74.125 -0.082713
15.625 74.375 -0.15877
15.625 74.625 1.2894
15.625 74.875 1.9397
15.625 75.125 1.4974
15.625 75.375 1.4989
15.625 75.625 1.0298
15.625 75.875 1.7958
15.625 76.125 1.2658
15.625 76.375 0.44259
15.625 76.625 0.52071
15.625 76.875 0.66259
15.625 77.125 0.7077
15.625 77.375 0.41628
15.625 77.625 0.61462
15.625 77.875 0.1889
15.625 78.125 0.30227
15.625 78.375 0.26104
15.625 78.625 -0.65798
15.625 78.875 0.11293
15.625 79.125 -0.089109
15.625 79.375 0.031362
15.625 79.625 1.1609
15.625 79.875 0.56889
15.625 80.125 0.54874
15.875 73.875 1.3233
15.875 74.125 0.78823
15.875 74.375 0.89366
15.875 74.625 1.7159
15.875 74.875 2.1188
15.875 75.125 2.387
15.875 75.375 2.3759
15.875 75.625 1.3526
15.875 75.875 0.90486
15.875 76.125 1.9595
15.875 76.375 1.5587
15.875 76.625 1.4108
15.875 76.875 1.0143
15.875 77.125 -0.22526
15.875 77.375 0.41114
15.875 77.625 0.37022
15.875 77.875 0.4643
15.875 78.125 0.72001
15.875 78.375 0.80092
15.875 78.625 -0.16283
15.875 78.875 -0.28577
15.875 79.125 -0.35116
15.875 79.375 1.3651
15.875 79.625 0.50551
15.875 79.875 0.43797
15.875 80.125 0.67203
15.875 80.375 0.65008
15.875 80.625 NaN
15.875 80.875 0.71974
16.125 73.625 1.1947
16.125 73.875 0.81469
16.125 74.125 0.4284
16.125 74.375 1.4086
16.125 74.625 2.3344
16.125 74.875 2.0381
16.125 75.125 1.8124
16.125 75.375 1.7361
16.125 75.625 0.82417
16.125 75.875 0.34385
16.125 76.125 1.6627
16.125 76.375 0.94375
16.125 76.625 0.66604
16.125 76.875 0.75121
16.125 77.125 0.80951
16.125 77.375 0.75405
16.125 77.625 0.40488
16.125 77.875 0.75888
16.125 78.125 0.52014
16.125 78.375 0.80108
16.125 78.625 0.27158
16.125 78.875 -0.028517
16.125 79.125 0.072949
16.125 79.375 0.86078
16.125 79.625 0.71743
16.125 79.875 0.58645
16.125 80.125 0.50728
16.125 80.375 0.28474
16.125 80.625 0.96193
16.125 80.875 0.63727
16.375 73.625 0.70415
16.375 73.875 1.1958
16.375 74.125 1.6847
16.375 74.375 2.5907
16.375 74.625 2.8746
16.375 74.875 1.9036
16.375 75.125 1.9705
16.375 75.375 1.3937
16.375 75.625 0.6667
16.375 75.875 0.56508
16.375 76.125 1.6138
16.375 76.375 0.82723
16.375 76.625 0.49966
16.375 76.875 1.0274
16.375 77.125 0.86719
16.375 77.375 1.2183
16.375 77.625 1.3098
16.375 77.875 0.10229
16.375 78.125 0.99572
16.375 78.375 1.4774
16.375 78.625 1.1223
16.375 78.875 -0.13159
16.375 79.125 0.84177
16.375 79.375 0.50771
16.375 79.625 0.53192
16.375 79.875 0.33554
16.375 80.125 -0.20575
16.375 80.375 -0.53332
16.375 80.625 0.98673
16.375 80.875 0.40636
16.375 81.125 0.49941
16.375 81.375 NaN
16.375 81.625 NaN
16.625 73.625 1.2975
16.625 73.875 2.5083
16.625 74.125 2.2033
16.625 74.375 1.9524
16.625 74.625 1.6803
16.625 74.875 1.3652
16.625 75.125 1.3892
16.625 75.375 0.98368
16.625 75.625 1.7481
16.625 75.875 1.712
16.625 76.125 1.551
16.625 76.375 1.0341
16.625 76.625 0.72541
16.625 76.875 0.6212
16.625 77.125 0.95041
16.625 77.375 1.0593
16.625 77.625 1.9369
16.625 77.875 1.1519
16.625 78.125 2.149
16.625 78.375 2.1333
16.625 78.625 1.0727
16.625 78.875 -0.21573
16.625 79.125 -0.34104
16.625 79.375 0.2096
16.625 79.625 0.038505
16.625 79.875 -0.13829
16.625 80.125 -0.088149
16.625 80.375 0.59065
16.625 80.625 1.2217
16.625 80.875 0.37466
16.625 81.125 0.98805
16.625 81.375 0.53806
16.625 81.625 0.76652
16.625 81.875 0.62935
16.625 82.125 0.50459
16.875 73.375 1.4095
16.875 73.625 2.7353
16.875 73.875 2.5199
16.875 74.125 -0.41263
16.875 74.375 0.81491
16.875 74.625 1.4534
16.875 74.875 1.1671
16.875 75.125 1.2252
16.875 75.375 2.4275
16.875 75.625 1.879
16.875 75.875 1.6275
16.875 76.125 0.62274
16.875 76.375 0.40683
16.875 76.625 0.86506
16.875 76.875 1.034
16.875 77.125 1.1296
16.875 77.375 1.3032
16.875 77.625 0.42279
16.875 77.875 1.0151
16.875 78.125 1.0232
16.875 78.375 0.78601
16.875 78.625 0.75345
16.875 78.875 0.6398
16.875 79.125 0.24327
16.875 79.375 0.43673
16.875 79.625 -0.48378
16.875 79.875 -0.35939
16.875 80.125 0.34362
16.875 80.375 0.83192
16.875 80.625 1.5195
16.875 80.875 2.397
16.875 81.125 1.0767
16.875 81.375 -0.04561
16.875 81.625 0.56281
16.875 81.875 1.0268
16.875 82.125 0.89906
17.125 73.375 1.1715
17.125 73.625 1.7903
17.125 73.875 0.91259
17.125 74.125 0.32243
17.125 74.375 0.48294
17.125 74.625 1.2008
17.125 74.875 0.8113
17.125 75.125 0.98923
17.125 75.375 1.4252
17.125 75.625 1.1207
17.125 75.875 0.013325
17.125 76.125 0.32645
17.125 76.375 0.49513
17.125 76.625 0.59154
17.125 76.875 0.70093
17.125 77.125 0.92949
17.125 77.375 1.9799
17.125 77.625 0.96528
17.125 77.875 0.77479
17.125 78.125 0.45173
17.125 78.375 1.022
17.125 78.625 0.20805
17.125 78.875 0.93148
17.125 79.125 1.5292
17.125 79.375 0.78889
17.125 79.625 0.45236
17.125 79.875 0.25054
17.125 80.125 0.69816
17.125 80.375 0.83489
17.125 80.625 1.23
17.125 80.875 1.4023
17.125 81.125 1.7296
17.125 81.375 1.4942
17.125 81.625 0.95515
17.125 81.875 1.272
17.125 82.125 0.90123
17.125 82.375 0.8286
17.375 73.375 0.75184
17.375 73.625 1.6352
17.375 73.875 1.6886
17.375 74.125 1.2338
17.375 74.375 0.77299
17.375 74.625 1.2461
17.375 74.875 0.62056
17.375 75.125 0.87735
17.375 75.375 0.96915
17.375 75.625 0.58508
17.375 75.875 -0.76548
17.375 76.125 -0.044751
17.375 76.375 0.80228
17.375 76.625 0.5194
17.375 76.875 0.63288
17.375 77.125 0.44429
17.375 77.375 1.639
17.375 77.625 1.0872
17.375 77.875 -0.40313
17.375 78.125 1.5437
17.375 78.375 0.99725
17.375 78.625 -0.26272
17.375 78.875 2.0047
17.375 79.125 2.1136
17.375 79.375 1.1305
17.375 79.625 0.80196
17.375 79.875 0.50135
17.375 80.125 1.2724
17.375 80.375 1.0919
17.375 80.625 0.7577
17.375 80.875 0.56383
17.375 81.125 0.73272
17.375 81.375 0.4495
17.375 81.625 0.68009
17.375 81.875 0.78094
17.375 82.125 0.6096
17.375 82.375 0.47237
17.375 82.625 NaN
17.625 73.375 1.1171
17.625 73.625 0.39181
17.625 73.875 1.0986
17.625 74.125 1.5169
17.625 74.375 0.82815
17.625 74.625 0.7102
17.625 74.875 0.80684
17.625 75.125 0.9376
17.625 75.375 0.76458
17.625 75.625 0.79746
17.625 75.875 0.0024476
17.625 76.125 0.84111
17.625 76.375 1.4113
17.625 76.625 1.0412
17.625 76.875 0.69443
17.625 77.125 0.9174
17.625 77.375 1.0615
17.625 77.625 1.4632
17.625 77.875 0.10531
17.625 78.125 0.74162
17.625 78.375 0.80266
17.625 78.625 0.65718
17.625 78.875 1.6146
17.625 79.125 1.0977
17.625 79.375 1.1182
17.625 79.625 1.661
17.625 79.875 1.3892
17.625 80.125 1.2002
17.625 80.375 1.2498
17.625 80.625 0.88379
17.625 80.875 0.79049
17.625 81.125 0.52801
17.625 81.375 0.42075
17.625 81.625 0.39947
17.625 81.875 0.15805
17.625 82.125 0.1845
17.625 82.375 0.089851
17.625 82.625 0.17271
17.625 82.875 0.14262
17.625 83.125 0.72441
17.875 73.375 0.87944
17.875 73.625 0.40205
17.875 73.875 1.4891
17.875 74.125 1.3052
17.875 74.375 0.84533
17.875 74.625 0.73406
17.875 74.875 1.0771
17.875 75.125 0.9807
17.875 75.375 0.68353
17.875 75.625 1.0367
17.875 75.875 1.2251
17.875 76.125 1.1791
17.875 76.375 1.6704
17.875 76.625 1.7856
17.875 76.875 0.89863
17.875 77.125 0.64575
17.875 77.375 0.49163
17.875 77.625 0.74991
17.875 77.875 0.72355
17.875 78.125 0.99034
17.875 78.375 1.0093
17.875 78.625 1.0482
17.875 78.875 1.3326
17.875 79.125 2.087
17.875 79.375 0.36421
17.875 79.625 0.57821
17.875 79.875 1.9325
17.875 80.125 0.69283
17.875 80.375 0.8751
17.875 80.625 1.1478
17.875 80.875 1.0559
17.875 81.125 0.54079
17.875 81.375 0.21771
17.875 81.625 0.3373
17.875 81.875 0.16345
17.875 82.125 -0.017721
17.875 82.375 0.053792
17.875 82.625 1.2812
17.875 82.875 0.9285
17.875 83.125 0.87451
17.875 83.375 0.84372
18.125 73.125 NaN
18.125 73.375 0.9525
18.125 73.625 0.97379
18.125 73.875 1.4927
18.125 74.125 1.0463
18.125 74.375 0.76045
18.125 74.625 1.2736
18.125 74.875 1.5414
18.125 75.125 1.7783
18.125 75.375 0.10985
18.125 75.625 0.83625
18.125 75.875 1.1107
18.125 76.125 1.4585
18.125 76.375 1.5916
18.125 76.625 1.5299
18.125 76.875 1.06
18.125 77.125 1.027
18.125 77.375 1.3822
18.125 77.625 1.227
18.125 77.875 1.3265
18.125 78.125 1.2399
18.125 78.375 1.5971
18.125 78.625 1.2658
18.125 78.875 1.2156
18.125 79.125 1.0529
18.125 79.375 1.7007
18.125 79.625 1.2895
18.125 79.875 1.6248
18.125 80.125 -0.079427
18.125 80.375 0.18752
18.125 80.625 1.8848
18.125 80.875 1.3224
18.125 81.125 0.053099
18.125 81.375 0.1024
18.125 81.625 0.15067
18.125 81.875 0.040117
18.125 82.125 0.12869
18.125 82.375 0.17379
18.125 82.625 0.5491
18.125 82.875 0.98332
18.125 83.125 0.69357
18.125 83.375 1.1173
18.125 83.625 1.0635
18.375 73.125 0.17908
18.375 73.375 1.0252
18.375 73.625 1.1108
18.375 73.875 1.2859
18.375 74.125 1.1619
18.375 74.375 0.70291
18.375 74.625 1.7879
18.375 74.875 2.1633
18.375 75.125 1.6957
18.375 75.375 1.7063
18.375 75.625 1.3282
18.375 75.875 0.95464
18.375 76.125 1.2465
18.375 76.375 1.114
18.375 76.625 0.7405
18.375 76.875 1.0781
18.375 77.125 1.0568
18.375 77.375 0.63562
18.375 77.625 0.79877
18.375 77.875 1.1338
18.375 78.125 1.7681
18.375 78.375 1.6397
18.375 78.625 2.1017
18.375 78.875 1.8552
18.375 79.125 -1.4831
18.375 79.375 0.47994
18.375 79.625 0.82784
18.375 79.875 0.4266
18.375 80.125 -0.12763
18.375 80.375 1.1608
18.375 80.625 1.4282
18.375 80.875 0.45161
18.375 81.125 0.00064979
18.375 81.375 0.05505
18.375 81.625 0.15184
18.375 81.875 0.54268
18.375 82.125 1.1243
18.375 82.375 0.75267
18.375 82.625 1.1565
18.375 82.875 0.96837
18.375 83.125 1.1118
18.375 83.375 0.2954
18.375 83.625 0.65387
18.375 83.875 0.7556
18.625 73.125 1.2
18.625 73.375 0.62972
18.625 73.625 0.23065
18.625 73.875 1.0799
18.625 74.125 1.6929
18.625 74.375 1.375
18.625 74.625 2.0937
18.625 74.875 3.4192
18.625 75.125 1.2897
18.625 75.375 1.1136
18.625 75.625 0.86826
18.625 75.875 0.66753
18.625 76.125 0.85723
18.625 76.375 0.40812
18.625 76.625 0.35889
18.625 76.875 0.17561
18.625 77.125 0.71844
18.625 77.375 0.65014
18.625 77.625 1.3901
18.625 77.875 1.5241
18.625 78.125 1.7607
18.625 78.375 1.8776
18.625 78.625 1.3703
18.625 78.875 1.4596
18.625 79.125 1.2036
18.625 79.375 0.75755
18.625 79.625 1.3983
18.625 79.875 0.81903
18.625 80.125 0.57213
18.625 80.375 0.61597
18.625 80.625 0.82317
18.625 80.875 0.11158
18.625 81.125 0.055742
18.625 81.375 0.27972
18.625 81.625 0.81756
18.625 81.875 1.4233
18.625 82.125 1.3173
18.625 82.375 1.2476
18.625 82.625 1.1752
18.625 82.875 1.4691
18.625 83.125 1.2624
18.625 83.375 0.3822
18.625 83.625 0.63283
18.625 83.875 1.3604
18.625 84.125 1.2936
18.875 73.125 1.4658
18.875 73.375 0.24131
18.875 73.625 1.0621
18.875 73.875 1.1191
18.875 74.125 1.5133
18.875 74.375 1.8656
18.875 74.625 0.76603
18.875 74.875 1.1671
18.875 75.125 -0.022518
18.875 75.375 0.17171
18.875 75.625 0.52798
18.875 75.875 0.42197
18.875 76.125 0.87576
18.875 76.375 0.54568
18.875 76.625 0.42658
18.875 76.875 0.35328
18.875 77.125 0.72441
18.875 77.375 1.2188
18.875 77.625 1.5398
18.875 77.875 1.8905
18.875 78.125 2.0982
18.875 78.375 2.2292
18.875 78.625 1.4898
18.875 78.875 1.3877
18.875 79.125 1.3183
18.875 79.375 1.2853
18.875 79.625 1.4328
18.875 79.875 1.1383
18.875 80.125 0.73473
18.875 80.375 0.4166
18.875 80.625 0.38926
18.875 80.875 0.21511
18.875 81.125 0.23864
18.875 81.375 1.0011
18.875 81.625 1.5589
18.875 81.875 1.4098
18.875 82.125 1.2969
18.875 82.375 1.3488
18.875 82.625 0.38877
18.875 82.875 0.37498
18.875 83.125 0.32526
18.875 83.375 0.1499
18.875 83.625 1.8444
18.875 83.875 1.9243
18.875 84.125 0.48837
18.875 84.375 0.4034
19.125 73.125 1.5302
19.125 73.375 1.8342
19.125 73.625 2.223
19.125 73.875 2.3339
19.125 74.125 1.8805
19.125 74.375 2.3209
19.125 74.625 1.0922
19.125 74.875 0.7395
19.125 75.125 0.62443
19.125 75.375 0.18467
19.125 75.625 0.70133
19.125 75.875 0.60175
19.125 76.125 0.35668
19.125 76.375 0.48956
19.125 76.625 0.43153
19.125 76.875 0.15284
19.125 77.125 0.79818
19.125 77.375 1.2262
19.125 77.625 1.2763
19.125 77.875 1.7429
19.125 78.125 2.0448
19.125 78.375 1.8251
19.125 78.625 1.6713
19.125 78.875 1.5281
19.125 79.125 1.315
19.125 79.375 1.1434
19.125 79.625 1.4472
19.125 79.875 1.264
19.125 80.125 0.8706
19.125 80.375 0.7326
19.125 80.625 0.49791
19.125 80.875 0.3707
19.125 81.125 0.42464
19.125 81.375 0.66941
19.125 81.625 1.5153
19.125 81.875 1.1438
19.125 82.125 0.83091
19.125 82.375 0.40395
19.125 82.625 -0.21625
19.125 82.875 0.016908
19.125 83.125 0.2213
19.125 83.375 0.6129
19.125 83.625 2.0575
19.125 83.875 1.8381
19.125 84.125 1.0186
19.125 84.375 1.2293
19.125 84.625 1.1246
19.375 72.875 1.0862
19.375 73.125 1.4651
19.375 73.375 2.6201
19.375 73.625 2.9633
19.375 73.875 2.4585
19.375 74.125 2.8975
19.375 74.375 2.5558
19.375 74.625 2.004
19.375 74.875 1.8278
19.375 75.125 1.2551
19.375 75.375 0.77355
19.375 75.625 1.0261
19.375 75.875 0.23902
19.375 76.125 -0.033752
19.375 76.375 0.13361
19.375 76.625 -0.16449
19.375 76.875 -0.059284
19.375 77.125 0.26824
19.375 77.375 0.82264
19.375 77.625 1.0149
19.375 77.875 1.7801
19.375 78.125 1.606
19.375 78.375 1.4434
19.375 78.625 1.2987
19.375 78.875 1.162
19.375 79.125 1.0317
19.375 79.375 0.84792
19.375 79.625 1.3346
19.375 79.875 1.1736
19.375 80.125 0.94565
19.375 80.375 0.77732
19.375 80.625 0.51318
19.375 80.875 0.60885
19.375 81.125 0.16324
19.375 81.375 -0.15127
19.375 81.625 0.45433
19.375 81.875 1.4588
19.375 82.125 2.2223
19.375 82.375 0.16457
19.375 82.625 -0.086572
19.375 82.875 0.21002
19.375 83.125 -0.24605
19.375 83.375 0.39894
19.375 83.625 1.4489
19.375 83.875 1.2113
19.375 84.125 1.195
19.375 84.375 1.0761
19.375 84.625 0.93157
19.375 84.875 0.87736
19.625 72.875 0.53766
19.625 73.125 1.7714
19.625 73.375 2.5868
19.625 73.625 3.2396
19.625 73.875 2.9287
19.625 74.125 3.1737
19.625 74.375 3.0649
19.625 74.625 2.1792
19.625 74.875 2.1754
19.625 75.125 1.2766
19.625 75.375 0.27978
19.625 75.625 -0.26111
19.625 75.875 0.20881
19.625 76.125 0.26082
19.625 76.375 0.081441
19.625 76.625 -0.32329
19.625 76.875 0.013563
19.625 77.125 0.0019099
19.625 77.375 0.63828
19.625 77.625 2.0325
19.625 77.875 1.8542
19.625 78.125 1.2724
19.625 78.375 1.0456
19.625 78.625 0.72357
19.625 78.875 0.65604
19.625 79.125 0.41594
19.625 79.375 0.5873
19.625 79.625 1.4385
19.625 79.875 1.1286
19.625 80.125 0.93573
19.625 80.375 0.78714
19.625 80.625 0.66124
19.625 80.875 0.79607
19.625 81.125 0.29901
19.625 81.375 -0.046222
19.625 81.625 0.51953
19.625 81.875 0.89161
19.625 82.125 0.39055
19.625 82.375 0.70661
19.625 82.625 0.29474
19.625 82.875 0.70893
19.625 83.125 1.0435
19.625 83.375 1.663
19.625 83.625 2.0903
19.625 83.875 2.0383
19.625 84.125 1.3885
19.625 84.375 1.236
19.625 84.625 1.0605
19.625 84.875 0.92147
19.625 85.125 0.75675
19.625 85.375 0.0088807
19.875 72.875 1.2371
19.875 73.125 1.538
19.875 73.375 2.6645
19.875 73.625 2.1543
19.875 73.875 1.6578
19.875 74.125 2.0939
19.875 74.375 1.8767
19.875 74.625 1.9973
19.875 74.875 2.0188
19.875 75.125 0.71617
19.875 75.375 0.12247
19.875 75.625 0.50352
19.875 75.875 1.3446
19.875 76.125 0.79106
19.875 76.375 0.62132
19.875 76.625 0.61383
19.875 76.875 0.77254
19.875 77.125 0.67054
19.875 77.375 1.1159
19.875 77.625 2.7308
19.875 77.875 2.0044
19.875 78.125 1.197
19.875 78.375 1.1157
19.875 78.625 1.0505
19.875 78.875 0.7616
19.875 79.125 0.73831
19.875 79.375 1.3311
19.875 79.625 1.0647
19.875 79.875 1.0063
19.875 80.125 0.93689
19.875 80.375 0.88416
19.875 80.625 0.75558
19.875 80.875 0.7009
19.875 81.125 0.37132
19.875 81.375 0.35145
19.875 81.625 0.30473
19.875 81.875 0.57573
19.875 82.125 -0.27297
19.875 82.375 0.59649
19.875 82.625 0.18107
19.875 82.875 0.23108
19.875 83.125 1.2714
19.875 83.375 1.5578
19.875 83.625 2.0002
19.875 83.875 1.874
19.875 84.125 1.4249
19.875 84.375 1.2435
19.875 84.625 0.8916
19.875 84.875 0.15973
19.875 85.125 -0.072142
19.875 85.375 0.0072616
19.875 85.625 NaN
19.875 85.875 NaN
19.875 86.125 NaN
20.125 72.875 1.7341
20.125 73.125 2.2707
20.125 73.375 0.73574
20.125 73.625 2.1467
20.125 73.875 1.7762
20.125 74.125 1.648
20.125 74.375 1.4389
20.125 74.625 1.3011
20.125 74.875 1.2143
20.125 75.125 0.86313
20.125 75.375 1.0732
20.125 75.625 0.88111
20.125 75.875 1.094
20.125 76.125 0.73902
20.125 76.375 0.67907
20.125 76.625 0.48239
20.125 76.875 0.80532
20.125 77.125 1.344
20.125 77.375 1.5218
20.125 77.625 2.2793
20.125 77.875 1.8543
20.125 78.125 1.4737
20.125 78.375 1.1962
20.125 78.625 0.79837
20.125 78.875 0.7098
20.125 79.125 0.77193
20.125 79.375 0.35553
20.125 79.625 0.96643
20.125 79.875 0.96999
20.125 80.125 1.0323
20.125 80.375 1.0554
20.125 80.625 0.95166
20.125 80.875 0.86472
20.125 81.125 0.54878
20.125 81.375 0.75013
20.125 81.625 0.88132
20.125 81.875 0.19044
20.125 82.125 0.19964
20.125 82.375 -0.010687
20.125 82.625 0.15924
20.125 82.875 -0.39348
20.125 83.125 1.1115
20.125 83.375 1.4318
20.125 83.625 1.8572
20.125 83.875 2.0882
20.125 84.125 2.2123
20.125 84.375 1.631
20.125 84.625 0.84256
20.125 84.875 0.65106
20.125 85.125 0.73088
20.125 85.375 0.41748
20.125 85.625 0.869
20.125 85.875 0.33351
20.125 86.125 0.47475
20.125 86.375 NaN
20.375 73.125 1.566
20.375 73.375 0.85322
20.375 73.625 1.6636
20.375 73.875 1.5746
20.375 74.125 1.2211
20.375 74.375 1.043
20.375 74.625 1.3576
20.375 74.875 1.3023
20.375 75.125 1.3955
20.375 75.375 1.0669
20.375 75.625 1.0199
20.375 75.875 1.2227
20.375 76.125 0.77972
20.375 76.375 0.53407
20.375 76.625 0.28709
20.375 76.875 0.74123
20.375 77.125 0.93262
20.375 77.375 1.6325
20.375 77.625 1.5996
20.375 77.875 1.3905
20.375 78.125 1.5931
20.375 78.375 1.4885
20.375 78.625 1.4416
20.375 78.875 0.85997
20.375 79.125 0.511
20.375 79.375 0.48857
20.375 79.625 1.0073
20.375 79.875 0.84831
20.375 80.125 1.2191
20.375 80.375 1.1984
20.375 80.625 0.97167
20.375 80.875 0.90825
20.375 81.125 1.3022
20.375 81.375 1.1868
20.375 81.625 0.63735
20.375 81.875 0.41927
20.375 82.125 -0.16712
20.375 82.375 -0.053226
20.375 82.625 1.2755
20.375 82.875 1.1315
20.375 83.125 0.59282
20.375 83.375 0.2857
20.375 83.625 2.1682
20.375 83.875 1.9554
20.375 84.125 1.4442
20.375 84.375 1.9646
20.375 84.625 1.198
20.375 84.875 0.71632
20.375 85.125 -0.018787
20.375 85.375 -0.093991
20.375 85.625 -0.019852
20.375 85.875 0.3752
20.375 86.125 0.30685
20.375 86.375 -0.16404
20.375 86.625 NaN
20.625 73.125 0.75695
20.625 73.375 0.46246
20.625 73.625 -0.060888
20.625 73.875 0.40769
20.625 74.125 1.4459
20.625 74.375 2.3569
20.625 74.625 1.9019
20.625 74.875 0.59927
20.625 75.125 1.6731
20.625 75.375 1.5961
20.625 75.625 1.052
20.625 75.875 -0.010737
20.625 76.125 0.14999
20.625 76.375 0.34144
20.625 76.625 0.7777
20.625 76.875 0.61002
20.625 77.125 0.20851
20.625 77.375 1.0834
20.625 77.625 1.2399
20.625 77.875 1.6559
20.625 78.125 2.0609
20.625 78.375 1.9308
20.625 78.625 1.8569
20.625 78.875 1.6339
20.625 79.125 1.535
20.625 79.375 0.89544
20.625 79.625 1.0413
20.625 79.875 1.082
20.625 80.125 1.727
20.625 80.375 0.69604
20.625 80.625 0.78473
20.625 80.875 0.94868
20.625 81.125 1.6355
20.625 81.375 1.5851
20.625 81.625 0.63328
20.625 81.875 0.40089
20.625 82.125 -0.097167
20.625 82.375 0.056357
20.625 82.625 -0.1926
20.625 82.875 0.1173
20.625 83.125 0.188
20.625 83.375 -0.19349
20.625 83.625 -0.23625
20.625 83.875 1.0505
20.625 84.125 0.28597
20.625 84.375 1.0331
20.625 84.625 0.3158
20.625 84.875 0.54808
20.625 85.125 0.17605
20.625 85.375 0.41236
20.625 85.625 -0.64588
20.625 85.875 0.35536
20.625 86.125 0.15595
20.625 86.375 -0.035856
20.625 86.625 -0.12778
20.625 86.875 NaN
20.875 70.625 0.26736
20.875 70.875 0.26255
20.875 71.125 0.25446
20.875 71.375 0.24605
20.875 72.875 1.4825
20.875 73.125 1.0601
20.875 73.375 0.43069
20.875 73.625 -0.098886
20.875 73.875 0.92855
20.875 74.125 2.5049
20.875 74.375 2.5798
20.875 74.625 2.0507
20.875 74.875 0.75482
20.875 75.125 1.5995
20.875 75.375 1.1936
20.875 75.625 0.44709
20.875 75.875 -0.14365
20.875 76.125 0.0093638
20.875 76.375 0.91915
20.875 76.625 1.1548
20.875 76.875 0.83697
20.875 77.125 0.77952
20.875 77.375 1.2533
20.875 77.625 1.9709
20.875 77.875 1.6553
20.875 78.125 2.1332
20.875 78.375 2.313
20.875 78.625 1.9631
20.875 78.875 2.4269
20.875 79.125 2.6306
20.875 79.375 1.7258
20.875 79.625 1.4103
20.875 79.875 1.4176
20.875 80.125 1.3486
20.875 80.375 0.76002
20.875 80.625 0.54527
20.875 80.875 1.1528
20.875 81.125 1.3309
20.875 81.375 0.67628
20.875 81.625 0.50472
20.875 81.875 0.47346
20.875 82.125 -0.23991
20.875 82.375 0.72188
20.875 82.625 -0.1216
20.875 82.875 -0.026564
20.875 83.125 -0.48186
20.875 83.375 -0.9057
20.875 83.625 -0.40926
20.875 83.875 -0.10988
20.875 84.125 -0.48132
20.875 84.375 0.59665
20.875 84.625 0.098002
20.875 84.875 -0.25116
20.875 85.125 0.34286
20.875 85.375 0.16839
20.875 85.625 -0.29174
20.875 85.875 -0.17903
20.875 86.125 -0.2787
20.875 86.375 -0.077971
20.875 86.625 0.23776
21.125 70.375 0.82287
21.125 70.625 0.63871
21.125 70.875 0.035038
21.125 71.125 0.50017
21.125 71.375 0.16383
21.125 71.625 NaN
21.125 71.875 NaN
21.125 72.875 1.1278
21.125 73.125 0.64948
21.125 73.375 0.94918
21.125 73.625 0.55096
21.125 73.875 1.7253
21.125 74.125 2.1447
21.125 74.375 0.6578
21.125 74.625 0.74406
21.125 74.875 0.47738
21.125 75.125 0.18949
21.125 75.375 1.1701
21.125 75.625 0.78515
21.125 75.875 0.69625
21.125 76.125 1.9062
21.125 76.375 1.9989
21.125 76.625 0.98904
21.125 76.875 0.68792
21.125 77.125 1.0693
21.125 77.375 1.8455
21.125 77.625 2.1359
21.125 77.875 2.2812
21.125 78.125 2.4954
21.125 78.375 2.3642
21.125 78.625 1.6357
21.125 78.875 2.7965
21.125 79.125 2.2693
21.125 79.375 2.7657
21.125 79.625 1.9973
21.125 79.875 2.093
21.125 80.125 1.1757
21.125 80.375 0.74379
21.125 80.625 0.89023
21.125 80.875 1.3437
21.125 81.125 0.93745
21.125 81.375 0.6939
21.125 81.625 0.10604
21.125 81.875 0.50724
21.125 82.125 0.10269
21.125 82.375 0.7269
21.125 82.625 0.70863
21.125 82.875 0.35325
21.125 83.125 0.00061975
21.125 83.375 -0.37617
21.125 83.625 0.40003
21.125 83.875 0.37929
21.125 84.125 0.895
21.125 84.375 0.53768
21.125 84.625 -0.18211
21.125 84.875 -0.46538
21.125 85.125 -0.40969
21.125 85.375 0.25235
21.125 85.625 0.14712
21.125 85.875 0.033987
21.125 86.125 0.32985
21.125 86.375 0.14976
21.125 86.625 0.16712
21.375 70.125 0.62295
21.375 70.375 0.44289
21.375 70.625 0.24972
21.375 70.875 -0.012773
21.375 71.125 0.10397
21.375 71.375 -0.051937
21.375 71.625 -0.2845
21.375 71.875 -0.3902
21.375 72.875 0.75368
21.375 73.125 2.0434
21.375 73.375 1.9448
21.375 73.625 1.7068
21.375 73.875 1.3622
21.375 74.125 1.343
21.375 74.375 0.95368
21.375 74.625 0.65007
21.375 74.875 1.6901
21.375 75.125 1.365
21.375 75.375 0.90478
21.375 75.625 1.093
21.375 75.875 1.122
21.375 76.125 2.4804
21.375 76.375 1.9587
21.375 76.625 1.2663
21.375 76.875 0.56497
21.375 77.125 1.1737
21.375 77.375 2.7429
21.375 77.625 2.2665
21.375 77.875 2.0632
21.375 78.125 2.3259
21.375 78.375 3.1491
21.375 78.625 3.1193
21.375 78.875 3.1502
21.375 79.125 2.973
21.375 79.375 3.0003
21.375 79.625 2.8242
21.375 79.875 2.1614
21.375 80.125 0.020766
21.375 80.375 0.2841
21.375 80.625 0.42227
21.375 80.875 0.45164
21.375 81.125 0.19602
21.375 81.375 0.43259
21.375 81.625 0.93228
21.375 81.875 1.4375
21.375 82.125 0.89082
21.375 82.375 1.0346
21.375 82.625 0.99636
21.375 82.875 0.78625
21.375 83.125 0.013844
21.375 83.375 0.21
21.375 83.625 0.26541
21.375 83.875 0.36721
21.375 84.125 0.43913
21.375 84.375 0.4982
21.375 84.625 0.72176
21.375 84.875 -0.0011639
21.375 85.125 -0.12198
21.375 85.375 -0.094349
21.375 85.625 -0.31002
21.375 85.875 0.060916
21.375 86.125 1.0125
21.375 86.375 -0.1232
21.375 86.625 0.013988
21.375 86.875 -0.083282
21.625 69.875 0.63072
21.625 70.125 0.28668
21.625 70.375 0.39577
21.625 70.625 0.30908
21.625 70.875 0.32588
21.625 71.125 0.32347
21.625 71.375 0.82116
21.625 71.625 0.38471
21.625 71.875 0.068827
21.625 72.125 0.090411
21.625 72.875 0.33222
21.625 73.125 0.36963
21.625 73.375 0.86512
21.625 73.625 1.0937
21.625 73.875 0.64306
21.625 74.125 0.78814
21.625 74.375 0.93847
21.625 74.625 2.0551
21.625 74.875 2.1278
21.625 75.125 1.563
21.625 75.375 0.79538
21.625 75.625 1.3255
21.625 75.875 1.2171
21.625 76.125 1.3965
21.625 76.375 1.4819
21.625 76.625 1.125
21.625 76.875 1.5738
21.625 77.125 2.0138
21.625 77.375 2.6576
21.625 77.625 1.8048
21.625 77.875 1.8147
21.625 78.125 2.1467
21.625 78.375 3.1548
21.625 78.625 3.7425
21.625 78.875 3.6369
21.625 79.125 2.7426
21.625 79.375 1.4267
21.625 79.625 1.9594
21.625 79.875 1.0499
21.625 80.125 0.30072
21.625 80.375 0.98624
21.625 80.625 0.5491
21.625 80.875 0.23068
21.625 81.125 -0.012897
21.625 81.375 0.13583
21.625 81.625 0.965
21.625 81.875 1.6846
21.625 82.125 1.7494
21.625 82.375 1.364
21.625 82.625 0.87021
21.625 82.875 NaN
21.625 83.125 0.64081
21.625 83.375 0.20157
21.625 83.625 0.079711
21.625 83.875 0.15696
21.625 84.125 -0.07538
21.625 84.375 -0.26661
21.625 84.625 0.14623
21.625 84.875 -0.020808
21.625 85.125 -0.31939
21.625 85.375 -0.099264
21.625 85.625 -0.051947
21.625 85.875 0.53468
21.625 86.125 0.22835
21.625 86.375 0.15627
21.625 86.625 -0.21116
21.625 86.875 0.0043485
21.625 87.125 -0.028842
21.625 87.375 NaN
21.875 69.375 NaN
21.875 69.625 0.45519
21.875 69.875 0.35905
21.875 70.125 0.23702
21.875 70.375 0.39631
21.875 70.625 0.20436
21.875 70.875 -0.063506
21.875 71.125 0.18087
21.875 71.375 0.75165
21.875 71.625 0.60392
21.875 71.875 0.30794
21.875 72.125 0.31803
21.875 72.625 NaN
21.875 72.875 1.0957
21.875 73.125 0.59917
21.875 73.375 0.39467
21.875 73.625 0.1027
21.875 73.875 0.45932
21.875 74.125 0.62008
21.875 74.375 1.6152
21.875 74.625 2.7885
21.875 74.875 2.3619
21.875 75.125 0.40206
21.875 75.375 0.11075
21.875 75.625 1.4633
21.875 75.875 1.4421
21.875 76.125 1.1106
21.875 76.375 1.2506
21.875 76.625 1.1925
21.875 76.875 0.94606
21.875 77.125 1.954
21.875 77.375 1.9468
21.875 77.625 1.9052
21.875 77.875 1.6556
21.875 78.125 1.9219
21.875 78.375 2.7065
21.875 78.625 2.8946
21.875 78.875 2.8775
21.875 79.125 1.879
21.875 79.375 1.2498
21.875 79.625 1.7635
21.875 79.875 1.7239
21.875 80.125 1.5869
21.875 80.375 1.8096
21.875 80.625 0.96306
21.875 80.875 0.68427
21.875 81.125 0.56326
21.875 81.375 0.45778
21.875 81.625 1.0198
21.875 81.875 1.1937
21.875 82.125 1.1761
21.875 82.375 1.6841
21.875 82.625 0.03081
21.875 82.875 0.13833
21.875 83.125 0.46466
21.875 83.375 0.89554
21.875 83.625 0.13128
21.875 83.875 0.14657
21.875 84.125 0.033673
21.875 84.375 0.16693
21.875 84.625 0.12015
21.875 84.875 -0.080389
21.875 85.125 -0.20553
21.875 85.375 -0.21038
21.875 85.625 0.020423
21.875 85.875 0.69279
21.875 86.125 0.13188
21.875 86.375 0.00033629
21.875 86.625 0.095099
21.875 86.875 -0.047928
21.875 87.125 -0.12379
21.875 87.375 0.030392
21.875 87.625 -0.4479
21.875 87.875 -1.0076
21.875 88.375 -0.55563
21.875 88.625 NaN
21.875 88.875 NaN
22.125 69.125 0.83179
22.125 69.375 1.0617
22.125 69.625 0.77323
22.125 69.875 -0.0089744
22.125 70.125 0.095588
22.125 70.375 0.20828
22.125 70.625 0.48038
22.125 70.875 0.32445
22.125 71.125 0.51226
22.125 71.375 0.26241
22.125 71.625 0.086428
22.125 71.875 -0.032111
22.125 72.125 -0.078257
22.125 72.625 NaN
22.125 72.875 0.070748
22.125 73.125 0.24324
22.125 73.375 0.63807
22.125 73.625 0.32996
22.125 73.875 0.30922
22.125 74.125 0.54292
22.125 74.375 0.84728
22.125 74.625 1.7835
22.125 74.875 1.043
22.125 75.125 0.3545
22.125 75.375 0.073424
22.125 75.625 1.1719
22.125 75.875 1.487
22.125 76.125 1.626
22.125 76.375 1.411
22.125 76.625 1.2077
22.125 76.875 1.121
22.125 77.125 1.566
22.125 77.375 2.0137
22.125 77.625 2.2004
22.125 77.875 2.1125
22.125 78.125 1.7533
22.125 78.375 1.5301
22.125 78.625 1.5991
22.125 78.875 0.76843
22.125 79.125 1.1031
22.125 79.375 1.1309
22.125 79.625 1.2851
22.125 79.875 2.1569
22.125 80.125 1.7979
22.125 80.375 1.5675
22.125 80.625 0.88269
22.125 80.875 0.70385
22.125 81.125 1.2402
22.125 81.375 0.91637
22.125 81.625 1.0462
22.125 81.875 1.0974
22.125 82.125 0.74853
22.125 82.375 0.031665
22.125 82.625 0.24156
22.125 82.875 -0.031203
22.125 83.125 0.2235
22.125 83.375 0.43224
22.125 83.625 -0.10304
22.125 83.875 -0.1794
22.125 84.125 0.35126
22.125 84.375 0.43458
22.125 84.625 0.5298
22.125 84.875 0.29521
22.125 85.125 -0.1087
22.125 85.375 -0.13162
22.125 85.625 0.30384
22.125 85.875 0.26933
22.125 86.125 0.049167
22.125 86.375 0.20849
22.125 86.625 0.24107
22.125 86.875 0.11811
22.125 87.125 -0.12196
22.125 87.375 -0.6633
22.125 87.625 -0.67488
22.125 87.875 -0.54443
22.125 88.125 -0.26976
22.125 88.375 -0.35115
22.125 92.875 NaN
22.375 69.125 1.0025
22.375 69.875 0.063298
22.375 70.125 0.36575
22.375 70.375 -0.24123
22.375 70.625 0.080457
22.375 70.875 0.025932
22.375 71.125 0.48392
22.375 71.375 0.033219
22.375 71.625 -0.25264
22.375 71.875 -0.12228
22.375 72.125 -0.31105
22.375 72.625 NaN
22.375 72.875 -0.26321
22.375 73.125 0.27303
22.375 73.375 0.37171
22.375 73.625 0.99471
22.375 73.875 -0.18562
22.375 74.125 0.28302
22.375 74.375 0.656
22.375 74.625 0.59797
22.375 74.875 0.5054
22.375 75.125 0.41573
22.375 75.375 0.64114
22.375 75.625 0.75138
22.375 75.875 1.3172
22.375 76.125 1.9141
22.375 76.375 1.9316
22.375 76.625 2.1794
22.375 76.875 1.2286
22.375 77.125 1.4387
22.375 77.375 2.0111
22.375 77.625 2.605
22.375 77.875 2.4959
22.375 78.125 1.565
22.375 78.375 1.3902
22.375 78.625 1.2311
22.375 78.875 1.4699
22.375 79.125 1.6938
22.375 79.375 1.7576
22.375 79.625 1.0668
22.375 79.875 1.3703
22.375 80.125 1.4991
22.375 80.375 1.807
22.375 80.625 1.4503
22.375 80.875 1.4706
22.375 81.125 2.0998
22.375 81.375 2.2536
22.375 81.625 1.6044
22.375 81.875 0.83394
22.375 82.125 0.76617
22.375 82.375 0.41323
22.375 82.625 0.088685
22.375 82.875 0.37994
22.375 83.125 0.60866
22.375 83.375 0.35326
22.375 83.625 -8.7769e-05
22.375 83.875 0.054852
22.375 84.125 0.2342
22.375 84.375 0.11106
22.375 84.625 0.26683
22.375 84.875 0.15607
22.375 85.125 -0.078605
22.375 85.375 -0.053581
22.375 85.625 0.19698
22.375 85.875 0.27771
22.375 86.125 0.0075328
22.375 86.375 0.25234
22.375 86.625 0.23049
22.375 86.875 -0.17832
22.375 87.125 -0.121
22.375 87.375 -0.6329
22.375 87.625 -0.75194
22.375 87.875 -0.67846
22.375 88.125 -1.0553
22.375 88.375 -0.82562
22.375 88.625 -0.78731
22.375 88.875 -0.77587
22.375 92.875 1.9989
22.625 70.375 0.72089
22.625 70.625 0.59037
22.625 70.875 0.025037
22.625 71.125 0.021155
22.625 71.375 0.098858
22.625 71.625 -0.099923
22.625 71.875 -0.64107
22.625 72.125 -0.68922
22.625 72.375 0.081104
22.625 72.625 0.56311
22.625 72.875 0.17816
22.625 73.125 0.31606
22.625 73.375 0.75968
22.625 73.625 0.40696
22.625 73.875 -0.17562
22.625 74.125 -0.24472
22.625 74.375 0.1393
22.625 74.625 0.32393
22.625 74.875 0.49793
22.625 75.125 0.57871
22.625 75.375 0.68816
22.625 75.625 0.72031
22.625 75.875 2.2371
22.625 76.125 1.9821
22.625 76.375 1.8299
22.625 76.625 2.2032
22.625 76.875 1.31
22.625 77.125 1.4517
22.625 77.375 2.3514
22.625 77.625 2.4363
22.625 77.875 2.8671
22.625 78.125 2.3016
22.625 78.375 1.7032
22.625 78.625 1.1386
22.625 78.875 1.5894
22.625 79.125 1.6178
22.625 79.375 1.5669
22.625 79.625 0.88453
22.625 79.875 0.98
22.625 80.125 1.1258
22.625 80.375 1.5844
22.625 80.625 2.0182
22.625 80.875 2.2656
22.625 81.125 2.1884
22.625 81.375 2.2973
22.625 81.625 1.3792
22.625 81.875 0.96946
22.625 82.125 0.64897
22.625 82.375 0.57275
22.625 82.625 0.94809
22.625 82.875 0.8601
22.625 83.125 0.66719
22.625 83.375 0.52609
22.625 83.625 0.52098
22.625 83.875 0.35591
22.625 84.125 -0.11756
22.625 84.375 -0.29028
22.625 84.625 -0.21315
22.625 84.875 0.014414
22.625 85.125 -0.1124
22.625 85.375 -0.14029
22.625 85.625 0.75624
22.625 85.875 1.2552
22.625 86.125 -0.076401
22.625 86.375 -0.19556
22.625 86.625 -0.031657
22.625 86.875 -0.035823
22.625 87.125 0.034909
22.625 87.375 -0.61441
22.625 87.625 -0.61363
22.625 87.875 -1.0214
22.625 88.125 -0.89017
22.625 88.375 -0.91471
22.625 88.625 -0.80238
22.625 88.875 -0.76964
22.625 92.625 0.38348
22.625 92.875 1.6508
22.875 69.375 NaN
22.875 69.625 NaN
22.875 69.875 NaN
22.875 70.625 0.54255
22.875 70.875 0.14049
22.875 71.125 -0.1681
22.875 71.375 -0.35461
22.875 71.625 -0.38211
22.875 71.875 -0.91222
22.875 72.125 -0.57559
22.875 72.375 -0.20616
22.875 72.625 1.1669
22.875 72.875 -0.033135
22.875 73.125 0.82463
22.875 73.375 0.66853
22.875 73.625 1.2158
22.875 73.875 -0.063119
22.875 74.125 0.2333
22.875 74.375 0.20077
22.875 74.625 0.097878
22.875 74.875 0.81443
22.875 75.125 0.9548
22.875 75.375 1.3523
22.875 75.625 1.6749
22.875 75.875 2.5776
22.875 76.125 2.7292
22.875 76.375 2.0572
22.875 76.625 2.3322
22.875 76.875 2.2494
22.875 77.125 2.4515
22.875 77.375 2.3191
22.875 77.625 2.5419
22.875 77.875 2.7372
22.875 78.125 3.0622
22.875 78.375 1.872
22.875 78.625 1.1264
22.875 78.875 1.3899
22.875 79.125 1.7435
22.875 79.375 1.3316
22.875 79.625 1.2323
22.875 79.875 0.99484
22.875 80.125 0.77228
22.875 80.375 1.1403
22.875 80.625 2.2567
22.875 80.875 2.2549
22.875 81.125 2.1125
22.875 81.375 1.8306
22.875 81.625 0.49952
22.875 81.875 0.01636
22.875 82.125 0.2095
22.875 82.375 0.87906
22.875 82.625 1.1597
22.875 82.875 1.1173
22.875 83.125 0.98986
22.875 83.375 0.94531
22.875 83.625 0.58367
22.875 83.875 0.64303
22.875 84.125 -0.14789
22.875 84.375 -0.70158
22.875 84.625 -0.44746
22.875 84.875 -0.67287
22.875 85.125 -0.23866
22.875 85.375 -0.26349
22.875 85.625 -0.34706
22.875 85.875 0.26973
22.875 86.125 -0.23953
22.875 86.375 -0.81038
22.875 86.625 -0.19799
22.875 86.875 0.018037
22.875 87.125 -0.37817
22.875 87.375 -0.69117
22.875 87.625 -0.69596
22.875 87.875 -0.67511
22.875 88.125 -0.96788
22.875 88.375 -0.90325
22.875 88.625 -0.93754
22.875 92.625 0.046847
22.875 92.875 0.98272
23.125 68.875 1.2538
23.125 69.125 1.1718
23.125 69.375 1.3623
23.125 69.625 1.4464
23.125 69.875 1.2531
23.125 70.125 0.65732
23.125 70.875 0.05104
23.125 71.125 -0.15107
23.125 71.375 -0.48807
23.125 71.625 -0.34382
23.125 71.875 -0.75516
23.125 72.125 -0.082646
23.125 72.375 0.14261
23.125 72.625 0.54136
23.125 72.875 -0.0080395
23.125 73.125 0.068488
23.125 73.375 0.73741
23.125 73.625 0.95676
23.125 73.875 0.65909
23.125 74.125 0.6953
23.125 74.375 0.57918
23.125 74.625 1.0875
23.125 74.875 1.3149
23.125 75.125 1.2596
23.125 75.375 1.7475
23.125 75.625 1.6588
23.125 75.875 1.6591
23.125 76.125 2.7792
23.125 76.375 2.2123
23.125 76.625 1.9995
23.125 76.875 2.3779
23.125 77.125 2.8923
23.125 77.375 2.5675
23.125 77.625 2.4294
23.125 77.875 2.4743
23.125 78.125 1.965
23.125 78.375 1.9262
23.125 78.625 1.1421
23.125 78.875 1.5602
23.125 79.125 1.6811
23.125 79.375 1.6249
23.125 79.625 1.134
23.125 79.875 0.97558
23.125 80.125 0.82053
23.125 80.375 0.82303
23.125 80.625 1.4045
23.125 80.875 1.7431
23.125 81.125 1.5814
23.125 81.375 0.59886
23.125 81.625 0.50954
23.125 81.875 -0.77106
23.125 82.125 0.41532
23.125 82.375 0.85962
23.125 82.625 0.95991
23.125 82.875 1.022
23.125 83.125 0.497
23.125 83.375 0.46925
23.125 83.625 0.503
23.125 83.875 0.76898
23.125 84.125 -0.29458
23.125 84.375 -0.17774
23.125 84.625 -0.47513
23.125 84.875 -0.54041
23.125 85.125 -0.47924
23.125 85.375 0.47904
23.125 85.625 1.0075
23.125 85.875 0.59405
23.125 86.125 0.24919
23.125 86.375 -0.29522
23.125 86.625 -0.18636
23.125 86.875 0.11997
23.125 87.125 -0.23348
23.125 87.375 -0.65691
23.125 87.625 -0.69209
23.125 87.875 -1.1722
23.125 88.125 -1.663
23.125 88.375 -1.4635
23.125 88.625 -1.2989
23.125 91.625 NaN
23.125 92.625 -0.49143
23.125 92.875 -0.16305
23.125 93.125 NaN
23.375 68.875 1.4475
23.375 69.125 1.231
23.375 69.375 1.3171
23.375 69.625 1.3368
23.375 69.875 0.99823
23.375 70.125 0.56252
23.375 70.375 0.41534
23.375 70.625 0.37941
23.375 70.875 0.23322
23.375 71.125 0.27628
23.375 71.375 0.30915
23.375 71.625 0.32221
23.375 71.875 0.70223
23.375 72.125 0.53862
23.375 72.375 0.37578
23.375 72.625 0.5286
23.375 72.875 0.67841
23.375 73.125 0.73549
23.375 73.375 1.1927
23.375 73.625 1.0538
23.375 73.875 0.56715
23.375 74.125 0.64497
23.375 74.375 1.1943
23.375 74.625 1.9093
23.375 74.875 2.1723
23.375 75.125 1.8681
23.375 75.375 1.9534
23.375 75.625 1.7645
23.375 75.875 1.7183
23.375 76.125 2.1414
23.375 76.375 2.314
23.375 76.625 2.8348
23.375 76.875 3.2687
23.375 77.125 3.105
23.375 77.375 2.2406
23.375 77.625 1.8824
23.375 77.875 2.3307
23.375 78.125 2.715
23.375 78.375 2.3412
23.375 78.625 2.0547
23.375 78.875 1.8887
23.375 79.125 1.3737
23.375 79.375 1.4061
23.375 79.625 1.3264
23.375 79.875 1.275
23.375 80.125 0.82609
23.375 80.375 -0.075075
23.375 80.625 -0.23472
23.375 80.875 0.58681
23.375 81.125 0.67246
23.375 81.375 0.36972
23.375 81.625 0.25749
23.375 81.875 0.10434
23.375 82.125 0.37487
23.375 82.375 0.6217
23.375 82.625 0.88329
23.375 82.875 0.6583
23.375 83.125 -0.27806
23.375 83.375 -0.76977
23.375 83.625 -0.65278
23.375 83.875 0.0032423
23.375 84.125 -0.04474
23.375 84.375 0.34534
23.375 84.625 -0.31451
23.375 84.875 -0.75996
23.375 85.125 -0.5869
23.375 85.375 0.65954
23.375 85.625 1.1355
23.375 85.875 0.94697
23.375 86.125 0.40117
23.375 86.375 -0.052294
23.375 86.625 -0.59122
23.375 86.875 0.085404
23.375 87.125 -0.31289
23.375 87.375 -0.46455
23.375 87.625 -0.68932
23.375 87.875 -1.3204
23.375 88.125 -1.7064
23.375 88.375 -1.5283
23.375 88.625 -1.5396
23.375 91.375 -0.83702
23.375 91.625 -0.82295
23.375 92.625 -0.76927
23.375 92.875 -0.60448
23.375 93.125 -0.43366
23.625 68.625 1.9269
23.625 68.875 1.8376
23.625 69.125 1.4798
23.625 69.375 1.4145
23.625 69.625 1.1825
23.625 69.875 0.97242
23.625 70.125 0.64272
23.625 70.375 0.49873
23.625 70.625 0.45061
23.625 70.875 0.70654
23.625 71.125 0.90693
23.625 71.375 1.024
23.625 71.625 0.070572
23.625 71.875 0.24209
23.625 72.125 0.59357
23.625 72.375 0.0041275
23.625 72.625 0.90289
23.625 72.875 1.0488
23.625 73.125 0.88741
23.625 73.375 1.0042
23.625 73.625 0.98705
23.625 73.875 0.57774
23.625 74.125 0.82276
23.625 74.375 1.0395
23.625 74.625 1.867
23.625 74.875 2.5377
23.625 75.125 2.1888
23.625 75.375 2.1056
23.625 75.625 2.4299
23.625 75.875 2.9696
23.625 76.125 2.8401
23.625 76.375 2.9844
23.625 76.625 3.8169
23.625 76.875 3.3643
23.625 77.125 3.0406
23.625 77.375 1.7674
23.625 77.625 1.4389
23.625 77.875 2.1135
23.625 78.125 2.4212
23.625 78.375 2.1485
23.625 78.625 1.9245
23.625 78.875 1.8588
23.625 79.125 1.2531
23.625 79.375 1.2403
23.625 79.625 1.4787
23.625 79.875 1.4143
23.625 80.125 0.47436
23.625 80.375 0.05357
23.625 80.625 -0.18423
23.625 80.875 -0.010338
23.625 81.125 0.33999
23.625 81.375 0.31705
23.625 81.625 0.25957
23.625 81.875 0.22156
23.625 82.125 0.43272
23.625 82.375 0.37558
23.625 82.625 0.25214
23.625 82.875 -0.58229
23.625 83.125 -1.1102
23.625 83.375 -1.1444
23.625 83.625 -1.0235
23.625 83.875 0.018046
23.625 84.125 0.4725
23.625 84.375 -0.44234
23.625 84.625 -0.58957
23.625 84.875 -0.64436
23.625 85.125 -0.88413
23.625 85.375 0.30888
23.625 85.625 -0.27583
23.625 85.875 -0.35723
23.625 86.125 -0.75913
23.625 86.375 -0.5907
23.625 86.625 -0.81281
23.625 86.875 -0.68216
23.625 87.125 -0.60727
23.625 87.375 -0.76364
23.625 87.625 -1.008
23.625 87.875 -1.1686
23.625 88.125 -1.564
23.625 88.375 -1.6245
23.625 91.375 -0.02124
23.625 91.625 -0.36248
23.625 91.875 NaN
23.625 92.375 -1.3093
23.625 92.625 -0.93565
23.625 92.875 -0.6927
23.625 93.125 -0.49632
23.875 68.875 1.8537
23.875 69.125 1.7563
23.875 69.375 1.6778
23.875 69.625 1.287
23.875 69.875 0.88358
23.875 70.125 0.69594
23.875 70.375 0.54667
23.875 70.625 0.53772
23.875 70.875 0.721
23.875 71.125 0.93277
23.875 71.375 0.78443
23.875 71.625 1.1931
23.875 71.875 1.1098
23.875 72.125 1.4349
23.875 72.375 0.84257
23.875 72.625 0.8511
23.875 72.875 0.94941
23.875 73.125 0.73198
23.875 73.375 1.1982
23.875 73.625 0.98725
23.875 73.875 1.2901
23.875 74.125 1.3819
23.875 74.375 1.4487
23.875 74.625 1.6076
23.875 74.875 2.0844
23.875 75.125 1.7328
23.875 75.375 1.7071
23.875 75.625 2.7833
23.875 75.875 2.5843
23.875 76.125 2.952
23.875 76.375 2.9869
23.875 76.625 3.8715
23.875 76.875 3.0519
23.875 77.125 2.8412
23.875 77.375 2.0208
23.875 77.625 1.667
23.875 77.875 1.2601
23.875 78.125 1.2013
23.875 78.375 1.8216
23.875 78.625 1.3666
23.875 78.875 1.0467
23.875 79.125 0.8521
23.875 79.375 1.2693
23.875 79.625 1.3304
23.875 79.875 1.1538
23.875 80.125 0.75277
23.875 80.375 0.067962
23.875 80.625 -0.11855
23.875 80.875 -0.18715
23.875 81.125 -0.064681
23.875 81.375 0.11279
23.875 81.625 0.1963
23.875 81.875 0.31662
23.875 82.125 0.43213
23.875 82.375 0.17994
23.875 82.625 -0.4331
23.875 82.875 -0.78508
23.875 83.125 -1.1297
23.875 83.375 -1.3937
23.875 83.625 -1.5574
23.875 83.875 -0.55696
23.875 84.125 -1.0756
23.875 84.375 -0.66774
23.875 84.625 -0.31275
23.875 84.875 -0.35084
23.875 85.125 -0.4957
23.875 85.375 -0.64512
23.875 85.625 0.057199
23.875 85.875 -1.053
23.875 86.125 -1.7073
23.875 86.375 -1.0349
23.875 86.625 -0.71571
23.875 86.875 -0.40086
23.875 87.125 -0.6297
23.875 87.375 -0.94683
23.875 87.625 -1.4106
23.875 87.875 -1.8987
23.875 88.125 -1.6905
23.875 88.375 -1.7646
23.875 91.375 0.10625
23.875 91.625 -0.28936
23.875 91.875 -0.38668
23.875 92.125 -1.0634
23.875 92.375 -1.1564
23.875 92.625 -0.88441
23.875 92.875 -0.35564
23.875 93.125 -0.36669
23.875 93.375 -0.31185
24.125 68.875 1.9405
24.125 69.125 1.9919
24.125 69.375 1.8268
24.125 69.625 1.1878
24.125 69.875 0.81876
24.125 70.125 0.62073
24.125 70.375 0.50259
24.125 70.625 0.4338
24.125 70.875 0.62089
24.125 71.125 0.47687
24.125 71.375 0.47108
24.125 71.625 0.77446
24.125 71.875 1.6207
24.125 72.125 1.8273
24.125 72.375 1.268
24.125 72.625 1.388
24.125 72.875 1.3536
24.125 73.125 0.76794
24.125 73.375 0.99408
24.125 73.625 2.067
24.125 73.875 1.7204
24.125 74.125 1.0931
24.125 74.375 1.1289
24.125 74.625 1.8724
24.125 74.875 2.1066
24.125 75.125 1.9363
24.125 75.375 2.1883
24.125 75.625 2.2247
24.125 75.875 2.097
24.125 76.125 2.4178
24.125 76.375 2.0859
24.125 76.625 1.872
24.125 76.875 2.471
24.125 77.125 2.478
24.125 77.375 2.1343
24.125 77.625 1.7765
24.125 77.875 1.526
24.125 78.125 1.1714
24.125 78.375 0.81656
24.125 78.625 0.77132
24.125 78.875 0.39033
24.125 79.125 0.49301
24.125 79.375 1.0896
24.125 79.625 1.4349
24.125 79.875 0.9331
24.125 80.125 0.65664
24.125 80.375 -0.36188
24.125 80.625 -0.22922
24.125 80.875 -0.14545
24.125 81.125 -0.2676
24.125 81.375 -0.18897
24.125 81.625 0.045502
24.125 81.875 0.18669
24.125 82.125 0.36569
24.125 82.375 -0.087856
24.125 82.625 -0.58322
24.125 82.875 -0.64367
24.125 83.125 -1.0383
24.125 83.375 -1.5089
24.125 83.625 -1.605
24.125 83.875 -1.0659
24.125 84.125 -0.87186
24.125 84.375 -1.2683
24.125 84.625 -0.61788
24.125 84.875 -0.15162
24.125 85.125 -0.52423
24.125 85.375 0.11161
24.125 85.625 0.54253
24.125 85.875 -0.33578
24.125 86.125 -1.2434
24.125 86.375 -1.2028
24.125 86.625 -0.53318
24.125 86.875 0.16067
24.125 87.125 -0.43719
24.125 87.375 -0.6884
24.125 87.625 -1.7328
24.125 87.875 -2.1829
24.125 88.125 -1.7326
24.125 88.375 -1.6314
24.125 91.875 0.29781
24.125 92.125 0.26803
24.125 92.375 -0.051529
24.125 92.625 0.001233
24.125 92.875 0.11019
24.125 93.125 -0.37695
24.125 93.375 -0.92815
24.125 93.625 -0.9645
24.125 93.875 -0.96505
24.125 94.125 NaN
24.375 71.375 0.52397
24.375 71.625 0.82758
24.375 71.875 1.0643
24.375 72.125 1.3708
24.375 72.375 0.36302
24.375 72.625 0.83212
24.375 72.875 1.2445
24.375 73.125 1.2228
24.375 73.375 1.1124
24.375 73.625 1.1766
24.375 73.875 1.1385
24.375 74.125 0.83226
24.375 74.375 0.93343
24.375 74.625 2.2135
24.375 74.875 1.6644
24.375 75.125 1.8912
24.375 75.375 1.8875
24.375 75.625 1.7444
24.375 75.875 1.53
24.375 76.125 2.3275
24.375 76.375 1.5158
24.375 76.625 1.5197
24.375 76.875 1.5349
24.375 77.125 2.1481
24.375 77.375 1.8023
24.375 77.625 1.6886
24.375 77.875 1.5635
24.375 78.125 1.0241
24.375 78.375 0.82233
24.375 78.625 0.62304
24.375 78.875 0.56276
24.375 79.125 0.61703
24.375 79.375 1.0583
24.375 79.625 1.8513
24.375 79.875 1.6611
24.375 80.125 1.6944
24.375 80.375 0.88019
24.375 80.625 0.28404
24.375 80.875 0.08052
24.375 81.125 -0.28145
24.375 81.375 -0.32086
24.375 81.625 -0.035477
24.375 81.875 -0.10836
24.375 82.125 0.10384
24.375 82.375 0.12673
24.375 82.625 -0.026929
24.375 82.875 -0.40538
24.375 83.125 -1.0832
24.375 83.375 -0.74477
24.375 83.625 -0.15857
24.375 83.875 -0.6508
24.375 84.125 -0.94577
24.375 84.375 -1.1156
24.375 84.625 -1.0067
24.375 84.875 0.3962
24.375 85.125 -0.10485
24.375 85.375 -0.11919
24.375 85.625 0.16289
24.375 85.875 -1.1099
24.375 86.125 -1.3184
24.375 86.375 -0.98215
24.375 86.625 -0.74818
24.375 86.875 -0.62229
24.375 87.125 -1.4524
24.375 87.375 -2.3473
24.375 87.625 -1.5797
24.375 87.875 -2.1588
24.375 88.125 -2.1128
24.375 92.375 -0.2449
24.375 92.625 -0.22973
24.375 92.875 0.028547
24.375 93.125 -0.51129
24.375 93.375 -0.99087
24.375 93.625 -0.9927
24.375 93.875 -0.98306
24.375 94.125 -0.72954
24.625 71.125 0.36123
24.625 71.375 0.48556
24.625 71.625 0.54994
24.625 71.875 1.1736
24.625 72.125 0.95623
24.625 72.375 0.54675
24.625 72.625 0.20825
24.625 72.875 0.65243
24.625 73.125 1.2072
24.625 73.375 1.6445
24.625 73.625 1.2212
24.625 73.875 1.0475
24.625 74.125 0.87933
24.625 74.375 1.369
24.625 74.625 2.3135
24.625 74.875 1.7263
24.625 75.125 1.6373
24.625 75.375 1.6696
24.625 75.625 1.6044
24.625 75.875 1.5334
24.625 76.125 1.834
24.625 76.375 1.8145
24.625 76.625 1.8882
24.625 76.875 1.0866
24.625 77.125 1.6301
24.625 77.375 1.8754
24.625 77.625 1.8639
24.625 77.875 1.4502
24.625 78.125 0.96192
24.625 78.375 0.83413
24.625 78.625 0.63311
24.625 78.875 0.50976
24.625 79.125 0.73219
24.625 79.375 1.1637
24.625 79.625 1.9041
24.625 79.875 1.7534
24.625 80.125 1.6029
24.625 80.375 1.1766
24.625 80.625 3.6632
24.625 80.875 1.8088
24.625 81.125 -0.21839
24.625 81.375 -0.36773
24.625 81.625 0.37917
24.625 81.875 0.2154
24.625 82.125 -0.22842
24.625 82.375 0.20276
24.625 82.625 0.0097551
24.625 82.875 0.036327
24.625 83.125 -0.54996
24.625 83.375 -0.91545
24.625 83.625 -0.87892
24.625 83.875 -0.86371
24.625 84.125 -0.64963
24.625 84.375 -0.90523
24.625 84.625 -1.1593
24.625 84.875 0.061528
24.625 85.125 -0.55011
24.625 85.375 -0.07281
24.625 85.625 -0.59923
24.625 85.875 -1.6848
24.625 86.125 -1.1985
24.625 86.375 -0.74561
24.625 86.625 -0.66631
24.625 86.875 -1.1797
24.625 87.125 -1.7993
24.625 87.375 -1.9973
24.625 87.625 -1.6961
24.625 87.875 -1.5957
24.625 92.375 -0.22671
24.625 92.625 -0.38891
24.625 92.875 -0.38785
24.625 93.125 -0.74183
24.625 93.375 -0.96406
24.625 93.625 -1.1583
24.625 93.875 -0.96149
24.625 94.125 -0.47717
24.625 94.375 NaN
24.875 71.125 0.52577
24.875 71.375 0.17726
24.875 71.625 0.30014
24.875 71.875 0.58165
24.875 72.125 1.146
24.875 72.375 0.99186
24.875 72.625 0.42223
24.875 72.875 0.3935
24.875 73.125 -0.12334
24.875 73.375 0.47424
24.875 73.625 0.82434
24.875 73.875 0.50841
24.875 74.125 0.32924
24.875 74.375 1.2856
24.875 74.625 1.6016
24.875 74.875 1.4558
24.875 75.125 1.4383
24.875 75.375 1.4625
24.875 75.625 2.2023
24.875 75.875 1.9023
24.875 76.125 2.0267
24.875 76.375 1.858
24.875 76.625 2.0545
24.875 76.875 2.0205
24.875 77.125 2.1869
24.875 77.375 2.4484
24.875 77.625 2.0688
24.875 77.875 1.5693
24.875 78.125 1.4156
24.875 78.375 1.6479
24.875 78.625 1.1654
24.875 78.875 0.5052
24.875 79.125 0.51347
24.875 79.375 1.0892
24.875 79.625 1.5952
24.875 79.875 1.6443
24.875 80.125 -0.11663
24.875 80.375 1.8704
24.875 80.625 4.4867
24.875 80.875 3.8408
24.875 81.125 -0.081139
24.875 81.375 -0.95347
24.875 81.625 -0.95817
24.875 81.875 -0.65387
24.875 82.125 -0.7865
24.875 82.375 -0.53872
24.875 82.625 0.096965
24.875 82.875 1.3401
24.875 83.125 -0.12525
24.875 83.375 -0.929
24.875 83.625 -1.0601
24.875 83.875 -0.94622
24.875 84.125 -0.72814
24.875 84.375 -1.3761
24.875 84.625 -1.2701
24.875 84.875 0.1606
24.875 85.125 -0.65849
24.875 85.375 -1.1442
24.875 85.625 -0.77018
24.875 85.875 -0.94291
24.875 86.125 -0.93444
24.875 86.375 -0.61406
24.875 86.625 -0.91287
24.875 86.875 -0.79883
24.875 87.125 -1.479
24.875 87.375 -1.1989
24.875 87.625 -1.2007
24.875 87.875 -1.4208
24.875 88.125 -1.5031
24.875 92.625 -0.80119
24.875 92.875 -0.50052
24.875 93.125 -0.60041
24.875 93.375 -0.96497
24.875 93.625 -0.83112
24.875 93.875 -0.61463
24.875 94.125 -0.3688
24.875 94.375 -0.33753
25.125 71.125 0.90037
25.125 71.375 0.5205
25.125 71.625 0.4168
25.125 71.875 0.35891
25.125 72.125 0.68437
25.125 72.375 0.74574
25.125 72.625 0.28742
25.125 72.875 0.23016
25.125 73.125 -0.20128
25.125 73.375 0.18018
25.125 73.625 0.24098
25.125 73.875 0.23814
25.125 74.125 0.42307
25.125 74.375 1.2901
25.125 74.625 0.99483
25.125 74.875 1.5191
25.125 75.125 1.4949
25.125 75.375 1.2038
25.125 75.625 1.7257
25.125 75.875 0.76171
25.125 76.125 2.071
25.125 76.375 1.7972
25.125 76.625 1.84
25.125 76.875 1.7579
25.125 77.125 2.3936
25.125 77.375 2.6291
25.125 77.625 1.9094
25.125 77.875 1.4463
25.125 78.125 1.8428
25.125 78.375 2.0121
25.125 78.625 1.0609
25.125 78.875 0.7896
25.125 79.125 0.72499
25.125 79.375 0.98627
25.125 79.625 0.79045
25.125 79.875 0.11916
25.125 80.125 -0.63388
25.125 80.375 1.4277
25.125 80.625 5.0296
25.125 80.875 4.1671
25.125 81.125 0.3485
25.125 81.375 -0.36004
25.125 81.625 -0.80242
25.125 81.875 -0.55715
25.125 82.125 -0.20326
25.125 82.375 -0.91099
25.125 82.625 1.8665
25.125 82.875 -0.23685
25.125 83.125 -0.92862
25.125 83.375 -0.74711
25.125 83.625 -0.70131
25.125 83.875 -0.73382
25.125 84.125 -0.56425
25.125 84.375 -0.61563
25.125 84.625 -0.57054
25.125 84.875 0.016376
25.125 85.125 -0.61765
25.125 85.375 -1.2367
25.125 85.625 -1.2185
25.125 85.875 -0.94575
25.125 86.125 -0.7404
25.125 86.375 -0.88011
25.125 86.625 -1.5993
25.125 86.875 -1.5636
25.125 87.125 -1.3067
25.125 87.375 -1.1335
25.125 87.625 -1.1105
25.125 87.875 -1.566
25.125 88.125 -2.4162
25.125 88.375 -2.4784
25.125 92.375 -0.84748
25.125 92.625 -0.95068
25.125 92.875 -0.76625
25.125 93.125 -0.48787
25.125 93.375 -0.48596
25.125 93.625 -0.2091
25.125 93.875 -0.39747
25.125 94.125 -0.49466
25.125 94.375 -0.52678
25.375 70.875 1.6879
25.375 71.125 1.6688
25.375 71.375 1.4699
25.375 71.625 1.1999
25.375 71.875 0.92415
25.375 72.125 0.59609
25.375 72.375 0.64806
25.375 72.625 0.42483
25.375 72.875 0.59715
25.375 73.125 0.29044
25.375 73.375 0.41339
25.375 73.625 0.64192
25.375 73.875 0.37484
25.375 74.125 0.036598
25.375 74.375 -0.036767
25.375 74.625 0.35588
25.375 74.875 0.80424
25.375 75.125 1.5168
25.375 75.375 1.6204
25.375 75.625 1.8619
25.375 75.875 1.673
25.375 76.125 2.099
25.375 76.375 1.851
25.375 76.625 1.7077
25.375 76.875 1.6866
25.375 77.125 2.2514
25.375 77.375 2.2155
25.375 77.625 1.7116
25.375 77.875 1.3688
25.375 78.125 1.3462
25.375 78.375 1.6029
25.375 78.625 0.85752
25.375 78.875 -0.17091
25.375 79.125 -0.12551
25.375 79.375 0.38405
25.375 79.625 1.261
25.375 79.875 1.3957
25.375 80.125 0.82032
25.375 80.375 -0.29243
25.375 80.625 2.3681
25.375 80.875 0.55665
25.375 81.125 1.5407
25.375 81.375 -0.18516
25.375 81.625 -0.40648
25.375 81.875 -0.78784
25.375 82.125 -0.094844
25.375 82.375 -0.39121
25.375 82.625 -0.63343
25.375 82.875 0.72109
25.375 83.125 -1.0807
25.375 83.375 -0.59551
25.375 83.625 -1.1434
25.375 83.875 -0.70141
25.375 84.125 -0.56049
25.375 84.375 -0.93753
25.375 84.625 -0.41928
25.375 84.875 -0.5701
25.375 85.125 -0.096093
25.375 85.375 0.078749
25.375 85.625 -0.70461
25.375 85.875 -0.23228
25.375 86.125 -0.048262
25.375 86.375 -0.88875
25.375 86.625 -1.1284
25.375 86.875 -1.1988
25.375 87.125 -0.36193
25.375 87.375 -0.3676
25.375 87.625 -0.84217
25.375 87.875 -1.475
25.375 88.125 -2.2084
25.375 88.375 -2.4351
25.375 88.625 -1.9778
25.375 90.125 2.2119
25.375 90.375 2.2461
25.375 90.625 1.6113
25.375 90.875 1.2415
25.375 91.125 0.8999
25.375 91.375 0.37913
25.375 91.625 0.095928
25.375 91.875 0.18502
25.375 92.125 -0.073813
25.375 92.375 -0.13792
25.375 92.625 -0.53732
25.375 92.875 -0.94489
25.375 93.125 -0.75792
25.375 93.375 -0.37092
25.375 93.625 -0.086988
25.375 93.875 -0.4425
25.375 94.125 -0.52868
25.375 94.375 -0.65978
25.625 70.875 1.45
25.625 71.125 1.7561
25.625 71.375 1.7803
25.625 71.625 1.692
25.625 71.875 0.86533
25.625 72.125 0.39151
25.625 72.375 0.35798
25.625 72.625 0.08094
25.625 72.875 0.24393
25.625 73.125 0.38312
25.625 73.375 0.28785
25.625 73.625 0.53482
25.625 73.875 -0.10616
25.625 74.125 0.14274
25.625 74.375 0.20358
25.625 74.625 0.28156
25.625 74.875 0.57213
25.625 75.125 0.64157
25.625 75.375 2.2451
25.625 75.625 2.7396
25.625 75.875 2.4359
25.625 76.125 2.5775
25.625 76.375 2.2767
25.625 76.625 1.7871
25.625 76.875 1.5305
25.625 77.125 2.4212
25.625 77.375 2.4699
25.625 77.625 1.3125
25.625 77.875 1.2536
25.625 78.125 0.93735
25.625 78.375 0.21002
25.625 78.625 0.10976
25.625 78.875 -0.15851
25.625 79.125 0.65419
25.625 79.375 1.1391
25.625 79.625 2.2117
25.625 79.875 2.2809
25.625 80.125 1.753
25.625 80.375 2.5582
25.625 80.625 0.81929
25.625 80.875 -0.165
25.625 81.125 3.7549
25.625 81.375 2.039
25.625 81.625 1.3395
25.625 81.875 1.0137
25.625 82.125 0.021107
25.625 82.375 0.27396
25.625 82.625 -0.8065
25.625 82.875 -0.7606
25.625 83.125 -0.80737
25.625 83.375 -0.76892
25.625 83.625 -0.99469
25.625 83.875 -0.45453
25.625 84.125 -0.79087
25.625 84.375 -1.7133
25.625 84.625 -0.89619
25.625 84.875 -0.3422
25.625 85.125 -1.1003
25.625 85.375 -0.75373
25.625 85.625 -0.14944
25.625 85.875 -0.37779
25.625 86.125 -0.17482
25.625 86.375 -0.73607
25.625 86.625 -1.7743
25.625 86.875 -0.42232
25.625 87.125 0.42902
25.625 87.375 0.078831
25.625 87.625 -0.2457
25.625 87.875 0.013849
25.625 88.125 -1.6493
25.625 90.125 2.9774
25.625 90.375 2.2703
25.625 90.625 1.0537
25.625 90.875 0.90295
25.625 91.125 -0.039492
25.625 91.375 0.25785
25.625 91.625 0.17227
25.625 91.875 -0.069298
25.625 92.125 -0.37727
25.625 92.375 -0.22387
25.625 92.625 -0.85275
25.625 92.875 -0.69847
25.625 93.125 -0.79857
25.625 93.375 -0.5697
25.625 93.625 -0.46339
25.625 93.875 -0.69879
25.625 94.125 -1.0176
25.625 94.375 -1.0679
25.625 94.625 NaN
25.625 94.875 NaN
25.875 70.375 1.7065
25.875 70.625 1.5051
25.875 70.875 1.2575
25.875 71.125 1.2001
25.875 71.375 1.8176
25.875 71.625 2.0243
25.875 71.875 0.98744
25.875 72.125 0.66411
25.875 72.375 0.51161
25.875 72.625 0.44891
25.875 72.875 0.11185
25.875 73.125 0.57706
25.875 73.375 0.73979
25.875 73.625 0.47193
25.875 73.875 0.24623
25.875 74.125 0.1672
25.875 74.375 0.28261
25.875 74.625 0.79288
25.875 74.875 0.81568
25.875 75.125 0.87505
25.875 75.375 1.474
25.875 75.625 2.572
25.875 75.875 2.179
25.875 76.125 2.1326
25.875 76.375 2.9735
25.875 76.625 2.4927
25.875 76.875 2.7612
25.875 77.125 2.5908
25.875 77.375 2.9554
25.875 77.625 1.8738
25.875 77.875 1.3032
25.875 78.125 0.86202
25.875 78.375 0.46952
25.875 78.625 0.5595
25.875 78.875 0.39674
25.875 79.125 1.6481
25.875 79.375 1.4344
25.875 79.625 0.65978
25.875 79.875 0.96681
25.875 80.125 1.0768
25.875 80.375 3.1648
25.875 80.625 1.519
25.875 80.875 0.38439
25.875 81.125 0.056328
25.875 81.375 -0.12187
25.875 81.625 1.2266
25.875 81.875 1.0276
25.875 82.125 -0.30997
25.875 82.375 -0.43585
25.875 82.625 0.099552
25.875 82.875 0.93124
25.875 83.125 -0.19618
25.875 83.375 -0.40966
25.875 83.625 -0.1308
25.875 83.875 -0.74998
25.875 84.125 -0.40561
25.875 84.375 -1.4658
25.875 84.625 -1.2122
25.875 84.875 0.10037
25.875 85.125 -0.15767
25.875 85.375 -0.4389
25.875 85.625 -0.20083
25.875 85.875 -0.083308
25.875 86.125 -0.3231
25.875 86.375 -0.42364
25.875 86.625 -1.0963
25.875 86.875 0.34428
25.875 87.125 0.47748
25.875 87.375 -0.30763
25.875 87.625 -0.47099
25.875 87.875 -0.79056
25.875 90.125 1.2543
25.875 90.375 1.0722
25.875 90.625 0.55771
25.875 90.875 0.89264
25.875 91.125 0.36505
25.875 91.375 1.0947
25.875 91.625 0.19783
25.875 91.875 -0.93782
25.875 92.125 -0.45584
25.875 92.375 0.57877
25.875 92.625 0.67224
25.875 92.875 -0.53434
25.875 93.125 -1.1722
25.875 93.375 -1.2662
25.875 93.625 -0.93761
25.875 93.875 -0.75095
25.875 94.125 -0.99003
25.875 94.375 -0.99969
25.875 94.625 -0.66697
25.875 94.875 -0.40374
26.125 70.375 1.807
26.125 70.625 1.7001
26.125 70.875 1.5311
26.125 71.125 0.80773
26.125 71.375 1.6354
26.125 71.625 1.7378
26.125 71.875 1.2972
26.125 72.125 1.1223
26.125 72.375 1.1386
26.125 72.625 1.0163
26.125 72.875 0.86575
26.125 73.125 0.71678
26.125 73.375 0.52917
26.125 73.625 0.59962
26.125 73.875 0.32619
26.125 74.125 -0.10433
26.125 74.375 0.4596
26.125 74.625 0.87553
26.125 74.875 0.71187
26.125 75.125 1.0706
26.125 75.375 1.467
26.125 75.625 1.6402
26.125 75.875 1.6536
26.125 76.125 2.3562
26.125 76.375 2.2022
26.125 76.625 1.9036
26.125 76.875 2.7969
26.125 77.125 2.7844
26.125 77.375 2.7249
26.125 77.625 2.2769
26.125 77.875 0.98834
26.125 78.125 1.2585
26.125 78.375 0.83499
26.125 78.625 1.1549
26.125 78.875 0.99658
26.125 79.125 1.575
26.125 79.375 2.0675
26.125 79.625 -0.31332
26.125 79.875 0.01455
26.125 80.125 1.1453
26.125 80.375 0.72325
26.125 80.625 0.65417
26.125 80.875 0.463
26.125 81.125 0.45809
26.125 81.375 -0.039777
26.125 81.625 0.49836
26.125 81.875 0.55066
26.125 82.125 0.051057
26.125 82.375 -0.098576
26.125 82.625 0.17279
26.125 82.875 0.54186
26.125 83.125 0.047918
26.125 83.375 0.9185
26.125 83.625 0.18328
26.125 83.875 -0.64134
26.125 84.125 -0.42483
26.125 84.375 -0.88446
26.125 84.625 -0.77635
26.125 84.875 -0.59237
26.125 85.125 -0.26194
26.125 85.375 -0.9405
26.125 85.625 -0.48371
26.125 85.875 0.29201
26.125 86.125 0.047412
26.125 86.375 -0.35334
26.125 86.625 0.4866
26.125 86.875 1.6101
26.125 87.125 0.73326
26.125 87.375 0.41498
26.125 87.625 -0.35183
26.125 87.875 0.26156
26.125 88.125 0.60897
26.125 89.375 0.57495
26.125 89.875 0.94857
26.125 90.125 0.99619
26.125 90.375 0.99395
26.125 90.625 1.0888
26.125 90.875 0.3058
26.125 91.125 0.83745
26.125 91.375 2.5226
26.125 91.625 -0.3484
26.125 91.875 -0.93784
26.125 92.125 -0.23427
26.125 92.375 1.3998
26.125 92.625 1.7272
26.125 92.875 -0.087763
26.125 93.125 -0.90276
26.125 93.375 -0.82169
26.125 93.625 -0.78475
26.125 93.875 -0.064719
26.125 94.125 -0.29075
26.125 94.375 -0.21699
26.125 94.625 -0.50282
26.125 94.875 -0.51806
26.375 70.375 1.2504
26.375 70.625 1.4867
26.375 70.875 1.9715
26.375 71.125 1.7499
26.375 71.375 1.4859
26.375 71.625 1.6698
26.375 71.875 1.2604
26.375 72.125 1.1224
26.375 72.375 1.1786
26.375 72.625 0.93608
26.375 72.875 1.0485
26.375 73.125 1.0501
26.375 73.375 0.91796
26.375 73.625 0.63028
26.375 73.875 0.50971
26.375 74.125 -0.070404
26.375 74.375 0.44776
26.375 74.625 -0.59432
26.375 74.875 0.043605
26.375 75.125 1.6547
26.375 75.375 1.5685
26.375 75.625 1.0407
26.375 75.875 1.7133
26.375 76.125 1.9383
26.375 76.375 1.9678
26.375 76.625 1.6578
26.375 76.875 1.9768
26.375 77.125 1.5667
26.375 77.375 1.8976
26.375 77.625 2.1303
26.375 77.875 0.8114
26.375 78.125 1.2786
26.375 78.375 1.2818
26.375 78.625 1.271
26.375 78.875 1.5133
26.375 79.125 2.241
26.375 79.375 -0.10772
26.375 79.625 -0.67253
26.375 79.875 1.0727
26.375 80.125 1.4511
26.375 80.375 -0.021939
26.375 80.625 -0.28395
26.375 80.875 2.1577
26.375 81.125 3.0497
26.375 81.375 -0.27904
26.375 81.625 -0.50427
26.375 81.875 0.46397
26.375 82.125 0.2582
26.375 82.375 0.36023
26.375 82.625 -0.055687
26.375 82.875 0.26694
26.375 83.125 0.81556
26.375 83.375 2.3145
26.375 83.625 -0.033413
26.375 83.875 -0.60479
26.375 84.125 -0.76596
26.375 84.375 -0.57212
26.375 84.625 -0.048017
26.375 84.875 -1.1864
26.375 85.125 -0.9404
26.375 85.375 -1.1136
26.375 85.625 0.87192
26.375 85.875 0.32419
26.375 86.125 -0.77249
26.375 86.375 0.20992
26.375 86.625 0.41864
26.375 86.875 1.1693
26.375 87.125 0.50068
26.375 87.625 -0.28614
26.375 87.875 0.5095
26.375 88.125 0.15344
26.375 88.375 0.13768
26.375 88.875 0.23443
26.375 89.375 0.74342
26.375 89.625 1.0235
26.375 89.875 0.82376
26.375 90.125 0.83534
26.375 90.375 1.0705
26.375 90.625 1.2261
26.375 90.875 0.47909
26.375 91.125 0.79969
26.375 91.375 0.65805
26.375 91.625 0.24379
26.375 91.875 0.46731
26.375 92.125 0.20827
26.375 92.375 0.16716
26.375 92.625 1.157
26.375 92.875 0.6529
26.375 93.125 0.1255
26.375 93.375 -0.14996
26.375 93.625 0.22141
26.375 93.875 0.30004
26.375 94.125 0.012369
26.375 94.375 0.014687
26.375 94.625 -0.096508
26.375 94.875 0.23239
26.625 69.875 1.1496
26.625 70.125 1.0675
26.625 70.375 0.96543
26.625 70.625 1.0108
26.625 70.875 1.4642
26.625 71.125 1.7076
26.625 71.375 1.3993
26.625 71.625 1.1785
26.625 71.875 1.1072
26.625 72.125 1.248
26.625 72.375 1.2092
26.625 72.625 0.86953
26.625 72.875 0.63331
26.625 73.125 0.60229
26.625 73.375 0.63311
26.625 73.625 0.46283
26.625 73.875 0.34265
26.625 74.125 -0.24322
26.625 74.375 1.5655
26.625 74.625 0.98153
26.625 74.875 1.3644
26.625 75.125 2.3226
26.625 75.375 1.3761
26.625 75.625 1.1896
26.625 75.875 1.8934
26.625 76.125 3.087
26.625 76.375 2.8831
26.625 76.625 2.2248
26.625 76.875 2.239
26.625 77.125 2.2004
26.625 77.375 1.7479
26.625 77.625 2.2922
26.625 77.875 0.48841
26.625 78.125 0.18816
26.625 78.375 0.41545
26.625 78.625 0.96168
26.625 78.875 0.30914
26.625 79.125 0.085066
26.625 79.375 -0.27644
26.625 79.625 -0.35556
26.625 79.875 -0.43468
26.625 80.125 -0.31661
26.625 80.375 0.58496
26.625 80.625 0.037467
26.625 80.875 1.7689
26.625 81.125 3.1812
26.625 81.375 0.94137
26.625 81.625 0.75348
26.625 81.875 2.9177
26.625 82.125 1.6516
26.625 82.375 0.35799
26.625 82.625 -0.52793
26.625 82.875 -0.19745
26.625 83.125 0.16719
26.625 83.375 -0.57363
26.625 83.625 -0.66816
26.625 83.875 -1.108
26.625 84.125 -0.71392
26.625 84.375 -0.36439
26.625 84.625 -0.71923
26.625 84.875 -1.7013
26.625 85.125 -1.6178
26.625 85.375 -1.3724
26.625 85.625 0.32013
26.625 86.125 -0.63745
26.625 88.375 1.1357
26.625 88.625 0.65078
26.625 88.875 0.15295
26.625 89.125 -0.017085
26.625 89.375 0.463
26.625 89.625 0.75895
26.625 89.875 0.25108
26.625 90.125 0.53811
26.625 90.375 0.7579
26.625 90.625 0.94394
26.625 90.875 0.72677
26.625 91.125 0.6551
26.625 91.375 0.24876
26.625 91.625 -0.07898
26.625 91.875 1.296
26.625 92.125 0.13666
26.625 92.375 0.50044
26.625 92.625 1.9519
26.625 92.875 2.2057
26.625 93.125 1.1897
26.625 93.375 0.81369
26.625 93.625 0.41019
26.625 93.875 0.24629
26.625 94.125 0.14798
26.625 94.375 0.20278
26.625 94.625 0.60218
26.625 94.875 1.1729
26.625 95.125 1.1555
26.875 69.625 1.3171
26.875 69.875 1.2679
26.875 70.125 1.2296
26.875 70.375 1.112
26.875 70.625 1.0954
26.875 70.875 1.1001
26.875 71.125 1.3135
26.875 71.375 1.3441
26.875 71.625 1.1588
26.875 71.875 0.91298
26.875 72.125 0.792
26.875 72.375 0.83623
26.875 72.625 0.84531
26.875 72.875 0.42631
26.875 73.125 -0.20163
26.875 73.375 -0.17605
26.875 73.625 -0.11663
26.875 73.875 -0.25079
26.875 74.125 -0.17784
26.875 74.375 1.8338
26.875 74.625 1.5562
26.875 74.875 1.0621
26.875 75.125 1.6625
26.875 75.375 1.3979
26.875 75.625 0.11321
26.875 75.875 1.8246
26.875 76.125 3.1221
26.875 76.375 2.1658
26.875 76.625 1.8789
26.875 76.875 2.5002
26.875 77.125 2.8562
26.875 77.375 1.7249
26.875 77.625 1.6349
26.875 77.875 1.0714
26.875 78.125 0.68154
26.875 78.375 0.52779
26.875 78.625 0.51612
26.875 78.875 0.3489
26.875 79.125 -0.040681
26.875 79.375 -0.15056
26.875 79.625 0.1274
26.875 79.875 -0.43708
26.875 80.125 0.31107
26.875 80.375 0.94663
26.875 80.625 0.098609
26.875 80.875 0.99013
26.875 81.125 2.4918
26.875 81.375 2.0449
26.875 81.625 0.44688
26.875 81.875 0.67313
26.875 82.125 3.1181
26.875 82.375 0.73509
26.875 82.625 0.24866
26.875 82.875 -0.4672
26.875 83.125 0.41779
26.875 83.375 -0.3435
26.875 83.625 -0.67768
26.875 83.875 -1.179
26.875 84.125 -0.67673
26.875 84.375 -0.4148
26.875 84.625 -0.78996
26.875 84.875 -1.5239
26.875 88.375 1.532
26.875 88.625 0.51161
26.875 88.875 0.14458
26.875 92.375 1.6376
26.875 92.625 1.907
26.875 92.875 2.5399
26.875 93.125 2.2545
26.875 93.375 1.013
26.875 93.625 0.783
26.875 93.875 0.19086
26.875 94.125 0.048433
26.875 94.375 0.56315
26.875 94.625 0.85638
26.875 94.875 1.0255
26.875 95.125 1.0088
26.875 95.375 0.9629
26.875 95.625 0.52072
27.125 69.875 1.4872
27.125 70.125 1.4984
27.125 70.375 1.638
27.125 70.625 1.3017
27.125 70.875 1.0335
27.125 71.125 1.1252
27.125 71.375 1.0739
27.125 71.625 0.9784
27.125 71.875 0.61135
27.125 72.125 0.66496
27.125 72.375 0.62948
27.125 72.625 0.64288
27.125 72.875 0.15818
27.125 73.125 -0.030211
27.125 73.375 -0.18179
27.125 73.625 -0.25046
27.125 73.875 -0.34407
27.125 74.125 -0.24422
27.125 74.375 1.0231
27.125 74.625 1.5182
27.125 74.875 -0.071779
27.125 75.125 0.61278
27.125 75.375 1.7958
27.125 75.625 2.3958
27.125 75.875 2.0964
27.125 76.125 1.4609
27.125 76.375 1.5367
27.125 76.625 0.49663
27.125 76.875 1.5561
27.125 77.125 2.5839
27.125 77.375 1.9032
27.125 77.625 2.0258
27.125 77.875 2.335
27.125 78.125 2.1584
27.125 78.375 1.9048
27.125 78.625 0.50018
27.125 78.875 0.24165
27.125 79.125 -0.26004
27.125 79.375 -0.62327
27.125 79.625 -0.35501
27.125 79.875 0.16835
27.125 80.125 0.52227
27.125 80.375 0.68424
27.125 80.625 -0.17353
27.125 80.875 -0.12903
27.125 81.125 2.9409
27.125 81.375 3.1069
27.125 81.625 2.0801
27.125 81.875 2.0593
27.125 82.125 2.0268
27.125 82.375 0.036127
27.125 82.625 0.80948
27.125 82.875 0.051716
27.125 83.125 0.66208
27.125 83.375 0.67816
27.125 83.625 1.4047
27.125 83.875 0.90752
27.125 84.125 0.19388
27.125 84.375 -0.16764
27.125 84.625 -0.72187
27.125 88.125 1.3696
27.125 88.375 1.6229
27.125 88.625 1.1676
27.125 92.125 0.49204
27.125 92.375 0.88236
27.125 92.625 1.1511
27.125 92.875 2.0705
27.125 93.125 2.1059
27.125 93.375 1.5145
27.125 93.625 1.6363
27.125 93.875 1.7846
27.125 94.125 0.69511
27.125 94.375 0.76019
27.125 94.625 0.80882
27.125 94.875 0.83113
27.125 95.125 0.92902
27.125 95.375 0.82012
27.125 95.625 0.52803
27.125 95.875 0.42895
27.375 70.125 1.5856
27.375 70.375 1.5606
27.375 70.625 1.2939
27.375 70.875 1.2109
27.375 71.125 1.1316
27.375 71.375 0.98269
27.375 71.625 0.82019
27.375 71.875 0.56946
27.375 72.125 0.3616
27.375 72.375 0.42953
27.375 72.625 0.53417
27.375 72.875 0.39602
27.375 73.125 0.19056
27.375 73.375 0.060479
27.375 73.625 -0.14597
27.375 73.875 -0.19916
27.375 74.125 -0.079404
27.375 74.375 0.32937
27.375 74.625 0.2979
27.375 74.875 0.34234
27.375 75.125 0.70843
27.375 75.375 0.91018
27.375 75.625 2.2931
27.375 75.875 2.0777
27.375 76.125 1.1427
27.375 76.375 1.016
27.375 76.625 1.7631
27.375 76.875 3.0187
27.375 77.125 2.2198
27.375 77.375 1.4581
27.375 77.625 2.4529
27.375 77.875 2.8726
27.375 78.125 3.0606
27.375 78.375 3.301
27.375 78.625 1.1989
27.375 78.875 0.58547
27.375 79.125 -0.59421
27.375 79.375 -0.90674
27.375 79.625 -0.43551
27.375 79.875 0.28052
27.375 80.125 -0.0022856
27.375 80.375 -0.15048
27.375 80.625 -0.24992
27.375 80.875 -0.3104
27.375 81.125 1.9831
27.375 81.375 2.4733
27.375 81.625 3.1199
27.375 81.875 1.6853
27.375 82.125 1.4188
27.375 82.375 0.97182
27.375 82.625 0.22156
27.375 82.875 0.45915
27.375 83.125 0.79108
27.375 83.625 1.7287
27.375 84.125 0.98351
27.375 84.375 -0.10832
27.375 88.125 3.1873
27.375 88.375 1.7942
27.375 88.625 1.4034
27.375 92.125 0.16922
27.375 92.375 0.5755
27.375 92.625 1.1694
27.375 92.875 1.3142
27.375 93.125 1.9338
27.375 93.375 1.0951
27.375 93.625 1.4814
27.375 93.875 2.1145
27.375 94.125 0.1021
27.375 94.375 0.35731
27.375 94.625 0.69817
27.375 94.875 0.39607
27.375 95.125 0.50707
27.375 95.375 0.51954
27.375 95.625 0.43435
27.375 95.875 0.2841
27.375 96.125 0.22874
27.375 96.375 0.67318
27.375 96.625 1.1739
27.375 96.875 1.1213
27.625 70.125 1.6334
27.625 70.375 1.513
27.625 70.625 1.4349
27.625 70.875 1.3299
27.625 71.125 1.1919
27.625 71.375 0.7489
27.625 71.625 0.71534
27.625 71.875 0.65821
27.625 72.125 0.46175
27.625 72.375 0.52256
27.625 72.625 0.41035
27.625 72.875 0.58127
27.625 73.125 0.38917
27.625 73.375 0.337
27.625 73.625 0.77694
27.625 73.875 0.5183
27.625 74.125 0.088109
27.625 74.375 0.49183
27.625 74.625 0.39636
27.625 74.875 0.27289
27.625 75.125 -0.30659
27.625 75.375 0.33718
27.625 75.625 0.26332
27.625 75.875 -0.0081419
27.625 76.125 1.0658
27.625 76.375 2.7632
27.625 76.625 1.6746
27.625 76.875 2.637
27.625 77.125 1.4528
27.625 77.375 0.92054
27.625 77.625 0.99883
27.625 77.875 2.2319
27.625 78.125 2.1819
27.625 78.375 1.9851
27.625 78.625 0.77991
27.625 78.875 -0.0024546
27.625 79.125 -0.33855
27.625 79.375 -0.79786
27.625 79.625 -0.70023
27.625 79.875 -0.035349
27.625 80.125 -0.0077677
27.625 80.375 0.75797
27.625 80.625 0.63638
27.625 80.875 2.1115
27.625 81.125 1.3065
27.625 81.375 2.428
27.625 81.625 3.7309
27.625 81.875 3.1821
27.625 82.125 2.3893
27.625 82.375 1.2117
27.625 82.625 0.14988
27.625 88.375 1.9951
27.625 88.625 1.9444
27.625 91.625 -0.52897
27.625 91.875 -0.49637
27.625 92.125 0.30064
27.625 92.375 0.6865
27.625 92.625 1.2464
27.625 92.875 0.6177
27.625 93.125 0.43791
27.625 93.375 -0.24675
27.625 93.625 -0.36564
27.625 93.875 0.64356
27.625 94.125 0.59533
27.625 94.375 0.38319
27.625 94.625 0.38463
27.625 94.875 0.61866
27.625 95.125 0.10304
27.625 95.375 0.54035
27.625 95.625 0.51287
27.625 95.875 0.22128
27.625 96.125 0.26125
27.625 96.375 0.78015
27.625 96.625 1.0295
27.625 96.875 1.0799
27.875 70.375 1.6208
27.875 71.875 0.73227
27.875 72.125 0.66014
27.875 72.375 0.69995
27.875 72.625 0.60687
27.875 72.875 0.7285
27.875 73.125 0.66769
27.875 73.375 0.79259
27.875 73.625 1.3745
27.875 73.875 1.3373
27.875 74.125 0.75079
27.875 74.375 0.90251
27.875 74.625 0.53622
27.875 74.875 0.20199
27.875 75.125 -0.13537
27.875 75.375 0.39057
27.875 75.625 0.46267
27.875 75.875 1.2985
27.875 76.125 2.0287
27.875 76.375 3.4312
27.875 76.625 1.4867
27.875 76.875 1.9953
27.875 77.125 2.4634
27.875 77.375 0.69334
27.875 77.625 1.4774
27.875 77.875 1.6141
27.875 78.125 1.3921
27.875 78.375 2.6263
27.875 78.625 1.3055
27.875 78.875 0.99469
27.875 79.125 0.68166
27.875 79.375 -0.38989
27.875 79.625 -0.54491
27.875 79.875 0.031314
27.875 80.125 0.66156
27.875 80.375 1.848
27.875 80.625 3.5748
27.875 80.875 3.6998
27.875 81.125 1.4969
27.875 81.375 2.0404
27.875 81.625 2.7181
27.875 88.375 NaN
27.875 88.625 NaN
27.875 92.875 0.08528
27.875 93.125 -0.096097
27.875 93.375 -0.39852
27.875 93.625 -0.56564
27.875 93.875 0.09316
27.875 94.125 0.73291
27.875 94.375 0.67807
27.875 94.625 1.0922
27.875 94.875 1.8737
27.875 95.125 1.7091
27.875 95.375 1.7308
27.875 95.625 0.96274
27.875 95.875 0.28207
27.875 96.125 0.13911
27.875 96.375 0.70791
27.875 96.625 0.97006
27.875 96.875 1.0058
27.875 97.125 1.0529
28.125 72.125 1.1712
28.125 72.375 1.3557
28.125 72.625 0.76119
28.125 72.875 0.65776
28.125 73.125 0.59302
28.125 73.375 0.62751
28.125 73.625 1.1716
28.125 73.875 1.0643
28.125 74.125 0.56646
28.125 74.375 0.6556
28.125 74.625 0.37864
28.125 74.875 0.42518
28.125 75.125 0.20372
28.125 75.375 0.50652
28.125 75.625 1.7142
28.125 75.875 2.2076
28.125 76.125 2.4557
28.125 76.375 1.8273
28.125 76.625 2.956
28.125 76.875 3.2296
28.125 77.125 2.3662
28.125 77.375 0.70133
28.125 77.625 0.45539
28.125 77.875 0.8234
28.125 78.125 1.3377
28.125 78.375 1.6447
28.125 78.625 -0.33546
28.125 78.875 0.3085
28.125 79.125 0.58678
28.125 79.375 -0.3531
28.125 79.625 -0.50989
28.125 79.875 0.16205
28.125 80.125 1.544
28.125 80.375 2.0608
28.125 80.625 2.0938
28.125 80.875 2.7251
28.125 81.125 2.5564
28.125 81.375 2.695
28.125 92.875 -0.11938
28.125 93.125 -0.16515
28.125 93.375 0.031796
28.125 93.625 0.25088
28.125 93.875 0.20901
28.125 94.125 0.65724
28.125 94.375 0.51763
28.125 94.625 -0.22395
28.125 94.875 1.4809
28.125 95.125 1.702
28.125 95.375 1.7475
28.125 95.625 1.1218
28.125 95.875 0.53065
28.125 96.125 0.15041
28.125 96.375 0.73771
28.125 96.625 0.89971
28.125 96.875 0.98082
28.125 97.125 0.92449
28.375 72.375 1.7971
28.375 72.625 1.066
28.375 72.875 0.35788
28.375 73.125 0.53173
28.375 73.375 0.56397
28.375 73.625 0.50975
28.375 73.875 0.50777
28.375 74.125 0.31605
28.375 74.375 0.16791
28.375 74.625 0.14745
28.375 74.875 0.3817
28.375 75.125 0.92883
28.375 75.375 0.73815
28.375 75.625 1.6874
28.375 75.875 0.82771
28.375 76.125 1.2931
28.375 76.375 2.0274
28.375 76.625 1.3237
28.375 76.875 1.1469
28.375 77.125 0.90757
28.375 77.375 0.4131
28.375 77.625 0.29553
28.375 77.875 0.47068
28.375 78.125 1.1763
28.375 78.375 1.1577
28.375 78.625 -0.20902
28.375 78.875 -0.047306
28.375 79.125 0.91263
28.375 79.375 1.6058
28.375 79.625 0.57778
28.375 79.875 0.69981
28.375 80.125 1.5324
28.375 80.375 1.8684
28.375 80.625 2.0425
28.375 80.875 2.7203
28.375 81.125 2.7296
28.375 93.375 0.065558
28.375 93.625 0.41193
28.375 93.875 0.92389
28.375 94.125 1.6551
28.375 94.375 0.92533
28.375 94.625 0.85004
28.375 94.875 0.991
28.375 95.125 1.1562
28.375 95.375 1.0393
28.375 95.625 0.85133
28.375 95.875 0.59656
28.375 96.125 0.11421
28.375 96.625 0.78656
28.625 72.375 2.4611
28.625 72.625 1.8487
28.625 72.875 0.83439
28.625 73.125 0.48906
28.625 73.375 0.75927
28.625 73.625 0.61855
28.625 73.875 0.32854
28.625 74.125 -0.021035
28.625 74.375 -0.1492
28.625 74.625 -0.056214
28.625 74.875 0.11126
28.625 75.125 0.83224
28.625 75.375 0.016929
28.625 75.625 -0.6671
28.625 75.875 -0.11591
28.625 76.125 0.39459
28.625 76.375 1.1922
28.625 76.625 0.89212
28.625 76.875 1.3323
28.625 77.125 0.2259
28.625 77.375 0.20117
28.625 77.625 0.87433
28.625 77.875 0.69471
28.625 78.125 0.30753
28.625 78.375 0.80746
28.625 78.625 0.29653
28.625 78.875 0.032221
28.625 79.125 2.4473
28.625 79.375 2.3106
28.625 79.625 2.1156
28.625 79.875 1.947
28.625 80.125 1.5072
28.625 80.375 1.8446
28.625 80.625 2.0368
28.625 93.625 0.8814
28.625 93.875 NaN
28.625 94.125 1.9093
28.625 94.375 1.7935
28.625 94.625 1.276
28.625 94.875 0.66621
28.625 95.125 0.61845
28.625 95.375 0.89689
28.625 95.625 0.88528
28.625 95.875 0.50391
28.625 96.125 0.16268
28.625 96.375 0.15463
28.875 72.875 0.57136
28.875 73.125 0.99437
28.875 73.375 1.7681
28.875 73.625 1.2722
28.875 73.875 0.72358
28.875 74.125 0.18236
28.875 74.375 -0.23202
28.875 74.625 -0.28705
28.875 74.875 -0.12693
28.875 75.125 0.53904
28.875 75.375 -0.047435
28.875 75.625 -0.29259
28.875 75.875 -0.42161
28.875 76.125 -0.25466
28.875 76.375 1.0338
28.875 76.625 0.61388
28.875 76.875 -0.11523
28.875 77.125 -0.07519
28.875 77.375 0.80338
28.875 77.625 1.0069
28.875 77.875 0.69417
28.875 78.125 0.16634
28.875 78.375 0.54346
28.875 78.625 0.24953
28.875 78.875 0.11903
28.875 79.125 1.4764
28.875 79.375 1.9834
28.875 79.625 1.5003
28.875 79.875 1.2109
28.875 94.125 2.13
28.875 94.375 2.0508
28.875 94.625 1.4654
28.875 94.875 0.92364
28.875 95.125 0.55337
28.875 95.375 0.69109
28.875 95.625 0.77438
28.875 95.875 0.63489
28.875 96.125 0.74622
28.875 96.375 0.15377
29.125 73.125 0.4844
29.125 73.375 1.9714
29.125 73.625 0.93091
29.125 73.875 0.6955
29.125 74.125 0.93579
29.125 74.375 -0.079953
29.125 74.625 -0.26231
29.125 74.875 0.12315
29.125 75.125 1.7295
29.125 75.375 1.1172
29.125 75.625 0.33197
29.125 75.875 0.43157
29.125 76.125 0.18521
29.125 76.375 0.39272
29.125 76.625 0.67647
29.125 76.875 -0.021325
29.125 77.125 0.27726
29.125 77.375 0.10694
29.125 77.625 1.1622
29.125 77.875 1.8868
29.125 78.125 1.292
29.125 78.375 1.0183
29.125 78.625 1.6379
29.125 78.875 0.14292
29.125 79.125 1.7832
29.125 79.375 1.6834
29.125 79.625 0.34926
29.125 79.875 0.28549
29.125 80.125 0.32712
29.125 94.375 1.9765
29.125 94.625 1.5897
29.125 94.875 0.99501
29.125 95.625 0.7063
29.125 95.875 1.5812
29.125 96.125 0.64236
29.375 73.375 0.99049
29.375 73.625 0.75327
29.375 73.875 0.50977
29.375 74.125 0.55558
29.375 74.375 0.44801
29.375 74.625 -0.2083
29.375 74.875 0.98312
29.375 75.125 1.7333
29.375 75.375 1.857
29.375 75.625 0.95575
29.375 75.875 0.44751
29.375 76.125 1.7563
29.375 76.375 1.6654
29.375 76.625 1.2095
29.375 76.875 0.15971
29.375 77.125 0.072466
29.375 77.375 0.20629
29.375 77.625 0.7565
29.375 77.875 1.5586
29.375 78.125 0.88508
29.375 78.375 0.88514
29.375 78.625 0.17073
29.375 78.875 0.13876
29.375 79.125 0.75629
29.375 79.375 0.7906
29.375 79.625 0.52061
29.375 79.875 0.90177
29.375 80.125 1.2244
29.375 96.125 0.015995
29.625 73.375 1.0372
29.625 73.625 1.8463
29.625 73.875 0.83805
29.625 74.125 0.77786
29.625 74.375 0.32151
29.625 74.625 -0.33304
29.625 74.875 0.25412
29.625 75.125 0.77378
29.625 75.375 1.2872
29.625 75.625 1.0773
29.625 75.875 0.68512
29.625 76.125 0.3221
29.625 76.375 0.98316
29.625 76.625 1.8536
29.625 76.875 1.4118
29.625 77.125 -0.027071
29.625 77.375 -0.39385
29.625 77.625 -0.7312
29.625 77.875 -0.030697
29.625 78.125 1.0125
29.625 78.375 -0.56609
29.625 78.625 -0.093286
29.625 78.875 0.15613
29.625 79.125 0.051412
29.625 79.375 0.52803
29.625 79.625 0.54364
29.625 79.875 0.83057
29.625 80.125 1.7742
29.875 73.625 2.0249
29.875 73.875 0.50777
29.875 74.125 0.27097
29.875 74.375 -0.30797
29.875 74.625 -0.19664
29.875 74.875 -0.13835
29.875 75.125 0.10626
29.875 75.375 0.50596
29.875 75.625 0.41624
29.875 75.875 0.7624
29.875 76.125 0.67112
29.875 76.375 0.72582
29.875 76.625 0.62406
29.875 76.875 1.0373
29.875 77.125 -0.44604
29.875 77.375 -0.73606
29.875 77.625 -0.40867
29.875 77.875 0.28321
29.875 78.125 0.49372
29.875 78.375 -0.42846
29.875 78.625 0.01036
29.875 78.875 1.0702
29.875 79.125 0.97858
29.875 79.375 1.7842
29.875 79.625 1.7097
29.875 79.875 0.84488
29.875 80.125 1.7051
29.875 80.375 1.7309
30.125 74.125 -0.052887
30.125 74.375 -0.071045
30.125 74.625 0.44747
30.125 74.875 0.42803
30.125 75.125 0.25113
30.125 75.375 0.13596
30.125 75.625 0.39206
30.125 75.875 0.50906
30.125 76.125 1.0876
30.125 76.375 0.5843
30.125 76.625 0.077194
30.125 76.875 -0.48016
30.125 77.125 0.85504
30.125 77.375 0.24179
30.125 77.625 0.58732
30.125 77.875 0.40756
30.125 78.125 0.7799
30.125 78.375 0.051495
30.125 78.625 0.52344
30.125 78.875 2.1513
30.125 79.125 2.2788
30.125 79.375 2.6566
30.125 79.625 1.3444
30.125 79.875 0.98188
30.125 80.125 1.1978
30.125 80.375 1.5941
30.125 80.625 1.5779
30.375 74.125 -0.1683
30.375 74.375 0.29015
30.375 74.625 0.67236
30.375 74.875 0.68687
30.375 75.125 0.45426
30.375 75.375 0.12384
30.375 75.625 -0.02796
30.375 75.875 0.22051
30.375 76.125 0.55704
30.375 76.375 0.58453
30.375 76.625 -0.27124
30.375 76.875 -0.10263
30.375 77.125 0.26289
30.375 77.375 0.013529
30.375 77.625 0.32794
30.375 77.875 0.7765
30.375 78.125 0.21056
30.375 78.375 0.16307
30.375 78.625 1.2845
30.375 78.875 1.6046
30.375 79.125 1.8328
30.375 79.375 1.408
30.375 79.625 1.4488
30.375 79.875 1.2988
30.375 80.125 1.4084
30.375 80.375 1.5462
30.375 80.625 1.56
30.625 74.375 0.25921
30.625 74.625 0.14098
30.625 74.875 0.45245
30.625 75.125 0.67664
30.625 75.375 0.52453
30.625 75.625 0.40509
30.625 75.875 0.33107
30.625 76.125 0.2332
30.625 76.375 0.082589
30.625 76.625 0.38689
30.625 76.875 1.0664
30.625 77.125 0.61327
30.625 77.375 0.39817
30.625 77.625 0.068501
30.625 77.875 0.56939
30.625 78.125 1.29
30.625 78.375 0.25375
30.625 78.625 0.64954
30.625 78.875 1.6324
30.625 79.125 1.5753
30.625 79.375 1.4129
30.625 79.625 1.711
30.625 79.875 1.6655
30.625 80.125 1.2127
30.875 74.625 -0.17654
30.875 74.875 0.76332
30.875 75.125 0.85498
30.875 75.375 0.18982
30.875 75.625 0.40201
30.875 75.875 0.054821
30.875 76.125 -0.37586
30.875 76.375 0.39154
30.875 76.625 0.59205
30.875 76.875 0.70411
30.875 77.125 1.0745
30.875 77.375 1.5692
30.875 77.625 0.59015
30.875 77.875 0.62019
30.875 78.125 0.83057
30.875 78.375 0.72046
30.875 78.625 0.67841
30.875 78.875 1.7079
30.875 79.125 1.8342
30.875 79.375 NaN
30.875 79.625 NaN
30.875 79.875 NaN
31.125 74.875 1.3358
31.125 75.125 1.7644
31.125 75.375 -0.070913
31.125 75.625 -0.42926
31.125 75.875 -0.52698
31.125 76.125 0.53175
31.125 76.375 0.48905
31.125 76.625 0.0074716
31.125 76.875 1.1017
31.125 77.125 1.5588
31.125 77.375 1.3947
31.125 77.625 1.0845
31.125 77.875 -0.19719
31.125 78.125 -0.19314
31.125 78.375 0.51487
31.125 78.625 0.34146
31.125 78.875 NaN
31.125 79.125 NaN
31.375 74.875 0.20293
31.375 75.125 1.3578
31.375 75.375 -0.14286
31.375 75.625 -0.88474
31.375 75.875 -0.31916
31.375 76.125 0.15264
31.375 76.375 0.61528
31.375 76.625 0.027767
31.375 76.875 0.32178
31.375 77.125 1.1824
31.375 77.375 1.4134
31.375 77.625 -0.016586
31.375 77.875 -0.1615
31.375 78.125 -0.30581
31.375 78.375 -0.49074
31.375 78.625 -0.14416
31.625 74.875 -0.44241
31.625 75.125 -0.47624
31.625 75.375 -0.39013
31.625 75.625 -0.59941
31.625 75.875 -1.4652
31.625 76.125 -0.74836
31.625 76.375 0.26987
31.625 76.625 0.55606
31.625 76.875 0.62763
31.625 77.125 1.1766
31.625 77.375 1.0845
31.625 77.625 0.39451
31.625 77.875 -0.31369
31.625 78.125 -0.61751
31.625 78.375 -0.6432
31.625 78.625 -0.32924
31.875 74.875 -0.34011
31.875 75.125 -0.37782
31.875 75.375 -0.52022
31.875 75.625 -0.18383
31.875 75.875 -0.38284
31.875 76.125 0.022322
31.875 76.375 0.06994
31.875 76.625 0.36153
31.875 76.875 1.054
31.875 77.125 0.89718
31.875 77.375 0.47027
31.875 77.625 0.64146
31.875 77.875 -0.34828
31.875 78.125 -0.48843
31.875 78.375 -0.31032
31.875 78.625 -0.062731
32.125 75.375 -0.033234
32.125 75.625 0.17716
32.125 75.875 -0.20644
32.125 76.125 0.86063
32.125 76.375 0.007697
32.125 76.625 0.61956
32.125 76.875 0.73941
32.125 77.125 0.45159
32.125 77.375 0.69459
32.125 77.625 0.38001
32.125 77.875 -0.52714
32.125 78.125 -0.62267
32.125 78.375 -0.16576
32.375 75.375 0.52532
32.375 75.625 0.82724
32.375 75.875 -0.31891
32.375 76.125 -0.83277
32.375 76.375 -0.59509
32.375 76.625 -0.16741
32.375 76.875 0.12467
32.375 77.125 0.35103
32.375 77.375 0.46604
32.375 77.625 0.46449
32.375 77.875 -0.51324
32.375 78.125 -0.43717
32.375 78.375 0.070271
32.625 74.875 0.77227
32.625 75.125 0.18953
32.625 75.375 0.25357
32.625 75.625 0.36133
32.625 75.875 -0.15762
32.625 76.125 -0.31681
32.625 76.375 -0.13857
32.625 76.625 0.29886
32.625 76.875 0.41119
32.625 77.125 0.58809
32.625 77.375 0.63463
32.625 77.625 0.56616
32.625 77.875 0.25139
32.625 78.125 -0.39877
32.625 78.375 -0.098196
32.625 78.625 -0.14065
32.625 78.875 0.26709
32.625 79.125 0.11735
32.625 79.375 -0.16416
32.875 74.375 1.3951
32.875 74.625 1.4109
32.875 74.875 1.0346
32.875 75.125 0.49579
32.875 75.375 0.24099
32.875 75.625 0.021509
32.875 75.875 0.20509
32.875 76.125 0.84601
32.875 76.375 1.6157
32.875 76.625 1.5083
32.875 76.875 1.0645
32.875 77.125 0.62015
32.875 77.375 0.68664
32.875 77.625 0.85167
32.875 77.875 0.5011
32.875 78.125 -0.165
32.875 78.375 0.11294
32.875 78.625 -0.454
32.875 78.875 -0.039897
32.875 79.125 -0.28086
32.875 79.375 -0.45729
33.125 73.875 0.42817
33.125 74.125 0.24857
33.125 74.375 1.116
33.125 74.625 1.5302
33.125 74.875 1.0702
33.125 75.125 0.55673
33.125 75.375 -0.079503
33.125 75.625 -0.21684
33.125 75.875 0.32941
33.125 76.125 1.2527
33.125 76.375 2.0795
33.125 76.625 1.8478
33.125 76.875 1.5306
33.125 77.125 1.221
33.125 77.375 0.39382
33.125 77.625 0.41976
33.125 77.875 0.49419
33.125 78.125 0.62828
33.125 78.375 -0.39886
33.125 78.625 -0.27733
33.125 78.875 -0.51231
33.125 79.125 -0.3481
33.375 73.875 0.69899
33.375 74.125 0.77008
33.375 74.375 1.2942
33.375 74.625 0.61068
33.375 74.875 0.091513
33.375 75.125 -0.2918
33.375 75.375 -0.24863
33.375 75.625 -0.19391
33.375 75.875 0.7084
33.375 76.125 1.9076
33.375 76.375 2.4082
33.375 76.625 2.1845
33.375 76.875 1.7186
33.375 77.125 0.60186
33.375 77.375 -0.088458
33.375 77.625 0.16506
33.375 77.875 0.031082
33.375 78.125 -0.043264
33.375 78.375 0.45382
33.375 78.625 0.19741
33.375 78.875 0.15697
33.625 73.875 0.42678
33.625 74.125 0.64802
33.625 74.375 0.43515
33.625 74.625 0.25635
33.625 74.875 0.07542
33.625 75.125 -0.10899
33.625 75.375 -0.31808
33.625 75.625 -0.18447
33.625 75.875 0.15274
33.625 76.125 1.2009
33.625 76.375 2.2496
33.625 76.625 1.5979
33.625 76.875 0.54216
33.625 77.125 -0.15244
33.625 77.375 -0.0012771
33.625 77.625 0.088507
33.625 77.875 -0.0016279
33.625 78.125 0.053533
33.625 78.375 0.39614
33.625 78.625 0.50342
33.625 78.875 0.22133
33.875 73.875 -0.031528
33.875 74.125 0.25644
33.875 74.375 0.5305
33.875 74.625 0.57566
33.875 74.875 -0.1549
33.875 75.125 0.040776
33.875 75.375 0.050837
33.875 75.625 -0.25823
33.875 75.875 -0.45594
33.875 76.125 -0.72383
33.875 76.375 -0.44189
33.875 76.625 -0.099275
33.875 76.875 -0.0087156
33.875 77.125 -0.27102
33.875 77.375 -0.27734
33.875 77.625 -0.13435
33.875 77.875 0.032098
33.875 78.125 -0.12803
33.875 78.375 0.013961
33.875 78.625 0.12326
33.875 78.875 0.89346
34.125 73.625 -0.54566
34.125 73.875 -0.45439
34.125 74.125 -0.028302
34.125 74.375 -0.28372
34.125 74.625 0.21216
34.125 74.875 -0.60629
34.125 75.125 -0.15168
34.125 75.375 -0.15901
34.125 75.625 -0.77307
34.125 75.875 -1.1762
34.125 76.125 -1.1647
34.125 76.375 -0.66387
34.125 76.625 -0.39304
34.125 76.875 -0.18483
34.125 77.125 -0.26433
34.125 77.375 -0.28698
34.125 77.625 -0.19693
34.125 77.875 -0.14761
34.125 78.125 -0.19045
34.125 78.375 -0.15752
34.125 78.625 0.16015
34.125 78.875 0.034205
34.125 79.125 -0.10065
34.125 79.375 -0.19346
34.375 73.625 -0.72181
34.375 73.875 -0.89164
34.375 74.125 -1.0079
34.375 74.375 -1.1574
34.375 74.625 -0.98064
34.375 74.875 -0.37927
34.375 75.125 -0.089192
34.375 75.375 -0.78294
34.375 75.625 -1.2616
34.375 75.875 -1.2657
34.375 76.125 -1.1178
34.375 76.375 -0.46169
34.375 76.625 -0.57134
34.375 76.875 -0.55385
34.375 77.125 -0.44856
34.375 77.375 -0.34223
34.375 77.625 -0.21468
34.375 77.875 -0.26838
34.375 78.125 -0.30039
34.375 78.375 0.29803
34.375 78.625 0.21738
34.375 78.875 0.08784
34.375 79.125 -0.56253
34.375 79.375 -0.58082
34.625 73.875 -0.86694
34.625 74.125 -1.2446
34.625 74.375 -1.1292
34.625 74.625 -1.0245
34.625 74.875 -0.66427
34.625 75.125 -0.2356
34.625 75.375 -0.95549
34.625 75.625 -0.98545
34.625 75.875 -0.96118
34.625 76.125 -0.70361
34.625 76.375 -0.64819
34.625 76.625 -0.69231
34.625 76.875 -0.69323
34.625 77.125 -0.57354
34.625 77.375 -0.57047
34.625 77.625 -0.41124
34.625 77.875 -0.47601
34.625 78.125 -0.57681
34.625 78.375 -0.51936
34.625 78.625 0.01295
34.625 78.875 -0.09108
34.625 79.125 -0.46424
34.625 79.375 -0.69492
34.625 79.625 -0.72524
34.875 74.125 -0.76496
34.875 74.375 -1.1261
34.875 74.625 -0.96189
34.875 74.875 -0.87382
34.875 75.125 -0.95537
34.875 75.375 -1.1446
34.875 75.625 -1.0565
34.875 75.875 -0.98907
34.875 76.125 -0.70542
34.875 76.375 -0.68378
34.875 76.625 -0.68221
34.875 76.875 -0.6044
34.875 77.125 -0.67438
34.875 77.375 -0.71273
34.875 77.625 -0.80525
34.875 77.875 -0.61433
34.875 78.125 -0.61149
34.875 78.375 -0.62506
34.875 78.625 -0.090515
34.875 78.875 -0.33881
34.875 79.125 -0.46641
34.875 79.375 -0.67483
34.875 79.625 -0.67617
34.875 79.875 -0.68312
35.125 74.375 -1.3194
35.125 74.625 -1.3608
35.125 74.875 -1.1588
35.125 75.125 -1.2759
35.125 75.375 -1.3214
35.125 75.625 -1.127
35.125 75.875 -0.71076
35.125 76.125 -0.85377
35.125 76.375 -0.48228
35.125 76.625 -0.52245
35.125 76.875 -0.88277
35.125 77.125 -0.85113
35.125 77.375 -0.89583
35.125 77.625 -0.66409
35.125 77.875 -0.8239
35.125 78.125 -0.47356
35.125 78.375 -0.54656
35.125 78.625 -0.43394
35.125 78.875 -0.1057
35.125 79.125 -0.25532
35.125 79.375 -0.55661
35.125 79.625 -0.80378
35.125 79.875 -0.46136
35.375 73.875 -1.0791
35.375 74.125 -1.2381
35.375 74.375 -1.3622
35.375 74.625 -1.4091
35.375 74.875 -1.1044
35.375 75.125 -1.1945
35.375 75.375 -1.0848
35.375 75.625 -1.0618
35.375 75.875 -0.85825
35.375 76.125 -0.41558
35.375 76.375 -0.58087
35.375 76.625 -0.88753
35.375 76.875 -0.80029
35.375 77.125 -0.91548
35.375 77.375 -0.66198
35.375 77.625 -0.74542
35.375 77.875 -0.69089
35.375 78.125 -0.6941
35.375 78.375 -0.88255
35.375 78.625 -0.69206
35.375 78.875 -0.26799
35.375 79.125 -0.09106
35.375 79.375 -0.57292
35.375 79.625 -0.76558
35.375 79.875 -0.78977
35.375 80.125 NaN
35.625 73.375 -0.81959
35.625 73.625 -1.0674
35.625 73.875 -1.0273
35.625 74.125 -1.3293
35.625 74.375 -1.4257
35.625 74.625 -1.3023
35.625 74.875 -1.0194
35.625 75.125 -1.0068
35.625 75.375 -0.95878
35.625 75.625 -0.96421
35.625 75.875 -0.95966
35.625 76.125 -0.48132
35.625 76.375 -1.0003
35.625 76.625 -0.67217
35.625 76.875 -0.60523
35.625 77.125 -0.9764
35.625 78.375 -1.0392
35.625 78.625 -0.70459
35.625 78.875 -0.41682
35.625 79.125 -0.25094
35.625 79.375 -0.23251
35.625 79.625 -0.2303
35.625 79.875 -0.49511
35.625 80.125 -0.23136
35.875 73.125 1.7436
35.875 73.375 0.66288
35.875 73.625 -0.23692
35.875 73.875 -0.64235
35.875 74.125 -0.81427
35.875 74.375 -0.88766
35.875 74.625 -0.93224
35.875 74.875 -0.97898
35.875 75.125 -0.9472
35.875 75.375 -1.0411
35.875 75.625 -1.1405
35.875 75.875 -0.99292
35.875 76.125 -0.9132
35.875 76.375 -1.0798
35.875 76.625 -0.96289
35.875 79.375 -0.38644
36.125 72.625 1.4208
36.125 72.875 NaN
36.125 73.125 NaN
36.125 73.375 1.2111
36.125 73.625 0.81095
36.125 73.875 0.298
36.125 74.125 -0.13292
36.125 74.375 -0.18285
36.125 74.625 -0.50857
36.125 74.875 -0.82911
36.125 75.125 -0.96585
36.125 75.375 -1.3293
36.125 75.625 -1.2282
36.125 75.875 -1.249
36.125 76.125 -1.3478
36.125 76.375 -1.3946
36.125 76.625 -1.2045
36.375 73.125 1.7168
36.375 73.375 1.7678
36.375 73.625 1.6591
36.375 73.875 1.0878
36.375 74.125 0.42154
36.375 74.375 0.12768
36.375 74.625 -0.26749
36.375 74.875 -0.58465
36.375 75.125 -1.2569
36.375 75.375 -1.4685
36.375 75.625 -1.4338
36.375 75.875 -1.4966
36.375 76.125 -1.5911
36.625 73.375 1.8722
36.625 73.625 1.6556
36.625 73.875 1.2384
36.625 74.125 0.52635
36.625 74.375 0.78804
36.625 74.625 0.069759
36.625 74.875 -0.28009
36.625 75.125 -1.0754
36.625 75.375 -1.2455
36.625 75.625 -1.3867
36.875 73.875 1.6123
36.875 74.375 1.546
36.875 74.625 0.21329
36.875 74.875 -0.22345
36.875 75.125 -0.69229
36.875 75.375 -0.61911
