8.125 77.375 -0.49355
8.375 77.125 -0.58826
8.375 77.375 -0.51839
8.375 77.625 -0.40034
8.375 77.875 -0.42459
8.625 76.875 -0.36251
8.625 77.125 -0.46696
8.625 77.375 0.0018059
8.625 77.625 -0.67695
8.625 77.875 -0.4656
8.875 76.875 0.35771
8.875 77.125 0.0038882
8.875 77.375 -0.38887
8.875 77.625 -0.93257
8.875 77.875 -1.1095
9.125 76.625 1.5489
9.125 76.875 0.44838
9.125 77.125 0.23938
9.125 77.375 -0.30952
9.125 77.625 -0.47045
9.125 77.875 -0.55786
9.125 78.125 -0.55756
9.125 78.375 NaN
9.375 76.625 0.22387
9.375 76.875 0.74453
9.375 77.125 0.47493
9.375 77.375 0.41514
9.375 77.625 -0.44782
9.375 77.875 -0.617
9.375 78.125 -0.4742
9.375 78.375 -0.29383
9.375 78.625 -0.82884
9.375 78.875 NaN
9.625 76.375 0.35593
9.625 76.625 0.58422
9.625 76.875 1.2765
9.625 77.125 1.5026
9.625 77.375 0.099867
9.625 77.625 -0.32219
9.625 77.875 0.89939
9.625 78.125 -0.33194
9.625 78.375 -0.089827
9.625 78.625 -0.23808
9.875 76.625 0.56309
9.875 76.875 0.70458
9.875 77.125 0.9503
9.875 77.375 0.70654
9.875 77.625 0.097926
9.875 77.875 0.20977
9.875 78.125 0.024213
9.875 78.375 0.16733
9.875 78.625 0.026928
9.875 78.875 -0.043661
10.125 76.375 0.14786
10.125 76.625 0.80945
10.125 76.875 1.6221
10.125 77.125 1.0359
10.125 77.375 0.74871
10.125 77.625 0.89152
10.125 77.875 0.73108
10.125 78.125 0.16502
10.125 78.375 0.2941
10.125 78.625 0.031949
10.125 78.875 -0.288
10.125 79.125 -0.3008
10.375 76.375 -0.39595
10.375 76.625 0.65094
10.375 76.875 1.0667
10.375 77.125 0.36647
10.375 77.375 0.38853
10.375 77.625 1.2053
10.375 77.875 0.13352
10.375 78.125 -0.21538
10.375 78.375 -0.72716
10.375 78.625 -0.42317
10.375 78.875 -0.54249
10.375 79.125 -0.22524
10.375 79.375 NaN
10.375 79.625 NaN
10.625 76.125 -0.77009
10.625 76.375 0.88933
10.625 76.625 0.16986
10.625 76.875 0.27906
10.625 77.125 -0.29051
10.625 77.375 -0.14943
10.625 77.625 0.52237
10.625 77.875 0.25935
10.625 78.125 -1.4539
10.625 78.375 -0.47156
10.625 78.625 0.081104
10.625 78.875 1.0726
10.625 79.125 0.65558
10.625 79.375 -0.14681
10.625 79.625 -0.59766
10.875 76.125 0.095833
10.875 76.375 0.92391
10.875 76.625 -0.089301
10.875 76.875 -0.35627
10.875 77.125 0.51316
10.875 77.375 0.38548
10.875 77.625 1.4459
10.875 77.875 0.27257
10.875 78.125 -0.48533
10.875 78.375 -0.21639
10.875 78.625 -0.036336
10.875 78.875 0.10539
10.875 79.125 -0.3244
10.875 79.375 -0.16779
10.875 79.625 -0.47281
11.125 76.125 0.092232
11.125 76.375 0.9864
11.125 76.625 -0.053372
11.125 76.875 2.3759
11.125 77.125 1.1314
11.125 77.375 1.0443
11.125 77.625 1.0899
11.125 77.875 0.9315
11.125 78.125 0.082003
11.125 78.375 0.22859
11.125 78.625 0.32241
11.125 78.875 -0.34942
11.125 79.125 -0.038844
11.125 79.375 0.8024
11.125 79.625 0.014634
11.375 75.875 -0.21608
11.375 76.125 0.44651
11.375 76.375 1.2281
11.375 76.625 0.41211
11.375 76.875 1.56
11.375 77.125 1.4078
11.375 77.375 1.9736
11.375 77.625 0.91229
11.375 77.875 1.8984
11.375 78.125 0.26033
11.375 78.375 0.19094
11.375 78.625 0.040853
11.375 78.875 -0.044652
11.375 79.125 -0.12224
11.375 79.375 0.24467
11.375 79.625 0.11796
11.625 75.875 1.1228
11.625 76.125 1.4936
11.625 76.375 1.8996
11.625 76.625 2.2799
11.625 76.875 1.2843
11.625 77.125 1.2438
11.625 77.375 1.708
11.625 77.625 1.4346
11.625 77.875 0.85412
11.625 78.125 -0.64792
11.625 78.375 -0.98316
11.625 78.625 0.21723
11.625 78.875 -0.32093
11.625 79.125 -0.2158
11.625 79.375 0.078555
11.625 79.625 NaN
11.875 75.625 NaN
11.875 75.875 0.065457
11.875 76.125 0.75333
11.875 76.375 2.7053
11.875 76.625 2.9824
11.875 76.875 0.32268
11.875 77.125 1.4515
11.875 77.375 1.1225
11.875 77.625 1.3282
11.875 77.875 -0.051105
11.875 78.125 0.43586
11.875 78.375 -0.31082
11.875 78.625 0.075866
11.875 78.875 -0.75868
11.875 79.125 -0.25104
11.875 79.375 -0.47545
11.875 79.625 -0.12124
12.125 75.375 0.09394
12.125 75.625 0.087532
12.125 75.875 1.4141
12.125 76.125 2.1293
12.125 76.375 1.7419
12.125 76.625 3.2719
12.125 76.875 1.6053
12.125 77.125 2.1103
12.125 77.375 1.4936
12.125 77.625 1.0774
12.125 77.875 0.42982
12.125 78.125 1.186
12.125 78.375 0.99172
12.125 78.625 0.1188
12.125 78.875 -0.32306
12.125 79.125 -0.119
12.125 79.375 -0.29397
12.125 79.625 0.31626
12.375 75.125 -0.39763
12.375 75.375 0.41199
12.375 75.625 0.76441
12.375 75.875 1.4943
12.375 76.125 1.3058
12.375 76.375 2.3895
12.375 76.625 2.6448
12.375 76.875 1.7107
12.375 77.125 2.5115
12.375 77.375 1.3887
12.375 77.625 1.3876
12.375 77.875 1.7996
12.375 78.125 1.7451
12.375 78.375 1.1035
12.375 78.625 0.28777
12.375 78.875 0.0020227
12.375 79.125 0.19853
12.375 79.375 0.24623
12.375 79.625 0.29961
12.375 79.875 0.2649
12.625 75.125 -1.1996
12.625 75.375 -0.93444
12.625 75.625 0.82778
12.625 75.875 1.7511
12.625 76.125 1.7949
12.625 76.375 2.1982
12.625 76.625 2.7142
12.625 76.875 3.4929
12.625 77.125 3.2409
12.625 77.375 1.7311
12.625 77.625 3.085
12.625 77.875 2.5596
12.625 78.125 1.5852
12.625 78.375 0.86901
12.625 78.625 0.2667
12.625 78.875 0.69325
12.625 79.125 0.89352
12.625 79.375 1.137
12.625 79.625 0.28145
12.625 79.875 -0.39854
12.875 75.125 0.47565
12.875 75.375 1.0077
12.875 75.625 0.79977
12.875 75.875 3.3897
12.875 76.125 2.6319
12.875 76.375 2.438
12.875 76.625 2.6876
12.875 76.875 1.5608
12.875 77.125 2.4007
12.875 77.375 2.9251
12.875 77.625 2.4812
12.875 77.875 1.9523
12.875 78.125 1.727
12.875 78.375 0.9354
12.875 78.625 -0.10962
12.875 78.875 0.21654
12.875 79.125 0.6338
12.875 79.375 0.77687
12.875 79.625 0.42158
12.875 79.875 0.41213
13.125 74.875 NaN
13.125 75.125 0.10119
13.125 75.375 -0.37421
13.125 75.625 0.76662
13.125 75.875 2.3889
13.125 76.125 1.7562
13.125 76.375 2.7978
13.125 76.625 2.1918
13.125 76.875 1.8974
13.125 77.125 2.0874
13.125 77.375 2.7682
13.125 77.625 2.9765
13.125 77.875 2.2464
13.125 78.125 1.9109
13.125 78.375 1.1298
13.125 78.625 0.43695
13.125 78.875 0.15048
13.125 79.125 0.10446
13.125 79.375 0.41576
13.125 79.625 0.41641
13.125 79.875 0.3936
13.125 80.125 0.41141
13.375 74.875 NaN
13.375 75.125 0.33222
13.375 75.375 0.046331
13.375 75.625 0.17076
13.375 75.875 1.1622
13.375 76.125 1.9459
13.375 76.375 1.7529
13.375 76.625 2.3892
13.375 76.875 2.8666
13.375 77.125 3.1293
13.375 77.375 1.7037
13.375 77.625 2.0721
13.375 77.875 2.044
13.375 78.125 1.3141
13.375 78.375 1.1457
13.375 78.625 0.58959
13.375 78.875 0.12241
13.375 79.125 -0.086835
13.375 79.375 0.55637
13.375 79.625 0.28732
13.375 79.875 0.32191
13.375 80.125 0.43183
13.625 74.875 -0.63586
13.625 75.125 0.96688
13.625 75.375 0.29891
13.625 75.625 0.76202
13.625 75.875 1.403
13.625 76.125 1.8295
13.625 76.375 2.1691
13.625 76.625 1.7914
13.625 76.875 2.8341
13.625 77.125 2.554
13.625 77.375 1.7222
13.625 77.625 1.3836
13.625 77.875 1.6583
13.625 78.125 1.1995
13.625 78.375 0.6176
13.625 78.625 0.10626
13.625 78.875 0.2515
13.625 79.125 0.47879
13.625 79.375 0.33244
13.625 79.625 0.43924
13.625 79.875 0.51372
13.625 80.125 0.44934
13.875 74.875 0.48067
13.875 75.125 0.66904
13.875 75.375 0.7345
13.875 75.625 1.4911
13.875 75.875 1.8526
13.875 76.125 1.4468
13.875 76.375 2.839
13.875 76.625 3.2811
13.875 76.875 2.8515
13.875 77.125 1.988
13.875 77.375 1.6049
13.875 77.625 1.0827
13.875 77.875 1.4089
13.875 78.125 1.2483
13.875 78.375 0.86334
13.875 78.625 0.23635
13.875 78.875 0.019217
13.875 79.125 0.022602
13.875 79.375 0.064922
13.875 79.625 0.40698
13.875 79.875 0.57425
14.125 74.625 -0.59723
14.125 74.875 0.045005
14.125 75.125 0.338
14.125 75.375 1.8781
14.125 75.625 0.59111
14.125 75.875 1.9927
14.125 76.125 1.0021
14.125 76.375 1.5167
14.125 76.625 2.2037
14.125 76.875 2.521
14.125 77.125 1.2713
14.125 77.375 1.6778
14.125 77.625 1.1586
14.125 77.875 1.4881
14.125 78.125 0.62638
14.125 78.375 0.46807
14.125 78.625 0.37328
14.125 78.875 0.22564
14.125 79.125 -0.015182
14.125 79.375 0.082915
14.125 79.625 0.37822
14.125 79.875 0.58246
14.375 74.625 -0.58842
14.375 74.875 0.23961
14.375 75.125 0.32641
14.375 75.375 0.46277
14.375 75.625 1.6674
14.375 75.875 2.3756
14.375 76.125 1.7955
14.375 76.375 1.4465
14.375 76.625 2.1459
14.375 76.875 2.549
14.375 77.125 1.3507
14.375 77.375 1.8853
14.375 77.625 1.1733
14.375 77.875 1.1149
14.375 78.125 0.87872
14.375 78.375 0.57743
14.375 78.625 0.071875
14.375 78.875 0.10581
14.375 79.125 0.35135
14.375 79.375 0.57681
14.375 79.625 0.45794
14.375 79.875 0.87679
14.625 74.375 NaN
14.625 74.625 -0.73157
14.625 74.875 -0.54299
14.625 75.125 0.047429
14.625 75.375 1.2776
14.625 75.625 1.7277
14.625 75.875 2.653
14.625 76.125 2.4962
14.625 76.375 2.2665
14.625 76.625 2.4068
14.625 76.875 1.7164
14.625 77.125 1.9566
14.625 77.375 1.4462
14.625 77.625 0.66073
14.625 77.875 0.41062
14.625 78.125 1.1611
14.625 78.375 0.47939
14.625 78.625 0.47714
14.625 78.875 0.44363
14.625 79.125 0.5046
14.625 79.375 0.47759
14.625 79.625 0.46628
14.625 79.875 0.71502
14.875 74.375 -0.28883
14.875 74.625 -0.70052
14.875 74.875 0.16077
14.875 75.125 1.0035
14.875 75.375 0.74779
14.875 75.625 1.5502
14.875 75.875 2.9967
14.875 76.125 1.3801
14.875 76.375 1.0755
14.875 76.625 1.5971
14.875 76.875 1.7134
14.875 77.125 2.0301
14.875 77.375 1.6408
14.875 77.625 0.3005
14.875 77.875 0.34373
14.875 78.125 0.87204
14.875 78.375 0.41957
14.875 78.625 -0.02103
14.875 78.875 0.26357
14.875 79.125 0.34001
14.875 79.375 -0.20194
14.875 79.625 0.60882
14.875 79.875 0.64113
15.125 74.125 0.23728
15.125 74.375 0.3709
15.125 74.625 0.31907
15.125 74.875 0.86345
15.125 75.125 1.7077
15.125 75.375 2.4755
15.125 75.625 1.5219
15.125 75.875 2.466
15.125 76.125 1.9311
15.125 76.375 1.5249
15.125 76.625 1.4843
15.125 76.875 1.5411
15.125 77.125 1.1493
15.125 77.375 0.49839
15.125 77.625 0.78428
15.125 77.875 0.73989
15.125 78.125 0.10792
15.125 78.375 0.19804
15.125 78.625 0.17019
15.125 78.875 0.51285
15.125 79.125 0.35718
15.125 79.375 0.6969
15.125 79.625 1.2842
15.125 79.875 0.9849
15.375 73.875 -0.80912
15.375 74.125 0.67635
15.375 74.375 0.89681
15.375 74.625 0.34369
15.375 74.875 0.90342
15.375 75.125 1.4764
15.375 75.375 1.8123
15.375 75.625 1.1444
15.375 75.875 1.4563
15.375 76.125 1.0617
15.375 76.375 1.5657
15.375 76.625 0.55236
15.375 76.875 1.1095
15.375 77.125 1.1415
15.375 77.375 0.97329
15.375 77.625 0.74615
15.375 77.875 0.38402
15.375 78.125 0.89579
15.375 78.375 0.51261
15.375 78.625 0.3262
15.375 78.875 0.77237
15.375 79.125 0.11653
15.375 79.375 0.19864
15.375 79.625 0.37721
15.375 79.875 0.58964
15.625 73.875 -0.52711
15.625 74.125 -0.82173
15.625 74.375 -0.7177
15.625 74.625 0.64224
15.625 74.875 1.209
15.625 75.125 1.0061
15.625 75.375 0.95058
15.625 75.625 0.74792
15.625 75.875 1.6039
15.625 76.125 1.1683
15.625 76.375 0.34886
15.625 76.625 0.29979
15.625 76.875 0.56625
15.625 77.125 0.81203
15.625 77.375 0.39943
15.625 77.625 0.56856
15.625 77.875 0.35224
15.625 78.125 0.35979
15.625 78.375 0.31265
15.625 78.625 -0.36822
15.625 78.875 0.81886
15.625 79.125 0.10134
15.625 79.375 0.10345
15.625 79.625 0.98973
15.625 79.875 0.35597
15.625 80.125 0.23118
15.875 73.875 0.41089
15.875 74.125 -0.016138
15.875 74.375 0.2276
15.875 74.625 0.76787
15.875 74.875 1.2543
15.875 75.125 1.716
15.875 75.375 1.6968
15.875 75.625 0.77898
15.875 75.875 0.50125
15.875 76.125 1.6674
15.875 76.375 1.2469
15.875 76.625 1.207
15.875 76.875 0.78504
15.875 77.125 -0.1348
15.875 77.375 0.43164
15.875 77.625 0.3386
15.875 77.875 0.73988
15.875 78.125 0.84535
15.875 78.375 0.62141
15.875 78.625 0.50463
15.875 78.875 0.34515
15.875 79.125 0.11302
15.875 79.375 0.86136
15.875 79.625 0.37431
15.875 79.875 0.11885
15.875 80.125 0.27534
15.875 80.375 0.25681
15.875 80.625 NaN
15.875 80.875 0.30061
16.125 73.625 0.53404
16.125 73.875 0.0091124
16.125 74.125 -0.30757
16.125 74.375 0.69367
16.125 74.625 1.255
16.125 74.875 1.2368
16.125 75.125 1.0977
16.125 75.375 0.98879
16.125 75.625 0.18447
16.125 75.875 -0.27167
16.125 76.125 1.0463
16.125 76.375 0.4404
16.125 76.625 0.19601
16.125 76.875 0.43609
16.125 77.125 0.54345
16.125 77.375 0.71652
16.125 77.625 0.20752
16.125 77.875 0.5897
16.125 78.125 0.57105
16.125 78.375 0.67182
16.125 78.625 0.18775
16.125 78.875 0.27159
16.125 79.125 0.46934
16.125 79.375 0.54214
16.125 79.625 0.38047
16.125 79.875 0.41882
16.125 80.125 0.59262
16.125 80.375 0.079835
16.125 80.625 0.52452
16.125 80.875 0.26938
16.375 73.625 0.42731
16.375 73.875 0.31075
16.375 74.125 0.76937
16.375 74.375 1.716
16.375 74.625 2.1209
16.375 74.875 1.2058
16.375 75.125 1.2932
16.375 75.375 0.72532
16.375 75.625 0.06063
16.375 75.875 -0.077808
16.375 76.125 1.0689
16.375 76.375 0.41161
16.375 76.625 0.061441
16.375 76.875 0.50915
16.375 77.125 0.40705
16.375 77.375 0.82748
16.375 77.625 0.93937
16.375 77.875 -0.16875
16.375 78.125 1.0038
16.375 78.375 1.182
16.375 78.625 1.1863
16.375 78.875 -0.15235
16.375 79.125 1.0795
16.375 79.375 0.47584
16.375 79.625 0.1745
16.375 79.875 0.28009
16.375 80.125 -0.27916
16.375 80.375 -0.64172
16.375 80.625 0.32743
16.375 80.875 0.10597
16.375 81.125 0.13311
16.375 81.375 NaN
16.375 81.625 NaN
16.625 73.625 0.49735
16.625 73.875 1.5248
16.625 74.125 0.97348
16.625 74.375 0.99505
16.625 74.625 0.83381
16.625 74.875 0.47745
16.625 75.125 0.66192
16.625 75.375 0.2961
16.625 75.625 0.88278
16.625 75.875 0.94595
16.625 76.125 0.82916
16.625 76.375 0.4464
16.625 76.625 0.22179
16.625 76.875 0.21369
16.625 77.125 0.57106
16.625 77.375 0.67895
16.625 77.625 1.7029
16.625 77.875 0.94996
16.625 78.125 2.2551
16.625 78.375 2.0871
16.625 78.625 1.2257
16.625 78.875 -0.24354
16.625 79.125 -0.45225
16.625 79.375 0.13453
16.625 79.625 0.11105
16.625 79.875 -0.11664
16.625 80.125 -0.18017
16.625 80.375 0.45846
16.625 80.625 0.79654
16.625 80.875 0.14168
16.625 81.125 0.54961
16.625 81.375 0.3706
16.625 81.625 0.34533
16.625 81.875 0.17547
16.625 82.125 0.13785
16.875 73.375 0.63363
16.875 73.625 1.4795
16.875 73.875 1.4628
16.875 74.125 -0.94974
16.875 74.375 -0.00071674
16.875 74.625 0.56387
16.875 74.875 0.31468
16.875 75.125 0.45926
16.875 75.375 1.5621
16.875 75.625 0.90817
16.875 75.875 0.88466
16.875 76.125 0.091107
16.875 76.375 -0.0026144
16.875 76.625 0.52305
16.875 76.875 0.63532
16.875 77.125 0.65724
16.875 77.375 0.89246
16.875 77.625 0.15304
16.875 77.875 0.72231
16.875 78.125 0.91036
16.875 78.375 0.87062
16.875 78.625 0.88838
16.875 78.875 0.45592
16.875 79.125 0.076155
16.875 79.375 0.42563
16.875 79.625 -0.61224
16.875 79.875 -0.36662
16.875 80.125 0.157
16.875 80.375 0.39476
16.875 80.625 0.98047
16.875 80.875 1.7194
16.875 81.125 0.8012
16.875 81.375 -0.12268
16.875 81.625 0.026884
16.875 81.875 0.49922
16.875 82.125 0.35483
17.125 73.375 0.40815
17.125 73.625 0.72324
17.125 73.875 -0.0070593
17.125 74.125 -0.39065
17.125 74.375 -0.20477
17.125 74.625 0.29137
17.125 74.875 0.14844
17.125 75.125 0.27921
17.125 75.375 0.72866
17.125 75.625 0.43841
17.125 75.875 -0.355
17.125 76.125 -0.069382
17.125 76.375 0.11882
17.125 76.625 0.006637
17.125 76.875 0.27325
17.125 77.125 0.49243
17.125 77.375 1.4938
17.125 77.625 0.40888
17.125 77.875 0.38827
17.125 78.125 0.36695
17.125 78.375 0.85974
17.125 78.625 0.23047
17.125 78.875 0.97945
17.125 79.125 1.3984
17.125 79.375 0.75642
17.125 79.625 0.25365
17.125 79.875 -0.080714
17.125 80.125 0.46235
17.125 80.375 0.34699
17.125 80.625 0.58383
17.125 80.875 0.74882
17.125 81.125 1.2364
17.125 81.375 0.96539
17.125 81.625 0.33161
17.125 81.875 0.60402
17.125 82.125 0.2791
17.125 82.375 0.21803
17.375 73.375 0.039724
17.375 73.625 0.5437
17.375 73.875 0.53269
17.375 74.125 0.3588
17.375 74.375 0.0079766
17.375 74.625 0.358
17.375 74.875 0.046963
17.375 75.125 0.21688
17.375 75.375 0.26081
17.375 75.625 -0.018887
17.375 75.875 -1.0551
17.375 76.125 -0.48272
17.375 76.375 0.1933
17.375 76.625 -0.024194
17.375 76.875 0.25385
17.375 77.125 -0.0018735
17.375 77.375 1.1141
17.375 77.625 0.55176
17.375 77.875 -0.69436
17.375 78.125 1.1785
17.375 78.375 0.86248
17.375 78.625 -0.51532
17.375 78.875 1.658
17.375 79.125 1.6136
17.375 79.375 0.84553
17.375 79.625 0.66333
17.375 79.875 0.32511
17.375 80.125 1.0116
17.375 80.375 0.69777
17.375 80.625 0.40378
17.375 80.875 0.28961
17.375 81.125 0.33793
17.375 81.375 0.089897
17.375 81.625 0.13912
17.375 81.875 0.2347
17.375 82.125 0.080764
17.375 82.375 0.11309
17.375 82.625 NaN
17.625 73.375 0.4956
17.625 73.625 -0.26468
17.625 73.875 0.087912
17.625 74.125 0.47879
17.625 74.375 0.025426
17.625 74.625 0.025739
17.625 74.875 0.14037
17.625 75.125 0.26393
17.625 75.375 0.11276
17.625 75.625 0.14029
17.625 75.875 -0.47854
17.625 76.125 0.27745
17.625 76.375 0.77936
17.625 76.625 0.51869
17.625 76.875 0.38565
17.625 77.125 0.39506
17.625 77.375 0.5204
17.625 77.625 0.97076
17.625 77.875 -0.19522
17.625 78.125 0.69398
17.625 78.375 0.70499
17.625 78.625 0.38096
17.625 78.875 1.163
17.625 79.125 0.69104
17.625 79.375 0.81052
17.625 79.625 1.5868
17.625 79.875 1.2153
17.625 80.125 0.96465
17.625 80.375 1.0026
17.625 80.625 0.60819
17.625 80.875 0.52741
17.625 81.125 0.28824
17.625 81.375 0.079255
17.625 81.625 -0.0166
17.625 81.875 -0.32512
17.625 82.125 -0.20479
17.625 82.375 -0.051542
17.625 82.625 -0.060245
17.625 82.875 -0.11918
17.625 83.125 0.29651
17.875 73.375 0.32042
17.875 73.625 -0.29181
17.875 73.875 0.36468
17.875 74.125 0.29662
17.875 74.375 0.061092
17.875 74.625 0.051704
17.875 74.875 0.28847
17.875 75.125 0.24794
17.875 75.375 0.018791
17.875 75.625 0.49244
17.875 75.875 0.70168
17.875 76.125 0.63345
17.875 76.375 1.167
17.875 76.625 1.3172
17.875 76.875 0.52286
17.875 77.125 0.26792
17.875 77.375 0.1841
17.875 77.625 0.41189
17.875 77.875 0.37645
17.875 78.125 0.58774
17.875 78.375 0.78047
17.875 78.625 0.74678
17.875 78.875 1.0171
17.875 79.125 1.6317
17.875 79.375 -0.012364
17.875 79.625 0.5051
17.875 79.875 1.6444
17.875 80.125 0.51848
17.875 80.375 0.69257
17.875 80.625 0.90016
17.875 80.875 0.71769
17.875 81.125 0.35884
17.875 81.375 0.069233
17.875 81.625 -0.048021
17.875 81.875 -0.31583
17.875 82.125 -0.44532
17.875 82.375 -0.36127
17.875 82.625 0.62844
17.875 82.875 0.28988
17.875 83.125 0.3662
17.875 83.375 0.34474
18.125 73.125 NaN
18.125 73.375 0.21341
18.125 73.625 0.15044
18.125 73.875 0.38951
18.125 74.125 0.14885
18.125 74.375 0.030089
18.125 74.625 0.43675
18.125 74.875 0.70165
18.125 75.125 0.75363
18.125 75.375 -0.48612
18.125 75.625 0.31955
18.125 75.875 0.58131
18.125 76.125 0.98459
18.125 76.375 1.1566
18.125 76.625 1.0346
18.125 76.875 0.61622
18.125 77.125 0.69303
18.125 77.375 0.98947
18.125 77.625 0.93252
18.125 77.875 0.95505
18.125 78.125 0.87506
18.125 78.375 1.1119
18.125 78.625 0.94623
18.125 78.875 0.86922
18.125 79.125 0.64541
18.125 79.375 1.3595
18.125 79.625 1.0217
18.125 79.875 1.2266
18.125 80.125 -0.24967
18.125 80.375 0.080762
18.125 80.625 1.7847
18.125 80.875 1.1739
18.125 81.125 0.089764
18.125 81.375 0.13537
18.125 81.625 -0.1192
18.125 81.875 -0.30141
18.125 82.125 -0.3192
18.125 82.375 -0.26909
18.125 82.625 0.0093391
18.125 82.875 0.30248
18.125 83.125 0.16713
18.125 83.375 0.51003
18.125 83.625 0.45499
18.375 73.125 -0.14613
18.375 73.375 0.37496
18.375 73.625 0.41425
18.375 73.875 0.34729
18.375 74.125 0.30294
18.375 74.375 0.0051638
18.375 74.625 0.99265
18.375 74.875 1.2334
18.375 75.125 0.69856
18.375 75.375 1.0272
18.375 75.625 0.6826
18.375 75.875 0.3613
18.375 76.125 0.67267
18.375 76.375 0.65788
18.375 76.625 0.27781
18.375 76.875 0.64503
18.375 77.125 0.76601
18.375 77.375 0.38401
18.375 77.625 0.51875
18.375 77.875 0.8089
18.375 78.125 1.2711
18.375 78.375 1.074
18.375 78.625 1.4597
18.375 78.875 1.4224
18.375 79.125 -1.6672
18.375 79.375 0.16913
18.375 79.625 0.56942
18.375 79.875 0.19071
18.375 80.125 -0.25955
18.375 80.375 1.0157
18.375 80.625 1.2816
18.375 80.875 0.25227
18.375 81.125 -0.026998
18.375 81.375 0.044856
18.375 81.625 -0.019066
18.375 81.875 0.24119
18.375 82.125 0.63363
18.375 82.375 0.21754
18.375 82.625 0.54398
18.375 82.875 0.32298
18.375 83.125 0.38187
18.375 83.375 -0.22956
18.375 83.625 -0.037735
18.375 83.875 0.031554
18.625 73.125 0.76665
18.625 73.375 0.22118
18.625 73.625 -0.22991
18.625 73.875 0.25429
18.625 74.125 0.67027
18.625 74.375 0.46792
18.625 74.625 1.2319
18.625 74.875 2.1832
18.625 75.125 0.43431
18.625 75.375 0.57812
18.625 75.625 0.44002
18.625 75.875 0.22457
18.625 76.125 0.2689
18.625 76.375 -0.018316
18.625 76.625 0.08289
18.625 76.875 -0.1282
18.625 77.125 0.504
18.625 77.375 0.43403
18.625 77.625 1.1047
18.625 77.875 1.3035
18.625 78.125 1.3561
18.625 78.375 1.4641
18.625 78.625 0.9417
18.625 78.875 1.0144
18.625 79.125 0.6957
18.625 79.375 0.44975
18.625 79.625 1.3303
18.625 79.875 0.72715
18.625 80.125 0.43552
18.625 80.375 0.50324
18.625 80.625 0.50333
18.625 80.875 -0.32978
18.625 81.125 -0.26007
18.625 81.375 0.16355
18.625 81.625 0.44963
18.625 81.875 0.94358
18.625 82.125 0.73908
18.625 82.375 0.82871
18.625 82.625 0.54452
18.625 82.875 0.76597
18.625 83.125 0.54041
18.625 83.375 -0.17956
18.625 83.625 -0.036226
18.625 83.875 0.46694
18.625 84.125 0.35969
18.875 73.125 1.1053
18.875 73.375 -0.28011
18.875 73.625 0.43824
18.875 73.875 0.30923
18.875 74.125 0.64794
18.875 74.375 1.0366
18.875 74.625 0.33149
18.875 74.875 0.59741
18.875 75.125 -0.4494
18.875 75.375 -0.2446
18.875 75.625 0.15242
18.875 75.875 0.12592
18.875 76.125 0.51034
18.875 76.375 0.26072
18.875 76.625 0.052862
18.875 76.875 0.077921
18.875 77.125 0.49353
18.875 77.375 0.92868
18.875 77.625 1.3083
18.875 77.875 1.6708
18.875 78.125 1.7705
18.875 78.375 1.8826
18.875 78.625 1.1153
18.875 78.875 1.0315
18.875 79.125 0.86361
18.875 79.375 1.0736
18.875 79.625 1.3383
18.875 79.875 1.0555
18.875 80.125 0.61608
18.875 80.375 0.18492
18.875 80.625 -0.03091
18.875 80.875 -0.11694
18.875 81.125 -0.20913
18.875 81.375 0.43168
18.875 81.625 0.93153
18.875 81.875 0.80866
18.875 82.125 0.79324
18.875 82.375 0.82575
18.875 82.625 -0.045426
18.875 82.875 -0.10101
18.875 83.125 -0.18788
18.875 83.375 -0.33918
18.875 83.625 1.0236
18.875 83.875 0.95128
18.875 84.125 -0.41262
18.875 84.375 -0.49604
19.125 73.125 1.0769
19.125 73.375 1.3823
19.125 73.625 1.2753
19.125 73.875 1.2028
19.125 74.125 0.90612
19.125 74.375 1.6619
19.125 74.625 0.6957
19.125 74.875 0.24822
19.125 75.125 0.094725
19.125 75.375 -0.19195
19.125 75.625 0.34116
19.125 75.875 0.28733
19.125 76.125 0.07263
19.125 76.375 0.28398
19.125 76.625 0.19025
19.125 76.875 -0.18027
19.125 77.125 0.50267
19.125 77.375 0.83437
19.125 77.625 0.95561
19.125 77.875 1.4119
19.125 78.125 1.704
19.125 78.375 1.5378
19.125 78.625 1.4192
19.125 78.875 1.4683
19.125 79.125 1.3948
19.125 79.375 1.2623
19.125 79.625 1.5155
19.125 79.875 1.0916
19.125 80.125 0.79045
19.125 80.375 0.48745
19.125 80.625 0.12024
19.125 80.875 -0.15302
19.125 81.125 -0.03132
19.125 81.375 0.23924
19.125 81.625 0.91521
19.125 81.875 0.56922
19.125 82.125 0.48889
19.125 82.375 -0.10802
19.125 82.625 -0.57854
19.125 82.875 -0.4857
19.125 83.125 -0.336
19.125 83.375 -0.088952
19.125 83.625 1.0515
19.125 83.875 0.84331
19.125 84.125 -0.062659
19.125 84.375 0.042566
19.125 84.625 0.016722
19.375 72.875 0.93294
19.375 73.125 1.3426
19.375 73.375 2.2687
19.375 73.625 2.1446
19.375 73.875 1.4323
19.375 74.125 1.678
19.375 74.375 1.8047
19.375 74.625 1.5584
19.375 74.875 1.4323
19.375 75.125 0.50258
19.375 75.375 0.35465
19.375 75.625 0.567
19.375 75.875 0.16023
19.375 76.125 -0.14684
19.375 76.375 -0.24164
19.375 76.625 -0.54846
19.375 76.875 -0.36313
19.375 77.125 0.052811
19.375 77.375 0.46549
19.375 77.625 0.60281
19.375 77.875 1.2196
19.375 78.125 1.2271
19.375 78.375 1.1733
19.375 78.625 1.125
19.375 78.875 1.0771
19.375 79.125 1.1691
19.375 79.375 1.1593
19.375 79.625 1.2637
19.375 79.875 0.86048
19.375 80.125 0.6422
19.375 80.375 0.47268
19.375 80.625 0.16376
19.375 80.875 0.20731
19.375 81.125 -0.22109
19.375 81.375 -0.48082
19.375 81.625 -0.030328
19.375 81.875 0.91491
19.375 82.125 1.6443
19.375 82.375 -0.32254
19.375 82.625 -0.4563
19.375 82.875 -0.18693
19.375 83.125 -0.56541
19.375 83.375 -0.21272
19.375 83.625 0.50169
19.375 83.875 0.27746
19.375 84.125 0.098816
19.375 84.375 0.15646
19.375 84.625 0.004038
19.375 84.875 -0.066303
19.625 72.875 0.35936
19.625 73.125 1.3479
19.625 73.375 2.367
19.625 73.625 2.2835
19.625 73.875 1.6912
19.625 74.125 1.771
19.625 74.375 1.8096
19.625 74.625 1.5907
19.625 74.875 1.6708
19.625 75.125 0.63271
19.625 75.375 -0.016077
19.625 75.625 -0.42478
19.625 75.875 0.058994
19.625 76.125 0.049267
19.625 76.375 -0.31295
19.625 76.625 -0.76072
19.625 76.875 -0.41968
19.625 77.125 -0.30086
19.625 77.375 0.19804
19.625 77.625 1.5161
19.625 77.875 1.2201
19.625 78.125 0.79094
19.625 78.375 0.61441
19.625 78.625 0.4074
19.625 78.875 0.31073
19.625 79.125 -0.015735
19.625 79.375 0.44291
19.625 79.625 1.0919
19.625 79.875 0.85
19.625 80.125 0.60423
19.625 80.375 0.39783
19.625 80.625 0.28625
19.625 80.875 0.41534
19.625 81.125 -0.059162
19.625 81.375 -0.38773
19.625 81.625 0.077039
19.625 81.875 0.53606
19.625 82.125 0.028396
19.625 82.375 0.43729
19.625 82.625 0.069234
19.625 82.875 0.47279
19.625 83.125 0.5733
19.625 83.375 1.0407
19.625 83.625 1.2369
19.625 83.875 1.1528
19.625 84.125 0.49796
19.625 84.375 0.34301
19.625 84.625 0.27727
19.625 84.875 0.1152
19.625 85.125 -0.044779
19.625 85.375 -0.61244
19.875 72.875 0.85576
19.875 73.125 1.044
19.875 73.375 2.1227
19.875 73.625 1.3633
19.875 73.875 0.87006
19.875 74.125 1.1833
19.875 74.375 0.98293
19.875 74.625 1.1865
19.875 74.875 1.3928
19.875 75.125 0.21989
19.875 75.375 -0.22118
19.875 75.625 0.026085
19.875 75.875 0.67906
19.875 76.125 0.28516
19.875 76.375 0.10573
19.875 76.625 0.045875
19.875 76.875 0.1901
19.875 77.125 0.11197
19.875 77.375 0.50119
19.875 77.625 1.9505
19.875 77.875 1.19
19.875 78.125 0.51325
19.875 78.375 0.52517
19.875 78.625 0.54848
19.875 78.875 0.27855
19.875 79.125 0.37732
19.875 79.375 1.1891
19.875 79.625 0.97755
19.875 79.875 0.89093
19.875 80.125 0.7562
19.875 80.375 0.47811
19.875 80.625 0.5415
19.875 80.875 0.4015
19.875 81.125 0.28565
19.875 81.375 0.51872
19.875 81.625 0.071039
19.875 81.875 0.16477
19.875 82.125 -0.5253
19.875 82.375 0.33657
19.875 82.625 -0.18503
19.875 82.875 -0.24668
19.875 83.125 0.89716
19.875 83.375 1.1544
19.875 83.625 1.2859
19.875 83.875 1.0005
19.875 84.125 0.6471
19.875 84.375 0.41238
19.875 84.625 0.069855
19.875 84.875 -0.47137
19.875 85.125 -0.64538
19.875 85.375 -0.56253
19.875 85.625 NaN
19.875 85.875 NaN
19.875 86.125 NaN
20.125 72.875 1.3767
20.125 73.125 1.9412
20.125 73.375 0.49388
20.125 73.625 1.6662
20.125 73.875 1.0288
20.125 74.125 0.94745
20.125 74.375 0.79536
20.125 74.625 0.72399
20.125 74.875 0.65279
20.125 75.125 0.31931
20.125 75.375 0.46465
20.125 75.625 0.37764
20.125 75.875 0.54235
20.125 76.125 0.27959
20.125 76.375 0.18327
20.125 76.625 -0.019961
20.125 76.875 0.2016
20.125 77.125 0.68795
20.125 77.375 0.80463
20.125 77.625 1.4285
20.125 77.875 1.1182
20.125 78.125 0.69506
20.125 78.375 0.51845
20.125 78.625 0.26628
20.125 78.875 0.22853
20.125 79.125 0.53854
20.125 79.375 0.11804
20.125 79.625 1.0007
20.125 79.875 0.79143
20.125 80.125 0.77615
20.125 80.375 0.57597
20.125 80.625 0.52235
20.125 80.875 0.63271
20.125 81.125 0.69928
20.125 81.375 0.9019
20.125 81.625 0.73463
20.125 81.875 -0.013783
20.125 82.125 -0.068706
20.125 82.375 -0.20491
20.125 82.625 -0.21077
20.125 82.875 -0.67418
20.125 83.125 0.66918
20.125 83.375 1.245
20.125 83.625 1.4609
20.125 83.875 1.2564
20.125 84.125 1.3486
20.125 84.375 0.76036
20.125 84.625 0.091697
20.125 84.875 -0.056394
20.125 85.125 -0.070447
20.125 85.375 -0.091263
20.125 85.625 0.3224
20.125 85.875 -0.16638
20.125 86.125 -0.25587
20.125 86.375 NaN
20.375 73.125 1.521
20.375 73.375 0.55736
20.375 73.625 1.1343
20.375 73.875 0.98651
20.375 74.125 0.70664
20.375 74.375 0.3693
20.375 74.625 0.77209
20.375 74.875 0.77961
20.375 75.125 0.7489
20.375 75.375 0.46743
20.375 75.625 0.45494
20.375 75.875 0.66746
20.375 76.125 0.29469
20.375 76.375 0.03292
20.375 76.625 -0.1304
20.375 76.875 0.17547
20.375 77.125 0.43527
20.375 77.375 0.87175
20.375 77.625 0.80305
20.375 77.875 0.69834
20.375 78.125 0.78848
20.375 78.375 0.79609
20.375 78.625 0.92633
20.375 78.875 0.48179
20.375 79.125 0.21814
20.375 79.375 0.08
20.375 79.625 0.67195
20.375 79.875 0.51772
20.375 80.125 0.87289
20.375 80.375 0.72945
20.375 80.625 0.52842
20.375 80.875 0.59284
20.375 81.125 1.1936
20.375 81.375 1.0955
20.375 81.625 0.57131
20.375 81.875 0.33684
20.375 82.125 -0.52237
20.375 82.375 -0.47346
20.375 82.625 0.56257
20.375 82.875 0.58288
20.375 83.125 0.17908
20.375 83.375 0.0868
20.375 83.625 1.4966
20.375 83.875 1.0662
20.375 84.125 0.7527
20.375 84.375 1.4406
20.375 84.625 0.53827
20.375 84.875 0.10184
20.375 85.125 -0.56199
20.375 85.375 -0.52232
20.375 85.625 -0.51718
20.375 85.875 -0.16856
20.375 86.125 -0.38822
20.375 86.375 -0.75107
20.375 86.625 NaN
20.625 73.125 0.76225
20.625 73.375 0.29964
20.625 73.625 -0.28751
20.625 73.875 -0.037704
20.625 74.125 0.84975
20.625 74.375 1.4421
20.625 74.625 1.1167
20.625 74.875 0.15557
20.625 75.125 0.8185
20.625 75.375 0.63024
20.625 75.625 0.22437
20.625 75.875 -0.39916
20.625 76.125 -0.28843
20.625 76.375 -0.10404
20.625 76.625 0.24727
20.625 76.875 0.077682
20.625 77.125 -0.31039
20.625 77.375 0.49409
20.625 77.625 0.71233
20.625 77.875 0.844
20.625 78.125 1.2316
20.625 78.375 1.1903
20.625 78.625 1.3757
20.625 78.875 1.0108
20.625 79.125 0.81571
20.625 79.375 0.37174
20.625 79.625 0.80199
20.625 79.875 0.73941
20.625 80.125 1.2535
20.625 80.375 0.35298
20.625 80.625 0.41275
20.625 80.875 0.81045
20.625 81.125 1.2104
20.625 81.375 1.2745
20.625 81.625 0.5128
20.625 81.875 0.33321
20.625 82.125 -0.38596
20.625 82.375 -0.2572
20.625 82.625 -0.53119
20.625 82.875 -0.20354
20.625 83.125 -0.027768
20.625 83.375 -0.37966
20.625 83.625 -0.35
20.625 83.875 0.49202
20.625 84.125 -0.25422
20.625 84.375 0.49704
20.625 84.625 -0.18803
20.625 84.875 0.022427
20.625 85.125 -0.37732
20.625 85.375 -0.10477
20.625 85.625 -1.1071
20.625 85.875 -0.27631
20.625 86.125 -0.42902
20.625 86.375 -0.54657
20.625 86.625 -0.70298
20.625 86.875 NaN
20.875 70.625 0.036576
20.875 70.875 0.027441
20.875 71.125 0.012669
20.875 71.375 -0.021928
20.875 72.875 1.0172
20.875 73.125 0.87266
20.875 73.375 0.20579
20.875 73.625 -0.41719
20.875 73.875 0.30262
20.875 74.125 1.4353
20.875 74.375 1.6194
20.875 74.625 1.2675
20.875 74.875 0.37877
20.875 75.125 0.9105
20.875 75.375 0.60772
20.875 75.625 -0.010527
20.875 75.875 -0.39596
20.875 76.125 -0.3768
20.875 76.375 0.50679
20.875 76.625 0.65083
20.875 76.875 0.21328
20.875 77.125 0.24516
20.875 77.375 0.59199
20.875 77.625 1.2321
20.875 77.875 0.90238
20.875 78.125 1.2664
20.875 78.375 1.4514
20.875 78.625 1.2186
20.875 78.875 1.5576
20.875 79.125 1.7485
20.875 79.375 0.99462
20.875 79.625 0.94936
20.875 79.875 0.95832
20.875 80.125 0.89453
20.875 80.375 0.41312
20.875 80.625 0.40416
20.875 80.875 0.81742
20.875 81.125 0.67288
20.875 81.375 0.35809
20.875 81.625 0.34176
20.875 81.875 0.21196
20.875 82.125 -0.45385
20.875 82.375 0.35512
20.875 82.625 -0.63002
20.875 82.875 -0.12049
20.875 83.125 -0.71113
20.875 83.375 -1.1238
20.875 83.625 -0.43576
20.875 83.875 -0.43114
20.875 84.125 -0.86112
20.875 84.375 0.11441
20.875 84.625 -0.33984
20.875 84.875 -0.70167
20.875 85.125 -0.24605
20.875 85.375 -0.29567
20.875 85.625 -0.64992
20.875 85.875 -0.75965
20.875 86.125 -0.85522
20.875 86.375 -0.58961
20.875 86.625 -0.39824
21.125 70.375 0.4888
21.125 70.625 0.37931
21.125 70.875 -0.3146
21.125 71.125 0.11016
21.125 71.375 -0.10726
21.125 71.625 NaN
21.125 71.875 NaN
21.125 72.875 0.65339
21.125 73.125 0.34603
21.125 73.375 0.47745
21.125 73.625 0.25172
21.125 73.875 0.73545
21.125 74.125 1.0587
21.125 74.375 -0.00067275
21.125 74.625 0.15595
21.125 74.875 -0.011541
21.125 75.125 -0.33494
21.125 75.375 0.81117
21.125 75.625 0.37555
21.125 75.875 0.20509
21.125 76.125 1.2316
21.125 76.375 1.4526
21.125 76.625 0.40748
21.125 76.875 0.079918
21.125 77.125 0.32248
21.125 77.375 1.059
21.125 77.625 1.3638
21.125 77.875 1.4168
21.125 78.125 1.4766
21.125 78.375 1.4469
21.125 78.625 0.90703
21.125 78.875 1.8208
21.125 79.125 1.2909
21.125 79.375 1.7868
21.125 79.625 1.4131
21.125 79.875 1.4249
21.125 80.125 0.79261
21.125 80.375 0.38702
21.125 80.625 0.63468
21.125 80.875 0.82434
21.125 81.125 0.53303
21.125 81.375 0.17923
21.125 81.625 -0.38966
21.125 81.875 0.20413
21.125 82.125 -0.14831
21.125 82.375 0.37203
21.125 82.625 0.24412
21.125 82.875 0.027027
21.125 83.125 -0.23382
21.125 83.375 -0.49444
21.125 83.625 0.25309
21.125 83.875 0.1041
21.125 84.125 0.4754
21.125 84.375 0.075051
21.125 84.625 -0.61105
21.125 84.875 -0.77496
21.125 85.125 -0.84698
21.125 85.375 -0.16666
21.125 85.625 -0.37477
21.125 85.875 -0.56308
21.125 86.125 -0.25576
21.125 86.375 -0.38447
21.125 86.625 -0.5093
21.375 70.125 0.29762
21.375 70.375 0.08061
21.375 70.625 0.028571
21.375 70.875 -0.29619
21.375 71.125 -0.013192
21.375 71.375 -0.36486
21.375 71.625 -0.54944
21.375 71.875 -0.526
21.375 72.875 0.4727
21.375 73.125 1.2285
21.375 73.375 1.1974
21.375 73.625 1.5821
21.375 73.875 0.59233
21.375 74.125 0.377
21.375 74.375 0.17741
21.375 74.625 0.1287
21.375 74.875 1.012
21.375 75.125 0.7134
21.375 75.375 0.46962
21.375 75.625 0.58034
21.375 75.875 0.53989
21.375 76.125 1.6559
21.375 76.375 1.3253
21.375 76.625 0.65086
21.375 76.875 -0.029538
21.375 77.125 0.50518
21.375 77.375 1.8834
21.375 77.625 1.354
21.375 77.875 1.0921
21.375 78.125 1.304
21.375 78.375 2.1308
21.375 78.625 2.0775
21.375 78.875 2.0684
21.375 79.125 1.8951
21.375 79.375 1.8255
21.375 79.625 1.8956
21.375 79.875 1.6734
21.375 80.125 -0.13673
21.375 80.375 0.034868
21.375 80.625 0.16799
21.375 80.875 0.19366
21.375 81.125 -0.058119
21.375 81.375 0.11869
21.375 81.625 0.61558
21.375 81.875 1.0716
21.375 82.125 0.5788
21.375 82.375 0.68185
21.375 82.625 0.67711
21.375 82.875 0.53294
21.375 83.125 -0.038967
21.375 83.375 -0.054512
21.375 83.625 0.0081182
21.375 83.875 0.066051
21.375 84.125 0.07348
21.375 84.375 0.088966
21.375 84.625 0.22663
21.375 84.875 -0.36736
21.375 85.125 -0.32966
21.375 85.375 -0.48669
21.375 85.625 -0.70771
21.375 85.875 -0.47937
21.375 86.125 0.37266
21.375 86.375 -0.74003
21.375 86.625 -0.65482
21.375 86.875 -0.71133
21.625 69.875 0.35154
21.625 70.125 0.081917
21.625 70.375 0.017219
21.625 70.625 0.037391
21.625 70.875 -0.08132
21.625 71.125 -0.097235
21.625 71.375 0.28925
21.625 71.625 -0.078577
21.625 71.875 -0.25549
21.625 72.125 -0.24371
21.625 72.875 -0.0038307
21.625 73.125 0.060651
21.625 73.375 0.49204
21.625 73.625 0.74423
21.625 73.875 0.19962
21.625 74.125 0.22354
21.625 74.375 0.36788
21.625 74.625 1.2251
21.625 74.875 1.349
21.625 75.125 0.85595
21.625 75.375 0.36493
21.625 75.625 0.71129
21.625 75.875 0.69187
21.625 76.125 0.77133
21.625 76.375 0.84633
21.625 76.625 0.4477
21.625 76.875 0.79793
21.625 77.125 1.3397
21.625 77.375 1.9333
21.625 77.625 0.97918
21.625 77.875 1.2007
21.625 78.125 1.4057
21.625 78.375 2.0394
21.625 78.625 2.1953
21.625 78.875 2.0984
21.625 79.125 1.6066
21.625 79.375 1.0145
21.625 79.625 1.6172
21.625 79.875 0.76055
21.625 80.125 -0.0040982
21.625 80.375 0.55354
21.625 80.625 0.27518
21.625 80.875 -0.0081867
21.625 81.125 -0.28391
21.625 81.375 -0.16565
21.625 81.625 0.68147
21.625 81.875 1.1858
21.625 82.125 1.3239
21.625 82.375 1.0632
21.625 82.625 0.65095
21.625 82.875 NaN
21.625 83.125 0.53674
21.625 83.375 0.0046422
21.625 83.625 -0.26435
21.625 83.875 -0.16341
21.625 84.125 -0.33615
21.625 84.375 -0.43445
21.625 84.625 -0.041518
21.625 84.875 -0.25922
21.625 85.125 -0.66839
21.625 85.375 -0.45987
21.625 85.625 -0.29374
21.625 85.875 -0.073208
21.625 86.125 -0.18815
21.625 86.375 -0.32911
21.625 86.625 -0.7867
21.625 86.875 -0.60254
21.625 87.125 -0.61072
21.625 87.375 NaN
21.875 69.375 NaN
21.875 69.625 0.18254
21.875 69.875 0.15429
21.875 70.125 0.067795
21.875 70.375 0.15005
21.875 70.625 0.010787
21.875 70.875 -0.33626
21.875 71.125 -0.24775
21.875 71.375 0.14352
21.875 71.625 0.056645
21.875 71.875 -0.072433
21.875 72.125 -0.069246
21.875 72.625 NaN
21.875 72.875 0.64565
21.875 73.125 0.29859
21.875 73.375 0.1162
21.875 73.625 -0.17205
21.875 73.875 0.10264
21.875 74.125 0.12487
21.875 74.375 0.79039
21.875 74.625 1.6449
21.875 74.875 1.2883
21.875 75.125 -0.077571
21.875 75.375 -0.20711
21.875 75.625 0.8451
21.875 75.875 0.81867
21.875 76.125 0.53979
21.875 76.375 0.64009
21.875 76.625 0.52359
21.875 76.875 0.32402
21.875 77.125 1.306
21.875 77.375 1.4805
21.875 77.625 1.2221
21.875 77.875 1.0236
21.875 78.125 1.2887
21.875 78.375 1.6932
21.875 78.625 1.6166
21.875 78.875 1.5731
21.875 79.125 0.977
21.875 79.375 0.82157
21.875 79.625 1.1706
21.875 79.875 0.85395
21.875 80.125 0.86244
21.875 80.375 1.0461
21.875 80.625 0.45405
21.875 80.875 0.27624
21.875 81.125 0.11883
21.875 81.375 0.063404
21.875 81.625 0.57089
21.875 81.875 0.73801
21.875 82.125 0.87771
21.875 82.375 1.3427
21.875 82.625 0.0035948
21.875 82.875 0.012828
21.875 83.125 0.28946
21.875 83.375 0.7096
21.875 83.625 -0.25171
21.875 83.875 -0.17954
21.875 84.125 -0.18401
21.875 84.375 -0.12324
21.875 84.625 -0.11756
21.875 84.875 -0.17174
21.875 85.125 -0.4703
21.875 85.375 -0.44086
21.875 85.625 -0.27656
21.875 85.875 0.057862
21.875 86.125 -0.29025
21.875 86.375 -0.32435
21.875 86.625 -0.49232
21.875 86.875 -0.61741
21.875 87.125 -0.5985
21.875 87.375 -0.59552
21.875 87.625 -0.92039
21.875 87.875 -1.3882
21.875 88.375 -0.93323
21.875 88.625 NaN
21.875 88.875 NaN
22.125 69.125 0.68842
22.125 69.375 0.75679
22.125 69.625 0.53253
22.125 69.875 -0.15129
22.125 70.125 -0.025954
22.125 70.375 0.027155
22.125 70.625 0.23749
22.125 70.875 0.056665
22.125 71.125 0.16731
22.125 71.375 -0.090663
22.125 71.625 -0.18668
22.125 71.875 -0.26305
22.125 72.125 -0.20338
22.125 72.625 NaN
22.125 72.875 -0.15478
22.125 73.125 -0.16689
22.125 73.375 0.17737
22.125 73.625 0.040481
22.125 73.875 -0.12878
22.125 74.125 -0.042184
22.125 74.375 0.17953
22.125 74.625 0.95635
22.125 74.875 0.43019
22.125 75.125 -0.072903
22.125 75.375 -0.13572
22.125 75.625 0.62919
22.125 75.875 0.94871
22.125 76.125 0.93062
22.125 76.375 0.77892
22.125 76.625 0.55196
22.125 76.875 0.57693
22.125 77.125 1.01
22.125 77.375 1.4
22.125 77.625 1.4161
22.125 77.875 1.3713
22.125 78.125 1.0767
22.125 78.375 0.79591
22.125 78.625 0.81417
22.125 78.875 0.3048
22.125 79.125 0.45696
22.125 79.375 0.5386
22.125 79.625 0.54227
22.125 79.875 1.0168
22.125 80.125 0.93569
22.125 80.375 0.8158
22.125 80.625 0.42737
22.125 80.875 0.28344
22.125 81.125 0.66865
22.125 81.375 0.40945
22.125 81.625 0.59358
22.125 81.875 0.64418
22.125 82.125 0.24252
22.125 82.375 -0.17932
22.125 82.625 0.094556
22.125 82.875 -0.28013
22.125 83.125 -0.11635
22.125 83.375 0.12783
22.125 83.625 -0.42746
22.125 83.875 -0.55389
22.125 84.125 0.098324
22.125 84.375 0.11841
22.125 84.625 0.26236
22.125 84.875 -0.023543
22.125 85.125 -0.39149
22.125 85.375 -0.38835
22.125 85.625 -0.098284
22.125 85.875 -0.10125
22.125 86.125 -0.23636
22.125 86.375 -0.15853
22.125 86.625 -0.30601
22.125 86.875 -0.30718
22.125 87.125 -0.51655
22.125 87.375 -1.0773
22.125 87.625 -1.0297
22.125 87.875 -0.94092
22.125 88.125 -0.68482
22.125 88.375 -0.72876
22.125 92.875 NaN
22.375 69.125 0.87109
22.375 69.875 -0.037299
22.375 70.125 0.24556
22.375 70.375 -0.31984
22.375 70.625 -0.094511
22.375 70.875 -0.21963
22.375 71.125 -0.086919
22.375 71.375 -0.18654
22.375 71.625 -0.48787
22.375 71.875 -0.31087
22.375 72.125 -0.42107
22.375 72.625 NaN
22.375 72.875 -0.52916
22.375 73.125 -0.26703
22.375 73.375 -0.15966
22.375 73.625 0.38172
22.375 73.875 -0.70141
22.375 74.125 -0.28836
22.375 74.375 0.019142
22.375 74.625 0.095973
22.375 74.875 0.031243
22.375 75.125 -0.022565
22.375 75.375 0.28469
22.375 75.625 0.37644
22.375 75.875 0.78485
22.375 76.125 1.1706
22.375 76.375 1.2043
22.375 76.625 1.5386
22.375 76.875 0.90122
22.375 77.125 1.0261
22.375 77.375 1.3528
22.375 77.625 1.6847
22.375 77.875 1.6398
22.375 78.125 0.95435
22.375 78.375 0.74434
22.375 78.625 0.56755
22.375 78.875 0.76237
22.375 79.125 0.91535
22.375 79.375 0.94528
22.375 79.625 0.44406
22.375 79.875 0.49667
22.375 80.125 0.61628
22.375 80.375 0.91747
22.375 80.625 0.73219
22.375 80.875 0.80323
22.375 81.125 1.4781
22.375 81.375 1.5181
22.375 81.625 0.99357
22.375 81.875 0.45557
22.375 82.125 0.21231
22.375 82.375 0.026111
22.375 82.625 -0.23319
22.375 82.875 -0.14213
22.375 83.125 0.015172
22.375 83.375 -0.12278
22.375 83.625 -0.30212
22.375 83.875 -0.29896
22.375 84.125 -0.0032667
22.375 84.375 -0.11974
22.375 84.625 -0.10014
22.375 84.875 -0.19218
22.375 85.125 -0.33726
22.375 85.375 -0.40234
22.375 85.625 -0.22357
22.375 85.875 -0.14928
22.375 86.125 -0.3653
22.375 86.375 -0.20413
22.375 86.625 -0.31846
22.375 86.875 -0.47397
22.375 87.125 -0.47317
22.375 87.375 -1.0038
22.375 87.625 -1.0193
22.375 87.875 -0.95022
22.375 88.125 -1.2441
22.375 88.375 -1.0416
22.375 88.625 -1.0227
22.375 88.875 -0.99804
22.375 92.875 1.4895
22.625 70.375 0.53631
22.625 70.625 0.44514
22.625 70.875 -0.18148
22.625 71.125 -0.33246
22.625 71.375 -0.28163
22.625 71.625 -0.33835
22.625 71.875 -0.75363
22.625 72.125 -0.80888
22.625 72.375 -0.31325
22.625 72.625 0.16786
22.625 72.875 -0.34844
22.625 73.125 -0.33493
22.625 73.375 0.12626
22.625 73.625 -0.3005
22.625 73.875 -0.64855
22.625 74.125 -0.63661
22.625 74.375 -0.26653
22.625 74.625 -0.065205
22.625 74.875 0.071161
22.625 75.125 0.080968
22.625 75.375 0.28362
22.625 75.625 0.30335
22.625 75.875 1.3751
22.625 76.125 1.1767
22.625 76.375 1.0826
22.625 76.625 1.507
22.625 76.875 1.0379
22.625 77.125 1.0355
22.625 77.375 1.5362
22.625 77.625 1.5326
22.625 77.875 1.8238
22.625 78.125 1.4391
22.625 78.375 0.94209
22.625 78.625 0.54596
22.625 78.875 0.85204
22.625 79.125 0.90338
22.625 79.375 0.86287
22.625 79.625 0.37812
22.625 79.875 0.39343
22.625 80.125 0.37856
22.625 80.375 0.75085
22.625 80.625 1.0763
22.625 80.875 1.4501
22.625 81.125 1.4817
22.625 81.375 1.6925
22.625 81.625 0.95126
22.625 81.875 0.49069
22.625 82.125 0.078287
22.625 82.375 0.067228
22.625 82.625 0.4439
22.625 82.875 0.39383
22.625 83.125 0.14693
22.625 83.375 0.015936
22.625 83.625 -0.11304
22.625 83.875 -0.24797
22.625 84.125 -0.39733
22.625 84.375 -0.54076
22.625 84.625 -0.47091
22.625 84.875 -0.29537
22.625 85.125 -0.43277
22.625 85.375 -0.48231
22.625 85.625 0.17819
22.625 85.875 0.62141
22.625 86.125 -0.45186
22.625 86.375 -0.61412
22.625 86.625 -0.52826
22.625 86.875 -0.4528
22.625 87.125 -0.35908
22.625 87.375 -0.91399
22.625 87.625 -0.8798
22.625 87.875 -1.2592
22.625 88.125 -1.1351
22.625 88.375 -1.1189
22.625 88.625 -1.0065
22.625 88.875 -0.96374
22.625 92.625 0.024703
22.625 92.875 1.1154
22.875 69.375 NaN
22.875 69.625 NaN
22.875 69.875 NaN
22.875 70.625 0.35724
22.875 70.875 -0.10035
22.875 71.125 -0.42024
22.875 71.375 -0.54501
22.875 71.625 -0.47927
22.875 71.875 -0.90912
22.875 72.125 -0.82739
22.875 72.375 -0.43732
22.875 72.625 0.87266
22.875 72.875 -0.3632
22.875 73.125 -0.025233
22.875 73.375 -0.015296
22.875 73.625 0.21641
22.875 73.875 -0.61834
22.875 74.125 -0.29986
22.875 74.375 -0.25874
22.875 74.625 -0.22229
22.875 74.875 0.33676
22.875 75.125 0.40802
22.875 75.375 0.49738
22.875 75.625 0.59777
22.875 75.875 1.5828
22.875 76.125 1.7543
22.875 76.375 1.3729
22.875 76.625 1.4718
22.875 76.875 1.4794
22.875 77.125 1.7419
22.875 77.375 1.6763
22.875 77.625 1.7326
22.875 77.875 1.7049
22.875 78.125 1.8836
22.875 78.375 1.0422
22.875 78.625 0.49173
22.875 78.875 0.68833
22.875 79.125 1.0015
22.875 79.375 0.68453
22.875 79.625 0.55142
22.875 79.875 0.34053
22.875 80.125 0.18612
22.875 80.375 0.44853
22.875 80.625 1.3212
22.875 80.875 1.4398
22.875 81.125 1.4932
22.875 81.375 1.3476
22.875 81.625 0.12215
22.875 81.875 -0.35028
22.875 82.125 -0.29245
22.875 82.375 0.30712
22.875 82.625 0.76821
22.875 82.875 0.74933
22.875 83.125 0.45315
22.875 83.375 0.24368
22.875 83.625 -0.074086
22.875 83.875 -0.036384
22.875 84.125 -0.43675
22.875 84.375 -0.80919
22.875 84.625 -0.69012
22.875 84.875 -1.0019
22.875 85.125 -0.50076
22.875 85.375 -0.77971
22.875 85.625 -0.79529
22.875 85.875 -0.38327
22.875 86.125 -0.72545
22.875 86.375 -1.0883
22.875 86.625 -0.68191
22.875 86.875 -0.46604
22.875 87.125 -0.65612
22.875 87.375 -0.91585
22.875 87.625 -0.84518
22.875 87.875 -0.75109
22.875 88.125 -1.088
22.875 88.375 -1.0184
22.875 88.625 -1.0998
22.875 92.625 -0.31198
22.875 92.875 0.60447
23.125 68.875 1.002
23.125 69.125 1.005
23.125 69.375 1.0901
23.125 69.625 1.0798
23.125 69.875 0.87447
23.125 70.125 0.45303
23.125 70.875 -0.19629
23.125 71.125 -0.39532
23.125 71.375 -0.6041
23.125 71.625 -0.49199
23.125 71.875 -0.82764
23.125 72.125 -0.34368
23.125 72.375 -0.27544
23.125 72.625 0.16003
23.125 72.875 -0.2952
23.125 73.125 -0.23397
23.125 73.375 0.10815
23.125 73.625 0.33936
23.125 73.875 0.08523
23.125 74.125 0.12405
23.125 74.375 0.085858
23.125 74.625 0.46374
23.125 74.875 0.64837
23.125 75.125 0.57533
23.125 75.375 0.82013
23.125 75.625 0.85326
23.125 75.875 0.97179
23.125 76.125 1.8802
23.125 76.375 1.6537
23.125 76.625 1.425
23.125 76.875 1.5684
23.125 77.125 2.183
23.125 77.375 1.8369
23.125 77.625 1.6593
23.125 77.875 1.6761
23.125 78.125 1.2777
23.125 78.375 1.1462
23.125 78.625 0.4398
23.125 78.875 0.7524
23.125 79.125 0.92606
23.125 79.375 0.91054
23.125 79.625 0.5189
23.125 79.875 0.40127
23.125 80.125 0.22315
23.125 80.375 0.2425
23.125 80.625 0.79252
23.125 80.875 1.2662
23.125 81.125 1.0006
23.125 81.375 0.24799
23.125 81.625 0.14778
23.125 81.875 -1.1217
23.125 82.125 -0.13402
23.125 82.375 0.41018
23.125 82.625 0.60294
23.125 82.875 0.69514
23.125 83.125 0.23794
23.125 83.375 0.010802
23.125 83.625 -0.031208
23.125 83.875 0.11737
23.125 84.125 -0.62819
23.125 84.375 -0.47179
23.125 84.625 -0.68087
23.125 84.875 -0.88574
23.125 85.125 -0.75629
23.125 85.375 0.090727
23.125 85.625 0.55353
23.125 85.875 -0.15841
23.125 86.125 -0.40673
23.125 86.375 -0.66343
23.125 86.625 -0.62889
23.125 86.875 -0.26927
23.125 87.125 -0.52728
23.125 87.375 -0.77307
23.125 87.625 -0.76574
23.125 87.875 -1.2755
23.125 88.125 -1.6451
23.125 88.375 -1.473
23.125 88.625 -1.3331
23.125 91.625 NaN
23.125 92.625 -0.85258
23.125 92.875 -0.59582
23.125 93.125 NaN
23.375 68.875 1.2193
23.375 69.125 1.0898
23.375 69.375 1.0937
23.375 69.625 0.99131
23.375 69.875 0.73755
23.375 70.125 0.38528
23.375 70.375 0.1972
23.375 70.625 0.1267
23.375 70.875 -0.0027915
23.375 71.125 0.023639
23.375 71.375 0.049191
23.375 71.625 0.025923
23.375 71.875 0.34684
23.375 72.125 0.03702
23.375 72.375 -0.16779
23.375 72.625 -0.043082
23.375 72.875 0.19419
23.375 73.125 0.17189
23.375 73.375 0.57751
23.375 73.625 0.46235
23.375 73.875 0.04679
23.375 74.125 0.18599
23.375 74.375 0.65819
23.375 74.625 0.99284
23.375 74.875 1.2756
23.375 75.125 1.0774
23.375 75.375 1.2201
23.375 75.625 1.0502
23.375 75.875 0.98684
23.375 76.125 1.3869
23.375 76.375 1.7261
23.375 76.625 2.2112
23.375 76.875 2.599
23.375 77.125 2.4923
23.375 77.375 1.6022
23.375 77.625 1.1859
23.375 77.875 1.6152
23.375 78.125 1.7997
23.375 78.375 1.4232
23.375 78.625 1.0604
23.375 78.875 0.92613
23.375 79.125 0.69115
23.375 79.375 0.77471
23.375 79.625 0.71553
23.375 79.875 0.67024
23.375 80.125 0.28862
23.375 80.375 -0.42419
23.375 80.625 -0.48522
23.375 80.875 0.25712
23.375 81.125 0.34881
23.375 81.375 0.13844
23.375 81.625 0.010381
23.375 81.875 -0.27555
23.375 82.125 0.029044
23.375 82.375 0.20094
23.375 82.625 0.52203
23.375 82.875 0.3519
23.375 83.125 -0.36768
23.375 83.375 -0.85053
23.375 83.625 -0.64012
23.375 83.875 -0.2137
23.375 84.125 -0.39554
23.375 84.375 0.043886
23.375 84.625 -0.52062
23.375 84.875 -0.97257
23.375 85.125 -0.71792
23.375 85.375 0.27776
23.375 85.625 0.83039
23.375 85.875 0.19668
23.375 86.125 -0.2475
23.375 86.375 -0.48708
23.375 86.625 -0.86509
23.375 86.875 -0.15939
23.375 87.125 -0.56386
23.375 87.375 -0.75195
23.375 87.625 -0.75372
23.375 87.875 -1.4745
23.375 88.125 -1.6653
23.375 88.375 -1.6102
23.375 88.625 -1.6114
23.375 91.375 -0.77907
23.375 91.625 -0.80036
23.375 92.625 -1.1075
23.375 92.875 -0.87741
23.375 93.125 -0.77153
23.625 68.625 1.5868
23.625 68.875 1.5303
23.625 69.125 1.2455
23.625 69.375 1.1722
23.625 69.625 0.89123
23.625 69.875 0.72309
23.625 70.125 0.4941
23.625 70.375 0.32624
23.625 70.625 0.23835
23.625 70.875 0.38925
23.625 71.125 0.5681
23.625 71.375 0.68817
23.625 71.625 -0.16707
23.625 71.875 -0.094866
23.625 72.125 0.14438
23.625 72.375 -0.38467
23.625 72.625 0.37114
23.625 72.875 0.55855
23.625 73.125 0.39885
23.625 73.375 0.30267
23.625 73.625 0.2642
23.625 73.875 0.051428
23.625 74.125 0.51417
23.625 74.375 0.5608
23.625 74.625 1.0834
23.625 74.875 1.5956
23.625 75.125 1.4053
23.625 75.375 1.3416
23.625 75.625 1.5245
23.625 75.875 1.9142
23.625 76.125 1.8903
23.625 76.375 2.237
23.625 76.625 3.0178
23.625 76.875 2.7056
23.625 77.125 2.5372
23.625 77.375 1.2563
23.625 77.625 0.91628
23.625 77.875 1.2359
23.625 78.125 1.6132
23.625 78.375 1.2227
23.625 78.625 0.96773
23.625 78.875 0.90484
23.625 79.125 0.55578
23.625 79.375 0.67518
23.625 79.625 0.84745
23.625 79.875 0.78831
23.625 80.125 0.063763
23.625 80.375 -0.34419
23.625 80.625 -0.42097
23.625 80.875 -0.18004
23.625 81.125 0.14364
23.625 81.375 0.2097
23.625 81.625 0.13026
23.625 81.875 -0.082234
23.625 82.125 0.089415
23.625 82.375 -0.003793
23.625 82.625 -0.092818
23.625 82.875 -0.76898
23.625 83.125 -1.1236
23.625 83.375 -0.99924
23.625 83.625 -1.0299
23.625 83.875 -0.19961
23.625 84.125 0.26825
23.625 84.375 -0.65429
23.625 84.625 -0.71932
23.625 84.875 -0.86891
23.625 85.125 -1.0574
23.625 85.375 -0.064765
23.625 85.625 -0.52977
23.625 85.875 -0.5971
23.625 86.125 -0.96852
23.625 86.375 -0.89805
23.625 86.625 -1.0766
23.625 86.875 -1.0155
23.625 87.125 -1.0058
23.625 87.375 -1.003
23.625 87.625 -1.2631
23.625 87.875 -1.4788
23.625 88.125 -1.7309
23.625 88.375 -1.8191
23.625 91.375 -0.38343
23.625 91.625 -0.68
23.625 91.875 NaN
23.625 92.375 -1.4274
23.625 92.625 -1.1541
23.625 92.875 -0.97295
23.625 93.125 -0.7802
23.875 68.875 1.5461
23.875 69.125 1.4664
23.875 69.375 1.4045
23.875 69.625 0.97778
23.875 69.875 0.65045
23.875 70.125 0.50182
23.875 70.375 0.35803
23.875 70.625 0.2372
23.875 70.875 0.35284
23.875 71.125 0.52582
23.875 71.375 0.4451
23.875 71.625 0.78107
23.875 71.875 0.6494
23.875 72.125 0.85591
23.875 72.375 0.29025
23.875 72.625 0.3612
23.875 72.875 0.44821
23.875 73.125 0.32643
23.875 73.375 0.51864
23.875 73.625 0.27575
23.875 73.875 0.7237
23.875 74.125 0.7944
23.875 74.375 0.77283
23.875 74.625 0.85894
23.875 74.875 1.2998
23.875 75.125 1.1736
23.875 75.375 0.99637
23.875 75.625 1.9317
23.875 75.875 1.6746
23.875 76.125 2.1066
23.875 76.375 2.2589
23.875 76.625 3.0497
23.875 76.875 2.4028
23.875 77.125 2.1649
23.875 77.375 1.6249
23.875 77.625 1.1798
23.875 77.875 0.69573
23.875 78.125 0.59511
23.875 78.375 1.0288
23.875 78.625 0.71653
23.875 78.875 0.51522
23.875 79.125 0.35647
23.875 79.375 0.70008
23.875 79.625 0.7818
23.875 79.875 0.6014
23.875 80.125 0.37692
23.875 80.375 -0.11092
23.875 80.625 -0.19971
23.875 80.875 -0.30992
23.875 81.125 -0.19898
23.875 81.375 -0.030996
23.875 81.625 0.010673
23.875 81.875 0.057379
23.875 82.125 -0.0015843
23.875 82.375 -0.17232
23.875 82.625 -0.79614
23.875 82.875 -1.105
23.875 83.125 -1.2344
23.875 83.375 -1.3187
23.875 83.625 -1.2855
23.875 83.875 -0.54138
23.875 84.125 -1.1248
23.875 84.375 -0.93396
23.875 84.625 -0.58055
23.875 84.875 -0.51293
23.875 85.125 -0.64858
23.875 85.375 -0.65283
23.875 85.625 -0.043142
23.875 85.875 -1.1392
23.875 86.125 -1.5551
23.875 86.375 -1.1765
23.875 86.625 -1.0907
23.875 86.875 -0.79121
23.875 87.125 -0.83871
23.875 87.375 -1.088
23.875 87.625 -1.6573
23.875 87.875 -2.063
23.875 88.125 -1.9629
23.875 88.375 -1.9511
23.875 91.375 -0.41386
23.875 91.625 -0.66096
23.875 91.875 -0.60921
23.875 92.125 -1.1468
23.875 92.375 -1.1948
23.875 92.625 -1.0684
23.875 92.875 -0.55766
23.875 93.125 -0.5226
23.875 93.375 -0.57581
24.125 68.875 1.5945
24.125 69.125 1.6847
24.125 69.375 1.5648
24.125 69.625 0.93161
24.125 69.875 0.58384
24.125 70.125 0.41579
24.125 70.375 0.28764
24.125 70.625 0.08818
24.125 70.875 0.18073
24.125 71.125 0.11982
24.125 71.375 0.13029
24.125 71.625 0.36476
24.125 71.875 0.99883
24.125 72.125 1.1495
24.125 72.375 0.77815
24.125 72.625 0.91017
24.125 72.875 0.83732
24.125 73.125 0.3051
24.125 73.375 0.26873
24.125 73.625 0.88012
24.125 73.875 0.93162
24.125 74.125 0.51258
24.125 74.375 0.56178
24.125 74.625 1.1116
24.125 74.875 1.3519
24.125 75.125 1.3528
24.125 75.375 1.6736
24.125 75.625 1.6573
24.125 75.875 1.4778
24.125 76.125 1.7715
24.125 76.375 1.6478
24.125 76.625 1.5011
24.125 76.875 1.9822
24.125 77.125 2.0274
24.125 77.375 1.763
24.125 77.625 1.3425
24.125 77.875 1.0675
24.125 78.125 0.65067
24.125 78.375 0.34331
24.125 78.625 0.36601
24.125 78.875 0.11115
24.125 79.125 0.14527
24.125 79.375 0.611
24.125 79.625 0.91312
24.125 79.875 0.55055
24.125 80.125 0.29859
24.125 80.375 -0.48058
24.125 80.625 -0.39824
24.125 80.875 -0.29899
24.125 81.125 -0.46441
24.125 81.375 -0.37561
24.125 81.625 -0.13403
24.125 81.875 0.040654
24.125 82.125 0.023069
24.125 82.375 -0.37462
24.125 82.625 -0.94406
24.125 82.875 -0.88534
24.125 83.125 -1.2427
24.125 83.375 -1.6287
24.125 83.625 -1.5989
24.125 83.875 -1.32
24.125 84.125 -1.1894
24.125 84.375 -1.4678
24.125 84.625 -0.92882
24.125 84.875 -0.4802
24.125 85.125 -0.74627
24.125 85.375 -0.049937
24.125 85.625 0.25854
24.125 85.875 -0.49426
24.125 86.125 -1.3899
24.125 86.375 -1.3768
24.125 86.625 -0.77628
24.125 86.875 0.0032598
24.125 87.125 -0.70448
24.125 87.375 -0.95503
24.125 87.625 -1.8706
24.125 87.875 -2.1367
24.125 88.125 -1.9322
24.125 88.375 -1.9647
24.125 91.875 -0.20039
24.125 92.125 -0.098257
24.125 92.375 -0.27161
24.125 92.625 -0.21189
24.125 92.875 -0.094945
24.125 93.125 -0.53479
24.125 93.375 -0.95433
24.125 93.625 -0.98398
24.125 93.875 -0.98843
24.125 94.125 NaN
24.375 71.375 0.2034
24.375 71.625 0.30084
24.375 71.875 0.4525
24.375 72.125 0.77177
24.375 72.375 -0.086334
24.375 72.625 0.27457
24.375 72.875 0.74351
24.375 73.125 0.61807
24.375 73.375 0.42659
24.375 73.625 0.46854
24.375 73.875 0.63536
24.375 74.125 0.47864
24.375 74.375 0.35013
24.375 74.625 1.3073
24.375 74.875 0.99006
24.375 75.125 1.3193
24.375 75.375 1.4516
24.375 75.625 1.4275
24.375 75.875 1.2721
24.375 76.125 1.8193
24.375 76.375 1.157
24.375 76.625 1.2136
24.375 76.875 1.2362
24.375 77.125 1.7329
24.375 77.375 1.4298
24.375 77.625 1.2555
24.375 77.875 1.1687
24.375 78.125 0.54987
24.375 78.375 0.46068
24.375 78.625 0.30733
24.375 78.875 0.28039
24.375 79.125 0.3199
24.375 79.375 0.61918
24.375 79.625 1.1812
24.375 79.875 1.1305
24.375 80.125 1.1758
24.375 80.375 0.57379
24.375 80.625 -0.042945
24.375 80.875 -0.17147
24.375 81.125 -0.50749
24.375 81.375 -0.52193
24.375 81.625 -0.25713
24.375 81.875 -0.26432
24.375 82.125 -0.15538
24.375 82.375 -0.28597
24.375 82.625 -0.38212
24.375 82.875 -0.66446
24.375 83.125 -1.2963
24.375 83.375 -0.95477
24.375 83.625 -0.52832
24.375 83.875 -0.90514
24.375 84.125 -1.2163
24.375 84.375 -1.2105
24.375 84.625 -1.1092
24.375 84.875 0.10269
24.375 85.125 -0.20894
24.375 85.375 -0.38193
24.375 85.625 -0.16213
24.375 85.875 -1.0717
24.375 86.125 -1.2234
24.375 86.375 -0.97483
24.375 86.625 -0.88001
24.375 86.875 -0.75067
24.375 87.125 -1.3453
24.375 87.375 -2.47
24.375 87.625 -1.8568
24.375 87.875 -2.1756
24.375 88.125 -2.2878
24.375 92.375 -0.43563
24.375 92.625 -0.34081
24.375 92.875 -0.15888
24.375 93.125 -0.64303
24.375 93.375 -1.004
24.375 93.625 -1.0053
24.375 93.875 -1.0535
24.375 94.125 -0.87617
24.625 71.125 0.060224
24.625 71.375 0.13414
24.625 71.625 0.082028
24.625 71.875 0.59251
24.625 72.125 0.41712
24.625 72.375 0.07145
24.625 72.625 -0.21436
24.625 72.875 0.38743
24.625 73.125 0.74642
24.625 73.375 1.0474
24.625 73.625 0.63535
24.625 73.875 0.59196
24.625 74.125 0.40904
24.625 74.375 0.74631
24.625 74.625 1.4553
24.625 74.875 1.011
24.625 75.125 1.1236
24.625 75.375 1.3151
24.625 75.625 1.3726
24.625 75.875 1.218
24.625 76.125 1.4298
24.625 76.375 1.3152
24.625 76.625 1.5173
24.625 76.875 0.90767
24.625 77.125 1.1909
24.625 77.375 1.3617
24.625 77.625 1.3399
24.625 77.875 1.0528
24.625 78.125 0.51873
24.625 78.375 0.51749
24.625 78.625 0.34929
24.625 78.875 0.38545
24.625 79.125 0.53927
24.625 79.375 0.89151
24.625 79.625 1.2661
24.625 79.875 1.1119
24.625 80.125 1.1095
24.625 80.375 0.84812
24.625 80.625 3.2661
24.625 80.875 1.3499
24.625 81.125 -0.39428
24.625 81.375 -0.5381
24.625 81.625 0.23534
24.625 81.875 0.080511
24.625 82.125 -0.47313
24.625 82.375 -0.23822
24.625 82.625 -0.26376
24.625 82.875 -0.27008
24.625 83.125 -0.77408
24.625 83.375 -1.0295
24.625 83.625 -1.0938
24.625 83.875 -1.0428
24.625 84.125 -0.86117
24.625 84.375 -1.1287
24.625 84.625 -1.2839
24.625 84.875 -0.12458
24.625 85.125 -0.62741
24.625 85.375 -0.25987
24.625 85.625 -0.68434
24.625 85.875 -1.5344
24.625 86.125 -0.89371
24.625 86.375 -0.65802
24.625 86.625 -0.8547
24.625 86.875 -1.2168
24.625 87.125 -1.6458
24.625 87.375 -1.9629
24.625 87.625 -1.8347
24.625 87.875 -1.7159
24.625 92.375 -0.29681
24.625 92.625 -0.47508
24.625 92.875 -0.55339
24.625 93.125 -0.69604
24.625 93.375 -0.9433
24.625 93.625 -1.1796
24.625 93.875 -1.1134
24.625 94.125 -0.59292
24.625 94.375 NaN
24.875 71.125 -0.0032112
24.875 71.375 -0.22447
24.875 71.625 -0.12543
24.875 71.875 0.07575
24.875 72.125 0.59685
24.875 72.375 0.41961
24.875 72.625 -0.019435
24.875 72.875 0.16549
24.875 73.125 -0.32847
24.875 73.375 0.2194
24.875 73.625 0.4001
24.875 73.875 0.30571
24.875 74.125 -0.026404
24.875 74.375 0.70301
24.875 74.625 0.98045
24.875 74.875 0.69792
24.875 75.125 1.0396
24.875 75.375 1.1184
24.875 75.625 1.6618
24.875 75.875 1.5231
24.875 76.125 1.5769
24.875 76.375 1.4869
24.875 76.625 1.6885
24.875 76.875 1.7355
24.875 77.125 1.6337
24.875 77.375 1.6803
24.875 77.625 1.5393
24.875 77.875 1.1807
24.875 78.125 1.0903
24.875 78.375 1.4771
24.875 78.625 1.0577
24.875 78.875 0.42396
24.875 79.125 0.48032
24.875 79.375 0.93351
24.875 79.625 1.0247
24.875 79.875 1.2118
24.875 80.125 -0.35209
24.875 80.375 1.5215
24.875 80.625 3.8197
24.875 80.875 3.1006
24.875 81.125 -0.29504
24.875 81.375 -0.91241
24.875 81.625 -0.85359
24.875 81.875 -0.60591
24.875 82.125 -0.86665
24.875 82.375 -0.80086
24.875 82.625 -0.1895
24.875 82.875 0.78204
24.875 83.125 -0.34131
24.875 83.375 -1.1313
24.875 83.625 -1.2079
24.875 83.875 -1.0565
24.875 84.125 -0.83054
24.875 84.375 -1.3051
24.875 84.625 -1.1932
24.875 84.875 0.12667
24.875 85.125 -0.73158
24.875 85.375 -1.1548
24.875 85.625 -0.86724
24.875 85.875 -0.98442
24.875 86.125 -0.87451
24.875 86.375 -0.80008
24.875 86.625 -1.1455
24.875 86.875 -0.95079
24.875 87.125 -1.6715
24.875 87.375 -1.3523
24.875 87.625 -1.3698
24.875 87.875 -1.5596
24.875 88.125 -1.684
24.875 92.625 -0.88897
24.875 92.875 -0.6922
24.875 93.125 -0.74375
24.875 93.375 -0.93201
24.875 93.625 -0.904
24.875 93.875 -0.83112
24.875 94.125 -0.5644
24.875 94.375 -0.54361
25.125 71.125 0.33513
25.125 71.375 -0.0025848
25.125 71.625 -0.05791
25.125 71.875 -0.13649
25.125 72.125 0.24567
25.125 72.375 0.32019
25.125 72.625 -0.064225
25.125 72.875 -0.0023751
25.125 73.125 -0.37014
25.125 73.375 0.14053
25.125 73.625 -0.073086
25.125 73.875 -0.0068979
25.125 74.125 0.11048
25.125 74.375 0.88595
25.125 74.625 0.54303
25.125 74.875 0.67174
25.125 75.125 1.0039
25.125 75.375 0.8441
25.125 75.625 1.1869
25.125 75.875 0.41618
25.125 76.125 1.8526
25.125 76.375 1.5577
25.125 76.625 1.5542
25.125 76.875 1.4903
25.125 77.125 1.892
25.125 77.375 1.9311
25.125 77.625 1.472
25.125 77.875 1.23
25.125 78.125 1.7542
25.125 78.375 2.0439
25.125 78.625 1.0275
25.125 78.875 0.60954
25.125 79.125 0.53011
25.125 79.375 0.44736
25.125 79.625 0.41518
25.125 79.875 -0.045091
25.125 80.125 -0.8008
25.125 80.375 1.2083
25.125 80.625 4.4573
25.125 80.875 3.6718
25.125 81.125 0.30377
25.125 81.375 -0.23751
25.125 81.625 -0.71262
25.125 81.875 -0.42463
25.125 82.125 -0.30564
25.125 82.375 -1.0282
25.125 82.625 1.5263
25.125 82.875 -0.36579
25.125 83.125 -0.85433
25.125 83.375 -0.84799
25.125 83.625 -0.8072
25.125 83.875 -0.74445
25.125 84.125 -0.58575
25.125 84.375 -0.58296
25.125 84.625 -0.6659
25.125 84.875 -0.13083
25.125 85.125 -0.77139
25.125 85.375 -1.196
25.125 85.625 -1.3422
25.125 85.875 -1.1691
25.125 86.125 -0.79859
25.125 86.375 -0.84827
25.125 86.625 -1.5258
25.125 86.875 -1.3317
25.125 87.125 -1.3357
25.125 87.375 -1.2396
25.125 87.625 -1.2855
25.125 87.875 -1.647
25.125 88.125 -2.304
25.125 88.375 -2.6235
25.125 92.375 -1.0221
25.125 92.625 -1.0713
25.125 92.875 -0.90061
25.125 93.125 -0.66647
25.125 93.375 -0.64258
25.125 93.625 -0.42457
25.125 93.875 -0.63732
25.125 94.125 -0.65694
25.125 94.375 -0.68449
25.375 70.875 1.2027
25.375 71.125 1.118
25.375 71.375 0.77687
25.375 71.625 0.71021
25.375 71.875 0.40079
25.375 72.125 0.20512
25.375 72.375 0.23807
25.375 72.625 0.068495
25.375 72.875 -0.052456
25.375 73.125 -0.014346
25.375 73.375 0.36407
25.375 73.625 0.3468
25.375 73.875 0.11463
25.375 74.125 -0.102
25.375 74.375 -0.13458
25.375 74.625 0.17427
25.375 74.875 0.52443
25.375 75.125 1.1077
25.375 75.375 1.1751
25.375 75.625 1.4385
25.375 75.875 1.3422
25.375 76.125 1.9696
25.375 76.375 1.6706
25.375 76.625 1.3426
25.375 76.875 1.2625
25.375 77.125 1.8291
25.375 77.375 1.691
25.375 77.625 1.2798
25.375 77.875 1.087
25.375 78.125 1.2627
25.375 78.375 1.5716
25.375 78.625 0.96058
25.375 78.875 -0.17373
25.375 79.125 -0.1511
25.375 79.375 0.26154
25.375 79.625 1.2083
25.375 79.875 1.3379
25.375 80.125 0.67078
25.375 80.375 -0.31683
25.375 80.625 2.2519
25.375 80.875 0.42161
25.375 81.125 1.2112
25.375 81.375 -0.074123
25.375 81.625 -0.36673
25.375 81.875 -0.89445
25.375 82.125 -0.32183
25.375 82.375 -0.52359
25.375 82.625 -0.87408
25.375 82.875 0.56388
25.375 83.125 -0.90651
25.375 83.375 -0.43332
25.375 83.625 -0.97546
25.375 83.875 -0.67396
25.375 84.125 -0.65284
25.375 84.375 -0.829
25.375 84.625 -0.46421
25.375 84.875 -0.63651
25.375 85.125 -0.062479
25.375 85.375 -0.014348
25.375 85.625 -0.64191
25.375 85.875 -0.44329
25.375 86.125 -0.2215
25.375 86.375 -0.85186
25.375 86.625 -1.1525
25.375 86.875 -1.2455
25.375 87.125 -0.53141
25.375 87.375 -0.49624
25.375 87.625 -0.98375
25.375 87.875 -1.6278
25.375 88.125 -2.438
25.375 88.375 -2.8209
25.375 88.625 -2.3673
25.375 90.125 1.5175
25.375 90.375 1.518
25.375 90.625 1.0979
25.375 90.875 0.81369
25.375 91.125 0.5784
25.375 91.375 0.023093
25.375 91.625 -0.10758
25.375 91.875 -0.092542
25.375 92.125 -0.27513
25.375 92.375 -0.48849
25.375 92.625 -0.77421
25.375 92.875 -1.0891
25.375 93.125 -0.8861
25.375 93.375 -0.56989
25.375 93.625 -0.27291
25.375 93.875 -0.64439
25.375 94.125 -0.64805
25.375 94.375 -0.78619
25.625 70.875 0.85075
25.625 71.125 1.0708
25.625 71.375 1.0884
25.625 71.625 0.97643
25.625 71.875 0.31889
25.625 72.125 -0.067495
25.625 72.375 -0.039563
25.625 72.625 -0.34263
25.625 72.875 -0.35083
25.625 73.125 -0.063536
25.625 73.375 0.43049
25.625 73.625 0.52194
25.625 73.875 -0.15502
25.625 74.125 0.01002
25.625 74.375 0.12984
25.625 74.625 0.055268
25.625 74.875 0.28325
25.625 75.125 0.31425
25.625 75.375 1.7378
25.625 75.625 2.276
25.625 75.875 2.0859
25.625 76.125 2.1724
25.625 76.375 1.8282
25.625 76.625 1.1585
25.625 76.875 1.0529
25.625 77.125 1.9247
25.625 77.375 1.8976
25.625 77.625 0.99278
25.625 77.875 1.0058
25.625 78.125 0.8635
25.625 78.375 0.31685
25.625 78.625 0.17163
25.625 78.875 -0.17451
25.625 79.125 0.66293
25.625 79.375 1.0864
25.625 79.625 2.3904
25.625 79.875 2.4053
25.625 80.125 1.6191
25.625 80.375 2.6349
25.625 80.625 1.0752
25.625 80.875 -0.099506
25.625 81.125 2.7498
25.625 81.375 1.7592
25.625 81.625 0.99372
25.625 81.875 0.62037
25.625 82.125 -0.31245
25.625 82.375 0.0064042
25.625 82.625 -1.0858
25.625 82.875 -1.1327
25.625 83.125 -0.68778
25.625 83.375 -0.60848
25.625 83.625 -0.92517
25.625 83.875 -0.52451
25.625 84.125 -0.77018
25.625 84.375 -1.5481
25.625 84.625 -0.89641
25.625 84.875 -0.40737
25.625 85.125 -1.0995
25.625 85.375 -0.73398
25.625 85.625 -0.19612
25.625 85.875 -0.32205
25.625 86.125 -0.24627
25.625 86.375 -0.71234
25.625 86.625 -1.685
25.625 86.875 -0.54056
25.625 87.125 0.19898
25.625 87.375 -0.11044
25.625 87.625 -0.37661
25.625 87.875 -0.15326
25.625 88.125 -2.0925
25.625 90.125 1.9829
25.625 90.375 1.5344
25.625 90.625 0.52498
25.625 90.875 0.38883
25.625 91.125 -0.46332
25.625 91.375 -0.19971
25.625 91.625 -0.050491
25.625 91.875 -0.19181
25.625 92.125 -0.48374
25.625 92.375 -0.42559
25.625 92.625 -1.1711
25.625 92.875 -0.9321
25.625 93.125 -0.99363
25.625 93.375 -0.73831
25.625 93.625 -0.61541
25.625 93.875 -0.81053
25.625 94.125 -1.0384
25.625 94.375 -1.1012
25.625 94.625 NaN
25.625 94.875 NaN
25.875 70.375 1.172
25.875 70.625 1.0116
25.875 70.875 0.75925
25.875 71.125 0.68972
25.875 71.375 1.0641
25.875 71.625 1.2251
25.875 71.875 0.41705
25.875 72.125 0.18069
25.875 72.375 0.085188
25.875 72.625 -0.0049363
25.875 72.875 -0.32136
25.875 73.125 0.26393
25.875 73.375 1.0306
25.875 73.625 0.59493
25.875 73.875 0.48627
25.875 74.125 0.23942
25.875 74.375 0.18405
25.875 74.625 0.57375
25.875 74.875 0.49001
25.875 75.125 0.71169
25.875 75.375 1.1814
25.875 75.625 2.1306
25.875 75.875 1.8973
25.875 76.125 1.5556
25.875 76.375 2.1293
25.875 76.625 1.8687
25.875 76.875 2.2521
25.875 77.125 2.4203
25.875 77.375 2.7016
25.875 77.625 1.832
25.875 77.875 1.0506
25.875 78.125 0.87863
25.875 78.375 0.47246
25.875 78.625 0.57973
25.875 78.875 0.2865
25.875 79.125 1.554
25.875 79.375 1.4412
25.875 79.625 0.78689
25.875 79.875 1.204
25.875 80.125 1.1789
25.875 80.375 3.0852
25.875 80.625 1.5815
25.875 80.875 0.42433
25.875 81.125 -0.095685
25.875 81.375 -0.24036
25.875 81.625 0.84749
25.875 81.875 0.71385
25.875 82.125 -0.51228
25.875 82.375 -0.65293
25.875 82.625 -0.23125
25.875 82.875 0.40048
25.875 83.125 -0.32152
25.875 83.375 -0.45328
25.875 83.625 -0.18689
25.875 83.875 -0.71683
25.875 84.125 -0.28993
25.875 84.375 -1.279
25.875 84.625 -1.2056
25.875 84.875 0.014125
25.875 85.125 -0.22974
25.875 85.375 -0.44336
25.875 85.625 -0.28467
25.875 85.875 -0.22881
25.875 86.125 -0.46398
25.875 86.375 -0.44487
25.875 86.625 -1.1399
25.875 86.875 0.20225
25.875 87.125 0.20336
25.875 87.375 -0.49323
25.875 87.625 -0.68827
25.875 87.875 -0.88022
25.875 90.125 0.54531
25.875 90.375 0.41498
25.875 90.625 0.091829
25.875 90.875 0.71673
25.875 91.125 0.13032
25.875 91.375 0.6253
25.875 91.625 0.016892
25.875 91.875 -0.86998
25.875 92.125 -0.65789
25.875 92.375 0.2201
25.875 92.625 0.21318
25.875 92.875 -0.78416
25.875 93.125 -1.3294
25.875 93.375 -1.4619
25.875 93.625 -1.2062
25.875 93.875 -0.81109
25.875 94.125 -0.92397
25.875 94.375 -0.92939
25.875 94.625 -0.70673
25.875 94.875 -0.62126
26.125 70.375 1.276
26.125 70.625 1.2288
26.125 70.875 1.0922
26.125 71.125 0.39963
26.125 71.375 1.0067
26.125 71.625 0.95078
26.125 71.875 0.64737
26.125 72.125 0.71662
26.125 72.375 0.80155
26.125 72.625 0.72419
26.125 72.875 0.65553
26.125 73.125 0.5049
26.125 73.375 0.38558
26.125 73.625 0.43434
26.125 73.875 0.27457
26.125 74.125 -0.19739
26.125 74.375 0.29907
26.125 74.625 0.59782
26.125 74.875 0.52706
26.125 75.125 1.0113
26.125 75.375 1.3517
26.125 75.625 1.3137
26.125 75.875 1.4286
26.125 76.125 1.8321
26.125 76.375 1.5801
26.125 76.625 1.3465
26.125 76.875 2.4828
26.125 77.125 2.2326
26.125 77.375 2.6392
26.125 77.625 2.3388
26.125 77.875 0.75431
26.125 78.125 0.95767
26.125 78.375 0.80375
26.125 78.625 1.2424
26.125 78.875 1.121
26.125 79.125 1.8821
26.125 79.375 2.0388
26.125 79.625 -0.44275
26.125 79.875 0.063494
26.125 80.125 1.2281
26.125 80.375 0.73735
26.125 80.625 0.63853
26.125 80.875 0.41134
26.125 81.125 0.35621
26.125 81.375 -0.10344
26.125 81.625 0.37255
26.125 81.875 0.45901
26.125 82.125 0.052391
26.125 82.375 -0.20402
26.125 82.625 -0.066257
26.125 82.875 0.25003
26.125 83.125 0.075569
26.125 83.375 0.62049
26.125 83.625 0.05259
26.125 83.875 -0.50621
26.125 84.125 -0.28499
26.125 84.375 -0.73084
26.125 84.625 -0.74952
26.125 84.875 -0.36771
26.125 85.125 -0.27561
26.125 85.375 -1.0871
26.125 85.625 -0.61891
26.125 85.875 -0.012864
26.125 86.125 -0.19804
26.125 86.375 -0.56701
26.125 86.625 0.30947
26.125 86.875 1.2416
26.125 87.125 0.21723
26.125 87.375 -0.059901
26.125 87.625 -0.4398
26.125 87.875 0.1988
26.125 88.125 0.45118
26.125 89.375 -0.043985
26.125 89.875 0.21119
26.125 90.125 0.15588
26.125 90.375 0.3808
26.125 90.625 0.60102
26.125 90.875 -0.04284
26.125 91.125 0.75666
26.125 91.375 2.1677
26.125 91.625 -0.36034
26.125 91.875 -0.88674
26.125 92.125 -0.30101
26.125 92.375 0.63867
26.125 92.625 1.1336
26.125 92.875 -0.42011
26.125 93.125 -1.2837
26.125 93.375 -1.3138
26.125 93.625 -1.2575
26.125 93.875 -0.34659
26.125 94.125 -0.38717
26.125 94.375 -0.28785
26.125 94.625 -0.63991
26.125 94.875 -0.69393
26.375 70.375 0.88414
26.375 70.625 1.1261
26.375 70.875 1.4779
26.375 71.125 1.2835
26.375 71.375 0.98195
26.375 71.625 1.1595
26.375 71.875 0.85929
26.375 72.125 0.65039
26.375 72.375 0.8558
26.375 72.625 0.80716
26.375 72.875 0.78217
26.375 73.125 0.39977
26.375 73.375 0.22241
26.375 73.625 0.488
26.375 73.875 0.37251
26.375 74.125 -0.10482
26.375 74.375 0.4085
26.375 74.625 -0.75327
26.375 74.875 -0.096431
26.375 75.125 1.32
26.375 75.375 1.1471
26.375 75.625 0.78562
26.375 75.875 1.3277
26.375 76.125 1.3851
26.375 76.375 1.2414
26.375 76.625 1.2049
26.375 76.875 1.5843
26.375 77.125 1.2234
26.375 77.375 1.9179
26.375 77.625 2.1963
26.375 77.875 0.69191
26.375 78.125 1.0755
26.375 78.375 1.2812
26.375 78.625 1.3737
26.375 78.875 1.915
26.375 79.125 2.73
26.375 79.375 0.057221
26.375 79.625 -0.63294
26.375 79.875 1.152
26.375 80.125 1.4971
26.375 80.375 -0.13953
26.375 80.625 -0.32965
26.375 80.875 2.0353
26.375 81.125 2.6722
26.375 81.375 -0.36438
26.375 81.625 -0.53011
26.375 81.875 0.26775
26.375 82.125 0.26048
26.375 82.375 0.23104
26.375 82.625 -0.18013
26.375 82.875 0.20191
26.375 83.125 0.70809
26.375 83.375 2.0272
26.375 83.625 0.0073258
26.375 83.875 -0.49419
26.375 84.125 -0.765
26.375 84.375 -0.52429
26.375 84.625 -0.013069
26.375 84.875 -1.1258
26.375 85.125 -0.89653
26.375 85.375 -1.2017
26.375 85.625 0.91003
26.375 85.875 0.2274
26.375 86.125 -1.0247
26.375 86.375 -0.011662
26.375 86.625 0.24714
26.375 86.875 0.82031
26.375 87.125 -0.024645
26.375 87.625 -0.41279
26.375 87.875 0.34677
26.375 88.125 0.033778
26.375 88.375 0.04431
26.375 88.875 -0.13364
26.375 89.375 -0.16705
26.375 89.625 0.41041
26.375 89.875 0.25108
26.375 90.125 0.19634
26.375 90.375 0.36157
26.375 90.625 0.63263
26.375 90.875 0.13722
26.375 91.125 0.55082
26.375 91.375 0.2725
26.375 91.625 -0.051866
26.375 91.875 0.077931
26.375 92.125 0.081739
26.375 92.375 -0.12846
26.375 92.625 0.53598
26.375 92.875 -0.21838
26.375 93.125 -0.59796
26.375 93.375 -0.79374
26.375 93.625 -0.39607
26.375 93.875 0.00010736
26.375 94.125 -0.19377
26.375 94.375 -0.24718
26.375 94.625 -0.41122
26.375 94.875 -0.17246
26.625 69.875 0.83615
26.625 70.125 0.73341
26.625 70.375 0.62334
26.625 70.625 0.68332
26.625 70.875 1.0769
26.625 71.125 1.2529
26.625 71.375 0.97045
26.625 71.625 0.75191
26.625 71.875 0.75805
26.625 72.125 0.6977
26.625 72.375 0.97883
26.625 72.625 0.80426
26.625 72.875 0.47188
26.625 73.125 0.21192
26.625 73.375 0.1311
26.625 73.625 0.32257
26.625 73.875 0.28784
26.625 74.125 -0.12856
26.625 74.375 0.96097
26.625 74.625 0.4234
26.625 74.875 1.2351
26.625 75.125 1.8899
26.625 75.375 1.2999
26.625 75.625 1.157
26.625 75.875 1.3968
26.625 76.125 2.456
26.625 76.375 2.4824
26.625 76.625 2.0441
26.625 76.875 2.1291
26.625 77.125 2.1029
26.625 77.375 1.8723
26.625 77.625 2.1548
26.625 77.875 0.43616
26.625 78.125 0.19491
26.625 78.375 0.4767
26.625 78.625 1.1514
26.625 78.875 0.37745
26.625 79.125 0.21921
26.625 79.375 -0.1715
26.625 79.625 -0.40367
26.625 79.875 -0.51103
26.625 80.125 -0.37651
26.625 80.375 0.51564
26.625 80.625 0.18682
26.625 80.875 1.7631
26.625 81.125 2.6482
26.625 81.375 0.69654
26.625 81.625 0.47348
26.625 81.875 2.1115
26.625 82.125 1.192
26.625 82.375 0.055644
26.625 82.625 -0.60899
26.625 82.875 -0.31178
26.625 83.125 -0.050068
26.625 83.375 -0.61824
26.625 83.625 -0.74522
26.625 83.875 -1.107
26.625 84.125 -0.67554
26.625 84.375 -0.36264
26.625 84.625 -0.77543
26.625 84.875 -1.7168
26.625 85.125 -1.6959
26.625 85.375 -1.4063
26.625 85.625 0.324
26.625 86.125 -0.92382
26.625 88.375 1.0786
26.625 88.625 0.42923
26.625 88.875 -0.19033
26.625 89.125 -0.37511
26.625 89.375 -0.064949
26.625 89.625 0.16477
26.625 89.875 -0.18787
26.625 90.125 0.0051076
26.625 90.375 0.2325
26.625 90.625 0.41555
26.625 90.875 0.18465
26.625 91.125 0.11236
26.625 91.375 -0.12373
26.625 91.625 -0.22135
26.625 91.875 0.73684
26.625 92.125 -0.14364
26.625 92.375 0.12323
26.625 92.625 1.1617
26.625 92.875 1.3691
26.625 93.125 0.34919
26.625 93.375 0.084376
26.625 93.625 -0.013354
26.625 93.875 -0.13822
26.625 94.125 -0.22659
26.625 94.375 -0.13161
26.625 94.625 0.065633
26.625 94.875 0.49849
26.625 95.125 0.52165
26.875 69.625 0.99802
26.875 69.875 0.98364
26.875 70.125 0.87315
26.875 70.375 0.76717
26.875 70.625 0.75258
26.875 70.875 0.77541
26.875 71.125 0.93516
26.875 71.375 0.86023
26.875 71.625 0.70306
26.875 71.875 0.54179
26.875 72.125 0.49864
26.875 72.375 0.62388
26.875 72.625 0.67914
26.875 72.875 0.26096
26.875 73.125 -0.28414
26.875 73.375 -0.30599
26.875 73.625 -0.18736
26.875 73.875 -0.23835
26.875 74.125 -0.13561
26.875 74.375 1.4184
26.875 74.625 1.2067
26.875 74.875 1.0293
26.875 75.125 1.5103
26.875 75.375 1.2397
26.875 75.625 0.23931
26.875 75.875 1.7413
26.875 76.125 2.5677
26.875 76.375 1.7538
26.875 76.625 2.0237
26.875 76.875 2.2086
26.875 77.125 2.678
26.875 77.375 1.6131
26.875 77.625 1.5767
26.875 77.875 1.1055
26.875 78.125 0.85892
26.875 78.375 0.74925
26.875 78.625 0.55374
26.875 78.875 0.42269
26.875 79.125 0.06712
26.875 79.375 -0.0057708
26.875 79.625 0.3354
26.875 79.875 -0.44786
26.875 80.125 0.33705
26.875 80.375 0.81576
26.875 80.625 0.0035089
26.875 80.875 1.0441
26.875 81.125 1.9779
26.875 81.375 1.6375
26.875 81.625 0.30044
26.875 81.875 0.44786
26.875 82.125 2.6013
26.875 82.375 0.47854
26.875 82.625 0.25071
26.875 82.875 -0.47074
26.875 83.125 0.20511
26.875 83.375 -0.52269
26.875 83.625 -0.73123
26.875 83.875 -1.1071
26.875 84.125 -0.5831
26.875 84.375 -0.17256
26.875 84.625 -0.74805
26.875 84.875 -1.6619
26.875 88.375 1.167
26.875 88.625 0.3129
26.875 88.875 -0.13402
26.875 92.375 0.78671
26.875 92.625 1.0813
26.875 92.875 1.7961
26.875 93.125 1.3728
26.875 93.375 0.39497
26.875 93.625 0.17416
26.875 93.875 -0.17591
26.875 94.125 -0.25037
26.875 94.375 0.16761
26.875 94.625 0.27367
26.875 94.875 0.43708
26.875 95.125 0.41555
26.875 95.375 0.49142
26.875 95.625 -0.16039
27.125 69.875 1.1017
27.125 70.125 1.1349
27.125 70.375 1.2965
27.125 70.625 0.93409
27.125 70.875 0.70996
27.125 71.125 0.8004
27.125 71.375 0.5753
27.125 71.625 0.62325
27.125 71.875 0.40279
27.125 72.125 0.4536
27.125 72.375 0.46594
27.125 72.625 0.51254
27.125 72.875 0.077932
27.125 73.125 -0.1404
27.125 73.375 -0.24715
27.125 73.625 -0.30779
27.125 73.875 -0.39596
27.125 74.125 -0.18181
27.125 74.375 1.0966
27.125 74.625 1.3259
27.125 74.875 -0.075688
27.125 75.125 0.59985
27.125 75.375 1.5981
27.125 75.625 2.4393
27.125 75.875 2.0802
27.125 76.125 1.1745
27.125 76.375 1.3542
27.125 76.625 0.42329
27.125 76.875 1.0176
27.125 77.125 2.2815
27.125 77.375 1.5218
27.125 77.625 2.1058
27.125 77.875 2.2779
27.125 78.125 2.3102
27.125 78.375 2.1517
27.125 78.625 0.57243
27.125 78.875 0.33858
27.125 79.125 -0.18027
27.125 79.375 -0.66835
27.125 79.625 -0.22249
27.125 79.875 0.37916
27.125 80.125 0.70274
27.125 80.375 0.81379
27.125 80.625 -0.092029
27.125 80.875 -0.068645
27.125 81.125 2.3598
27.125 81.375 2.6681
27.125 81.625 1.7657
27.125 81.875 2.0156
27.125 82.125 2.0044
27.125 82.375 0.1352
27.125 82.625 0.66657
27.125 82.875 -0.046505
27.125 83.125 0.49711
27.125 83.375 0.20735
27.125 83.625 0.81665
27.125 83.875 0.46828
27.125 84.125 0.060689
27.125 84.375 0.071077
27.125 84.625 -0.57032
27.125 88.125 0.82003
27.125 88.375 0.99167
27.125 88.625 0.93676
27.125 92.125 -0.099645
27.125 92.375 0.14457
27.125 92.625 0.47102
27.125 92.875 1.2323
27.125 93.125 1.2811
27.125 93.375 0.66106
27.125 93.625 0.67838
27.125 93.875 0.93675
27.125 94.125 0.057115
27.125 94.375 0.091739
27.125 94.625 0.14765
27.125 94.875 0.20656
27.125 95.125 0.59317
27.125 95.375 0.34111
27.125 95.625 -0.071087
27.125 95.875 -0.11299
27.375 70.125 1.2643
27.375 70.375 1.2385
27.375 70.625 0.93122
27.375 70.875 0.89367
27.375 71.125 0.78625
27.375 71.375 0.63286
27.375 71.625 0.55122
27.375 71.875 0.39346
27.375 72.125 0.26069
27.375 72.375 0.29307
27.375 72.625 0.33356
27.375 72.875 0.28658
27.375 73.125 0.14498
27.375 73.375 -0.011256
27.375 73.625 -0.1498
27.375 73.875 -0.12186
27.375 74.125 -0.00783
27.375 74.375 0.6726
27.375 74.625 0.46361
27.375 74.875 0.47116
27.375 75.125 0.84621
27.375 75.375 1.1659
27.375 75.625 2.4617
27.375 75.875 1.7721
27.375 76.125 1.1721
27.375 76.375 1.1814
27.375 76.625 1.5739
27.375 76.875 2.5894
27.375 77.125 2.0181
27.375 77.375 1.2374
27.375 77.625 2.2968
27.375 77.875 2.8632
27.375 78.125 3.1174
27.375 78.375 3.425
27.375 78.625 1.5794
27.375 78.875 0.73298
27.375 79.125 -0.58115
27.375 79.375 -0.90394
27.375 79.625 -0.47286
27.375 79.875 0.51872
27.375 80.125 0.018783
27.375 80.375 -0.039602
27.375 80.625 -0.19532
27.375 80.875 -0.26254
27.375 81.125 1.6379
27.375 81.375 1.9896
27.375 81.625 2.6501
27.375 81.875 1.8671
27.375 82.125 1.6788
27.375 82.375 1.0721
27.375 82.625 0.22696
27.375 82.875 0.27176
27.375 83.125 0.48481
27.375 83.625 1.0533
27.375 84.125 0.49174
27.375 84.375 0.016467
27.375 88.125 2.6575
27.375 88.375 1.2949
27.375 88.625 0.68941
27.375 92.125 -0.32819
27.375 92.375 -0.037119
27.375 92.625 0.39691
27.375 92.875 0.47278
27.375 93.125 0.94593
27.375 93.375 0.25272
27.375 93.625 0.4909
27.375 93.875 0.97905
27.375 94.125 -0.51111
27.375 94.375 -0.23975
27.375 94.625 0.083926
27.375 94.875 -0.034371
27.375 95.125 0.13698
27.375 95.375 0.023766
27.375 95.625 -0.10958
27.375 95.875 -0.22314
27.375 96.125 -0.27535
27.375 96.375 0.23472
27.375 96.625 0.61625
27.375 96.875 0.5682
27.625 70.125 1.2881
27.625 70.375 1.1627
27.625 70.625 1.1236
27.625 70.875 1.0208
27.625 71.125 0.93035
27.625 71.375 0.54443
27.625 71.625 0.46282
27.625 71.875 0.39112
27.625 72.125 0.25661
27.625 72.375 0.27604
27.625 72.625 0.20326
27.625 72.875 0.41935
27.625 73.125 0.27957
27.625 73.375 0.29227
27.625 73.625 0.7738
27.625 73.875 0.52433
27.625 74.125 0.2555
27.625 74.375 0.43248
27.625 74.625 0.42524
27.625 74.875 0.30539
27.625 75.125 -0.13647
27.625 75.375 0.52083
27.625 75.625 0.50309
27.625 75.875 0.24273
27.625 76.125 1.428
27.625 76.375 2.5788
27.625 76.625 1.8215
27.625 76.875 2.3452
27.625 77.125 1.0516
27.625 77.375 0.82658
27.625 77.625 1.0483
27.625 77.875 2.2711
27.625 78.125 2.3646
27.625 78.375 2.2988
27.625 78.625 1.0767
27.625 78.875 0.18922
27.625 79.125 -0.22624
27.625 79.375 -0.71382
27.625 79.625 -0.69319
27.625 79.875 0.094788
27.625 80.125 0.09325
27.625 80.375 0.94397
27.625 80.625 0.75162
27.625 80.875 2.2329
27.625 81.125 1.4112
27.625 81.375 1.8738
27.625 81.625 2.7901
27.625 81.875 2.7681
27.625 82.125 2.1611
27.625 82.375 1.3415
27.625 82.625 0.079328
27.625 88.375 1.6527
27.625 88.625 1.4043
27.625 91.625 -0.78507
27.625 91.875 -0.7302
27.625 92.125 -0.173
27.625 92.375 0.014188
27.625 92.625 0.59619
27.625 92.875 0.094976
27.625 93.125 -0.047294
27.625 93.375 -0.56955
27.625 93.625 -0.76338
27.625 93.875 -0.057901
27.625 94.125 0.040116
27.625 94.375 -0.16095
27.625 94.625 -0.22392
27.625 94.875 0.032152
27.625 95.125 -0.31845
27.625 95.375 0.029089
27.625 95.625 -0.028788
27.625 95.875 -0.2363
27.625 96.125 -0.16546
27.625 96.375 0.33502
27.625 96.625 0.50093
27.625 96.875 0.56543
27.875 70.375 1.2633
27.875 71.875 0.50673
27.875 72.125 0.41395
27.875 72.375 0.42752
27.875 72.625 0.39327
27.875 72.875 0.48961
27.875 73.125 0.39701
27.875 73.375 0.55387
27.875 73.625 1.2158
27.875 73.875 1.2052
27.875 74.125 0.79169
27.875 74.375 1.0449
27.875 74.625 0.53432
27.875 74.875 0.26464
27.875 75.125 0.093918
27.875 75.375 0.57802
27.875 75.625 0.70633
27.875 75.875 1.6793
27.875 76.125 2.2621
27.875 76.375 3.434
27.875 76.625 1.6731
27.875 76.875 1.7042
27.875 77.125 2.188
27.875 77.375 0.6874
27.875 77.625 1.4703
27.875 77.875 1.8176
27.875 78.125 1.6688
27.875 78.375 2.944
27.875 78.625 1.6559
27.875 78.875 1.3276
27.875 79.125 0.79688
27.875 79.375 -0.35418
27.875 79.625 -0.50855
27.875 79.875 0.16154
27.875 80.125 0.82483
27.875 80.375 1.9452
27.875 80.625 3.6291
27.875 80.875 3.6863
27.875 81.125 1.5686
27.875 81.375 1.5167
27.875 81.625 2.0738
27.875 88.375 NaN
27.875 88.625 NaN
27.875 92.875 -0.21403
27.875 93.125 -0.4226
27.875 93.375 -0.65471
27.875 93.625 -0.75599
27.875 93.875 -0.43169
27.875 94.125 0.1743
27.875 94.375 -0.0091509
27.875 94.625 0.25143
27.875 94.875 0.90095
27.875 95.125 0.89555
27.875 95.375 0.8601
27.875 95.625 0.36921
27.875 95.875 -0.029676
27.875 96.125 -0.2733
27.875 96.375 0.2641
27.875 96.625 0.52532
27.875 96.875 0.58144
27.875 97.125 0.53141
28.125 72.125 0.98337
28.125 72.375 1.1788
28.125 72.625 0.52184
28.125 72.875 0.40687
28.125 73.125 0.36934
28.125 73.375 0.42493
28.125 73.625 0.992
28.125 73.875 0.88019
28.125 74.125 0.56095
28.125 74.375 0.82078
28.125 74.625 0.6054
28.125 74.875 0.7653
28.125 75.125 0.33359
28.125 75.375 0.6702
28.125 75.625 1.5618
28.125 75.875 1.9381
28.125 76.125 2.4237
28.125 76.375 2.2435
28.125 76.625 3.1494
28.125 76.875 3.1775
28.125 77.125 2.3606
28.125 77.375 0.71524
28.125 77.625 0.47955
28.125 77.875 0.7969
28.125 78.125 1.5309
28.125 78.375 1.8914
28.125 78.625 -0.33819
28.125 78.875 0.44702
28.125 79.125 0.57932
28.125 79.375 -0.37526
28.125 79.625 -0.49594
28.125 79.875 0.25451
28.125 80.125 1.6366
28.125 80.375 2.1838
28.125 80.625 2.108
28.125 80.875 2.4109
28.125 81.125 2.3937
28.125 81.375 2.1327
28.125 92.875 -0.34096
28.125 93.125 -0.38922
28.125 93.375 -0.29966
28.125 93.625 -0.23714
28.125 93.875 -0.29417
28.125 94.125 0.07085
28.125 94.375 -0.026469
28.125 94.625 -0.54944
28.125 94.875 0.57601
28.125 95.125 0.86022
28.125 95.375 0.94146
28.125 95.625 0.46788
28.125 95.875 0.0067989
28.125 96.125 -0.2816
28.125 96.375 0.3342
28.125 96.625 0.48437
28.125 96.875 0.58051
28.125 97.125 0.45069
28.375 72.375 1.6364
28.375 72.625 0.96044
28.375 72.875 0.45781
28.375 73.125 0.43406
28.375 73.375 0.33355
28.375 73.625 0.23868
28.375 73.875 0.33964
28.375 74.125 0.26899
28.375 74.375 0.25819
28.375 74.625 0.45447
28.375 74.875 0.86418
28.375 75.125 1.15
28.375 75.375 0.65353
28.375 75.625 1.393
28.375 75.875 0.9305
28.375 76.125 1.6004
28.375 76.375 2.6945
28.375 76.625 2.0491
28.375 76.875 1.3284
28.375 77.125 1.0547
28.375 77.375 0.31493
28.375 77.625 0.33747
28.375 77.875 0.34314
28.375 78.125 1.0405
28.375 78.375 1.0726
28.375 78.625 -0.1261
28.375 78.875 0.019821
28.375 79.125 0.98317
28.375 79.375 1.4584
28.375 79.625 0.57095
28.375 79.875 0.66746
28.375 80.125 1.5206
28.375 80.375 1.7605
28.375 80.625 1.8526
28.375 80.875 2.4667
28.375 81.125 2.5039
28.375 93.375 -0.083025
28.375 93.625 0.01215
28.375 93.875 0.48673
28.375 94.125 0.82176
28.375 94.375 0.38701
28.375 94.625 0.33642
28.375 94.875 0.37944
28.375 95.125 0.32268
28.375 95.375 0.21496
28.375 95.625 0.118
28.375 95.875 -0.02024
28.375 96.125 -0.45022
28.375 96.625 0.41731
28.625 72.375 2.2545
28.625 72.625 1.7344
28.625 72.875 0.96559
28.625 73.125 0.51352
28.625 73.375 0.53555
28.625 73.625 0.34758
28.625 73.875 0.18787
28.625 74.125 -0.027248
28.625 74.375 -0.036231
28.625 74.625 0.4239
28.625 74.875 0.52683
28.625 75.125 1.1456
28.625 75.375 0.15059
28.625 75.625 -0.52101
28.625 75.875 0.26723
28.625 76.125 0.9981
28.625 76.375 1.7911
28.625 76.625 1.2404
28.625 76.875 1.4295
28.625 77.125 0.34573
28.625 77.375 0.22778
28.625 77.625 0.94719
28.625 77.875 0.6039
28.625 78.125 0.38777
28.625 78.375 0.96204
28.625 78.625 0.38321
28.625 78.875 0.087108
28.625 79.125 2.5911
28.625 79.375 2.2286
28.625 79.625 2.1164
28.625 79.875 1.8647
28.625 80.125 1.4757
28.625 80.375 1.7952
28.625 80.625 2.0992
28.625 93.625 0.75772
28.625 93.875 NaN
28.625 94.125 1.4162
28.625 94.375 1.0615
28.625 94.625 0.82711
28.625 94.875 0.18365
28.625 95.125 -0.0399
28.625 95.375 -0.032155
28.625 95.625 0.020513
28.625 95.875 -0.13078
28.625 96.125 -0.35474
28.625 96.375 0.22032
28.875 72.875 0.42367
28.875 73.125 0.90376
28.875 73.375 1.5841
28.875 73.625 1.139
28.875 73.875 0.80469
28.875 74.125 0.30991
28.875 74.375 -0.20847
28.875 74.625 -0.036672
28.875 74.875 0.19459
28.875 75.125 0.93803
28.875 75.375 0.21109
28.875 75.625 -0.044963
28.875 75.875 -0.14463
28.875 76.125 0.27765
28.875 76.375 1.9982
28.875 76.625 0.94129
28.875 76.875 0.068197
28.875 77.125 0.16416
28.875 77.375 1.0563
28.875 77.625 0.94982
28.875 77.875 0.65875
28.875 78.125 0.26326
28.875 78.375 0.75531
28.875 78.625 0.34633
28.875 78.875 0.23774
28.875 79.125 1.5978
28.875 79.375 1.9888
28.875 79.625 1.5934
28.875 79.875 1.2825
28.875 94.125 2.164
28.875 94.375 1.6496
28.875 94.625 0.87101
28.875 94.875 0.39214
28.875 95.125 -0.024084
28.875 95.375 0.092229
28.875 95.625 -0.018995
28.875 95.875 -0.032564
28.875 96.125 0.36695
28.875 96.375 0.27749
29.125 73.125 0.53161
29.125 73.375 1.6364
29.125 73.625 0.88704
29.125 73.875 0.7675
29.125 74.125 1.07
29.125 74.375 -0.087867
29.125 74.625 -0.19842
29.125 74.875 0.3719
29.125 75.125 1.8669
29.125 75.375 1.4701
29.125 75.625 0.65139
29.125 75.875 0.67745
29.125 76.125 0.38071
29.125 76.375 0.57621
29.125 76.625 0.99752
29.125 76.875 0.12803
29.125 77.125 0.49062
29.125 77.375 0.28729
29.125 77.625 0.83928
29.125 77.875 1.6886
29.125 78.125 1.1958
29.125 78.375 1.0157
29.125 78.625 1.454
29.125 78.875 0.23164
29.125 79.125 1.6916
29.125 79.375 1.6314
29.125 79.625 0.39693
29.125 79.875 0.35224
29.125 80.125 0.36653
29.125 94.375 1.2904
29.125 94.625 0.95069
29.125 94.875 0.33422
29.125 95.625 0.13009
29.125 95.875 0.96242
29.125 96.125 0.64765
29.375 73.375 0.84703
29.375 73.625 0.7286
29.375 73.875 0.42307
29.375 74.125 0.74911
29.375 74.375 0.1816
29.375 74.625 -0.21051
29.375 74.875 1.2408
29.375 75.125 1.9206
29.375 75.375 2.3277
29.375 75.625 1.2674
29.375 75.875 0.58893
29.375 76.125 1.9598
29.375 76.375 1.7154
29.375 76.625 1.5769
29.375 76.875 0.3113
29.375 77.125 0.24604
29.375 77.375 0.39605
29.375 77.625 0.72532
29.375 77.875 1.3927
29.375 78.125 0.67056
29.375 78.375 0.88922
29.375 78.625 0.17902
29.375 78.875 0.096782
29.375 79.125 0.72829
29.375 79.375 0.66299
29.375 79.625 0.42269
29.375 79.875 0.71443
29.375 80.125 1.0201
29.375 96.125 0.66002
29.625 73.375 0.91975
29.625 73.625 1.7733
29.625 73.875 0.76322
29.625 74.125 0.89906
29.625 74.375 0.2123
29.625 74.625 -0.46359
29.625 74.875 0.29879
29.625 75.125 1.0197
29.625 75.375 1.8343
29.625 75.625 1.4759
29.625 75.875 0.74797
29.625 76.125 0.27049
29.625 76.375 1.1122
29.625 76.625 2.2748
29.625 76.875 1.8705
29.625 77.125 0.2542
29.625 77.375 -0.17561
29.625 77.625 -0.55117
29.625 77.875 0.27799
29.625 78.125 1.1557
29.625 78.375 -0.35163
29.625 78.625 0.025921
29.625 78.875 0.080572
29.625 79.125 -0.098981
29.625 79.375 0.46849
29.625 79.625 0.34698
29.625 79.875 0.66627
29.625 80.125 1.5575
29.875 73.625 1.9464
29.875 73.875 0.3495
29.875 74.125 0.323
29.875 74.375 -0.54364
29.875 74.625 -0.51112
29.875 74.875 -0.2323
29.875 75.125 0.14626
29.875 75.375 0.79626
29.875 75.625 0.52371
29.875 75.875 0.71014
29.875 76.125 0.81117
29.875 76.375 0.95219
29.875 76.625 0.754
29.875 76.875 1.0981
29.875 77.125 -0.1546
29.875 77.375 -0.49673
29.875 77.625 -0.12762
29.875 77.875 0.54394
29.875 78.125 0.86986
29.875 78.375 -0.082785
29.875 78.625 0.28511
29.875 78.875 0.95636
29.875 79.125 0.82315
29.875 79.375 1.3831
29.875 79.625 1.1161
29.875 79.875 0.57233
29.875 80.125 1.3881
29.875 80.375 1.3559
30.125 74.125 -0.17325
30.125 74.375 -0.27566
30.125 74.625 0.42261
30.125 74.875 0.40282
30.125 75.125 0.35498
30.125 75.375 0.20201
30.125 75.625 0.50627
30.125 75.875 0.46163
30.125 76.125 1.081
30.125 76.375 0.79322
30.125 76.625 0.33834
30.125 76.875 -0.13936
30.125 77.125 1.3795
30.125 77.375 0.52161
30.125 77.625 0.73585
30.125 77.875 0.52277
30.125 78.125 1.0157
30.125 78.375 0.3174
30.125 78.625 0.61616
30.125 78.875 1.9351
30.125 79.125 1.9714
30.125 79.375 2.2624
30.125 79.625 0.90553
30.125 79.875 0.6788
30.125 80.125 0.75989
30.125 80.375 1.1494
30.125 80.625 1.168
30.375 74.125 -0.21531
30.375 74.375 0.11052
30.375 74.625 0.44524
30.375 74.875 0.71655
30.375 75.125 0.52754
30.375 75.375 0.11038
30.375 75.625 -0.021069
30.375 75.875 0.393
30.375 76.125 0.74331
30.375 76.375 0.72846
30.375 76.625 -0.1202
30.375 76.875 0.11258
30.375 77.125 0.48472
30.375 77.375 0.28899
30.375 77.625 0.49476
30.375 77.875 0.91338
30.375 78.125 0.39933
30.375 78.375 0.52468
30.375 78.625 1.1136
30.375 78.875 1.44
30.375 79.125 1.3634
30.375 79.375 1.0041
30.375 79.625 1.1172
30.375 79.875 0.91838
30.375 80.125 1.0702
30.375 80.375 1.2874
30.375 80.625 1.4403
30.625 74.375 0.093772
30.625 74.625 0.067573
30.625 74.875 0.43083
30.625 75.125 0.77809
30.625 75.375 0.31358
30.625 75.625 0.42752
30.625 75.875 0.50557
30.625 76.125 0.4252
30.625 76.375 0.37631
30.625 76.625 0.57736
30.625 76.875 1.2963
30.625 77.125 0.66059
30.625 77.375 0.53484
30.625 77.625 0.20168
30.625 77.875 0.70776
30.625 78.125 1.3612
30.625 78.375 0.38139
30.625 78.625 0.8174
30.625 78.875 1.3259
30.625 79.125 1.1049
30.625 79.375 0.94685
30.625 79.625 1.3687
30.625 79.875 1.4729
30.625 80.125 1.0222
30.875 74.625 -0.090746
30.875 74.875 0.81258
30.875 75.125 0.62483
30.875 75.375 0.04154
30.875 75.625 0.35633
30.875 75.875 0.019654
30.875 76.125 -0.2785
30.875 76.375 0.43323
30.875 76.625 0.53469
30.875 76.875 0.59465
30.875 77.125 0.9706
30.875 77.375 1.4261
30.875 77.625 0.66673
30.875 77.875 0.78647
30.875 78.125 0.89837
30.875 78.375 0.77874
30.875 78.625 0.64105
30.875 78.875 1.2706
30.875 79.125 1.3108
30.875 79.375 NaN
30.875 79.625 NaN
30.875 79.875 NaN
31.125 74.875 1.0586
31.125 75.125 1.3972
31.125 75.375 -0.10806
31.125 75.625 -0.47884
31.125 75.875 -0.58358
31.125 76.125 0.078294
31.125 76.375 0.11136
31.125 76.625 -0.19927
31.125 76.875 0.67865
31.125 77.125 1.2761
31.125 77.375 1.017
31.125 77.625 1.1391
31.125 77.875 0.022791
31.125 78.125 -0.070515
31.125 78.375 0.39371
31.125 78.625 0.26122
31.125 78.875 NaN
31.125 79.125 NaN
31.375 74.875 0.093554
31.375 75.125 1.2164
31.375 75.375 -0.14343
31.375 75.625 -1.002
31.375 75.875 -0.49861
31.375 76.125 -0.081621
31.375 76.375 0.26935
31.375 76.625 -0.20994
31.375 76.875 0.10819
31.375 77.125 0.99644
31.375 77.375 1.1076
31.375 77.625 0.04801
31.375 77.875 -0.04397
31.375 78.125 -0.1951
31.375 78.375 -0.45641
31.375 78.625 -0.33577
31.625 74.875 -0.55327
31.625 75.125 -0.51334
31.625 75.375 -0.38294
31.625 75.625 -0.65523
31.625 75.875 -1.5923
31.625 76.125 -0.86769
31.625 76.375 -0.057939
31.625 76.625 0.10884
31.625 76.875 0.37278
31.625 77.125 0.92428
31.625 77.375 0.94634
31.625 77.625 0.33342
31.625 77.875 -0.22927
31.625 78.125 -0.64026
31.625 78.375 -0.6903
31.625 78.625 -0.31547
31.875 74.875 -0.41128
31.875 75.125 -0.25696
31.875 75.375 -0.45014
31.875 75.625 -0.20936
31.875 75.875 -0.51293
31.875 76.125 -0.15903
31.875 76.375 -0.011688
31.875 76.625 0.080262
31.875 76.875 0.80696
31.875 77.125 0.70565
31.875 77.375 0.36906
31.875 77.625 0.352
31.875 77.875 -0.35324
31.875 78.125 -0.44853
31.875 78.375 -0.35456
31.875 78.625 -0.096355
32.125 75.375 0.025974
32.125 75.625 -0.047559
32.125 75.875 -0.26583
32.125 76.125 0.36397
32.125 76.375 -0.18699
32.125 76.625 0.45073
32.125 76.875 0.67777
32.125 77.125 0.37022
32.125 77.375 0.47247
32.125 77.625 0.21412
32.125 77.875 -0.35381
32.125 78.125 -0.68648
32.125 78.375 -0.20654
32.375 75.375 0.5508
32.375 75.625 0.70344
32.375 75.875 -0.19549
32.375 76.125 -0.82665
32.375 76.375 -0.58532
32.375 76.625 -0.22005
32.375 76.875 0.084551
32.375 77.125 0.33921
32.375 77.375 0.35124
32.375 77.625 0.47179
32.375 77.875 -0.3997
32.375 78.125 -0.33065
32.375 78.375 0.17723
32.625 74.875 0.59614
32.625 75.125 0.45241
32.625 75.375 0.42971
32.625 75.625 0.55006
32.625 75.875 0.11601
32.625 76.125 -0.18249
32.625 76.375 -0.20752
32.625 76.625 0.19204
32.625 76.875 0.34468
32.625 77.125 0.55873
32.625 77.375 0.56271
32.625 77.625 0.4779
32.625 77.875 0.21882
32.625 78.125 -0.32412
32.625 78.375 0.093039
32.625 78.625 0.01494
32.625 78.875 0.19563
32.625 79.125 0.10885
32.625 79.375 -0.017985
32.875 74.375 1.0664
32.875 74.625 1.0834
32.875 74.875 0.98263
32.875 75.125 0.67517
32.875 75.375 0.49363
32.875 75.625 0.32238
32.875 75.875 0.39411
32.875 76.125 0.77732
32.875 76.375 1.2829
32.875 76.625 1.2015
32.875 76.875 0.77071
32.875 77.125 0.57322
32.875 77.375 0.63015
32.875 77.625 0.64419
32.875 77.875 0.35612
32.875 78.125 -0.038947
32.875 78.375 0.1151
32.875 78.625 -0.22369
32.875 78.875 0.21855
32.875 79.125 -0.1829
32.875 79.375 -0.3487
33.125 73.875 0.33251
33.125 74.125 0.21299
33.125 74.375 0.92977
33.125 74.625 1.2842
33.125 74.875 1.0494
33.125 75.125 0.61327
33.125 75.375 -0.00048297
33.125 75.625 -0.093731
33.125 75.875 0.39973
33.125 76.125 1.0572
33.125 76.375 1.7347
33.125 76.625 1.4541
33.125 76.875 1.1681
33.125 77.125 0.80877
33.125 77.375 0.37609
33.125 77.625 0.28275
33.125 77.875 0.60008
33.125 78.125 0.65027
33.125 78.375 -0.32236
33.125 78.625 0.04351
33.125 78.875 -0.28063
33.125 79.125 -0.16486
33.375 73.875 0.48703
33.375 74.125 0.55887
33.375 74.375 1.0126
33.375 74.625 0.645
33.375 74.875 0.22561
33.375 75.125 -0.1975
33.375 75.375 -0.18848
33.375 75.625 -0.096117
33.375 75.875 0.65334
33.375 76.125 1.5651
33.375 76.375 1.8824
33.375 76.625 1.5932
33.375 76.875 1.0719
33.375 77.125 0.4712
33.375 77.375 -0.020885
33.375 77.625 0.34819
33.375 77.875 0.11752
33.375 78.125 -0.0010999
33.375 78.375 0.6329
33.375 78.625 0.20559
33.375 78.875 0.20891
33.625 73.875 0.3908
33.625 74.125 0.62276
33.625 74.375 0.50423
33.625 74.625 0.21836
33.625 74.875 0.099222
33.625 75.125 -0.0094754
33.625 75.375 -0.14441
33.625 75.625 -0.0086102
33.625 75.875 0.28738
33.625 76.125 0.90606
33.625 76.375 1.6993
33.625 76.625 1.1429
33.625 76.875 0.5341
33.625 77.125 0.0053
33.625 77.375 0.11699
33.625 77.625 0.067748
33.625 77.875 0.088723
33.625 78.125 0.092613
33.625 78.375 0.61826
33.625 78.625 0.61187
33.625 78.875 0.14755
33.875 73.875 0.23866
33.875 74.125 0.516
33.875 74.375 0.65318
33.875 74.625 0.60468
33.875 74.875 -0.011362
33.875 75.125 0.22593
33.875 75.375 0.17672
33.875 75.625 -0.12523
33.875 75.875 -0.3662
33.875 76.125 -0.69374
33.875 76.375 -0.4226
33.875 76.625 -0.10785
33.875 76.875 0.06437
33.875 77.125 -0.12406
33.875 77.375 -0.14292
33.875 77.625 -0.056195
33.875 77.875 0.10124
33.875 78.125 -0.097418
33.875 78.375 0.060046
33.875 78.625 0.1213
33.875 78.875 1.0406
34.125 73.625 -0.22815
34.125 73.875 -0.15352
34.125 74.125 0.2964
34.125 74.375 0.091755
34.125 74.625 0.40887
34.125 74.875 -0.34489
34.125 75.125 -0.01473
34.125 75.375 0.010842
34.125 75.625 -0.62693
34.125 75.875 -1.0253
34.125 76.125 -1.0237
34.125 76.375 -0.55831
34.125 76.625 -0.30939
34.125 76.875 -0.14134
34.125 77.125 -0.18315
34.125 77.375 -0.15244
34.125 77.625 -0.1704
34.125 77.875 -0.039854
34.125 78.125 0.075414
34.125 78.375 -0.095373
34.125 78.625 0.2134
34.125 78.875 0.047198
34.125 79.125 0.05909
34.125 79.375 0.042321
34.375 73.625 -0.45588
34.375 73.875 -0.57157
34.375 74.125 -0.60674
34.375 74.375 -0.64449
34.375 74.625 -0.45017
34.375 74.875 -0.2319
34.375 75.125 -0.0056649
34.375 75.375 -0.5795
34.375 75.625 -0.94761
34.375 75.875 -0.99233
34.375 76.125 -0.87396
34.375 76.375 -0.23075
34.375 76.625 -0.40772
34.375 76.875 -0.39264
34.375 77.125 -0.37928
34.375 77.375 -0.28629
34.375 77.625 -0.098643
34.375 77.875 -0.11852
34.375 78.125 -0.26431
34.375 78.375 0.29922
34.375 78.625 0.35374
34.375 78.875 0.2677
34.375 79.125 -0.458
34.375 79.375 -0.24719
34.625 73.875 -0.62391
34.625 74.125 -0.79804
34.625 74.375 -0.62613
34.625 74.625 -0.56988
34.625 74.875 -0.35168
34.625 75.125 0.011925
34.625 75.375 -0.66138
34.625 75.625 -0.77066
34.625 75.875 -0.75364
34.625 76.125 -0.34986
34.625 76.375 -0.40719
34.625 76.625 -0.41173
34.625 76.875 -0.46974
34.625 77.125 -0.54063
34.625 77.375 -0.52002
34.625 77.625 -0.37713
34.625 77.875 -0.44077
34.625 78.125 -0.50482
34.625 78.375 -0.47273
34.625 78.625 0.085566
34.625 78.875 0.13309
34.625 79.125 -0.32508
34.625 79.375 -0.52463
34.625 79.625 -0.47991
34.875 74.125 -0.35581
34.875 74.375 -0.68525
34.875 74.625 -0.57515
34.875 74.875 -0.46111
34.875 75.125 -0.58771
34.875 75.375 -0.82389
34.875 75.625 -0.83215
34.875 75.875 -0.79044
34.875 76.125 -0.33199
34.875 76.375 -0.57695
34.875 76.625 -0.58268
34.875 76.875 -0.55937
34.875 77.125 -0.62392
34.875 77.375 -0.65713
34.875 77.625 -0.74838
34.875 77.875 -0.55834
34.875 78.125 -0.53785
34.875 78.375 -0.53724
34.875 78.625 0.2092
34.875 78.875 -0.13026
34.875 79.125 -0.36419
34.875 79.375 -0.54107
34.875 79.625 -0.44813
34.875 79.875 -0.32429
35.125 74.375 -0.98189
35.125 74.625 -1.0129
35.125 74.875 -0.6923
35.125 75.125 -0.86877
35.125 75.375 -1.033
35.125 75.625 -0.8753
35.125 75.875 -0.41302
35.125 76.125 -0.48729
35.125 76.375 -0.37051
35.125 76.625 -0.50818
35.125 76.875 -0.82144
35.125 77.125 -0.80685
35.125 77.375 -0.83945
35.125 77.625 -0.63491
35.125 77.875 -0.7467
35.125 78.125 -0.37517
35.125 78.375 -0.45319
35.125 78.625 -0.14457
35.125 78.875 0.049497
35.125 79.125 -0.29046
35.125 79.375 -0.40367
35.125 79.625 -0.65674
35.125 79.875 -0.094701
35.375 73.875 -0.68458
35.375 74.125 -0.78405
35.375 74.375 -0.807
35.375 74.625 -0.9445
35.375 74.875 -0.64273
35.375 75.125 -0.79307
35.375 75.375 -0.78036
35.375 75.625 -0.67607
35.375 75.875 -0.44935
35.375 76.125 -0.29829
35.375 76.375 -0.4421
35.375 76.625 -0.82742
35.375 76.875 -0.75914
35.375 77.125 -0.85238
35.375 77.375 -0.61149
35.375 77.625 -0.62494
35.375 77.875 -0.5677
35.375 78.125 -0.5251
35.375 78.375 -0.57426
35.375 78.625 -0.71577
35.375 78.875 -0.35584
35.375 79.125 -0.20536
35.375 79.375 -0.34034
35.375 79.625 -0.46476
35.375 79.875 -0.65398
35.375 80.125 NaN
35.625 73.375 -0.42567
35.625 73.625 -0.68403
35.625 73.875 -0.6184
35.625 74.125 -0.81133
35.625 74.375 -0.80693
35.625 74.625 -0.72239
35.625 74.875 -0.36035
35.625 75.125 -0.68239
35.625 75.375 -0.6278
35.625 75.625 -0.66239
35.625 75.875 -0.62599
35.625 76.125 -0.56331
35.625 76.375 -0.89016
35.625 76.625 -0.6137
35.625 76.875 -0.54509
35.625 77.125 -0.918
35.625 78.375 -0.91736
35.625 78.625 -0.64097
35.625 78.875 -0.37641
35.625 79.125 -0.28014
35.625 79.375 -0.29837
35.625 79.625 -0.07983
35.625 79.875 -0.3789
35.625 80.125 -0.15565
35.875 73.125 1.1173
35.875 73.375 0.51316
35.875 73.625 -0.088128
35.875 73.875 -0.29999
35.875 74.125 -0.52269
35.875 74.375 -0.36576
35.875 74.625 -0.35413
35.875 74.875 -0.32401
35.875 75.125 -0.54219
35.875 75.375 -0.67148
35.875 75.625 -0.89026
35.875 75.875 -0.73156
35.875 76.125 -0.72817
35.875 76.375 -0.92912
35.875 76.625 -0.9004
35.875 79.375 -0.25528
36.125 72.625 1.2055
36.125 72.875 NaN
36.125 73.125 NaN
36.125 73.375 0.96426
36.125 73.625 0.6668
36.125 73.875 0.35351
36.125 74.125 0.30066
36.125 74.375 0.021984
36.125 74.625 -0.18674
36.125 74.875 -0.20804
36.125 75.125 -0.37637
36.125 75.375 -0.7627
36.125 75.625 -0.80462
36.125 75.875 -1.0095
36.125 76.125 -1.0481
36.125 76.375 -1.0914
36.125 76.625 -1.0485
36.375 73.125 1.4654
36.375 73.375 1.4661
36.375 73.625 1.4213
36.375 73.875 1.0083
36.375 74.125 0.42048
36.375 74.375 0.57272
36.375 74.625 0.18966
36.375 74.875 -0.32645
36.375 75.125 -0.71556
36.375 75.375 -0.96205
36.375 75.625 -1.0323
36.375 75.875 -1.2449
36.375 76.125 -1.2752
36.625 73.375 1.4574
36.625 73.625 1.3219
36.625 73.875 0.95139
36.625 74.125 0.4635
36.625 74.375 1.0649
36.625 74.625 0.2291
36.625 74.875 -0.14345
36.625 75.125 -0.64202
36.625 75.375 -0.83848
36.625 75.625 -0.85611
36.875 73.875 1.2099
36.875 74.375 1.3034
36.875 74.625 0.29823
36.875 74.875 0.055191
36.875 75.125 -0.37264
36.875 75.375 -0.2059
