8.125 77.375 0.52374
8.375 77.125 0.51817
8.375 77.375 0.67472
8.375 77.625 1.3123
8.375 77.875 1.0944
8.625 76.875 -0.088332
8.625 77.125 1.0679
8.625 77.375 0.7408
8.625 77.625 0.45543
8.625 77.875 0.6642
8.875 76.875 0.62594
8.875 77.125 0.92658
8.875 77.375 0.53218
8.875 77.625 0.59212
8.875 77.875 -0.2262
9.125 76.625 1.6676
9.125 76.875 0.96798
9.125 77.125 0.3447
9.125 77.375 0.76998
9.125 77.625 0.65011
9.125 77.875 -0.30516
9.125 78.125 0.52056
9.125 78.375 NaN
9.375 76.625 1.7442
9.375 76.875 1.3343
9.375 77.125 0.13651
9.375 77.375 0.37461
9.375 77.625 0.65766
9.375 77.875 0.27022
9.375 78.125 0.73166
9.375 78.375 0.8945
9.375 78.625 0.24099
9.375 78.875 NaN
9.625 76.375 1.5831
9.625 76.625 1.8839
9.625 76.875 1.5916
9.625 77.125 0.089254
9.625 77.375 0.30743
9.625 77.625 0.6918
9.625 77.875 1.3261
9.625 78.125 0.45153
9.625 78.375 0.90785
9.625 78.625 1.0768
9.875 76.625 2.1822
9.875 76.875 2.2843
9.875 77.125 0.19625
9.875 77.375 0.21901
9.875 77.625 0.48745
9.875 77.875 0.40336
9.875 78.125 0.42303
9.875 78.375 1.0176
9.875 78.625 1.3893
9.875 78.875 0.94539
10.125 76.375 1.2196
10.125 76.625 2.7987
10.125 76.875 4.5973
10.125 77.125 0.37957
10.125 77.375 -0.47803
10.125 77.625 0.83449
10.125 77.875 0.59919
10.125 78.125 1.1413
10.125 78.375 0.81039
10.125 78.625 0.076686
10.125 78.875 0.80849
10.125 79.125 2.0597
10.375 76.375 1.6111
10.375 76.625 1.9106
10.375 76.875 1.8636
10.375 77.125 1.2343
10.375 77.375 0.56229
10.375 77.625 0.355
10.375 77.875 0.35934
10.375 78.125 0.82551
10.375 78.375 0.73357
10.375 78.625 0.20222
10.375 78.875 0.83114
10.375 79.125 1.9868
10.375 79.375 NaN
10.375 79.625 NaN
10.625 76.125 2.0306
10.625 76.375 2.7209
10.625 76.625 2.2825
10.625 76.875 1.9025
10.625 77.125 -0.00077869
10.625 77.375 -0.17375
10.625 77.625 0.69476
10.625 77.875 1.4861
10.625 78.125 0.44364
10.625 78.375 0.010302
10.625 78.625 0.8973
10.625 78.875 1.2108
10.625 79.125 3.0885
10.625 79.375 2.3066
10.625 79.625 2.0475
10.875 76.125 2.4271
10.875 76.375 3.6528
10.875 76.625 2.0802
10.875 76.875 1.3377
10.875 77.125 0.53691
10.875 77.375 0.77714
10.875 77.625 0.072961
10.875 77.875 0.35008
10.875 78.125 0.69986
10.875 78.375 1.3853
10.875 78.625 2.9189
10.875 78.875 2.8047
10.875 79.125 1.4658
10.875 79.375 1.6706
10.875 79.625 1.8772
11.125 76.125 1.8691
11.125 76.375 3.9429
11.125 76.625 5.7088
11.125 76.875 0.25665
11.125 77.125 1.2286
11.125 77.375 0.031793
11.125 77.625 0.99693
11.125 77.875 2.4249
11.125 78.125 1.3129
11.125 78.375 1.9541
11.125 78.625 1.3536
11.125 78.875 1.9649
11.125 79.125 2.3034
11.125 79.375 1.6203
11.125 79.625 1.3485
11.375 75.875 3.449
11.375 76.125 2.5286
11.375 76.375 1.7512
11.375 76.625 1.2811
11.375 76.875 4.0753
11.375 77.125 0.8576
11.375 77.375 0.26493
11.375 77.625 0.96476
11.375 77.875 2.5086
11.375 78.125 3.3968
11.375 78.375 1.6534
11.375 78.625 0.73254
11.375 78.875 1.4677
11.375 79.125 0.72875
11.375 79.375 2.372
11.375 79.625 2.0524
11.625 75.875 2.3012
11.625 76.125 2.7628
11.625 76.375 0.56625
11.625 76.625 2.0676
11.625 76.875 -0.62428
11.625 77.125 -0.046615
11.625 77.375 2.027
11.625 77.625 1.7732
11.625 77.875 1.7264
11.625 78.125 1.4997
11.625 78.375 2.0306
11.625 78.625 3.5991
11.625 78.875 0.9226
11.625 79.125 2.4803
11.625 79.375 1.7122
11.625 79.625 NaN
11.875 75.625 NaN
11.875 75.875 0.57051
11.875 76.125 0.63648
11.875 76.375 0.49281
11.875 76.625 1.1211
11.875 76.875 -0.30781
11.875 77.125 1.2371
11.875 77.375 2.3433
11.875 77.625 2.6645
11.875 77.875 1.9039
11.875 78.125 3.2847
11.875 78.375 3.2726
11.875 78.625 2.3496
11.875 78.875 1.8196
11.875 79.125 3.7753
11.875 79.375 1.6616
11.875 79.625 1.4579
12.125 75.375 3.3605
12.125 75.625 2.6626
12.125 75.875 1.3756
12.125 76.125 0.84891
12.125 76.375 0.36675
12.125 76.625 0.20077
12.125 76.875 -0.0521
12.125 77.125 1.5073
12.125 77.375 2.4566
12.125 77.625 2.4276
12.125 77.875 1.5882
12.125 78.125 3.7096
12.125 78.375 3.9419
12.125 78.625 2.2246
12.125 78.875 1.6702
12.125 79.125 2.6705
12.125 79.375 2.5541
12.125 79.625 1.6908
12.375 75.125 3.2612
12.375 75.375 3.9737
12.375 75.625 2.2516
12.375 75.875 1.5708
12.375 76.125 1.3141
12.375 76.375 0.77424
12.375 76.625 0.8954
12.375 76.875 0.34187
12.375 77.125 0.16112
12.375 77.375 1.6452
12.375 77.625 1.8747
12.375 77.875 2.723
12.375 78.125 2.5077
12.375 78.375 1.8011
12.375 78.625 2.1217
12.375 78.875 2.1658
12.375 79.125 2.0914
12.375 79.375 2.3001
12.375 79.625 2.3116
12.375 79.875 1.0397
12.625 75.125 3.3486
12.625 75.375 3.3725
12.625 75.625 2.7181
12.625 75.875 0.91524
12.625 76.125 1.2882
12.625 76.375 2.9932
12.625 76.625 2.7408
12.625 76.875 2.5327
12.625 77.125 1.2208
12.625 77.375 1.9076
12.625 77.625 2.4227
12.625 77.875 1.7511
12.625 78.125 2.4331
12.625 78.375 3.075
12.625 78.625 3.0779
12.625 78.875 2.1876
12.625 79.125 1.6507
12.625 79.375 1.0312
12.625 79.625 1.4382
12.625 79.875 -0.21702
12.875 75.125 3.9263
12.875 75.375 5.3569
12.875 75.625 1.234
12.875 75.875 0.0057525
12.875 76.125 0.31716
12.875 76.375 2.1078
12.875 76.625 1.9275
12.875 76.875 1.2656
12.875 77.125 1.228
12.875 77.375 2.5
12.875 77.625 1.8349
12.875 77.875 2.1654
12.875 78.125 1.8101
12.875 78.375 2.6377
12.875 78.625 2.1998
12.875 78.875 2.0872
12.875 79.125 1.8418
12.875 79.375 2.2258
12.875 79.625 0.9069
12.875 79.875 0.85559
13.125 74.875 NaN
13.125 75.125 4.4725
13.125 75.375 3.9714
13.125 75.625 2.6643
13.125 75.875 1.0022
13.125 76.125 1.5116
13.125 76.375 1.7737
13.125 76.625 1.7638
13.125 76.875 1.4526
13.125 77.125 1.6277
13.125 77.375 1.3678
13.125 77.625 1.4243
13.125 77.875 2.3083
13.125 78.125 1.4851
13.125 78.375 2.6433
13.125 78.625 2.2601
13.125 78.875 1.6764
13.125 79.125 2.0196
13.125 79.375 1.8836
13.125 79.625 1.213
13.125 79.875 1.4434
13.125 80.125 1.0517
13.375 74.875 NaN
13.375 75.125 2.9739
13.375 75.375 2.2992
13.375 75.625 1.2146
13.375 75.875 1.5189
13.375 76.125 2.1824
13.375 76.375 1.5592
13.375 76.625 1.7971
13.375 76.875 0.81943
13.375 77.125 1.4352
13.375 77.375 0.78895
13.375 77.625 1.1971
13.375 77.875 1.9755
13.375 78.125 1.6225
13.375 78.375 1.5542
13.375 78.625 1.6624
13.375 78.875 1.183
13.375 79.125 0.6775
13.375 79.375 0.57301
13.375 79.625 0.99874
13.375 79.875 1.5235
13.375 80.125 1.3905
13.625 74.875 2.1499
13.625 75.125 3.0214
13.625 75.375 1.325
13.625 75.625 0.88562
13.625 75.875 0.93552
13.625 76.125 1.3842
13.625 76.375 1.535
13.625 76.625 0.67426
13.625 76.875 0.97367
13.625 77.125 0.89572
13.625 77.375 1.3837
13.625 77.625 2.8736
13.625 77.875 2.4185
13.625 78.125 2.1609
13.625 78.375 0.97542
13.625 78.625 1.1482
13.625 78.875 1.2346
13.625 79.125 1.1477
13.625 79.375 0.8244
13.625 79.625 0.17135
13.625 79.875 0.99267
13.625 80.125 1.4171
13.875 74.875 2.172
13.875 75.125 2.191
13.875 75.375 1.0898
13.875 75.625 0.79706
13.875 75.875 1.0761
13.875 76.125 1.6351
13.875 76.375 1.9223
13.875 76.625 1.7784
13.875 76.875 1.1043
13.875 77.125 1.2924
13.875 77.375 3.1274
13.875 77.625 2.9691
13.875 77.875 2.1511
13.875 78.125 1.6841
13.875 78.375 2.6115
13.875 78.625 2.1981
13.875 78.875 1.1094
13.875 79.125 0.8399
13.875 79.375 0.45565
13.875 79.625 -0.4512
13.875 79.875 0.16137
14.125 74.625 3.0224
14.125 74.875 2.3532
14.125 75.125 2.1278
14.125 75.375 2.0544
14.125 75.625 1.3568
14.125 75.875 1.9164
14.125 76.125 1.9976
14.125 76.375 2.408
14.125 76.625 1.153
14.125 76.875 2.6096
14.125 77.125 1.7535
14.125 77.375 4.2809
14.125 77.625 2.4958
14.125 77.875 1.8249
14.125 78.125 0.14858
14.125 78.375 1.1859
14.125 78.625 0.84511
14.125 78.875 0.61596
14.125 79.125 1.0914
14.125 79.375 0.69417
14.125 79.625 0.23658
14.125 79.875 0.28708
14.375 74.625 1.891
14.375 74.875 2.776
14.375 75.125 2.2299
14.375 75.375 1.4429
14.375 75.625 1.7421
14.375 75.875 2.8819
14.375 76.125 3.8408
14.375 76.375 3.6328
14.375 76.625 2.1454
14.375 76.875 2.3149
14.375 77.125 3.168
14.375 77.375 3.4821
14.375 77.625 1.4673
14.375 77.875 1.0657
14.375 78.125 0.29096
14.375 78.375 1.0553
14.375 78.625 0.46197
14.375 78.875 0.7346
14.375 79.125 0.95087
14.375 79.375 0.87284
14.375 79.625 0.51271
14.375 79.875 0.79999
14.625 74.375 NaN
14.625 74.625 2.4747
14.625 74.875 1.9491
14.625 75.125 1.2914
14.625 75.375 1.3495
14.625 75.625 2.6341
14.625 75.875 2.4551
14.625 76.125 2.714
14.625 76.375 2.0543
14.625 76.625 1.4447
14.625 76.875 2.1005
14.625 77.125 3.7094
14.625 77.375 2.7675
14.625 77.625 1.1597
14.625 77.875 1.4519
14.625 78.125 1.6769
14.625 78.375 1.3996
14.625 78.625 0.68131
14.625 78.875 0.68827
14.625 79.125 0.77956
14.625 79.375 0.66731
14.625 79.625 0.67087
14.625 79.875 0.72416
14.875 74.375 3.6903
14.875 74.625 2.2448
14.875 74.875 1.4687
14.875 75.125 1.0043
14.875 75.375 0.34363
14.875 75.625 1.6283
14.875 75.875 1.5309
14.875 76.125 1.6764
14.875 76.375 0.83316
14.875 76.625 1.2916
14.875 76.875 2.4143
14.875 77.125 2.769
14.875 77.375 1.6348
14.875 77.625 1.011
14.875 77.875 1.3468
14.875 78.125 1.7028
14.875 78.375 1.5492
14.875 78.625 0.58159
14.875 78.875 0.71922
14.875 79.125 0.6038
14.875 79.375 -0.016228
14.875 79.625 0.77503
14.875 79.875 0.76842
15.125 74.125 4.282
15.125 74.375 2.3098
15.125 74.625 1.8265
15.125 74.875 1.7282
15.125 75.125 1.1375
15.125 75.375 1.3241
15.125 75.625 1.2428
15.125 75.875 1.6685
15.125 76.125 0.92154
15.125 76.375 0.64611
15.125 76.625 0.48081
15.125 76.875 2.1863
15.125 77.125 1.9904
15.125 77.375 1.6636
15.125 77.625 1.3749
15.125 77.875 1.5536
15.125 78.125 1.654
15.125 78.375 1.5959
15.125 78.625 0.869
15.125 78.875 0.48523
15.125 79.125 0.29952
15.125 79.375 0.83865
15.125 79.625 1.3961
15.125 79.875 1.0919
15.375 73.875 3.265
15.375 74.125 4.0136
15.375 74.375 2.2295
15.375 74.625 1.7063
15.375 74.875 2.1417
15.375 75.125 1.5441
15.375 75.375 2.2042
15.375 75.625 2.0243
15.375 75.875 1.9897
15.375 76.125 1.5795
15.375 76.375 1.9108
15.375 76.625 1.7426
15.375 76.875 2.6891
15.375 77.125 0.79948
15.375 77.375 1.0081
15.375 77.625 1.1518
15.375 77.875 0.81311
15.375 78.125 0.29282
15.375 78.375 0.77231
15.375 78.625 0.8561
15.375 78.875 0.44189
15.375 79.125 0.38216
15.375 79.375 0.72937
15.375 79.625 0.61248
15.375 79.875 0.91695
15.625 73.875 2.4887
15.625 74.125 1.8252
15.625 74.375 1.0077
15.625 74.625 1.8384
15.625 74.875 1.5944
15.625 75.125 2.6411
15.625 75.375 2.2659
15.625 75.625 2.0634
15.625 75.875 2.2245
15.625 76.125 3.3925
15.625 76.375 2.6178
15.625 76.625 3.1349
15.625 76.875 2.3939
15.625 77.125 1.6522
15.625 77.375 1.1988
15.625 77.625 1.3386
15.625 77.875 1.0115
15.625 78.125 0.90622
15.625 78.375 1.1557
15.625 78.625 0.43277
15.625 78.875 2.5063
15.625 79.125 1.0997
15.625 79.375 0.97866
15.625 79.625 1.4431
15.625 79.875 1.2843
15.625 80.125 1.0905
15.875 73.875 2.009
15.875 74.125 1.804
15.875 74.375 1.491
15.875 74.625 2.4503
15.875 74.875 1.5666
15.875 75.125 1.6759
15.875 75.375 1.8168
15.875 75.625 2.5198
15.875 75.875 2.2289
15.875 76.125 2.3514
15.875 76.375 2.6606
15.875 76.625 2.2382
15.875 76.875 1.4183
15.875 77.125 1.6476
15.875 77.375 0.97474
15.875 77.625 1.349
15.875 77.875 1.0986
15.875 78.125 1.2622
15.875 78.375 1.8937
15.875 78.625 1.8667
15.875 78.875 1.8136
15.875 79.125 1.9183
15.875 79.375 0.78885
15.875 79.625 0.30534
15.875 79.875 1.1104
15.875 80.125 1.2382
15.875 80.375 1.5207
15.875 80.625 NaN
15.875 80.875 2.3098
16.125 73.625 4.6367
16.125 73.875 2.1929
16.125 74.125 2.0794
16.125 74.375 1.9047
16.125 74.625 3.0957
16.125 74.875 2.3789
16.125 75.125 0.75051
16.125 75.375 0.69215
16.125 75.625 3.0048
16.125 75.875 3.3919
16.125 76.125 3.2728
16.125 76.375 2.7333
16.125 76.625 1.3639
16.125 76.875 1.6841
16.125 77.125 1.7786
16.125 77.375 1.2832
16.125 77.625 1.1602
16.125 77.875 1.0823
16.125 78.125 1.2791
16.125 78.375 1.0253
16.125 78.625 1.2005
16.125 78.875 1.8029
16.125 79.125 1.5143
16.125 79.375 0.5454
16.125 79.625 0.23196
16.125 79.875 1.1688
16.125 80.125 2.187
16.125 80.375 1.8773
16.125 80.625 2.132
16.125 80.875 1.989
16.375 73.625 3.993
16.375 73.875 3.0175
16.375 74.125 2.4992
16.375 74.375 2.6465
16.375 74.625 2.1219
16.375 74.875 2.3033
16.375 75.125 2.5241
16.375 75.375 2.0663
16.375 75.625 2.6718
16.375 75.875 2.9303
16.375 76.125 3.166
16.375 76.375 3.2799
16.375 76.625 1.7823
16.375 76.875 2.5622
16.375 77.125 3.343
16.375 77.375 2.7629
16.375 77.625 1.1645
16.375 77.875 0.79528
16.375 78.125 1.355
16.375 78.375 1.1418
16.375 78.625 1.1798
16.375 78.875 1.2976
16.375 79.125 1.2532
16.375 79.375 0.7491
16.375 79.625 0.69331
16.375 79.875 1.2822
16.375 80.125 2.1989
16.375 80.375 1.1576
16.375 80.625 2.0669
16.375 80.875 1.7
16.375 81.125 1.3147
16.375 81.375 NaN
16.375 81.625 NaN
16.625 73.625 3.8438
16.625 73.875 2.1731
16.625 74.125 2.4286
16.625 74.375 -0.35676
16.625 74.625 2.4454
16.625 74.875 2.6132
16.625 75.125 2.6148
16.625 75.375 2.2431
16.625 75.625 2.5039
16.625 75.875 1.8154
16.625 76.125 2.5293
16.625 76.375 3.4089
16.625 76.625 1.8189
16.625 76.875 1.4789
16.625 77.125 3.0287
16.625 77.375 2.9827
16.625 77.625 1.6994
16.625 77.875 1.5997
16.625 78.125 2.127
16.625 78.375 1.4883
16.625 78.625 1.296
16.625 78.875 0.83305
16.625 79.125 0.50943
16.625 79.375 0.58726
16.625 79.625 1.9094
16.625 79.875 1.4194
16.625 80.125 1.9273
16.625 80.375 1.4153
16.625 80.625 1.6371
16.625 80.875 1.9551
16.625 81.125 1.434
16.625 81.375 1.536
16.625 81.625 1.2106
16.625 81.875 0.76407
16.625 82.125 0.87771
16.875 73.375 6.0062
16.875 73.625 3.4323
16.875 73.875 2.025
16.875 74.125 1.4718
16.875 74.375 0.4091
16.875 74.625 0.55338
16.875 74.875 2.5944
16.875 75.125 3.0836
16.875 75.375 2.7819
16.875 75.625 2.8901
16.875 75.875 1.8427
16.875 76.125 1.9968
16.875 76.375 3.8131
16.875 76.625 3.8622
16.875 76.875 2.7346
16.875 77.125 1.7217
16.875 77.375 3.3209
16.875 77.625 1.1811
16.875 77.875 1.2071
16.875 78.125 1.1534
16.875 78.375 1.3356
16.875 78.625 1.0507
16.875 78.875 -0.17858
16.875 79.125 0.3099
16.875 79.375 0.58584
16.875 79.625 2.1402
16.875 79.875 0.92268
16.875 80.125 1.5545
16.875 80.375 1.3468
16.875 80.625 1.4678
16.875 80.875 1.5615
16.875 81.125 0.97103
16.875 81.375 0.90893
16.875 81.625 0.80742
16.875 81.875 0.79785
16.875 82.125 0.83287
17.125 73.375 5.7399
17.125 73.625 3.2324
17.125 73.875 3.4956
17.125 74.125 2.9007
17.125 74.375 0.77784
17.125 74.625 -0.51139
17.125 74.875 0.84745
17.125 75.125 1.1681
17.125 75.375 2.0261
17.125 75.625 2.7882
17.125 75.875 2.721
17.125 76.125 4.034
17.125 76.375 2.8718
17.125 76.625 2.3476
17.125 76.875 2.7391
17.125 77.125 2.257
17.125 77.375 1.3014
17.125 77.625 1.6264
17.125 77.875 1.9289
17.125 78.125 0.5884
17.125 78.375 1.1398
17.125 78.625 0.58945
17.125 78.875 0.4592
17.125 79.125 2.1976
17.125 79.375 1.4266
17.125 79.625 1.3601
17.125 79.875 1.4348
17.125 80.125 1.3344
17.125 80.375 1.4914
17.125 80.625 1.442
17.125 80.875 1.478
17.125 81.125 1.2673
17.125 81.375 1.2419
17.125 81.625 0.48092
17.125 81.875 0.26004
17.125 82.125 0.88128
17.125 82.375 1.1139
17.375 73.375 5.0495
17.375 73.625 3.3051
17.375 73.875 4.72
17.375 74.125 2.2173
17.375 74.375 0.44451
17.375 74.625 -0.37909
17.375 74.875 0.30098
17.375 75.125 0.52281
17.375 75.375 0.64189
17.375 75.625 3.0828
17.375 75.875 1.5648
17.375 76.125 1.6674
17.375 76.375 1.2565
17.375 76.625 0.87699
17.375 76.875 2.2033
17.375 77.125 4.7613
17.375 77.375 2.6626
17.375 77.625 2.6331
17.375 77.875 1.5059
17.375 78.125 2.2292
17.375 78.375 2.1612
17.375 78.625 2.086
17.375 78.875 2.3659
17.375 79.125 2.0768
17.375 79.375 2.4614
17.375 79.625 1.5692
17.375 79.875 2.1299
17.375 80.125 2.7497
17.375 80.375 2.0949
17.375 80.625 2.1011
17.375 80.875 2.2127
17.375 81.125 1.0771
17.375 81.375 0.91619
17.375 81.625 0.64889
17.375 81.875 0.35626
17.375 82.125 0.97376
17.375 82.375 1.1036
17.375 82.625 NaN
17.625 73.375 4.9675
17.625 73.625 2.0255
17.625 73.875 4.4235
17.625 74.125 2.6073
17.625 74.375 1.2401
17.625 74.625 2.3891
17.625 74.875 3.3929
17.625 75.125 3.5815
17.625 75.375 -0.22853
17.625 75.625 2.6996
17.625 75.875 2.158
17.625 76.125 2.3859
17.625 76.375 3.0294
17.625 76.625 2.5535
17.625 76.875 2.6607
17.625 77.125 3.0436
17.625 77.375 3.3547
17.625 77.625 1.437
17.625 77.875 1.9155
17.625 78.125 1.8885
17.625 78.375 2.49
17.625 78.625 2.4993
17.625 78.875 1.4431
17.625 79.125 1.7233
17.625 79.375 1.7517
17.625 79.625 2.6784
17.625 79.875 2.9417
17.625 80.125 2.7649
17.625 80.375 3.1572
17.625 80.625 2.3821
17.625 80.875 2.0213
17.625 81.125 1.1438
17.625 81.375 0.58294
17.625 81.625 0.52943
17.625 81.875 0.29948
17.625 82.125 0.59237
17.625 82.375 1.0029
17.625 82.625 0.60493
17.625 82.875 0.29275
17.625 83.125 0.33344
17.875 73.375 4.8342
17.875 73.625 1.8454
17.875 73.875 3.4252
17.875 74.125 5.3908
17.875 74.375 5.0533
17.875 74.625 4.5175
17.875 74.875 5.0641
17.875 75.125 1.2551
17.875 75.375 0.13584
17.875 75.625 2.8548
17.875 75.875 2.8055
17.875 76.125 4.2548
17.875 76.375 4.0029
17.875 76.625 3.7343
17.875 76.875 3.1719
17.875 77.125 3.5295
17.875 77.375 3.3947
17.875 77.625 3.8812
17.875 77.875 3.521
17.875 78.125 3.7276
17.875 78.375 3.5153
17.875 78.625 3.7008
17.875 78.875 2.7539
17.875 79.125 2.6775
17.875 79.375 2.0461
17.875 79.625 3.7362
17.875 79.875 4.0387
17.875 80.125 3.6566
17.875 80.375 1.898
17.875 80.625 2.9324
17.875 80.875 2.3216
17.875 81.125 1.6523
17.875 81.375 1.4334
17.875 81.625 1.0285
17.875 81.875 0.36569
17.875 82.125 0.36045
17.875 82.375 0.3783
17.875 82.625 0.99144
17.875 82.875 0.99442
17.875 83.125 0.0078007
17.875 83.375 -0.026369
18.125 73.125 NaN
18.125 73.375 4.1155
18.125 73.625 3.6239
18.125 73.875 3.7553
18.125 74.125 5.5052
18.125 74.375 5.4191
18.125 74.625 5.5411
18.125 74.875 4.6293
18.125 75.125 1.6359
18.125 75.375 4.0253
18.125 75.625 4.6445
18.125 75.875 4.511
18.125 76.125 5.3505
18.125 76.375 5.491
18.125 76.625 4.2442
18.125 76.875 4.4532
18.125 77.125 3.5902
18.125 77.375 2.8748
18.125 77.625 3.9662
18.125 77.875 3.755
18.125 78.125 3.1018
18.125 78.375 3.2642
18.125 78.625 2.8932
18.125 78.875 3.6643
18.125 79.125 2.2925
18.125 79.375 2.5252
18.125 79.625 2.995
18.125 79.875 2.7269
18.125 80.125 3.5983
18.125 80.375 2.8051
18.125 80.625 2.6868
18.125 80.875 0.6193
18.125 81.125 1.3966
18.125 81.375 0.61305
18.125 81.625 1.3323
18.125 81.875 0.86965
18.125 82.125 0.78353
18.125 82.375 0.56235
18.125 82.625 0.94888
18.125 82.875 0.8673
18.125 83.125 0.33269
18.125 83.375 0.68873
18.125 83.625 1.5581
18.375 73.125 5.8447
18.375 73.375 4.1309
18.375 73.625 4.01
18.375 73.875 4.0431
18.375 74.125 4.4969
18.375 74.375 5.6142
18.375 74.625 4.7317
18.375 74.875 2.7423
18.375 75.125 2.0179
18.375 75.375 5.196
18.375 75.625 4.2758
18.375 75.875 2.0572
18.375 76.125 5.4152
18.375 76.375 5.7453
18.375 76.625 3.9885
18.375 76.875 4.3805
18.375 77.125 3.3817
18.375 77.375 3.5172
18.375 77.625 2.2864
18.375 77.875 3.2488
18.375 78.125 3.6716
18.375 78.375 4.1552
18.375 78.625 1.0886
18.375 78.875 1.24
18.375 79.125 2.3904
18.375 79.375 1.976
18.375 79.625 2.1749
18.375 79.875 3.2538
18.375 80.125 3.7143
18.375 80.375 4.1869
18.375 80.625 4.0326
18.375 80.875 -0.50333
18.375 81.125 -0.49359
18.375 81.375 0.26959
18.375 81.625 1.5852
18.375 81.875 1.2462
18.375 82.125 1.9234
18.375 82.375 1.6079
18.375 82.625 0.18685
18.375 82.875 -0.28158
18.375 83.125 1.1156
18.375 83.375 1.4736
18.375 83.625 1.4457
18.375 83.875 1.2856
18.625 73.125 6.6141
18.625 73.375 5.3582
18.625 73.625 3.4785
18.625 73.875 4.0381
18.625 74.125 3.4214
18.625 74.375 3.9044
18.625 74.625 4.1347
18.625 74.875 4.4496
18.625 75.125 2.9244
18.625 75.375 3.4381
18.625 75.625 2.0517
18.625 75.875 1.8596
18.625 76.125 3.6247
18.625 76.375 3.0328
18.625 76.625 3.4812
18.625 76.875 1.6672
18.625 77.125 3.4277
18.625 77.375 0.44765
18.625 77.625 3.0286
18.625 77.875 3.3209
18.625 78.125 3.2211
18.625 78.375 4.3552
18.625 78.625 1.7136
18.625 78.875 0.38839
18.625 79.125 1.8507
18.625 79.375 2.9684
18.625 79.625 2.6441
18.625 79.875 3.5546
18.625 80.125 4.0253
18.625 80.375 5.3743
18.625 80.625 5.3551
18.625 80.875 0.66939
18.625 81.125 -0.7216
18.625 81.375 0.41922
18.625 81.625 1.5231
18.625 81.875 1.0814
18.625 82.125 1.4184
18.625 82.375 1.3915
18.625 82.625 1.0375
18.625 82.875 1.316
18.625 83.125 0.70258
18.625 83.375 0.6732
18.625 83.625 0.49879
18.625 83.875 0.59796
18.625 84.125 -0.1041
18.875 73.125 6.2996
18.875 73.375 5.4058
18.875 73.625 5.3505
18.875 73.875 4.6437
18.875 74.125 1.856
18.875 74.375 6.1636
18.875 74.625 4.8837
18.875 74.875 3.7641
18.875 75.125 2.3131
18.875 75.375 3.1792
18.875 75.625 3.3459
18.875 75.875 2.4478
18.875 76.125 4.4048
18.875 76.375 3.3553
18.875 76.625 2.6058
18.875 76.875 0.37061
18.875 77.125 2.9314
18.875 77.375 0.56084
18.875 77.625 4.177
18.875 77.875 3.8753
18.875 78.125 4.221
18.875 78.375 3.1346
18.875 78.625 2.8449
18.875 78.875 2.0498
18.875 79.125 2.2046
18.875 79.375 3.3146
18.875 79.625 2.8335
18.875 79.875 3.5181
18.875 80.125 3.6145
18.875 80.375 5.2254
18.875 80.625 5.874
18.875 80.875 3.4001
18.875 81.125 -0.2526
18.875 81.375 2.8532
18.875 81.625 1.5987
18.875 81.875 2.2806
18.875 82.125 0.97246
18.875 82.375 0.91374
18.875 82.625 0.94897
18.875 82.875 0.92461
18.875 83.125 1.0067
18.875 83.375 0.8568
18.875 83.625 0.86561
18.875 83.875 0.39757
18.875 84.125 -0.2012
18.875 84.375 -0.11118
19.125 73.125 5.6743
19.125 73.375 5.0539
19.125 73.625 4.5266
19.125 73.875 4.7494
19.125 74.125 4.8344
19.125 74.375 5.3469
19.125 74.625 4.6215
19.125 74.875 2.7392
19.125 75.125 2.096
19.125 75.375 1.3243
19.125 75.625 1.0934
19.125 75.875 1.0072
19.125 76.125 1.9161
19.125 76.375 3.7296
19.125 76.625 2.1551
19.125 76.875 0.93618
19.125 77.125 2.0591
19.125 77.375 1.0023
19.125 77.625 1.4288
19.125 77.875 1.9552
19.125 78.125 2.2574
19.125 78.375 2.7615
19.125 78.625 2.5042
19.125 78.875 2.9061
19.125 79.125 2.2224
19.125 79.375 2.5268
19.125 79.625 3.5127
19.125 79.875 3.7732
19.125 80.125 3.7917
19.125 80.375 4.2297
19.125 80.625 4.8482
19.125 80.875 3.0914
19.125 81.125 0.81948
19.125 81.375 1.2681
19.125 81.625 1.8419
19.125 81.875 1.8422
19.125 82.125 0.79329
19.125 82.375 0.45945
19.125 82.625 1.241
19.125 82.875 0.97015
19.125 83.125 0.68976
19.125 83.375 0.70595
19.125 83.625 -0.37591
19.125 83.875 0.068163
19.125 84.125 0.537
19.125 84.375 0.70663
19.125 84.625 0.42767
19.375 72.875 3.3457
19.375 73.125 3.1207
19.375 73.375 3.2145
19.375 73.625 2.5401
19.375 73.875 3.4189
19.375 74.125 5.4256
19.375 74.375 4.8307
19.375 74.625 2.0611
19.375 74.875 2.4125
19.375 75.125 0.36669
19.375 75.375 2.1899
19.375 75.625 1.1113
19.375 75.875 0.96419
19.375 76.125 3.9485
19.375 76.375 3.2567
19.375 76.625 0.027098
19.375 76.875 -0.39808
19.375 77.125 0.22108
19.375 77.375 -0.63099
19.375 77.625 -0.42521
19.375 77.875 2.6681
19.375 78.125 2.5791
19.375 78.375 2.3865
19.375 78.625 2.681
19.375 78.875 3.2772
19.375 79.125 3.0177
19.375 79.375 2.9939
19.375 79.625 3.375
19.375 79.875 3.1416
19.375 80.125 3.4394
19.375 80.375 3.1669
19.375 80.625 3.186
19.375 80.875 2.1594
19.375 81.125 0.92412
19.375 81.375 0.54905
19.375 81.625 0.80513
19.375 81.875 1.717
19.375 82.125 2.3413
19.375 82.375 0.72079
19.375 82.625 1.1089
19.375 82.875 1.5445
19.375 83.125 1.255
19.375 83.375 0.50125
19.375 83.625 -0.15473
19.375 83.875 -0.10697
19.375 84.125 0.79972
19.375 84.375 0.88592
19.375 84.625 0.45166
19.375 84.875 0.36327
19.625 72.875 4.4988
19.625 73.125 2.8057
19.625 73.375 2.8262
19.625 73.625 5.4662
19.625 73.875 5.6795
19.625 74.125 2.7351
19.625 74.375 2.2925
19.625 74.625 3.6302
19.625 74.875 3.5176
19.625 75.125 2.3468
19.625 75.375 3.1857
19.625 75.625 2.2779
19.625 75.875 1.4509
19.625 76.125 2.1637
19.625 76.375 1.9789
19.625 76.625 -0.21681
19.625 76.875 0.22769
19.625 77.125 -0.55987
19.625 77.375 -0.41706
19.625 77.625 0.14834
19.625 77.875 2.6752
19.625 78.125 2.8044
19.625 78.375 2.6648
19.625 78.625 3.8307
19.625 78.875 3.5101
19.625 79.125 2.8109
19.625 79.375 2.5544
19.625 79.625 3.1983
19.625 79.875 3.2744
19.625 80.125 3.2086
19.625 80.375 2.6385
19.625 80.625 2.1642
19.625 80.875 1.8931
19.625 81.125 1.3713
19.625 81.375 0.48043
19.625 81.625 1.6532
19.625 81.875 2.3324
19.625 82.125 1.8084
19.625 82.375 1.386
19.625 82.625 0.97571
19.625 82.875 0.9029
19.625 83.125 0.76876
19.625 83.375 2.668
19.625 83.625 1.1264
19.625 83.875 0.34692
19.625 84.125 0.54525
19.625 84.375 0.56805
19.625 84.625 0.58498
19.625 84.875 0.35476
19.625 85.125 -0.57938
19.625 85.375 0.31507
19.875 72.875 2.0237
19.875 73.125 3.0676
19.875 73.375 5.5192
19.875 73.625 6.09
19.875 73.875 2.8793
19.875 74.125 2.0359
19.875 74.375 2.9558
19.875 74.625 3.3022
19.875 74.875 0.54438
19.875 75.125 1.3187
19.875 75.375 1.7482
19.875 75.625 1.1439
19.875 75.875 1.0432
19.875 76.125 1.7876
19.875 76.375 2.361
19.875 76.625 1.8051
19.875 76.875 2.1352
19.875 77.125 1.0453
19.875 77.375 0.12343
19.875 77.625 0.54908
19.875 77.875 1.4704
19.875 78.125 2.1082
19.875 78.375 2.9067
19.875 78.625 3.103
19.875 78.875 2.6781
19.875 79.125 2.0877
19.875 79.375 3.3418
19.875 79.625 3.9275
19.875 79.875 3.9825
19.875 80.125 2.566
19.875 80.375 2.4661
19.875 80.625 2.7867
19.875 80.875 2.5238
19.875 81.125 1.0638
19.875 81.375 0.048366
19.875 81.625 0.22153
19.875 81.875 0.9852
19.875 82.125 1.3543
19.875 82.375 0.79251
19.875 82.625 0.40889
19.875 82.875 0.61877
19.875 83.125 1.7066
19.875 83.375 1.7834
19.875 83.625 1.1041
19.875 83.875 0.60227
19.875 84.125 0.20499
19.875 84.375 0.34946
19.875 84.625 0.9365
19.875 84.875 0.77898
19.875 85.125 0.44148
19.875 85.375 0.29645
19.875 85.625 NaN
19.875 85.875 NaN
19.875 86.125 NaN
20.125 72.875 1.855
20.125 73.125 2.0244
20.125 73.375 3.9147
20.125 73.625 2.1506
20.125 73.875 3.1157
20.125 74.125 2.5447
20.125 74.375 3.3324
20.125 74.625 1.2656
20.125 74.875 0.2985
20.125 75.125 1.0776
20.125 75.375 2.726
20.125 75.625 0.83707
20.125 75.875 1.0387
20.125 76.125 3.4643
20.125 76.375 4.2577
20.125 76.625 4.5473
20.125 76.875 3.2683
20.125 77.125 2.2298
20.125 77.375 1.5748
20.125 77.625 1.7237
20.125 77.875 1.3615
20.125 78.125 1.9382
20.125 78.375 2.5965
20.125 78.625 2.5006
20.125 78.875 2.3195
20.125 79.125 1.6662
20.125 79.375 2.1256
20.125 79.625 3.371
20.125 79.875 3.9066
20.125 80.125 3.7992
20.125 80.375 2.2694
20.125 80.625 2.7209
20.125 80.875 2.8428
20.125 81.125 1.4275
20.125 81.375 0.88326
20.125 81.625 0.70074
20.125 81.875 0.61857
20.125 82.125 1.2265
20.125 82.375 0.3532
20.125 82.625 0.25869
20.125 82.875 -0.58736
20.125 83.125 2.1487
20.125 83.375 0.51616
20.125 83.625 -0.1106
20.125 83.875 0.62933
20.125 84.125 0.24559
20.125 84.375 -0.017953
20.125 84.625 0.89302
20.125 84.875 0.7964
20.125 85.125 1.1404
20.125 85.375 0.43917
20.125 85.625 0.6119
20.125 85.875 0.34512
20.125 86.125 0.34985
20.125 86.375 NaN
20.375 73.125 6.4419
20.375 73.375 5.2355
20.375 73.625 2.5066
20.375 73.875 2.0256
20.375 74.125 1.9206
20.375 74.375 0.44805
20.375 74.625 0.57895
20.375 74.875 0.75119
20.375 75.125 0.83018
20.375 75.375 1.4436
20.375 75.625 2.192
20.375 75.875 3.579
20.375 76.125 4.8732
20.375 76.375 5.6262
20.375 76.625 4.9659
20.375 76.875 4.5613
20.375 77.125 3.7807
20.375 77.375 3.2298
20.375 77.625 2.6567
20.375 77.875 1.8305
20.375 78.125 2.0398
20.375 78.375 2.4601
20.375 78.625 2.4192
20.375 78.875 1.6307
20.375 79.125 0.85704
20.375 79.375 1.5869
20.375 79.625 2.7296
20.375 79.875 3.8081
20.375 80.125 3.2387
20.375 80.375 2.2874
20.375 80.625 2.5808
20.375 80.875 3.0823
20.375 81.125 2.4128
20.375 81.375 1.9649
20.375 81.625 0.82615
20.375 81.875 0.84732
20.375 82.125 4.3265
20.375 82.375 2.9059
20.375 82.625 0.54302
20.375 82.875 0.68103
20.375 83.125 1.1188
20.375 83.375 0.72303
20.375 83.625 0.54986
20.375 83.875 0.37157
20.375 84.125 0.70594
20.375 84.375 -0.55502
20.375 84.625 0.17201
20.375 84.875 0.51114
20.375 85.125 0.22633
20.375 85.375 0.026267
20.375 85.625 0.50083
20.375 85.875 0.43972
20.375 86.125 0.64283
20.375 86.375 0.23678
20.375 86.625 NaN
20.625 73.125 5.8434
20.625 73.375 5.7496
20.625 73.625 4.5885
20.625 73.875 1.8333
20.625 74.125 3.1031
20.625 74.375 2.9172
20.625 74.625 3.821
20.625 74.875 0.94914
20.625 75.125 0.92717
20.625 75.375 1.0397
20.625 75.625 0.52203
20.625 75.875 2.5929
20.625 76.125 5.1452
20.625 76.375 5.7362
20.625 76.625 5.354
20.625 76.875 4.8129
20.625 77.125 4.3513
20.625 77.375 3.9091
20.625 77.625 4.0592
20.625 77.875 2.8408
20.625 78.125 2.7865
20.625 78.375 2.6754
20.625 78.625 2.2448
20.625 78.875 1.87
20.625 79.125 1.5962
20.625 79.375 1.0244
20.625 79.625 2.2184
20.625 79.875 2.4366
20.625 80.125 1.9235
20.625 80.375 0.49208
20.625 80.625 0.51243
20.625 80.875 2.461
20.625 81.125 2.4071
20.625 81.375 1.5762
20.625 81.625 0.40633
20.625 81.875 1.2271
20.625 82.125 5.9173
20.625 82.375 2.8601
20.625 82.625 0.4259
20.625 82.875 0.71193
20.625 83.125 1.1698
20.625 83.375 0.8209
20.625 83.625 0.0053229
20.625 83.875 0.52637
20.625 84.125 0.7519
20.625 84.375 0.12185
20.625 84.625 0.52229
20.625 84.875 0.59957
20.625 85.125 0.74943
20.625 85.375 1.0923
20.625 85.625 -0.69638
20.625 85.875 0.45864
20.625 86.125 1.1134
20.625 86.375 0.68091
20.625 86.625 0.6774
20.625 86.875 NaN
20.875 70.625 3.9551
20.875 70.875 2.8061
20.875 71.125 2.7195
20.875 71.375 3.8466
20.875 72.875 4.2203
20.875 73.125 5.4823
20.875 73.375 4.7347
20.875 73.625 4.8442
20.875 73.875 4.551
20.875 74.125 4.832
20.875 74.375 5.2383
20.875 74.625 4.5251
20.875 74.875 1.5224
20.875 75.125 2.3369
20.875 75.375 2.3818
20.875 75.625 0.84795
20.875 75.875 0.71968
20.875 76.125 4.536
20.875 76.375 5.2079
20.875 76.625 4.8402
20.875 76.875 4.7214
20.875 77.125 3.7042
20.875 77.375 3.0321
20.875 77.625 3.5652
20.875 77.875 2.5235
20.875 78.125 2.169
20.875 78.375 2.6259
20.875 78.625 1.7428
20.875 78.875 1.647
20.875 79.125 1.5051
20.875 79.375 0.78665
20.875 79.625 1.44
20.875 79.875 2.6146
20.875 80.125 2.2772
20.875 80.375 0.24775
20.875 80.625 0.68692
20.875 80.875 0.77016
20.875 81.125 0.05192
20.875 81.375 0.83616
20.875 81.625 0.70018
20.875 81.875 0.29275
20.875 82.125 2.1535
20.875 82.375 1.8434
20.875 82.625 0.44587
20.875 82.875 0.88892
20.875 83.125 0.35352
20.875 83.375 -0.29117
20.875 83.625 0.85776
20.875 83.875 1.0156
20.875 84.125 0.80618
20.875 84.375 0.85087
20.875 84.625 0.46205
20.875 84.875 1.2415
20.875 85.125 0.86951
20.875 85.375 0.059992
20.875 85.625 -0.033817
20.875 85.875 0.45571
20.875 86.125 1.0816
20.875 86.375 0.69898
20.875 86.625 0.79833
21.125 70.375 6.1899
21.125 70.625 4.8605
21.125 70.875 4.115
21.125 71.125 5.1065
21.125 71.375 3.4403
21.125 71.625 NaN
21.125 71.875 NaN
21.125 72.875 3.2744
21.125 73.125 3.4831
21.125 73.375 2.2042
21.125 73.625 3.2886
21.125 73.875 5.3624
21.125 74.125 5.3596
21.125 74.375 3.6184
21.125 74.625 2.8051
21.125 74.875 2.7033
21.125 75.125 3.0918
21.125 75.375 1.1929
21.125 75.625 0.93839
21.125 75.875 0.87892
21.125 76.125 2.8033
21.125 76.375 3.8238
21.125 76.625 3.8211
21.125 76.875 3.5829
21.125 77.125 2.5267
21.125 77.375 2.258
21.125 77.625 2.7507
21.125 77.875 1.9509
21.125 78.125 1.8581
21.125 78.375 2.0147
21.125 78.625 1.5056
21.125 78.875 2.4067
21.125 79.125 1.5545
21.125 79.375 0.56752
21.125 79.625 1.2439
21.125 79.875 3.0989
21.125 80.125 1.3108
21.125 80.375 -0.12913
21.125 80.625 0.86751
21.125 80.875 0.83916
21.125 81.125 -0.30431
21.125 81.375 0.93977
21.125 81.625 -0.46062
21.125 81.875 -0.40009
21.125 82.125 0.65534
21.125 82.375 1.2064
21.125 82.625 0.98688
21.125 82.875 0.80641
21.125 83.125 0.5792
21.125 83.375 0.77571
21.125 83.625 1.4242
21.125 83.875 0.9516
21.125 84.125 -0.052573
21.125 84.375 -0.14123
21.125 84.625 0.14117
21.125 84.875 1.4783
21.125 85.125 0.97935
21.125 85.375 0.50525
21.125 85.625 0.3629
21.125 85.875 -0.49138
21.125 86.125 0.69488
21.125 86.375 0.32672
21.125 86.625 -0.087927
21.375 70.125 5.6305
21.375 70.375 5.3184
21.375 70.625 5.1589
21.375 70.875 4.4231
21.375 71.125 5.1863
21.375 71.375 4.6752
21.375 71.625 2.8753
21.375 71.875 3.356
21.375 72.875 5.7759
21.375 73.125 5.4465
21.375 73.375 6.0302
21.375 73.625 6.3879
21.375 73.875 3.7226
21.375 74.125 1.2406
21.375 74.375 1.2819
21.375 74.625 2.7168
21.375 74.875 2.8828
21.375 75.125 4.2135
21.375 75.375 4.7357
21.375 75.625 2.8836
21.375 75.875 1.8248
21.375 76.125 2.1615
21.375 76.375 3.4474
21.375 76.625 3.0572
21.375 76.875 1.7968
21.375 77.125 0.7828
21.375 77.375 0.92047
21.375 77.625 1.077
21.375 77.875 0.85945
21.375 78.125 1.2888
21.375 78.375 2.664
21.375 78.625 2.0872
21.375 78.875 1.6142
21.375 79.125 -0.080909
21.375 79.375 -0.32893
21.375 79.625 -0.27754
21.375 79.875 2.6018
21.375 80.125 0.023076
21.375 80.375 -0.036964
21.375 80.625 0.093249
21.375 80.875 -0.15165
21.375 81.125 -0.053218
21.375 81.375 0.67192
21.375 81.625 0.44793
21.375 81.875 1.3099
21.375 82.125 0.88511
21.375 82.375 1.0757
21.375 82.625 0.22675
21.375 82.875 0.02308
21.375 83.125 0.6437
21.375 83.375 1.3934
21.375 83.625 0.69094
21.375 83.875 -0.18243
21.375 84.125 -0.20068
21.375 84.375 0.34207
21.375 84.625 0.74053
21.375 84.875 0.70737
21.375 85.125 1.201
21.375 85.375 0.74482
21.375 85.625 0.37652
21.375 85.875 0.88341
21.375 86.125 1.8481
21.375 86.375 -0.063205
21.375 86.625 -0.3419
21.375 86.875 -0.068379
21.625 69.875 6.8759
21.625 70.125 4.3215
21.625 70.375 6.2016
21.625 70.625 5.2397
21.625 70.875 3.9782
21.625 71.125 3.5464
21.625 71.375 5.5448
21.625 71.625 3.0024
21.625 71.875 3.5222
21.625 72.125 3.6244
21.625 72.875 4.9235
21.625 73.125 5.2207
21.625 73.375 5.6019
21.625 73.625 6.1716
21.625 73.875 3.877
21.625 74.125 0.95826
21.625 74.375 1.9501
21.625 74.625 3.8698
21.625 74.875 4.322
21.625 75.125 4.2348
21.625 75.375 5.2082
21.625 75.625 4.0602
21.625 75.875 2.3526
21.625 76.125 3.5264
21.625 76.375 3.526
21.625 76.625 3.348
21.625 76.875 1.9409
21.625 77.125 0.85836
21.625 77.375 0.86197
21.625 77.625 1.0204
21.625 77.875 0.72851
21.625 78.125 1.1382
21.625 78.375 2.4077
21.625 78.625 1.0801
21.625 78.875 0.3566
21.625 79.125 -0.69919
21.625 79.375 -0.60727
21.625 79.625 -0.11702
21.625 79.875 0.31212
21.625 80.125 1.7383
21.625 80.375 0.63472
21.625 80.625 0.48135
21.625 80.875 0.14087
21.625 81.125 -0.34399
21.625 81.375 0.30469
21.625 81.625 0.70569
21.625 81.875 0.47967
21.625 82.125 0.90412
21.625 82.375 1.0654
21.625 82.625 1.0122
21.625 82.875 NaN
21.625 83.125 0.44216
21.625 83.375 0.54498
21.625 83.625 0.31857
21.625 83.875 -0.004654
21.625 84.125 0.33786
21.625 84.375 1.4896
21.625 84.625 1.4429
21.625 84.875 2.364
21.625 85.125 1.5544
21.625 85.375 1.4561
21.625 85.625 1.2721
21.625 85.875 1.6225
21.625 86.125 1.4487
21.625 86.375 1.3033
21.625 86.625 -0.28803
21.625 86.875 -0.066042
21.625 87.125 -0.18401
21.625 87.375 NaN
21.875 69.375 NaN
21.875 69.625 6.1838
21.875 69.875 6.9504
21.875 70.125 4.4781
21.875 70.375 5.2316
21.875 70.625 5.391
21.875 70.875 3.7025
21.875 71.125 2.2758
21.875 71.375 1.9962
21.875 71.625 2.2567
21.875 71.875 2.9512
21.875 72.125 3.6704
21.875 72.625 NaN
21.875 72.875 3.7683
21.875 73.125 4.6205
21.875 73.375 6.1605
21.875 73.625 5.0235
21.875 73.875 5.1907
21.875 74.125 5.43
21.875 74.375 4.028
21.875 74.625 2.0161
21.875 74.875 2.9986
21.875 75.125 3.3707
21.875 75.375 5.2311
21.875 75.625 4.3372
21.875 75.875 3.7952
21.875 76.125 3.6632
21.875 76.375 4.0187
21.875 76.625 4.331
21.875 76.875 3.8714
21.875 77.125 1.5389
21.875 77.375 1.1046
21.875 77.625 0.74067
21.875 77.875 0.206
21.875 78.125 0.42028
21.875 78.375 0.5749
21.875 78.625 -0.10776
21.875 78.875 1.7613
21.875 79.125 0.87317
21.875 79.375 0.65317
21.875 79.625 -0.013752
21.875 79.875 -0.061824
21.875 80.125 0.85032
21.875 80.375 1.0994
21.875 80.625 0.74587
21.875 80.875 1.1323
21.875 81.125 0.28934
21.875 81.375 0.42415
21.875 81.625 0.777
21.875 81.875 -0.019713
21.875 82.125 1.6952
21.875 82.375 1.6918
21.875 82.625 0.15047
21.875 82.875 1.1775
21.875 83.125 0.83427
21.875 83.375 0.81615
21.875 83.625 -0.084474
21.875 83.875 1.8446
21.875 84.125 0.83183
21.875 84.375 1.3343
21.875 84.625 1.5002
21.875 84.875 1.8081
21.875 85.125 1.7467
21.875 85.375 2.2127
21.875 85.625 0.37166
21.875 85.875 1.7276
21.875 86.125 0.86667
21.875 86.375 1.4254
21.875 86.625 0.10796
21.875 86.875 -0.038376
21.875 87.125 -0.24084
21.875 87.375 -0.28733
21.875 87.625 1.1569
21.875 87.875 1.2597
21.875 88.375 1.11
21.875 88.625 NaN
21.875 88.875 NaN
22.125 69.125 4.7214
22.125 69.375 5.1976
22.125 69.625 4.6619
22.125 69.875 4.3943
22.125 70.125 2.827
22.125 70.375 3.6679
22.125 70.625 5.4478
22.125 70.875 5.9658
22.125 71.125 3.4355
22.125 71.375 1.927
22.125 71.625 1.7375
22.125 71.875 2.2821
22.125 72.125 3.264
22.125 72.625 NaN
22.125 72.875 4.0209
22.125 73.125 4.3731
22.125 73.375 4.2319
22.125 73.625 2.0324
22.125 73.875 2.9847
22.125 74.125 4.2372
22.125 74.375 4.7286
22.125 74.625 2.9549
22.125 74.875 2.1053
22.125 75.125 3.3417
22.125 75.375 2.0459
22.125 75.625 4.6946
22.125 75.875 4.4954
22.125 76.125 3.025
22.125 76.375 4.1831
22.125 76.625 5.1596
22.125 76.875 5.2384
22.125 77.125 2.6437
22.125 77.375 0.837
22.125 77.625 0.56429
22.125 77.875 0.62364
22.125 78.125 0.87421
22.125 78.375 1.1844
22.125 78.625 0.24772
22.125 78.875 0.74406
22.125 79.125 0.38322
22.125 79.375 -0.31262
22.125 79.625 -0.24113
22.125 79.875 0.58588
22.125 80.125 0.95148
22.125 80.375 0.5588
22.125 80.625 0.5991
22.125 80.875 0.45768
22.125 81.125 -0.64535
22.125 81.375 0.57344
22.125 81.625 0.26735
22.125 81.875 0.61147
22.125 82.125 1.2006
22.125 82.375 1.6169
22.125 82.625 0.6211
22.125 82.875 0.70511
22.125 83.125 -0.025847
22.125 83.375 -0.41728
22.125 83.625 0.17554
22.125 83.875 0.6645
22.125 84.125 0.48246
22.125 84.375 0.5055
22.125 84.625 1.17
22.125 84.875 2.4334
22.125 85.125 1.8446
22.125 85.375 2.0165
22.125 85.625 0.92392
22.125 85.875 0.52885
22.125 86.125 0.73127
22.125 86.375 0.40073
22.125 86.625 1.6827
22.125 86.875 0.89789
22.125 87.125 0.59665
22.125 87.375 0.48433
22.125 87.625 0.80172
22.125 87.875 0.85564
22.125 88.125 1.446
22.125 88.375 1.0726
22.125 92.875 NaN
22.375 69.125 1.9692
22.375 69.875 2.1433
22.375 70.125 3.7677
22.375 70.375 3.504
22.375 70.625 3.8085
22.375 70.875 3.7895
22.375 71.125 2.3266
22.375 71.375 2.171
22.375 71.625 2.225
22.375 71.875 2.1125
22.375 72.125 3.7192
22.375 72.625 NaN
22.375 72.875 3.4266
22.375 73.125 2.364
22.375 73.375 1.6438
22.375 73.625 1.737
22.375 73.875 3.8951
22.375 74.125 4.5912
22.375 74.375 4.5142
22.375 74.625 5.4266
22.375 74.875 3.7858
22.375 75.125 2.7843
22.375 75.375 4.4162
22.375 75.625 4.3145
22.375 75.875 4.8479
22.375 76.125 5.1317
22.375 76.375 5.8912
22.375 76.625 4.9943
22.375 76.875 4.4726
22.375 77.125 2.8821
22.375 77.375 0.74543
22.375 77.625 0.36917
22.375 77.875 1.3398
22.375 78.125 1.4149
22.375 78.375 1.613
22.375 78.625 -0.075488
22.375 78.875 0.38187
22.375 79.125 0.8088
22.375 79.375 0.87123
22.375 79.625 -0.014759
22.375 79.875 1.1826
22.375 80.125 1.2715
22.375 80.375 0.24445
22.375 80.625 0.48882
22.375 80.875 0.13659
22.375 81.125 0.39445
22.375 81.375 1.5431
22.375 81.625 0.23119
22.375 81.875 -0.0010846
22.375 82.125 0.37892
22.375 82.375 1.0511
22.375 82.625 0.16235
22.375 82.875 -0.37936
22.375 83.125 -0.8377
22.375 83.375 -0.94328
22.375 83.625 -1.0769
22.375 83.875 0.27376
22.375 84.125 0.89208
22.375 84.375 0.91433
22.375 84.625 1.3471
22.375 84.875 2.3171
22.375 85.125 2.4292
22.375 85.375 2.6095
22.375 85.625 1.0957
22.375 85.875 1.3389
22.375 86.125 1.9644
22.375 86.375 2.0864
22.375 86.625 1.822
22.375 86.875 0.55482
22.375 87.125 0.71295
22.375 87.375 0.3539
22.375 87.625 -0.17933
22.375 87.875 0.15026
22.375 88.125 -0.022628
22.375 88.375 0.18664
22.375 88.625 0.33869
22.375 88.875 0.52166
22.375 92.875 1.6823
22.625 70.375 3.9106
22.625 70.625 3.1996
22.625 70.875 3.1667
22.625 71.125 2.7002
22.625 71.375 2.4281
22.625 71.625 1.7667
22.625 71.875 1.3724
22.625 72.125 2.1297
22.625 72.375 3.1838
22.625 72.625 3.4959
22.625 72.875 1.9007
22.625 73.125 1.1605
22.625 73.375 2.4571
22.625 73.625 1.7678
22.625 73.875 1.6174
22.625 74.125 2.633
22.625 74.375 5.0738
22.625 74.625 6.1427
22.625 74.875 5.4965
22.625 75.125 3.3569
22.625 75.375 4.3529
22.625 75.625 5.1627
22.625 75.875 4.9353
22.625 76.125 5.2112
22.625 76.375 5.4348
22.625 76.625 5.0004
22.625 76.875 2.1568
22.625 77.125 1.4766
22.625 77.375 0.27938
22.625 77.625 0.33154
22.625 77.875 1.0867
22.625 78.125 1.364
22.625 78.375 0.30748
22.625 78.625 0.16659
22.625 78.875 0.66744
22.625 79.125 1.3109
22.625 79.375 1.2335
22.625 79.625 0.22231
22.625 79.875 0.2914
22.625 80.125 0.21886
22.625 80.375 0.14723
22.625 80.625 -0.84108
22.625 80.875 -0.34414
22.625 81.125 1.263
22.625 81.375 1.4834
22.625 81.625 2.1166
22.625 81.875 1.075
22.625 82.125 0.80558
22.625 82.375 1.3219
22.625 82.625 -0.11839
22.625 82.875 -0.68804
22.625 83.125 -1.0216
22.625 83.375 -0.1445
22.625 83.625 0.23535
22.625 83.875 0.078616
22.625 84.125 1.1652
22.625 84.375 1.0739
22.625 84.625 2.2463
22.625 84.875 2.4696
22.625 85.125 2.2734
22.625 85.375 2.3978
22.625 85.625 0.97922
22.625 85.875 1.2412
22.625 86.125 1.6408
22.625 86.375 1.6598
22.625 86.625 1.7411
22.625 86.875 1.1404
22.625 87.125 0.60849
22.625 87.375 0.56271
22.625 87.625 0.51265
22.625 87.875 0.62255
22.625 88.125 0.13116
22.625 88.375 0.049246
22.625 88.625 0.2609
22.625 88.875 0.43667
22.625 92.625 -0.47488
22.625 92.875 1.2169
22.875 69.375 NaN
22.875 69.625 NaN
22.875 69.875 NaN
22.875 70.625 3.9253
22.875 70.875 2.7286
22.875 71.125 2.1204
22.875 71.375 1.0828
22.875 71.625 1.3424
22.875 71.875 1.1385
22.875 72.125 1.1172
22.875 72.375 1.563
22.875 72.625 2.9136
22.875 72.875 1.4682
22.875 73.125 0.95099
22.875 73.375 2.7654
22.875 73.625 2.9619
22.875 73.875 2.396
22.875 74.125 4.3858
22.875 74.375 2.3844
22.875 74.625 5.1957
22.875 74.875 5.8367
22.875 75.125 4.1959
22.875 75.375 3.9536
22.875 75.625 5.0466
22.875 75.875 4.6609
22.875 76.125 5.4477
22.875 76.375 4.5234
22.875 76.625 4.1038
22.875 76.875 2.5798
22.875 77.125 1.7109
22.875 77.375 0.10295
22.875 77.625 -0.0065751
22.875 77.875 0.41234
22.875 78.125 0.83608
22.875 78.375 0.58776
22.875 78.625 0.11203
22.875 78.875 0.5491
22.875 79.125 -0.17113
22.875 79.375 -0.25536
22.875 79.625 0.14403
22.875 79.875 -0.11255
22.875 80.125 -0.073806
22.875 80.375 0.42911
22.875 80.625 -0.25065
22.875 80.875 0.35222
22.875 81.125 0.8056
22.875 81.375 1.1059
22.875 81.625 0.46083
22.875 81.875 0.21934
22.875 82.125 0.80594
22.875 82.375 1.3484
22.875 82.625 0.10548
22.875 82.875 0.023845
22.875 83.125 -0.6348
22.875 83.375 0.41101
22.875 83.625 1.0536
22.875 83.875 0.85737
22.875 84.125 0.73288
22.875 84.375 1.2017
22.875 84.625 2.3157
22.875 84.875 2.0092
22.875 85.125 1.9111
22.875 85.375 1.5887
22.875 85.625 0.41125
22.875 85.875 1.4466
22.875 86.125 0.40276
22.875 86.375 1.0495
22.875 86.625 2.7885
22.875 86.875 2.8857
22.875 87.125 2.1021
22.875 87.375 1.1964
22.875 87.625 0.71497
22.875 87.875 -0.58953
22.875 88.125 -0.12496
22.875 88.375 0.097203
22.875 88.625 0.22485
22.875 92.625 -0.5946
22.875 92.875 0.59938
23.125 68.875 0.91383
23.125 69.125 1.3889
23.125 69.375 1.6023
23.125 69.625 2.2597
23.125 69.875 1.7556
23.125 70.125 0.89964
23.125 70.875 2.6897
23.125 71.125 2.308
23.125 71.375 2.8053
23.125 71.625 3.1167
23.125 71.875 1.7612
23.125 72.125 3.6772
23.125 72.375 1.4427
23.125 72.625 1.9557
23.125 72.875 1.8362
23.125 73.125 1.997
23.125 73.375 2.7014
23.125 73.625 1.3592
23.125 73.875 1.5459
23.125 74.125 3.7471
23.125 74.375 4.5505
23.125 74.625 5.844
23.125 74.875 5.7319
23.125 75.125 5.5311
23.125 75.375 2.1726
23.125 75.625 2.3629
23.125 75.875 3.1511
23.125 76.125 3.3562
23.125 76.375 4.1029
23.125 76.625 3.5243
23.125 76.875 1.3731
23.125 77.125 1.2781
23.125 77.375 1.0575
23.125 77.625 0.20635
23.125 77.875 0.61337
23.125 78.125 1.6651
23.125 78.375 1.5379
23.125 78.625 1.4985
23.125 78.875 1.3265
23.125 79.125 -0.11914
23.125 79.375 -0.0639
23.125 79.625 -0.13216
23.125 79.875 0.45962
23.125 80.125 0.57844
23.125 80.375 0.78028
23.125 80.625 0.061914
23.125 80.875 0.19532
23.125 81.125 0.38591
23.125 81.375 0.15853
23.125 81.625 1.3064
23.125 81.875 -0.62926
23.125 82.125 -0.20564
23.125 82.375 1.0787
23.125 82.625 1.5152
23.125 82.875 0.77707
23.125 83.125 1.1909
23.125 83.375 1.3466
23.125 83.625 1.4962
23.125 83.875 1.4278
23.125 84.125 0.86761
23.125 84.375 0.94917
23.125 84.625 0.93071
23.125 84.875 0.98241
23.125 85.125 1.5943
23.125 85.375 2.8086
23.125 85.625 0.85064
23.125 85.875 0.44603
23.125 86.125 1.042
23.125 86.375 2.0598
23.125 86.625 2.5101
23.125 86.875 2.6578
23.125 87.125 2.4101
23.125 87.375 2.2465
23.125 87.625 1.3589
23.125 87.875 -0.65458
23.125 88.125 -0.85312
23.125 88.375 -0.49734
23.125 88.625 -0.35739
23.125 91.625 NaN
23.125 92.625 -0.89329
23.125 92.875 -0.63616
23.125 93.125 NaN
23.375 68.875 1.1753
23.375 69.125 1.5105
23.375 69.375 1.9139
23.375 69.625 2.4946
23.375 69.875 1.774
23.375 70.125 0.59629
23.375 70.375 0.37462
23.375 70.625 0.97802
23.375 70.875 1.3993
23.375 71.125 1.6494
23.375 71.375 3.0453
23.375 71.625 2.169
23.375 71.875 2.7674
23.375 72.125 2.6661
23.375 72.375 2.7363
23.375 72.625 3.0244
23.375 72.875 2.5345
23.375 73.125 2.6204
23.375 73.375 2.3263
23.375 73.625 1.9438
23.375 73.875 0.8252
23.375 74.125 2.1941
23.375 74.375 4.0348
23.375 74.625 6.2644
23.375 74.875 5.9943
23.375 75.125 5.4556
23.375 75.375 3.53
23.375 75.625 2.9408
23.375 75.875 2.3276
23.375 76.125 2.4833
23.375 76.375 4.2057
23.375 76.625 3.4184
23.375 76.875 1.0238
23.375 77.125 0.78171
23.375 77.375 0.8175
23.375 77.625 0.57105
23.375 77.875 0.34072
23.375 78.125 0.66769
23.375 78.375 1.0129
23.375 78.625 1.4273
23.375 78.875 1.2962
23.375 79.125 0.10633
23.375 79.375 0.060472
23.375 79.625 1.1431
23.375 79.875 0.13311
23.375 80.125 -0.031337
23.375 80.375 -0.06753
23.375 80.625 -0.11912
23.375 80.875 0.18946
23.375 81.125 0.10416
23.375 81.375 -0.05524
23.375 81.625 0.57496
23.375 81.875 0.15436
23.375 82.125 -0.54974
23.375 82.375 1.9948
23.375 82.625 1.0476
23.375 82.875 -0.10977
23.375 83.125 1.081
23.375 83.375 1.339
23.375 83.625 1.2756
23.375 83.875 1.4625
23.375 84.125 1.1512
23.375 84.375 1.4393
23.375 84.625 1.1252
23.375 84.875 1.3197
23.375 85.125 2.1282
23.375 85.375 1.7482
23.375 85.625 2.3001
23.375 85.875 0.89207
23.375 86.125 0.53333
23.375 86.375 1.9311
23.375 86.625 1.7942
23.375 86.875 1.481
23.375 87.125 2.0776
23.375 87.375 1.6656
23.375 87.625 1.4315
23.375 87.875 -0.60632
23.375 88.125 -0.9977
23.375 88.375 -0.80792
23.375 88.625 -0.6573
23.375 91.375 -0.96675
23.375 91.625 -1.1545
23.375 92.625 -0.91829
23.375 92.875 -0.82126
23.375 93.125 -1.3151
23.625 68.625 0.61599
23.625 68.875 0.86202
23.625 69.125 1.2055
23.625 69.375 1.4337
23.625 69.625 2.5758
23.625 69.875 1.5305
23.625 70.125 0.51893
23.625 70.375 0.56564
23.625 70.625 0.6608
23.625 70.875 1.0891
23.625 71.125 1.5083
23.625 71.375 2.0141
23.625 71.625 2.0239
23.625 71.875 1.6626
23.625 72.125 1.924
23.625 72.375 1.5679
23.625 72.625 3.1165
23.625 72.875 2.8197
23.625 73.125 2.0418
23.625 73.375 1.8173
23.625 73.625 1.8198
23.625 73.875 3.238
23.625 74.125 4.4675
23.625 74.375 4.6793
23.625 74.625 5.3601
23.625 74.875 5.3593
23.625 75.125 2.8376
23.625 75.375 4.118
23.625 75.625 2.5833
23.625 75.875 1.9613
23.625 76.125 2.0601
23.625 76.375 3.3835
23.625 76.625 3.8568
23.625 76.875 3.5347
23.625 77.125 1.4333
23.625 77.375 1.1564
23.625 77.625 0.57466
23.625 77.875 0.26508
23.625 78.125 -0.20215
23.625 78.375 -0.34084
23.625 78.625 0.63747
23.625 78.875 0.88857
23.625 79.125 0.58968
23.625 79.375 0.29665
23.625 79.625 0.27211
23.625 79.875 1.601
23.625 80.125 0.69724
23.625 80.375 -0.034014
23.625 80.625 0.26634
23.625 80.875 0.68128
23.625 81.125 1.3897
23.625 81.375 0.5779
23.625 81.625 0.73074
23.625 81.875 0.2882
23.625 82.125 -0.10623
23.625 82.375 1.0703
23.625 82.625 2.1632
23.625 82.875 2.1463
23.625 83.125 1.2115
23.625 83.375 1.2245
23.625 83.625 1.7537
23.625 83.875 1.6246
23.625 84.125 1.7921
23.625 84.375 1.4191
23.625 84.625 1.4249
23.625 84.875 1.5421
23.625 85.125 0.9439
23.625 85.375 1.7531
23.625 85.625 2.0617
23.625 85.875 2.3851
23.625 86.125 0.11516
23.625 86.375 1.2297
23.625 86.625 1.8109
23.625 86.875 1.0692
23.625 87.125 0.86516
23.625 87.375 1.4313
23.625 87.625 0.9344
23.625 87.875 -0.063328
23.625 88.125 -0.58054
23.625 88.375 -0.771
23.625 91.375 -1.0984
23.625 91.625 -1.4377
23.625 91.875 NaN
23.625 92.375 -0.82418
23.625 92.625 -0.82563
23.625 92.875 -1.0831
23.625 93.125 -1.4532
23.875 68.875 0.71514
23.875 69.125 1.0293
23.875 69.375 1.277
23.875 69.625 2.4996
23.875 69.875 1.3485
23.875 70.125 0.61328
23.875 70.375 0.51768
23.875 70.625 0.82489
23.875 70.875 1.1214
23.875 71.125 1.1524
23.875 71.375 1.8664
23.875 71.625 3.5314
23.875 71.875 3.1438
23.875 72.125 2.8871
23.875 72.375 3.8706
23.875 72.625 1.2765
23.875 72.875 1.9491
23.875 73.125 1.4771
23.875 73.375 3.4798
23.875 73.625 2.3318
23.875 73.875 3.3201
23.875 74.125 3.7811
23.875 74.375 3.1624
23.875 74.625 2.9472
23.875 74.875 4.6491
23.875 75.125 4.6153
23.875 75.375 2.9312
23.875 75.625 0.93709
23.875 75.875 1.8274
23.875 76.125 1.0604
23.875 76.375 0.93172
23.875 76.625 3.1733
23.875 76.875 1.1395
23.875 77.125 0.64605
23.875 77.375 1.6163
23.875 77.625 0.83468
23.875 77.875 0.60504
23.875 78.125 0.51587
23.875 78.375 -0.027207
23.875 78.625 0.13121
23.875 78.875 0.9039
23.875 79.125 0.61692
23.875 79.375 0.6919
23.875 79.625 0.21635
23.875 79.875 0.72683
23.875 80.125 0.73422
23.875 80.375 -0.2405
23.875 80.625 0.047272
23.875 80.875 1.0501
23.875 81.125 1.1619
23.875 81.375 0.45715
23.875 81.625 1.0074
23.875 81.875 0.1045
23.875 82.125 0.12779
23.875 82.375 0.87262
23.875 82.625 1.5332
23.875 82.875 1.2846
23.875 83.125 1.0941
23.875 83.375 1.25
23.875 83.625 1.863
23.875 83.875 1.9101
23.875 84.125 1.3078
23.875 84.375 1.065
23.875 84.625 1.032
23.875 84.875 0.95495
23.875 85.125 0.39746
23.875 85.375 1.149
23.875 85.625 1.2556
23.875 85.875 2.14
23.875 86.125 1.2844
23.875 86.375 2.3257
23.875 86.625 2.0375
23.875 86.875 1.7567
23.875 87.125 0.98832
23.875 87.375 0.69271
23.875 87.625 0.31706
23.875 87.875 -0.097438
23.875 88.125 -0.28159
23.875 88.375 -0.47699
23.875 91.375 -1.3451
23.875 91.625 -1.2513
23.875 91.875 -0.63754
23.875 92.125 -0.78005
23.875 92.375 -0.77436
23.875 92.625 -0.72935
23.875 92.875 -1.5092
23.875 93.125 -1.754
23.875 93.375 -1.7242
24.125 68.875 0.7581
24.125 69.125 0.94681
24.125 69.375 1.2166
24.125 69.625 2.5609
24.125 69.875 1.17
24.125 70.125 0.6901
24.125 70.375 0.64351
24.125 70.625 0.67778
24.125 70.875 0.7793
24.125 71.125 0.94584
24.125 71.375 0.89057
24.125 71.625 2.9898
24.125 71.875 2.6097
24.125 72.125 3.012
24.125 72.375 3.7016
24.125 72.625 2.9025
24.125 72.875 4.1417
24.125 73.125 2.7299
24.125 73.375 3.5329
24.125 73.625 2.7383
24.125 73.875 2.9715
24.125 74.125 3.2809
24.125 74.375 3.2262
24.125 74.625 3.2439
24.125 74.875 3.336
24.125 75.125 2.487
24.125 75.375 3.8674
24.125 75.625 2.5622
24.125 75.875 0.80656
24.125 76.125 1.1739
24.125 76.375 1.1607
24.125 76.625 0.97437
24.125 76.875 1.0101
24.125 77.125 2.1022
24.125 77.375 1.982
24.125 77.625 1.1621
24.125 77.875 1.5373
24.125 78.125 0.48041
24.125 78.375 0.1823
24.125 78.625 0.28209
24.125 78.875 0.31081
24.125 79.125 0.52171
24.125 79.375 1.1199
24.125 79.625 0.34531
24.125 79.875 0.8922
24.125 80.125 -0.1103
24.125 80.375 -0.14454
24.125 80.625 -0.42161
24.125 80.875 -0.036893
24.125 81.125 -0.030033
24.125 81.375 -0.044213
24.125 81.625 0.54109
24.125 81.875 0.16739
24.125 82.125 0.61062
24.125 82.375 0.65784
24.125 82.625 0.47344
24.125 82.875 0.60435
24.125 83.125 0.60781
24.125 83.375 0.24502
24.125 83.625 0.90203
24.125 83.875 1.449
24.125 84.125 0.90429
24.125 84.375 0.59041
24.125 84.625 0.87314
24.125 84.875 1.1134
24.125 85.125 0.4451
24.125 85.375 1.3735
24.125 85.625 0.042436
24.125 85.875 0.94157
24.125 86.125 2.5949
24.125 86.375 2.8289
24.125 86.625 1.6833
24.125 86.875 1.1376
24.125 87.125 0.7839
24.125 87.375 0.64287
24.125 87.625 0.44042
24.125 87.875 0.0050619
24.125 88.125 0.16732
24.125 88.375 -0.33187
24.125 91.875 -0.069658
24.125 92.125 -0.11419
24.125 92.375 -0.54404
24.125 92.625 -0.95499
24.125 92.875 -1.3524
24.125 93.125 -1.8393
24.125 93.375 -1.6324
24.125 93.625 -1.5797
24.125 93.875 -1.539
24.125 94.125 NaN
24.375 71.375 1.0018
24.375 71.625 2.1968
24.375 71.875 2.2347
24.375 72.125 2.7212
24.375 72.375 1.9131
24.375 72.625 2.2668
24.375 72.875 4.0572
24.375 73.125 4.0855
24.375 73.375 3.2539
24.375 73.625 2.7501
24.375 73.875 2.8877
24.375 74.125 2.7054
24.375 74.375 3.4328
24.375 74.625 3.4029
24.375 74.875 4.1104
24.375 75.125 3.4216
24.375 75.375 2.1406
24.375 75.625 2.2417
24.375 75.875 2.4872
24.375 76.125 0.57197
24.375 76.375 1.4353
24.375 76.625 1.6565
24.375 76.875 1.9138
24.375 77.125 2.6339
24.375 77.375 2.4992
24.375 77.625 1.2121
24.375 77.875 1.7195
24.375 78.125 0.40629
24.375 78.375 0.24611
24.375 78.625 0.5343
24.375 78.875 0.10669
24.375 79.125 0.011662
24.375 79.375 0.35238
24.375 79.625 0.34078
24.375 79.875 0.37946
24.375 80.125 -0.52381
24.375 80.375 0.045884
24.375 80.625 -0.46326
24.375 80.875 -0.72727
24.375 81.125 -0.45438
24.375 81.375 -0.10729
24.375 81.625 0.49634
24.375 81.875 0.055603
24.375 82.125 0.94211
24.375 82.375 1.0088
24.375 82.625 -0.095076
24.375 82.875 0.16013
24.375 83.125 0.39278
24.375 83.375 -0.37067
24.375 83.625 0.043661
24.375 83.875 0.44665
24.375 84.125 0.48156
24.375 84.375 -0.010452
24.375 84.625 0.035397
24.375 84.875 0.58993
24.375 85.125 0.74258
24.375 85.375 0.98269
24.375 85.625 0.45138
24.375 85.875 0.59511
24.375 86.125 1.1722
24.375 86.375 0.92077
24.375 86.625 1.1304
24.375 86.875 0.52106
24.375 87.125 -0.39326
24.375 87.375 2.346
24.375 87.625 1.3415
24.375 87.875 0.5315
24.375 88.125 -0.069937
24.375 92.375 -1.2289
24.375 92.625 -1.6375
24.375 92.875 -1.5961
24.375 93.125 -1.7206
24.375 93.375 -1.3254
24.375 93.625 -1.4017
24.375 93.875 -1.3064
24.375 94.125 -1.1457
24.625 71.125 1.135
24.625 71.375 1.4369
24.625 71.625 1.9757
24.625 71.875 2.5224
24.625 72.125 3.0916
24.625 72.375 2.3367
24.625 72.625 1.6978
24.625 72.875 1.314
24.625 73.125 1.9633
24.625 73.375 2.6506
24.625 73.625 3.0107
24.625 73.875 2.0347
24.625 74.125 2.4825
24.625 74.375 2.8538
24.625 74.625 3.5842
24.625 74.875 3.3242
24.625 75.125 2.1222
24.625 75.375 0.64657
24.625 75.625 0.69824
24.625 75.875 1.8538
24.625 76.125 2.0351
24.625 76.375 1.1073
24.625 76.625 1.6605
24.625 76.875 2.1388
24.625 77.125 1.7137
24.625 77.375 0.80514
24.625 77.625 0.61727
24.625 77.875 2.2504
24.625 78.125 0.49818
24.625 78.375 0.33272
24.625 78.625 -0.095276
24.625 78.875 -0.23343
24.625 79.125 0.048149
24.625 79.375 0.062913
24.625 79.625 -0.026584
24.625 79.875 -0.1454
24.625 80.125 0.077282
24.625 80.375 -0.2763
24.625 80.625 -0.54133
24.625 80.875 -1.0833
24.625 81.125 -0.89647
24.625 81.375 -0.37282
24.625 81.625 -0.034546
24.625 81.875 -0.16323
24.625 82.125 -0.11897
24.625 82.375 -0.39894
24.625 82.625 -0.35826
24.625 82.875 -0.14303
24.625 83.125 0.051742
24.625 83.375 -0.24806
24.625 83.625 0.61533
24.625 83.875 0.034197
24.625 84.125 -0.17807
24.625 84.375 -0.088511
24.625 84.625 -0.0064074
24.625 84.875 0.37951
24.625 85.125 0.44005
24.625 85.375 0.30274
24.625 85.625 -0.1925
24.625 85.875 0.72485
24.625 86.125 1.0185
24.625 86.375 1.1813
24.625 86.625 1.3773
24.625 86.875 1.5455
24.625 87.125 1.3993
24.625 87.375 1.0293
24.625 87.625 0.79742
24.625 87.875 0.24198
24.625 92.375 -1.3436
24.625 92.625 -1.5046
24.625 92.875 -1.6229
24.625 93.125 -1.2801
24.625 93.375 -1.0785
24.625 93.625 -1.3655
24.625 93.875 -1.0893
24.625 94.125 -0.91797
24.625 94.375 NaN
24.875 71.125 1.3681
24.875 71.375 1.6085
24.875 71.625 2.3249
24.875 71.875 0.97137
24.875 72.125 0.91052
24.875 72.375 1.1714
24.875 72.625 1.5808
24.875 72.875 3.4994
24.875 73.125 1.684
24.875 73.375 1.9061
24.875 73.625 3.0703
24.875 73.875 2.305
24.875 74.125 2.6277
24.875 74.375 1.665
24.875 74.625 2.4463
24.875 74.875 2.3592
24.875 75.125 1.3327
24.875 75.375 0.40835
24.875 75.625 -0.020943
24.875 75.875 0.56424
24.875 76.125 0.78429
24.875 76.375 1.9079
24.875 76.625 1.8229
24.875 76.875 1.6002
24.875 77.125 1.2629
24.875 77.375 1.0927
24.875 77.625 0.44809
24.875 77.875 0.096997
24.875 78.125 -0.35303
24.875 78.375 0.80293
24.875 78.625 0.066158
24.875 78.875 -0.078197
24.875 79.125 0.023729
24.875 79.375 0.11746
24.875 79.625 0.030017
24.875 79.875 -0.10889
24.875 80.125 -0.35373
24.875 80.375 -0.15195
24.875 80.625 -0.0096495
24.875 80.875 -0.73402
24.875 81.125 -1.2719
24.875 81.375 -1.345
24.875 81.625 -1.0764
24.875 81.875 -0.84814
24.875 82.125 -0.88092
24.875 82.375 -1.3602
24.875 82.625 -0.85848
24.875 82.875 -0.95287
24.875 83.125 -0.62539
24.875 83.375 -0.64194
24.875 83.625 0.45712
24.875 83.875 -0.63417
24.875 84.125 -0.79919
24.875 84.375 -1.6838
24.875 84.625 -1.1255
24.875 84.875 0.70823
24.875 85.125 1.4832
24.875 85.375 -0.36741
24.875 85.625 0.49148
24.875 85.875 0.57109
24.875 86.125 0.62913
24.875 86.375 1.3003
24.875 86.625 1.5903
24.875 86.875 1.4234
24.875 87.125 0.90527
24.875 87.375 -0.2358
24.875 87.625 0.11903
24.875 87.875 0.088091
24.875 88.125 0.3877
24.875 92.625 -1.1965
24.875 92.875 -1.1602
24.875 93.125 -1.01
24.875 93.375 -1.1031
24.875 93.625 -1.1189
24.875 93.875 -0.93376
24.875 94.125 -1.0066
24.875 94.375 -0.67911
25.125 71.125 0.68504
25.125 71.375 1.5729
25.125 71.625 2.6843
25.125 71.875 1.1182
25.125 72.125 0.15125
25.125 72.375 0.51711
25.125 72.625 0.88724
25.125 72.875 3.5384
25.125 73.125 3.475
25.125 73.375 4.2112
25.125 73.625 1.6191
25.125 73.875 2.3707
25.125 74.125 2.9618
25.125 74.375 1.7297
25.125 74.625 1.5524
25.125 74.875 1.5674
25.125 75.125 2.3449
25.125 75.375 0.49699
25.125 75.625 0.64413
25.125 75.875 -0.29884
25.125 76.125 1.0019
25.125 76.375 1.9951
25.125 76.625 1.7122
25.125 76.875 1.2422
25.125 77.125 1.1257
25.125 77.375 1.0826
25.125 77.625 0.52564
25.125 77.875 0.40476
25.125 78.125 -0.018304
25.125 78.375 0.21953
25.125 78.625 -0.057377
25.125 78.875 -0.45875
25.125 79.125 -0.23844
25.125 79.375 -0.3037
25.125 79.625 -0.72756
25.125 79.875 -0.23523
25.125 80.125 -0.60957
25.125 80.375 0.17664
25.125 80.625 0.015542
25.125 80.875 -0.45371
25.125 81.125 -1.2523
25.125 81.375 -0.30619
25.125 81.625 -1.1985
25.125 81.875 -0.92289
25.125 82.125 -0.79696
25.125 82.375 -0.51199
25.125 82.625 -0.80411
25.125 82.875 -1.2276
25.125 83.125 -0.6834
25.125 83.375 -0.87988
25.125 83.625 -0.091149
25.125 83.875 -0.74419
25.125 84.125 -0.63378
25.125 84.375 -0.83853
25.125 84.625 -0.75717
25.125 84.875 0.43422
25.125 85.125 0.88185
25.125 85.375 0.20829
25.125 85.625 0.46688
25.125 85.875 -0.34702
25.125 86.125 0.12247
25.125 86.375 0.17117
25.125 86.625 -0.056194
25.125 86.875 -0.48364
25.125 87.125 0.046522
25.125 87.375 -0.19367
25.125 87.625 0.1794
25.125 87.875 0.36402
25.125 88.125 0.42555
25.125 88.375 0.19092
25.125 92.375 -1.5109
25.125 92.625 -1.1225
25.125 92.875 -0.77198
25.125 93.125 -0.55975
25.125 93.375 -1.2268
25.125 93.625 -1.0102
25.125 93.875 -1.088
25.125 94.125 -1.2225
25.125 94.375 -1.0297
25.375 70.875 1.0843
25.375 71.125 1.59
25.375 71.375 2.1789
25.375 71.625 3.9729
25.375 71.875 2.6519
25.375 72.125 0.77244
25.375 72.375 0.50549
25.375 72.625 0.96914
25.375 72.875 2.3046
25.375 73.125 3.8485
25.375 73.375 4.1425
25.375 73.625 1.4934
25.375 73.875 1.3602
25.375 74.125 2.8025
25.375 74.375 2.6014
25.375 74.625 2.1096
25.375 74.875 1.6165
25.375 75.125 1.3558
25.375 75.375 1.2816
25.375 75.625 0.98249
25.375 75.875 0.50184
25.375 76.125 1.4663
25.375 76.375 0.87153
25.375 76.625 0.49362
25.375 76.875 0.27903
25.375 77.125 0.7043
25.375 77.375 0.99484
25.375 77.625 0.98348
25.375 77.875 0.72125
25.375 78.125 0.36526
25.375 78.375 0.3154
25.375 78.625 -0.13075
25.375 78.875 -0.96343
25.375 79.125 -0.82149
25.375 79.375 -0.16785
25.375 79.625 -0.58817
25.375 79.875 0.32732
25.375 80.125 0.45662
25.375 80.375 -0.63662
25.375 80.625 -0.29007
25.375 80.875 -1.3073
25.375 81.125 -1.2998
25.375 81.375 -0.016835
25.375 81.625 -0.33359
25.375 81.875 -0.6652
25.375 82.125 -0.20677
25.375 82.375 -0.80283
25.375 82.625 -0.90327
25.375 82.875 -1.5752
25.375 83.125 -0.17607
25.375 83.375 0.18385
25.375 83.625 0.54964
25.375 83.875 -0.57603
25.375 84.125 -0.76619
25.375 84.375 -0.71659
25.375 84.625 -0.55699
25.375 84.875 0.12929
25.375 85.125 -0.065113
25.375 85.375 -0.24214
25.375 85.625 0.40243
25.375 85.875 1.3311
25.375 86.125 0.36945
25.375 86.375 0.82592
25.375 86.625 0.68872
25.375 86.875 0.21384
25.375 87.125 0.41239
25.375 87.375 0.38601
25.375 87.625 1.2626
25.375 87.875 0.86093
25.375 88.125 0.51554
25.375 88.375 0.23928
25.375 88.625 -0.49708
25.375 90.125 0.97778
25.375 90.375 0.87452
25.375 90.625 0.1238
25.375 90.875 0.039363
25.375 91.125 -0.25889
25.375 91.375 0.47786
25.375 91.625 -0.47305
25.375 91.875 -0.54353
25.375 92.125 -0.98216
25.375 92.375 -0.89875
25.375 92.625 -0.83483
25.375 92.875 -0.65747
25.375 93.125 -1.0354
25.375 93.375 -1.1068
25.375 93.625 -0.70392
25.375 93.875 -1.0665
25.375 94.125 -1.232
25.375 94.375 -0.89727
25.625 70.875 1.3686
25.625 71.125 2.0582
25.625 71.375 2.4515
25.625 71.625 3.521
25.625 71.875 2.6512
25.625 72.125 1.1499
25.625 72.375 0.85223
25.625 72.625 0.63789
25.625 72.875 0.96959
25.625 73.125 1.688
25.625 73.375 2.9024
25.625 73.625 1.7064
25.625 73.875 0.88993
25.625 74.125 3.2986
25.625 74.375 2.6064
25.625 74.625 3.0273
25.625 74.875 1.8178
25.625 75.125 2.6594
25.625 75.375 1.8374
25.625 75.625 1.7456
25.625 75.875 1.3522
25.625 76.125 1.0509
25.625 76.375 0.73006
25.625 76.625 0.21693
25.625 76.875 0.040124
25.625 77.125 0.41872
25.625 77.375 1.13
25.625 77.625 1.1394
25.625 77.875 1.1064
25.625 78.125 0.9814
25.625 78.375 -0.26501
25.625 78.625 0.65564
25.625 78.875 -0.37331
25.625 79.125 0.0038843
25.625 79.375 0.54989
25.625 79.625 0.80106
25.625 79.875 0.52344
25.625 80.125 0.55068
25.625 80.375 -0.83688
25.625 80.625 -1.2054
25.625 80.875 -1.3659
25.625 81.125 -1.2766
25.625 81.375 -0.90958
25.625 81.625 -0.16647
25.625 81.875 0.10608
25.625 82.125 -0.21133
25.625 82.375 -1.0761
25.625 82.625 -0.78895
25.625 82.875 -1.4641
25.625 83.125 -0.25637
25.625 83.375 -0.49422
25.625 83.625 0.80779
25.625 83.875 0.023113
25.625 84.125 -1.2101
25.625 84.375 -1.1414
25.625 84.625 -0.33753
25.625 84.875 -0.080253
25.625 85.125 -0.96246
25.625 85.375 -0.33797
25.625 85.625 0.9637
25.625 85.875 -0.19296
25.625 86.125 -0.7322
25.625 86.375 -0.206
25.625 86.625 -1.2398
25.625 86.875 -0.093991
25.625 87.125 0.21049
25.625 87.375 0.53555
25.625 87.625 0.55068
25.625 87.875 0.44268
25.625 88.125 -0.079967
25.625 90.125 1.3188
25.625 90.375 1.362
25.625 90.625 0.48359
25.625 90.875 0.44851
25.625 91.125 0.69218
25.625 91.375 -0.11126
25.625 91.625 -0.31845
25.625 91.875 -0.29408
25.625 92.125 -0.57365
25.625 92.375 -0.76902
25.625 92.625 -0.98839
25.625 92.875 -0.72382
25.625 93.125 -1.056
25.625 93.375 -1.3688
25.625 93.625 -0.95807
25.625 93.875 -0.95111
25.625 94.125 -0.58136
25.625 94.375 -0.69651
25.625 94.625 NaN
25.625 94.875 NaN
25.875 70.375 1.3503
25.875 70.625 1.654
25.875 70.875 2.7566
25.875 71.125 2.8648
25.875 71.375 2.7158
25.875 71.625 2.924
25.875 71.875 2.3543
25.875 72.125 2.387
25.875 72.375 1.4346
25.875 72.625 1.0111
25.875 72.875 0.76662
25.875 73.125 1.6994
25.875 73.375 2.2997
25.875 73.625 2.5702
25.875 73.875 2.862
25.875 74.125 2.225
25.875 74.375 2.2666
25.875 74.625 1.3903
25.875 74.875 1.4709
25.875 75.125 1.3832
25.875 75.375 1.5309
25.875 75.625 2.1053
25.875 75.875 1.0129
25.875 76.125 0.6794
25.875 76.375 1.1958
25.875 76.625 0.42671
25.875 76.875 -0.17344
25.875 77.125 0.38088
25.875 77.375 0.55458
25.875 77.625 0.76482
25.875 77.875 0.70101
25.875 78.125 1.4227
25.875 78.375 0.61164
25.875 78.625 0.98906
25.875 78.875 0.23924
25.875 79.125 0.11929
25.875 79.375 0.14039
25.875 79.625 0.50424
25.875 79.875 0.88994
25.875 80.125 0.2191
25.875 80.375 -1.0525
25.875 80.625 -0.98462
25.875 80.875 -1.0099
25.875 81.125 -0.30733
25.875 81.375 -0.76379
25.875 81.625 0.24913
25.875 81.875 -0.14337
25.875 82.125 -1.1355
25.875 82.375 -1.0192
25.875 82.625 -1.0618
25.875 82.875 -0.47295
25.875 83.125 -0.74695
25.875 83.375 -1.1145
25.875 83.625 -0.66769
25.875 83.875 -1.1585
25.875 84.125 -0.067355
25.875 84.375 -1.227
25.875 84.625 -1.5561
25.875 84.875 -0.79321
25.875 85.125 -0.40776
25.875 85.375 -0.25783
25.875 85.625 0.30329
25.875 85.875 -0.75752
25.875 86.125 0.096845
25.875 86.375 0.42809
25.875 86.625 -0.089025
25.875 86.875 1.2277
25.875 87.125 1.6497
25.875 87.375 0.41552
25.875 87.625 -0.25579
25.875 87.875 -0.34735
25.875 90.125 -0.083704
25.875 90.375 0.13458
25.875 90.625 0.48896
25.875 90.875 0.14865
25.875 91.125 -0.42037
25.875 91.375 -0.49264
25.875 91.625 -0.21741
25.875 91.875 -0.85247
25.875 92.125 -0.87607
25.875 92.375 -0.93681
25.875 92.625 -0.71979
25.875 92.875 -0.69608
25.875 93.125 -1.3775
25.875 93.375 -1.557
25.875 93.625 -1.3808
25.875 93.875 -0.58955
25.875 94.125 -0.62158
25.875 94.375 -0.68209
25.875 94.625 -0.69393
25.875 94.875 -0.88819
26.125 70.375 1.9073
26.125 70.625 2.4488
26.125 70.875 2.9564
26.125 71.125 3.1313
26.125 71.375 3.3336
26.125 71.625 3.8573
26.125 71.875 4.9621
26.125 72.125 5.0175
26.125 72.375 4.0272
26.125 72.625 1.6473
26.125 72.875 1.5564
26.125 73.125 1.4167
26.125 73.375 1.1659
26.125 73.625 2.1283
26.125 73.875 2.5203
26.125 74.125 1.8554
26.125 74.375 2.5079
26.125 74.625 1.7865
26.125 74.875 1.2766
26.125 75.125 1.3578
26.125 75.375 1.5635
26.125 75.625 1.8814
26.125 75.875 1.2095
26.125 76.125 1.1914
26.125 76.375 1.3128
26.125 76.625 0.96551
26.125 76.875 -0.017488
26.125 77.125 0.0769
26.125 77.375 -0.10833
26.125 77.625 0.38586
26.125 77.875 0.9667
26.125 78.125 1.3835
26.125 78.375 2.1003
26.125 78.625 2.0277
26.125 78.875 0.31077
26.125 79.125 -0.23976
26.125 79.375 0.041437
26.125 79.625 -0.70594
26.125 79.875 -0.92339
26.125 80.125 -0.068508
26.125 80.375 -0.9741
26.125 80.625 -1.1332
26.125 80.875 0.53806
26.125 81.125 1.3695
26.125 81.375 -1.4109
26.125 81.625 0.16637
26.125 81.875 -0.18373
26.125 82.125 -0.98231
26.125 82.375 -1.0032
26.125 82.625 -0.88011
26.125 82.875 -0.31726
26.125 83.125 -0.61984
26.125 83.375 -1.0173
26.125 83.625 -1.039
26.125 83.875 -0.39023
26.125 84.125 0.030392
26.125 84.375 -0.95879
26.125 84.625 -0.92598
26.125 84.875 -1.0387
26.125 85.125 -0.24325
26.125 85.375 -0.93831
26.125 85.625 -0.77498
26.125 85.875 0.024436
26.125 86.125 0.030786
26.125 86.375 0.86751
26.125 86.625 1.9858
26.125 86.875 2.0838
26.125 87.125 1.8032
26.125 87.375 1.215
26.125 87.625 0.092149
26.125 87.875 -0.36466
26.125 88.125 0.38282
26.125 89.375 0.38129
26.125 89.875 0.37755
26.125 90.125 -0.31707
26.125 90.375 0.072277
26.125 90.625 0.3707
26.125 90.875 -0.25882
26.125 91.125 -0.57291
26.125 91.375 -0.44165
26.125 91.625 -0.91621
26.125 91.875 -1.0761
26.125 92.125 -0.98684
26.125 92.375 -0.62634
26.125 92.625 -0.44471
26.125 92.875 -0.56797
26.125 93.125 -1.0162
26.125 93.375 -0.34746
26.125 93.625 -0.20522
26.125 93.875 -0.070578
26.125 94.125 -0.34207
26.125 94.375 -0.6213
26.125 94.625 -0.82548
26.125 94.875 -0.65737
26.375 70.375 2.288
26.375 70.625 2.0979
26.375 70.875 2.4192
26.375 71.125 2.5279
26.375 71.375 3.3774
26.375 71.625 4.5587
26.375 71.875 5.0214
26.375 72.125 4.9699
26.375 72.375 4.5416
26.375 72.625 1.9225
26.375 72.875 1.7353
26.375 73.125 1.1258
26.375 73.375 1.2141
26.375 73.625 1.3708
26.375 73.875 1.463
26.375 74.125 1.5797
26.375 74.375 1.5961
26.375 74.625 -0.32764
26.375 74.875 0.8367
26.375 75.125 0.80126
26.375 75.375 0.94255
26.375 75.625 1.1207
26.375 75.875 1.1652
26.375 76.125 0.92177
26.375 76.375 0.95952
26.375 76.625 1.1716
26.375 76.875 0.78071
26.375 77.125 0.49881
26.375 77.375 0.60004
26.375 77.625 0.76594
26.375 77.875 0.75862
26.375 78.125 1.3233
26.375 78.375 0.78239
26.375 78.625 1.1612
26.375 78.875 1.1882
26.375 79.125 0.75697
26.375 79.375 -0.55514
26.375 79.625 -0.68293
26.375 79.875 0.034148
26.375 80.125 0.31306
26.375 80.375 -1.0625
26.375 80.625 -0.97495
26.375 80.875 0.36062
26.375 81.125 -0.074179
26.375 81.375 -1.5764
26.375 81.625 -1.6589
26.375 81.875 -1.0812
26.375 82.125 -0.82534
26.375 82.375 -0.13135
26.375 82.625 0.24949
26.375 82.875 0.4976
26.375 83.125 0.55558
26.375 83.375 -0.56178
26.375 83.625 -0.77833
26.375 83.875 -0.28162
26.375 84.125 0.22583
26.375 84.375 -0.1493
26.375 84.625 -0.40327
26.375 84.875 -1.0323
26.375 85.125 -0.44154
26.375 85.375 -0.62396
26.375 85.625 -0.18272
26.375 85.875 -0.15168
26.375 86.125 -0.24298
26.375 86.375 -0.10507
26.375 86.625 0.060346
26.375 86.875 1.5591
26.375 87.125 0.92036
26.375 87.625 -1.5917
26.375 87.875 -0.42082
26.375 88.125 0.49665
26.375 88.375 0.54321
26.375 88.875 0.35279
26.375 89.375 0.31366
26.375 89.625 0.23812
26.375 89.875 0.21716
26.375 90.125 -0.035198
26.375 90.375 -0.080401
26.375 90.625 -0.21571
26.375 90.875 -0.65619
26.375 91.125 -0.89802
26.375 91.375 -0.48939
26.375 91.625 -0.4847
26.375 91.875 -0.31024
26.375 92.125 -0.4994
26.375 92.375 -0.47904
26.375 92.625 -0.59661
26.375 92.875 -0.63107
26.375 93.125 -1.0005
26.375 93.375 -1.1543
26.375 93.625 -0.87813
26.375 93.875 -0.3753
26.375 94.125 -0.35452
26.375 94.375 -0.64605
26.375 94.625 -0.65502
26.375 94.875 -0.24609
26.625 69.875 1.821
26.625 70.125 2.0621
26.625 70.375 2.4332
26.625 70.625 1.4631
26.625 70.875 1.18
26.625 71.125 1.4899
26.625 71.375 2.7819
26.625 71.625 3.6249
26.625 71.875 3.8366
26.625 72.125 3.768
26.625 72.375 2.6968
26.625 72.625 1.8469
26.625 72.875 1.7712
26.625 73.125 1.1057
26.625 73.375 0.68067
26.625 73.625 0.92987
26.625 73.875 1.1901
26.625 74.125 0.97745
26.625 74.375 1.3093
26.625 74.625 0.61008
26.625 74.875 2.1497
26.625 75.125 0.48204
26.625 75.375 1.1361
26.625 75.625 1.0973
26.625 75.875 0.81191
26.625 76.125 1.2599
26.625 76.375 0.7071
26.625 76.625 0.97611
26.625 76.875 0.92938
26.625 77.125 0.92181
26.625 77.375 1.5207
26.625 77.625 1.822
26.625 77.875 0.74359
26.625 78.125 1.2948
26.625 78.375 1.5073
26.625 78.625 0.93195
26.625 78.875 0.39774
26.625 79.125 -0.66831
26.625 79.375 -0.21622
26.625 79.625 -0.44883
26.625 79.875 -1.1176
26.625 80.125 -1.5191
26.625 80.375 -0.78421
26.625 80.625 0.039577
26.625 80.875 0.15267
26.625 81.125 -0.10577
26.625 81.375 -0.51167
26.625 81.625 -0.91394
26.625 81.875 -0.096415
26.625 82.125 2.0101
26.625 82.375 1.1737
26.625 82.625 0.046711
26.625 82.875 0.82663
26.625 83.125 0.98094
26.625 83.375 -0.80251
26.625 83.625 -1.007
26.625 83.875 -0.96263
26.625 84.125 0.24938
26.625 84.375 -0.020449
26.625 84.625 -0.63644
26.625 84.875 -1.1949
26.625 85.125 -0.556
26.625 85.375 -0.56386
26.625 85.625 -0.27005
26.625 86.125 -0.28152
26.625 88.375 0.38996
26.625 88.625 0.46503
26.625 88.875 -0.24101
26.625 89.125 0.19704
26.625 89.375 0.23144
26.625 89.625 0.31863
26.625 89.875 -0.040629
26.625 90.125 -0.30712
26.625 90.375 -0.57162
26.625 90.625 -0.9936
26.625 90.875 -0.76488
26.625 91.125 -0.57137
26.625 91.375 -0.0011252
26.625 91.625 -0.59328
26.625 91.875 -0.22798
26.625 92.125 -0.39816
26.625 92.375 -0.648
26.625 92.625 -0.7401
26.625 92.875 -0.20455
26.625 93.125 -0.80976
26.625 93.375 -1.0719
26.625 93.625 -0.71619
26.625 93.875 0.23372
26.625 94.125 -1.1629
26.625 94.375 -0.84658
26.625 94.625 -0.09923
26.625 94.875 -0.0025229
26.625 95.125 -0.029471
26.875 69.625 1.7382
26.875 69.875 1.6627
26.875 70.125 1.9667
26.875 70.375 2.0729
26.875 70.625 0.84605
26.875 70.875 0.54697
26.875 71.125 0.86703
26.875 71.375 1.674
26.875 71.625 2.1062
26.875 71.875 2.0506
26.875 72.125 2.0544
26.875 72.375 2.2271
26.875 72.625 1.9467
26.875 72.875 1.5964
26.875 73.125 0.8049
26.875 73.375 0.41148
26.875 73.625 0.18719
26.875 73.875 0.52093
26.875 74.125 0.66725
26.875 74.375 0.96224
26.875 74.625 0.81235
26.875 74.875 1.7701
26.875 75.125 1.8727
26.875 75.375 1.0017
26.875 75.625 -0.36437
26.875 75.875 1.0654
26.875 76.125 1.4137
26.875 76.375 0.82068
26.875 76.625 1.0153
26.875 76.875 0.92376
26.875 77.125 1.2242
26.875 77.375 0.29327
26.875 77.625 1.3488
26.875 77.875 1.1003
26.875 78.125 0.32597
26.875 78.375 1.1969
26.875 78.625 0.28419
26.875 78.875 0.0881
26.875 79.125 -0.18697
26.875 79.375 0.32534
26.875 79.625 9.6909e-05
26.875 79.875 -0.53736
26.875 80.125 -1.1324
26.875 80.375 -0.75788
26.875 80.625 1.6384
26.875 80.875 0.074509
26.875 81.125 0.27607
26.875 81.375 -0.49549
26.875 81.625 -0.78237
26.875 81.875 -0.15913
26.875 82.125 0.4486
26.875 82.375 0.37342
26.875 82.625 -0.27383
26.875 82.875 -0.30171
26.875 83.125 0.075962
26.875 83.375 -1.092
26.875 83.625 -0.89595
26.875 83.875 -0.6749
26.875 84.125 0.19305
26.875 84.375 -0.11983
26.875 84.625 -0.19766
26.875 84.875 -0.98731
26.875 88.375 0.95463
26.875 88.625 0.64628
26.875 88.875 0.1495
26.875 92.375 -0.92541
26.875 92.625 -0.78769
26.875 92.875 -0.16721
26.875 93.125 0.11219
26.875 93.375 -0.62321
26.875 93.625 0.15851
26.875 93.875 1.27
26.875 94.125 -1.2915
26.875 94.375 -0.076116
26.875 94.625 0.43551
26.875 94.875 0.15751
26.875 95.125 -0.13454
26.875 95.375 -0.45376
26.875 95.625 -0.73268
27.125 69.875 1.063
27.125 70.125 0.67305
27.125 70.375 0.35905
27.125 70.625 0.28854
27.125 70.875 0.34697
27.125 71.125 0.62277
27.125 71.375 0.95517
27.125 71.625 1.1921
27.125 71.875 1.2239
27.125 72.125 1.5977
27.125 72.375 1.6702
27.125 72.625 1.9732
27.125 72.875 1.1624
27.125 73.125 0.77971
27.125 73.375 0.26824
27.125 73.625 -0.027972
27.125 73.875 0.10349
27.125 74.125 0.20908
27.125 74.375 0.29936
27.125 74.625 0.95065
27.125 74.875 0.69348
27.125 75.125 0.98353
27.125 75.375 1.5733
27.125 75.625 1.0027
27.125 75.875 0.9254
27.125 76.125 1.3068
27.125 76.375 1.7554
27.125 76.625 0.80292
27.125 76.875 -0.4065
27.125 77.125 2.333
27.125 77.375 1.3257
27.125 77.625 1.4797
27.125 77.875 1.6683
27.125 78.125 1.6858
27.125 78.375 2.0052
27.125 78.625 0.53576
27.125 78.875 0.02844
27.125 79.125 -0.33319
27.125 79.375 -0.93241
27.125 79.625 -0.34873
27.125 79.875 -0.575
27.125 80.125 -1.3376
27.125 80.375 -0.38136
27.125 80.625 -0.47254
27.125 80.875 0.80789
27.125 81.125 -0.22478
27.125 81.375 -0.42132
27.125 81.625 -0.37243
27.125 81.875 -0.050691
27.125 82.125 -0.077753
27.125 82.375 -0.51334
27.125 82.625 0.70362
27.125 82.875 -0.1785
27.125 83.125 -0.019053
27.125 83.375 0.24384
27.125 83.625 0.20465
27.125 83.875 0.47873
27.125 84.125 -0.10419
27.125 84.375 -0.10264
27.125 84.625 -0.4201
27.125 88.125 1.1579
27.125 88.375 1.4064
27.125 88.625 1.3563
27.125 92.125 -1.4185
27.125 92.375 -0.88583
27.125 92.625 -0.65032
27.125 92.875 -0.3938
27.125 93.125 -0.13392
27.125 93.375 -0.27278
27.125 93.625 -0.40086
27.125 93.875 -0.0097265
27.125 94.125 0.34092
27.125 94.375 0.3579
27.125 94.625 0.63858
27.125 94.875 0.5182
27.125 95.125 -0.47209
27.125 95.375 -0.54376
27.125 95.625 -0.64441
27.125 95.875 -0.65909
27.375 70.125 0.45391
27.375 70.375 0.34133
27.375 70.625 0.2647
27.375 70.875 0.24328
27.375 71.125 1.0684
27.375 71.375 0.98458
27.375 71.625 0.9505
27.375 71.875 0.57591
27.375 72.125 0.26068
27.375 72.375 1.0153
27.375 72.625 0.66568
27.375 72.875 0.62218
27.375 73.125 0.85401
27.375 73.375 0.78185
27.375 73.625 0.40602
27.375 73.875 -0.14626
27.375 74.125 -0.27825
27.375 74.375 -0.1309
27.375 74.625 0.96004
27.375 74.875 1.132
27.375 75.125 1.3657
27.375 75.375 1.8355
27.375 75.625 1.2246
27.375 75.875 0.34796
27.375 76.125 1.169
27.375 76.375 0.93263
27.375 76.625 1.3285
27.375 76.875 1.6993
27.375 77.125 1.7246
27.375 77.375 1.3916
27.375 77.625 1.5746
27.375 77.875 1.7017
27.375 78.125 1.7437
27.375 78.375 2.0257
27.375 78.625 1.0247
27.375 78.875 0.94727
27.375 79.125 -0.38621
27.375 79.375 -1.2061
27.375 79.625 -0.9072
27.375 79.875 -0.76621
27.375 80.125 -1.5433
27.375 80.375 -1.3544
27.375 80.625 -0.97973
27.375 80.875 -1.0625
27.375 81.125 -0.35934
27.375 81.375 -0.33413
27.375 81.625 -1.6282
27.375 81.875 0.012285
27.375 82.125 -0.26873
27.375 82.375 -0.34538
27.375 82.625 0.17531
27.375 82.875 -0.17639
27.375 83.125 -0.22556
27.375 83.625 0.080575
27.375 84.125 0.01188
27.375 84.375 0.012968
27.375 88.125 2.0309
27.375 88.375 0.93502
27.375 88.625 1.0699
27.375 92.125 -1.0097
27.375 92.375 -0.5585
27.375 92.625 -0.43606
27.375 92.875 -0.60097
27.375 93.125 -1.2674
27.375 93.375 -2.1674
27.375 93.625 -0.80096
27.375 93.875 -0.57524
27.375 94.125 0.76554
27.375 94.375 -0.29108
27.375 94.625 0.021151
27.375 94.875 -0.014462
27.375 95.125 -0.5196
27.375 95.375 -0.72353
27.375 95.625 -0.77737
27.375 95.875 -0.85718
27.375 96.125 -1.0344
27.375 96.375 -0.33194
27.375 96.625 -0.0034377
27.375 96.875 -0.1168
27.625 70.125 0.36819
27.625 70.375 0.25507
27.625 70.625 0.24836
27.625 70.875 0.59798
27.625 71.125 1.0428
27.625 71.375 1.0398
27.625 71.625 0.77382
27.625 71.875 0.56657
27.625 72.125 0.32723
27.625 72.375 0.50411
27.625 72.625 0.034645
27.625 72.875 0.23593
27.625 73.125 0.58042
27.625 73.375 0.78463
27.625 73.625 0.40688
27.625 73.875 -0.14996
27.625 74.125 -0.093039
27.625 74.375 0.0029584
27.625 74.625 0.7448
27.625 74.875 0.9855
27.625 75.125 -0.05533
27.625 75.375 1.0021
27.625 75.625 1.112
27.625 75.875 1.0197
27.625 76.125 1.3208
27.625 76.375 0.68203
27.625 76.625 2.1444
27.625 76.875 3.9817
27.625 77.125 1.4204
27.625 77.375 1.0453
27.625 77.625 0.92363
27.625 77.875 0.58207
27.625 78.125 1.5374
27.625 78.375 2.4435
27.625 78.625 0.61244
27.625 78.875 0.30637
27.625 79.125 -0.84601
27.625 79.375 -1.4454
27.625 79.625 -0.98839
27.625 79.875 -0.50093
27.625 80.125 -0.98939
27.625 80.375 -1.19
27.625 80.625 -1.124
27.625 80.875 -0.96519
27.625 81.125 -0.56185
27.625 81.375 -0.37734
27.625 81.625 -0.49801
27.625 81.875 -0.37248
27.625 82.125 -0.13258
27.625 82.375 -0.011972
27.625 82.625 0.20925
27.625 88.375 1.1542
27.625 88.625 1.3196
27.625 91.625 -0.29623
27.625 91.875 -0.65246
27.625 92.125 -1.012
27.625 92.375 -0.75952
27.625 92.625 -0.59042
27.625 92.875 -0.57438
27.625 93.125 -0.59833
27.625 93.375 -1.4964
27.625 93.625 -2.132
27.625 93.875 -2.3345
27.625 94.125 -1.3618
27.625 94.375 -0.55887
27.625 94.625 -0.73555
27.625 94.875 -0.72868
27.625 95.125 -0.74533
27.625 95.375 -0.8453
27.625 95.625 -1.1953
27.625 95.875 -1.2754
27.625 96.125 -1.3707
27.625 96.375 -0.43367
27.625 96.625 -0.17284
27.625 96.875 -0.17242
27.875 70.375 0.15818
27.875 71.875 0.33378
27.875 72.125 0.079801
27.875 72.375 -0.08511
27.875 72.625 0.021634
27.875 72.875 0.09326
27.875 73.125 0.042754
27.875 73.375 0.66376
27.875 73.625 0.12506
27.875 73.875 0.013674
27.875 74.125 0.24437
27.875 74.375 0.40918
27.875 74.625 0.080109
27.875 74.875 0.10105
27.875 75.125 0.22384
27.875 75.375 0.80827
27.875 75.625 0.75585
27.875 75.875 0.67121
27.875 76.125 0.82316
27.875 76.375 0.71592
27.875 76.625 1.2088
27.875 76.875 2.6593
27.875 77.125 1.7068
27.875 77.375 0.28073
27.875 77.625 -0.49201
27.875 77.875 0.5993
27.875 78.125 1.0619
27.875 78.375 0.88932
27.875 78.625 1.0437
27.875 78.875 1.1056
27.875 79.125 -0.0037922
27.875 79.375 -1.0151
27.875 79.625 -0.87074
27.875 79.875 -0.36572
27.875 80.125 -0.42171
27.875 80.375 -0.26857
27.875 80.625 -0.54383
27.875 80.875 -0.82635
27.875 81.125 -0.65943
27.875 81.375 -0.4171
27.875 81.625 -0.34664
27.875 88.375 NaN
27.875 88.625 NaN
27.875 92.875 -0.83089
27.875 93.125 -0.78454
27.875 93.375 -0.87387
27.875 93.625 -1.4792
27.875 93.875 -2.1722
27.875 94.125 -1.812
27.875 94.375 -1.6348
27.875 94.625 -1.4495
27.875 94.875 -1.0809
27.875 95.125 -0.51543
27.875 95.375 -0.8304
27.875 95.625 -1.2414
27.875 95.875 -1.3838
27.875 96.125 -1.2248
27.875 96.375 -0.64631
27.875 96.625 -0.20672
27.875 96.875 -0.13802
27.875 97.125 -0.13524
28.125 72.125 -0.2114
28.125 72.375 -0.24631
28.125 72.625 -0.084635
28.125 72.875 0.41504
28.125 73.125 0.88948
28.125 73.375 0.70781
28.125 73.625 0.10514
28.125 73.875 -0.04335
28.125 74.125 0.059714
28.125 74.375 0.38311
28.125 74.625 0.51661
28.125 74.875 0.65055
28.125 75.125 0.72645
28.125 75.375 0.7759
28.125 75.625 0.56413
28.125 75.875 2.4787
28.125 76.125 2.3741
28.125 76.375 1.9471
28.125 76.625 3.1781
28.125 76.875 2.3817
28.125 77.125 1.1823
28.125 77.375 1.4641
28.125 77.625 1.352
28.125 77.875 1.2734
28.125 78.125 1.7326
28.125 78.375 0.66854
28.125 78.625 0.021838
28.125 78.875 -0.088405
28.125 79.125 0.63109
28.125 79.375 -0.037824
28.125 79.625 -0.56028
28.125 79.875 -0.5507
28.125 80.125 0.57078
28.125 80.375 0.7231
28.125 80.625 0.57783
28.125 80.875 -0.28263
28.125 81.125 -0.834
28.125 81.375 -0.49318
28.125 92.875 -1.8433
28.125 93.125 -0.94541
28.125 93.375 -1.072
28.125 93.625 -1.2477
28.125 93.875 -1.5921
28.125 94.125 -1.7278
28.125 94.375 -1.626
28.125 94.625 -1.6967
28.125 94.875 -1.274
28.125 95.125 -0.65069
28.125 95.375 -0.63643
28.125 95.625 -1.2751
28.125 95.875 -1.3719
28.125 96.125 -1.1213
28.125 96.375 -0.35545
28.125 96.625 -0.29252
28.125 96.875 -0.18562
28.125 97.125 0.0024437
28.375 72.375 -0.106
28.375 72.625 -0.062591
28.375 72.875 -0.078072
28.375 73.125 0.40345
28.375 73.375 0.031284
28.375 73.625 -0.28997
28.375 73.875 -0.26166
28.375 74.125 -0.14319
28.375 74.375 -0.019124
28.375 74.625 1.0772
28.375 74.875 1.1969
28.375 75.125 0.66544
28.375 75.375 1.1709
28.375 75.625 0.71684
28.375 75.875 1.6357
28.375 76.125 1.8697
28.375 76.375 1.1312
28.375 76.625 1.6897
28.375 76.875 2.6308
28.375 77.125 1.3253
28.375 77.375 0.14547
28.375 77.625 1.0908
28.375 77.875 0.55585
28.375 78.125 1.5231
28.375 78.375 0.70499
28.375 78.625 -0.38279
28.375 78.875 0.11507
28.375 79.125 0.99517
28.375 79.375 0.45
28.375 79.625 -0.65285
28.375 79.875 -0.57895
28.375 80.125 0.45936
28.375 80.375 0.58125
28.375 80.625 0.59364
28.375 80.875 0.12057
28.375 81.125 -0.33569
28.375 93.375 -1.0408
28.375 93.625 -0.69203
28.375 93.875 -0.10207
28.375 94.125 -0.22972
28.375 94.375 -0.49543
28.375 94.625 -0.71458
28.375 94.875 -0.81227
28.375 95.125 -0.83907
28.375 95.375 -0.88845
28.375 95.625 -0.93406
28.375 95.875 -0.81379
28.375 96.125 -1.1117
28.375 96.625 -0.35081
28.625 72.375 0.044197
28.625 72.625 0.22433
28.625 72.875 -0.050152
28.625 73.125 0.23486
28.625 73.375 0.084551
28.625 73.625 -0.01604
28.625 73.875 -0.24595
28.625 74.125 -0.012116
28.625 74.375 0.61486
28.625 74.625 1.5806
28.625 74.875 1.359
28.625 75.125 0.48454
28.625 75.375 -0.24112
28.625 75.625 -0.71032
28.625 75.875 -0.22829
28.625 76.125 1.6363
28.625 76.375 2.2663
28.625 76.625 2.4076
28.625 76.875 1.558
28.625 77.125 0.92691
28.625 77.375 0.099953
28.625 77.625 0.048793
28.625 77.875 -0.979
28.625 78.125 -0.64075
28.625 78.375 0.547
28.625 78.625 -0.73237
28.625 78.875 -0.63971
28.625 79.125 1.7749
28.625 79.375 0.62087
28.625 79.625 0.17259
28.625 79.875 -0.28665
28.625 80.125 0.31238
28.625 80.375 0.60373
28.625 80.625 0.4821
28.625 93.625 0.56238
28.625 93.875 NaN
28.625 94.125 0.93184
28.625 94.375 0.58379
28.625 94.625 0.34857
28.625 94.875 0.041251
28.625 95.125 -0.44199
28.625 95.375 -0.20748
28.625 95.625 -0.62502
28.625 95.875 -0.77609
28.625 96.125 -0.76861
28.625 96.375 3.2734
28.875 72.875 0.30471
28.875 73.125 0.58129
28.875 73.375 0.70284
28.875 73.625 0.41116
28.875 73.875 0.61566
28.875 74.125 0.87427
28.875 74.375 1.036
28.875 74.625 1.4349
28.875 74.875 1.4092
28.875 75.125 0.089482
28.875 75.375 0.05969
28.875 75.625 0.28576
28.875 75.875 0.72565
28.875 76.125 1.6242
28.875 76.375 0.73488
28.875 76.625 0.65406
28.875 76.875 0.80453
28.875 77.125 1.4668
28.875 77.375 1.9698
28.875 77.625 1.6637
28.875 77.875 0.42382
28.875 78.125 -1.1452
28.875 78.375 -0.25287
28.875 78.625 -0.79075
28.875 78.875 -0.23098
28.875 79.125 0.92969
28.875 79.375 1.2526
28.875 79.625 0.60942
28.875 79.875 0.77868
28.875 94.125 1.0298
28.875 94.375 0.90166
28.875 94.625 0.78943
28.875 94.875 0.75643
28.875 95.125 0.305
28.875 95.375 -0.12322
28.875 95.625 -0.23349
28.875 95.875 -0.4587
28.875 96.125 0.079772
28.875 96.375 3.7969
29.125 73.125 0.15199
29.125 73.375 0.66343
29.125 73.625 0.33707
29.125 73.875 0.62295
29.125 74.125 0.80078
29.125 74.375 1.2
29.125 74.625 1.2923
29.125 74.875 1.3816
29.125 75.125 -0.13546
29.125 75.375 1.8507
29.125 75.625 1.4497
29.125 75.875 0.77181
29.125 76.125 2.0433
29.125 76.375 0.93994
29.125 76.625 2.9784
29.125 76.875 2.2303
29.125 77.125 0.30203
29.125 77.375 0.75413
29.125 77.625 0.88946
29.125 77.875 0.0070954
29.125 78.125 -0.81299
29.125 78.375 -1.256
29.125 78.625 -0.60605
29.125 78.875 -0.60829
29.125 79.125 1.0192
29.125 79.375 0.8351
29.125 79.625 0.049079
29.125 79.875 0.55475
29.125 80.125 1.0485
29.125 94.375 1.2944
29.125 94.625 0.91105
29.125 94.875 1.0103
29.125 95.625 0.28434
29.125 95.875 0.839
29.125 96.125 4.208
29.375 73.375 0.084788
29.375 73.625 0.37423
29.375 73.875 0.45967
29.375 74.125 1.9481
29.375 74.375 1.5205
29.375 74.625 1.0381
29.375 74.875 1.6076
29.375 75.125 0.99805
29.375 75.375 0.093467
29.375 75.625 0.5465
29.375 75.875 -0.066739
29.375 76.125 2.3593
29.375 76.375 0.93649
29.375 76.625 3.6603
29.375 76.875 1.5759
29.375 77.125 -0.71095
29.375 77.375 0.19742
29.375 77.625 0.099835
29.375 77.875 -0.048432
29.375 78.125 -0.28487
29.375 78.375 -0.79787
29.375 78.625 -0.79179
29.375 78.875 -0.46235
29.375 79.125 0.27044
29.375 79.375 0.18135
29.375 79.625 -0.52371
29.375 79.875 0.4119
29.375 80.125 0.45687
29.375 96.125 5.3791
29.625 73.375 -0.10352
29.625 73.625 0.46748
29.625 73.875 1.102
29.625 74.125 1.4657
29.625 74.375 0.87265
29.625 74.625 0.48037
29.625 74.875 1.6581
29.625 75.125 0.54244
29.625 75.375 -0.33322
29.625 75.625 0.92919
29.625 75.875 -0.3693
29.625 76.125 0.65811
29.625 76.375 2.9895
29.625 76.625 2.847
29.625 76.875 2.0083
29.625 77.125 -0.6591
29.625 77.375 -0.7032
29.625 77.625 -0.16523
29.625 77.875 -0.65651
29.625 78.125 -0.10618
29.625 78.375 -0.066696
29.625 78.625 -0.342
29.625 78.875 -0.20162
29.625 79.125 0.42127
29.625 79.375 0.57307
29.625 79.625 0.45825
29.625 79.875 0.17421
29.625 80.125 0.49334
29.875 73.625 0.5413
29.875 73.875 0.32149
29.875 74.125 0.5026
29.875 74.375 -0.11565
29.875 74.625 -0.32938
29.875 74.875 -0.23471
29.875 75.125 0.7308
29.875 75.375 0.34172
29.875 75.625 -0.089173
29.875 75.875 -0.18667
29.875 76.125 0.77484
29.875 76.375 1.8684
29.875 76.625 1.0818
29.875 76.875 -0.50115
29.875 77.125 0.90389
29.875 77.375 0.32829
29.875 77.625 -0.031088
29.875 77.875 0.5072
29.875 78.125 -1.2861
29.875 78.375 0.7276
29.875 78.625 0.3123
29.875 78.875 0.28206
29.875 79.125 -0.5168
29.875 79.375 -0.10824
29.875 79.625 1.9859
29.875 79.875 0.23978
29.875 80.125 0.37423
29.875 80.375 0.29007
30.125 74.125 -0.41575
30.125 74.375 -0.38198
30.125 74.625 0.24001
30.125 74.875 1.005
30.125 75.125 1.6166
30.125 75.375 1.5658
30.125 75.625 0.32103
30.125 75.875 -0.55584
30.125 76.125 0.23672
30.125 76.375 1.0273
30.125 76.625 0.16634
30.125 76.875 -0.23743
30.125 77.125 0.839
30.125 77.375 -0.055893
30.125 77.625 1.5117
30.125 77.875 1.1838
30.125 78.125 2.1853
30.125 78.375 0.251
30.125 78.625 1.1947
30.125 78.875 1.5165
30.125 79.125 0.79184
30.125 79.375 0.92724
30.125 79.625 1.7644
30.125 79.875 0.4581
30.125 80.125 0.063492
30.125 80.375 0.14474
30.125 80.625 0.11212
30.375 74.125 -0.20007
30.375 74.375 0.35996
30.375 74.625 0.62282
30.375 74.875 0.37778
30.375 75.125 1.8742
30.375 75.375 1.6117
30.375 75.625 -0.50316
30.375 75.875 -0.80016
30.375 76.125 -0.40813
30.375 76.375 0.032617
30.375 76.625 -0.75383
30.375 76.875 -0.060164
30.375 77.125 0.92951
30.375 77.375 0.45336
30.375 77.625 1.4056
30.375 77.875 1.9847
30.375 78.125 1.2538
30.375 78.375 1.4754
30.375 78.625 2.1045
30.375 78.875 1.3848
30.375 79.125 1.5767
30.375 79.375 1.5425
30.375 79.625 2.0631
30.375 79.875 1.2706
30.375 80.125 0.58135
30.375 80.375 -0.0087747
30.375 80.625 -0.23331
30.625 74.375 -0.1305
30.625 74.625 -0.15217
30.625 74.875 -0.42261
30.625 75.125 0.48665
30.625 75.375 -0.13016
30.625 75.625 -0.74662
30.625 75.875 -1.0825
30.625 76.125 -0.87353
30.625 76.375 -1.0541
30.625 76.625 -0.48231
30.625 76.875 1.29
30.625 77.125 0.2287
30.625 77.375 1.0153
30.625 77.625 0.477
30.625 77.875 0.046877
30.625 78.125 0.44018
30.625 78.375 0.081716
30.625 78.625 0.2169
30.625 78.875 0.89777
30.625 79.125 1.1599
30.625 79.375 1.004
30.625 79.625 1.9259
30.625 79.875 1.5696
30.625 80.125 1.1468
30.875 74.625 -0.26379
30.875 74.875 -0.15675
30.875 75.125 0.35347
30.875 75.375 -0.74914
30.875 75.625 -0.92246
30.875 75.875 -0.73522
30.875 76.125 -0.7693
30.875 76.375 -0.72154
30.875 76.625 -0.098367
30.875 76.875 1.0895
30.875 77.125 0.75308
30.875 77.375 -0.20349
30.875 77.625 -0.059101
30.875 77.875 0.017541
30.875 78.125 0.13226
30.875 78.375 -0.082226
30.875 78.625 -0.27575
30.875 78.875 0.033911
30.875 79.125 0.51209
30.875 79.375 NaN
30.875 79.625 NaN
30.875 79.875 NaN
31.125 74.875 -0.7813
31.125 75.125 -0.10916
31.125 75.375 -1.137
31.125 75.625 -1.1981
31.125 75.875 -0.49406
31.125 76.125 0.75216
31.125 76.375 -0.034861
31.125 76.625 -0.5035
31.125 76.875 0.90759
31.125 77.125 1.0896
31.125 77.375 0.31105
31.125 77.625 0.6663
31.125 77.875 -0.28164
31.125 78.125 -0.74495
31.125 78.375 -0.80566
31.125 78.625 -0.77018
31.125 78.875 NaN
31.125 79.125 NaN
31.375 74.875 -0.42212
31.375 75.125 -0.75104
31.375 75.375 -1.1218
31.375 75.625 -0.70115
31.375 75.875 0.38498
31.375 76.125 0.21541
31.375 76.375 0.42134
31.375 76.625 -0.32017
31.375 76.875 0.44045
31.375 77.125 0.50214
31.375 77.375 0.1067
31.375 77.625 -0.87473
31.375 77.875 -0.74226
31.375 78.125 -0.76626
31.375 78.375 -0.7684
31.375 78.625 -0.90508
31.625 74.875 0.065829
31.625 75.125 -0.00019107
31.625 75.375 -0.19977
31.625 75.625 -0.34167
31.625 75.875 -0.27766
31.625 76.125 -0.14775
31.625 76.375 0.47145
31.625 76.625 0.14512
31.625 76.875 0.22417
31.625 77.125 0.13
31.625 77.375 -0.212
31.625 77.625 -0.66416
31.625 77.875 -0.68274
31.625 78.125 -0.83201
31.625 78.375 -0.69693
31.625 78.625 -0.99854
31.875 74.875 0.47578
31.875 75.125 0.29796
31.875 75.375 -0.69273
31.875 75.625 -0.50883
31.875 75.875 -0.0078824
31.875 76.125 0.51896
31.875 76.375 0.35102
31.875 76.625 0.36815
31.875 76.875 0.1355
31.875 77.125 -0.25972
31.875 77.375 -0.51853
31.875 77.625 -1.0182
31.875 77.875 -0.67211
31.875 78.125 -0.85274
31.875 78.375 -1.0831
31.875 78.625 -1.255
32.125 75.375 1.0616
32.125 75.625 -0.083638
32.125 75.875 0.039165
32.125 76.125 -0.28943
32.125 76.375 0.28053
32.125 76.625 -0.42455
32.125 76.875 -0.25543
32.125 77.125 -0.34282
32.125 77.375 -1.0142
32.125 77.625 -1.565
32.125 77.875 -1.3253
32.125 78.125 -1.3559
32.125 78.375 -1.4252
32.375 75.375 0.14245
32.375 75.625 -0.23886
32.375 75.875 -0.44977
32.375 76.125 -0.30777
32.375 76.375 -0.07252
32.375 76.625 -0.70059
32.375 76.875 -0.79808
32.375 77.125 -0.51546
32.375 77.375 -0.8783
32.375 77.625 -1.1607
32.375 77.875 -1.6366
32.375 78.125 -1.685
32.375 78.375 -1.47
32.625 74.875 0.10418
32.625 75.125 -0.27263
32.625 75.375 -0.56061
32.625 75.625 -0.57041
32.625 75.875 -0.60642
32.625 76.125 -0.31445
32.625 76.375 -0.50313
32.625 76.625 -0.55126
32.625 76.875 -0.45929
32.625 77.125 -0.63702
32.625 77.375 -0.73706
32.625 77.625 -0.99737
32.625 77.875 -1.2345
32.625 78.125 -1.6162
32.625 78.375 -1.3885
32.625 78.625 -1.3142
32.625 78.875 -1.204
32.625 79.125 -1.2542
32.625 79.375 -1.3095
32.875 74.375 0.23423
32.875 74.625 -0.13008
32.875 74.875 -0.019697
32.875 75.125 -0.44592
32.875 75.375 -0.7872
32.875 75.625 -0.74487
32.875 75.875 -0.65122
32.875 76.125 -0.23392
32.875 76.375 -0.35474
32.875 76.625 -0.42769
32.875 76.875 -0.44897
32.875 77.125 -0.5407
32.875 77.375 -0.63441
32.875 77.625 -1.0313
32.875 77.875 -1.2639
32.875 78.125 -1.3706
32.875 78.375 -1.4479
32.875 78.625 -1.2328
32.875 78.875 -1.2305
32.875 79.125 -1.2781
32.875 79.375 -1.2781
33.125 73.875 -0.61089
33.125 74.125 -0.36074
33.125 74.375 -0.12003
33.125 74.625 0.10008
33.125 74.875 -0.1767
33.125 75.125 -0.50847
33.125 75.375 -0.93094
33.125 75.625 -0.87704
33.125 75.875 -0.62609
33.125 76.125 -0.35983
33.125 76.375 -0.26664
33.125 76.625 -0.53729
33.125 76.875 -0.75507
33.125 77.125 -0.91365
33.125 77.375 -0.85598
33.125 77.625 -0.91296
33.125 77.875 -1.0543
33.125 78.125 -0.85024
33.125 78.375 -0.83307
33.125 78.625 -1.0988
33.125 78.875 -1.1094
33.125 79.125 -1.1805
33.375 73.875 -0.78429
33.375 74.125 -0.6787
33.375 74.375 -0.90475
33.375 74.625 -0.91891
33.375 74.875 -0.62732
33.375 75.125 -1.3183
33.375 75.375 -0.93389
33.375 75.625 -0.91425
33.375 75.875 -0.45271
33.375 76.125 -0.24228
33.375 76.375 0.11273
33.375 76.625 -0.71919
33.375 76.875 -0.96739
33.375 77.125 -0.88928
33.375 77.375 -0.97729
33.375 77.625 -1.0585
33.375 77.875 -1.266
33.375 78.125 -1.1305
33.375 78.375 -1.2026
33.375 78.625 -1.1898
33.375 78.875 -1.1964
33.625 73.875 -1.6607
33.625 74.125 -0.78315
33.625 74.375 -1.0131
33.625 74.625 -1.2835
33.625 74.875 -1.0506
33.625 75.125 -1.2985
33.625 75.375 -0.86734
33.625 75.625 -0.74232
33.625 75.875 -0.39243
33.625 76.125 -0.59654
33.625 76.375 -0.53706
33.625 76.625 -0.72611
33.625 76.875 -0.82546
33.625 77.125 -0.92889
33.625 77.375 -0.70091
33.625 77.625 -1.1242
33.625 77.875 -0.95631
33.625 78.125 -0.81649
33.625 78.375 -1.2301
33.625 78.625 -1.2448
33.625 78.875 -1.4659
33.875 73.875 -0.96874
33.875 74.125 -0.26978
33.875 74.375 -0.68254
33.875 74.625 -0.74211
33.875 74.875 -0.86593
33.875 75.125 -0.50132
33.875 75.375 -0.44685
33.875 75.625 -0.57889
33.875 75.875 -0.61135
33.875 76.125 -0.99512
33.875 76.375 -0.74901
33.875 76.625 -0.75705
33.875 76.875 -0.96213
33.875 77.125 -0.93871
33.875 77.375 -0.62305
33.875 77.625 -0.77782
33.875 77.875 -0.805
33.875 78.125 -1.2957
33.875 78.375 -1.3182
33.875 78.625 -1.1173
33.875 78.875 -1.7786
34.125 73.625 -0.86863
34.125 73.875 -0.70917
34.125 74.125 -0.25923
34.125 74.375 -0.99914
34.125 74.625 -0.93476
34.125 74.875 -0.80203
34.125 75.125 -0.55977
34.125 75.375 -0.47444
34.125 75.625 -0.85049
34.125 75.875 -1.0344
34.125 76.125 -0.90376
34.125 76.375 -0.5215
34.125 76.625 -0.78997
34.125 76.875 -0.91407
34.125 77.125 -0.78387
34.125 77.375 -0.61402
34.125 77.625 -1.1767
34.125 77.875 -0.96268
34.125 78.125 -1.1327
34.125 78.375 -1.1986
34.125 78.625 -1.3447
34.125 78.875 -1.288
34.125 79.125 -1.1776
34.125 79.375 -1.6373
34.375 73.625 -0.96559
34.375 73.875 -1.0162
34.375 74.125 -1.1136
34.375 74.375 -0.71081
34.375 74.625 -0.59546
34.375 74.875 -0.72286
34.375 75.125 -0.60279
34.375 75.375 -0.88321
34.375 75.625 -1.1115
34.375 75.875 -1.1488
34.375 76.125 -1.2229
34.375 76.375 -0.80872
34.375 76.625 -0.83608
34.375 76.875 -0.88934
34.375 77.125 -1.0879
34.375 77.375 -0.98284
34.375 77.625 -0.9838
34.375 77.875 -0.99459
34.375 78.125 -0.99522
34.375 78.375 -1.0179
34.375 78.625 -1.2422
34.375 78.875 -1.2436
34.375 79.125 -1.2646
34.375 79.375 -1.4689
34.625 73.875 -0.95812
34.625 74.125 -1.0817
34.625 74.375 -0.88358
34.625 74.625 -0.76361
34.625 74.875 -0.68734
34.625 75.125 -0.50435
34.625 75.375 -1.1795
34.625 75.625 -1.2994
34.625 75.875 -1.4759
34.625 76.125 -1.4184
34.625 76.375 -0.84668
34.625 76.625 -1.1491
34.625 76.875 -1.1877
34.625 77.125 -1.0385
34.625 77.375 -0.99777
34.625 77.625 -1.1555
34.625 77.875 -1.3415
34.625 78.125 -0.90237
34.625 78.375 -0.95022
34.625 78.625 -0.90181
34.625 78.875 -1.1266
34.625 79.125 -0.77919
34.625 79.375 -1.1025
34.625 79.625 -0.8837
34.875 74.125 -0.64056
34.875 74.375 -0.76899
34.875 74.625 -0.78689
34.875 74.875 -0.68431
34.875 75.125 -0.76398
34.875 75.375 -1.2493
34.875 75.625 -0.85689
34.875 75.875 -1.0567
34.875 76.125 -1.2724
34.875 76.375 -0.83425
34.875 76.625 -0.89153
34.875 76.875 -1.0017
34.875 77.125 -1.0334
34.875 77.375 -1.003
34.875 77.625 -1.2321
34.875 77.875 -1.0366
34.875 78.125 -1.0102
34.875 78.375 -1.0252
34.875 78.625 -1.2314
34.875 78.875 -1.0581
34.875 79.125 -0.93714
34.875 79.375 -0.7462
34.875 79.625 -0.9182
34.875 79.875 -0.68221
35.125 74.375 -0.2011
35.125 74.625 -0.43457
35.125 74.875 -0.27897
35.125 75.125 -0.48319
35.125 75.375 -0.95271
35.125 75.625 -0.37649
35.125 75.875 -0.27205
35.125 76.125 -0.97934
35.125 76.375 -1.1304
35.125 76.625 -1.0135
35.125 76.875 -1.0762
35.125 77.125 -1.1444
35.125 77.375 -1.1344
35.125 77.625 -1.1066
35.125 77.875 -1.1971
35.125 78.125 -1.0446
35.125 78.375 -1.3566
35.125 78.625 -1.2227
35.125 78.875 -1.1439
35.125 79.125 -1.0763
35.125 79.375 -1.0794
35.125 79.625 -1.0082
35.125 79.875 -0.46726
35.375 73.875 -0.33101
35.375 74.125 0.09214
35.375 74.375 0.054408
35.375 74.625 -0.11688
35.375 74.875 -0.021933
35.375 75.125 -0.25229
35.375 75.375 -0.353
35.375 75.625 -0.27582
35.375 75.875 -0.56518
35.375 76.125 -0.95483
35.375 76.375 -1.1406
35.375 76.625 -1.1767
35.375 76.875 -1.1648
35.375 77.125 -1.0626
35.375 77.375 -0.93268
35.375 77.625 -1.0605
35.375 77.875 -1.0329
35.375 78.125 -1.3399
35.375 78.375 -1.1498
35.375 78.625 -1.2663
35.375 78.875 -1.2304
35.375 79.125 -1.1641
35.375 79.375 -0.85619
35.375 79.625 -0.83908
35.375 79.875 -0.83675
35.375 80.125 NaN
35.625 73.375 -0.79782
35.625 73.625 -0.53643
35.625 73.875 -0.22082
35.625 74.125 -0.19292
35.625 74.375 -0.35308
35.625 74.625 -0.21525
35.625 74.875 -0.45245
35.625 75.125 -1.0687
35.625 75.375 -1.4909
35.625 75.625 -1.4828
35.625 75.875 -1.2838
35.625 76.125 -1.3378
35.625 76.375 -1.2348
35.625 76.625 -1.2078
35.625 76.875 -1.1479
35.625 77.125 -1.2045
35.625 78.375 -1.1433
35.625 78.625 -1.0694
35.625 78.875 -0.96746
35.625 79.125 -0.99513
35.625 79.375 -1.0142
35.625 79.625 -1.276
35.625 79.875 -0.87037
35.625 80.125 -0.83249
35.875 73.125 1.3449
35.875 73.375 0.089734
35.875 73.625 -0.37247
35.875 73.875 -0.53558
35.875 74.125 -0.49398
35.875 74.375 -0.86177
35.875 74.625 -0.73462
35.875 74.875 -0.85258
35.875 75.125 -1.3825
35.875 75.375 -1.8054
35.875 75.625 -1.988
35.875 75.875 -1.9938
35.875 76.125 -1.3833
35.875 76.375 -1.3826
35.875 76.625 -1.4628
35.875 79.375 -0.89246
36.125 72.625 0.80808
36.125 72.875 NaN
36.125 73.125 NaN
36.125 73.375 0.53252
36.125 73.625 -0.16762
36.125 73.875 -0.72979
36.125 74.125 -1.0863
36.125 74.375 -1.3804
36.125 74.625 -1.035
36.125 74.875 -0.9292
36.125 75.125 -1.162
36.125 75.375 -1.6661
36.125 75.625 -2.2762
36.125 75.875 -2.036
36.125 76.125 -1.2809
36.125 76.375 -1.0296
36.125 76.625 -1.3024
36.375 73.125 0.59075
36.375 73.375 0.71628
36.375 73.625 0.11925
36.375 73.875 -0.47373
36.375 74.125 -0.9963
36.375 74.375 -1.4854
36.375 74.625 -1.3767
36.375 74.875 -1.4338
36.375 75.125 -1.425
36.375 75.375 -1.5269
36.375 75.625 -1.8516
36.375 75.875 -1.416
36.375 76.125 -0.40198
36.625 73.375 0.49169
36.625 73.625 0.20069
36.625 73.875 -0.21092
36.625 74.125 -0.65231
36.625 74.375 -1.2817
36.625 74.625 -1.3429
36.625 74.875 -1.7595
36.625 75.125 -1.2813
36.625 75.375 -1.411
36.625 75.625 -1.7379
36.875 73.875 -0.72561
36.875 74.375 -0.81709
36.875 74.625 -0.9198
36.875 74.875 -1.3684
36.875 75.125 -1.6607
36.875 75.375 -1.5997
