8.125 77.375 1.1108
8.375 77.125 -0.084383
8.375 77.375 0.80279
8.375 77.625 1.8808
8.375 77.875 2.3244
8.625 76.875 -0.066888
8.625 77.125 1.0093
8.625 77.375 0.94189
8.625 77.625 0.57819
8.625 77.875 1.3486
8.875 76.875 0.26238
8.875 77.125 1.8213
8.875 77.375 0.59875
8.875 77.625 0.67038
8.875 77.875 0.028366
9.125 76.625 0.64131
9.125 76.875 0.96823
9.125 77.125 0.67492
9.125 77.375 0.46696
9.125 77.625 -0.28961
9.125 77.875 -0.28124
9.125 78.125 0.59068
9.125 78.375 NaN
9.375 76.625 0.17346
9.375 76.875 0.50642
9.375 77.125 0.54499
9.375 77.375 0.61007
9.375 77.625 -0.045195
9.375 77.875 0.25556
9.375 78.125 0.12631
9.375 78.375 0.0079299
9.375 78.625 0.37399
9.375 78.875 NaN
9.625 76.375 0.35768
9.625 76.625 0.42056
9.625 76.875 0.89133
9.625 77.125 0.074929
9.625 77.375 -0.040954
9.625 77.625 -0.57567
9.625 77.875 0.72916
9.625 78.125 -0.31851
9.625 78.375 -0.20669
9.625 78.625 0.45744
9.875 76.625 0.25885
9.875 76.875 0.12792
9.875 77.125 -0.075919
9.875 77.375 -0.83953
9.875 77.625 -0.46584
9.875 77.875 -0.053599
9.875 78.125 -0.62582
9.875 78.375 0.41055
9.875 78.625 0.75043
9.875 78.875 0.68074
10.125 76.375 -0.52591
10.125 76.625 0.37479
10.125 76.875 1.7188
10.125 77.125 -0.31278
10.125 77.375 -0.89084
10.125 77.625 -0.10019
10.125 77.875 -0.57038
10.125 78.125 -0.14247
10.125 78.375 0.36145
10.125 78.625 -0.27887
10.125 78.875 -0.016813
10.125 79.125 0.57059
10.375 76.375 -0.43084
10.375 76.625 -0.30135
10.375 76.875 0.766
10.375 77.125 0.19959
10.375 77.375 -0.42838
10.375 77.625 -0.33928
10.375 77.875 -0.67618
10.375 78.125 -0.4564
10.375 78.375 0.013375
10.375 78.625 -0.25502
10.375 78.875 -0.14798
10.375 79.125 0.60335
10.375 79.375 NaN
10.375 79.625 NaN
10.625 76.125 -0.63858
10.625 76.375 0.19605
10.625 76.625 0.08022
10.625 76.875 0.45074
10.625 77.125 -0.69836
10.625 77.375 -1.0943
10.625 77.625 -0.3757
10.625 77.875 -0.4614
10.625 78.125 -0.70779
10.625 78.375 -0.66858
10.625 78.625 0.0071901
10.625 78.875 0.36322
10.625 79.125 1.8427
10.625 79.375 0.97675
10.625 79.625 0.97449
10.875 76.125 -0.23819
10.875 76.375 0.47227
10.875 76.625 -0.22343
10.875 76.875 -0.51928
10.875 77.125 -0.96786
10.875 77.375 -0.45724
10.875 77.625 -0.76442
10.875 77.875 -0.34069
10.875 78.125 -1.0689
10.875 78.375 0.028335
10.875 78.625 0.82187
10.875 78.875 0.71486
10.875 79.125 0.72551
10.875 79.375 0.31666
10.875 79.625 0.93028
11.125 76.125 -0.07938
11.125 76.375 0.076982
11.125 76.625 1.8332
11.125 76.875 -1.1242
11.125 77.125 -0.66044
11.125 77.375 -0.78845
11.125 77.625 -0.29677
11.125 77.875 0.19484
11.125 78.125 -0.78221
11.125 78.375 0.34139
11.125 78.625 0.16452
11.125 78.875 0.14858
11.125 79.125 0.83423
11.125 79.375 1.0326
11.125 79.625 0.67917
11.375 75.875 -0.11763
11.375 76.125 -0.14993
11.375 76.375 0.19489
11.375 76.625 -0.11099
11.375 76.875 1.516
11.375 77.125 -0.60082
11.375 77.375 -0.96518
11.375 77.625 -0.46798
11.375 77.875 0.34008
11.375 78.125 -0.058094
11.375 78.375 -0.33403
11.375 78.625 -0.65988
11.375 78.875 -0.23217
11.375 79.125 -0.034765
11.375 79.375 0.95482
11.375 79.625 0.81281
11.625 75.875 -0.31084
11.625 76.125 0.29857
11.625 76.375 -0.41226
11.625 76.625 0.076956
11.625 76.875 -1.0398
11.625 77.125 -0.74906
11.625 77.375 -0.28568
11.625 77.625 -0.59178
11.625 77.875 -0.23189
11.625 78.125 -0.45264
11.625 78.375 -0.59505
11.625 78.625 0.25883
11.625 78.875 -0.3753
11.625 79.125 0.68752
11.625 79.375 0.45208
11.625 79.625 NaN
11.875 75.625 NaN
11.875 75.875 -0.97567
11.875 76.125 -0.14215
11.875 76.375 -0.2229
11.875 76.625 -0.81682
11.875 76.875 -1.103
11.875 77.125 -0.05379
11.875 77.375 -0.16478
11.875 77.625 0.12521
11.875 77.875 -0.5796
11.875 78.125 -0.056174
11.875 78.375 -0.089516
11.875 78.625 -0.2205
11.875 78.875 -0.45369
11.875 79.125 1.0905
11.875 79.375 0.32104
11.875 79.625 0.23762
12.125 75.375 -0.6835
12.125 75.625 -0.27461
12.125 75.875 -0.43005
12.125 76.125 -0.19326
12.125 76.375 -0.44145
12.125 76.625 -0.69354
12.125 76.875 -0.93024
12.125 77.125 -0.094896
12.125 77.375 -0.21038
12.125 77.625 -0.0095893
12.125 77.875 -0.77435
12.125 78.125 0.11677
12.125 78.375 1.0045
12.125 78.625 -0.13289
12.125 78.875 -0.63775
12.125 79.125 0.51213
12.125 79.375 0.14312
12.125 79.625 -0.0091532
12.375 75.125 0.15253
12.375 75.375 0.15931
12.375 75.625 -0.14294
12.375 75.875 0.10199
12.375 76.125 -0.00023033
12.375 76.375 0.15616
12.375 76.625 0.55176
12.375 76.875 -0.74287
12.375 77.125 -1.1499
12.375 77.375 -0.73688
12.375 77.625 -0.3702
12.375 77.875 0.12943
12.375 78.125 0.56812
12.375 78.375 1.3026
12.375 78.625 0.41812
12.375 78.875 -0.18079
12.375 79.125 0.267
12.375 79.375 -0.11042
12.375 79.625 -0.2374
12.375 79.875 -0.02952
12.625 75.125 -0.095843
12.625 75.375 -0.074518
12.625 75.625 0.12281
12.625 75.875 0.4785
12.625 76.125 0.13819
12.625 76.375 1.2766
12.625 76.625 1.2162
12.625 76.875 0.040958
12.625 77.125 -0.67506
12.625 77.375 -0.51659
12.625 77.625 0.18964
12.625 77.875 0.3011
12.625 78.125 1.1564
12.625 78.375 1.2209
12.625 78.625 0.89393
12.625 78.875 1.0606
12.625 79.125 1.0741
12.625 79.375 -0.26366
12.625 79.625 -0.33829
12.625 79.875 -0.83977
12.875 75.125 0.496
12.875 75.375 1.0451
12.875 75.625 -0.71176
12.875 75.875 -0.0091806
12.875 76.125 -0.21485
12.875 76.375 0.83746
12.875 76.625 0.24377
12.875 76.875 -0.47272
12.875 77.125 -0.41483
12.875 77.375 -0.31306
12.875 77.625 0.096487
12.875 77.875 0.63359
12.875 78.125 1.2246
12.875 78.375 1.1686
12.875 78.625 0.81938
12.875 78.875 1.1458
12.875 79.125 0.62388
12.875 79.375 0.80497
12.875 79.625 0.40687
12.875 79.875 -0.17803
13.125 74.875 NaN
13.125 75.125 0.070983
13.125 75.375 0.1098
13.125 75.625 0.55136
13.125 75.875 0.12819
13.125 76.125 0.31934
13.125 76.375 0.345
13.125 76.625 0.381
13.125 76.875 -0.034885
13.125 77.125 -0.085571
13.125 77.375 0.10155
13.125 77.625 0.38256
13.125 77.875 0.59291
13.125 78.125 1.3395
13.125 78.375 1.1844
13.125 78.625 1.0487
13.125 78.875 0.70285
13.125 79.125 0.98907
13.125 79.375 0.59223
13.125 79.625 0.84624
13.125 79.875 0.91902
13.125 80.125 0.82259
13.375 74.875 NaN
13.375 75.125 0.065098
13.375 75.375 -0.34124
13.375 75.625 -0.17414
13.375 75.875 0.21829
13.375 76.125 0.75402
13.375 76.375 0.32473
13.375 76.625 0.39262
13.375 76.875 0.031609
13.375 77.125 0.39474
13.375 77.375 -0.14528
13.375 77.625 0.33582
13.375 77.875 1.1854
13.375 78.125 0.56018
13.375 78.375 0.84611
13.375 78.625 1.5155
13.375 78.875 1.3472
13.375 79.125 0.4491
13.375 79.375 0.18889
13.375 79.625 1.1226
13.375 79.875 0.94874
13.375 80.125 1.0026
13.625 74.875 -0.68537
13.625 75.125 0.30074
13.625 75.375 -0.071153
13.625 75.625 0.11383
13.625 75.875 -0.034265
13.625 76.125 0.088344
13.625 76.375 -0.033189
13.625 76.625 -0.46084
13.625 76.875 -0.35727
13.625 77.125 -0.48337
13.625 77.375 -0.63292
13.625 77.625 0.46789
13.625 77.875 0.6436
13.625 78.125 1.1806
13.625 78.375 0.95686
13.625 78.625 0.56365
13.625 78.875 1.5464
13.625 79.125 1.7029
13.625 79.375 1.1927
13.625 79.625 0.26237
13.625 79.875 0.4348
13.625 80.125 0.97477
13.875 74.875 -0.11086
13.875 75.125 0.22071
13.875 75.375 -0.0068167
13.875 75.625 -0.083433
13.875 75.875 -0.18648
13.875 76.125 -0.20898
13.875 76.375 0.12678
13.875 76.625 0.25593
13.875 76.875 -0.59978
13.875 77.125 -0.47952
13.875 77.375 0.42763
13.875 77.625 0.23015
13.875 77.875 0.052046
13.875 78.125 0.13731
13.875 78.375 1.1185
13.875 78.625 0.66363
13.875 78.875 1.2362
13.875 79.125 1.0158
13.875 79.375 0.38412
13.875 79.625 -0.46953
13.875 79.875 0.098931
14.125 74.625 0.48832
14.125 74.875 -0.36294
14.125 75.125 -0.18205
14.125 75.375 -0.084845
14.125 75.625 -0.54849
14.125 75.875 0.053891
14.125 76.125 0.24816
14.125 76.375 0.55906
14.125 76.625 0.36734
14.125 76.875 0.0023898
14.125 77.125 -0.30022
14.125 77.375 -0.16213
14.125 77.625 0.17767
14.125 77.875 0.1752
14.125 78.125 0.37632
14.125 78.375 0.55688
14.125 78.625 0.42391
14.125 78.875 0.71071
14.125 79.125 0.77306
14.125 79.375 0.39658
14.125 79.625 0.249
14.125 79.875 0.2565
14.375 74.625 -0.34886
14.375 74.875 0.070181
14.375 75.125 -0.27455
14.375 75.375 -0.61377
14.375 75.625 -0.15757
14.375 75.875 0.41235
14.375 76.125 0.67929
14.375 76.375 0.81296
14.375 76.625 -0.048329
14.375 76.875 0.10536
14.375 77.125 0.24469
14.375 77.375 0.43709
14.375 77.625 0.16326
14.375 77.875 0.34001
14.375 78.125 0.65023
14.375 78.375 1.1594
14.375 78.625 1.0872
14.375 78.875 1.1251
14.375 79.125 1.0948
14.375 79.375 1.0338
14.375 79.625 0.7032
14.375 79.875 0.97386
14.625 74.375 NaN
14.625 74.625 -0.63138
14.625 74.875 -0.20121
14.625 75.125 -0.44412
14.625 75.375 -0.21904
14.625 75.625 -0.22408
14.625 75.875 0.21284
14.625 76.125 0.65711
14.625 76.375 0.095961
14.625 76.625 -0.18524
14.625 76.875 0.25485
14.625 77.125 0.65712
14.625 77.375 0.27134
14.625 77.625 0.36636
14.625 77.875 0.42624
14.625 78.125 1.0897
14.625 78.375 1.228
14.625 78.625 0.77627
14.625 78.875 0.75451
14.625 79.125 0.94876
14.625 79.375 0.88535
14.625 79.625 0.56138
14.625 79.875 0.75925
14.875 74.375 0.55117
14.875 74.625 -0.67289
14.875 74.875 -0.64864
14.875 75.125 -0.32261
14.875 75.375 -0.74346
14.875 75.625 -0.2229
14.875 75.875 0.22777
14.875 76.125 0.15234
14.875 76.375 -0.46488
14.875 76.625 0.11977
14.875 76.875 0.59194
14.875 77.125 0.82615
14.875 77.375 0.082456
14.875 77.625 0.37909
14.875 77.875 0.48602
14.875 78.125 0.95601
14.875 78.375 1.2346
14.875 78.625 0.65194
14.875 78.875 0.65553
14.875 79.125 0.64931
14.875 79.375 0.14238
14.875 79.625 0.63509
14.875 79.875 0.67237
15.125 74.125 0.99112
15.125 74.375 0.37711
15.125 74.625 -0.20077
15.125 74.875 -0.11365
15.125 75.125 -0.12467
15.125 75.375 0.22731
15.125 75.625 0.76134
15.125 75.875 0.92548
15.125 76.125 0.40197
15.125 76.375 -0.092912
15.125 76.625 0.18833
15.125 76.875 1.0421
15.125 77.125 1.0275
15.125 77.375 0.29613
15.125 77.625 0.4867
15.125 77.875 0.75371
15.125 78.125 1.184
15.125 78.375 1.6652
15.125 78.625 0.88146
15.125 78.875 0.40561
15.125 79.125 0.091903
15.125 79.375 0.63266
15.125 79.625 1.1214
15.125 79.875 1.0725
15.375 73.875 0.012964
15.375 74.125 0.60011
15.375 74.375 0.34451
15.375 74.625 0.0042621
15.375 74.875 0.25042
15.375 75.125 0.64424
15.375 75.375 1.9623
15.375 75.625 1.1116
15.375 75.875 0.61141
15.375 76.125 0.40119
15.375 76.375 0.19181
15.375 76.625 0.35419
15.375 76.875 0.5338
15.375 77.125 1.1754
15.375 77.375 0.8569
15.375 77.625 0.77074
15.375 77.875 1.0497
15.375 78.125 1.4932
15.375 78.375 1.3044
15.375 78.625 0.78821
15.375 78.875 0.46685
15.375 79.125 0.32288
15.375 79.375 0.067178
15.375 79.625 0.81401
15.375 79.875 0.90062
15.625 73.875 -0.13093
15.625 74.125 -0.77334
15.625 74.375 -0.8239
15.625 74.625 0.81038
15.625 74.875 0.54362
15.625 75.125 0.37904
15.625 75.375 0.93734
15.625 75.625 0.41585
15.625 75.875 1.1926
15.625 76.125 1.9644
15.625 76.375 0.75244
15.625 76.625 0.78612
15.625 76.875 1.0625
15.625 77.125 1.2598
15.625 77.375 1.0837
15.625 77.625 1.4923
15.625 77.875 1.0085
15.625 78.125 0.91726
15.625 78.375 1.2509
15.625 78.625 1.0756
15.625 78.875 1.313
15.625 79.125 0.76724
15.625 79.375 1.1792
15.625 79.625 0.43097
15.625 79.875 0.65466
15.625 80.125 0.96986
15.875 73.875 0.30226
15.875 74.125 -0.18959
15.875 74.375 -0.30567
15.875 74.625 0.32278
15.875 74.875 0.61017
15.875 75.125 0.80725
15.875 75.375 1.1471
15.875 75.625 0.99809
15.875 75.875 1.0831
15.875 76.125 1.0459
15.875 76.375 0.97832
15.875 76.625 1.0831
15.875 76.875 0.65616
15.875 77.125 0.96556
15.875 77.375 1.2776
15.875 77.625 1.4281
15.875 77.875 2.2618
15.875 78.125 2.4856
15.875 78.375 2.1904
15.875 78.625 2.3092
15.875 78.875 0.99131
15.875 79.125 0.99874
15.875 79.375 0.43842
15.875 79.625 -0.42578
15.875 79.875 0.44585
15.875 80.125 1.1375
15.875 80.375 0.2616
15.875 80.625 NaN
15.875 80.875 -0.098932
16.125 73.625 1.1239
16.125 73.875 0.69779
16.125 74.125 0.26304
16.125 74.375 0.0581
16.125 74.625 0.34123
16.125 74.875 0.06815
16.125 75.125 -0.3418
16.125 75.375 0.36331
16.125 75.625 0.88211
16.125 75.875 1.5768
16.125 76.125 0.4153
16.125 76.375 0.81035
16.125 76.625 0.47063
16.125 76.875 0.5807
16.125 77.125 1.0594
16.125 77.375 1.745
16.125 77.625 0.87643
16.125 77.875 2.2641
16.125 78.125 2.865
16.125 78.375 2.3556
16.125 78.625 2.0698
16.125 78.875 1.4818
16.125 79.125 1.5365
16.125 79.375 0.57176
16.125 79.625 -0.043048
16.125 79.875 1.119
16.125 80.125 3.0703
16.125 80.375 0.69645
16.125 80.625 0.30787
16.125 80.875 0.062712
16.375 73.625 0.64219
16.375 73.875 0.89699
16.375 74.125 0.13958
16.375 74.375 0.26734
16.375 74.625 -0.35351
16.375 74.875 -0.12716
16.375 75.125 -0.13801
16.375 75.375 0.83288
16.375 75.625 1.0623
16.375 75.875 1.8606
16.375 76.125 2.0279
16.375 76.375 1.3269
16.375 76.625 0.63502
16.375 76.875 2.2781
16.375 77.125 1.3154
16.375 77.375 1.5482
16.375 77.625 2.0355
16.375 77.875 2.8196
16.375 78.125 3.5053
16.375 78.375 2.5234
16.375 78.625 2.6793
16.375 78.875 1.872
16.375 79.125 1.6898
16.375 79.375 1.182
16.375 79.625 0.60564
16.375 79.875 0.83472
16.375 80.125 1.0705
16.375 80.375 0.52225
16.375 80.625 0.64422
16.375 80.875 0.90898
16.375 81.125 0.91028
16.375 81.375 NaN
16.375 81.625 NaN
16.625 73.625 0.85191
16.625 73.875 -0.38902
16.625 74.125 0.42605
16.625 74.375 -1.1511
16.625 74.625 0.12255
16.625 74.875 0.0046492
16.625 75.125 0.42549
16.625 75.375 0.91391
16.625 75.625 1.1858
16.625 75.875 1.2065
16.625 76.125 1.2946
16.625 76.375 1.7026
16.625 76.625 0.30709
16.625 76.875 1.3384
16.625 77.125 1.8112
16.625 77.375 1.7155
16.625 77.625 1.8184
16.625 77.875 2.834
16.625 78.125 4.3971
16.625 78.375 3.3661
16.625 78.625 2.4286
16.625 78.875 1.8872
16.625 79.125 1.0025
16.625 79.375 0.45978
16.625 79.625 0.53886
16.625 79.875 0.64826
16.625 80.125 1.072
16.625 80.375 0.024473
16.625 80.625 -0.031786
16.625 80.875 0.29368
16.625 81.125 0.4934
16.625 81.375 -0.16731
16.625 81.625 -0.0077932
16.625 81.875 0.17071
16.625 82.125 -0.075157
16.875 73.375 1.3188
16.875 73.625 0.56445
16.875 73.875 -0.37001
16.875 74.125 -0.99851
16.875 74.375 -0.18769
16.875 74.625 -0.46948
16.875 74.875 0.071521
16.875 75.125 0.53514
16.875 75.375 1.6755
16.875 75.625 1.4289
16.875 75.875 1.0614
16.875 76.125 0.86304
16.875 76.375 1.2763
16.875 76.625 1.9501
16.875 76.875 1.5127
16.875 77.125 1.5942
16.875 77.375 2.0935
16.875 77.625 0.90593
16.875 77.875 1.1098
16.875 78.125 1.193
16.875 78.375 1.2024
16.875 78.625 1.3266
16.875 78.875 0.70038
16.875 79.125 0.82666
16.875 79.375 0.41207
16.875 79.625 1.2852
16.875 79.875 0.76751
16.875 80.125 1.4215
16.875 80.375 1.1628
16.875 80.625 0.89075
16.875 80.875 1.0165
16.875 81.125 0.31696
16.875 81.375 -0.40855
16.875 81.625 -0.18456
16.875 81.875 -0.49277
16.875 82.125 -0.18255
17.125 73.375 1.1711
17.125 73.625 -0.15938
17.125 73.875 -0.202
17.125 74.125 -0.49274
17.125 74.375 -0.61443
17.125 74.625 -0.64643
17.125 74.875 -0.31842
17.125 75.125 -0.29761
17.125 75.375 1.3934
17.125 75.625 1.3427
17.125 75.875 1.2055
17.125 76.125 1.5231
17.125 76.375 1.4291
17.125 76.625 1.3407
17.125 76.875 2.26
17.125 77.125 1.7329
17.125 77.375 1.2496
17.125 77.625 1.629
17.125 77.875 1.1655
17.125 78.125 1.348
17.125 78.375 1.9154
17.125 78.625 1.6705
17.125 78.875 2.5071
17.125 79.125 1.7004
17.125 79.375 1.3785
17.125 79.625 1.0171
17.125 79.875 0.81356
17.125 80.125 1.2545
17.125 80.375 1.6696
17.125 80.625 1.4526
17.125 80.875 1.0774
17.125 81.125 0.42189
17.125 81.375 0.31783
17.125 81.625 -0.30252
17.125 81.875 -0.355
17.125 82.125 0.25589
17.125 82.375 0.49902
17.375 73.375 0.61942
17.375 73.625 -0.63739
17.375 73.875 0.012398
17.375 74.125 -0.9963
17.375 74.375 -1.3321
17.375 74.625 -0.71847
17.375 74.875 -0.40711
17.375 75.125 -0.5721
17.375 75.375 0.039443
17.375 75.625 1.2978
17.375 75.875 0.7865
17.375 76.125 1.214
17.375 76.375 1.6271
17.375 76.625 1.4248
17.375 76.875 1.9999
17.375 77.125 1.8225
17.375 77.375 0.55219
17.375 77.625 1.6366
17.375 77.875 0.88017
17.375 78.125 1.4827
17.375 78.375 1.252
17.375 78.625 2.4823
17.375 78.875 3.5481
17.375 79.125 2.0642
17.375 79.375 2.1432
17.375 79.625 2.1685
17.375 79.875 2.032
17.375 80.125 2.3098
17.375 80.375 1.6307
17.375 80.625 0.7726
17.375 80.875 0.26936
17.375 81.125 -0.23434
17.375 81.375 0.091404
17.375 81.625 -0.21557
17.375 81.875 -0.28997
17.375 82.125 0.34855
17.375 82.375 0.63824
17.375 82.625 NaN
17.625 73.375 0.73127
17.625 73.625 -1.1486
17.625 73.875 -0.22499
17.625 74.125 -0.8832
17.625 74.375 -1.2464
17.625 74.625 -0.49536
17.625 74.875 -0.012321
17.625 75.125 0.1817
17.625 75.375 0.14934
17.625 75.625 0.88068
17.625 75.875 0.72443
17.625 76.125 1.2463
17.625 76.375 1.6003
17.625 76.625 2.0654
17.625 76.875 1.9388
17.625 77.125 1.7241
17.625 77.375 1.0964
17.625 77.625 1.124
17.625 77.875 2.0325
17.625 78.125 1.9769
17.625 78.375 2.2075
17.625 78.625 2.0252
17.625 78.875 1.9994
17.625 79.125 2.2444
17.625 79.375 1.9872
17.625 79.625 2.9562
17.625 79.875 2.6103
17.625 80.125 2.2917
17.625 80.375 1.6103
17.625 80.625 1.2696
17.625 80.875 0.44226
17.625 81.125 0.30201
17.625 81.375 0.14273
17.625 81.625 -0.22773
17.625 81.875 -0.37932
17.625 82.125 -0.040377
17.625 82.375 0.63252
17.625 82.625 1.2045
17.625 82.875 0.44129
17.625 83.125 0.59241
17.875 73.375 0.91644
17.875 73.625 -0.58443
17.875 73.875 -0.20193
17.875 74.125 0.16096
17.875 74.375 -0.073211
17.875 74.625 -0.029932
17.875 74.875 0.66147
17.875 75.125 0.47865
17.875 75.375 0.27244
17.875 75.625 0.09093
17.875 75.875 0.21837
17.875 76.125 1.3761
17.875 76.375 1.8756
17.875 76.625 2.151
17.875 76.875 1.9411
17.875 77.125 2.3081
17.875 77.375 1.7026
17.875 77.625 3.0516
17.875 77.875 2.2648
17.875 78.125 2.374
17.875 78.375 1.7898
17.875 78.625 2.3372
17.875 78.875 2.3177
17.875 79.125 2.3072
17.875 79.375 1.7598
17.875 79.625 2.8557
17.875 79.875 2.8913
17.875 80.125 1.6819
17.875 80.375 0.86638
17.875 80.625 1.5675
17.875 80.875 0.89737
17.875 81.125 0.63776
17.875 81.375 0.90463
17.875 81.625 0.37373
17.875 81.875 -0.21362
17.875 82.125 0.11462
17.875 82.375 0.95949
17.875 82.625 1.2491
17.875 82.875 1.2399
17.875 83.125 0.57973
17.875 83.375 0.46767
18.125 73.125 NaN
18.125 73.375 -0.078326
18.125 73.625 -0.16742
18.125 73.875 -0.15591
18.125 74.125 0.042293
18.125 74.375 0.10744
18.125 74.625 0.66419
18.125 74.875 1.1886
18.125 75.125 0.36317
18.125 75.375 0.82466
18.125 75.625 0.95112
18.125 75.875 2.0857
18.125 76.125 1.7404
18.125 76.375 1.8442
18.125 76.625 2.2639
18.125 76.875 2.0647
18.125 77.125 2.7903
18.125 77.375 1.1905
18.125 77.625 2.3374
18.125 77.875 2.0853
18.125 78.125 2.0236
18.125 78.375 1.995
18.125 78.625 1.5491
18.125 78.875 3.4602
18.125 79.125 2.5898
18.125 79.375 1.5468
18.125 79.625 2.0235
18.125 79.875 2.1196
18.125 80.125 1.7851
18.125 80.375 0.99865
18.125 80.625 0.87685
18.125 80.875 0.57767
18.125 81.125 0.24804
18.125 81.375 0.78369
18.125 81.625 0.99387
18.125 81.875 0.66644
18.125 82.125 0.97596
18.125 82.375 0.88061
18.125 82.625 0.99485
18.125 82.875 0.79576
18.125 83.125 0.87387
18.125 83.375 0.63306
18.125 83.625 1.4525
18.375 73.125 0.5212
18.375 73.375 -0.33741
18.375 73.625 0.27539
18.375 73.875 0.026181
18.375 74.125 0.11665
18.375 74.375 0.49431
18.375 74.625 0.82678
18.375 74.875 0.80072
18.375 75.125 1.7676
18.375 75.375 3.0996
18.375 75.625 2.6861
18.375 75.875 1.0303
18.375 76.125 1.4614
18.375 76.375 1.9249
18.375 76.625 1.7488
18.375 76.875 2.045
18.375 77.125 1.3596
18.375 77.375 0.8703
18.375 77.625 1.2162
18.375 77.875 1.2357
18.375 78.125 1.7001
18.375 78.375 1.3035
18.375 78.625 0.55881
18.375 78.875 0.58678
18.375 79.125 1.5608
18.375 79.375 1.1708
18.375 79.625 1.4556
18.375 79.875 1.3342
18.375 80.125 0.92337
18.375 80.375 1.336
18.375 80.625 1.3497
18.375 80.875 -0.09593
18.375 81.125 0.39505
18.375 81.375 0.75733
18.375 81.625 0.99541
18.375 81.875 0.91698
18.375 82.125 1.3936
18.375 82.375 1.373
18.375 82.625 0.64142
18.375 82.875 -0.44054
18.375 83.125 1.1992
18.375 83.375 0.70911
18.375 83.625 0.92471
18.375 83.875 0.35509
18.625 73.125 1.4651
18.625 73.375 0.25794
18.625 73.625 -0.00055864
18.625 73.875 0.14653
18.625 74.125 0.043592
18.625 74.375 0.10387
18.625 74.625 0.59393
18.625 74.875 0.69827
18.625 75.125 2.0178
18.625 75.375 2.5043
18.625 75.625 1.7289
18.625 75.875 1.439
18.625 76.125 0.68107
18.625 76.375 0.80084
18.625 76.625 2.3597
18.625 76.875 1.9406
18.625 77.125 1.6119
18.625 77.375 0.42185
18.625 77.625 1.1257
18.625 77.875 0.57777
18.625 78.125 0.99365
18.625 78.375 1.4442
18.625 78.625 -0.94654
18.625 78.875 0.45662
18.625 79.125 -0.31713
18.625 79.375 0.86054
18.625 79.625 0.13278
18.625 79.875 0.69844
18.625 80.125 0.98236
18.625 80.375 1.9101
18.625 80.625 1.7956
18.625 80.875 0.22887
18.625 81.125 0.040327
18.625 81.375 1.3728
18.625 81.625 1.7472
18.625 81.875 1.4264
18.625 82.125 1.1773
18.625 82.375 0.95308
18.625 82.625 1.2713
18.625 82.875 0.9557
18.625 83.125 -0.21007
18.625 83.375 0.10549
18.625 83.625 0.081641
18.625 83.875 0.094513
18.625 84.125 0.20667
18.875 73.125 1.7763
18.875 73.375 0.70414
18.875 73.625 0.17993
18.875 73.875 0.070286
18.875 74.125 -0.18116
18.875 74.375 1.0921
18.875 74.625 0.84832
18.875 74.875 1.5299
18.875 75.125 1.3837
18.875 75.375 1.9309
18.875 75.625 1.5694
18.875 75.875 0.79581
18.875 76.125 1.5114
18.875 76.375 1.3749
18.875 76.625 2.2606
18.875 76.875 2.2197
18.875 77.125 1.4282
18.875 77.375 0.94784
18.875 77.625 2.6065
18.875 77.875 2.0508
18.875 78.125 1.394
18.875 78.375 -1.1871
18.875 78.625 0.63232
18.875 78.875 0.87177
18.875 79.125 0.56275
18.875 79.375 1.5955
18.875 79.625 0.44374
18.875 79.875 0.63529
18.875 80.125 0.64485
18.875 80.375 1.3157
18.875 80.625 1.8365
18.875 80.875 1.1504
18.875 81.125 0.90243
18.875 81.375 1.4697
18.875 81.625 0.43254
18.875 81.875 1.8312
18.875 82.125 0.73101
18.875 82.375 0.64029
18.875 82.625 0.90662
18.875 82.875 1.1546
18.875 83.125 0.42924
18.875 83.375 -0.058344
18.875 83.625 0.60167
18.875 83.875 0.57543
18.875 84.125 0.169
18.875 84.375 -0.32377
19.125 73.125 2.1741
19.125 73.375 1.5595
19.125 73.625 0.18709
19.125 73.875 0.22577
19.125 74.125 0.35416
19.125 74.375 1.3959
19.125 74.625 1.0397
19.125 74.875 2.3942
19.125 75.125 2.2744
19.125 75.375 1.6481
19.125 75.625 1.2509
19.125 75.875 0.77541
19.125 76.125 1.2185
19.125 76.375 1.452
19.125 76.625 1.7758
19.125 76.875 1.1032
19.125 77.125 1.4535
19.125 77.375 1.0465
19.125 77.625 1.9907
19.125 77.875 1.0625
19.125 78.125 0.51668
19.125 78.375 0.77815
19.125 78.625 1.1275
19.125 78.875 1.6224
19.125 79.125 1.8712
19.125 79.375 0.75609
19.125 79.625 1.14
19.125 79.875 0.67245
19.125 80.125 0.45691
19.125 80.375 1.0557
19.125 80.625 1.4717
19.125 80.875 0.98947
19.125 81.125 0.90411
19.125 81.375 0.55659
19.125 81.625 0.37161
19.125 81.875 -0.55383
19.125 82.125 0.39731
19.125 82.375 0.76679
19.125 82.625 -0.17353
19.125 82.875 0.060472
19.125 83.125 -0.36303
19.125 83.375 -0.52842
19.125 83.625 -0.3251
19.125 83.875 0.28563
19.125 84.125 0.11326
19.125 84.375 -0.2074
19.125 84.625 -0.54127
19.375 72.875 1.2383
19.375 73.125 0.62931
19.375 73.375 1.605
19.375 73.625 0.74798
19.375 73.875 0.31467
19.375 74.125 1.0441
19.375 74.375 1.5897
19.375 74.625 1.2168
19.375 74.875 1.2763
19.375 75.125 2.6286
19.375 75.375 1.1719
19.375 75.625 0.15005
19.375 75.875 0.21058
19.375 76.125 1.1482
19.375 76.375 0.48667
19.375 76.625 0.47485
19.375 76.875 0.50333
19.375 77.125 0.94015
19.375 77.375 1.1458
19.375 77.625 1.8398
19.375 77.875 1.3139
19.375 78.125 2.018
19.375 78.375 1.4484
19.375 78.625 1.2709
19.375 78.875 1.6609
19.375 79.125 1.5924
19.375 79.375 1.5157
19.375 79.625 0.99641
19.375 79.875 1.1968
19.375 80.125 1.232
19.375 80.375 1.2047
19.375 80.625 0.94251
19.375 80.875 0.77457
19.375 81.125 0.2906
19.375 81.375 0.46603
19.375 81.625 0.027811
19.375 81.875 0.29499
19.375 82.125 0.63355
19.375 82.375 -0.17184
19.375 82.625 -0.38743
19.375 82.875 0.21536
19.375 83.125 -0.039166
19.375 83.375 -0.38618
19.375 83.625 -0.25038
19.375 83.875 0.16653
19.375 84.125 0.20226
19.375 84.375 0.188
19.375 84.625 -0.23304
19.375 84.875 -0.2527
19.625 72.875 1.5427
19.625 73.125 1.8165
19.625 73.375 1.7091
19.625 73.625 0.80944
19.625 73.875 0.45728
19.625 74.125 0.41277
19.625 74.375 1.0461
19.625 74.625 0.95441
19.625 74.875 0.42826
19.625 75.125 1.1235
19.625 75.375 0.71888
19.625 75.625 0.77637
19.625 75.875 0.77263
19.625 76.125 1.1371
19.625 76.375 0.52173
19.625 76.625 0.20407
19.625 76.875 -0.68322
19.625 77.125 0.058519
19.625 77.375 0.96811
19.625 77.625 1.1496
19.625 77.875 1.1382
19.625 78.125 1.5876
19.625 78.375 1.5068
19.625 78.625 1.3367
19.625 78.875 1.6599
19.625 79.125 1.5942
19.625 79.375 1.1552
19.625 79.625 1.1773
19.625 79.875 1.2873
19.625 80.125 1.0021
19.625 80.375 0.77969
19.625 80.625 0.76894
19.625 80.875 0.66922
19.625 81.125 0.63761
19.625 81.375 0.066543
19.625 81.625 -0.025208
19.625 81.875 0.45043
19.625 82.125 0.37477
19.625 82.375 0.5513
19.625 82.625 0.14788
19.625 82.875 0.40144
19.625 83.125 0.35839
19.625 83.375 0.72193
19.625 83.625 0.6693
19.625 83.875 0.47523
19.625 84.125 0.017663
19.625 84.375 -0.16472
19.625 84.625 -0.13255
19.625 84.875 -0.32823
19.625 85.125 -0.9535
19.625 85.375 -0.65713
19.875 72.875 1.7447
19.875 73.125 1.8027
19.875 73.375 2.3079
19.875 73.625 1.0408
19.875 73.875 0.76553
19.875 74.125 0.84191
19.875 74.375 1.2849
19.875 74.625 1.385
19.875 74.875 1.2905
19.875 75.125 0.4244
19.875 75.375 0.50184
19.875 75.625 0.74551
19.875 75.875 1.0051
19.875 76.125 1.0099
19.875 76.375 0.9119
19.875 76.625 0.41682
19.875 76.875 0.66945
19.875 77.125 0.85271
19.875 77.375 1.019
19.875 77.625 1.1691
19.875 77.875 0.81811
19.875 78.125 0.69293
19.875 78.375 0.79937
19.875 78.625 1.0423
19.875 78.875 1.442
19.875 79.125 1.786
19.875 79.375 1.0372
19.875 79.625 1.1878
19.875 79.875 1.3892
19.875 80.125 0.88334
19.875 80.375 0.45219
19.875 80.625 1.2277
19.875 80.875 1.1843
19.875 81.125 0.98964
19.875 81.375 -0.5609
19.875 81.625 0.13759
19.875 81.875 1.2346
19.875 82.125 0.44005
19.875 82.375 0.40318
19.875 82.625 0.21164
19.875 82.875 -0.01937
19.875 83.125 0.18457
19.875 83.375 0.13413
19.875 83.625 0.26472
19.875 83.875 0.2811
19.875 84.125 0.081618
19.875 84.375 -0.14768
19.875 84.625 -0.1876
19.875 84.875 -0.37028
19.875 85.125 -0.53062
19.875 85.375 -0.84437
19.875 85.625 NaN
19.875 85.875 NaN
19.875 86.125 NaN
20.125 72.875 1.9641
20.125 73.125 1.6672
20.125 73.375 1.0953
20.125 73.625 2.972
20.125 73.875 0.99473
20.125 74.125 0.86872
20.125 74.375 2.0004
20.125 74.625 1.2303
20.125 74.875 0.87935
20.125 75.125 0.55024
20.125 75.375 0.37184
20.125 75.625 -0.035456
20.125 75.875 0.021958
20.125 76.125 0.71357
20.125 76.375 0.78817
20.125 76.625 1.0248
20.125 76.875 1.0133
20.125 77.125 1.0606
20.125 77.375 1.4164
20.125 77.625 1.2573
20.125 77.875 0.82554
20.125 78.125 0.54062
20.125 78.375 0.81812
20.125 78.625 1.1474
20.125 78.875 1.099
20.125 79.125 1.0745
20.125 79.375 0.79793
20.125 79.625 1.1982
20.125 79.875 1.3446
20.125 80.125 1.2155
20.125 80.375 0.94693
20.125 80.625 1.4801
20.125 80.875 1.1129
20.125 81.125 0.20812
20.125 81.375 0.3201
20.125 81.625 0.41622
20.125 81.875 1.2576
20.125 82.125 0.97842
20.125 82.375 -0.24539
20.125 82.625 -0.30996
20.125 82.875 -0.63781
20.125 83.125 0.046362
20.125 83.375 -0.87374
20.125 83.625 -0.93138
20.125 83.875 0.79323
20.125 84.125 0.9136
20.125 84.375 -0.28213
20.125 84.625 0.19663
20.125 84.875 0.13465
20.125 85.125 0.49032
20.125 85.375 -0.31645
20.125 85.625 -0.17579
20.125 85.875 -0.84008
20.125 86.125 -0.89103
20.125 86.375 NaN
20.375 73.125 1.9593
20.375 73.375 1.4583
20.375 73.625 1.2399
20.375 73.875 0.25174
20.375 74.125 0.047461
20.375 74.375 0.7424
20.375 74.625 0.53993
20.375 74.875 0.57834
20.375 75.125 1.468
20.375 75.375 1.443
20.375 75.625 0.52263
20.375 75.875 0.12745
20.375 76.125 0.19345
20.375 76.375 0.0081116
20.375 76.625 0.25729
20.375 76.875 0.15506
20.375 77.125 0.81699
20.375 77.375 1.0198
20.375 77.625 0.72881
20.375 77.875 -0.0017156
20.375 78.125 0.55052
20.375 78.375 1.0387
20.375 78.625 1.1636
20.375 78.875 1.035
20.375 79.125 0.79756
20.375 79.375 0.74058
20.375 79.625 1.0156
20.375 79.875 1.4827
20.375 80.125 1.6929
20.375 80.375 0.91163
20.375 80.625 1.0374
20.375 80.875 0.99907
20.375 81.125 0.59736
20.375 81.375 0.33902
20.375 81.625 0.41076
20.375 81.875 0.62234
20.375 82.125 1.5067
20.375 82.375 0.9944
20.375 82.625 0.32733
20.375 82.875 -0.11018
20.375 83.125 -0.27745
20.375 83.375 -0.45715
20.375 83.625 -0.42474
20.375 83.875 -0.36987
20.375 84.125 -0.37527
20.375 84.375 -0.97795
20.375 84.625 -0.22129
20.375 84.875 -0.52971
20.375 85.125 -0.55668
20.375 85.375 -0.56996
20.375 85.625 -0.074166
20.375 85.875 -0.63898
20.375 86.125 -0.3671
20.375 86.375 -0.56719
20.375 86.625 NaN
20.625 73.125 0.73608
20.625 73.375 1.6618
20.625 73.625 2.0569
20.625 73.875 2.7527
20.625 74.125 0.81451
20.625 74.375 1.3327
20.625 74.625 1.3848
20.625 74.875 0.6372
20.625 75.125 1.4308
20.625 75.375 1.2776
20.625 75.625 0.43499
20.625 75.875 -0.1127
20.625 76.125 -0.20427
20.625 76.375 -0.14052
20.625 76.625 -0.11172
20.625 76.875 0.13028
20.625 77.125 0.2817
20.625 77.375 0.16983
20.625 77.625 0.33475
20.625 77.875 0.90001
20.625 78.125 1.0022
20.625 78.375 0.98807
20.625 78.625 1.1093
20.625 78.875 0.96548
20.625 79.125 0.71081
20.625 79.375 0.41015
20.625 79.625 1.0006
20.625 79.875 1.2111
20.625 80.125 1.6196
20.625 80.375 0.72098
20.625 80.625 0.28524
20.625 80.875 0.78448
20.625 81.125 0.6173
20.625 81.375 0.36648
20.625 81.625 0.21629
20.625 81.875 0.67471
20.625 82.125 2.3413
20.625 82.375 1.0766
20.625 82.625 0.39384
20.625 82.875 0.34523
20.625 83.125 0.48998
20.625 83.375 -0.35627
20.625 83.625 -0.47462
20.625 83.875 -0.62193
20.625 84.125 -1.0995
20.625 84.375 -0.85479
20.625 84.625 -0.20625
20.625 84.875 -0.20976
20.625 85.125 -0.43304
20.625 85.375 0.54207
20.625 85.625 -1.0786
20.625 85.875 -0.3367
20.625 86.125 0.11704
20.625 86.375 -0.08947
20.625 86.625 -0.10221
20.625 86.875 NaN
20.875 70.625 2.1699
20.875 70.875 1.8637
20.875 71.125 1.6401
20.875 71.375 2.7062
20.875 72.875 1.3868
20.875 73.125 2.1746
20.875 73.375 1.7738
20.875 73.625 2.0486
20.875 73.875 1.5952
20.875 74.125 1.7508
20.875 74.375 1.8659
20.875 74.625 1.3738
20.875 74.875 0.20634
20.875 75.125 0.75117
20.875 75.375 -0.057343
20.875 75.625 -0.31049
20.875 75.875 0.06288
20.875 76.125 0.023456
20.875 76.375 -0.33182
20.875 76.625 -0.11203
20.875 76.875 0.40422
20.875 77.125 0.2643
20.875 77.375 0.11234
20.875 77.625 0.70666
20.875 77.875 1.0295
20.875 78.125 1.2692
20.875 78.375 1.1301
20.875 78.625 0.61632
20.875 78.875 0.86892
20.875 79.125 0.64885
20.875 79.375 0.10506
20.875 79.625 0.34723
20.875 79.875 0.35474
20.875 80.125 0.70238
20.875 80.375 0.028519
20.875 80.625 0.43529
20.875 80.875 0.9503
20.875 81.125 0.96886
20.875 81.375 0.28803
20.875 81.625 0.63556
20.875 81.875 0.40199
20.875 82.125 0.82644
20.875 82.375 1.1506
20.875 82.625 -0.05031
20.875 82.875 0.13439
20.875 83.125 0.33001
20.875 83.375 -0.46054
20.875 83.625 -0.2291
20.875 83.875 -0.46538
20.875 84.125 -0.79683
20.875 84.375 0.46462
20.875 84.625 -0.18961
20.875 84.875 0.01191
20.875 85.125 0.013034
20.875 85.375 0.57576
20.875 85.625 0.15929
20.875 85.875 0.076686
20.875 86.125 -0.3515
20.875 86.375 -0.79913
20.875 86.625 -0.32978
21.125 70.375 1.2455
21.125 70.625 0.83641
21.125 70.875 0.52193
21.125 71.125 1.198
21.125 71.375 1.8575
21.125 71.625 NaN
21.125 71.875 NaN
21.125 72.875 0.61359
21.125 73.125 0.87727
21.125 73.375 3.1601
21.125 73.625 0.9949
21.125 73.875 1.1149
21.125 74.125 1.0369
21.125 74.375 0.67205
21.125 74.625 0.76998
21.125 74.875 0.92517
21.125 75.125 0.41558
21.125 75.375 1.5195
21.125 75.625 0.027525
21.125 75.875 0.13766
21.125 76.125 0.90629
21.125 76.375 0.67435
21.125 76.625 -0.010379
21.125 76.875 0.090199
21.125 77.125 -0.27455
21.125 77.375 0.0080918
21.125 77.625 0.49354
21.125 77.875 0.71488
21.125 78.125 0.48209
21.125 78.375 0.49657
21.125 78.625 0.23739
21.125 78.875 0.77045
21.125 79.125 0.39084
21.125 79.375 -0.0073839
21.125 79.625 0.081317
21.125 79.875 0.48768
21.125 80.125 0.021232
21.125 80.375 -0.27954
21.125 80.625 0.53843
21.125 80.875 0.36191
21.125 81.125 -0.073859
21.125 81.375 0.28563
21.125 81.625 0.42303
21.125 81.875 0.56342
21.125 82.125 0.68864
21.125 82.375 0.28042
21.125 82.625 0.42894
21.125 82.875 0.58379
21.125 83.125 0.24907
21.125 83.375 -0.072229
21.125 83.625 0.28519
21.125 83.875 0.0083674
21.125 84.125 -0.53419
21.125 84.375 -0.75402
21.125 84.625 0.12041
21.125 84.875 0.37963
21.125 85.125 0.38613
21.125 85.375 0.4105
21.125 85.625 0.79852
21.125 85.875 1.3741
21.125 86.125 -0.34689
21.125 86.375 -0.25349
21.125 86.625 0.037537
21.375 70.125 1.2208
21.375 70.375 0.73216
21.375 70.625 1.0064
21.375 70.875 0.53905
21.375 71.125 0.61446
21.375 71.375 0.98358
21.375 71.625 1.5667
21.375 71.875 1.878
21.375 72.875 1.4065
21.375 73.125 2.2638
21.375 73.375 2.5199
21.375 73.625 1.4281
21.375 73.875 1.3599
21.375 74.125 0.77427
21.375 74.375 0.86505
21.375 74.625 1.1811
21.375 74.875 1.5769
21.375 75.125 1.1068
21.375 75.375 0.6681
21.375 75.625 0.0063207
21.375 75.875 0.14829
21.375 76.125 1.1443
21.375 76.375 0.63841
21.375 76.625 -0.25295
21.375 76.875 -0.34858
21.375 77.125 -0.18586
21.375 77.375 0.2082
21.375 77.625 0.23007
21.375 77.875 0.30436
21.375 78.125 0.31973
21.375 78.375 1.2211
21.375 78.625 0.85758
21.375 78.875 0.46666
21.375 79.125 0.33444
21.375 79.375 -0.038456
21.375 79.625 -0.88268
21.375 79.875 0.29825
21.375 80.125 -0.60732
21.375 80.375 -0.49133
21.375 80.625 0.23164
21.375 80.875 -0.30617
21.375 81.125 -1.1342
21.375 81.375 -0.070522
21.375 81.625 0.30489
21.375 81.875 0.68524
21.375 82.125 0.68249
21.375 82.375 0.75564
21.375 82.625 0.42494
21.375 82.875 0.47515
21.375 83.125 0.49982
21.375 83.375 0.34366
21.375 83.625 0.28665
21.375 83.875 0.23134
21.375 84.125 -0.11534
21.375 84.375 -0.12203
21.375 84.625 0.10341
21.375 84.875 0.14693
21.375 85.125 0.41981
21.375 85.375 0.40729
21.375 85.625 1.099
21.375 85.875 0.50135
21.375 86.125 0.50211
21.375 86.375 0.3215
21.375 86.625 0.073735
21.375 86.875 0.035873
21.625 69.875 0.51621
21.625 70.125 0.13817
21.625 70.375 0.7906
21.625 70.625 1.004
21.625 70.875 0.56863
21.625 71.125 0.4577
21.625 71.375 1.3946
21.625 71.625 2.5422
21.625 71.875 1.7785
21.625 72.125 1.3701
21.625 72.875 1.6462
21.625 73.125 1.6223
21.625 73.375 1.5363
21.625 73.625 1.3378
21.625 73.875 1.1087
21.625 74.125 0.92506
21.625 74.375 0.94037
21.625 74.625 1.9617
21.625 74.875 2.1837
21.625 75.125 0.8022
21.625 75.375 0.40526
21.625 75.625 -0.13184
21.625 75.875 0.013223
21.625 76.125 0.40734
21.625 76.375 -0.019344
21.625 76.625 -0.3606
21.625 76.875 0.065505
21.625 77.125 0.49835
21.625 77.375 0.52175
21.625 77.625 -0.09403
21.625 77.875 0.094809
21.625 78.125 0.23806
21.625 78.375 1.0342
21.625 78.625 0.22765
21.625 78.875 -0.0051774
21.625 79.125 0.27817
21.625 79.375 0.13509
21.625 79.625 -0.096852
21.625 79.875 -0.030282
21.625 80.125 -0.13448
21.625 80.375 0.27962
21.625 80.625 -0.27083
21.625 80.875 -0.52489
21.625 81.125 -1.1088
21.625 81.375 -0.97566
21.625 81.625 -0.025968
21.625 81.875 0.53994
21.625 82.125 0.75837
21.625 82.375 0.28378
21.625 82.625 0.74266
21.625 82.875 NaN
21.625 83.125 0.89589
21.625 83.375 0.13873
21.625 83.625 0.40503
21.625 83.875 0.67396
21.625 84.125 0.38091
21.625 84.375 0.63641
21.625 84.625 0.57459
21.625 84.875 1.1574
21.625 85.125 0.30251
21.625 85.375 0.55877
21.625 85.625 0.63133
21.625 85.875 1.0953
21.625 86.125 0.62633
21.625 86.375 0.63252
21.625 86.625 -0.56245
21.625 86.875 -0.27586
21.625 87.125 -0.060283
21.625 87.375 NaN
21.875 69.375 NaN
21.875 69.625 0.84206
21.875 69.875 0.65287
21.875 70.125 0.66494
21.875 70.375 0.79949
21.875 70.625 0.77083
21.875 70.875 0.04618
21.875 71.125 -0.026468
21.875 71.375 1.162
21.875 71.625 1.9357
21.875 71.875 1.356
21.875 72.125 1.0632
21.875 72.625 NaN
21.875 72.875 1.8686
21.875 73.125 1.1998
21.875 73.375 1.0331
21.875 73.625 0.81131
21.875 73.875 0.87749
21.875 74.125 0.6785
21.875 74.375 0.65172
21.875 74.625 0.69378
21.875 74.875 0.7991
21.875 75.125 0.74212
21.875 75.375 -0.31659
21.875 75.625 -0.13407
21.875 75.875 0.47535
21.875 76.125 0.37395
21.875 76.375 0.0037716
21.875 76.625 -0.11106
21.875 76.875 0.33415
21.875 77.125 0.73662
21.875 77.375 0.44424
21.875 77.625 0.050165
21.875 77.875 -0.17967
21.875 78.125 -0.40735
21.875 78.375 -0.4007
21.875 78.625 -0.11573
21.875 78.875 0.31051
21.875 79.125 0.45694
21.875 79.375 0.43522
21.875 79.625 0.39483
21.875 79.875 0.47736
21.875 80.125 0.7651
21.875 80.375 0.59585
21.875 80.625 0.25643
21.875 80.875 -0.074466
21.875 81.125 -0.63244
21.875 81.375 -0.12003
21.875 81.625 0.49676
21.875 81.875 -0.20191
21.875 82.125 1.0408
21.875 82.375 0.66144
21.875 82.625 0.17981
21.875 82.875 0.27872
21.875 83.125 0.45166
21.875 83.375 0.13123
21.875 83.625 0.28812
21.875 83.875 1.0413
21.875 84.125 0.43977
21.875 84.375 0.66869
21.875 84.625 0.73912
21.875 84.875 0.85363
21.875 85.125 0.75966
21.875 85.375 0.76141
21.875 85.625 0.018316
21.875 85.875 1.4964
21.875 86.125 0.95302
21.875 86.375 0.89597
21.875 86.625 -0.38664
21.875 86.875 -0.61092
21.875 87.125 -0.10927
21.875 87.375 0.20763
21.875 87.625 -0.10841
21.875 87.875 -0.0017164
21.875 88.375 -0.072677
21.875 88.625 NaN
21.875 88.875 NaN
22.125 69.125 1.3144
22.125 69.375 0.83552
22.125 69.625 0.55037
22.125 69.875 0.41135
22.125 70.125 0.5496
22.125 70.375 0.46074
22.125 70.625 0.35427
22.125 70.875 0.52752
22.125 71.125 -0.15056
22.125 71.375 1.0345
22.125 71.625 1.3098
22.125 71.875 0.72316
22.125 72.125 0.86951
22.125 72.625 NaN
22.125 72.875 0.8411
22.125 73.125 0.83827
22.125 73.375 1.4468
22.125 73.625 0.98359
22.125 73.875 0.79325
22.125 74.125 1.6866
22.125 74.375 0.58347
22.125 74.625 0.26217
22.125 74.875 0.43248
22.125 75.125 0.49604
22.125 75.375 0.025455
22.125 75.625 0.96031
22.125 75.875 0.87693
22.125 76.125 0.33382
22.125 76.375 0.087948
22.125 76.625 0.27518
22.125 76.875 0.46755
22.125 77.125 0.68609
22.125 77.375 0.44987
22.125 77.625 0.036323
22.125 77.875 0.17857
22.125 78.125 -0.10835
22.125 78.375 -0.33854
22.125 78.625 -0.41864
22.125 78.875 -0.11765
22.125 79.125 0.25469
22.125 79.375 -0.06328
22.125 79.625 0.58189
22.125 79.875 0.92202
22.125 80.125 1.0786
22.125 80.375 1.3071
22.125 80.625 0.73533
22.125 80.875 -0.12568
22.125 81.125 -0.92874
22.125 81.375 1.1604
22.125 81.625 0.020445
22.125 81.875 0.17176
22.125 82.125 0.1997
22.125 82.375 -0.24646
22.125 82.625 -0.19849
22.125 82.875 -0.10975
22.125 83.125 -0.27982
22.125 83.375 -0.19726
22.125 83.625 0.47255
22.125 83.875 0.15241
22.125 84.125 0.50083
22.125 84.375 0.20714
22.125 84.625 0.4083
22.125 84.875 1.2584
22.125 85.125 0.72299
22.125 85.375 0.71867
22.125 85.625 0.58982
22.125 85.875 0.91108
22.125 86.125 1.0521
22.125 86.375 0.97891
22.125 86.625 0.1702
22.125 86.875 0.12058
22.125 87.125 -0.081977
22.125 87.375 -0.35064
22.125 87.625 -0.27909
22.125 87.875 0.1564
22.125 88.125 0.17023
22.125 88.375 0.03835
22.125 92.875 NaN
22.375 69.125 1.0414
22.375 69.875 0.26727
22.375 70.125 0.64025
22.375 70.375 0.15665
22.375 70.625 0.52426
22.375 70.875 0.52032
22.375 71.125 1.1049
22.375 71.375 0.86612
22.375 71.625 0.45382
22.375 71.875 0.73363
22.375 72.125 0.72182
22.375 72.625 NaN
22.375 72.875 0.67046
22.375 73.125 0.97932
22.375 73.375 0.83047
22.375 73.625 1.5973
22.375 73.875 1.088
22.375 74.125 1.0019
22.375 74.375 0.58971
22.375 74.625 0.47047
22.375 74.875 0.58545
22.375 75.125 0.77339
22.375 75.375 0.95567
22.375 75.625 0.76904
22.375 75.875 -0.12189
22.375 76.125 0.38512
22.375 76.375 0.56217
22.375 76.625 1.0044
22.375 76.875 0.61509
22.375 77.125 0.60242
22.375 77.375 0.69466
22.375 77.625 0.52207
22.375 77.875 0.71811
22.375 78.125 0.54127
22.375 78.375 0.37678
22.375 78.625 -0.019412
22.375 78.875 0.41706
22.375 79.125 0.48233
22.375 79.375 0.78955
22.375 79.625 1.2546
22.375 79.875 0.78278
22.375 80.125 1.0203
22.375 80.375 2.0361
22.375 80.625 0.62065
22.375 80.875 0.1397
22.375 81.125 0.093185
22.375 81.375 0.84363
22.375 81.625 0.17645
22.375 81.875 0.53574
22.375 82.125 0.1464
22.375 82.375 -0.18676
22.375 82.625 -0.77677
22.375 82.875 -0.7698
22.375 83.125 -0.92528
22.375 83.375 -0.90696
22.375 83.625 -0.83878
22.375 83.875 -0.086683
22.375 84.125 -0.070931
22.375 84.375 0.23463
22.375 84.625 0.49756
22.375 84.875 0.92479
22.375 85.125 0.87268
22.375 85.375 0.81655
22.375 85.625 0.36758
22.375 85.875 1.2824
22.375 86.125 2.3428
22.375 86.375 0.66725
22.375 86.625 0.41926
22.375 86.875 0.15453
22.375 87.125 0.070403
22.375 87.375 -0.28462
22.375 87.625 -0.32476
22.375 87.875 0.57623
22.375 88.125 -0.86844
22.375 88.375 0.068981
22.375 88.625 0.11182
22.375 88.875 0.04412
22.375 92.875 2.0572
22.625 70.375 1.1699
22.625 70.625 1.4454
22.625 70.875 0.7104
22.625 71.125 0.83238
22.625 71.375 0.7868
22.625 71.625 0.38138
22.625 71.875 0.31708
22.625 72.125 0.42259
22.625 72.375 0.51548
22.625 72.625 2.1169
22.625 72.875 0.42606
22.625 73.125 0.43004
22.625 73.375 1.4317
22.625 73.625 0.63435
22.625 73.875 0.097349
22.625 74.125 0.75679
22.625 74.375 0.98368
22.625 74.625 0.69351
22.625 74.875 0.60988
22.625 75.125 0.8336
22.625 75.375 1.003
22.625 75.625 0.61595
22.625 75.875 0.0042059
22.625 76.125 0.38704
22.625 76.375 0.25054
22.625 76.625 0.77488
22.625 76.875 0.72392
22.625 77.125 0.78147
22.625 77.375 0.892
22.625 77.625 0.85574
22.625 77.875 1.1038
22.625 78.125 1.0763
22.625 78.375 0.69192
22.625 78.625 0.71788
22.625 78.875 0.67587
22.625 79.125 0.79
22.625 79.375 0.83887
22.625 79.625 0.83749
22.625 79.875 0.51781
22.625 80.125 0.89358
22.625 80.375 0.32473
22.625 80.625 -0.67483
22.625 80.875 -0.43431
22.625 81.125 0.7572
22.625 81.375 0.38455
22.625 81.625 0.64057
22.625 81.875 0.48056
22.625 82.125 -0.12848
22.625 82.375 -0.58683
22.625 82.625 -1.0893
22.625 82.875 -1.1131
22.625 83.125 -1.1646
22.625 83.375 -0.59548
22.625 83.625 -0.15982
22.625 83.875 -0.63697
22.625 84.125 -0.18655
22.625 84.375 0.031056
22.625 84.625 0.58087
22.625 84.875 1.2116
22.625 85.125 1.0002
22.625 85.375 0.54909
22.625 85.625 0.94828
22.625 85.875 1.2573
22.625 86.125 1.864
22.625 86.375 0.48792
22.625 86.625 0.43888
22.625 86.875 0.34078
22.625 87.125 0.16779
22.625 87.375 -0.0028823
22.625 87.625 0.085275
22.625 87.875 0.096965
22.625 88.125 -0.033567
22.625 88.375 0.30006
22.625 88.625 0.23181
22.625 88.875 0.18326
22.625 92.625 0.21252
22.625 92.875 1.4431
22.875 69.375 NaN
22.875 69.625 NaN
22.875 69.875 NaN
22.875 70.625 1.6246
22.875 70.875 0.94266
22.875 71.125 0.47187
22.875 71.375 0.0074442
22.875 71.625 0.07828
22.875 71.875 -0.12177
22.875 72.125 0.42812
22.875 72.375 0.64908
22.875 72.625 1.85
22.875 72.875 0.5637
22.875 73.125 1.1651
22.875 73.375 1.4303
22.875 73.625 0.51069
22.875 73.875 0.58706
22.875 74.125 1.045
22.875 74.375 0.82062
22.875 74.625 0.74841
22.875 74.875 1.0858
22.875 75.125 0.80249
22.875 75.375 0.23531
22.875 75.625 -0.027095
22.875 75.875 -0.12284
22.875 76.125 -0.24038
22.875 76.375 -0.23104
22.875 76.625 0.032572
22.875 76.875 0.50628
22.875 77.125 0.56439
22.875 77.375 1.247
22.875 77.625 0.97757
22.875 77.875 1.0356
22.875 78.125 1.4392
22.875 78.375 0.95748
22.875 78.625 0.88636
22.875 78.875 0.82113
22.875 79.125 0.5222
22.875 79.375 0.50855
22.875 79.625 -0.22203
22.875 79.875 0.39254
22.875 80.125 0.27382
22.875 80.375 0.39131
22.875 80.625 -0.12888
22.875 80.875 0.41266
22.875 81.125 0.6778
22.875 81.375 0.26325
22.875 81.625 -0.18292
22.875 81.875 0.04207
22.875 82.125 0.051436
22.875 82.375 0.23701
22.875 82.625 -0.53056
22.875 82.875 -0.28119
22.875 83.125 -0.98204
22.875 83.375 -0.24556
22.875 83.625 0.48421
22.875 83.875 -0.20896
22.875 84.125 -0.31767
22.875 84.375 -0.20237
22.875 84.625 0.89173
22.875 84.875 0.59311
22.875 85.125 1.2091
22.875 85.375 1.2403
22.875 85.625 0.87157
22.875 85.875 0.44784
22.875 86.125 0.048733
22.875 86.375 0.22568
22.875 86.625 0.98091
22.875 86.875 1.0628
22.875 87.125 0.3749
22.875 87.375 0.20481
22.875 87.625 -0.24619
22.875 87.875 -1.2053
22.875 88.125 -0.32439
22.875 88.375 0.013587
22.875 88.625 0.28472
22.875 92.625 0.30083
22.875 92.875 1.1332
23.125 68.875 0.66611
23.125 69.125 1.2719
23.125 69.375 1.3585
23.125 69.625 1.5346
23.125 69.875 2.2663
23.125 70.125 1.9903
23.125 70.875 0.827
23.125 71.125 0.59198
23.125 71.375 0.18616
23.125 71.625 0.36315
23.125 71.875 -0.18715
23.125 72.125 0.16591
23.125 72.375 0.11903
23.125 72.625 1.8962
23.125 72.875 0.95953
23.125 73.125 0.49532
23.125 73.375 1.5666
23.125 73.625 1.541
23.125 73.875 1.1066
23.125 74.125 0.62978
23.125 74.375 0.77278
23.125 74.625 1.5423
23.125 74.875 0.96473
23.125 75.125 0.78384
23.125 75.375 0.44907
23.125 75.625 -0.030267
23.125 75.875 -0.10224
23.125 76.125 -0.27997
23.125 76.375 -0.47641
23.125 76.625 -0.59286
23.125 76.875 -0.37473
23.125 77.125 0.11214
23.125 77.375 0.74195
23.125 77.625 0.75639
23.125 77.875 0.72588
23.125 78.125 0.93062
23.125 78.375 0.91323
23.125 78.625 0.69594
23.125 78.875 0.45102
23.125 79.125 0.20301
23.125 79.375 0.48825
23.125 79.625 -0.22998
23.125 79.875 0.18209
23.125 80.125 0.1549
23.125 80.375 0.30301
23.125 80.625 0.80258
23.125 80.875 1.3999
23.125 81.125 1.2294
23.125 81.375 0.57064
23.125 81.625 0.28708
23.125 81.875 0.11191
23.125 82.125 0.43204
23.125 82.375 0.77801
23.125 82.625 0.78542
23.125 82.875 -0.25539
23.125 83.125 -0.65335
23.125 83.375 1.6061
23.125 83.625 2.5826
23.125 83.875 1.3051
23.125 84.125 0.1684
23.125 84.375 0.72138
23.125 84.625 1.1936
23.125 84.875 1.162
23.125 85.125 0.85793
23.125 85.375 1.6305
23.125 85.625 0.64956
23.125 85.875 -0.003854
23.125 86.125 0.3026
23.125 86.375 0.84836
23.125 86.625 0.86802
23.125 86.875 0.97714
23.125 87.125 0.37006
23.125 87.375 0.33735
23.125 87.625 0.16951
23.125 87.875 -0.51393
23.125 88.125 -0.80159
23.125 88.375 -0.54027
23.125 88.625 -0.13193
23.125 91.625 NaN
23.125 92.625 0.05946
23.125 92.875 0.2898
23.125 93.125 NaN
23.375 68.875 1.0255
23.375 69.125 1.2565
23.375 69.375 1.6703
23.375 69.625 1.9294
23.375 69.875 2.1043
23.375 70.125 2.177
23.375 70.375 2.4021
23.375 70.625 2.3486
23.375 70.875 1.7377
23.375 71.125 1.5366
23.375 71.375 0.58406
23.375 71.625 0.0046042
23.375 71.875 0.084552
23.375 72.125 0.0073383
23.375 72.375 0.28722
23.375 72.625 0.74026
23.375 72.875 1.2426
23.375 73.125 1.1318
23.375 73.375 1.1275
23.375 73.625 0.55671
23.375 73.875 0.48101
23.375 74.125 0.48023
23.375 74.375 0.59876
23.375 74.625 1.8254
23.375 74.875 1.2576
23.375 75.125 0.65237
23.375 75.375 0.74868
23.375 75.625 0.026225
23.375 75.875 -0.18619
23.375 76.125 -0.057414
23.375 76.375 -0.32824
23.375 76.625 -0.39721
23.375 76.875 -0.10182
23.375 77.125 -0.30086
23.375 77.375 0.375
23.375 77.625 -0.11092
23.375 77.875 0.34129
23.375 78.125 0.2957
23.375 78.375 0.54674
23.375 78.625 0.49563
23.375 78.875 0.20327
23.375 79.125 -0.030857
23.375 79.375 0.22516
23.375 79.625 0.68614
23.375 79.875 0.61619
23.375 80.125 -0.023258
23.375 80.375 0.32006
23.375 80.625 0.90269
23.375 80.875 1.1029
23.375 81.125 0.6525
23.375 81.375 0.45294
23.375 81.625 0.67037
23.375 81.875 0.64467
23.375 82.125 1.4432
23.375 82.375 0.26254
23.375 82.625 0.32512
23.375 82.875 0.21114
23.375 83.125 1.3853
23.375 83.375 2.369
23.375 83.625 2.7372
23.375 83.875 1.0076
23.375 84.125 0.62612
23.375 84.375 1.0601
23.375 84.625 0.88273
23.375 84.875 0.41842
23.375 85.125 0.85088
23.375 85.375 0.92274
23.375 85.625 0.58103
23.375 85.875 -0.099579
23.375 86.125 -0.13172
23.375 86.375 0.41627
23.375 86.625 0.17513
23.375 86.875 0.30352
23.375 87.125 0.37582
23.375 87.375 -0.10689
23.375 87.625 0.26606
23.375 87.875 -0.57765
23.375 88.125 -0.83517
23.375 88.375 -0.58844
23.375 88.625 -0.46324
23.375 91.375 -0.60028
23.375 91.625 -0.70151
23.375 92.625 -0.10221
23.375 92.875 -0.21597
23.375 93.125 -0.86696
23.625 68.625 1.2098
23.625 68.875 1.1335
23.625 69.125 1.1226
23.625 69.375 1.4314
23.625 69.625 1.6269
23.625 69.875 1.7631
23.625 70.125 2.2522
23.625 70.375 2.3587
23.625 70.625 2.4864
23.625 70.875 1.9964
23.625 71.125 2.0614
23.625 71.375 1.9207
23.625 71.625 0.25867
23.625 71.875 0.00057948
23.625 72.125 0.31095
23.625 72.375 0.7046
23.625 72.625 1.1279
23.625 72.875 1.618
23.625 73.125 1.2585
23.625 73.375 0.96049
23.625 73.625 0.92434
23.625 73.875 0.71743
23.625 74.125 1.2307
23.625 74.375 0.78645
23.625 74.625 1.4864
23.625 74.875 1.0407
23.625 75.125 -0.12542
23.625 75.375 0.42331
23.625 75.625 0.52202
23.625 75.875 0.53812
23.625 76.125 0.38346
23.625 76.375 0.23398
23.625 76.625 0.92417
23.625 76.875 0.96179
23.625 77.125 -0.096936
23.625 77.375 -0.087555
23.625 77.625 -0.39537
23.625 77.875 0.22643
23.625 78.125 0.26619
23.625 78.375 0.28721
23.625 78.625 0.1115
23.625 78.875 -0.011133
23.625 79.125 -0.0151
23.625 79.375 0.0085537
23.625 79.625 0.25899
23.625 79.875 1.2246
23.625 80.125 0.54337
23.625 80.375 0.33905
23.625 80.625 1.0045
23.625 80.875 1.068
23.625 81.125 0.35738
23.625 81.375 0.6925
23.625 81.625 1.0236
23.625 81.875 0.94431
23.625 82.125 0.95946
23.625 82.375 1.1351
23.625 82.625 1.47
23.625 82.875 1.5933
23.625 83.125 1.8978
23.625 83.375 1.5242
23.625 83.625 1.4844
23.625 83.875 0.64704
23.625 84.125 0.49717
23.625 84.375 0.52429
23.625 84.625 0.3512
23.625 84.875 0.32703
23.625 85.125 0.46783
23.625 85.375 0.79542
23.625 85.625 0.48139
23.625 85.875 2.2876
23.625 86.125 -1.0138
23.625 86.375 0.35719
23.625 86.625 0.30194
23.625 86.875 -0.16658
23.625 87.125 -0.53341
23.625 87.375 -0.086036
23.625 87.625 -0.27064
23.625 87.875 -0.56839
23.625 88.125 -0.74321
23.625 88.375 -0.71129
23.625 91.375 -0.51805
23.625 91.625 -0.71057
23.625 91.875 NaN
23.625 92.375 -0.44182
23.625 92.625 -0.2427
23.625 92.875 -0.6122
23.625 93.125 -1.1145
23.875 68.875 0.98821
23.875 69.125 0.98223
23.875 69.375 1.3212
23.875 69.625 1.4547
23.875 69.875 1.9693
23.875 70.125 2.0922
23.875 70.375 2.1469
23.875 70.625 2.2489
23.875 70.875 2.1171
23.875 71.125 2.5562
23.875 71.375 2.7131
23.875 71.625 1.4893
23.875 71.875 0.72937
23.875 72.125 0.89538
23.875 72.375 0.92577
23.875 72.625 1.3036
23.875 72.875 2.1175
23.875 73.125 2.0208
23.875 73.375 2.4107
23.875 73.625 0.9501
23.875 73.875 1.7735
23.875 74.125 1.3996
23.875 74.375 1.0361
23.875 74.625 1.0002
23.875 74.875 0.58212
23.875 75.125 0.39552
23.875 75.375 0.18422
23.875 75.625 0.29907
23.875 75.875 0.29409
23.875 76.125 0.86275
23.875 76.375 0.7477
23.875 76.625 1.4035
23.875 76.875 1.0362
23.875 77.125 -0.0017474
23.875 77.375 0.035092
23.875 77.625 -0.013509
23.875 77.875 0.42773
23.875 78.125 0.20783
23.875 78.375 0.069831
23.875 78.625 0.33264
23.875 78.875 0.21412
23.875 79.125 0.10651
23.875 79.375 0.2189
23.875 79.625 0.37636
23.875 79.875 0.6342
23.875 80.125 0.51943
23.875 80.375 -0.048707
23.875 80.625 0.78163
23.875 80.875 0.37851
23.875 81.125 0.11211
23.875 81.375 0.71522
23.875 81.625 0.85399
23.875 81.875 0.82491
23.875 82.125 1.211
23.875 82.375 1.5267
23.875 82.625 1.5686
23.875 82.875 1.1129
23.875 83.125 1.2449
23.875 83.375 0.50994
23.875 83.625 0.72767
23.875 83.875 1.1194
23.875 84.125 1.2901
23.875 84.375 0.73256
23.875 84.625 0.57646
23.875 84.875 0.036011
23.875 85.125 -0.16778
23.875 85.375 0.26491
23.875 85.625 0.2315
23.875 85.875 0.67991
23.875 86.125 0.31465
23.875 86.375 1.4184
23.875 86.625 0.74346
23.875 86.875 0.48218
23.875 87.125 -0.4246
23.875 87.375 -0.36423
23.875 87.625 -0.4198
23.875 87.875 -0.56136
23.875 88.125 -0.50296
23.875 88.375 -0.70184
23.875 91.375 -0.9261
23.875 91.625 -0.99309
23.875 91.875 0.22554
23.875 92.125 0.21721
23.875 92.375 -0.20127
23.875 92.625 -0.26216
23.875 92.875 -1.2527
23.875 93.125 -1.3601
23.875 93.375 -1.3493
24.125 68.875 1.0271
24.125 69.125 1.0397
24.125 69.375 1.2938
24.125 69.625 1.5816
24.125 69.875 1.93
24.125 70.125 2.1443
24.125 70.375 2.3652
24.125 70.625 2.2593
24.125 70.875 2.2827
24.125 71.125 2.4327
24.125 71.375 2.3232
24.125 71.625 1.1163
24.125 71.875 0.94862
24.125 72.125 1.2413
24.125 72.375 1.0327
24.125 72.625 1.5347
24.125 72.875 1.5224
24.125 73.125 1.7232
24.125 73.375 1.3095
24.125 73.625 1.2461
24.125 73.875 1.7269
24.125 74.125 1.6744
24.125 74.375 1.2643
24.125 74.625 0.54427
24.125 74.875 0.19213
24.125 75.125 -0.257
24.125 75.375 -0.14219
24.125 75.625 0.0048779
24.125 75.875 0.26873
24.125 76.125 0.71684
24.125 76.375 0.80572
24.125 76.625 1.1082
24.125 76.875 1.5114
24.125 77.125 0.72378
24.125 77.375 0.29698
24.125 77.625 0.31124
24.125 77.875 -0.068477
24.125 78.125 -0.27225
24.125 78.375 0.021479
24.125 78.625 0.33607
24.125 78.875 0.037054
24.125 79.125 0.079365
24.125 79.375 0.098833
24.125 79.625 -0.65612
24.125 79.875 0.19247
24.125 80.125 -0.4876
24.125 80.375 -0.046992
24.125 80.625 0.66738
24.125 80.875 0.68559
24.125 81.125 0.19767
24.125 81.375 0.65157
24.125 81.625 0.86764
24.125 81.875 0.48159
24.125 82.125 1.04
24.125 82.375 1.3816
24.125 82.625 1.2626
24.125 82.875 0.48592
24.125 83.125 0.84592
24.125 83.375 -0.24231
24.125 83.625 -0.14864
24.125 83.875 0.66293
24.125 84.125 0.93469
24.125 84.375 0.79469
24.125 84.625 0.61129
24.125 84.875 0.23171
24.125 85.125 -0.26077
24.125 85.375 0.24424
24.125 85.625 -0.010521
24.125 85.875 0.45117
24.125 86.125 0.018595
24.125 86.375 -0.88218
24.125 86.625 -0.2292
24.125 86.875 -0.18876
24.125 87.125 -0.7357
24.125 87.375 -0.80147
24.125 87.625 -0.9551
24.125 87.875 -0.90735
24.125 88.125 -0.57899
24.125 88.375 -0.60023
24.125 91.875 0.23888
24.125 92.125 0.44373
24.125 92.375 -0.28101
24.125 92.625 -0.47247
24.125 92.875 -1.1599
24.125 93.125 -1.407
24.125 93.375 -1.0696
24.125 93.625 -0.84386
24.125 93.875 -0.75178
24.125 94.125 NaN
24.375 71.375 2.0872
24.375 71.625 1.5197
24.375 71.875 1.1541
24.375 72.125 1.0562
24.375 72.375 0.39733
24.375 72.625 1.0238
24.375 72.875 1.1653
24.375 73.125 1.5058
24.375 73.375 2.0185
24.375 73.625 2.1646
24.375 73.875 1.6923
24.375 74.125 1.3027
24.375 74.375 1.8415
24.375 74.625 1.4152
24.375 74.875 0.82945
24.375 75.125 0.36877
24.375 75.375 0.78335
24.375 75.625 1.3995
24.375 75.875 1.3849
24.375 76.125 0.8619
24.375 76.375 1.4335
24.375 76.625 2.1428
24.375 76.875 1.5812
24.375 77.125 1.0151
24.375 77.375 0.9411
24.375 77.625 1.1209
24.375 77.875 1.0733
24.375 78.125 0.68306
24.375 78.375 0.96992
24.375 78.625 0.18901
24.375 78.875 0.3617
24.375 79.125 0.38744
24.375 79.375 0.11985
24.375 79.625 -0.12853
24.375 79.875 -0.072897
24.375 80.125 -0.55804
24.375 80.375 0.22572
24.375 80.625 0.57439
24.375 80.875 0.56243
24.375 81.125 0.24417
24.375 81.375 0.4942
24.375 81.625 0.83675
24.375 81.875 1.6854
24.375 82.125 1.2056
24.375 82.375 1.2951
24.375 82.625 1.6375
24.375 82.875 1.7689
24.375 83.125 0.80972
24.375 83.375 0.50987
24.375 83.625 0.077625
24.375 83.875 -0.065357
24.375 84.125 -0.047357
24.375 84.375 0.78282
24.375 84.625 0.57362
24.375 84.875 0.17315
24.375 85.125 0.54629
24.375 85.375 0.67574
24.375 85.625 0.67376
24.375 85.875 -0.28051
24.375 86.125 -0.2442
24.375 86.375 -0.14156
24.375 86.625 -0.24834
24.375 86.875 -0.61901
24.375 87.125 -0.93707
24.375 87.375 -0.61345
24.375 87.625 -1.2694
24.375 87.875 -0.8592
24.375 88.125 -0.65862
24.375 92.375 -0.94611
24.375 92.625 -0.6504
24.375 92.875 -1.0213
24.375 93.125 -1.4142
24.375 93.375 -0.93346
24.375 93.625 -0.87579
24.375 93.875 -0.79516
24.375 94.125 -0.66304
24.625 71.125 0.97073
24.625 71.375 1.849
24.625 71.625 2.0963
24.625 71.875 1.2054
24.625 72.125 0.76802
24.625 72.375 0.76376
24.625 72.625 1.0492
24.625 72.875 1.083
24.625 73.125 1.7509
24.625 73.375 2.0698
24.625 73.625 2.5235
24.625 73.875 2.3991
24.625 74.125 1.4889
24.625 74.375 1.7918
24.625 74.625 1.8818
24.625 74.875 1.4306
24.625 75.125 1.4581
24.625 75.375 1.7153
24.625 75.625 1.606
24.625 75.875 1.4622
24.625 76.125 1.935
24.625 76.375 2.1555
24.625 76.625 2.4304
24.625 76.875 1.8939
24.625 77.125 1.1087
24.625 77.375 1.2902
24.625 77.625 1.2958
24.625 77.875 1.7626
24.625 78.125 1.0199
24.625 78.375 1.0693
24.625 78.625 0.45847
24.625 78.875 0.63206
24.625 79.125 0.64245
24.625 79.375 0.51735
24.625 79.625 0.32495
24.625 79.875 0.27088
24.625 80.125 0.40213
24.625 80.375 0.36734
24.625 80.625 0.58112
24.625 80.875 -0.32583
24.625 81.125 -0.73276
24.625 81.375 1.043
24.625 81.625 1.7881
24.625 81.875 2.0799
24.625 82.125 0.098968
24.625 82.375 0.42626
24.625 82.625 1.7365
24.625 82.875 1.8898
24.625 83.125 0.39681
24.625 83.375 0.10147
24.625 83.625 0.65611
24.625 83.875 0.12236
24.625 84.125 0.26474
24.625 84.375 0.47203
24.625 84.625 -0.039505
24.625 84.875 -0.28644
24.625 85.125 -0.26869
24.625 85.375 -0.082543
24.625 85.625 -0.32896
24.625 85.875 -0.82639
24.625 86.125 -0.31386
24.625 86.375 -0.1056
24.625 86.625 0.16355
24.625 86.875 -0.59118
24.625 87.125 -0.31551
24.625 87.375 -0.10039
24.625 87.625 -0.23699
24.625 87.875 -0.045678
24.625 92.375 -0.58524
24.625 92.625 -0.7671
24.625 92.875 -0.81534
24.625 93.125 -0.46982
24.625 93.375 -0.55198
24.625 93.625 -0.8955
24.625 93.875 -0.43185
24.625 94.125 -0.31834
24.625 94.375 NaN
24.875 71.125 0.64545
24.875 71.375 0.78957
24.875 71.625 1.2041
24.875 71.875 0.54576
24.875 72.125 0.33041
24.875 72.375 0.74704
24.875 72.625 0.68808
24.875 72.875 0.7753
24.875 73.125 1.0067
24.875 73.375 1.5591
24.875 73.625 1.7191
24.875 73.875 1.8445
24.875 74.125 1.9614
24.875 74.375 2.1474
24.875 74.625 1.8305
24.875 74.875 1.5529
24.875 75.125 2.0056
24.875 75.375 1.6628
24.875 75.625 1.1531
24.875 75.875 1.8136
24.875 76.125 2.2793
24.875 76.375 2.6587
24.875 76.625 2.6506
24.875 76.875 2.2133
24.875 77.125 1.6472
24.875 77.375 1.5262
24.875 77.625 1.4005
24.875 77.875 1.0702
24.875 78.125 1.2689
24.875 78.375 1.2763
24.875 78.625 0.54929
24.875 78.875 2.5493
24.875 79.125 1.5438
24.875 79.375 0.86496
24.875 79.625 0.75563
24.875 79.875 0.62553
24.875 80.125 0.22417
24.875 80.375 0.59516
24.875 80.625 0.76824
24.875 80.875 -0.29027
24.875 81.125 -1.3104
24.875 81.375 -0.81068
24.875 81.625 0.38817
24.875 81.875 0.25605
24.875 82.125 -0.097471
24.875 82.375 -0.19453
24.875 82.625 1.4653
24.875 82.875 -0.071067
24.875 83.125 -0.4844
24.875 83.375 -0.52156
24.875 83.625 0.26183
24.875 83.875 -0.19956
24.875 84.125 -0.22687
24.875 84.375 -1.3554
24.875 84.625 -0.91254
24.875 84.875 -0.020601
24.875 85.125 -0.047741
24.875 85.375 -0.55657
24.875 85.625 -0.56639
24.875 85.875 0.14804
24.875 86.125 -0.78168
24.875 86.375 -0.20418
24.875 86.625 -0.11977
24.875 86.875 -0.94947
24.875 87.125 -0.99118
24.875 87.375 -0.10492
24.875 87.625 0.02096
24.875 87.875 0.11485
24.875 88.125 0.33552
24.875 92.625 -0.35289
24.875 92.875 -0.28403
24.875 93.125 0.11549
24.875 93.375 -0.4036
24.875 93.625 -0.22558
24.875 93.875 -0.13635
24.875 94.125 -0.23972
24.875 94.375 -0.21005
25.125 71.125 0.85138
25.125 71.375 0.80463
25.125 71.625 0.74373
25.125 71.875 0.92708
25.125 72.125 1.115
25.125 72.375 2.7679
25.125 72.625 2.0019
25.125 72.875 0.93351
25.125 73.125 1.2738
25.125 73.375 2.0126
25.125 73.625 2.4136
25.125 73.875 1.5344
25.125 74.125 1.7152
25.125 74.375 2.6346
25.125 74.625 2.8974
25.125 74.875 2.3485
25.125 75.125 2.9507
25.125 75.375 2.0753
25.125 75.625 2.4254
25.125 75.875 2.1825
25.125 76.125 2.8295
25.125 76.375 2.9331
25.125 76.625 2.7174
25.125 76.875 2.124
25.125 77.125 1.8404
25.125 77.375 1.6037
25.125 77.625 1.6394
25.125 77.875 1.5674
25.125 78.125 1.5593
25.125 78.375 0.89449
25.125 78.625 0.50775
25.125 78.875 0.45448
25.125 79.125 1.0262
25.125 79.375 0.64836
25.125 79.625 0.49345
25.125 79.875 1.3718
25.125 80.125 0.21132
25.125 80.375 0.86933
25.125 80.625 0.72976
25.125 80.875 -0.068391
25.125 81.125 -1.1646
25.125 81.375 -0.55631
25.125 81.625 -1.4818
25.125 81.875 -0.66941
25.125 82.125 0.23492
25.125 82.375 1.3926
25.125 82.625 1.15
25.125 82.875 -0.12311
25.125 83.125 -0.47093
25.125 83.375 -0.5913
25.125 83.625 0.039405
25.125 83.875 -0.19006
25.125 84.125 -0.080727
25.125 84.375 -0.76698
25.125 84.625 -0.28771
25.125 84.875 -0.5169
25.125 85.125 -0.0028734
25.125 85.375 0.34954
25.125 85.625 -0.76739
25.125 85.875 -0.13317
25.125 86.125 -0.25359
25.125 86.375 -0.13059
25.125 86.625 -0.44331
25.125 86.875 -1.1825
25.125 87.125 -0.82866
25.125 87.375 -0.36716
25.125 87.625 -0.059748
25.125 87.875 -0.13553
25.125 88.125 0.27945
25.125 88.375 -0.025206
25.125 92.375 -0.97052
25.125 92.625 -0.78576
25.125 92.875 -0.10497
25.125 93.125 0.10931
25.125 93.375 -0.1983
25.125 93.625 -0.17776
25.125 93.875 -0.16246
25.125 94.125 -0.16777
25.125 94.375 -0.16592
25.375 70.875 -0.088732
25.375 71.125 0.14482
25.375 71.375 0.43927
25.375 71.625 0.99549
25.375 71.875 1.206
25.375 72.125 1.4946
25.375 72.375 2.5572
25.375 72.625 2.116
25.375 72.875 1.6912
25.375 73.125 2.0664
25.375 73.375 2.32
25.375 73.625 2.1137
25.375 73.875 1.3057
25.375 74.125 1.8871
25.375 74.375 2.3753
25.375 74.625 3.0789
25.375 74.875 3.0475
25.375 75.125 3.0476
25.375 75.375 3.032
25.375 75.625 3.2743
25.375 75.875 2.8951
25.375 76.125 3.8031
25.375 76.375 3.9102
25.375 76.625 2.8036
25.375 76.875 1.96
25.375 77.125 1.6985
25.375 77.375 1.8953
25.375 77.625 2.012
25.375 77.875 1.804
25.375 78.125 1.4596
25.375 78.375 1.3708
25.375 78.625 -0.48333
25.375 78.875 -0.71695
25.375 79.125 -0.25618
25.375 79.375 0.76098
25.375 79.625 0.87437
25.375 79.875 1.636
25.375 80.125 1.236
25.375 80.375 0.48513
25.375 80.625 0.4179
25.375 80.875 -0.94213
25.375 81.125 -0.87519
25.375 81.375 -0.1928
25.375 81.625 -0.55869
25.375 81.875 -1.6036
25.375 82.125 -1.0556
25.375 82.375 -0.58327
25.375 82.625 -0.25903
25.375 82.875 -0.25185
25.375 83.125 -0.47018
25.375 83.375 0.2186
25.375 83.625 0.7487
25.375 83.875 0.56497
25.375 84.125 0.39174
25.375 84.375 0.21151
25.375 84.625 -0.20311
25.375 84.875 0.17455
25.375 85.125 -0.24059
25.375 85.375 0.17648
25.375 85.625 0.32227
25.375 85.875 0.84772
25.375 86.125 1.3491
25.375 86.375 1.0026
25.375 86.625 -0.073117
25.375 86.875 -0.56698
25.375 87.125 -0.67038
25.375 87.375 -0.66523
25.375 87.625 -0.39143
25.375 87.875 -0.61656
25.375 88.125 0.035632
25.375 88.375 -0.19967
25.375 88.625 -0.51372
25.375 90.125 0.093197
25.375 90.375 -0.2778
25.375 90.625 -0.30725
25.375 90.875 -0.37235
25.375 91.125 -0.21148
25.375 91.375 -0.18669
25.375 91.625 -0.47609
25.375 91.875 -0.58556
25.375 92.125 -0.71963
25.375 92.375 -0.85221
25.375 92.625 -0.58901
25.375 92.875 0.049438
25.375 93.125 -0.11813
25.375 93.375 -0.26227
25.375 93.625 0.35078
25.375 93.875 -0.0096523
25.375 94.125 0.15062
25.375 94.375 0.22833
25.625 70.875 -0.11907
25.625 71.125 0.35077
25.625 71.375 0.50696
25.625 71.625 0.95227
25.625 71.875 1.4668
25.625 72.125 1.118
25.625 72.375 1.4055
25.625 72.625 0.63634
25.625 72.875 1.0061
25.625 73.125 2.1875
25.625 73.375 1.989
25.625 73.625 1.6664
25.625 73.875 1.8961
25.625 74.125 1.9551
25.625 74.375 2.6009
25.625 74.625 2.9219
25.625 74.875 3.3469
25.625 75.125 3.5573
25.625 75.375 4.2676
25.625 75.625 4.8673
25.625 75.875 3.9721
25.625 76.125 3.5541
25.625 76.375 3.6427
25.625 76.625 2.508
25.625 76.875 1.4697
25.625 77.125 1.6499
25.625 77.375 2.0408
25.625 77.625 1.9172
25.625 77.875 1.3461
25.625 78.125 0.89997
25.625 78.375 -0.00065671
25.625 78.625 -0.43014
25.625 78.875 -0.70367
25.625 79.125 0.48841
25.625 79.375 1.1004
25.625 79.625 1.6555
25.625 79.875 1.5683
25.625 80.125 1.4132
25.625 80.375 0.076316
25.625 80.625 -1.0529
25.625 80.875 -1.2561
25.625 81.125 -0.77873
25.625 81.375 -0.83134
25.625 81.625 -0.8194
25.625 81.875 -0.084838
25.625 82.125 -0.96981
25.625 82.375 0.23122
25.625 82.625 -0.58294
25.625 82.875 -1.0337
25.625 83.125 -0.52733
25.625 83.375 -0.42058
25.625 83.625 1.5889
25.625 83.875 0.81308
25.625 84.125 -0.11922
25.625 84.375 -0.0061504
25.625 84.625 0.87347
25.625 84.875 0.44648
25.625 85.125 -0.45364
25.625 85.375 -0.50747
25.625 85.625 0.43788
25.625 85.875 0.048529
25.625 86.125 -0.45428
25.625 86.375 -0.22865
25.625 86.625 -1.1865
25.625 86.875 -0.59017
25.625 87.125 -0.55515
25.625 87.375 -1.0696
25.625 87.625 -1.0157
25.625 87.875 -1.0199
25.625 88.125 -0.97358
25.625 90.125 0.079665
25.625 90.375 -0.058469
25.625 90.625 -0.36089
25.625 90.875 -0.37431
25.625 91.125 0.084034
25.625 91.375 0.11712
25.625 91.625 -0.24209
25.625 91.875 -0.40642
25.625 92.125 -0.78017
25.625 92.375 -0.98213
25.625 92.625 -0.52744
25.625 92.875 -0.41318
25.625 93.125 -0.73325
25.625 93.375 -0.19042
25.625 93.625 0.1918
25.625 93.875 0.61085
25.625 94.125 1.0308
25.625 94.375 1.0668
25.625 94.625 NaN
25.625 94.875 NaN
25.875 70.375 -0.050426
25.875 70.625 -0.089948
25.875 70.875 0.064583
25.875 71.125 0.19017
25.875 71.375 0.64595
25.875 71.625 0.89227
25.875 71.875 1.637
25.875 72.125 1.5278
25.875 72.375 1.4912
25.875 72.625 0.49321
25.875 72.875 0.50049
25.875 73.125 1.6999
25.875 73.375 2.1422
25.875 73.625 1.8185
25.875 73.875 1.7492
25.875 74.125 1.5743
25.875 74.375 2.5165
25.875 74.625 3.967
25.875 74.875 2.9786
25.875 75.125 2.8637
25.875 75.375 2.8026
25.875 75.625 3.6191
25.875 75.875 3.5826
25.875 76.125 2.9145
25.875 76.375 2.6196
25.875 76.625 1.7199
25.875 76.875 1.4667
25.875 77.125 1.9636
25.875 77.375 2.0628
25.875 77.625 2.0812
25.875 77.875 1.0661
25.875 78.125 1.2311
25.875 78.375 0.48297
25.875 78.625 0.20311
25.875 78.875 -0.245
25.875 79.125 0.81309
25.875 79.375 0.17157
25.875 79.625 0.0552
25.875 79.875 0.73404
25.875 80.125 0.22543
25.875 80.375 -0.68858
25.875 80.625 -0.75651
25.875 80.875 -1.0523
25.875 81.125 -0.92273
25.875 81.375 -0.27066
25.875 81.625 -0.23921
25.875 81.875 0.0039584
25.875 82.125 -1.164
25.875 82.375 -0.95715
25.875 82.625 -1.0969
25.875 82.875 -0.45783
25.875 83.125 -0.8777
25.875 83.375 -1.0884
25.875 83.625 0.051131
25.875 83.875 -0.46886
25.875 84.125 1.1683
25.875 84.375 -0.11509
25.875 84.625 -0.30144
25.875 84.875 -0.091981
25.875 85.125 -0.008456
25.875 85.375 0.0020056
25.875 85.625 0.33906
25.875 85.875 -0.3806
25.875 86.125 -0.063741
25.875 86.375 0.3718
25.875 86.625 -0.33195
25.875 86.875 0.028445
25.875 87.125 -0.73998
25.875 87.375 -1.3477
25.875 87.625 -1.3166
25.875 87.875 -0.57666
25.875 90.125 -1.0803
25.875 90.375 -1.051
25.875 90.625 -0.76267
25.875 90.875 -0.45603
25.875 91.125 -0.7463
25.875 91.375 -0.78916
25.875 91.625 -0.5328
25.875 91.875 -1.1482
25.875 92.125 -1.1831
25.875 92.375 -1.0412
25.875 92.625 -0.69745
25.875 92.875 -0.72863
25.875 93.125 -2.1843
25.875 93.375 -1.8655
25.875 93.625 -0.21514
25.875 93.875 1.1477
25.875 94.125 1.204
25.875 94.375 1.2601
25.875 94.625 0.95206
25.875 94.875 0.67903
26.125 70.375 -0.034655
26.125 70.625 -0.091502
26.125 70.875 -0.047125
26.125 71.125 -0.21033
26.125 71.375 0.28825
26.125 71.625 1.2668
26.125 71.875 1.4721
26.125 72.125 1.3609
26.125 72.375 1.2963
26.125 72.625 0.69483
26.125 72.875 0.49859
26.125 73.125 0.85269
26.125 73.375 1.1892
26.125 73.625 1.1021
26.125 73.875 1.5181
26.125 74.125 2.2991
26.125 74.375 3.352
26.125 74.625 4.2449
26.125 74.875 4.2294
26.125 75.125 3.3431
26.125 75.375 2.8921
26.125 75.625 2.7411
26.125 75.875 3.0599
26.125 76.125 2.876
26.125 76.375 1.7964
26.125 76.625 1.4229
26.125 76.875 1.6395
26.125 77.125 0.71703
26.125 77.375 1.4542
26.125 77.625 1.8822
26.125 77.875 2.1783
26.125 78.125 1.4887
26.125 78.375 1.5251
26.125 78.625 1.1213
26.125 78.875 0.81692
26.125 79.125 0.58409
26.125 79.375 0.40895
26.125 79.625 -0.77731
26.125 79.875 -0.646
26.125 80.125 0.1965
26.125 80.375 -0.22445
26.125 80.625 -1.078
26.125 80.875 0.55903
26.125 81.125 -0.27093
26.125 81.375 -1.169
26.125 81.625 -0.61854
26.125 81.875 -0.78117
26.125 82.125 -1.203
26.125 82.375 -1.1304
26.125 82.625 -1.0813
26.125 82.875 -0.76474
26.125 83.125 -1.0326
26.125 83.375 -1.2647
26.125 83.625 -0.96136
26.125 83.875 0.43311
26.125 84.125 1.4197
26.125 84.375 -0.080774
26.125 84.625 -0.27885
26.125 84.875 -0.67721
26.125 85.125 -0.82826
26.125 85.375 -0.71527
26.125 85.625 -0.10297
26.125 85.875 2.0454
26.125 86.125 0.65813
26.125 86.375 0.19341
26.125 86.625 0.72384
26.125 86.875 0.79378
26.125 87.125 -0.3556
26.125 87.375 -0.29789
26.125 87.625 0.45118
26.125 87.875 0.33428
26.125 88.125 0.43355
26.125 89.375 -0.44038
26.125 89.875 -1.1979
26.125 90.125 -1.2649
26.125 90.375 -1.3019
26.125 90.625 -1.1489
26.125 90.875 -1.2222
26.125 91.125 -1.6054
26.125 91.375 -1.6995
26.125 91.625 -1.5839
26.125 91.875 -1.1876
26.125 92.125 -0.92798
26.125 92.375 -0.95366
26.125 92.625 -0.57905
26.125 92.875 -1.2007
26.125 93.125 -2.0178
26.125 93.375 -1.151
26.125 93.625 -0.36063
26.125 93.875 1.8115
26.125 94.125 1.7079
26.125 94.375 1.0453
26.125 94.625 0.67955
26.125 94.875 0.4691
26.375 70.375 -0.28204
26.375 70.625 -0.20071
26.375 70.875 -0.18297
26.375 71.125 -0.16863
26.375 71.375 0.37691
26.375 71.625 1.7126
26.375 71.875 1.5193
26.375 72.125 1.4098
26.375 72.375 1.2527
26.375 72.625 1.1208
26.375 72.875 0.78816
26.375 73.125 1.0289
26.375 73.375 1.0006
26.375 73.625 1.4308
26.375 73.875 1.9723
26.375 74.125 2.5873
26.375 74.375 2.8176
26.375 74.625 0.402
26.375 74.875 2.4383
26.375 75.125 2.5525
26.375 75.375 2.3111
26.375 75.625 2.1871
26.375 75.875 2.5113
26.375 76.125 1.8773
26.375 76.375 0.99773
26.375 76.625 1.6837
26.375 76.875 2.0818
26.375 77.125 2.6063
26.375 77.375 2.2779
26.375 77.625 1.8627
26.375 77.875 1.0595
26.375 78.125 0.76473
26.375 78.375 0.080349
26.375 78.625 1.1456
26.375 78.875 0.57293
26.375 79.125 0.66527
26.375 79.375 -0.89078
26.375 79.625 -1.0474
26.375 79.875 0.23131
26.375 80.125 0.62186
26.375 80.375 -0.78821
26.375 80.625 -0.97246
26.375 80.875 -0.35524
26.375 81.125 -0.88374
26.375 81.375 -1.3781
26.375 81.625 -1.3376
26.375 81.875 -1.0692
26.375 82.125 -1.118
26.375 82.375 -1.0468
26.375 82.625 -1.1411
26.375 82.875 -0.59393
26.375 83.125 -0.9038
26.375 83.375 -1.3937
26.375 83.625 -0.33652
26.375 83.875 0.43287
26.375 84.125 0.24795
26.375 84.375 0.28142
26.375 84.625 -0.25447
26.375 84.875 0.666
26.375 85.125 -0.11221
26.375 85.375 -0.27347
26.375 85.625 0.48072
26.375 85.875 1.0385
26.375 86.125 0.50423
26.375 86.375 -0.73007
26.375 86.625 -0.62793
26.375 86.875 0.59274
26.375 87.125 -0.43347
26.375 87.625 -0.83884
26.375 87.875 0.10423
26.375 88.125 0.79332
26.375 88.375 0.52947
26.375 88.875 0.36782
26.375 89.375 -0.019067
26.375 89.625 -0.43517
26.375 89.875 -1.1278
26.375 90.125 -1.1533
26.375 90.375 -0.99829
26.375 90.625 -1.5671
26.375 90.875 -1.5266
26.375 91.125 -2.1412
26.375 91.375 -1.9407
26.375 91.625 -0.96072
26.375 91.875 -0.7989
26.375 92.125 -0.6808
26.375 92.375 -0.3791
26.375 92.625 -0.49764
26.375 92.875 -0.93833
26.375 93.125 -1.0989
26.375 93.375 -0.66567
26.375 93.625 -0.35404
26.375 93.875 0.984
26.375 94.125 1.1424
26.375 94.375 0.28168
26.375 94.625 -0.004361
26.375 94.875 -0.36341
26.625 69.875 -0.26849
26.625 70.125 -0.33412
26.625 70.375 -0.44117
26.625 70.625 -0.18358
26.625 70.875 -0.14326
26.625 71.125 -0.19436
26.625 71.375 0.89136
26.625 71.625 1.6492
26.625 71.875 1.5207
26.625 72.125 0.91926
26.625 72.375 1.0254
26.625 72.625 1.2555
26.625 72.875 1.4067
26.625 73.125 1.8185
26.625 73.375 1.2386
26.625 73.625 1.6959
26.625 73.875 2.084
26.625 74.125 2.0938
26.625 74.375 2.2955
26.625 74.625 1.5204
26.625 74.875 2.7302
26.625 75.125 2.1344
26.625 75.375 2.61
26.625 75.625 2.3957
26.625 75.875 1.5716
26.625 76.125 2.7176
26.625 76.375 2.1071
26.625 76.625 1.3966
26.625 76.875 1.2103
26.625 77.125 2.028
26.625 77.375 2.4181
26.625 77.625 2.2823
26.625 77.875 0.5398
26.625 78.125 0.62445
26.625 78.375 0.3746
26.625 78.625 0.70431
26.625 78.875 -0.39886
26.625 79.125 -0.92587
26.625 79.375 -0.48993
26.625 79.625 -0.39564
26.625 79.875 -0.43401
26.625 80.125 -0.59631
26.625 80.375 -0.2269
26.625 80.625 -0.6942
26.625 80.875 -0.25091
26.625 81.125 -0.001395
26.625 81.375 -0.29982
26.625 81.625 -1.0745
26.625 81.875 0.0017794
26.625 82.125 0.070683
26.625 82.375 -0.5952
26.625 82.625 -1.6569
26.625 82.875 -0.64266
26.625 83.125 -0.59455
26.625 83.375 -1.1745
26.625 83.625 -1.0338
26.625 83.875 -0.78455
26.625 84.125 1.0846
26.625 84.375 0.049243
26.625 84.625 -0.57556
26.625 84.875 0.061152
26.625 85.125 0.16866
26.625 85.375 -0.2716
26.625 85.625 0.52633
26.625 86.125 0.4252
26.625 88.375 1.1325
26.625 88.625 0.42167
26.625 88.875 -0.010981
26.625 89.125 -0.06093
26.625 89.375 0.13027
26.625 89.625 -0.027998
26.625 89.875 -1.1573
26.625 90.125 -1.3273
26.625 90.375 -0.92082
26.625 90.625 -1.4374
26.625 90.875 -1.5854
26.625 91.125 -1.8316
26.625 91.375 -1.4094
26.625 91.625 -0.80676
26.625 91.875 -0.71357
26.625 92.125 -0.71397
26.625 92.375 -0.60454
26.625 92.625 -0.71296
26.625 92.875 -0.3464
26.625 93.125 -0.90408
26.625 93.375 -1.3039
26.625 93.625 -0.82835
26.625 93.875 -0.36857
26.625 94.125 -1.1912
26.625 94.375 -0.98961
26.625 94.625 -0.66969
26.625 94.875 -0.69944
26.625 95.125 -0.40761
26.875 69.625 -0.29934
26.875 69.875 -0.31031
26.875 70.125 -0.2865
26.875 70.375 -0.36539
26.875 70.625 -0.19175
26.875 70.875 -0.15233
26.875 71.125 -0.0082875
26.875 71.375 0.826
26.875 71.625 1.4978
26.875 71.875 1.2376
26.875 72.125 0.59066
26.875 72.375 0.69116
26.875 72.625 0.98961
26.875 72.875 2.109
26.875 73.125 2.1935
26.875 73.375 1.6832
26.875 73.625 1.7473
26.875 73.875 1.9132
26.875 74.125 2.0869
26.875 74.375 2.4674
26.875 74.625 2.6812
26.875 74.875 2.7016
26.875 75.125 2.278
26.875 75.375 2.376
26.875 75.625 0.69322
26.875 75.875 2.0526
26.875 76.125 2.7926
26.875 76.375 1.6571
26.875 76.625 2.1083
26.875 76.875 0.9903
26.875 77.125 1.0511
26.875 77.375 0.15965
26.875 77.625 1.2489
26.875 77.875 0.59824
26.875 78.125 -0.34582
26.875 78.375 -0.26562
26.875 78.625 0.50876
26.875 78.875 -0.42637
26.875 79.125 0.14835
26.875 79.375 0.28368
26.875 79.625 0.20616
26.875 79.875 -0.20698
26.875 80.125 -0.35653
26.875 80.375 -0.15071
26.875 80.625 -0.36433
26.875 80.875 -0.098504
26.875 81.125 -0.44783
26.875 81.375 -0.38986
26.875 81.625 -1.1459
26.875 81.875 -0.5301
26.875 82.125 -0.35502
26.875 82.375 -1.2991
26.875 82.625 -1.8634
26.875 82.875 -1.2354
26.875 83.125 -1.0033
26.875 83.375 -1.4872
26.875 83.625 -1.1222
26.875 83.875 -0.83648
26.875 84.125 1.042
26.875 84.375 0.609
26.875 84.625 0.23946
26.875 84.875 0.096462
26.875 88.375 1.3821
26.875 88.625 0.51957
26.875 88.875 0.023821
26.875 92.375 -1.2984
26.875 92.625 -1.0589
26.875 92.875 -0.38461
26.875 93.125 -0.13561
26.875 93.375 -1.2905
26.875 93.625 -0.8107
26.875 93.875 -0.38511
26.875 94.125 -1.7923
26.875 94.375 -0.84228
26.875 94.625 -0.94916
26.875 94.875 -0.90894
26.875 95.125 -0.78701
26.875 95.375 -0.76542
26.875 95.625 -0.79475
27.125 69.875 -0.34922
27.125 70.125 -0.26191
27.125 70.375 -0.36324
27.125 70.625 -0.29138
27.125 70.875 -0.21997
27.125 71.125 0.23568
27.125 71.375 0.64798
27.125 71.625 0.73172
27.125 71.875 0.46427
27.125 72.125 0.40243
27.125 72.375 0.35615
27.125 72.625 0.93804
27.125 72.875 1.9793
27.125 73.125 1.8726
27.125 73.375 1.4746
27.125 73.625 1.47
27.125 73.875 1.758
27.125 74.125 1.7307
27.125 74.375 1.747
27.125 74.625 2.7137
27.125 74.875 1.4514
27.125 75.125 1.9189
27.125 75.375 2.8345
27.125 75.625 2.3346
27.125 75.875 1.942
27.125 76.125 0.8275
27.125 76.375 0.76676
27.125 76.625 0.29439
27.125 76.875 0.11134
27.125 77.125 0.87634
27.125 77.375 0.22099
27.125 77.625 0.87091
27.125 77.875 0.038004
27.125 78.125 0.36629
27.125 78.375 0.66954
27.125 78.625 -1.0027
27.125 78.875 -0.66205
27.125 79.125 0.24933
27.125 79.375 -0.65761
27.125 79.625 -0.3862
27.125 79.875 -0.3521
27.125 80.125 -0.49859
27.125 80.375 -0.59795
27.125 80.625 -1.0731
27.125 80.875 0.3174
27.125 81.125 -0.16169
27.125 81.375 -0.16469
27.125 81.625 -0.75266
27.125 81.875 -0.34617
27.125 82.125 -0.70901
27.125 82.375 -1.2829
27.125 82.625 -0.48576
27.125 82.875 -0.30135
27.125 83.125 -0.79811
27.125 83.375 0.0056058
27.125 83.625 0.37989
27.125 83.875 0.11244
27.125 84.125 0.34228
27.125 84.375 0.46171
27.125 84.625 0.73877
27.125 88.125 0.4729
27.125 88.375 0.88054
27.125 88.625 0.71622
27.125 92.125 -1.2531
27.125 92.375 -1.1689
27.125 92.625 -1.318
27.125 92.875 -0.8588
27.125 93.125 -0.63299
27.125 93.375 -0.20823
27.125 93.625 0.16598
27.125 93.875 0.68954
27.125 94.125 -0.1381
27.125 94.375 -0.73307
27.125 94.625 -1.3041
27.125 94.875 -1.3343
27.125 95.125 -1.0014
27.125 95.375 -0.7487
27.125 95.625 -0.79189
27.125 95.875 -0.78587
27.375 70.125 -0.30351
27.375 70.375 -0.25753
27.375 70.625 -0.31087
27.375 70.875 -0.059445
27.375 71.125 0.70377
27.375 71.375 0.63652
27.375 71.625 0.6258
27.375 71.875 0.22101
27.375 72.125 -0.16178
27.375 72.375 0.12772
27.375 72.625 0.3152
27.375 72.875 1.1355
27.375 73.125 1.7942
27.375 73.375 1.966
27.375 73.625 1.9531
27.375 73.875 2.2979
27.375 74.125 1.9871
27.375 74.375 1.7057
27.375 74.625 2.2285
27.375 74.875 2.1594
27.375 75.125 2.365
27.375 75.375 2.3914
27.375 75.625 2.5062
27.375 75.875 1.5883
27.375 76.125 0.71902
27.375 76.375 1.1877
27.375 76.625 0.49933
27.375 76.875 0.95908
27.375 77.125 0.83695
27.375 77.375 -0.10997
27.375 77.625 0.69121
27.375 77.875 0.81107
27.375 78.125 0.61042
27.375 78.375 0.26268
27.375 78.625 -0.42991
27.375 78.875 0.19369
27.375 79.125 -0.78719
27.375 79.375 -0.79844
27.375 79.625 -0.83431
27.375 79.875 -0.46983
27.375 80.125 -0.98644
27.375 80.375 -1.13
27.375 80.625 -0.9006
27.375 80.875 -1.2364
27.375 81.125 -0.48021
27.375 81.375 -0.24629
27.375 81.625 -1.4876
27.375 81.875 0.035334
27.375 82.125 -0.16632
27.375 82.375 -0.73757
27.375 82.625 -0.21579
27.375 82.875 -0.28673
27.375 83.125 -0.51616
27.375 83.625 0.4307
27.375 84.125 0.57633
27.375 84.375 0.50869
27.375 88.125 0.7376
27.375 88.375 -0.44286
27.375 88.625 -0.5905
27.375 92.125 -1.1468
27.375 92.375 -1.0881
27.375 92.625 -1.3065
27.375 92.875 -1.4088
27.375 93.125 -1.4972
27.375 93.375 -1.7238
27.375 93.625 -0.012745
27.375 93.875 0.44714
27.375 94.125 0.80884
27.375 94.375 -0.81632
27.375 94.625 -0.69353
27.375 94.875 -0.97072
27.375 95.125 -1.0377
27.375 95.375 -1.0547
27.375 95.625 -1.058
27.375 95.875 -0.88329
27.375 96.125 -1.0395
27.375 96.375 -0.42837
27.375 96.625 0.025261
27.375 96.875 -0.047134
27.625 70.125 -0.28704
27.625 70.375 -0.27131
27.625 70.625 -0.2442
27.625 70.875 0.12401
27.625 71.125 0.79106
27.625 71.375 0.71804
27.625 71.625 0.5023
27.625 71.875 0.19345
27.625 72.125 -0.14322
27.625 72.375 -0.085055
27.625 72.625 0.23672
27.625 72.875 0.64473
27.625 73.125 0.98369
27.625 73.375 1.9948
27.625 73.625 2.0748
27.625 73.875 2.1805
27.625 74.125 2.3478
27.625 74.375 1.8161
27.625 74.625 2.1773
27.625 74.875 2.1982
27.625 75.125 1.7815
27.625 75.375 2.0544
27.625 75.625 1.9429
27.625 75.875 1.2869
27.625 76.125 0.78315
27.625 76.375 0.28828
27.625 76.625 0.88916
27.625 76.875 1.4636
27.625 77.125 -0.079676
27.625 77.375 0.0095882
27.625 77.625 -0.66692
27.625 77.875 0.28378
27.625 78.125 0.10882
27.625 78.375 -0.037359
27.625 78.625 -0.86627
27.625 78.875 -0.76017
27.625 79.125 -1.0827
27.625 79.375 -1.2423
27.625 79.625 -1.1314
27.625 79.875 -0.54892
27.625 80.125 -0.73667
27.625 80.375 -0.34069
27.625 80.625 -0.5947
27.625 80.875 -0.99521
27.625 81.125 -0.46723
27.625 81.375 -0.20591
27.625 81.625 -0.26358
27.625 81.875 -0.38399
27.625 82.125 -0.23906
27.625 82.375 -0.51515
27.625 82.625 -0.15183
27.625 88.375 -0.19225
27.625 88.625 -0.26177
27.625 91.625 -0.63698
27.625 91.875 -0.84286
27.625 92.125 -1.0631
27.625 92.375 -1.2574
27.625 92.625 -1.4562
27.625 92.875 -1.386
27.625 93.125 -1.605
27.625 93.375 -1.6344
27.625 93.625 -1.5206
27.625 93.875 -1.9156
27.625 94.125 -1.3557
27.625 94.375 -0.64709
27.625 94.625 -1.1181
27.625 94.875 -1.3836
27.625 95.125 -1.6652
27.625 95.375 -1.3647
27.625 95.625 -1.5571
27.625 95.875 -1.3418
27.625 96.125 -1.0266
27.625 96.375 -0.41562
27.625 96.625 -0.17645
27.625 96.875 -0.12879
27.875 70.375 -0.25765
27.875 71.875 0.03655
27.875 72.125 -0.20922
27.875 72.375 -0.18369
27.875 72.625 0.302
27.875 72.875 0.54273
27.875 73.125 0.55848
27.875 73.375 1.3135
27.875 73.625 1.6984
27.875 73.875 1.5164
27.875 74.125 1.5958
27.875 74.375 1.1956
27.875 74.625 1.6054
27.875 74.875 1.7834
27.875 75.125 1.5073
27.875 75.375 1.5616
27.875 75.625 1.2353
27.875 75.875 1.4637
27.875 76.125 0.77732
27.875 76.375 0.73407
27.875 76.625 0.23584
27.875 76.875 0.58065
27.875 77.125 0.386
27.875 77.375 -0.16787
27.875 77.625 -0.616
27.875 77.875 0.37328
27.875 78.125 0.33558
27.875 78.375 -0.56886
27.875 78.625 -0.41499
27.875 78.875 -0.14501
27.875 79.125 -0.80975
27.875 79.375 -0.78932
27.875 79.625 -1.0127
27.875 79.875 -0.13053
27.875 80.125 0.030908
27.875 80.375 0.29691
27.875 80.625 -0.74312
27.875 80.875 -1.1548
27.875 81.125 -0.77786
27.875 81.375 -0.31397
27.875 81.625 -0.20244
27.875 88.375 NaN
27.875 88.625 NaN
27.875 92.875 -2.0622
27.875 93.125 -1.6099
27.875 93.375 -1.603
27.875 93.625 -1.8082
27.875 93.875 -2.2625
27.875 94.125 -1.7369
27.875 94.375 -1.3661
27.875 94.625 -1.1761
27.875 94.875 -1.0108
27.875 95.125 -0.69886
27.875 95.375 -1.1945
27.875 95.625 -1.4717
27.875 95.875 -1.7038
27.875 96.125 -0.95906
27.875 96.375 -0.79679
27.875 96.625 -0.22306
27.875 96.875 -0.1225
27.875 97.125 -0.2601
28.125 72.125 -0.078823
28.125 72.375 0.083525
28.125 72.625 0.34163
28.125 72.875 0.73018
28.125 73.125 1.2984
28.125 73.375 1.5944
28.125 73.625 1.5129
28.125 73.875 1.1859
28.125 74.125 0.70428
28.125 74.375 1.0103
28.125 74.625 1.7387
28.125 74.875 1.6136
28.125 75.125 1.2095
28.125 75.375 1.9681
28.125 75.625 0.86764
28.125 75.875 1.4768
28.125 76.125 2.1237
28.125 76.375 1.223
28.125 76.625 1.2524
28.125 76.875 1.5117
28.125 77.125 0.52595
28.125 77.375 -0.26284
28.125 77.625 -0.44174
28.125 77.875 0.11842
28.125 78.125 1.7074
28.125 78.375 0.015545
28.125 78.625 -0.75793
28.125 78.875 -0.58057
28.125 79.125 -0.4916
28.125 79.375 -1.0559
28.125 79.625 -1.1836
28.125 79.875 -0.46896
28.125 80.125 -0.060787
28.125 80.375 0.19082
28.125 80.625 0.057713
28.125 80.875 -0.8294
28.125 81.125 -1.2337
28.125 81.375 -0.28609
28.125 92.875 -2.3087
28.125 93.125 -1.8287
28.125 93.375 -1.6378
28.125 93.625 -1.6819
28.125 93.875 -1.7059
28.125 94.125 -1.5854
28.125 94.375 -1.2444
28.125 94.625 -1.0832
28.125 94.875 -1.017
28.125 95.125 -0.57223
28.125 95.375 -0.61512
28.125 95.625 -1.5032
28.125 95.875 -1.5526
28.125 96.125 -1.0236
28.125 96.375 -0.31681
28.125 96.625 -0.2238
28.125 96.875 -0.1896
28.125 97.125 -0.13268
28.375 72.375 0.12341
28.375 72.625 0.24228
28.375 72.875 0.67256
28.375 73.125 1.1903
28.375 73.375 1.3185
28.375 73.625 1.4509
28.375 73.875 0.95209
28.375 74.125 0.60625
28.375 74.375 0.69649
28.375 74.625 1.4851
28.375 74.875 1.4468
28.375 75.125 0.91092
28.375 75.375 1.2509
28.375 75.625 1.1648
28.375 75.875 1.4362
28.375 76.125 1.0044
28.375 76.375 1.0614
28.375 76.625 0.99639
28.375 76.875 1.0479
28.375 77.125 -0.02
28.375 77.375 -0.63588
28.375 77.625 -0.30547
28.375 77.875 -0.42978
28.375 78.125 0.54315
28.375 78.375 0.066273
28.375 78.625 -1.1244
28.375 78.875 -0.93634
28.375 79.125 -0.36613
28.375 79.375 -0.53989
28.375 79.625 -1.0174
28.375 79.875 -0.71204
28.375 80.125 -0.43191
28.375 80.375 -0.42786
28.375 80.625 -0.28593
28.375 80.875 -0.69596
28.375 81.125 -0.71652
28.375 93.375 -1.9458
28.375 93.625 -1.4785
28.375 93.875 -1.0611
28.375 94.125 -0.98338
28.375 94.375 -0.87438
28.375 94.625 -0.763
28.375 94.875 -0.66057
28.375 95.125 -0.64333
28.375 95.375 -0.91546
28.375 95.625 -0.84421
28.375 95.875 -0.7224
28.375 96.125 -0.96437
28.375 96.625 -0.24012
28.625 72.375 0.52812
28.625 72.625 0.88146
28.625 72.875 1.1752
28.625 73.125 1.1649
28.625 73.375 1.4626
28.625 73.625 1.5158
28.625 73.875 1.1465
28.625 74.125 1.1326
28.625 74.375 1.4126
28.625 74.625 1.7228
28.625 74.875 1.4712
28.625 75.125 0.8426
28.625 75.375 0.25774
28.625 75.625 -0.62495
28.625 75.875 -0.43091
28.625 76.125 0.64226
28.625 76.375 0.7387
28.625 76.625 1.6792
28.625 76.875 0.72849
28.625 77.125 -0.55336
28.625 77.375 -0.55949
28.625 77.625 -0.78009
28.625 77.875 -0.88078
28.625 78.125 0.019867
28.625 78.375 -0.1234
28.625 78.625 -1.1935
28.625 78.875 -1.0532
28.625 79.125 0.056806
28.625 79.375 -0.44401
28.625 79.625 -0.041635
28.625 79.875 -0.14116
28.625 80.125 -0.12183
28.625 80.375 -0.14158
28.625 80.625 -0.40938
28.625 93.625 -1.0905
28.625 93.875 NaN
28.625 94.125 -0.59246
28.625 94.375 -0.7421
28.625 94.625 -0.55025
28.625 94.875 -0.3771
28.625 95.125 -0.40476
28.625 95.375 -0.43091
28.625 95.625 -0.83118
28.625 95.875 -0.94681
28.625 96.125 -0.76785
28.625 96.375 4.0149
28.875 72.875 1.4812
28.875 73.125 2.4043
28.875 73.375 3.0961
28.875 73.625 2.8496
28.875 73.875 2.9651
28.875 74.125 2.6708
28.875 74.375 2.3576
28.875 74.625 2.3782
28.875 74.875 2.6174
28.875 75.125 1.0119
28.875 75.375 0.49148
28.875 75.625 0.41001
28.875 75.875 0.1927
28.875 76.125 0.6125
28.875 76.375 0.45918
28.875 76.625 0.40098
28.875 76.875 -0.114
28.875 77.125 0.78743
28.875 77.375 0.32744
28.875 77.625 0.16206
28.875 77.875 -0.24342
28.875 78.125 -0.32229
28.875 78.375 -0.51872
28.875 78.625 -0.8053
28.875 78.875 -0.87397
28.875 79.125 0.54461
28.875 79.375 0.71834
28.875 79.625 0.3428
28.875 79.875 0.43096
28.875 94.125 -0.46307
28.875 94.375 -0.24447
28.875 94.625 -0.44989
28.875 94.875 -0.22355
28.875 95.125 -0.056145
28.875 95.375 -0.2352
28.875 95.625 -0.79431
28.875 95.875 -0.7272
28.875 96.125 -0.087988
28.875 96.375 3.98
29.125 73.125 2.7582
29.125 73.375 3.3336
29.125 73.625 3.0097
29.125 73.875 3.1917
29.125 74.125 2.6972
29.125 74.375 2.3095
29.125 74.625 2.1162
29.125 74.875 1.9804
29.125 75.125 0.63886
29.125 75.375 1.2242
29.125 75.625 1.0018
29.125 75.875 0.2521
29.125 76.125 -0.16268
29.125 76.375 -0.72802
29.125 76.625 -0.20184
29.125 76.875 -0.14007
29.125 77.125 -0.42706
29.125 77.375 -0.13803
29.125 77.625 0.25637
29.125 77.875 0.33257
29.125 78.125 0.22508
29.125 78.375 0.23183
29.125 78.625 -0.031547
29.125 78.875 -0.6511
29.125 79.125 0.84165
29.125 79.375 0.82327
29.125 79.625 -0.56218
29.125 79.875 -0.13075
29.125 80.125 -0.021276
29.125 94.375 -0.29139
29.125 94.625 -0.068269
29.125 94.875 -0.023976
29.125 95.625 -0.12174
29.125 95.875 0.56045
29.125 96.125 3.1803
29.375 73.375 2.0293
29.375 73.625 2.6353
29.375 73.875 3.159
29.375 74.125 3.2736
29.375 74.375 1.1311
29.375 74.625 1.1437
29.375 74.875 1.638
29.375 75.125 1.4266
29.375 75.375 0.80353
29.375 75.625 0.61264
29.375 75.875 -0.26412
29.375 76.125 0.25207
29.375 76.375 -0.47163
29.375 76.625 -0.19744
29.375 76.875 -0.93474
29.375 77.125 -1.1253
29.375 77.375 -0.20145
29.375 77.625 0.2267
29.375 77.875 0.77418
29.375 78.125 0.20738
29.375 78.375 0.274
29.375 78.625 -0.89959
29.375 78.875 -0.64013
29.375 79.125 -0.075792
29.375 79.375 0.11552
29.375 79.625 -0.93904
29.375 79.875 -0.24363
29.375 80.125 0.47675
29.375 96.125 3.7407
29.625 73.375 1.6804
29.625 73.625 1.8426
29.625 73.875 2.2205
29.625 74.125 2.5916
29.625 74.375 1.4052
29.625 74.625 0.21456
29.625 74.875 0.73711
29.625 75.125 0.62623
29.625 75.375 0.41359
29.625 75.625 1.4168
29.625 75.875 0.21276
29.625 76.125 -0.25412
29.625 76.375 0.34512
29.625 76.625 0.040835
29.625 76.875 0.2946
29.625 77.125 -0.19737
29.625 77.375 -0.98177
29.625 77.625 0.093502
29.625 77.875 0.79358
29.625 78.125 0.39496
29.625 78.375 -0.37628
29.625 78.625 -1.0939
29.625 78.875 -0.86393
29.625 79.125 -0.48226
29.625 79.375 -0.085008
29.625 79.625 -0.19449
29.625 79.875 0.81028
29.625 80.125 0.71714
29.875 73.625 1.8305
29.875 73.875 1.6676
29.875 74.125 1.8615
29.875 74.375 0.30095
29.875 74.625 -0.1616
29.875 74.875 -0.11817
29.875 75.125 0.39321
29.875 75.375 0.8243
29.875 75.625 0.61299
29.875 75.875 0.080952
29.875 76.125 0.16638
29.875 76.375 0.11375
29.875 76.625 0.90567
29.875 76.875 -0.54471
29.875 77.125 -0.0075009
29.875 77.375 -0.16277
29.875 77.625 0.40258
29.875 77.875 2.3572
29.875 78.125 -1.3073
29.875 78.375 0.34024
29.875 78.625 -0.14991
29.875 78.875 0.52856
29.875 79.125 -0.29468
29.875 79.375 0.0035875
29.875 79.625 2.8115
29.875 79.875 0.72532
29.875 80.125 0.79618
29.875 80.375 0.76458
30.125 74.125 1.2207
30.125 74.375 0.55154
30.125 74.625 0.015919
30.125 74.875 0.30995
30.125 75.125 0.79717
30.125 75.375 1.0064
30.125 75.625 0.97325
30.125 75.875 -0.28558
30.125 76.125 -0.16194
30.125 76.375 -0.59154
30.125 76.625 -0.36663
30.125 76.875 -0.35488
30.125 77.125 0.4264
30.125 77.375 -0.78294
30.125 77.625 1.0847
30.125 77.875 1.2364
30.125 78.125 0.64148
30.125 78.375 0.56974
30.125 78.625 0.85841
30.125 78.875 1.681
30.125 79.125 1.2455
30.125 79.375 1.2671
30.125 79.625 2.7833
30.125 79.875 0.84975
30.125 80.125 0.62786
30.125 80.375 0.76099
30.125 80.625 0.69934
30.375 74.125 0.86135
30.375 74.375 0.60162
30.375 74.625 0.86925
30.375 74.875 0.83601
30.375 75.125 1.0957
30.375 75.375 0.96792
30.375 75.625 0.69665
30.375 75.875 -0.19855
30.375 76.125 -0.4999
30.375 76.375 -0.57882
30.375 76.625 -1.1206
30.375 76.875 -0.75448
30.375 77.125 0.35239
30.375 77.375 0.57291
30.375 77.625 1.6871
30.375 77.875 0.57639
30.375 78.125 0.039522
30.375 78.375 -0.58042
30.375 78.625 1.253
30.375 78.875 1.1381
30.375 79.125 1.3483
30.375 79.375 0.56949
30.375 79.625 2.0031
30.375 79.875 1.7633
30.375 80.125 1.213
30.375 80.375 0.35973
30.375 80.625 0.19797
30.625 74.375 0.40805
30.625 74.625 0.27281
30.625 74.875 0.31883
30.625 75.125 1.1422
30.625 75.375 1.1156
30.625 75.625 0.85948
30.625 75.875 0.23912
30.625 76.125 -0.67385
30.625 76.375 -1.1146
30.625 76.625 0.013965
30.625 76.875 1.0996
30.625 77.125 0.34122
30.625 77.375 0.34855
30.625 77.625 -0.086912
30.625 77.875 0.072437
30.625 78.125 0.37087
30.625 78.375 -0.32201
30.625 78.625 -0.0723
30.625 78.875 0.91653
30.625 79.125 0.86904
30.625 79.375 0.51787
30.625 79.625 1.7971
30.625 79.875 1.5252
30.625 80.125 1.2861
30.875 74.625 -0.21581
30.875 74.875 0.8974
30.875 75.125 2.4553
30.875 75.375 0.49892
30.875 75.625 0.83856
30.875 75.875 0.19591
30.875 76.125 0.12789
30.875 76.375 0.70216
30.875 76.625 1.0267
30.875 76.875 0.85578
30.875 77.125 1.9163
30.875 77.375 0.40265
30.875 77.625 0.24948
30.875 77.875 0.60143
30.875 78.125 0.35457
30.875 78.375 -0.13369
30.875 78.625 -0.18552
30.875 78.875 0.32041
30.875 79.125 0.76286
30.875 79.375 NaN
30.875 79.625 NaN
30.875 79.875 NaN
31.125 74.875 0.26985
31.125 75.125 1.7587
31.125 75.375 -0.02662
31.125 75.625 -0.24847
31.125 75.875 0.21905
31.125 76.125 2.4308
31.125 76.375 1.6582
31.125 76.625 1.0341
31.125 76.875 2.5061
31.125 77.125 2.2722
31.125 77.375 0.3264
31.125 77.625 1.2401
31.125 77.875 0.45112
31.125 78.125 -0.59914
31.125 78.375 -0.51742
31.125 78.625 -0.52498
31.125 78.875 NaN
31.125 79.125 NaN
31.375 74.875 0.27056
31.375 75.125 0.287
31.375 75.375 -0.13086
31.375 75.625 0.47791
31.375 75.875 1.6979
31.375 76.125 1.386
31.375 76.375 2.3702
31.375 76.625 1.4191
31.375 76.875 2.4889
31.375 77.125 2.0186
31.375 77.375 1.121
31.375 77.625 0.90486
31.375 77.875 -0.18199
31.375 78.125 -0.80725
31.375 78.375 -0.79336
31.375 78.625 -0.74662
31.625 74.875 0.72088
31.625 75.125 0.639
31.625 75.375 0.29633
31.625 75.625 0.65295
31.625 75.875 0.52377
31.625 76.125 1.266
31.625 76.375 1.7809
31.625 76.625 2.417
31.625 76.875 1.3554
31.625 77.125 1.6901
31.625 77.375 1.8886
31.625 77.625 1.3127
31.625 77.875 -0.26649
31.625 78.125 -0.87622
31.625 78.375 -0.73877
31.625 78.625 -0.68854
31.875 74.875 1.2293
31.875 75.125 0.78195
31.875 75.375 0.10719
31.875 75.625 0.006968
31.875 75.875 0.38693
31.875 76.125 1.2152
31.875 76.375 0.92467
31.875 76.625 1.2299
31.875 76.875 1.2389
31.875 77.125 0.93566
31.875 77.375 1.1343
31.875 77.625 0.87004
31.875 77.875 -0.40888
31.875 78.125 -0.89155
31.875 78.375 -0.87291
31.875 78.625 -0.84125
32.125 75.375 1.1513
32.125 75.625 1.2225
32.125 75.875 0.55261
32.125 76.125 -0.14175
32.125 76.375 0.25211
32.125 76.625 0.81754
32.125 76.875 0.49885
32.125 77.125 0.7971
32.125 77.375 -0.035828
32.125 77.625 -0.32151
32.125 77.875 -0.66871
32.125 78.125 -1.2706
32.125 78.375 -1.1829
32.375 75.375 1.6668
32.375 75.625 1.6007
32.375 75.875 1.1436
32.375 76.125 -0.62882
32.375 76.375 -0.41507
32.375 76.625 0.17628
32.375 76.875 0.33505
32.375 77.125 0.52111
32.375 77.375 -0.22994
32.375 77.625 -0.73062
32.375 77.875 -1.0589
32.375 78.125 -1.3228
32.375 78.375 -1.3937
32.625 74.875 1.1942
32.625 75.125 0.8044
32.625 75.375 0.83253
32.625 75.625 1.0681
32.625 75.875 0.67202
32.625 76.125 -0.10251
32.625 76.375 -0.21573
32.625 76.625 0.12594
32.625 76.875 0.48557
32.625 77.125 0.2715
32.625 77.375 -0.16409
32.625 77.625 -0.54312
32.625 77.875 -0.64742
32.625 78.125 -1.2924
32.625 78.375 -1.3474
32.625 78.625 -1.2264
32.625 78.875 -1.1194
32.625 79.125 -0.65527
32.625 79.375 -0.66352
32.875 74.375 1.7945
32.875 74.625 1.8394
32.875 74.875 1.6981
32.875 75.125 0.80519
32.875 75.375 0.36678
32.875 75.625 0.12765
32.875 75.875 0.069305
32.875 76.125 0.26022
32.875 76.375 -0.020468
32.875 76.625 0.27289
32.875 76.875 0.55617
32.875 77.125 0.29703
32.875 77.375 -0.032811
32.875 77.625 -0.52156
32.875 77.875 -0.75607
32.875 78.125 -0.95185
32.875 78.375 -1.1747
32.875 78.625 -1.0932
32.875 78.875 -0.84028
32.875 79.125 -0.53041
32.875 79.375 -0.18021
33.125 73.875 0.317
33.125 74.125 0.50757
33.125 74.375 1.6744
33.125 74.625 2.2855
33.125 74.875 1.7929
33.125 75.125 0.66348
33.125 75.375 -0.27773
33.125 75.625 -0.38227
33.125 75.875 -0.029895
33.125 76.125 -0.020971
33.125 76.375 0.13981
33.125 76.625 0.2438
33.125 76.875 0.47648
33.125 77.125 0.15059
33.125 77.375 -0.24931
33.125 77.625 -0.43727
33.125 77.875 -0.50719
33.125 78.125 -0.3515
33.125 78.375 -0.66437
33.125 78.625 -0.79328
33.125 78.875 -0.80411
33.125 79.125 -0.50115
33.375 73.875 0.48638
33.375 74.125 0.71843
33.375 74.375 0.27279
33.375 74.625 0.097425
33.375 74.875 0.27181
33.375 75.125 -0.21167
33.375 75.375 0.068131
33.375 75.625 -0.15602
33.375 75.875 0.3305
33.375 76.125 0.41455
33.375 76.375 0.55526
33.375 76.625 0.15657
33.375 76.875 -0.011769
33.375 77.125 0.3294
33.375 77.375 -0.35291
33.375 77.625 -0.62195
33.375 77.875 -0.51711
33.375 78.125 -0.34672
33.375 78.375 -0.37478
33.375 78.625 -0.58875
33.375 78.875 -0.76777
33.625 73.875 -0.482
33.625 74.125 -0.3847
33.625 74.375 -0.85064
33.625 74.625 -0.92129
33.625 74.875 0.23531
33.625 75.125 0.027176
33.625 75.375 0.2449
33.625 75.625 0.055411
33.625 75.875 0.14006
33.625 76.125 -0.18641
33.625 76.375 -0.0085874
33.625 76.625 -0.19661
33.625 76.875 0.1499
33.625 77.125 -0.077408
33.625 77.375 -0.043418
33.625 77.625 -0.27833
33.625 77.875 -0.24622
33.625 78.125 -0.26437
33.625 78.375 -0.50237
33.625 78.625 -0.78244
33.625 78.875 -0.88318
33.875 73.875 -0.40808
33.875 74.125 -0.49143
33.875 74.375 -0.63185
33.875 74.625 -0.164
33.875 74.875 -0.17772
33.875 75.125 0.16561
33.875 75.375 0.47893
33.875 75.625 0.077213
33.875 75.875 -0.23617
33.875 76.125 -0.49594
33.875 76.375 -0.10579
33.875 76.625 -0.13897
33.875 76.875 -0.30486
33.875 77.125 -0.084055
33.875 77.375 -0.1098
33.875 77.625 -0.075865
33.875 77.875 -0.072989
33.875 78.125 -0.37483
33.875 78.375 -0.79091
33.875 78.625 -0.72754
33.875 78.875 -0.69569
34.125 73.625 -0.88214
34.125 73.875 -0.76762
34.125 74.125 -0.55084
34.125 74.375 -1.0022
34.125 74.625 -0.57311
34.125 74.875 -0.70109
34.125 75.125 -0.22216
34.125 75.375 -0.11545
34.125 75.625 -0.29725
34.125 75.875 -0.70903
34.125 76.125 -0.66171
34.125 76.375 -0.27168
34.125 76.625 -0.12544
34.125 76.875 -0.29867
34.125 77.125 -0.20644
34.125 77.375 -0.10179
34.125 77.625 -0.087295
34.125 77.875 -0.073392
34.125 78.125 -0.46116
34.125 78.375 -0.79577
34.125 78.625 -0.75777
34.125 78.875 -0.63706
34.125 79.125 -0.39846
34.125 79.375 -0.50692
34.375 73.625 -0.95915
34.375 73.875 -1.1201
34.375 74.125 -1.2341
34.375 74.375 -1.096
34.375 74.625 -0.92044
34.375 74.875 -0.61969
34.375 75.125 -0.27401
34.375 75.375 -0.56711
34.375 75.625 -0.68756
34.375 75.875 -0.74513
34.375 76.125 -0.59875
34.375 76.375 -0.08068
34.375 76.625 -0.24362
34.375 76.875 -0.48607
34.375 77.125 -0.47051
34.375 77.375 -0.40961
34.375 77.625 -0.1913
34.375 77.875 -0.10808
34.375 78.125 -0.49021
34.375 78.375 -0.36421
34.375 78.625 -0.45001
34.375 78.875 -0.46156
34.375 79.125 -0.43415
34.375 79.375 -0.49969
34.625 73.875 -1.1579
34.625 74.125 -1.3403
34.625 74.375 -1.2479
34.625 74.625 -1.2488
34.625 74.875 -0.87779
34.625 75.125 -0.34104
34.625 75.375 -0.77141
34.625 75.625 -0.90475
34.625 75.875 -0.89394
34.625 76.125 -0.55509
34.625 76.375 -0.55844
34.625 76.625 -0.58316
34.625 76.875 -0.69342
34.625 77.125 -0.71132
34.625 77.375 -0.67303
34.625 77.625 -0.50308
34.625 77.875 -0.57945
34.625 78.125 -0.5755
34.625 78.375 -0.56275
34.625 78.625 -0.62519
34.625 78.875 -0.55652
34.625 79.125 -0.39923
34.625 79.375 -0.25138
34.625 79.625 -0.30238
34.875 74.125 -1.1371
34.875 74.375 -1.2087
34.875 74.625 -1.1508
34.875 74.875 -0.93386
34.875 75.125 -0.93709
34.875 75.375 -1.0432
34.875 75.625 -1.0204
34.875 75.875 -1.0305
34.875 76.125 -0.80285
34.875 76.375 -0.69668
34.875 76.625 -0.7213
34.875 76.875 -0.83078
34.875 77.125 -0.83758
34.875 77.375 -0.82703
34.875 77.625 -0.90747
34.875 77.875 -0.68926
34.875 78.125 -0.62773
34.875 78.375 -0.59085
34.875 78.625 -0.21363
34.875 78.875 -0.31575
34.875 79.125 -0.31882
34.875 79.375 -0.34007
34.875 79.625 -0.12713
34.875 79.875 0.056501
35.125 74.375 -0.86638
35.125 74.625 -0.79386
35.125 74.875 -0.81273
35.125 75.125 -1.1015
35.125 75.375 -1.0706
35.125 75.625 -1.0631
35.125 75.875 -0.98223
35.125 76.125 -1.0915
35.125 76.375 -0.95264
35.125 76.625 -0.81718
35.125 76.875 -1.0049
35.125 77.125 -1.057
35.125 77.375 -1.0556
35.125 77.625 -1.2153
35.125 77.875 -0.93789
35.125 78.125 -0.87441
35.125 78.375 -0.72501
35.125 78.625 -0.20554
35.125 78.875 -0.064437
35.125 79.125 -0.47821
35.125 79.375 -0.40177
35.125 79.625 -0.40482
35.125 79.875 0.53716
35.375 73.875 -0.95532
35.375 74.125 -0.93679
35.375 74.375 -0.76492
35.375 74.625 -0.93246
35.375 74.875 -0.87273
35.375 75.125 -1.0924
35.375 75.375 -1.1413
35.375 75.625 -1.2205
35.375 75.875 -1.2897
35.375 76.125 -1.4152
35.375 76.375 -1.3703
35.375 76.625 -1.1027
35.375 76.875 -1.0364
35.375 77.125 -0.99116
35.375 77.375 -1.0093
35.375 77.625 -1.001
35.375 77.875 -1.0407
35.375 78.125 -1.0652
35.375 78.375 -0.57613
35.375 78.625 -0.43405
35.375 78.875 -0.29064
35.375 79.125 -0.58528
35.375 79.375 -0.23868
35.375 79.625 -0.36171
35.375 79.875 -0.45614
35.375 80.125 NaN
35.625 73.375 -1.0216
35.625 73.625 -1.0382
35.625 73.875 -1.076
35.625 74.125 -1.2416
35.625 74.375 -1.2885
35.625 74.625 -1.1828
35.625 74.875 -1.0601
35.625 75.125 -1.4304
35.625 75.375 -1.6656
35.625 75.625 -1.5961
35.625 75.875 -1.5267
35.625 76.125 -1.6436
35.625 76.375 -1.1833
35.625 76.625 -1.2683
35.625 76.875 -1.2849
35.625 77.125 -1.1052
35.625 78.375 -0.57642
35.625 78.625 -0.72252
35.625 78.875 -0.90058
35.625 79.125 -0.5387
35.625 79.375 -0.35432
35.625 79.625 -0.40076
35.625 79.875 -0.46086
35.625 80.125 -0.1932
35.875 73.125 0.19448
35.875 73.375 -0.25671
35.875 73.625 -0.9136
35.875 73.875 -1.2394
35.875 74.125 -1.1319
35.875 74.375 -1.5662
35.875 74.625 -1.5045
35.875 74.875 -1.5404
35.875 75.125 -1.6337
35.875 75.375 -1.9018
35.875 75.625 -1.9707
35.875 75.875 -1.7818
35.875 76.125 -1.8244
35.875 76.375 -1.6215
35.875 76.625 -1.4815
35.875 79.375 -0.39635
36.125 72.625 0.8839
36.125 72.875 NaN
36.125 73.125 NaN
36.125 73.375 0.13991
36.125 73.625 -0.25429
36.125 73.875 -0.75607
36.125 74.125 -1.2053
36.125 74.375 -1.4734
36.125 74.625 -2.0041
36.125 74.875 -1.6905
36.125 75.125 -1.6535
36.125 75.375 -2.1687
36.125 75.625 -2.271
36.125 75.875 -2.0542
36.125 76.125 -1.5612
36.125 76.375 -1.5871
36.125 76.625 -1.4625
36.375 73.125 0.53707
36.375 73.375 0.40469
36.375 73.625 0.11941
36.375 73.875 -0.23935
36.375 74.125 -0.79119
36.375 74.375 -1.2741
36.375 74.625 -1.6883
36.375 74.875 -1.6739
36.375 75.125 -1.9342
36.375 75.375 -2.0974
36.375 75.625 -2.5492
36.375 75.875 -2.1128
36.375 76.125 -1.2289
36.625 73.375 0.4498
36.625 73.625 0.2729
36.625 73.875 0.022328
36.625 74.125 -0.36405
36.625 74.375 -1.0363
36.625 74.625 -1.4531
36.625 74.875 -1.69
36.625 75.125 -1.7376
36.625 75.375 -1.8996
36.625 75.625 -2.1261
36.875 73.875 0.17259
36.875 74.375 -0.22117
36.875 74.625 -0.82045
36.875 74.875 -1.3464
36.875 75.125 -1.5438
36.875 75.375 -1.8137
