8.125 77.375 0.2141
8.375 77.125 -0.78624
8.375 77.375 -0.25385
8.375 77.625 -0.1947
8.375 77.875 0.36869
8.625 76.875 -0.61783
8.625 77.125 -0.2462
8.625 77.375 -0.15428
8.625 77.625 -0.36659
8.625 77.875 -0.44184
8.875 76.875 -0.33187
8.875 77.125 0.0515
8.875 77.375 -0.45791
8.875 77.625 0.072993
8.875 77.875 -1.1525
9.125 76.625 0.016693
9.125 76.875 0.0020455
9.125 77.125 -0.22612
9.125 77.375 -0.91177
9.125 77.625 -0.65255
9.125 77.875 -0.67721
9.125 78.125 -0.2237
9.125 78.375 NaN
9.375 76.625 0.27448
9.375 76.875 0.13057
9.375 77.125 -0.34233
9.375 77.375 -0.1754
9.375 77.625 -1.1112
9.375 77.875 -0.98253
9.375 78.125 -0.08608
9.375 78.375 -0.18253
9.375 78.625 -0.39642
9.375 78.875 NaN
9.625 76.375 -0.14481
9.625 76.625 0.10185
9.625 76.875 0.2306
9.625 77.125 -0.21857
9.625 77.375 -0.51985
9.625 77.625 -1.2925
9.625 77.875 -0.16135
9.625 78.125 -0.35224
9.625 78.375 -0.15583
9.625 78.625 0.11096
9.875 76.625 -0.2183
9.875 76.875 0.39015
9.875 77.125 0.22315
9.875 77.375 0.48926
9.875 77.625 0.43275
9.875 77.875 0.38513
9.875 78.125 -0.25695
9.875 78.375 0.67956
9.875 78.625 0.61767
9.875 78.875 0.13294
10.125 76.375 -0.24222
10.125 76.625 0.55829
10.125 76.875 3.1958
10.125 77.125 0.3502
10.125 77.375 -0.51861
10.125 77.625 0.35852
10.125 77.875 1.0633
10.125 78.125 -0.26168
10.125 78.375 0.53648
10.125 78.625 -0.14327
10.125 78.875 -0.36881
10.125 79.125 -0.029757
10.375 76.375 -0.21954
10.375 76.625 0.084869
10.375 76.875 1.4544
10.375 77.125 0.93098
10.375 77.375 0.0092536
10.375 77.625 0.46554
10.375 77.875 -0.14479
10.375 78.125 -0.19197
10.375 78.375 0.10185
10.375 78.625 0.037805
10.375 78.875 -0.51534
10.375 79.125 -0.30435
10.375 79.375 NaN
10.375 79.625 NaN
10.625 76.125 -0.19867
10.625 76.375 0.71926
10.625 76.625 0.06558
10.625 76.875 0.96573
10.625 77.125 0.10555
10.625 77.375 0.26576
10.625 77.625 0.35359
10.625 77.875 0.084113
10.625 78.125 -0.0034302
10.625 78.375 -0.7318
10.625 78.625 -0.72215
10.625 78.875 -0.82346
10.625 79.125 0.022477
10.625 79.375 -0.37423
10.625 79.625 -0.76553
10.875 76.125 0.5928
10.875 76.375 1.3811
10.875 76.625 1.2498
10.875 76.875 1.1838
10.875 77.125 -0.028778
10.875 77.375 0.56392
10.875 77.625 -0.027906
10.875 77.875 0.3848
10.875 78.125 -0.14707
10.875 78.375 -0.16106
10.875 78.625 -0.047952
10.875 78.875 -0.55703
10.875 79.125 -1.1652
10.875 79.375 -0.85282
10.875 79.625 -0.54553
11.125 76.125 0.11495
11.125 76.375 0.75721
11.125 76.625 2.1746
11.125 76.875 -0.87814
11.125 77.125 0.49991
11.125 77.375 0.22559
11.125 77.625 0.14318
11.125 77.875 -0.20314
11.125 78.125 -0.54387
11.125 78.375 0.38312
11.125 78.625 -0.13123
11.125 78.875 -0.36688
11.125 79.125 -0.80112
11.125 79.375 -0.45751
11.125 79.625 -0.67881
11.375 75.875 -0.051968
11.375 76.125 0.10377
11.375 76.375 0.12228
11.375 76.625 0.64271
11.375 76.875 1.3711
11.375 77.125 0.41449
11.375 77.375 -0.0038027
11.375 77.625 0.024896
11.375 77.875 0.72691
11.375 78.125 -0.017808
11.375 78.375 -0.011478
11.375 78.625 -0.64345
11.375 78.875 -0.95822
11.375 79.125 -1.0498
11.375 79.375 -0.30649
11.375 79.625 -0.56563
11.625 75.875 0.011119
11.625 76.125 0.69555
11.625 76.375 -0.28423
11.625 76.625 0.87965
11.625 76.875 -0.59795
11.625 77.125 -0.39577
11.625 77.375 0.50559
11.625 77.625 0.045183
11.625 77.875 0.32341
11.625 78.125 -0.56467
11.625 78.375 -0.028642
11.625 78.625 -0.15702
11.625 78.875 -1.2391
11.625 79.125 -0.015213
11.625 79.375 -0.28497
11.625 79.625 NaN
11.875 75.625 NaN
11.875 75.875 -0.59417
11.875 76.125 -0.17815
11.875 76.375 -0.15885
11.875 76.625 0.29021
11.875 76.875 -0.64616
11.875 77.125 0.18513
11.875 77.375 -0.097375
11.875 77.625 -0.051682
11.875 77.875 -0.4575
11.875 78.125 -0.44998
11.875 78.375 -0.098473
11.875 78.625 -0.085175
11.875 78.875 -0.67959
11.875 79.125 1.1526
11.875 79.375 -0.24219
11.875 79.625 -0.13008
12.125 75.375 -0.16187
12.125 75.625 0.13285
12.125 75.875 0.41216
12.125 76.125 0.25079
12.125 76.375 -0.60713
12.125 76.625 -1.0216
12.125 76.875 -0.70522
12.125 77.125 0.16986
12.125 77.375 0.095671
12.125 77.625 -0.27207
12.125 77.875 -0.24551
12.125 78.125 0.87298
12.125 78.375 0.86838
12.125 78.625 -0.42365
12.125 78.875 -0.99243
12.125 79.125 -0.23544
12.125 79.375 -0.2549
12.125 79.625 0.058496
12.375 75.125 -0.66711
12.375 75.375 -0.56804
12.375 75.625 0.053824
12.375 75.875 0.3265
12.375 76.125 0.45294
12.375 76.375 0.076974
12.375 76.625 -0.37721
12.375 76.875 -0.94343
12.375 77.125 -0.87545
12.375 77.375 -0.16589
12.375 77.625 -0.41892
12.375 77.875 0.014311
12.375 78.125 0.75468
12.375 78.375 0.073385
12.375 78.625 -0.30954
12.375 78.875 -0.36221
12.375 79.125 -0.67412
12.375 79.375 -0.84066
12.375 79.625 -0.15579
12.375 79.875 -0.26766
12.625 75.125 -0.45482
12.625 75.375 -0.32029
12.625 75.625 0.042275
12.625 75.875 0.086857
12.625 76.125 0.97469
12.625 76.375 2.3389
12.625 76.625 1.9628
12.625 76.875 -0.18834
12.625 77.125 -0.71609
12.625 77.375 -0.3563
12.625 77.625 0.17986
12.625 77.875 -0.07638
12.625 78.125 -0.22095
12.625 78.375 0.97271
12.625 78.625 0.26344
12.625 78.875 0.77006
12.625 79.125 0.17147
12.625 79.375 -0.66106
12.625 79.625 -0.74564
12.625 79.875 -0.76354
12.875 75.125 1.1591
12.875 75.375 1.5187
12.875 75.625 -0.96504
12.875 75.875 0.10252
12.875 76.125 0.93012
12.875 76.375 2.8586
12.875 76.625 1.5143
12.875 76.875 0.88831
12.875 77.125 0.098146
12.875 77.375 0.62886
12.875 77.625 -0.24952
12.875 77.875 -0.2279
12.875 78.125 -0.018047
12.875 78.375 0.038802
12.875 78.625 -0.35149
12.875 78.875 0.31245
12.875 79.125 -0.28666
12.875 79.375 -0.061186
12.875 79.625 0.13365
12.875 79.875 0.37025
13.125 74.875 NaN
13.125 75.125 1.0611
13.125 75.375 0.10704
13.125 75.625 0.85598
13.125 75.875 1.0023
13.125 76.125 1.4659
13.125 76.375 1.9654
13.125 76.625 1.8537
13.125 76.875 1.0084
13.125 77.125 0.42106
13.125 77.375 0.1592
13.125 77.625 0.16264
13.125 77.875 0.24763
13.125 78.125 0.242
13.125 78.375 -0.29679
13.125 78.625 -0.1254
13.125 78.875 -0.1321
13.125 79.125 0.1432
13.125 79.375 -0.0058389
13.125 79.625 0.15808
13.125 79.875 1.1608
13.125 80.125 0.79849
13.375 74.875 NaN
13.375 75.125 0.96498
13.375 75.375 0.42925
13.375 75.625 1.103
13.375 75.875 1.3797
13.375 76.125 1.8699
13.375 76.375 1.5433
13.375 76.625 2.0807
13.375 76.875 1.2146
13.375 77.125 0.95689
13.375 77.375 0.56905
13.375 77.625 0.64567
13.375 77.875 0.75135
13.375 78.125 0.43614
13.375 78.375 0.4309
13.375 78.625 0.75227
13.375 78.875 1.1961
13.375 79.125 0.1031
13.375 79.375 -0.10117
13.375 79.625 -0.011748
13.375 79.875 0.49002
13.375 80.125 0.71754
13.625 74.875 0.1356
13.625 75.125 1.2486
13.625 75.375 1.0795
13.625 75.625 1.7642
13.625 75.875 1.3518
13.625 76.125 1.4249
13.625 76.375 1.4403
13.625 76.625 0.78658
13.625 76.875 1.3942
13.625 77.125 1.6842
13.625 77.375 1.3181
13.625 77.625 1.8874
13.625 77.875 1.872
13.625 78.125 0.43902
13.625 78.375 -0.19988
13.625 78.625 -0.2912
13.625 78.875 1.151
13.625 79.125 0.89085
13.625 79.375 0.025932
13.625 79.625 -0.70325
13.625 79.875 -0.21486
13.625 80.125 0.70842
13.875 74.875 1.1937
13.875 75.125 1.4394
13.875 75.375 1.5312
13.875 75.625 0.87348
13.875 75.875 1.4375
13.875 76.125 1.3722
13.875 76.375 1.7239
13.875 76.625 2.4952
13.875 76.875 1.6736
13.875 77.125 1.9724
13.875 77.375 2.2418
13.875 77.625 1.5892
13.875 77.875 1.1594
13.875 78.125 1.0698
13.875 78.375 0.076432
13.875 78.625 -0.22217
13.875 78.875 0.68489
13.875 79.125 0.34913
13.875 79.375 -0.60192
13.875 79.625 -1.1272
13.875 79.875 -0.42345
14.125 74.625 1.1928
14.125 74.875 1.7243
14.125 75.125 1.5747
14.125 75.375 2.148
14.125 75.625 1.0332
14.125 75.875 1.7857
14.125 76.125 1.8128
14.125 76.375 3.6442
14.125 76.625 2.5938
14.125 76.875 1.8007
14.125 77.125 1.816
14.125 77.375 2.1483
14.125 77.625 1.1428
14.125 77.875 0.89739
14.125 78.125 -0.046668
14.125 78.375 0.051298
14.125 78.625 0.018075
14.125 78.875 0.31418
14.125 79.125 -0.26909
14.125 79.375 -0.52789
14.125 79.625 -0.13095
14.125 79.875 -0.06786
14.375 74.625 0.69002
14.375 74.875 1.1801
14.375 75.125 1.5569
14.375 75.375 1.3267
14.375 75.625 2.2468
14.375 75.875 2.1888
14.375 76.125 4.1939
14.375 76.375 5.7293
14.375 76.625 2.1823
14.375 76.875 2.4557
14.375 77.125 1.682
14.375 77.375 1.291
14.375 77.625 0.7693
14.375 77.875 0.42646
14.375 78.125 -0.024213
14.375 78.375 0.39628
14.375 78.625 0.041241
14.375 78.875 -0.2838
14.375 79.125 -0.27115
14.375 79.375 -0.1122
14.375 79.625 0.49566
14.375 79.875 0.77862
14.625 74.375 NaN
14.625 74.625 0.73861
14.625 74.875 0.88419
14.625 75.125 1.625
14.625 75.375 0.83603
14.625 75.625 1.2413
14.625 75.875 1.1789
14.625 76.125 1.9575
14.625 76.375 3.0868
14.625 76.625 2.1587
14.625 76.875 2.0216
14.625 77.125 1.5144
14.625 77.375 0.61088
14.625 77.625 0.50941
14.625 77.875 1.3076
14.625 78.125 0.48526
14.625 78.375 0.20621
14.625 78.625 -0.28963
14.625 78.875 -0.041471
14.625 79.125 0.28567
14.625 79.375 0.0050082
14.625 79.625 0.58917
14.625 79.875 0.85316
14.875 74.375 1.5158
14.875 74.625 1.2459
14.875 74.875 1.2775
14.875 75.125 1.033
14.875 75.375 -0.068258
14.875 75.625 0.77198
14.875 75.875 1.1027
14.875 76.125 0.9736
14.875 76.375 0.80292
14.875 76.625 1.5938
14.875 76.875 1.1534
14.875 77.125 0.87263
14.875 77.375 0.99137
14.875 77.625 0.20297
14.875 77.875 0.31354
14.875 78.125 0.30163
14.875 78.375 0.21224
14.875 78.625 -0.066315
14.875 78.875 0.21384
14.875 79.125 0.42322
14.875 79.375 0.23692
14.875 79.625 0.81263
14.875 79.875 0.83331
15.125 74.125 1.6555
15.125 74.375 1.5321
15.125 74.625 0.91842
15.125 74.875 0.83782
15.125 75.125 0.44585
15.125 75.375 0.25667
15.125 75.625 0.40702
15.125 75.875 0.7182
15.125 76.125 0.046005
15.125 76.375 0.62917
15.125 76.625 0.78072
15.125 76.875 0.60367
15.125 77.125 0.18445
15.125 77.375 0.29663
15.125 77.625 0.19354
15.125 77.875 0.15693
15.125 78.125 0.3781
15.125 78.375 0.44588
15.125 78.625 -0.028308
15.125 78.875 -0.25015
15.125 79.125 -0.37992
15.125 79.375 0.78747
15.125 79.625 1.3428
15.125 79.875 1.0794
15.375 73.875 2.0726
15.375 74.125 1.9683
15.375 74.375 2.5091
15.375 74.625 1.2492
15.375 74.875 1.2097
15.375 75.125 0.48745
15.375 75.375 0.70821
15.375 75.625 0.18492
15.375 75.875 0.19369
15.375 76.125 0.31128
15.375 76.375 0.48073
15.375 76.625 -0.14001
15.375 76.875 0.14022
15.375 77.125 -0.20534
15.375 77.375 0.031963
15.375 77.625 0.27331
15.375 77.875 -0.0743
15.375 78.125 -0.13546
15.375 78.375 -0.03304
15.375 78.625 -0.2163
15.375 78.875 -0.0072001
15.375 79.125 0.074161
15.375 79.375 0.297
15.375 79.625 0.49639
15.375 79.875 0.59697
15.625 73.875 1.5376
15.625 74.125 0.59145
15.625 74.375 -0.80877
15.625 74.625 0.78256
15.625 74.875 -0.054552
15.625 75.125 0.89046
15.625 75.375 0.12555
15.625 75.625 -0.23503
15.625 75.875 0.1728
15.625 76.125 0.35789
15.625 76.375 -0.015584
15.625 76.625 -0.17508
15.625 76.875 -0.26252
15.625 77.125 0.020794
15.625 77.375 -0.028745
15.625 77.625 0.52462
15.625 77.875 0.055428
15.625 78.125 0.07235
15.625 78.375 0.027616
15.625 78.625 -0.050349
15.625 78.875 1.3208
15.625 79.125 0.71969
15.625 79.375 0.27548
15.625 79.625 1.0689
15.625 79.875 0.60518
15.625 80.125 0.49256
15.875 73.875 2.0434
15.875 74.125 1.4402
15.875 74.375 0.96376
15.875 74.625 0.30805
15.875 74.875 -0.94676
15.875 75.125 -0.32018
15.875 75.375 0.0089491
15.875 75.625 0.017307
15.875 75.875 0.23967
15.875 76.125 -0.40227
15.875 76.375 -0.31887
15.875 76.625 -0.3963
15.875 76.875 -0.15268
15.875 77.125 0.3099
15.875 77.375 0.61819
15.875 77.625 0.07881
15.875 77.875 1.0438
15.875 78.125 1.4841
15.875 78.375 1.1338
15.875 78.625 1.6236
15.875 78.875 0.40639
15.875 79.125 0.39293
15.875 79.375 1.0837
15.875 79.625 0.68701
15.875 79.875 0.58428
15.875 80.125 0.59397
15.875 80.375 0.75015
15.875 80.625 NaN
15.875 80.875 0.59194
16.125 73.625 2.1104
16.125 73.875 1.5127
16.125 74.125 0.89305
16.125 74.375 0.90625
16.125 74.625 0.88457
16.125 74.875 0.67097
16.125 75.125 -0.53385
16.125 75.375 -1.1566
16.125 75.625 -0.20163
16.125 75.875 -0.20136
16.125 76.125 -0.010544
16.125 76.375 -0.29485
16.125 76.625 -0.44722
16.125 76.875 0.48093
16.125 77.125 0.87231
16.125 77.375 0.97086
16.125 77.625 0.83875
16.125 77.875 0.91961
16.125 78.125 1.9212
16.125 78.375 1.6665
16.125 78.625 1.4088
16.125 78.875 0.7253
16.125 79.125 0.85304
16.125 79.375 1.2176
16.125 79.625 0.99914
16.125 79.875 0.80021
16.125 80.125 1.5912
16.125 80.375 1.2916
16.125 80.625 0.75968
16.125 80.875 0.77582
16.375 73.625 1.1242
16.375 73.875 1.1
16.375 74.125 1.2032
16.375 74.375 1.1715
16.375 74.625 0.3234
16.375 74.875 0.21904
16.375 75.125 0.12925
16.375 75.375 -0.44625
16.375 75.625 -0.23522
16.375 75.875 -0.6506
16.375 76.125 0.13435
16.375 76.375 0.13919
16.375 76.625 -0.63477
16.375 76.875 0.058155
16.375 77.125 0.80106
16.375 77.375 1.0644
16.375 77.625 0.98269
16.375 77.875 0.75899
16.375 78.125 1.4758
16.375 78.375 1.3525
16.375 78.625 0.62027
16.375 78.875 0.73118
16.375 79.125 1.3408
16.375 79.375 0.68063
16.375 79.625 0.86232
16.375 79.875 0.46244
16.375 80.125 0.99832
16.375 80.375 0.91957
16.375 80.625 0.78388
16.375 80.875 0.91839
16.375 81.125 1.1476
16.375 81.375 NaN
16.375 81.625 NaN
16.625 73.625 2.3928
16.625 73.875 1.317
16.625 74.125 0.96355
16.625 74.375 0.090835
16.625 74.625 1.5398
16.625 74.875 0.60652
16.625 75.125 0.20419
16.625 75.375 0.20032
16.625 75.625 0.3978
16.625 75.875 -0.45468
16.625 76.125 -0.28818
16.625 76.375 -0.31456
16.625 76.625 -0.2169
16.625 76.875 -0.29709
16.625 77.125 1.3828
16.625 77.375 1.7109
16.625 77.625 1.0091
16.625 77.875 1.5705
16.625 78.125 1.6219
16.625 78.375 1.0123
16.625 78.625 0.46652
16.625 78.875 0.28094
16.625 79.125 0.60064
16.625 79.375 0.49227
16.625 79.625 0.78763
16.625 79.875 0.97309
16.625 80.125 1.339
16.625 80.375 0.78986
16.625 80.625 1.0359
16.625 80.875 0.61713
16.625 81.125 0.88962
16.625 81.375 0.58456
16.625 81.625 0.54709
16.625 81.875 0.51106
16.625 82.125 0.33079
16.875 73.375 2.2192
16.875 73.625 2.4299
16.875 73.875 1.6971
16.875 74.125 0.44196
16.875 74.375 1.6678
16.875 74.625 1.2062
16.875 74.875 0.42718
16.875 75.125 0.16098
16.875 75.375 -0.076779
16.875 75.625 0.19762
16.875 75.875 -0.40855
16.875 76.125 -0.65391
16.875 76.375 -0.64447
16.875 76.625 -0.50358
16.875 76.875 -0.7597
16.875 77.125 -0.92437
16.875 77.375 1.0639
16.875 77.625 0.15095
16.875 77.875 0.53873
16.875 78.125 -0.020741
16.875 78.375 -0.27403
16.875 78.625 0.13658
16.875 78.875 0.050225
16.875 79.125 0.49726
16.875 79.375 0.48429
16.875 79.625 1.3098
16.875 79.875 0.85518
16.875 80.125 1.6857
16.875 80.375 1.4745
16.875 80.625 1.5283
16.875 80.875 1.251
16.875 81.125 0.57461
16.875 81.375 -0.014542
16.875 81.625 0.297
16.875 81.875 0.023784
16.875 82.125 0.15112
17.125 73.375 2.5091
17.125 73.625 2.234
17.125 73.875 2.1794
17.125 74.125 1.2618
17.125 74.375 0.55168
17.125 74.625 -0.14986
17.125 74.875 -0.24785
17.125 75.125 -0.45248
17.125 75.375 -0.029481
17.125 75.625 -0.087046
17.125 75.875 -0.74224
17.125 76.125 -1.4768
17.125 76.375 -0.35675
17.125 76.625 -0.35585
17.125 76.875 -0.73131
17.125 77.125 -0.41899
17.125 77.375 0.78975
17.125 77.625 0.37589
17.125 77.875 0.33007
17.125 78.125 -0.64902
17.125 78.375 -0.38242
17.125 78.625 -0.083238
17.125 78.875 0.34729
17.125 79.125 1.2052
17.125 79.375 0.85007
17.125 79.625 1.238
17.125 79.875 1.1022
17.125 80.125 1.1115
17.125 80.375 1.3629
17.125 80.625 1.5043
17.125 80.875 1.4907
17.125 81.125 0.95039
17.125 81.375 1.1868
17.125 81.625 -0.049417
17.125 81.875 -0.22701
17.125 82.125 0.46391
17.125 82.375 0.70775
17.375 73.375 1.2221
17.375 73.625 1.3778
17.375 73.875 2.4381
17.375 74.125 0.65206
17.375 74.375 -0.32226
17.375 74.625 -0.74226
17.375 74.875 -0.4791
17.375 75.125 -0.76091
17.375 75.375 -0.67221
17.375 75.625 -0.13871
17.375 75.875 -0.89563
17.375 76.125 -0.85537
17.375 76.375 -0.33833
17.375 76.625 -0.998
17.375 76.875 0.9978
17.375 77.125 0.043897
17.375 77.375 0.24361
17.375 77.625 0.70296
17.375 77.875 0.32357
17.375 78.125 0.61528
17.375 78.375 0.1499
17.375 78.625 0.095515
17.375 78.875 0.60584
17.375 79.125 1.1163
17.375 79.375 1.0778
17.375 79.625 1.208
17.375 79.875 1.2085
17.375 80.125 1.0232
17.375 80.375 1.0397
17.375 80.625 1.2062
17.375 80.875 1.6853
17.375 81.125 1.3951
17.375 81.375 1.0696
17.375 81.625 -0.021635
17.375 81.875 -0.27239
17.375 82.125 0.33384
17.375 82.375 0.85107
17.375 82.625 NaN
17.625 73.375 1.237
17.625 73.625 -0.59688
17.625 73.875 0.93198
17.625 74.125 0.045075
17.625 74.375 -0.49371
17.625 74.625 -0.45939
17.625 74.875 0.17861
17.625 75.125 0.28559
17.625 75.375 -0.57837
17.625 75.625 -0.071923
17.625 75.875 -0.3619
17.625 76.125 0.068728
17.625 76.375 0.33179
17.625 76.625 -0.69842
17.625 76.875 0.90094
17.625 77.125 -0.64309
17.625 77.375 0.29742
17.625 77.625 0.1969
17.625 77.875 0.3845
17.625 78.125 -0.065142
17.625 78.375 0.41031
17.625 78.625 0.89374
17.625 78.875 0.63384
17.625 79.125 0.42256
17.625 79.375 0.54404
17.625 79.625 1.3739
17.625 79.875 1.0512
17.625 80.125 0.97107
17.625 80.375 1.1306
17.625 80.625 0.80101
17.625 80.875 1.64
17.625 81.125 1.5039
17.625 81.375 1.0675
17.625 81.625 -0.36665
17.625 81.875 -0.83703
17.625 82.125 -0.30351
17.625 82.375 0.23235
17.625 82.625 0.3603
17.625 82.875 0.22816
17.625 83.125 0.20776
17.875 73.375 1.4444
17.875 73.625 0.32411
17.875 73.875 1.0666
17.875 74.125 0.48523
17.875 74.375 0.32673
17.875 74.625 0.52726
17.875 74.875 0.61592
17.875 75.125 -0.40563
17.875 75.375 -0.59533
17.875 75.625 0.54995
17.875 75.875 0.87535
17.875 76.125 0.95373
17.875 76.375 1.1529
17.875 76.625 0.50792
17.875 76.875 -0.3209
17.875 77.125 0.60617
17.875 77.375 0.018651
17.875 77.625 0.23586
17.875 77.875 0.66324
17.875 78.125 0.82209
17.875 78.375 0.70444
17.875 78.625 1.4683
17.875 78.875 0.50545
17.875 79.125 0.35514
17.875 79.375 0.46584
17.875 79.625 0.8274
17.875 79.875 1.0002
17.875 80.125 1.0878
17.875 80.375 0.94912
17.875 80.625 0.95912
17.875 80.875 1.6944
17.875 81.125 1.7569
17.875 81.375 1.8631
17.875 81.625 0.412
17.875 81.875 -0.62443
17.875 82.125 -0.58732
17.875 82.375 -0.28518
17.875 82.625 -0.22626
17.875 82.875 -0.23146
17.875 83.125 -0.43334
17.875 83.375 -0.41757
18.125 73.125 NaN
18.125 73.375 0.79192
18.125 73.625 0.6542
18.125 73.875 0.36507
18.125 74.125 0.40299
18.125 74.375 0.47672
18.125 74.625 0.79372
18.125 74.875 1.0389
18.125 75.125 -1.0501
18.125 75.375 0.01643
18.125 75.625 0.35661
18.125 75.875 0.55619
18.125 76.125 1.3565
18.125 76.375 0.95938
18.125 76.625 0.14548
18.125 76.875 0.023844
18.125 77.125 1.4081
18.125 77.375 -0.5067
18.125 77.625 0.29084
18.125 77.875 0.70138
18.125 78.125 0.88078
18.125 78.375 1.4906
18.125 78.625 1.0447
18.125 78.875 1.2357
18.125 79.125 0.69001
18.125 79.375 0.52533
18.125 79.625 1.0132
18.125 79.875 0.8129
18.125 80.125 0.24764
18.125 80.375 0.48413
18.125 80.625 0.30877
18.125 80.875 0.71135
18.125 81.125 1.2028
18.125 81.375 1.2042
18.125 81.625 1.5273
18.125 81.875 1.3368
18.125 82.125 0.21916
18.125 82.375 -0.21085
18.125 82.625 -0.21591
18.125 82.875 -0.48342
18.125 83.125 -0.20436
18.125 83.375 -0.3081
18.125 83.625 0.12142
18.375 73.125 0.47055
18.375 73.375 0.15034
18.375 73.625 0.31929
18.375 73.875 0.057318
18.375 74.125 0.19232
18.375 74.375 0.64879
18.375 74.625 1.1135
18.375 74.875 1.5081
18.375 75.125 0.25627
18.375 75.375 0.91729
18.375 75.625 0.43001
18.375 75.875 -0.060301
18.375 76.125 0.8108
18.375 76.375 0.22836
18.375 76.625 0.058785
18.375 76.875 0.7562
18.375 77.125 0.13117
18.375 77.375 -0.1798
18.375 77.625 -0.44502
18.375 77.875 0.76131
18.375 78.125 0.38042
18.375 78.375 0.2749
18.375 78.625 0.50082
18.375 78.875 -0.4318
18.375 79.125 0.67915
18.375 79.375 0.50641
18.375 79.625 0.64403
18.375 79.875 0.64076
18.375 80.125 0.43063
18.375 80.375 1.3249
18.375 80.625 1.5465
18.375 80.875 -0.58004
18.375 81.125 0.27698
18.375 81.375 0.95673
18.375 81.625 1.6075
18.375 81.875 1.773
18.375 82.125 1.1966
18.375 82.375 0.78049
18.375 82.625 -0.55163
18.375 82.875 -1.0964
18.375 83.125 -0.45824
18.375 83.375 -0.5032
18.375 83.625 -0.27387
18.375 83.875 -0.22724
18.625 73.125 1.6544
18.625 73.375 0.79041
18.625 73.625 0.021154
18.625 73.875 0.20617
18.625 74.125 -0.025049
18.625 74.375 0.12639
18.625 74.625 0.69142
18.625 74.875 1.4325
18.625 75.125 1.177
18.625 75.375 1.3265
18.625 75.625 0.17263
18.625 75.875 0.082629
18.625 76.125 0.4635
18.625 76.375 0.42593
18.625 76.625 0.53015
18.625 76.875 0.42018
18.625 77.125 0.51758
18.625 77.375 -0.21807
18.625 77.625 0.33715
18.625 77.875 0.30493
18.625 78.125 0.55092
18.625 78.375 0.48544
18.625 78.625 -0.40729
18.625 78.875 -0.012642
18.625 79.125 -0.22894
18.625 79.375 0.62541
18.625 79.625 0.38544
18.625 79.875 0.5815
18.625 80.125 0.80313
18.625 80.375 2.4282
18.625 80.625 2.6881
18.625 80.875 -0.0082607
18.625 81.125 -0.32018
18.625 81.375 0.42432
18.625 81.625 0.24514
18.625 81.875 1.1718
18.625 82.125 0.85231
18.625 82.375 0.081869
18.625 82.625 -0.096745
18.625 82.875 -0.43507
18.625 83.125 -0.83513
18.625 83.375 -0.6729
18.625 83.625 -0.77967
18.625 83.875 -0.55933
18.625 84.125 -0.78753
18.875 73.125 1.9613
18.875 73.375 1.1517
18.875 73.625 1.2479
18.875 73.875 0.49494
18.875 74.125 0.30317
18.875 74.375 0.9834
18.875 74.625 0.29386
18.875 74.875 0.65856
18.875 75.125 -0.49766
18.875 75.375 0.080398
18.875 75.625 -0.13911
18.875 75.875 -0.166
18.875 76.125 1.1983
18.875 76.375 0.58748
18.875 76.625 0.77354
18.875 76.875 0.08211
18.875 77.125 0.51096
18.875 77.375 -0.42405
18.875 77.625 0.82455
18.875 77.875 0.69195
18.875 78.125 0.55835
18.875 78.375 0.2756
18.875 78.625 -0.0081069
18.875 78.875 -0.24715
18.875 79.125 -0.31067
18.875 79.375 0.60389
18.875 79.625 0.37141
18.875 79.875 0.64627
18.875 80.125 0.82812
18.875 80.375 2.0706
18.875 80.625 2.5125
18.875 80.875 1.1599
18.875 81.125 0.279
18.875 81.375 0.64247
18.875 81.625 -0.56972
18.875 81.875 0.32198
18.875 82.125 0.29905
18.875 82.375 0.056423
18.875 82.625 -0.90454
18.875 82.875 -1.0783
18.875 83.125 -0.11186
18.875 83.375 -0.79347
18.875 83.625 -0.95924
18.875 83.875 -1.0283
18.875 84.125 -0.94517
18.875 84.375 -0.93658
19.125 73.125 2.0254
19.125 73.375 1.4659
19.125 73.625 0.4993
19.125 73.875 0.65438
19.125 74.125 0.51101
19.125 74.375 0.79884
19.125 74.625 0.4008
19.125 74.875 0.81313
19.125 75.125 -0.0025462
19.125 75.375 0.17425
19.125 75.625 0.21586
19.125 75.875 0.24251
19.125 76.125 0.76057
19.125 76.375 0.53328
19.125 76.625 0.21347
19.125 76.875 -0.1916
19.125 77.125 0.36551
19.125 77.375 -0.039322
19.125 77.625 0.40402
19.125 77.875 0.21265
19.125 78.125 0.32999
19.125 78.375 0.3143
19.125 78.625 0.2835
19.125 78.875 0.34777
19.125 79.125 -0.023051
19.125 79.375 -0.29839
19.125 79.625 0.038946
19.125 79.875 0.27605
19.125 80.125 0.77091
19.125 80.375 1.1521
19.125 80.625 1.6321
19.125 80.875 0.88374
19.125 81.125 0.41637
19.125 81.375 -0.09091
19.125 81.625 -0.60601
19.125 81.875 -0.35778
19.125 82.125 -0.10686
19.125 82.375 -0.24564
19.125 82.625 -1.3701
19.125 82.875 -1.0199
19.125 83.125 -1.0871
19.125 83.375 -1.0165
19.125 83.625 -0.87567
19.125 83.875 -0.93208
19.125 84.125 -0.51764
19.125 84.375 -0.68678
19.125 84.625 -1.0382
19.375 72.875 0.88065
19.375 73.125 0.1775
19.375 73.375 1.7232
19.375 73.625 1.435
19.375 73.875 0.98522
19.375 74.125 0.78723
19.375 74.375 0.75714
19.375 74.625 1.0473
19.375 74.875 0.9186
19.375 75.125 0.18288
19.375 75.375 0.33643
19.375 75.625 0.27696
19.375 75.875 1.0901
19.375 76.125 0.90544
19.375 76.375 0.094012
19.375 76.625 -0.79166
19.375 76.875 -0.84593
19.375 77.125 -0.25793
19.375 77.375 -0.10473
19.375 77.625 0.45269
19.375 77.875 0.090834
19.375 78.125 0.0077847
19.375 78.375 0.11388
19.375 78.625 0.1156
19.375 78.875 0.24078
19.375 79.125 0.24806
19.375 79.375 -0.00071274
19.375 79.625 -0.10029
19.375 79.875 -0.0055396
19.375 80.125 0.72674
19.375 80.375 0.88925
19.375 80.625 0.9153
19.375 80.875 0.65021
19.375 81.125 -0.25424
19.375 81.375 -0.37673
19.375 81.625 -0.91138
19.375 81.875 -0.79775
19.375 82.125 -0.11944
19.375 82.375 -0.50456
19.375 82.625 -0.76657
19.375 82.875 -0.81659
19.375 83.125 -0.73246
19.375 83.375 -1.0136
19.375 83.625 -1.0198
19.375 83.875 -1.0029
19.375 84.125 -0.52225
19.375 84.375 -0.71207
19.375 84.625 -0.97487
19.375 84.875 -0.54155
19.625 72.875 1.5728
19.625 73.125 2.13
19.625 73.375 2.019
19.625 73.625 1.2698
19.625 73.875 0.69935
19.625 74.125 0.25774
19.625 74.375 0.43743
19.625 74.625 1.4266
19.625 74.875 1.6072
19.625 75.125 0.70274
19.625 75.375 0.55164
19.625 75.625 0.25086
19.625 75.875 1.213
19.625 76.125 1.1588
19.625 76.375 -0.18349
19.625 76.625 -1.0629
19.625 76.875 -1.1338
19.625 77.125 -0.63108
19.625 77.375 0.31742
19.625 77.625 0.51807
19.625 77.875 0.14897
19.625 78.125 -0.084805
19.625 78.375 -0.28067
19.625 78.625 -0.18901
19.625 78.875 -0.15207
19.625 79.125 -0.02004
19.625 79.375 -0.44683
19.625 79.625 -0.38124
19.625 79.875 -0.11384
19.625 80.125 0.50409
19.625 80.375 0.74623
19.625 80.625 0.58905
19.625 80.875 0.55199
19.625 81.125 0.41066
19.625 81.375 -0.48418
19.625 81.625 -0.90545
19.625 81.875 -0.83731
19.625 82.125 -1.2175
19.625 82.375 -0.39851
19.625 82.625 -0.5506
19.625 82.875 -0.6703
19.625 83.125 -0.1089
19.625 83.375 -1.2039
19.625 83.625 -1.0745
19.625 83.875 -1.4267
19.625 84.125 -0.82784
19.625 84.375 -0.88138
19.625 84.625 -0.73765
19.625 84.875 -0.61377
19.625 85.125 -1.3493
19.625 85.375 -0.88385
19.875 72.875 1.7867
19.875 73.125 2.2336
19.875 73.375 2.3498
19.875 73.625 1.2547
19.875 73.875 0.61489
19.875 74.125 0.91463
19.875 74.375 0.86889
19.875 74.625 1.0789
19.875 74.875 0.87492
19.875 75.125 0.92251
19.875 75.375 0.82583
19.875 75.625 0.90418
19.875 75.875 0.75272
19.875 76.125 0.70243
19.875 76.375 0.53909
19.875 76.625 0.087817
19.875 76.875 0.45496
19.875 77.125 0.50301
19.875 77.375 0.68263
19.875 77.625 1.163
19.875 77.875 0.61226
19.875 78.125 0.097193
19.875 78.375 0.016148
19.875 78.625 0.038229
19.875 78.875 0.058839
19.875 79.125 0.07005
19.875 79.375 0.069562
19.875 79.625 0.14694
19.875 79.875 0.16293
19.875 80.125 0.65866
19.875 80.375 0.90806
19.875 80.625 0.43715
19.875 80.875 0.37236
19.875 81.125 0.7558
19.875 81.375 0.062637
19.875 81.625 -0.073097
19.875 81.875 -0.35296
19.875 82.125 -0.60544
19.875 82.375 -0.11356
19.875 82.625 -0.6582
19.875 82.875 -0.76138
19.875 83.125 -0.28115
19.875 83.375 -0.86707
19.875 83.625 -0.70554
19.875 83.875 -1.4425
19.875 84.125 -0.94678
19.875 84.375 -0.95096
19.875 84.625 -1.0006
19.875 84.875 -0.11662
19.875 85.125 -0.4924
19.875 85.375 -0.44207
19.875 85.625 NaN
19.875 85.875 NaN
19.875 86.125 NaN
20.125 72.875 2.0932
20.125 73.125 1.0641
20.125 73.375 1.5087
20.125 73.625 2.7959
20.125 73.875 1.5325
20.125 74.125 2.179
20.125 74.375 1.5398
20.125 74.625 1.0461
20.125 74.875 0.31102
20.125 75.125 0.74069
20.125 75.375 0.86461
20.125 75.625 1.1379
20.125 75.875 1.2665
20.125 76.125 0.61567
20.125 76.375 0.40136
20.125 76.625 1.0945
20.125 76.875 0.93998
20.125 77.125 0.78778
20.125 77.375 0.77506
20.125 77.625 1.0639
20.125 77.875 0.24188
20.125 78.125 0.46827
20.125 78.375 0.27153
20.125 78.625 0.33058
20.125 78.875 0.14689
20.125 79.125 0.41023
20.125 79.375 0.72742
20.125 79.625 0.45521
20.125 79.875 0.28709
20.125 80.125 0.28961
20.125 80.375 -0.067679
20.125 80.625 0.32972
20.125 80.875 0.17556
20.125 81.125 -0.2741
20.125 81.375 0.026782
20.125 81.625 0.019978
20.125 81.875 -0.12225
20.125 82.125 0.0098508
20.125 82.375 -0.30088
20.125 82.625 -0.51033
20.125 82.875 -0.29285
20.125 83.125 0.16131
20.125 83.375 -0.41105
20.125 83.625 -0.86629
20.125 83.875 -0.79578
20.125 84.125 -0.57917
20.125 84.375 -1.1057
20.125 84.625 -0.63044
20.125 84.875 -0.29488
20.125 85.125 0.56177
20.125 85.375 -0.28244
20.125 85.625 0.43158
20.125 85.875 -0.80241
20.125 86.125 -0.57035
20.125 86.375 NaN
20.375 73.125 2.5297
20.375 73.375 2.6092
20.375 73.625 2.1239
20.375 73.875 1.9937
20.375 74.125 2.0699
20.375 74.375 1.255
20.375 74.625 1.4019
20.375 74.875 1.6104
20.375 75.125 1.8075
20.375 75.375 1.7091
20.375 75.625 1.487
20.375 75.875 1.7674
20.375 76.125 1.3943
20.375 76.375 1.3728
20.375 76.625 0.73813
20.375 76.875 0.64779
20.375 77.125 0.44251
20.375 77.375 0.55694
20.375 77.625 0.53025
20.375 77.875 0.63628
20.375 78.125 0.75462
20.375 78.375 0.67413
20.375 78.625 0.573
20.375 78.875 0.25026
20.375 79.125 0.15494
20.375 79.375 0.41244
20.375 79.625 0.16936
20.375 79.875 0.46539
20.375 80.125 0.15587
20.375 80.375 -0.53835
20.375 80.625 -0.24607
20.375 80.875 -0.057047
20.375 81.125 -0.098933
20.375 81.375 -0.25602
20.375 81.625 -0.32563
20.375 81.875 -0.16113
20.375 82.125 0.46783
20.375 82.375 -0.12587
20.375 82.625 -0.061259
20.375 82.875 -0.14051
20.375 83.125 -0.47404
20.375 83.375 -0.46239
20.375 83.625 -0.4458
20.375 83.875 -0.62325
20.375 84.125 -0.73324
20.375 84.375 -0.56298
20.375 84.625 -0.93533
20.375 84.875 -0.35172
20.375 85.125 -0.58883
20.375 85.375 -0.36028
20.375 85.625 0.22433
20.375 85.875 -0.034774
20.375 86.125 -0.3691
20.375 86.375 -0.34391
20.375 86.625 NaN
20.625 73.125 2.5619
20.625 73.375 2.2286
20.625 73.625 2.328
20.625 73.875 3.0813
20.625 74.125 2.9909
20.625 74.375 2.2184
20.625 74.625 2.0607
20.625 74.875 1.5154
20.625 75.125 1.6429
20.625 75.375 1.8779
20.625 75.625 1.3714
20.625 75.875 1.7736
20.625 76.125 1.8897
20.625 76.375 1.8887
20.625 76.625 0.9272
20.625 76.875 0.57952
20.625 77.125 0.27427
20.625 77.375 0.017206
20.625 77.625 0.24413
20.625 77.875 0.20279
20.625 78.125 1.457
20.625 78.375 0.96334
20.625 78.625 0.54215
20.625 78.875 0.0082079
20.625 79.125 0.023484
20.625 79.375 0.17715
20.625 79.625 0.53904
20.625 79.875 0.35288
20.625 80.125 -0.031373
20.625 80.375 -0.46994
20.625 80.625 -0.53327
20.625 80.875 0.1971
20.625 81.125 -0.1685
20.625 81.375 -0.69037
20.625 81.625 -0.69494
20.625 81.875 0.047848
20.625 82.125 1.7159
20.625 82.375 0.22978
20.625 82.625 -0.80971
20.625 82.875 -0.69695
20.625 83.125 -0.3708
20.625 83.375 -0.44278
20.625 83.625 -0.48983
20.625 83.875 -0.52762
20.625 84.125 -0.57137
20.625 84.375 -0.58983
20.625 84.625 -0.20155
20.625 84.875 0.022796
20.625 85.125 -0.1763
20.625 85.375 0.30822
20.625 85.625 -0.83119
20.625 85.875 0.49902
20.625 86.125 0.32591
20.625 86.375 0.20639
20.625 86.625 0.19804
20.625 86.875 NaN
20.875 70.625 1.5266
20.875 70.875 0.87135
20.875 71.125 0.51177
20.875 71.375 0.97259
20.875 72.875 2.5531
20.875 73.125 2.5989
20.875 73.375 2.3227
20.875 73.625 2.7135
20.875 73.875 2.3993
20.875 74.125 2.7481
20.875 74.375 2.8292
20.875 74.625 2.5061
20.875 74.875 1.7988
20.875 75.125 1.1853
20.875 75.375 2.0826
20.875 75.625 1.6258
20.875 75.875 1.618
20.875 76.125 2.2925
20.875 76.375 1.0024
20.875 76.625 0.78862
20.875 76.875 0.52166
20.875 77.125 0.2598
20.875 77.375 -0.11171
20.875 77.625 0.29407
20.875 77.875 0.68692
20.875 78.125 0.67566
20.875 78.375 0.69678
20.875 78.625 0.35899
20.875 78.875 0.29247
20.875 79.125 0.53356
20.875 79.375 -0.12363
20.875 79.625 -0.17234
20.875 79.875 0.17251
20.875 80.125 0.26827
20.875 80.375 -0.56211
20.875 80.625 -0.46958
20.875 80.875 -0.33291
20.875 81.125 -0.44115
20.875 81.375 -0.68828
20.875 81.625 -0.64707
20.875 81.875 -0.36501
20.875 82.125 -0.19934
20.875 82.375 0.70653
20.875 82.625 0.072303
20.875 82.875 -0.64432
20.875 83.125 -0.50271
20.875 83.375 -0.55754
20.875 83.625 -0.39727
20.875 83.875 -0.5569
20.875 84.125 -1.1664
20.875 84.375 -1.1669
20.875 84.625 -0.041561
20.875 84.875 0.18882
20.875 85.125 -0.20284
20.875 85.375 -0.27674
20.875 85.625 -0.20117
20.875 85.875 -0.045544
20.875 86.125 0.24038
20.875 86.375 -0.34324
20.875 86.625 -0.040945
21.125 70.375 3.3894
21.125 70.625 2.8487
21.125 70.875 0.99569
21.125 71.125 0.79817
21.125 71.375 0.55606
21.125 71.625 NaN
21.125 71.875 NaN
21.125 72.875 0.5288
21.125 73.125 1.6783
21.125 73.375 2.3659
21.125 73.625 2.0546
21.125 73.875 2.1252
21.125 74.125 1.8835
21.125 74.375 1.5878
21.125 74.625 1.4498
21.125 74.875 1.4688
21.125 75.125 0.86327
21.125 75.375 2.0745
21.125 75.625 1.5811
21.125 75.875 0.75012
21.125 76.125 0.70027
21.125 76.375 0.80472
21.125 76.625 0.36653
21.125 76.875 0.30149
21.125 77.125 0.1296
21.125 77.375 0.31248
21.125 77.625 0.38947
21.125 77.875 1.3608
21.125 78.125 0.37051
21.125 78.375 0.072039
21.125 78.625 -0.72696
21.125 78.875 0.60332
21.125 79.125 0.24874
21.125 79.375 -0.20526
21.125 79.625 -0.19761
21.125 79.875 0.1894
21.125 80.125 -0.25662
21.125 80.375 -0.32709
21.125 80.625 -0.32539
21.125 80.875 -0.63477
21.125 81.125 -1.3216
21.125 81.375 -0.23845
21.125 81.625 -0.88642
21.125 81.875 -0.5681
21.125 82.125 0.37272
21.125 82.375 -0.035519
21.125 82.625 0.11616
21.125 82.875 -0.63183
21.125 83.125 -0.75078
21.125 83.375 -0.65679
21.125 83.625 -0.56018
21.125 83.875 -0.60386
21.125 84.125 -1.059
21.125 84.375 -1.4736
21.125 84.625 -0.48749
21.125 84.875 -0.39229
21.125 85.125 -0.21033
21.125 85.375 -0.53071
21.125 85.625 -0.29122
21.125 85.875 -0.94953
21.125 86.125 -0.28201
21.125 86.375 -0.35234
21.125 86.625 -0.26238
21.375 70.125 2.646
21.375 70.375 2.3219
21.375 70.625 2.7331
21.375 70.875 1.7425
21.375 71.125 1.1666
21.375 71.375 1.0306
21.375 71.625 0.56953
21.375 71.875 0.82913
21.375 72.875 2.942
21.375 73.125 3.2524
21.375 73.375 2.933
21.375 73.625 2.0609
21.375 73.875 2.2693
21.375 74.125 0.47837
21.375 74.375 0.75023
21.375 74.625 1.3542
21.375 74.875 1.4603
21.375 75.125 1.414
21.375 75.375 1.8627
21.375 75.625 1.4737
21.375 75.875 0.82465
21.375 76.125 0.66341
21.375 76.375 0.13497
21.375 76.625 -0.37482
21.375 76.875 0.11836
21.375 77.125 0.57713
21.375 77.375 0.66953
21.375 77.625 0.64968
21.375 77.875 0.21232
21.375 78.125 0.80816
21.375 78.375 1.4523
21.375 78.625 0.2582
21.375 78.875 0.13098
21.375 79.125 -0.024403
21.375 79.375 -0.27234
21.375 79.625 -0.63916
21.375 79.875 0.32232
21.375 80.125 -0.53251
21.375 80.375 -0.69027
21.375 80.625 -0.53915
21.375 80.875 -0.77817
21.375 81.125 -1.3037
21.375 81.375 -0.010876
21.375 81.625 -0.12127
21.375 81.875 0.18565
21.375 82.125 0.43188
21.375 82.375 -0.42254
21.375 82.625 -0.3029
21.375 82.875 -0.46837
21.375 83.125 -0.38668
21.375 83.375 -0.33166
21.375 83.625 -0.58868
21.375 83.875 -0.74496
21.375 84.125 -0.93311
21.375 84.375 -0.90504
21.375 84.625 -0.35431
21.375 84.875 -0.52549
21.375 85.125 -0.5223
21.375 85.375 -0.70864
21.375 85.625 -0.35549
21.375 85.875 -0.032814
21.375 86.125 0.91932
21.375 86.375 -0.022191
21.375 86.625 -0.17958
21.375 86.875 -0.017502
21.625 69.875 2.5384
21.625 70.125 2.5274
21.625 70.375 3.0508
21.625 70.625 2.8534
21.625 70.875 1.8193
21.625 71.125 1.0861
21.625 71.375 2.8934
21.625 71.625 1.7098
21.625 71.875 1.3725
21.625 72.125 1.64
21.625 72.875 2.4131
21.625 73.125 2.3613
21.625 73.375 1.7581
21.625 73.625 1.9581
21.625 73.875 2.0034
21.625 74.125 1.5939
21.625 74.375 0.81661
21.625 74.625 1.5095
21.625 74.875 1.9878
21.625 75.125 1.5848
21.625 75.375 2.099
21.625 75.625 1.9833
21.625 75.875 1.223
21.625 76.125 1.566
21.625 76.375 0.26779
21.625 76.625 -0.35377
21.625 76.875 0.51266
21.625 77.125 1.0747
21.625 77.375 0.88927
21.625 77.625 0.8842
21.625 77.875 -0.023577
21.625 78.125 0.34871
21.625 78.375 1.6944
21.625 78.625 1.3971
21.625 78.875 1.2113
21.625 79.125 -0.071312
21.625 79.375 -0.46747
21.625 79.625 -0.4177
21.625 79.875 -0.20603
21.625 80.125 0.061606
21.625 80.375 -0.010975
21.625 80.625 -0.41921
21.625 80.875 -0.52218
21.625 81.125 -1.296
21.625 81.375 -0.35292
21.625 81.625 -0.12872
21.625 81.875 0.10564
21.625 82.125 0.1169
21.625 82.375 -0.68767
21.625 82.625 -0.2439
21.625 82.875 NaN
21.625 83.125 -0.34094
21.625 83.375 -0.82372
21.625 83.625 -0.79574
21.625 83.875 -0.75847
21.625 84.125 -0.80766
21.625 84.375 -0.52775
21.625 84.625 -0.44525
21.625 84.875 -0.13819
21.625 85.125 -0.36905
21.625 85.375 -0.56
21.625 85.625 -0.45832
21.625 85.875 1.1533
21.625 86.125 0.74235
21.625 86.375 0.5226
21.625 86.625 -0.35416
21.625 86.875 -0.12681
21.625 87.125 0.14559
21.625 87.375 NaN
21.875 69.375 NaN
21.875 69.625 3.5147
21.875 69.875 3.0765
21.875 70.125 3.4393
21.875 70.375 3.9038
21.875 70.625 3.2494
21.875 70.875 2.2824
21.875 71.125 1.3564
21.875 71.375 1.9624
21.875 71.625 1.4398
21.875 71.875 0.93513
21.875 72.125 1.2626
21.875 72.625 NaN
21.875 72.875 1.9281
21.875 73.125 1.2807
21.875 73.375 1.5809
21.875 73.625 1.5018
21.875 73.875 2.0884
21.875 74.125 1.9685
21.875 74.375 0.87162
21.875 74.625 0.98201
21.875 74.875 0.9662
21.875 75.125 0.75395
21.875 75.375 2.4174
21.875 75.625 2.5801
21.875 75.875 1.3996
21.875 76.125 1.3862
21.875 76.375 0.59745
21.875 76.625 0.12194
21.875 76.875 0.7999
21.875 77.125 1.1455
21.875 77.375 0.38249
21.875 77.625 1.1642
21.875 77.875 0.5997
21.875 78.125 0.18066
21.875 78.375 0.58949
21.875 78.625 1.0242
21.875 78.875 1.6836
21.875 79.125 1.3604
21.875 79.375 1.0279
21.875 79.625 0.139
21.875 79.875 0.29966
21.875 80.125 0.78635
21.875 80.375 0.61816
21.875 80.625 0.070015
21.875 80.875 -0.039147
21.875 81.125 -1.0034
21.875 81.375 -0.90126
21.875 81.625 -0.50763
21.875 81.875 -0.75092
21.875 82.125 0.26586
21.875 82.375 -0.34025
21.875 82.625 -0.28735
21.875 82.875 -0.30054
21.875 83.125 -0.10067
21.875 83.375 -0.27607
21.875 83.625 -0.53969
21.875 83.875 -0.22935
21.875 84.125 -0.65764
21.875 84.375 -0.46562
21.875 84.625 -0.32422
21.875 84.875 -0.28156
21.875 85.125 -0.49127
21.875 85.375 -0.40665
21.875 85.625 0.24175
21.875 85.875 1.7734
21.875 86.125 0.5337
21.875 86.375 0.50422
21.875 86.625 -0.08417
21.875 86.875 0.14267
21.875 87.125 0.27642
21.875 87.375 0.091752
21.875 87.625 1.1613
21.875 87.875 1.4349
21.875 88.375 0.98471
21.875 88.625 NaN
21.875 88.875 NaN
22.125 69.125 3.6926
22.125 69.375 4.1143
22.125 69.625 4.1608
22.125 69.875 3.4666
22.125 70.125 3.4135
22.125 70.375 3.4198
22.125 70.625 2.6267
22.125 70.875 3.0118
22.125 71.125 1.1852
22.125 71.375 1.271
22.125 71.625 1.2143
22.125 71.875 0.52604
22.125 72.125 1.0206
22.125 72.625 NaN
22.125 72.875 2.2975
22.125 73.125 1.4209
22.125 73.375 1.0556
22.125 73.625 1.2664
22.125 73.875 2.8486
22.125 74.125 3.7696
22.125 74.375 1.5454
22.125 74.625 1.3202
22.125 74.875 1.5434
22.125 75.125 0.76213
22.125 75.375 0.56821
22.125 75.625 0.9337
22.125 75.875 0.76251
22.125 76.125 0.4362
22.125 76.375 0.59892
22.125 76.625 0.45094
22.125 76.875 0.542
22.125 77.125 1.006
22.125 77.375 0.96365
22.125 77.625 0.6622
22.125 77.875 1.1185
22.125 78.125 0.53097
22.125 78.375 0.19068
22.125 78.625 0.13527
22.125 78.875 1.002
22.125 79.125 1.2226
22.125 79.375 0.73114
22.125 79.625 0.77718
22.125 79.875 1.079
22.125 80.125 1.1435
22.125 80.375 0.58437
22.125 80.625 0.26474
22.125 80.875 -0.26074
22.125 81.125 -1.0213
22.125 81.375 0.43497
22.125 81.625 -0.10722
22.125 81.875 0.12596
22.125 82.125 0.0073206
22.125 82.375 0.15956
22.125 82.625 -0.3206
22.125 82.875 -0.19971
22.125 83.125 -0.3421
22.125 83.375 -0.54721
22.125 83.625 -0.71964
22.125 83.875 -1.0033
22.125 84.125 -0.68629
22.125 84.375 -0.69978
22.125 84.625 -0.43252
22.125 84.875 0.027371
22.125 85.125 -0.38999
22.125 85.375 -0.28328
22.125 85.625 -0.020936
22.125 85.875 0.19668
22.125 86.125 0.70968
22.125 86.375 0.81926
22.125 86.625 1.669
22.125 86.875 1.4294
22.125 87.125 1.1878
22.125 87.375 1.2024
22.125 87.625 1.3052
22.125 87.875 1.68
22.125 88.125 1.0743
22.125 88.375 0.98724
22.125 92.875 NaN
22.375 69.125 3.8605
22.375 69.875 2.0865
22.375 70.125 1.8131
22.375 70.375 1.4267
22.375 70.625 2.4922
22.375 70.875 2.2822
22.375 71.125 1.7775
22.375 71.375 1.8401
22.375 71.625 0.53353
22.375 71.875 0.68995
22.375 72.125 1.8027
22.375 72.625 NaN
22.375 72.875 1.0251
22.375 73.125 0.74009
22.375 73.375 0.75464
22.375 73.625 1.2469
22.375 73.875 2.914
22.375 74.125 1.964
22.375 74.375 2.1088
22.375 74.625 2.0668
22.375 74.875 2.0706
22.375 75.125 1.502
22.375 75.375 1.2555
22.375 75.625 0.58278
22.375 75.875 0.76517
22.375 76.125 0.80078
22.375 76.375 1.1001
22.375 76.625 0.63669
22.375 76.875 0.85182
22.375 77.125 0.79964
22.375 77.375 0.41563
22.375 77.625 0.48015
22.375 77.875 1.4647
22.375 78.125 0.94152
22.375 78.375 0.58822
22.375 78.625 0.15804
22.375 78.875 0.56436
22.375 79.125 1.0518
22.375 79.375 1.2971
22.375 79.625 1.178
22.375 79.875 1.0146
22.375 80.125 0.78624
22.375 80.375 0.61541
22.375 80.625 0.2561
22.375 80.875 -0.027242
22.375 81.125 -0.14512
22.375 81.375 0.75862
22.375 81.625 0.30667
22.375 81.875 0.5615
22.375 82.125 0.81515
22.375 82.375 0.53054
22.375 82.625 -0.36384
22.375 82.875 -0.50207
22.375 83.125 -0.52212
22.375 83.375 -1.1576
22.375 83.625 -1.2493
22.375 83.875 -0.27655
22.375 84.125 0.10468
22.375 84.375 0.094473
22.375 84.625 0.21666
22.375 84.875 0.57253
22.375 85.125 0.34168
22.375 85.375 0.32303
22.375 85.625 -0.12704
22.375 85.875 0.31179
22.375 86.125 0.93482
22.375 86.375 1.3309
22.375 86.625 1.3969
22.375 86.875 1.2345
22.375 87.125 1.312
22.375 87.375 1.4268
22.375 87.625 1.2524
22.375 87.875 1.2104
22.375 88.125 0.37323
22.375 88.375 0.94716
22.375 88.625 1.0047
22.375 88.875 1.011
22.375 92.875 1.0621
22.625 70.375 2.4061
22.625 70.625 3.1987
22.625 70.875 2.2865
22.625 71.125 1.9732
22.625 71.375 1.042
22.625 71.625 0.87431
22.625 71.875 0.47154
22.625 72.125 0.81292
22.625 72.375 1.4661
22.625 72.625 2.5774
22.625 72.875 0.73491
22.625 73.125 0.63333
22.625 73.375 1.9398
22.625 73.625 0.87704
22.625 73.875 0.98157
22.625 74.125 1.4068
22.625 74.375 1.6433
22.625 74.625 2.4038
22.625 74.875 2.2088
22.625 75.125 1.2078
22.625 75.375 1.2533
22.625 75.625 0.34483
22.625 75.875 0.54104
22.625 76.125 0.44571
22.625 76.375 0.7684
22.625 76.625 0.75756
22.625 76.875 1.2322
22.625 77.125 1.146
22.625 77.375 0.20578
22.625 77.625 0.11059
22.625 77.875 1.0667
22.625 78.125 1.0835
22.625 78.375 0.12625
22.625 78.625 0.25379
22.625 78.875 0.55179
22.625 79.125 1.0623
22.625 79.375 1.3133
22.625 79.625 0.97626
22.625 79.875 0.66928
22.625 80.125 0.41993
22.625 80.375 -0.15312
22.625 80.625 -0.34939
22.625 80.875 -0.10948
22.625 81.125 0.76382
22.625 81.375 0.58295
22.625 81.625 1.0903
22.625 81.875 0.51387
22.625 82.125 0.32418
22.625 82.375 -0.7365
22.625 82.625 -1.4025
22.625 82.875 -1.5642
22.625 83.125 -1.2473
22.625 83.375 -0.68234
22.625 83.625 0.18022
22.625 83.875 -0.40722
22.625 84.125 0.37503
22.625 84.375 0.64559
22.625 84.625 0.75389
22.625 84.875 0.70918
22.625 85.125 0.42491
22.625 85.375 0.18935
22.625 85.625 -0.24368
22.625 85.875 0.028759
22.625 86.125 0.75128
22.625 86.375 0.93479
22.625 86.625 1.3665
22.625 86.875 1.2587
22.625 87.125 1.7895
22.625 87.375 1.7063
22.625 87.625 1.7585
22.625 87.875 1.3064
22.625 88.125 1.3118
22.625 88.375 1.2448
22.625 88.625 1.2716
22.625 88.875 1.3077
22.625 92.625 -0.4645
22.625 92.875 0.84369
22.875 69.375 NaN
22.875 69.625 NaN
22.875 69.875 NaN
22.875 70.625 2.2029
22.875 70.875 1.8357
22.875 71.125 1.4534
22.875 71.375 0.38764
22.875 71.625 0.66691
22.875 71.875 0.12265
22.875 72.125 -0.032377
22.875 72.375 1.0542
22.875 72.625 2.0936
22.875 72.875 1.0191
22.875 73.125 1.1849
22.875 73.375 1.2755
22.875 73.625 1.9423
22.875 73.875 1.0975
22.875 74.125 1.5569
22.875 74.375 1.1102
22.875 74.625 1.0447
22.875 74.875 0.66906
22.875 75.125 0.76336
22.875 75.375 0.77574
22.875 75.625 0.4068
22.875 75.875 0.7776
22.875 76.125 -0.070935
22.875 76.375 -0.19629
22.875 76.625 1.1623
22.875 76.875 1.1354
22.875 77.125 0.70729
22.875 77.375 -0.4199
22.875 77.625 0.16496
22.875 77.875 0.39189
22.875 78.125 0.49572
22.875 78.375 0.1905
22.875 78.625 0.323
22.875 78.875 0.5352
22.875 79.125 0.37688
22.875 79.375 -0.045425
22.875 79.625 0.13715
22.875 79.875 1.1049
22.875 80.125 0.45556
22.875 80.375 0.081206
22.875 80.625 -0.24379
22.875 80.875 0.2386
22.875 81.125 0.47921
22.875 81.375 0.36113
22.875 81.625 -0.52563
22.875 81.875 -0.34051
22.875 82.125 -0.032326
22.875 82.375 0.62226
22.875 82.625 -1.0204
22.875 82.875 -0.89803
22.875 83.125 -1.1949
22.875 83.375 0.23025
22.875 83.625 0.50243
22.875 83.875 0.27544
22.875 84.125 0.40828
22.875 84.375 0.24954
22.875 84.625 0.87659
22.875 84.875 0.32928
22.875 85.125 0.74209
22.875 85.375 0.48634
22.875 85.625 -0.37364
22.875 85.875 0.38041
22.875 86.125 0.49254
22.875 86.375 0.79492
22.875 86.625 2.0037
22.875 86.875 2.2651
22.875 87.125 2.2645
22.875 87.375 2.0473
22.875 87.625 1.4672
22.875 87.875 0.59872
22.875 88.125 1.5973
22.875 88.375 1.6151
22.875 88.625 1.4822
22.875 92.625 -0.6725
22.875 92.875 0.42172
23.125 68.875 2.8412
23.125 69.125 2.9176
23.125 69.375 2.7286
23.125 69.625 2.2133
23.125 69.875 1.4243
23.125 70.125 0.96282
23.125 70.875 1.398
23.125 71.125 1.3238
23.125 71.375 0.3377
23.125 71.625 0.92248
23.125 71.875 0.5129
23.125 72.125 2.1598
23.125 72.375 0.67052
23.125 72.625 1.7509
23.125 72.875 0.9304
23.125 73.125 0.74742
23.125 73.375 1.3314
23.125 73.625 1.3407
23.125 73.875 1.0023
23.125 74.125 1.4197
23.125 74.375 1.2704
23.125 74.625 1.4081
23.125 74.875 0.40758
23.125 75.125 0.65113
23.125 75.375 0.99102
23.125 75.625 -0.016656
23.125 75.875 0.49656
23.125 76.125 0.013397
23.125 76.375 -0.18954
23.125 76.625 -0.058593
23.125 76.875 0.45335
23.125 77.125 1.0033
23.125 77.375 0.31689
23.125 77.625 0.14044
23.125 77.875 0.21323
23.125 78.125 0.092019
23.125 78.375 0.19535
23.125 78.625 0.57925
23.125 78.875 0.76495
23.125 79.125 0.49016
23.125 79.375 0.49943
23.125 79.625 -0.24231
23.125 79.875 -0.20996
23.125 80.125 -0.047938
23.125 80.375 -0.12611
23.125 80.625 -0.16374
23.125 80.875 0.34022
23.125 81.125 0.44555
23.125 81.375 -0.3597
23.125 81.625 0.35592
23.125 81.875 -0.1604
23.125 82.125 -0.49411
23.125 82.375 0.24132
23.125 82.625 0.27767
23.125 82.875 0.24608
23.125 83.125 1.2145
23.125 83.375 2.6002
23.125 83.625 3.0674
23.125 83.875 1.7637
23.125 84.125 0.11441
23.125 84.375 0.027591
23.125 84.625 0.29857
23.125 84.875 0.52344
23.125 85.125 0.58061
23.125 85.375 1.0237
23.125 85.625 0.34948
23.125 85.875 0.22477
23.125 86.125 0.56334
23.125 86.375 1.8046
23.125 86.625 1.8505
23.125 86.875 2.7844
23.125 87.125 2.1863
23.125 87.375 1.7111
23.125 87.625 0.9558
23.125 87.875 0.11215
23.125 88.125 -0.2381
23.125 88.375 0.66575
23.125 88.625 0.94645
23.125 91.625 NaN
23.125 92.625 -0.81222
23.125 92.875 -0.52544
23.125 93.125 NaN
23.375 68.875 2.8911
23.375 69.125 2.8652
23.375 69.375 2.5985
23.375 69.625 1.8902
23.375 69.875 1.3429
23.375 70.125 0.75055
23.375 70.375 0.73928
23.375 70.625 0.75338
23.375 70.875 1.0035
23.375 71.125 1.1257
23.375 71.375 0.77929
23.375 71.625 0.69075
23.375 71.875 1.7774
23.375 72.125 2.0563
23.375 72.375 2.1741
23.375 72.625 1.9735
23.375 72.875 1.2736
23.375 73.125 1.4479
23.375 73.375 1.5442
23.375 73.625 0.84713
23.375 73.875 0.41249
23.375 74.125 0.70995
23.375 74.375 0.65099
23.375 74.625 0.71837
23.375 74.875 0.68869
23.375 75.125 0.39651
23.375 75.375 0.24528
23.375 75.625 -0.13938
23.375 75.875 0.30128
23.375 76.125 -0.051943
23.375 76.375 -0.19435
23.375 76.625 -0.022344
23.375 76.875 0.20546
23.375 77.125 0.18948
23.375 77.375 0.22851
23.375 77.625 -0.15293
23.375 77.875 0.15273
23.375 78.125 0.053326
23.375 78.375 0.055537
23.375 78.625 0.78947
23.375 78.875 0.91836
23.375 79.125 0.73278
23.375 79.375 0.92739
23.375 79.625 0.26039
23.375 79.875 0.21057
23.375 80.125 -0.19712
23.375 80.375 -0.10084
23.375 80.625 -0.25166
23.375 80.875 -0.096811
23.375 81.125 -0.095635
23.375 81.375 -0.53277
23.375 81.625 0.28408
23.375 81.875 -0.045353
23.375 82.125 0.017261
23.375 82.375 -0.19478
23.375 82.625 -0.082461
23.375 82.875 0.16545
23.375 83.125 1.4869
23.375 83.375 2.3131
23.375 83.625 2.9587
23.375 83.875 1.3535
23.375 84.125 0.26482
23.375 84.375 0.2577
23.375 84.625 -0.1503
23.375 84.875 0.17806
23.375 85.125 0.75117
23.375 85.375 0.75342
23.375 85.625 0.94063
23.375 85.875 0.36046
23.375 86.125 0.20159
23.375 86.375 1.8511
23.375 86.625 2.5546
23.375 86.875 2.7727
23.375 87.125 1.9166
23.375 87.375 0.82866
23.375 87.625 0.63796
23.375 87.875 -0.13836
23.375 88.125 -0.48301
23.375 88.375 0.1513
23.375 88.625 0.43972
23.375 91.375 0.061988
23.375 91.625 -0.19741
23.375 92.625 -0.83878
23.375 92.875 -0.57046
23.375 93.125 -1.2712
23.625 68.625 1.7312
23.625 68.875 2.0251
23.625 69.125 2.3486
23.625 69.375 2.1194
23.625 69.625 1.8185
23.625 69.875 1.2342
23.625 70.125 0.88554
23.625 70.375 0.7817
23.625 70.625 0.84305
23.625 70.875 0.87273
23.625 71.125 0.88568
23.625 71.375 0.91332
23.625 71.625 0.48484
23.625 71.875 0.54161
23.625 72.125 1.0686
23.625 72.375 0.70834
23.625 72.625 0.95643
23.625 72.875 0.65078
23.625 73.125 0.81832
23.625 73.375 1.0024
23.625 73.625 0.89059
23.625 73.875 0.41095
23.625 74.125 0.50307
23.625 74.375 1.1342
23.625 74.625 0.55282
23.625 74.875 0.92758
23.625 75.125 0.83894
23.625 75.375 1.0794
23.625 75.625 0.81596
23.625 75.875 0.41847
23.625 76.125 0.16143
23.625 76.375 0.70299
23.625 76.625 1.3056
23.625 76.875 1.0423
23.625 77.125 0.79201
23.625 77.375 0.24029
23.625 77.625 -0.41479
23.625 77.875 0.15586
23.625 78.125 -0.067111
23.625 78.375 -0.046847
23.625 78.625 0.68249
23.625 78.875 0.714
23.625 79.125 0.6046
23.625 79.375 0.63118
23.625 79.625 0.3033
23.625 79.875 1.8116
23.625 80.125 -0.037821
23.625 80.375 -0.015484
23.625 80.625 -0.23887
23.625 80.875 -0.0062372
23.625 81.125 0.33707
23.625 81.375 0.45714
23.625 81.625 0.61629
23.625 81.875 0.5176
23.625 82.125 0.40183
23.625 82.375 0.45079
23.625 82.625 1.4641
23.625 82.875 1.906
23.625 83.125 1.4076
23.625 83.375 1.3568
23.625 83.625 1.4885
23.625 83.875 0.6361
23.625 84.125 0.22173
23.625 84.375 0.5215
23.625 84.625 0.431
23.625 84.875 0.077356
23.625 85.125 -0.40048
23.625 85.375 0.67296
23.625 85.625 0.85969
23.625 85.875 2.0457
23.625 86.125 0.11701
23.625 86.375 1.7979
23.625 86.625 2.3662
23.625 86.875 0.83585
23.625 87.125 0.52777
23.625 87.375 1.2678
23.625 87.625 0.095805
23.625 87.875 0.31181
23.625 88.125 -0.30193
23.625 88.375 -0.44636
23.625 91.375 0.035782
23.625 91.625 -0.34889
23.625 91.875 NaN
23.625 92.375 -0.43833
23.625 92.625 -0.46523
23.625 92.875 -1.137
23.625 93.125 -1.5448
23.875 68.875 1.815
23.875 69.125 2.0565
23.875 69.375 2.1335
23.875 69.625 1.811
23.875 69.875 1.1024
23.875 70.125 0.85597
23.875 70.375 0.81333
23.875 70.625 0.80866
23.875 70.875 0.7253
23.875 71.125 0.5563
23.875 71.375 0.49198
23.875 71.625 0.13309
23.875 71.875 1.0193
23.875 72.125 1.2069
23.875 72.375 1.0117
23.875 72.625 0.4336
23.875 72.875 0.33429
23.875 73.125 1.2237
23.875 73.375 1.366
23.875 73.625 1.3369
23.875 73.875 0.55465
23.875 74.125 0.57061
23.875 74.375 1.0423
23.875 74.625 0.9678
23.875 74.875 0.41598
23.875 75.125 0.39632
23.875 75.375 0.63055
23.875 75.625 0.10003
23.875 75.875 0.11622
23.875 76.125 1.1043
23.875 76.375 0.54243
23.875 76.625 1.7256
23.875 76.875 0.58796
23.875 77.125 0.15398
23.875 77.375 -0.025086
23.875 77.625 0.10182
23.875 77.875 0.72106
23.875 78.125 0.61933
23.875 78.375 0.27188
23.875 78.625 0.23092
23.875 78.875 0.58789
23.875 79.125 0.32495
23.875 79.375 0.88965
23.875 79.625 0.45729
23.875 79.875 0.30856
23.875 80.125 -0.018544
23.875 80.375 -0.33661
23.875 80.625 -0.18272
23.875 80.875 0.47653
23.875 81.125 0.65906
23.875 81.375 0.72672
23.875 81.625 0.68302
23.875 81.875 0.65226
23.875 82.125 0.81998
23.875 82.375 0.83093
23.875 82.625 1.7245
23.875 82.875 1.4385
23.875 83.125 0.96042
23.875 83.375 0.39814
23.875 83.625 1.096
23.875 83.875 1.1083
23.875 84.125 0.49381
23.875 84.375 0.16608
23.875 84.625 0.014003
23.875 84.875 0.084603
23.875 85.125 -0.63224
23.875 85.375 -0.27939
23.875 85.625 0.44322
23.875 85.875 0.20584
23.875 86.125 0.44195
23.875 86.375 0.94408
23.875 86.625 1.1506
23.875 86.875 1.4447
23.875 87.125 0.49485
23.875 87.375 0.48444
23.875 87.625 -0.10821
23.875 87.875 -0.30727
23.875 88.125 -0.20918
23.875 88.375 -0.51718
23.875 91.375 -0.35017
23.875 91.625 -0.076975
23.875 91.875 0.35504
23.875 92.125 0.48666
23.875 92.375 0.11636
23.875 92.625 -0.14028
23.875 92.875 -1.6378
23.875 93.125 -1.6309
23.875 93.375 -1.7342
24.125 68.875 1.8126
24.125 69.125 1.9047
24.125 69.375 2.0459
24.125 69.625 1.8175
24.125 69.875 0.97824
24.125 70.125 0.76063
24.125 70.375 0.756
24.125 70.625 0.43518
24.125 70.875 0.35511
24.125 71.125 0.37846
24.125 71.375 -0.10252
24.125 71.625 0.60135
24.125 71.875 0.43645
24.125 72.125 0.48972
24.125 72.375 0.83604
24.125 72.625 0.89254
24.125 72.875 0.53304
24.125 73.125 0.82063
24.125 73.375 0.81947
24.125 73.625 0.61852
24.125 73.875 0.35459
24.125 74.125 0.54804
24.125 74.375 0.63127
24.125 74.625 0.78236
24.125 74.875 0.35348
24.125 75.125 -0.063291
24.125 75.375 0.50538
24.125 75.625 0.078988
24.125 75.875 -0.39965
24.125 76.125 -0.1996
24.125 76.375 -0.021191
24.125 76.625 0.2497
24.125 76.875 0.64695
24.125 77.125 0.32194
24.125 77.375 0.05232
24.125 77.625 0.66211
24.125 77.875 1.5879
24.125 78.125 0.91638
24.125 78.375 0.68801
24.125 78.625 0.49019
24.125 78.875 0.65488
24.125 79.125 0.64008
24.125 79.375 0.66029
24.125 79.625 0.23975
24.125 79.875 0.57679
24.125 80.125 -0.57796
24.125 80.375 -0.44851
24.125 80.625 -0.33844
24.125 80.875 0.26878
24.125 81.125 0.90288
24.125 81.375 0.79494
24.125 81.625 0.72144
24.125 81.875 0.56736
24.125 82.125 0.69279
24.125 82.375 0.93333
24.125 82.625 0.69232
24.125 82.875 0.65038
24.125 83.125 0.83939
24.125 83.375 -0.49307
24.125 83.625 0.024719
24.125 83.875 0.64104
24.125 84.125 0.4154
24.125 84.375 0.26535
24.125 84.625 0.20284
24.125 84.875 0.13561
24.125 85.125 -0.41563
24.125 85.375 0.52805
24.125 85.625 -0.096314
24.125 85.875 0.11057
24.125 86.125 0.15989
24.125 86.375 0.5792
24.125 86.625 0.52908
24.125 86.875 0.61191
24.125 87.125 0.23734
24.125 87.375 -0.30535
24.125 87.625 -0.10222
24.125 87.875 -0.3767
24.125 88.125 -0.29088
24.125 88.375 -0.28821
24.125 91.875 1.1331
24.125 92.125 1.3982
24.125 92.375 0.46385
24.125 92.625 -0.16905
24.125 92.875 -1.3155
24.125 93.125 -1.739
24.125 93.375 -1.8228
24.125 93.625 -1.3543
24.125 93.875 -1.0386
24.125 94.125 NaN
24.375 71.375 -0.093621
24.375 71.625 0.58685
24.375 71.875 0.73581
24.375 72.125 0.51218
24.375 72.375 0.44931
24.375 72.625 0.62634
24.375 72.875 0.36773
24.375 73.125 0.78656
24.375 73.375 1.0807
24.375 73.625 0.9441
24.375 73.875 0.94523
24.375 74.125 0.84492
24.375 74.375 0.46257
24.375 74.625 1.2368
24.375 74.875 0.25513
24.375 75.125 0.046589
24.375 75.375 0.065907
24.375 75.625 -0.029749
24.375 75.875 -0.24184
24.375 76.125 -0.32474
24.375 76.375 -0.034965
24.375 76.625 0.54188
24.375 76.875 0.77889
24.375 77.125 0.80613
24.375 77.375 0.40666
24.375 77.625 0.65451
24.375 77.875 0.95961
24.375 78.125 0.60816
24.375 78.375 0.60801
24.375 78.625 0.56016
24.375 78.875 0.7024
24.375 79.125 0.40971
24.375 79.375 0.29585
24.375 79.625 0.13675
24.375 79.875 -0.55744
24.375 80.125 -0.88004
24.375 80.375 -0.34121
24.375 80.625 -0.7679
24.375 80.875 -0.87431
24.375 81.125 0.15225
24.375 81.375 0.57826
24.375 81.625 0.52734
24.375 81.875 0.35869
24.375 82.125 0.73356
24.375 82.375 0.74961
24.375 82.625 0.37419
24.375 82.875 0.55618
24.375 83.125 0.52504
24.375 83.375 -0.66552
24.375 83.625 -0.37064
24.375 83.875 0.33395
24.375 84.125 0.11856
24.375 84.375 0.29
24.375 84.625 0.045734
24.375 84.875 0.27821
24.375 85.125 0.46811
24.375 85.375 0.73703
24.375 85.625 0.48903
24.375 85.875 -0.3377
24.375 86.125 -0.67772
24.375 86.375 -0.59096
24.375 86.625 0.18896
24.375 86.875 -0.19968
24.375 87.125 -0.57295
24.375 87.375 1.2971
24.375 87.625 0.017874
24.375 87.875 -0.17454
24.375 88.125 -0.42016
24.375 92.375 -0.18481
24.375 92.625 -0.81869
24.375 92.875 -1.3142
24.375 93.125 -1.2276
24.375 93.375 -0.7877
24.375 93.625 -0.83429
24.375 93.875 -0.65509
24.375 94.125 -0.22487
24.625 71.125 0.46294
24.625 71.375 0.62489
24.625 71.625 1.0148
24.625 71.875 0.89744
24.625 72.125 0.50038
24.625 72.375 0.33323
24.625 72.625 0.86096
24.625 72.875 0.61039
24.625 73.125 1.2393
24.625 73.375 1.7498
24.625 73.625 1.1429
24.625 73.875 0.64549
24.625 74.125 0.52078
24.625 74.375 0.72111
24.625 74.625 1.2754
24.625 74.875 0.58914
24.625 75.125 0.33069
24.625 75.375 0.069697
24.625 75.625 -0.18393
24.625 75.875 -0.10288
24.625 76.125 0.35218
24.625 76.375 0.59713
24.625 76.625 0.36485
24.625 76.875 0.49499
24.625 77.125 0.69841
24.625 77.375 0.55462
24.625 77.625 0.21964
24.625 77.875 0.6147
24.625 78.125 0.35008
24.625 78.375 0.60165
24.625 78.625 0.40069
24.625 78.875 0.35919
24.625 79.125 0.36754
24.625 79.375 0.17722
24.625 79.625 0.035693
24.625 79.875 -0.25111
24.625 80.125 -0.22949
24.625 80.375 -0.37846
24.625 80.625 0.041144
24.625 80.875 -1.1484
24.625 81.125 -1.2433
24.625 81.375 -0.69528
24.625 81.625 0.5293
24.625 81.875 0.59985
24.625 82.125 -0.16042
24.625 82.375 0.17552
24.625 82.625 0.26106
24.625 82.875 0.25574
24.625 83.125 -0.12159
24.625 83.375 -0.48763
24.625 83.625 -0.24138
24.625 83.875 -0.38558
24.625 84.125 -0.2483
24.625 84.375 -0.26005
24.625 84.625 -0.27092
24.625 84.875 0.24041
24.625 85.125 0.36554
24.625 85.375 0.15287
24.625 85.625 0.059926
24.625 85.875 -0.0011649
24.625 86.125 -0.27348
24.625 86.375 -0.53693
24.625 86.625 0.22696
24.625 86.875 0.050844
24.625 87.125 0.60556
24.625 87.375 -0.028021
24.625 87.625 -0.14893
24.625 87.875 -0.27965
24.625 92.375 0.095717
24.625 92.625 -1.2866
24.625 92.875 -1.0047
24.625 93.125 -0.24501
24.625 93.375 0.0087822
24.625 93.625 0.02324
24.625 93.875 0.16741
24.625 94.125 0.19619
24.625 94.375 NaN
24.875 71.125 1.2498
24.875 71.375 0.81469
24.875 71.625 0.98456
24.875 71.875 -0.017027
24.875 72.125 0.014886
24.875 72.375 0.21422
24.875 72.625 0.61587
24.875 72.875 0.63197
24.875 73.125 0.63561
24.875 73.375 0.92614
24.875 73.625 0.97085
24.875 73.875 0.62184
24.875 74.125 0.89139
24.875 74.375 -0.14272
24.875 74.625 0.48743
24.875 74.875 0.37698
24.875 75.125 0.37796
24.875 75.375 0.3221
24.875 75.625 0.059348
24.875 75.875 0.45586
24.875 76.125 0.80527
24.875 76.375 1.0925
24.875 76.625 1.1176
24.875 76.875 1.0585
24.875 77.125 1.4926
24.875 77.375 1.3843
24.875 77.625 0.49059
24.875 77.875 0.3219
24.875 78.125 0.1268
24.875 78.375 1.3339
24.875 78.625 0.61109
24.875 78.875 0.27263
24.875 79.125 0.18045
24.875 79.375 0.13203
24.875 79.625 -0.16389
24.875 79.875 -0.037524
24.875 80.125 -0.28045
24.875 80.375 0.018094
24.875 80.625 0.31732
24.875 80.875 -0.61531
24.875 81.125 -1.2992
24.875 81.375 -1.2794
24.875 81.625 -0.63825
24.875 81.875 -0.41058
24.875 82.125 -0.38121
24.875 82.375 -1.1697
24.875 82.625 -0.88077
24.875 82.875 -1.0367
24.875 83.125 -0.95728
24.875 83.375 -1.0508
24.875 83.625 -0.46882
24.875 83.875 -0.53214
24.875 84.125 -0.60298
24.875 84.375 -1.2264
24.875 84.625 -1.1797
24.875 84.875 -0.2453
24.875 85.125 0.5014
24.875 85.375 -0.4429
24.875 85.625 0.52321
24.875 85.875 0.41616
24.875 86.125 -0.31072
24.875 86.375 0.11415
24.875 86.625 0.28647
24.875 86.875 -0.098992
24.875 87.125 0.02858
24.875 87.375 -0.12369
24.875 87.625 -0.30467
24.875 87.875 -0.32766
24.875 88.125 -0.18516
24.875 92.625 -0.31958
24.875 92.875 -0.24376
24.875 93.125 0.018726
24.875 93.375 0.21056
24.875 93.625 0.2328
24.875 93.875 0.2551
24.875 94.125 0.20865
24.875 94.375 0.11134
25.125 71.125 1.1664
25.125 71.375 1.0723
25.125 71.625 1.2045
25.125 71.875 0.10755
25.125 72.125 -0.14845
25.125 72.375 0.70747
25.125 72.625 0.62447
25.125 72.875 0.69248
25.125 73.125 0.61971
25.125 73.375 0.82615
25.125 73.625 1.1665
25.125 73.875 1.2748
25.125 74.125 1.1855
25.125 74.375 0.47943
25.125 74.625 1.2396
25.125 74.875 0.4719
25.125 75.125 0.58043
25.125 75.375 0.64012
25.125 75.625 0.85725
25.125 75.875 -0.12701
25.125 76.125 0.76157
25.125 76.375 1.2432
25.125 76.625 1.297
25.125 76.875 1.1681
25.125 77.125 1.6025
25.125 77.375 1.846
25.125 77.625 1.2911
25.125 77.875 1.1265
25.125 78.125 0.78553
25.125 78.375 1.242
25.125 78.625 0.50095
25.125 78.875 -0.062229
25.125 79.125 0.039333
25.125 79.375 -0.21121
25.125 79.625 -0.49441
25.125 79.875 -0.31533
25.125 80.125 -0.30091
25.125 80.375 0.85464
25.125 80.625 0.48016
25.125 80.875 -0.12894
25.125 81.125 -0.93899
25.125 81.375 -0.47952
25.125 81.625 -1.039
25.125 81.875 -0.88394
25.125 82.125 -0.61317
25.125 82.375 -0.56595
25.125 82.625 -0.6608
25.125 82.875 -0.98992
25.125 83.125 -0.95776
25.125 83.375 -1.1375
25.125 83.625 -0.65218
25.125 83.875 -0.47867
25.125 84.125 -0.40476
25.125 84.375 -0.92557
25.125 84.625 -1.0569
25.125 84.875 -1.1822
25.125 85.125 -0.20072
25.125 85.375 0.053777
25.125 85.625 -0.29813
25.125 85.875 -0.61689
25.125 86.125 -0.29894
25.125 86.375 -0.11298
25.125 86.625 -0.13769
25.125 86.875 -0.55104
25.125 87.125 -0.64505
25.125 87.375 -0.23703
25.125 87.625 -0.3116
25.125 87.875 -0.5642
25.125 88.125 -0.23087
25.125 88.375 -0.28203
25.125 92.375 -0.61964
25.125 92.625 -0.24624
25.125 92.875 -0.21945
25.125 93.125 0.09024
25.125 93.375 -0.083149
25.125 93.625 -0.058144
25.125 93.875 0.036743
25.125 94.125 -0.038444
25.125 94.375 -0.16103
25.375 70.875 0.6404
25.375 71.125 0.84064
25.375 71.375 1.0055
25.375 71.625 1.9313
25.375 71.875 1.2616
25.375 72.125 0.37775
25.375 72.375 0.69243
25.375 72.625 0.72587
25.375 72.875 1.0854
25.375 73.125 1.2399
25.375 73.375 1.3878
25.375 73.625 1.928
25.375 73.875 1.7782
25.375 74.125 1.8806
25.375 74.375 1.7221
25.375 74.625 1.8214
25.375 74.875 1.6274
25.375 75.125 1.6971
25.375 75.375 1.5431
25.375 75.625 1.3207
25.375 75.875 0.68756
25.375 76.125 1.6105
25.375 76.375 2.0628
25.375 76.625 1.2774
25.375 76.875 0.83061
25.375 77.125 0.82267
25.375 77.375 1.1324
25.375 77.625 1.9625
25.375 77.875 1.9942
25.375 78.125 1.326
25.375 78.375 1.2392
25.375 78.625 0.32023
25.375 78.875 -0.56051
25.375 79.125 -0.52408
25.375 79.375 -0.17337
25.375 79.625 -0.39976
25.375 79.875 0.88012
25.375 80.125 1.1767
25.375 80.375 -0.29456
25.375 80.625 0.039017
25.375 80.875 -0.77354
25.375 81.125 -0.72885
25.375 81.375 -0.27795
25.375 81.625 -0.49096
25.375 81.875 -0.80944
25.375 82.125 -0.58649
25.375 82.375 -0.70981
25.375 82.625 -0.88613
25.375 82.875 -1.3118
25.375 83.125 -0.5011
25.375 83.375 -0.14724
25.375 83.625 -0.42616
25.375 83.875 -0.56842
25.375 84.125 -0.58815
25.375 84.375 -1.2294
25.375 84.625 -0.68834
25.375 84.875 -0.86702
25.375 85.125 -1.1706
25.375 85.375 -1.2256
25.375 85.625 -0.20564
25.375 85.875 0.16105
25.375 86.125 -0.031719
25.375 86.375 0.50613
25.375 86.625 0.32899
25.375 86.875 -0.06184
25.375 87.125 -0.53226
25.375 87.375 -0.5137
25.375 87.625 -0.63423
25.375 87.875 -0.82478
25.375 88.125 -0.4662
25.375 88.375 -0.70415
25.375 88.625 -0.8657
25.375 90.125 0.41644
25.375 90.375 0.27206
25.375 90.625 -0.11352
25.375 90.875 -0.12579
25.375 91.125 0.052224
25.375 91.375 0.046065
25.375 91.625 -0.44523
25.375 91.875 -0.65386
25.375 92.125 -0.77768
25.375 92.375 -0.33311
25.375 92.625 0.005624
25.375 92.875 0.068108
25.375 93.125 -0.33021
25.375 93.375 -0.5075
25.375 93.625 -0.22885
25.375 93.875 -0.43202
25.375 94.125 -0.25282
25.375 94.375 -0.10536
25.625 70.875 0.84883
25.625 71.125 1.0247
25.625 71.375 1.1447
25.625 71.625 1.923
25.625 71.875 1.8676
25.625 72.125 0.88485
25.625 72.375 0.75531
25.625 72.625 0.81911
25.625 72.875 1.0966
25.625 73.125 1.6314
25.625 73.375 1.7028
25.625 73.625 2.1977
25.625 73.875 1.3922
25.625 74.125 2.1665
25.625 74.375 1.8773
25.625 74.625 2.0154
25.625 74.875 1.882
25.625 75.125 2.9249
25.625 75.375 2.2555
25.625 75.625 1.7784
25.625 75.875 2.0439
25.625 76.125 2.0772
25.625 76.375 2.0473
25.625 76.625 1.408
25.625 76.875 0.85172
25.625 77.125 1.3324
25.625 77.375 1.7633
25.625 77.625 2.0833
25.625 77.875 1.8092
25.625 78.125 1.1718
25.625 78.375 0.61186
25.625 78.625 0.10769
25.625 78.875 -0.40644
25.625 79.125 0.32026
25.625 79.375 0.7027
25.625 79.625 0.79188
25.625 79.875 0.97798
25.625 80.125 1.1222
25.625 80.375 -0.69177
25.625 80.625 -1.0582
25.625 80.875 -0.9887
25.625 81.125 -0.82633
25.625 81.375 -0.7086
25.625 81.625 0.61879
25.625 81.875 -0.11216
25.625 82.125 -0.6359
25.625 82.375 -0.75072
25.625 82.625 -0.50053
25.625 82.875 -0.94138
25.625 83.125 -0.60502
25.625 83.375 -0.73211
25.625 83.625 -0.13509
25.625 83.875 -0.63461
25.625 84.125 -1.5543
25.625 84.375 -1.5299
25.625 84.625 -1.2781
25.625 84.875 -1.2612
25.625 85.125 -1.7297
25.625 85.375 -1.1158
25.625 85.625 -0.53351
25.625 85.875 -0.90254
25.625 86.125 -1.3201
25.625 86.375 -1.1816
25.625 86.625 -1.6557
25.625 86.875 -0.81284
25.625 87.125 -0.59559
25.625 87.375 -0.59129
25.625 87.625 -0.82738
25.625 87.875 -0.84389
25.625 88.125 -1.1267
25.625 90.125 0.65705
25.625 90.375 0.74511
25.625 90.625 0.59865
25.625 90.875 0.107
25.625 91.125 0.74782
25.625 91.375 0.05312
25.625 91.625 -0.26926
25.625 91.875 -0.44474
25.625 92.125 -0.40834
25.625 92.375 -0.21491
25.625 92.625 -0.057229
25.625 92.875 -0.21788
25.625 93.125 -0.73145
25.625 93.375 -1.1209
25.625 93.625 -0.60406
25.625 93.875 -0.33309
25.625 94.125 -0.019816
25.625 94.375 -0.019928
25.625 94.625 NaN
25.625 94.875 NaN
25.875 70.375 0.85987
25.875 70.625 0.95831
25.875 70.875 1.4519
25.875 71.125 1.572
25.875 71.375 1.4281
25.875 71.625 1.681
25.875 71.875 1.6771
25.875 72.125 1.6305
25.875 72.375 1.4015
25.875 72.625 1.4555
25.875 72.875 1.2933
25.875 73.125 1.9075
25.875 73.375 2.3109
25.875 73.625 2.9165
25.875 73.875 3.2492
25.875 74.125 2.3996
25.875 74.375 2.0258
25.875 74.625 1.4174
25.875 74.875 1.0378
25.875 75.125 1.212
25.875 75.375 1.2717
25.875 75.625 2.049
25.875 75.875 1.9937
25.875 76.125 1.5054
25.875 76.375 2.1453
25.875 76.625 1.752
25.875 76.875 1.1439
25.875 77.125 1.906
25.875 77.375 1.821
25.875 77.625 1.9772
25.875 77.875 0.84282
25.875 78.125 1.1565
25.875 78.375 0.7939
25.875 78.625 0.56123
25.875 78.875 -0.058037
25.875 79.125 0.61516
25.875 79.375 0.65673
25.875 79.625 0.4234
25.875 79.875 0.24869
25.875 80.125 -0.16989
25.875 80.375 -1.1653
25.875 80.625 -1.0543
25.875 80.875 -1.0768
25.875 81.125 -0.69044
25.875 81.375 -0.267
25.875 81.625 0.76885
25.875 81.875 0.14125
25.875 82.125 -0.69277
25.875 82.375 -0.96484
25.875 82.625 -0.61674
25.875 82.875 0.0072773
25.875 83.125 -0.68304
25.875 83.375 -1.3039
25.875 83.625 -0.83053
25.875 83.875 -1.5217
25.875 84.125 -1.1087
25.875 84.375 -1.8294
25.875 84.625 -1.6325
25.875 84.875 -1.1753
25.875 85.125 -1.1746
25.875 85.375 -0.93123
25.875 85.625 -0.6578
25.875 85.875 -1.3068
25.875 86.125 -0.72869
25.875 86.375 -1.0162
25.875 86.625 -0.96195
25.875 86.875 -0.49205
25.875 87.125 -0.23506
25.875 87.375 -0.67707
25.875 87.625 -0.54106
25.875 87.875 -0.94688
25.875 90.125 -0.34844
25.875 90.375 -0.11779
25.875 90.625 0.67492
25.875 90.875 0.12901
25.875 91.125 -0.43276
25.875 91.375 0.24554
25.875 91.625 -0.020333
25.875 91.875 -0.8896
25.875 92.125 -0.69852
25.875 92.375 -0.47518
25.875 92.625 -0.35956
25.875 92.875 -0.25315
25.875 93.125 -1.6004
25.875 93.375 -1.7726
25.875 93.625 -1.0969
25.875 93.875 0.11817
25.875 94.125 0.14238
25.875 94.375 -0.013055
25.875 94.625 -0.11952
25.875 94.875 -0.2417
26.125 70.375 1.4282
26.125 70.625 1.8306
26.125 70.875 2.0259
26.125 71.125 1.6637
26.125 71.375 1.9461
26.125 71.625 2.2044
26.125 71.875 2.5551
26.125 72.125 2.7068
26.125 72.375 2.3372
26.125 72.625 1.4585
26.125 72.875 1.2812
26.125 73.125 1.3888
26.125 73.375 1.4604
26.125 73.625 2.3315
26.125 73.875 3.3175
26.125 74.125 3.3761
26.125 74.375 3.1797
26.125 74.625 2.2978
26.125 74.875 1.5355
26.125 75.125 2.1222
26.125 75.375 1.4842
26.125 75.625 1.7578
26.125 75.875 2.0115
26.125 76.125 2.17
26.125 76.375 2.5852
26.125 76.625 2.4994
26.125 76.875 1.0196
26.125 77.125 1.1402
26.125 77.375 0.57619
26.125 77.625 1.6385
26.125 77.875 1.5241
26.125 78.125 1.9171
26.125 78.375 2.217
26.125 78.625 1.6387
26.125 78.875 0.33899
26.125 79.125 0.54222
26.125 79.375 0.78698
26.125 79.625 -0.57418
26.125 79.875 -0.94385
26.125 80.125 -0.44563
26.125 80.375 -0.88612
26.125 80.625 -1.3316
26.125 80.875 0.19996
26.125 81.125 -0.34619
26.125 81.375 -1.0994
26.125 81.625 1.0516
26.125 81.875 0.25897
26.125 82.125 -0.88111
26.125 82.375 -0.89222
26.125 82.625 -0.54198
26.125 82.875 -0.32606
26.125 83.125 -0.69367
26.125 83.375 -1.1667
26.125 83.625 -1.3329
26.125 83.875 -1.1636
26.125 84.125 -1.1357
26.125 84.375 -1.5567
26.125 84.625 -1.6031
26.125 84.875 -1.498
26.125 85.125 -0.71818
26.125 85.375 -1.3604
26.125 85.625 -1.2184
26.125 85.875 -0.93879
26.125 86.125 -0.47536
26.125 86.375 -0.56198
26.125 86.625 -0.17695
26.125 86.875 0.15199
26.125 87.125 0.058072
26.125 87.375 0.09699
26.125 87.625 -0.67269
26.125 87.875 -1.155
26.125 88.125 -1.3248
26.125 89.375 -0.4493
26.125 89.875 -0.0093721
26.125 90.125 -0.57767
26.125 90.375 -0.038605
26.125 90.625 0.65632
26.125 90.875 -0.13155
26.125 91.125 -0.54088
26.125 91.375 -0.13805
26.125 91.625 -0.63518
26.125 91.875 -0.7618
26.125 92.125 -0.38508
26.125 92.375 -0.28418
26.125 92.625 0.13947
26.125 92.875 -0.93752
26.125 93.125 -1.4787
26.125 93.375 -0.73191
26.125 93.625 -0.53566
26.125 93.875 0.58751
26.125 94.125 0.44315
26.125 94.375 0.090966
26.125 94.625 -0.21142
26.125 94.875 0.034174
26.375 70.375 1.7314
26.375 70.625 1.9805
26.375 70.875 2.4034
26.375 71.125 2.4417
26.375 71.375 2.7813
26.375 71.625 3.3411
26.375 71.875 3.1316
26.375 72.125 2.8145
26.375 72.375 2.6975
26.375 72.625 1.8207
26.375 72.875 1.5883
26.375 73.125 1.0497
26.375 73.375 1.0094
26.375 73.625 1.8853
26.375 73.875 2.3834
26.375 74.125 2.9179
26.375 74.375 1.9465
26.375 74.625 -0.23182
26.375 74.875 1.3366
26.375 75.125 1.8341
26.375 75.375 2.2189
26.375 75.625 2.0031
26.375 75.875 2.3799
26.375 76.125 2.3735
26.375 76.375 2.0105
26.375 76.625 2.9149
26.375 76.875 2.4028
26.375 77.125 1.5722
26.375 77.375 1.4856
26.375 77.625 1.9902
26.375 77.875 1.6482
26.375 78.125 1.9873
26.375 78.375 1.3031
26.375 78.625 1.2519
26.375 78.875 1.648
26.375 79.125 2.0899
26.375 79.375 -0.44684
26.375 79.625 -0.79658
26.375 79.875 -0.15617
26.375 80.125 0.16508
26.375 80.375 -0.83774
26.375 80.625 -0.69925
26.375 80.875 -0.23671
26.375 81.125 -0.84181
26.375 81.375 -1.4506
26.375 81.625 -1.2185
26.375 81.875 -1.0485
26.375 82.125 -0.82658
26.375 82.375 -0.25208
26.375 82.625 -0.16379
26.375 82.875 -0.082151
26.375 83.125 -0.015108
26.375 83.375 -0.87944
26.375 83.625 -1.0776
26.375 83.875 -0.95342
26.375 84.125 -0.72089
26.375 84.375 -0.75204
26.375 84.625 -0.64296
26.375 84.875 -1.2139
26.375 85.125 -0.89982
26.375 85.375 -1.2322
26.375 85.625 -1.0462
26.375 85.875 -1.124
26.375 86.125 -1.286
26.375 86.375 -0.52155
26.375 86.625 -0.45555
26.375 86.875 -0.21706
26.375 87.125 -0.66807
26.375 87.625 -1.8387
26.375 87.875 -1.0513
26.375 88.125 -0.86649
26.375 88.375 -1.3503
26.375 88.875 -0.45575
26.375 89.375 -0.52648
26.375 89.625 -0.35066
26.375 89.875 -0.43902
26.375 90.125 -0.20988
26.375 90.375 -0.0049585
26.375 90.625 -0.045379
26.375 90.875 -0.34713
26.375 91.125 -0.5118
26.375 91.375 -0.34126
26.375 91.625 -0.68805
26.375 91.875 -0.42122
26.375 92.125 0.2
26.375 92.375 -0.064788
26.375 92.625 -0.11637
26.375 92.875 -0.74859
26.375 93.125 -1.1196
26.375 93.375 -0.93931
26.375 93.625 -0.77249
26.375 93.875 -0.076389
26.375 94.125 -0.033578
26.375 94.375 -0.31369
26.375 94.625 -0.38007
26.375 94.875 0.24947
26.625 69.875 1.4089
26.625 70.125 1.5451
26.625 70.375 1.6896
26.625 70.625 1.6936
26.625 70.875 1.8029
26.625 71.125 2.0556
26.625 71.375 3.1532
26.625 71.625 3.415
26.625 71.875 3.3651
26.625 72.125 2.7396
26.625 72.375 2.1691
26.625 72.625 2.2117
26.625 72.875 1.774
26.625 73.125 1.2612
26.625 73.375 0.86518
26.625 73.625 1.4953
26.625 73.875 2.0993
26.625 74.125 1.6404
26.625 74.375 1.684
26.625 74.625 0.85208
26.625 74.875 0.92073
26.625 75.125 0.94706
26.625 75.375 2.9069
26.625 75.625 2.8945
26.625 75.875 2.2872
26.625 76.125 3.3415
26.625 76.375 2.0383
26.625 76.625 2.1986
26.625 76.875 1.9429
26.625 77.125 1.8859
26.625 77.375 2.0161
26.625 77.625 2.6962
26.625 77.875 1.881
26.625 78.125 1.9244
26.625 78.375 1.501
26.625 78.625 0.90515
26.625 78.875 0.30513
26.625 79.125 -0.25426
26.625 79.375 0.21825
26.625 79.625 -0.1712
26.625 79.875 -0.50488
26.625 80.125 -0.77914
26.625 80.375 -0.15523
26.625 80.625 -0.18658
26.625 80.875 -0.19114
26.625 81.125 -0.82458
26.625 81.375 -1.1013
26.625 81.625 -0.88762
26.625 81.875 0.25624
26.625 82.125 0.21378
26.625 82.375 0.47589
26.625 82.625 -0.56725
26.625 82.875 -0.55866
26.625 83.125 -0.36815
26.625 83.375 -1.076
26.625 83.625 -1.1389
26.625 83.875 -1.2131
26.625 84.125 -0.27731
26.625 84.375 -0.37447
26.625 84.625 -0.46068
26.625 84.875 -1.3464
26.625 85.125 -0.66339
26.625 85.375 -1.1143
26.625 85.625 -1.1475
26.625 86.125 -1.2913
26.625 88.375 -0.036616
26.625 88.625 0.24684
26.625 88.875 -0.93094
26.625 89.125 -0.72491
26.625 89.375 -0.89555
26.625 89.625 -0.59629
26.625 89.875 -0.75454
26.625 90.125 -0.56384
26.625 90.375 -0.54044
26.625 90.625 -0.72379
26.625 90.875 -0.41372
26.625 91.125 -0.32279
26.625 91.375 -0.11427
26.625 91.625 -0.58453
26.625 91.875 -0.22013
26.625 92.125 -0.32577
26.625 92.375 -0.42446
26.625 92.625 -0.48453
26.625 92.875 -0.01953
26.625 93.125 -1.1803
26.625 93.375 -1.3808
26.625 93.625 -0.99349
26.625 93.875 -0.46536
26.625 94.125 -1.1339
26.625 94.375 -0.71074
26.625 94.625 -0.083515
26.625 94.875 0.49898
26.625 95.125 0.3623
26.875 69.625 1.4589
26.875 69.875 1.4046
26.875 70.125 1.5667
26.875 70.375 1.6981
26.875 70.625 1.5835
26.875 70.875 1.4659
26.875 71.125 1.8839
26.875 71.375 2.9697
26.875 71.625 3.1904
26.875 71.875 2.9106
26.875 72.125 2.0309
26.875 72.375 2.1014
26.875 72.625 1.9731
26.875 72.875 1.8278
26.875 73.125 1.0647
26.875 73.375 0.65328
26.875 73.625 0.73925
26.875 73.875 1.2531
26.875 74.125 1.3906
26.875 74.375 1.5604
26.875 74.625 1.5094
26.875 74.875 1.2636
26.875 75.125 1.0297
26.875 75.375 1.5331
26.875 75.625 0.16133
26.875 75.875 3.0585
26.875 76.125 3.5289
26.875 76.375 2.1393
26.875 76.625 2.5799
26.875 76.875 2.1372
26.875 77.125 1.7301
26.875 77.375 0.49079
26.875 77.625 0.76532
26.875 77.875 2.6353
26.875 78.125 1.1116
26.875 78.375 1.1504
26.875 78.625 1.1379
26.875 78.875 0.19327
26.875 79.125 0.48632
26.875 79.375 0.84389
26.875 79.625 0.37309
26.875 79.875 -0.25221
26.875 80.125 -0.78947
26.875 80.375 -0.35129
26.875 80.625 0.088235
26.875 80.875 -0.4083
26.875 81.125 -0.75806
26.875 81.375 -1.2182
26.875 81.625 -0.92025
26.875 81.875 0.064461
26.875 82.125 0.82378
26.875 82.375 0.38607
26.875 82.625 0.0094855
26.875 82.875 -0.22464
26.875 83.125 -0.19833
26.875 83.375 -1.2048
26.875 83.625 -1.0269
26.875 83.875 -0.8183
26.875 84.125 -0.17072
26.875 84.375 -0.84914
26.875 84.625 -0.91841
26.875 84.875 -0.79907
26.875 88.375 0.82965
26.875 88.625 0.67988
26.875 88.875 -0.12858
26.875 92.375 -0.83977
26.875 92.625 -0.39702
26.875 92.875 -0.065029
26.875 93.125 0.14016
26.875 93.375 -1.0896
26.875 93.625 -0.90292
26.875 93.875 -0.24193
26.875 94.125 -1.8447
26.875 94.375 -0.47771
26.875 94.625 0.15246
26.875 94.875 0.20329
26.875 95.125 0.082383
26.875 95.375 0.0052232
26.875 95.625 -0.34861
27.125 69.875 1.2755
27.125 70.125 1.0554
27.125 70.375 0.99901
27.125 70.625 1.1969
27.125 70.875 1.2442
27.125 71.125 2.147
27.125 71.375 2.9252
27.125 71.625 2.9353
27.125 71.875 1.6947
27.125 72.125 1.6287
27.125 72.375 1.4946
27.125 72.625 1.8674
27.125 72.875 1.3793
27.125 73.125 0.91351
27.125 73.375 0.44005
27.125 73.625 0.31795
27.125 73.875 0.83114
27.125 74.125 1.0426
27.125 74.375 1.1744
27.125 74.625 1.584
27.125 74.875 1.3175
27.125 75.125 1.4765
27.125 75.375 1.5777
27.125 75.625 1.9353
27.125 75.875 2.3279
27.125 76.125 2.091
27.125 76.375 1.94
27.125 76.625 1.8495
27.125 76.875 0.14218
27.125 77.125 2.5094
27.125 77.375 1.3378
27.125 77.625 0.37779
27.125 77.875 1.7155
27.125 78.125 1.7639
27.125 78.375 2.0335
27.125 78.625 0.91272
27.125 78.875 -0.16663
27.125 79.125 0.014596
27.125 79.375 -0.75078
27.125 79.625 -0.26821
27.125 79.875 -0.26075
27.125 80.125 -0.99791
27.125 80.375 -0.74851
27.125 80.625 -1.176
27.125 80.875 -0.83871
27.125 81.125 0.0034183
27.125 81.375 -0.38531
27.125 81.625 -0.73984
27.125 81.875 0.35136
27.125 82.125 0.62184
27.125 82.375 0.13384
27.125 82.625 0.51144
27.125 82.875 -0.039728
27.125 83.125 -0.092631
27.125 83.375 -0.19897
27.125 83.625 -0.046358
27.125 83.875 0.34288
27.125 84.125 0.13688
27.125 84.375 -0.39585
27.125 84.625 -0.92291
27.125 88.125 0.54426
27.125 88.375 0.91544
27.125 88.625 0.9868
27.125 92.125 -1.0392
27.125 92.375 -0.57607
27.125 92.625 -0.43282
27.125 92.875 -0.3358
27.125 93.125 -0.33624
27.125 93.375 -0.73474
27.125 93.625 -1.1093
27.125 93.875 -0.34401
27.125 94.125 -0.27971
27.125 94.375 -0.23037
27.125 94.625 -0.086111
27.125 94.875 0.13646
27.125 95.125 0.14718
27.125 95.375 -0.3939
27.125 95.625 -0.1232
27.125 95.875 -0.16567
27.375 70.125 0.9728
27.375 70.375 1.0122
27.375 70.625 1.0922
27.375 70.875 1.3714
27.375 71.125 2.6066
27.375 71.375 3.1423
27.375 71.625 2.822
27.375 71.875 1.2515
27.375 72.125 0.5348
27.375 72.375 1.0435
27.375 72.625 1.2193
27.375 72.875 1.0581
27.375 73.125 0.98246
27.375 73.375 0.82635
27.375 73.625 0.55932
27.375 73.875 0.48183
27.375 74.125 0.39257
27.375 74.375 0.80817
27.375 74.625 1.1092
27.375 74.875 1.0685
27.375 75.125 1.2381
27.375 75.375 1.3218
27.375 75.625 1.7584
27.375 75.875 1.2093
27.375 76.125 1.9625
27.375 76.375 1.8982
27.375 76.625 1.2936
27.375 76.875 1.5273
27.375 77.125 1.4689
27.375 77.375 0.73156
27.375 77.625 1.887
27.375 77.875 2.2904
27.375 78.125 2.2813
27.375 78.375 1.3887
27.375 78.625 0.7841
27.375 78.875 0.84947
27.375 79.125 -0.21129
27.375 79.375 -0.92899
27.375 79.625 -0.69708
27.375 79.875 -0.35952
27.375 80.125 -1.1297
27.375 80.375 -1.274
27.375 80.625 -1.02
27.375 80.875 -1.2637
27.375 81.125 -0.32021
27.375 81.375 -0.22591
27.375 81.625 -1.8606
27.375 81.875 0.54138
27.375 82.125 -0.029239
27.375 82.375 0.071471
27.375 82.625 0.29642
27.375 82.875 0.071642
27.375 83.125 -0.16512
27.375 83.625 -0.077417
27.375 84.125 0.22999
27.375 84.375 -0.042625
27.375 88.125 1.3057
27.375 88.375 0.84767
27.375 88.625 0.5291
27.375 92.125 -0.89296
27.375 92.375 -0.63346
27.375 92.625 -0.516
27.375 92.875 -0.88861
27.375 93.125 -1.3889
27.375 93.375 -1.7472
27.375 93.625 -1.1499
27.375 93.875 -0.82556
27.375 94.125 0.23492
27.375 94.375 -0.81756
27.375 94.625 -0.38383
27.375 94.875 -0.17871
27.375 95.125 -0.44472
27.375 95.375 -0.60598
27.375 95.625 -0.28789
27.375 95.875 -0.22653
27.375 96.125 -0.54413
27.375 96.375 -0.18918
27.375 96.625 0.24323
27.375 96.875 0.083569
27.625 70.125 0.92247
27.625 70.375 0.86111
27.625 70.625 0.98083
27.625 70.875 1.6608
27.625 71.125 2.6839
27.625 71.375 2.6883
27.625 71.625 2.3917
27.625 71.875 1.3319
27.625 72.125 0.62172
27.625 72.375 0.67665
27.625 72.625 0.75931
27.625 72.875 1.0022
27.625 73.125 0.8758
27.625 73.375 1.0952
27.625 73.625 0.96131
27.625 73.875 0.59464
27.625 74.125 0.37771
27.625 74.375 0.56175
27.625 74.625 0.82958
27.625 74.875 0.91558
27.625 75.125 0.41539
27.625 75.375 0.7837
27.625 75.625 0.5838
27.625 75.875 1.4026
27.625 76.125 2.2518
27.625 76.375 1.609
27.625 76.625 1.0773
27.625 76.875 1.7668
27.625 77.125 0.032385
27.625 77.375 0.13857
27.625 77.625 -0.30746
27.625 77.875 0.48732
27.625 78.125 1.7312
27.625 78.375 2.0198
27.625 78.625 0.44231
27.625 78.875 0.26365
27.625 79.125 -0.65369
27.625 79.375 -1.2655
27.625 79.625 -0.88833
27.625 79.875 -0.057208
27.625 80.125 -0.79511
27.625 80.375 -1.0018
27.625 80.625 -0.91459
27.625 80.875 -0.78279
27.625 81.125 -0.56058
27.625 81.375 -0.29682
27.625 81.625 -0.47267
27.625 81.875 -0.34132
27.625 82.125 -0.018168
27.625 82.375 0.17218
27.625 82.625 0.16975
27.625 88.375 1.1999
27.625 88.625 0.82312
27.625 91.625 -0.61521
27.625 91.875 -0.69839
27.625 92.125 -0.74231
27.625 92.375 -0.7012
27.625 92.625 -0.7002
27.625 92.875 -1.023
27.625 93.125 -1.4848
27.625 93.375 -1.7737
27.625 93.625 -1.7188
27.625 93.875 -1.859
27.625 94.125 -1.3911
27.625 94.375 -0.64441
27.625 94.625 -0.65952
27.625 94.875 -0.66717
27.625 95.125 -0.68286
27.625 95.375 -0.93783
27.625 95.625 -0.98142
27.625 95.875 -0.71201
27.625 96.125 -0.82653
27.625 96.375 -0.37056
27.625 96.625 0.014163
27.625 96.875 0.029399
27.875 70.375 0.80662
27.875 71.875 1.3673
27.875 72.125 0.71326
27.875 72.375 0.64576
27.875 72.625 0.90039
27.875 72.875 0.99122
27.875 73.125 0.92909
27.875 73.375 1.9989
27.875 73.625 1.2337
27.875 73.875 0.96537
27.875 74.125 0.83973
27.875 74.375 1.3503
27.875 74.625 0.57477
27.875 74.875 0.49573
27.875 75.125 0.48413
27.875 75.375 0.56306
27.875 75.625 0.3711
27.875 75.875 0.24577
27.875 76.125 1.2832
27.875 76.375 1.3481
27.875 76.625 0.3
27.875 76.875 0.59965
27.875 77.125 0.27455
27.875 77.375 -0.038162
27.875 77.625 -0.9408
27.875 77.875 0.059135
27.875 78.125 0.61648
27.875 78.375 1.5355
27.875 78.625 0.85983
27.875 78.875 0.36516
27.875 79.125 -0.14672
27.875 79.375 -0.71671
27.875 79.625 -0.46314
27.875 79.875 0.31543
27.875 80.125 -0.10547
27.875 80.375 -0.85953
27.875 80.625 -0.62975
27.875 80.875 -0.60173
27.875 81.125 -0.64574
27.875 81.375 -0.26069
27.875 81.625 -0.44187
27.875 88.375 NaN
27.875 88.625 NaN
27.875 92.875 -1.3922
27.875 93.125 -1.7881
27.875 93.375 -1.7196
27.875 93.625 -1.8362
27.875 93.875 -2.0686
27.875 94.125 -1.442
27.875 94.375 -0.99717
27.875 94.625 -0.79069
27.875 94.875 -0.56427
27.875 95.125 0.056149
27.875 95.375 -0.4615
27.875 95.625 -1.0301
27.875 95.875 -1.197
27.875 96.125 -0.84458
27.875 96.375 -0.69574
27.875 96.625 -0.18225
27.875 96.875 0.055038
27.875 97.125 -0.038666
28.125 72.125 0.77795
28.125 72.375 1.0143
28.125 72.625 0.81367
28.125 72.875 1.6803
28.125 73.125 2.6519
28.125 73.375 2.5065
28.125 73.625 1.3463
28.125 73.875 1.0421
28.125 74.125 0.89108
28.125 74.375 1.1288
28.125 74.625 1.2647
28.125 74.875 1.1698
28.125 75.125 0.72806
28.125 75.375 0.79577
28.125 75.625 0.26435
28.125 75.875 0.95739
28.125 76.125 1.252
28.125 76.375 0.80626
28.125 76.625 1.427
28.125 76.875 1.1149
28.125 77.125 0.21181
28.125 77.375 0.2542
28.125 77.625 0.24604
28.125 77.875 0.05234
28.125 78.125 1.0975
28.125 78.375 0.725
28.125 78.625 -0.24633
28.125 78.875 -0.23291
28.125 79.125 -0.26443
28.125 79.375 -0.45647
28.125 79.625 -0.6222
28.125 79.875 -0.41468
28.125 80.125 -0.20133
28.125 80.375 -0.42397
28.125 80.625 -0.56688
28.125 80.875 -0.75664
28.125 81.125 -0.62803
28.125 81.375 -0.3807
28.125 92.875 -1.671
28.125 93.125 -1.938
28.125 93.375 -1.8705
28.125 93.625 -1.7651
28.125 93.875 -1.6888
28.125 94.125 -1.4525
28.125 94.375 -0.9305
28.125 94.625 -0.73598
28.125 94.875 -0.57665
28.125 95.125 0.17523
28.125 95.375 0.18454
28.125 95.625 -0.84525
28.125 95.875 -1.1602
28.125 96.125 -0.86587
28.125 96.375 -0.18734
28.125 96.625 -0.1134
28.125 96.875 -0.049587
28.125 97.125 0.037926
28.375 72.375 1.2686
28.375 72.625 0.98526
28.375 72.875 1.0557
28.375 73.125 2.0804
28.375 73.375 1.4181
28.375 73.625 0.99396
28.375 73.875 0.77087
28.375 74.125 0.53882
28.375 74.375 0.55559
28.375 74.625 0.92118
28.375 74.875 0.70942
28.375 75.125 0.39525
28.375 75.375 0.86816
28.375 75.625 0.49767
28.375 75.875 0.43474
28.375 76.125 0.24116
28.375 76.375 -0.064615
28.375 76.625 0.73493
28.375 76.875 0.68189
28.375 77.125 0.038423
28.375 77.375 -0.41326
28.375 77.625 0.079004
28.375 77.875 -0.11153
28.375 78.125 1.6535
28.375 78.375 0.19846
28.375 78.625 -0.44437
28.375 78.875 -0.35851
28.375 79.125 -0.070345
28.375 79.375 0.23162
28.375 79.625 -0.71955
28.375 79.875 -1.0761
28.375 80.125 -0.34072
28.375 80.375 0.044641
28.375 80.625 -0.26116
28.375 80.875 -0.48032
28.375 81.125 -0.60147
28.375 93.375 -1.7945
28.375 93.625 -1.2869
28.375 93.875 -0.90142
28.375 94.125 -0.81166
28.375 94.375 -0.61982
28.375 94.625 -0.46507
28.375 94.875 -0.26107
28.375 95.125 -0.073339
28.375 95.375 -0.28665
28.375 95.625 -0.41381
28.375 95.875 -0.42209
28.375 96.125 -0.94519
28.375 96.625 -0.19483
28.625 72.375 1.885
28.625 72.625 1.6911
28.625 72.875 1.1641
28.625 73.125 1.3825
28.625 73.375 1.506
28.625 73.625 1.1344
28.625 73.875 0.53251
28.625 74.125 0.061529
28.625 74.375 0.18921
28.625 74.625 0.68204
28.625 74.875 0.58389
28.625 75.125 0.055963
28.625 75.375 -0.51678
28.625 75.625 -0.82951
28.625 75.875 -0.16129
28.625 76.125 -0.11114
28.625 76.375 -0.11686
28.625 76.625 0.29854
28.625 76.875 0.38737
28.625 77.125 -0.44761
28.625 77.375 -0.71799
28.625 77.625 -0.74707
28.625 77.875 -0.57799
28.625 78.125 -0.33977
28.625 78.375 0.31707
28.625 78.625 -0.86158
28.625 78.875 -0.81356
28.625 79.125 0.77068
28.625 79.375 0.15236
28.625 79.625 0.19781
28.625 79.875 -0.62039
28.625 80.125 -0.35289
28.625 80.375 -0.10307
28.625 80.625 -0.25949
28.625 93.625 -0.77399
28.625 93.875 NaN
28.625 94.125 -0.39142
28.625 94.375 -0.54106
28.625 94.625 -0.19348
28.625 94.875 -0.15769
28.625 95.125 -0.023307
28.625 95.375 -0.029868
28.625 95.625 -0.31242
28.625 95.875 -0.57401
28.625 96.125 -0.76143
28.625 96.375 4.5373
28.875 72.875 0.8362
28.875 73.125 0.9163
28.875 73.375 1.1121
28.875 73.625 0.91505
28.875 73.875 0.53686
28.875 74.125 -0.0034889
28.875 74.375 -0.15413
28.875 74.625 -0.1358
28.875 74.875 0.28001
28.875 75.125 -0.53239
28.875 75.375 -0.4727
28.875 75.625 -0.62909
28.875 75.875 -0.40847
28.875 76.125 -0.72417
28.875 76.375 -0.55566
28.875 76.625 -0.31344
28.875 76.875 -0.22487
28.875 77.125 -0.33527
28.875 77.375 -0.099189
28.875 77.625 -0.73147
28.875 77.875 -0.13993
28.875 78.125 -0.64902
28.875 78.375 -0.069172
28.875 78.625 -0.07533
28.875 78.875 -0.32343
28.875 79.125 0.76003
28.875 79.375 0.80246
28.875 79.625 0.65965
28.875 79.875 0.71419
28.875 94.125 -0.1433
28.875 94.375 -0.016318
28.875 94.625 -0.19595
28.875 94.875 0.022481
28.875 95.125 0.15052
28.875 95.375 0.065185
28.875 95.625 -0.07738
28.875 95.875 -0.25593
28.875 96.125 -0.0389
28.875 96.375 4.7676
29.125 73.125 0.87249
29.125 73.375 1.3459
29.125 73.625 0.66995
29.125 73.875 0.60175
29.125 74.125 0.22864
29.125 74.375 -0.023266
29.125 74.625 -0.17126
29.125 74.875 0.071415
29.125 75.125 -0.74639
29.125 75.375 -0.18923
29.125 75.625 -0.24526
29.125 75.875 -0.62531
29.125 76.125 -0.69017
29.125 76.375 -0.85975
29.125 76.625 -0.42773
29.125 76.875 -0.27828
29.125 77.125 -0.74518
29.125 77.375 -0.70016
29.125 77.625 -0.55339
29.125 77.875 -0.096666
29.125 78.125 -0.61432
29.125 78.375 -0.76811
29.125 78.625 -0.21305
29.125 78.875 -0.56148
29.125 79.125 0.54891
29.125 79.375 0.43143
29.125 79.625 -0.12358
29.125 79.875 0.34306
29.125 80.125 0.40385
29.125 94.375 -0.037583
29.125 94.625 -0.042704
29.125 94.875 0.054093
29.125 95.625 0.2999
29.125 95.875 0.98591
29.125 96.125 5.1275
29.375 73.375 0.81736
29.375 73.625 0.78218
29.375 73.875 0.83709
29.375 74.125 1.0979
29.375 74.375 0.86026
29.375 74.625 -0.19694
29.375 74.875 -0.36328
29.375 75.125 -0.342
29.375 75.375 -0.51556
29.375 75.625 -0.23461
29.375 75.875 -0.23068
29.375 76.125 -0.085257
29.375 76.375 -0.58463
29.375 76.625 -0.5671
29.375 76.875 -0.83933
29.375 77.125 -0.98743
29.375 77.375 -0.4305
29.375 77.625 -0.25326
29.375 77.875 -0.24564
29.375 78.125 -0.86479
29.375 78.375 -0.60895
29.375 78.625 -0.99501
29.375 78.875 -0.6851
29.375 79.125 -0.016136
29.375 79.375 -0.65123
29.375 79.625 -0.58988
29.375 79.875 0.12913
29.375 80.125 0.41258
29.375 96.125 5.2259
29.625 73.375 0.77613
29.625 73.625 1.0186
29.625 73.875 0.76091
29.625 74.125 1.0016
29.625 74.375 0.49541
29.625 74.625 -0.63142
29.625 74.875 -0.54674
29.625 75.125 -0.42284
29.625 75.375 -0.46501
29.625 75.625 -0.31925
29.625 75.875 -0.57085
29.625 76.125 -0.89123
29.625 76.375 -0.3159
29.625 76.625 -0.52537
29.625 76.875 -0.60246
29.625 77.125 -0.79045
29.625 77.375 -0.89689
29.625 77.625 -0.86912
29.625 77.875 -0.19505
29.625 78.125 0.29131
29.625 78.375 -0.39907
29.625 78.625 -1.0095
29.625 78.875 -0.86542
29.625 79.125 -0.6054
29.625 79.375 -0.1506
29.625 79.625 -0.19465
29.625 79.875 0.067444
29.625 80.125 0.87589
29.875 73.625 1.0399
29.875 73.875 0.15036
29.875 74.125 0.25152
29.875 74.375 -0.41541
29.875 74.625 -0.74657
29.875 74.875 -0.86794
29.875 75.125 -0.62895
29.875 75.375 -0.66977
29.875 75.625 -0.6204
29.875 75.875 -0.38259
29.875 76.125 -0.424
29.875 76.375 -0.54415
29.875 76.625 -0.63771
29.875 76.875 -1.5538
29.875 77.125 -0.96226
29.875 77.375 -1.1785
29.875 77.625 -0.98536
29.875 77.875 -0.30495
29.875 78.125 -1.8035
29.875 78.375 -0.47214
29.875 78.625 -0.59134
29.875 78.875 0.042666
29.875 79.125 -0.9391
29.875 79.375 -0.1601
29.875 79.625 2.7795
29.875 79.875 0.6968
29.875 80.125 1.026
29.875 80.375 0.91427
30.125 74.125 -0.28071
30.125 74.375 -0.63248
30.125 74.625 -0.61693
30.125 74.875 -0.50562
30.125 75.125 -0.34093
30.125 75.375 -0.36052
30.125 75.625 -0.36334
30.125 75.875 -0.41455
30.125 76.125 -0.52323
30.125 76.375 -0.79221
30.125 76.625 -0.80722
30.125 76.875 -1.1295
30.125 77.125 -0.65827
30.125 77.375 -1.2269
30.125 77.625 0.5058
30.125 77.875 0.16604
30.125 78.125 0.16826
30.125 78.375 -0.37738
30.125 78.625 0.82478
30.125 78.875 1.8056
30.125 79.125 0.85284
30.125 79.375 0.89564
30.125 79.625 2.754
30.125 79.875 0.98498
30.125 80.125 0.75971
30.125 80.375 0.99368
30.125 80.625 0.94037
30.375 74.125 -0.41422
30.375 74.375 -0.44175
30.375 74.625 -0.44095
30.375 74.875 -0.87044
30.375 75.125 -0.12592
30.375 75.375 -0.26872
30.375 75.625 -0.48728
30.375 75.875 -0.40785
30.375 76.125 -0.7154
30.375 76.375 -0.63992
30.375 76.625 -1.357
30.375 76.875 -0.69492
30.375 77.125 -0.044452
30.375 77.375 0.17906
30.375 77.625 1.3363
30.375 77.875 0.0071502
30.375 78.125 -0.49518
30.375 78.375 0.34512
30.375 78.625 1.3093
30.375 78.875 1.1745
30.375 79.125 1.1322
30.375 79.375 0.59781
30.375 79.625 2.0307
30.375 79.875 2.0018
30.375 80.125 1.5397
30.375 80.375 0.9169
30.375 80.625 0.77296
30.625 74.375 -0.8041
30.625 74.625 -0.97188
30.625 74.875 -1.0559
30.625 75.125 -0.2827
30.625 75.375 -0.76456
30.625 75.625 -0.72777
30.625 75.875 -0.5136
30.625 76.125 -0.84684
30.625 76.375 -1.0625
30.625 76.625 -0.70572
30.625 76.875 -0.54362
30.625 77.125 -0.35477
30.625 77.375 -0.1952
30.625 77.625 -0.18185
30.625 77.875 -0.22928
30.625 78.125 0.33713
30.625 78.375 -0.4689
30.625 78.625 0.19671
30.625 78.875 1.0309
30.625 79.125 0.89435
30.625 79.375 0.63671
30.625 79.625 1.9221
30.625 79.875 1.8595
30.625 80.125 1.6462
30.875 74.625 -1.0387
30.875 74.875 -0.78563
30.875 75.125 -0.087352
30.875 75.375 -0.99031
30.875 75.625 -0.88644
30.875 75.875 -0.93377
30.875 76.125 -1.0789
30.875 76.375 -0.92127
30.875 76.625 -0.52388
30.875 76.875 -0.23727
30.875 77.125 0.1653
30.875 77.375 -0.24139
30.875 77.625 -0.085106
30.875 77.875 0.31609
30.875 78.125 0.20777
30.875 78.375 0.037131
30.875 78.625 0.071307
30.875 78.875 0.84811
30.875 79.125 1.0343
30.875 79.375 NaN
30.875 79.625 NaN
30.875 79.875 NaN
31.125 74.875 -0.91761
31.125 75.125 -0.086381
31.125 75.375 -1.3383
31.125 75.625 -1.3658
31.125 75.875 -0.65933
31.125 76.125 0.041848
31.125 76.375 -0.16639
31.125 76.625 -0.91815
31.125 76.875 0.14583
31.125 77.125 0.33488
31.125 77.375 -0.52172
31.125 77.625 0.043104
31.125 77.875 0.19906
31.125 78.125 -0.66696
31.125 78.375 -0.1638
31.125 78.625 -0.19934
31.125 78.875 NaN
31.125 79.125 NaN
31.375 74.875 -0.65176
31.375 75.125 -0.65851
31.375 75.375 -1.424
31.375 75.625 -1.4499
31.375 75.875 -0.67408
31.375 76.125 -1.0593
31.375 76.375 -0.47037
31.375 76.625 -0.72278
31.375 76.875 0.13093
31.375 77.125 -0.27666
31.375 77.375 -0.24667
31.375 77.625 -0.74748
31.375 77.875 -0.64468
31.375 78.125 -0.93018
31.375 78.375 -0.75968
31.375 78.625 -0.71957
31.625 74.875 -0.6382
31.625 75.125 -1.1583
31.625 75.375 -1.1172
31.625 75.625 -1.2305
31.625 75.875 -1.2937
31.625 76.125 -1.2499
31.625 76.375 -0.85078
31.625 76.625 -0.26162
31.625 76.875 -0.51313
31.625 77.125 -0.49625
31.625 77.375 -0.477
31.625 77.625 -0.48753
31.625 77.875 -0.8215
31.625 78.125 -1.1035
31.625 78.375 -1.0091
31.625 78.625 -0.88958
31.875 74.875 -1.0026
31.875 75.125 -1.213
31.875 75.375 -1.3276
31.875 75.625 -0.929
31.875 75.875 -0.9754
31.875 76.125 -0.30566
31.875 76.375 0.28415
31.875 76.625 0.41724
31.875 76.875 -0.27245
31.875 77.125 -0.50033
31.875 77.375 -0.9436
31.875 77.625 -0.8995
31.875 77.875 -1.1586
31.875 78.125 -1.0869
31.875 78.375 -1.0886
31.875 78.625 -1.0666
32.125 75.375 -0.78216
32.125 75.625 -0.57748
32.125 75.875 -0.68946
32.125 76.125 -0.33092
32.125 76.375 -0.16738
32.125 76.625 0.01187
32.125 76.875 -0.26516
32.125 77.125 -0.59727
32.125 77.375 -1.2279
32.125 77.625 -1.4049
32.125 77.875 -1.379
32.125 78.125 -1.3929
32.125 78.375 -1.3236
32.375 75.375 -0.27322
32.375 75.625 -0.32009
32.375 75.875 -0.80625
32.375 76.125 -1.3297
32.375 76.375 -0.89418
32.375 76.625 -0.86468
32.375 76.875 -0.86729
32.375 77.125 -0.84855
32.375 77.375 -1.2317
32.375 77.625 -1.2886
32.375 77.875 -1.5463
32.375 78.125 -1.4558
32.375 78.375 -1.3209
32.625 74.875 0.030133
32.625 75.125 -0.73903
32.625 75.375 -0.52419
32.625 75.625 -0.52942
32.625 75.875 -1.0015
32.625 76.125 -0.95513
32.625 76.375 -0.87201
32.625 76.625 -0.84135
32.625 76.875 -0.69195
32.625 77.125 -0.85752
32.625 77.375 -1.0532
32.625 77.625 -1.1099
32.625 77.875 -1.1296
32.625 78.125 -1.4027
32.625 78.375 -1.2575
32.625 78.625 -1.2542
32.625 78.875 -1.3098
32.625 79.125 -1.5085
32.625 79.375 -1.6829
32.875 74.375 0.27711
32.875 74.625 0.088027
32.875 74.875 -0.10598
32.875 75.125 -0.72838
32.875 75.375 -0.67176
32.875 75.625 -0.86628
32.875 75.875 -0.85207
32.875 76.125 -0.61569
32.875 76.375 -0.63637
32.875 76.625 -0.75723
32.875 76.875 -0.76897
32.875 77.125 -0.91699
32.875 77.375 -1.0178
32.875 77.625 -1.1752
32.875 77.875 -1.3329
32.875 78.125 -0.93614
32.875 78.375 -1.1304
32.875 78.625 -1.3125
32.875 78.875 -1.4867
32.875 79.125 -1.5679
32.875 79.375 -1.8696
33.125 73.875 -0.26836
33.125 74.125 -0.27823
33.125 74.375 0.20363
33.125 74.625 0.4267
33.125 74.875 0.0069622
33.125 75.125 -0.8766
33.125 75.375 -1.2025
33.125 75.625 -1.0748
33.125 75.875 -0.84006
33.125 76.125 -0.75137
33.125 76.375 -0.75025
33.125 76.625 -0.79874
33.125 76.875 -1.0452
33.125 77.125 -1.3735
33.125 77.375 -1.2534
33.125 77.625 -0.96019
33.125 77.875 -0.66263
33.125 78.125 -0.67872
33.125 78.375 -0.96404
33.125 78.625 -1.4063
33.125 78.875 -1.584
33.125 79.125 -1.7551
33.375 73.875 -0.22123
33.375 74.125 -0.10965
33.375 74.375 -0.40353
33.375 74.625 -0.79753
33.375 74.875 -0.58457
33.375 75.125 -1.1815
33.375 75.375 -1.0236
33.375 75.625 -1.2897
33.375 75.875 -0.81658
33.375 76.125 -0.59045
33.375 76.375 -0.51929
33.375 76.625 -1.0968
33.375 76.875 -1.3467
33.375 77.125 -1.0843
33.375 77.375 -1.1697
33.375 77.625 -1.0687
33.375 77.875 -0.81281
33.375 78.125 -1.0192
33.375 78.375 -1.1907
33.375 78.625 -1.1147
33.375 78.875 -1.4076
33.625 73.875 -0.86699
33.625 74.125 -0.61102
33.625 74.375 -0.978
33.625 74.625 -1.3016
33.625 74.875 -1.0861
33.625 75.125 -1.2238
33.625 75.375 -1.0597
33.625 75.625 -1.1086
33.625 75.875 -0.98219
33.625 76.125 -1.0583
33.625 76.375 -1.2373
33.625 76.625 -1.2118
33.625 76.875 -1.0072
33.625 77.125 -1.2241
33.625 77.375 -0.87071
33.625 77.625 -1.0514
33.625 77.875 -0.96242
33.625 78.125 -0.95994
33.625 78.375 -1.1261
33.625 78.625 -1.1045
33.625 78.875 -1.2876
33.875 73.875 -0.67921
33.875 74.125 -0.49376
33.875 74.375 -0.81451
33.875 74.625 -0.56447
33.875 74.875 -0.8773
33.875 75.125 -0.74129
33.875 75.375 -0.80591
33.875 75.625 -1.0437
33.875 75.875 -1.1566
33.875 76.125 -1.3154
33.875 76.375 -1.095
33.875 76.625 -1.2436
33.875 76.875 -1.2925
33.875 77.125 -1.2913
33.875 77.375 -0.85903
33.875 77.625 -0.95576
33.875 77.875 -0.97866
33.875 78.125 -0.87486
33.875 78.375 -1.2054
33.875 78.625 -1.0746
33.875 78.875 -1.3342
34.125 73.625 -0.88864
34.125 73.875 -0.76656
34.125 74.125 -0.29441
34.125 74.375 -1.1756
34.125 74.625 -0.8062
34.125 74.875 -0.90627
34.125 75.125 -0.70822
34.125 75.375 -0.79177
34.125 75.625 -1.4489
34.125 75.875 -1.3854
34.125 76.125 -1.3728
34.125 76.375 -1.0568
34.125 76.625 -1.1714
34.125 76.875 -1.1562
34.125 77.125 -0.95688
34.125 77.375 -0.95863
34.125 77.625 -1.3737
34.125 77.875 -1.2147
34.125 78.125 -1.2857
34.125 78.375 -1.1789
34.125 78.625 -1.2663
34.125 78.875 -1.3212
34.125 79.125 -1.2329
34.125 79.375 -1.2351
34.375 73.625 -0.98574
34.375 73.875 -1.2404
34.375 74.125 -1.2858
34.375 74.375 -1.3662
34.375 74.625 -1.2957
34.375 74.875 -0.85739
34.375 75.125 -0.72486
34.375 75.375 -1.2642
34.375 75.625 -1.6341
34.375 75.875 -1.5038
34.375 76.125 -1.5685
34.375 76.375 -0.89826
34.375 76.625 -1.3197
34.375 76.875 -0.94309
34.375 77.125 -1.1768
34.375 77.375 -1.1666
34.375 77.625 -1.2658
34.375 77.875 -1.2104
34.375 78.125 -1.0693
34.375 78.375 -0.96727
34.375 78.625 -0.98319
34.375 78.875 -1.1288
34.375 79.125 -0.95474
34.375 79.375 -1.1183
34.625 73.875 -1.1371
34.625 74.125 -1.3924
34.625 74.375 -1.3489
34.625 74.625 -1.447
34.625 74.875 -1.0973
34.625 75.125 -0.79447
34.625 75.375 -1.3886
34.625 75.625 -1.3512
34.625 75.875 -1.3814
34.625 76.125 -1.5561
34.625 76.375 -0.89976
34.625 76.625 -1.1949
34.625 76.875 -1.3727
34.625 77.125 -1.1881
34.625 77.375 -1.1416
34.625 77.625 -1.3054
34.625 77.875 -1.3135
34.625 78.125 -0.97847
34.625 78.375 -0.91922
34.625 78.625 -1.0766
34.625 78.875 -1.1153
34.625 79.125 -0.83548
34.625 79.375 -0.97078
34.625 79.625 -0.97198
34.875 74.125 -1.0867
34.875 74.375 -1.2825
34.875 74.625 -1.3278
34.875 74.875 -1.1123
34.875 75.125 -1.0782
34.875 75.375 -1.2677
34.875 75.625 -1.3101
34.875 75.875 -1.2964
34.875 76.125 -1.423
34.875 76.375 -0.85757
34.875 76.625 -1.0157
34.875 76.875 -1.0612
34.875 77.125 -0.97698
34.875 77.375 -0.99783
34.875 77.625 -1.1529
34.875 77.875 -1.0728
34.875 78.125 -0.93265
34.875 78.375 -0.95534
34.875 78.625 -1.0873
34.875 78.875 -0.86078
34.875 79.125 -0.8517
34.875 79.375 -0.9234
34.875 79.625 -0.88244
34.875 79.875 -0.87146
35.125 74.375 -1.3
35.125 74.625 -1.4551
35.125 74.875 -1.2738
35.125 75.125 -1.3563
35.125 75.375 -1.3708
35.125 75.625 -1.3453
35.125 75.875 -1.272
35.125 76.125 -1.0885
35.125 76.375 -1.1063
35.125 76.625 -0.98999
35.125 76.875 -1.1267
35.125 77.125 -1.0696
35.125 77.375 -1.1164
35.125 77.625 -1.2927
35.125 77.875 -1.1619
35.125 78.125 -1.1754
35.125 78.375 -1.5227
35.125 78.625 -1.0443
35.125 78.875 -1.0887
35.125 79.125 -1.1802
35.125 79.375 -0.88663
35.125 79.625 -0.90246
35.125 79.875 -0.43259
35.375 73.875 -1.2212
35.375 74.125 -1.2575
35.375 74.375 -1.3504
35.375 74.625 -1.5223
35.375 74.875 -1.3626
35.375 75.125 -1.4223
35.375 75.375 -1.3866
35.375 75.625 -1.4432
35.375 75.875 -1.3649
35.375 76.125 -1.4147
35.375 76.375 -1.2588
35.375 76.625 -1.2019
35.375 76.875 -1.0923
35.375 77.125 -1.0555
35.375 77.375 -0.90917
35.375 77.625 -0.98008
35.375 77.875 -1.0069
35.375 78.125 -1.2829
35.375 78.375 -1.7186
35.375 78.625 -1.1434
35.375 78.875 -1.104
35.375 79.125 -1.0925
35.375 79.375 -1.0161
35.375 79.625 -1.0206
35.375 79.875 -0.90721
35.375 80.125 NaN
35.625 73.375 -1.3493
35.625 73.625 -1.3255
35.625 73.875 -1.2984
35.625 74.125 -1.4723
35.625 74.375 -1.6651
35.625 74.625 -1.5158
35.625 74.875 -1.4118
35.625 75.125 -1.5708
35.625 75.375 -1.7308
35.625 75.625 -1.6932
35.625 75.875 -1.4578
35.625 76.125 -1.4492
35.625 76.375 -1.246
35.625 76.625 -1.2728
35.625 76.875 -1.2666
35.625 77.125 -1.1605
35.625 78.375 -1.1326
35.625 78.625 -1.4111
35.625 78.875 -1.2722
35.625 79.125 -1.171
35.625 79.375 -1.089
35.625 79.625 -1.2766
35.625 79.875 -0.92384
35.625 80.125 -0.93478
35.875 73.125 0.36463
35.875 73.375 -0.57085
35.875 73.625 -1.3372
35.875 73.875 -1.5716
35.875 74.125 -1.3204
35.875 74.375 -1.6304
35.875 74.625 -1.6759
35.875 74.875 -1.8514
35.875 75.125 -1.9565
35.875 75.375 -2.0051
35.875 75.625 -2.0135
35.875 75.875 -1.8099
35.875 76.125 -1.7116
35.875 76.375 -1.6251
35.875 76.625 -1.4792
35.875 79.375 -0.89776
36.125 72.625 1.0983
36.125 72.875 NaN
36.125 73.125 NaN
36.125 73.375 0.04925
36.125 73.625 -0.46887
36.125 73.875 -0.93271
36.125 74.125 -1.324
36.125 74.375 -1.5276
36.125 74.625 -1.9462
36.125 74.875 -1.915
36.125 75.125 -2.0749
36.125 75.375 -2.4909
36.125 75.625 -2.2908
36.125 75.875 -2.3412
36.125 76.125 -2.1532
36.125 76.375 -2.0565
36.125 76.625 -1.4492
36.375 73.125 1.0203
36.375 73.375 0.62899
36.375 73.625 0.17855
36.375 73.875 -0.37542
36.375 74.125 -1.0257
36.375 74.375 -1.3826
36.375 74.625 -1.4868
36.375 74.875 -1.7156
36.375 75.125 -1.9624
36.375 75.375 -2.3344
36.375 75.625 -2.4026
36.375 75.875 -2.5272
36.375 76.125 -2.3671
36.625 73.375 0.76072
36.625 73.625 0.37197
36.625 73.875 -0.072325
36.625 74.125 -0.57471
36.625 74.375 -1.1555
36.625 74.625 -1.7088
36.625 74.875 -1.7882
36.625 75.125 -1.822
36.625 75.375 -2.088
36.625 75.625 -1.9875
36.875 73.875 0.098485
36.875 74.375 -0.49501
36.875 74.625 -1.2484
36.875 74.875 -1.5816
36.875 75.125 -1.5417
36.875 75.375 -1.7774
