8.125 77.375 -0.46475
8.375 77.125 -0.37712
8.375 77.375 -0.48254
8.375 77.625 -0.24545
8.375 77.875 -0.2873
8.625 76.875 -0.2304
8.625 77.125 -0.44615
8.625 77.375 -0.00074825
8.625 77.625 -0.67341
8.625 77.875 -0.3527
8.875 76.875 0.63781
8.875 77.125 0.17107
8.875 77.375 -0.32186
8.875 77.625 -0.88118
8.875 77.875 -1.1092
9.125 76.625 1.9682
9.125 76.875 0.68632
9.125 77.125 0.35462
9.125 77.375 -0.26651
9.125 77.625 -0.41934
9.125 77.875 -0.59568
9.125 78.125 -0.58088
9.125 78.375 NaN
9.375 76.625 0.65512
9.375 76.875 1.1459
9.375 77.125 0.59834
9.375 77.375 0.75068
9.375 77.625 -0.30415
9.375 77.875 -0.53889
9.375 78.125 -0.44869
9.375 78.375 -0.37825
9.375 78.625 -0.92434
9.375 78.875 NaN
9.625 76.375 1.0831
9.625 76.625 1.1099
9.625 76.875 1.6658
9.625 77.125 1.8631
9.625 77.375 0.32682
9.625 77.625 -0.23007
9.625 77.875 1.145
9.625 78.125 -0.32564
9.625 78.375 -0.13666
9.625 78.625 -0.27901
9.875 76.625 1.1395
9.875 76.875 1.1945
9.875 77.125 1.1929
9.875 77.375 1.1772
9.875 77.625 0.52176
9.875 77.875 0.36472
9.875 78.125 0.13079
9.875 78.375 0.22039
9.875 78.625 0.014908
9.875 78.875 -0.052836
10.125 76.375 0.75588
10.125 76.625 1.3357
10.125 76.875 1.8633
10.125 77.125 1.2712
10.125 77.375 0.98932
10.125 77.625 1.253
10.125 77.875 0.8165
10.125 78.125 0.25398
10.125 78.375 0.27302
10.125 78.625 -0.038323
10.125 78.875 -0.28309
10.125 79.125 -0.29475
10.375 76.375 0.049447
10.375 76.625 1.0063
10.375 76.875 1.2607
10.375 77.125 0.44034
10.375 77.375 0.48517
10.375 77.625 1.6409
10.375 77.875 0.28721
10.375 78.125 -0.19219
10.375 78.375 -0.74115
10.375 78.625 -0.47746
10.375 78.875 -0.52448
10.375 79.125 -0.3346
10.375 79.375 NaN
10.375 79.625 NaN
10.625 76.125 -0.37029
10.625 76.375 1.4654
10.625 76.625 0.43665
10.625 76.875 0.43688
10.625 77.125 -0.087541
10.625 77.375 -0.042604
10.625 77.625 0.60885
10.625 77.875 0.44402
10.625 78.125 -1.3988
10.625 78.375 -0.43485
10.625 78.625 0.02904
10.625 78.875 1.2682
10.625 79.125 0.74869
10.625 79.375 -0.27782
10.625 79.625 -0.65231
10.875 76.125 0.77554
10.875 76.375 1.5458
10.875 76.625 0.20826
10.875 76.875 -0.23724
10.875 77.125 0.9565
10.875 77.375 0.62404
10.875 77.625 1.7941
10.875 77.875 0.38505
10.875 78.125 -0.50884
10.875 78.375 -0.11787
10.875 78.625 -0.023107
10.875 78.875 0.54344
10.875 79.125 -0.48205
10.875 79.375 -0.22703
10.875 79.625 -0.43921
11.125 76.125 0.53388
11.125 76.375 1.5952
11.125 76.625 0.23952
11.125 76.875 3.2755
11.125 77.125 1.6176
11.125 77.375 1.3024
11.125 77.625 1.3199
11.125 77.875 1.173
11.125 78.125 0.15664
11.125 78.375 0.3045
11.125 78.625 0.43763
11.125 78.875 -0.44152
11.125 79.125 -0.055002
11.125 79.375 0.71485
11.125 79.625 -0.013837
11.375 75.875 0.15422
11.375 76.125 1.0409
11.375 76.375 1.8205
11.375 76.625 0.65837
11.375 76.875 1.6469
11.375 77.125 1.5531
11.375 77.375 2.0575
11.375 77.625 0.99693
11.375 77.875 2.0251
11.375 78.125 0.37345
11.375 78.375 0.33313
11.375 78.625 0.075062
11.375 78.875 0.003315
11.375 79.125 -0.070321
11.375 79.375 0.22737
11.375 79.625 0.10031
11.625 75.875 1.7536
11.625 76.125 1.9307
11.625 76.375 2.3241
11.625 76.625 2.6775
11.625 76.875 1.209
11.625 77.125 1.149
11.625 77.375 1.8752
11.625 77.625 1.6811
11.625 77.875 1.2403
11.625 78.125 -0.4765
11.625 78.375 -0.78705
11.625 78.625 0.29611
11.625 78.875 -0.25383
11.625 79.125 -0.11992
11.625 79.375 0.10345
11.625 79.625 NaN
11.875 75.625 NaN
11.875 75.875 0.37148
11.875 76.125 1.0888
11.875 76.375 3.1422
11.875 76.625 3.4525
11.875 76.875 0.60229
11.875 77.125 1.6064
11.875 77.375 1.2909
11.875 77.625 1.5732
11.875 77.875 0.24917
11.875 78.125 0.7183
11.875 78.375 -0.082395
11.875 78.625 0.14358
11.875 78.875 -0.65808
11.875 79.125 -0.10603
11.875 79.375 -0.38528
11.875 79.625 -0.071735
12.125 75.375 0.76456
12.125 75.625 0.46954
12.125 75.875 1.8335
12.125 76.125 2.4843
12.125 76.375 2.0966
12.125 76.625 3.7542
12.125 76.875 1.8921
12.125 77.125 2.342
12.125 77.375 1.7094
12.125 77.625 1.3649
12.125 77.875 0.78609
12.125 78.125 1.3566
12.125 78.375 1.1925
12.125 78.625 0.34313
12.125 78.875 -0.13382
12.125 79.125 -0.035959
12.125 79.375 -0.2711
12.125 79.625 0.46835
12.375 75.125 0.025801
12.375 75.375 1.25
12.375 75.625 1.461
12.375 75.875 1.8682
12.375 76.125 1.6723
12.375 76.375 2.6067
12.375 76.625 2.8908
12.375 76.875 2.0615
12.375 77.125 2.7195
12.375 77.375 1.626
12.375 77.625 1.7567
12.375 77.875 2.2403
12.375 78.125 2.1293
12.375 78.375 1.563
12.375 78.625 0.55972
12.375 78.875 0.2262
12.375 79.125 0.32844
12.375 79.375 0.40704
12.375 79.625 0.44814
12.375 79.875 0.42661
12.625 75.125 -1.0249
12.625 75.375 -0.45243
12.625 75.625 1.9522
12.625 75.875 2.2519
12.625 76.125 2.1275
12.625 76.375 2.6809
12.625 76.625 3.1416
12.625 76.875 3.85
12.625 77.125 3.5207
12.625 77.375 2.118
12.625 77.625 3.728
12.625 77.875 3.5243
12.625 78.125 2.229
12.625 78.375 1.2067
12.625 78.625 0.50403
12.625 78.875 0.73611
12.625 79.125 1.0062
12.625 79.375 1.4029
12.625 79.625 0.44989
12.625 79.875 -0.33375
12.875 75.125 0.98661
12.875 75.375 1.7476
12.875 75.625 1.6476
12.875 75.875 3.7057
12.875 76.125 2.9095
12.875 76.375 2.6255
12.875 76.625 3.074
12.875 76.875 2.0704
12.875 77.125 2.867
12.875 77.375 3.5052
12.875 77.625 3.316
12.875 77.875 2.9106
12.875 78.125 2.579
12.875 78.375 1.3585
12.875 78.625 0.10149
12.875 78.875 0.47118
12.875 79.125 0.87762
12.875 79.375 1.0212
12.875 79.625 0.56013
12.875 79.875 0.55635
13.125 74.875 NaN
13.125 75.125 1.102
13.125 75.375 0.2644
13.125 75.625 1.1463
13.125 75.875 2.7001
13.125 76.125 2.0436
13.125 76.375 3.1474
13.125 76.625 3.0935
13.125 76.875 2.5239
13.125 77.125 2.6155
13.125 77.375 3.4142
13.125 77.625 3.929
13.125 77.875 3.0951
13.125 78.125 2.6749
13.125 78.375 1.924
13.125 78.625 0.88847
13.125 78.875 0.49786
13.125 79.125 0.44151
13.125 79.375 0.68196
13.125 79.625 0.63943
13.125 79.875 0.5133
13.125 80.125 0.54292
13.375 74.875 NaN
13.375 75.125 1.1698
13.375 75.375 0.65075
13.375 75.625 0.71383
13.375 75.875 1.5642
13.375 76.125 2.3513
13.375 76.375 2.2235
13.375 76.625 3.3922
13.375 76.875 3.6882
13.375 77.125 3.8265
13.375 77.375 2.4458
13.375 77.625 2.8585
13.375 77.875 3.0089
13.375 78.125 2.01
13.375 78.375 1.7273
13.375 78.625 1.0018
13.375 78.875 0.37478
13.375 79.125 0.15665
13.375 79.375 0.92967
13.375 79.625 0.45332
13.375 79.875 0.47524
13.375 80.125 0.57496
13.625 74.875 -0.076212
13.625 75.125 1.7609
13.625 75.375 0.64352
13.625 75.625 1.0116
13.625 75.875 1.67
13.625 76.125 2.2302
13.625 76.375 2.8814
13.625 76.625 2.2743
13.625 76.875 3.6168
13.625 77.125 3.246
13.625 77.375 2.6816
13.625 77.625 2.0439
13.625 77.875 2.4437
13.625 78.125 1.8164
13.625 78.375 1.1339
13.625 78.625 0.43288
13.625 78.875 0.5736
13.625 79.125 0.82299
13.625 79.375 0.74834
13.625 79.625 0.6872
13.625 79.875 0.74833
13.625 80.125 0.57118
13.875 74.875 1.0636
13.875 75.125 1.2739
13.875 75.375 1.133
13.875 75.625 2.0613
13.875 75.875 2.1341
13.875 76.125 1.8424
13.875 76.375 3.5631
13.875 76.625 4.0212
13.875 76.875 3.6815
13.875 77.125 2.6271
13.875 77.375 2.3622
13.875 77.625 1.8532
13.875 77.875 2.163
13.875 78.125 2.0798
13.875 78.375 1.5546
13.875 78.625 0.67195
13.875 78.875 0.47565
13.875 79.125 0.40794
13.875 79.375 0.47695
13.875 79.625 0.81141
13.875 79.875 0.8687
14.125 74.625 -0.3047
14.125 74.875 0.27851
14.125 75.125 0.66891
14.125 75.375 2.4085
14.125 75.625 0.97008
14.125 75.875 2.5619
14.125 76.125 1.3341
14.125 76.375 2.0022
14.125 76.625 2.8865
14.125 76.875 3.1948
14.125 77.125 1.7362
14.125 77.375 2.4589
14.125 77.625 1.9595
14.125 77.875 2.1585
14.125 78.125 1.2817
14.125 78.375 1.1258
14.125 78.625 1.039
14.125 78.875 0.81342
14.125 79.125 0.26899
14.125 79.375 0.4013
14.125 79.625 0.80043
14.125 79.875 0.91214
14.375 74.625 -0.40381
14.375 74.875 0.45389
14.375 75.125 0.61346
14.375 75.375 0.8744
14.375 75.625 1.9033
14.375 75.875 2.5875
14.375 76.125 2.259
14.375 76.375 1.8853
14.375 76.625 2.8879
14.375 76.875 3.2169
14.375 77.125 1.859
14.375 77.375 2.6227
14.375 77.625 1.7088
14.375 77.875 1.6743
14.375 78.125 1.4812
14.375 78.375 0.95335
14.375 78.625 0.4735
14.375 78.875 0.40407
14.375 79.125 0.78729
14.375 79.375 1.0613
14.375 79.625 0.8396
14.375 79.875 1.234
14.625 74.375 NaN
14.625 74.625 -0.48984
14.625 74.875 -0.41436
14.625 75.125 0.1798
14.625 75.375 1.5107
14.625 75.625 1.936
14.625 75.875 2.9479
14.625 76.125 2.8153
14.625 76.375 2.7981
14.625 76.625 3.0827
14.625 76.875 2.5139
14.625 77.125 2.5575
14.625 77.375 2.1501
14.625 77.625 1.0821
14.625 77.875 0.75253
14.625 78.125 1.5535
14.625 78.375 0.78135
14.625 78.625 0.73077
14.625 78.875 0.68147
14.625 79.125 0.87141
14.625 79.375 0.96347
14.625 79.625 0.7924
14.625 79.875 1.0782
14.875 74.375 -0.079255
14.875 74.625 -0.49056
14.875 74.875 0.41322
14.875 75.125 1.4394
14.875 75.375 1.0962
14.875 75.625 1.7779
14.875 75.875 3.1982
14.875 76.125 1.6701
14.875 76.375 1.4711
14.875 76.625 2.2313
14.875 76.875 2.2807
14.875 77.125 2.979
14.875 77.375 2.8527
14.875 77.625 0.82305
14.875 77.875 0.64438
14.875 78.125 1.1826
14.875 78.375 0.70675
14.875 78.625 0.21196
14.875 78.875 0.50518
14.875 79.125 0.73673
14.875 79.375 0.22485
14.875 79.625 0.93312
14.875 79.875 0.97407
15.125 74.125 0.35149
15.125 74.375 0.5195
15.125 74.625 0.38654
15.125 74.875 1.1332
15.125 75.125 2.1111
15.125 75.375 2.8124
15.125 75.625 1.7509
15.125 75.875 2.7153
15.125 76.125 2.3234
15.125 76.375 1.8817
15.125 76.625 1.9138
15.125 76.875 2.2292
15.125 77.125 1.917
15.125 77.375 0.96377
15.125 77.625 1.2279
15.125 77.875 1.1219
15.125 78.125 0.32306
15.125 78.375 0.65483
15.125 78.625 0.68418
15.125 78.875 0.9666
15.125 79.125 0.89243
15.125 79.375 1.3522
15.125 79.625 1.7406
15.125 79.875 1.3555
15.375 73.875 -0.61711
15.375 74.125 0.80927
15.375 74.375 0.90312
15.375 74.625 0.59325
15.375 74.875 1.23
15.375 75.125 1.7983
15.375 75.375 2.1288
15.375 75.625 1.4921
15.375 75.875 1.9033
15.375 76.125 1.4924
15.375 76.375 1.9988
15.375 76.625 0.87637
15.375 76.875 1.4487
15.375 77.125 1.7054
15.375 77.375 1.5311
15.375 77.625 1.2997
15.375 77.875 0.80768
15.375 78.125 1.7029
15.375 78.375 1.3025
15.375 78.625 1.0432
15.375 78.875 1.3329
15.375 79.125 0.68905
15.375 79.375 0.81127
15.375 79.625 0.73101
15.375 79.875 0.96129
15.625 73.875 -0.34812
15.625 74.125 -0.45701
15.625 74.375 -0.47249
15.625 74.625 0.87426
15.625 74.875 1.4505
15.625 75.125 1.26
15.625 75.375 1.3853
15.625 75.625 1.1455
15.625 75.875 1.7766
15.625 76.125 1.633
15.625 76.375 0.73671
15.625 76.625 0.59484
15.625 76.875 0.89509
15.625 77.125 1.0905
15.625 77.375 0.9721
15.625 77.625 1.1868
15.625 77.875 0.8215
15.625 78.125 0.88446
15.625 78.375 1.1141
15.625 78.625 0.39894
15.625 78.875 1.506
15.625 79.125 0.61145
15.625 79.375 0.53259
15.625 79.625 1.3399
15.625 79.875 0.6711
15.625 80.125 0.53184
15.875 73.875 0.7096
15.875 74.125 0.2416
15.875 74.375 0.4899
15.875 74.625 1.1079
15.875 74.875 1.5415
15.875 75.125 2.0077
15.875 75.375 2.0931
15.875 75.625 1.1025
15.875 75.875 0.74399
15.875 76.125 1.9751
15.875 76.375 1.6151
15.875 76.625 1.6286
15.875 76.875 1.2017
15.875 77.125 0.052388
15.875 77.375 0.78532
15.875 77.625 0.87411
15.875 77.875 1.4309
15.875 78.125 1.7014
15.875 78.375 1.3021
15.875 78.625 1.3002
15.875 78.875 0.91704
15.875 79.125 0.64247
15.875 79.375 1.0295
15.875 79.625 0.73815
15.875 79.875 0.43401
15.875 80.125 0.58301
15.875 80.375 0.56241
15.875 80.625 NaN
15.875 80.875 0.42819
16.125 73.625 0.92196
16.125 73.875 0.30773
16.125 74.125 -0.083234
16.125 74.375 1.0346
16.125 74.625 1.5926
16.125 74.875 1.5299
16.125 75.125 1.4252
16.125 75.375 1.2039
16.125 75.625 0.39243
16.125 75.875 -0.059104
16.125 76.125 1.2264
16.125 76.375 0.67606
16.125 76.625 0.4009
16.125 76.875 0.70105
16.125 77.125 0.72672
16.125 77.375 1.0437
16.125 77.625 0.46316
16.125 77.875 1.1273
16.125 78.125 1.1523
16.125 78.375 1.0326
16.125 78.625 0.57312
16.125 78.875 0.71547
16.125 79.125 0.89036
16.125 79.375 0.98925
16.125 79.625 0.77094
16.125 79.875 0.79661
16.125 80.125 0.96916
16.125 80.375 0.41833
16.125 80.625 0.69992
16.125 80.875 0.40581
16.375 73.625 1.1685
16.375 73.875 0.61407
16.375 74.125 1.0192
16.375 74.375 2.1358
16.375 74.625 2.651
16.375 74.875 1.534
16.375 75.125 1.6298
16.375 75.375 0.89225
16.375 75.625 0.24181
16.375 75.875 0.092449
16.375 76.125 1.2578
16.375 76.375 0.69128
16.375 76.625 0.24364
16.375 76.875 0.73208
16.375 77.125 0.6067
16.375 77.375 1.12
16.375 77.625 1.2134
16.375 77.875 0.10015
16.375 78.125 1.491
16.375 78.375 1.3851
16.375 78.625 1.4691
16.375 78.875 0.15739
16.375 79.125 1.2602
16.375 79.375 0.80576
16.375 79.625 0.56966
16.375 79.875 0.65809
16.375 80.125 0.053302
16.375 80.375 -0.38273
16.375 80.625 0.48707
16.375 80.875 0.12183
16.375 81.125 0.12525
16.375 81.375 NaN
16.375 81.625 NaN
16.625 73.625 0.79433
16.625 73.875 1.8042
16.625 74.125 1.2885
16.625 74.375 1.4242
16.625 74.625 1.2367
16.625 74.875 0.78772
16.625 75.125 0.87552
16.625 75.375 0.48846
16.625 75.625 1.1238
16.625 75.875 1.1793
16.625 76.125 1.0534
16.625 76.375 0.66895
16.625 76.625 0.45178
16.625 76.875 0.44104
16.625 77.125 0.83589
16.625 77.375 1.0046
16.625 77.625 2.2292
16.625 77.875 1.2732
16.625 78.125 2.5564
16.625 78.375 2.4075
16.625 78.625 1.61
16.625 78.875 0.0757
16.625 79.125 -0.19213
16.625 79.375 0.51034
16.625 79.625 0.53425
16.625 79.875 0.19354
16.625 80.125 -0.023076
16.625 80.375 0.64482
16.625 80.625 0.93505
16.625 80.875 0.19644
16.625 81.125 0.74729
16.625 81.375 0.50339
16.625 81.625 0.50224
16.625 81.875 0.38042
16.625 82.125 0.32725
16.875 73.375 0.81351
16.875 73.625 1.6249
16.875 73.875 1.7474
16.875 74.125 -0.72051
16.875 74.375 0.33282
16.875 74.625 0.94246
16.875 74.875 0.59224
16.875 75.125 0.74633
16.875 75.375 1.9819
16.875 75.625 1.2342
16.875 75.875 1.1517
16.875 76.125 0.29983
16.875 76.375 0.23115
16.875 76.625 0.70286
16.875 76.875 0.98342
16.875 77.125 1.0685
16.875 77.375 1.4046
16.875 77.625 0.57684
16.875 77.875 0.93597
16.875 78.125 1.1918
16.875 78.375 1.3882
16.875 78.625 1.1104
16.875 78.875 0.53904
16.875 79.125 0.23407
16.875 79.375 0.52695
16.875 79.625 -0.42575
16.875 79.875 -0.13852
16.875 80.125 0.23837
16.875 80.375 0.5224
16.875 80.625 1.0402
16.875 80.875 1.781
16.875 81.125 0.98999
16.875 81.375 0.032403
16.875 81.625 0.15599
16.875 81.875 0.6992
16.875 82.125 0.61379
17.125 73.375 0.64972
17.125 73.625 1.0297
17.125 73.875 0.28257
17.125 74.125 -0.089289
17.125 74.375 0.11034
17.125 74.625 0.65128
17.125 74.875 0.46186
17.125 75.125 0.62634
17.125 75.375 1.1201
17.125 75.625 0.74873
17.125 75.875 -0.25771
17.125 76.125 0.11886
17.125 76.375 0.34875
17.125 76.625 0.27995
17.125 76.875 0.66686
17.125 77.125 0.80648
17.125 77.375 1.8034
17.125 77.625 0.75223
17.125 77.875 0.68641
17.125 78.125 0.81706
17.125 78.375 1.1082
17.125 78.625 0.3156
17.125 78.875 1.0363
17.125 79.125 1.3259
17.125 79.375 0.70928
17.125 79.625 0.32975
17.125 79.875 -0.041908
17.125 80.125 0.36551
17.125 80.375 0.39631
17.125 80.625 0.61516
17.125 80.875 0.80198
17.125 81.125 1.3769
17.125 81.375 1.0966
17.125 81.625 0.51683
17.125 81.875 0.82293
17.125 82.125 0.52319
17.125 82.375 0.44921
17.375 73.375 0.30066
17.375 73.625 0.81671
17.375 73.875 0.76207
17.375 74.125 0.61214
17.375 74.375 0.26307
17.375 74.625 0.71398
17.375 74.875 0.39616
17.375 75.125 0.57626
17.375 75.375 0.6497
17.375 75.625 0.22577
17.375 75.875 -0.95964
17.375 76.125 -0.32145
17.375 76.375 0.43387
17.375 76.625 0.21865
17.375 76.875 0.45004
17.375 77.125 0.24378
17.375 77.375 1.4334
17.375 77.625 0.8782
17.375 77.875 -0.49585
17.375 78.125 1.461
17.375 78.375 1.2115
17.375 78.625 -0.37792
17.375 78.875 1.7491
17.375 79.125 1.6784
17.375 79.375 0.85127
17.375 79.625 0.60587
17.375 79.875 0.35087
17.375 80.125 0.88046
17.375 80.375 0.62252
17.375 80.625 0.31096
17.375 80.875 0.13865
17.375 81.125 0.3264
17.375 81.375 0.25296
17.375 81.625 0.2806
17.375 81.875 0.40746
17.375 82.125 0.26157
17.375 82.375 0.30216
17.375 82.625 NaN
17.625 73.375 0.6135
17.625 73.625 -0.078416
17.625 73.875 0.33839
17.625 74.125 0.74952
17.625 74.375 0.23323
17.625 74.625 0.24156
17.625 74.875 0.38212
17.625 75.125 0.55584
17.625 75.375 0.48066
17.625 75.625 0.42513
17.625 75.875 -0.33027
17.625 76.125 0.49599
17.625 76.375 1.0168
17.625 76.625 0.70625
17.625 76.875 0.51302
17.625 77.125 0.6723
17.625 77.375 0.81554
17.625 77.625 1.2924
17.625 77.875 0.010089
17.625 78.125 1.2055
17.625 78.375 1.2064
17.625 78.625 0.58063
17.625 78.875 1.4298
17.625 79.125 0.76059
17.625 79.375 0.85872
17.625 79.625 1.446
17.625 79.875 1.0725
17.625 80.125 0.78042
17.625 80.375 0.82235
17.625 80.625 0.35888
17.625 80.875 0.35475
17.625 81.125 0.18845
17.625 81.375 0.094753
17.625 81.625 0.071835
17.625 81.875 -0.27548
17.625 82.125 -0.15026
17.625 82.375 0.021237
17.625 82.625 0.073841
17.625 82.875 0.04779
17.625 83.125 0.59232
17.875 73.375 0.39871
17.875 73.625 -0.10811
17.875 73.875 0.63624
17.875 74.125 0.60138
17.875 74.375 0.29874
17.875 74.625 0.23972
17.875 74.875 0.4576
17.875 75.125 0.51987
17.875 75.375 0.33803
17.875 75.625 0.68605
17.875 75.875 0.82702
17.875 76.125 0.78499
17.875 76.375 1.2689
17.875 76.625 1.3771
17.875 76.875 0.7582
17.875 77.125 0.43584
17.875 77.375 0.31256
17.875 77.625 0.59672
17.875 77.875 0.53358
17.875 78.125 0.78535
17.875 78.375 0.92216
17.875 78.625 0.90433
17.875 78.875 1.187
17.875 79.125 1.8696
17.875 79.375 0.064796
17.875 79.625 0.62942
17.875 79.875 1.5692
17.875 80.125 0.42794
17.875 80.375 0.55525
17.875 80.625 0.83948
17.875 80.875 0.51284
17.875 81.125 0.34687
17.875 81.375 0.063094
17.875 81.625 -0.09148
17.875 81.875 -0.25234
17.875 82.125 -0.33835
17.875 82.375 -0.22048
17.875 82.625 0.88115
17.875 82.875 0.47072
17.875 83.125 0.61899
17.875 83.375 0.64771
18.125 73.125 NaN
18.125 73.375 0.2103
18.125 73.625 0.38948
18.125 73.875 0.72712
18.125 74.125 0.41453
18.125 74.375 0.2704
18.125 74.625 0.60194
18.125 74.875 0.87073
18.125 75.125 0.99471
18.125 75.375 -0.2777
18.125 75.625 0.51189
18.125 75.875 0.77744
18.125 76.125 1.104
18.125 76.375 1.2936
18.125 76.625 1.2364
18.125 76.875 0.86922
18.125 77.125 0.87083
18.125 77.375 1.2279
18.125 77.625 1.0854
18.125 77.875 1.1095
18.125 78.125 1.0071
18.125 78.375 1.2522
18.125 78.625 1.1137
18.125 78.875 1.0285
18.125 79.125 0.84819
18.125 79.375 1.3904
18.125 79.625 0.93982
18.125 79.875 1.2143
18.125 80.125 -0.40493
18.125 80.375 0.062418
18.125 80.625 1.7985
18.125 80.875 1.0975
18.125 81.125 0.1354
18.125 81.375 0.1412
18.125 81.625 -0.22968
18.125 81.875 -0.29731
18.125 82.125 -0.18582
18.125 82.375 -0.1033
18.125 82.625 0.19624
18.125 82.875 0.50763
18.125 83.125 0.31715
18.125 83.375 0.56546
18.125 83.625 0.49854
18.375 73.125 -0.2381
18.375 73.375 0.42949
18.375 73.625 0.73086
18.375 73.875 0.68288
18.375 74.125 0.51126
18.375 74.375 0.14748
18.375 74.625 1.0698
18.375 74.875 1.3251
18.375 75.125 0.90346
18.375 75.375 1.1786
18.375 75.625 0.89822
18.375 75.875 0.59257
18.375 76.125 0.86039
18.375 76.375 0.8258
18.375 76.625 0.47022
18.375 76.875 0.86457
18.375 77.125 0.80924
18.375 77.375 0.42237
18.375 77.625 0.58126
18.375 77.875 0.90823
18.375 78.125 1.4024
18.375 78.375 1.3015
18.375 78.625 1.7252
18.375 78.875 1.6178
18.375 79.125 -1.5208
18.375 79.375 0.28381
18.375 79.625 0.59023
18.375 79.875 0.10039
18.375 80.125 -0.38298
18.375 80.375 0.98155
18.375 80.625 1.2996
18.375 80.875 0.23865
18.375 81.125 0.043913
18.375 81.375 0.093376
18.375 81.625 -0.073215
18.375 81.875 0.12566
18.375 82.125 0.6884
18.375 82.375 0.33418
18.375 82.625 0.6473
18.375 82.875 0.38921
18.375 83.125 0.44715
18.375 83.375 -0.16828
18.375 83.625 0.057913
18.375 83.875 0.089337
18.625 73.125 0.80832
18.625 73.375 0.2643
18.625 73.625 -0.19841
18.625 73.875 0.45407
18.625 74.125 0.9687
18.625 74.375 0.6546
18.625 74.625 1.4517
18.625 74.875 2.7831
18.625 75.125 0.63259
18.625 75.375 0.64138
18.625 75.625 0.59685
18.625 75.875 0.35656
18.625 76.125 0.50996
18.625 76.375 0.18316
18.625 76.625 0.17904
18.625 76.875 -0.013215
18.625 77.125 0.48019
18.625 77.375 0.43893
18.625 77.625 1.1165
18.625 77.875 1.3316
18.625 78.125 1.3986
18.625 78.375 1.5372
18.625 78.625 1.0791
18.625 78.875 1.1638
18.625 79.125 0.77899
18.625 79.375 0.50188
18.625 79.625 1.1213
18.625 79.875 0.62519
18.625 80.125 0.40687
18.625 80.375 0.49027
18.625 80.625 0.52022
18.625 80.875 -0.24733
18.625 81.125 -0.08996
18.625 81.375 0.17961
18.625 81.625 0.32118
18.625 81.875 0.84484
18.625 82.125 0.66004
18.625 82.375 0.74744
18.625 82.625 0.69829
18.625 82.875 0.92938
18.625 83.125 0.5377
18.625 83.375 -0.17633
18.625 83.625 0.0037237
18.625 83.875 0.45493
18.625 84.125 0.35144
18.875 73.125 1.1095
18.875 73.375 -0.21488
18.875 73.625 0.54401
18.875 73.875 0.46901
18.875 74.125 0.69019
18.875 74.375 1.0999
18.875 74.625 0.44521
18.875 74.875 0.8346
18.875 75.125 -0.38103
18.875 75.375 -0.14999
18.875 75.625 0.25353
18.875 75.875 0.19575
18.875 76.125 0.64519
18.875 76.375 0.43769
18.875 76.625 0.23654
18.875 76.875 0.18888
18.875 77.125 0.5471
18.875 77.375 0.96596
18.875 77.625 1.3121
18.875 77.875 1.6909
18.875 78.125 1.819
18.875 78.375 1.8422
18.875 78.625 1.2156
18.875 78.875 1.1525
18.875 79.125 0.98269
18.875 79.375 0.95364
18.875 79.625 1.1497
18.875 79.875 0.96843
18.875 80.125 0.57794
18.875 80.375 0.21357
18.875 80.625 0.02804
18.875 80.875 0.040203
18.875 81.125 -0.2125
18.875 81.375 0.46544
18.875 81.625 0.82421
18.875 81.875 0.67097
18.875 82.125 0.63759
18.875 82.375 0.76164
18.875 82.625 0.14207
18.875 82.875 -0.031253
18.875 83.125 -0.17165
18.875 83.375 -0.31396
18.875 83.625 0.93284
18.875 83.875 0.86228
18.875 84.125 -0.39068
18.875 84.375 -0.49324
19.125 73.125 1.0269
19.125 73.375 1.4368
19.125 73.625 1.5501
19.125 73.875 1.5223
19.125 74.125 1.0105
19.125 74.375 1.6177
19.125 74.625 0.72117
19.125 74.875 0.3902
19.125 75.125 0.18963
19.125 75.375 -0.14332
19.125 75.625 0.31576
19.125 75.875 0.37738
19.125 76.125 0.19742
19.125 76.375 0.40945
19.125 76.625 0.31051
19.125 76.875 -0.021296
19.125 77.125 0.59464
19.125 77.375 0.96095
19.125 77.625 1.0348
19.125 77.875 1.5195
19.125 78.125 1.8444
19.125 78.375 1.6829
19.125 78.625 1.5663
19.125 78.875 1.4446
19.125 79.125 1.3784
19.125 79.375 1.1387
19.125 79.625 1.2126
19.125 79.875 0.94667
19.125 80.125 0.9779
19.125 80.375 0.50165
19.125 80.625 0.13699
19.125 80.875 -0.16083
19.125 81.125 -0.037286
19.125 81.375 0.28917
19.125 81.625 0.86301
19.125 81.875 0.44374
19.125 82.125 0.28694
19.125 82.375 -0.28238
19.125 82.625 -0.52639
19.125 82.875 -0.43964
19.125 83.125 -0.38971
19.125 83.375 -0.13589
19.125 83.625 0.95468
19.125 83.875 0.76887
19.125 84.125 -0.079991
19.125 84.375 0.046994
19.125 84.625 0.044225
19.375 72.875 0.74719
19.375 73.125 1.032
19.375 73.375 2.0635
19.375 73.625 2.3174
19.375 73.875 1.6926
19.375 74.125 1.8467
19.375 74.375 1.7869
19.375 74.625 1.5965
19.375 74.875 1.3946
19.375 75.125 0.59807
19.375 75.375 0.34154
19.375 75.625 0.4663
19.375 75.875 0.090369
19.375 76.125 -0.12208
19.375 76.375 -0.16339
19.375 76.625 -0.42105
19.375 76.875 -0.24082
19.375 77.125 0.15552
19.375 77.375 0.56118
19.375 77.625 0.7384
19.375 77.875 1.4737
19.375 78.125 1.4196
19.375 78.375 1.344
19.375 78.625 1.2464
19.375 78.875 1.0966
19.375 79.125 1.1985
19.375 79.375 1.0659
19.375 79.625 1.0527
19.375 79.875 0.75992
19.375 80.125 0.56387
19.375 80.375 0.47394
19.375 80.625 0.19534
19.375 80.875 0.23949
19.375 81.125 -0.22069
19.375 81.375 -0.50945
19.375 81.625 -0.093022
19.375 81.875 0.66226
19.375 82.125 1.3902
19.375 82.375 -0.32419
19.375 82.625 -0.36456
19.375 82.875 -0.17857
19.375 83.125 -0.69203
19.375 83.375 -0.32272
19.375 83.625 0.38634
19.375 83.875 0.23349
19.375 84.125 0.12764
19.375 84.375 0.090461
19.375 84.625 -0.044543
19.375 84.875 -0.090038
19.625 72.875 0.22852
19.625 73.125 1.1803
19.625 73.375 1.9089
19.625 73.625 2.4377
19.625 73.875 1.9115
19.625 74.125 1.9923
19.625 74.375 1.9681
19.625 74.625 1.776
19.625 74.875 1.953
19.625 75.125 1.0625
19.625 75.375 0.022452
19.625 75.625 -0.46699
19.625 75.875 0.031105
19.625 76.125 0.07531
19.625 76.375 -0.21745
19.625 76.625 -0.57785
19.625 76.875 -0.29391
19.625 77.125 -0.21043
19.625 77.375 0.37229
19.625 77.625 1.6585
19.625 77.875 1.4491
19.625 78.125 1.0125
19.625 78.375 0.82784
19.625 78.625 0.64378
19.625 78.875 0.4776
19.625 79.125 0.074016
19.625 79.375 0.24684
19.625 79.625 0.98023
19.625 79.875 0.73781
19.625 80.125 0.52348
19.625 80.375 0.41254
19.625 80.625 0.34155
19.625 80.875 0.44356
19.625 81.125 -0.035976
19.625 81.375 -0.30507
19.625 81.625 0.10556
19.625 81.875 0.3971
19.625 82.125 0.0051318
19.625 82.375 0.3107
19.625 82.625 -0.092956
19.625 82.875 0.27396
19.625 83.125 0.24748
19.625 83.375 0.72382
19.625 83.625 1.1611
19.625 83.875 1.0664
19.625 84.125 0.49871
19.625 84.375 0.31687
19.625 84.625 0.24153
19.625 84.875 0.12779
19.625 85.125 -0.043797
19.625 85.375 -0.51537
19.875 72.875 0.82381
19.875 73.125 1.0292
19.875 73.375 1.9313
19.875 73.625 1.7356
19.875 73.875 0.91981
19.875 74.125 1.2445
19.875 74.375 1.0172
19.875 74.625 1.2788
19.875 74.875 1.3617
19.875 75.125 0.43394
19.875 75.375 -0.18809
19.875 75.625 0.058691
19.875 75.875 0.73539
19.875 76.125 0.36241
19.875 76.375 0.20064
19.875 76.625 0.20077
19.875 76.875 0.36329
19.875 77.125 0.3357
19.875 77.375 0.74403
19.875 77.625 2.1433
19.875 77.875 1.4306
19.875 78.125 0.71349
19.875 78.375 0.66947
19.875 78.625 0.65293
19.875 78.875 0.41494
19.875 79.125 0.45322
19.875 79.375 0.93612
19.875 79.625 0.69483
19.875 79.875 0.60945
19.875 80.125 0.5399
19.875 80.375 0.61375
19.875 80.625 0.8047
19.875 80.875 0.47708
19.875 81.125 0.3838
19.875 81.375 0.6363
19.875 81.625 -0.029869
19.875 81.875 0.10347
19.875 82.125 -0.5271
19.875 82.375 0.28945
19.875 82.625 -0.22904
19.875 82.875 -0.29279
19.875 83.125 0.54414
19.875 83.375 0.74715
19.875 83.625 1.0978
19.875 83.875 0.89381
19.875 84.125 0.58488
19.875 84.375 0.37002
19.875 84.625 0.14519
19.875 84.875 -0.42287
19.875 85.125 -0.60722
19.875 85.375 -0.47136
19.875 85.625 NaN
19.875 85.875 NaN
19.875 86.125 NaN
20.125 72.875 1.3303
20.125 73.125 1.7864
20.125 73.375 0.5578
20.125 73.625 1.6139
20.125 73.875 1.042
20.125 74.125 0.87394
20.125 74.375 0.72646
20.125 74.625 0.65366
20.125 74.875 0.60406
20.125 75.125 0.38738
20.125 75.375 0.52134
20.125 75.625 0.38713
20.125 75.875 0.5644
20.125 76.125 0.32713
20.125 76.375 0.25001
20.125 76.625 0.075234
20.125 76.875 0.37554
20.125 77.125 0.89746
20.125 77.375 1.06
20.125 77.625 1.6131
20.125 77.875 1.2993
20.125 78.125 0.9448
20.125 78.375 0.73179
20.125 78.625 0.41316
20.125 78.875 0.37838
20.125 79.125 0.41334
20.125 79.375 -0.003432
20.125 79.625 0.55011
20.125 79.875 0.55074
20.125 80.125 0.6096
20.125 80.375 0.59362
20.125 80.625 0.61634
20.125 80.875 0.60322
20.125 81.125 0.90279
20.125 81.375 1.088
20.125 81.625 0.6848
20.125 81.875 -0.13269
20.125 82.125 -0.17964
20.125 82.375 -0.30175
20.125 82.625 -0.23335
20.125 82.875 -0.68207
20.125 83.125 0.37077
20.125 83.375 0.54671
20.125 83.625 0.78567
20.125 83.875 1.1138
20.125 84.125 1.2236
20.125 84.375 0.79877
20.125 84.625 0.10019
20.125 84.875 -0.018663
20.125 85.125 -0.073478
20.125 85.375 -0.051012
20.125 85.625 0.2395
20.125 85.875 -0.22227
20.125 86.125 -0.27866
20.125 86.375 NaN
20.375 73.125 1.2784
20.375 73.375 0.4948
20.375 73.625 1.1802
20.375 73.875 1.0007
20.375 74.125 0.62683
20.375 74.375 0.35521
20.375 74.625 0.6777
20.375 74.875 0.68917
20.375 75.125 0.83861
20.375 75.375 0.54211
20.375 75.625 0.50358
20.375 75.875 0.78423
20.375 76.125 0.38821
20.375 76.375 0.13943
20.375 76.625 -0.065248
20.375 76.875 0.32912
20.375 77.125 0.58233
20.375 77.375 1.1067
20.375 77.625 1.0372
20.375 77.875 0.86119
20.375 78.125 0.96247
20.375 78.375 0.95034
20.375 78.625 0.97573
20.375 78.875 0.45563
20.375 79.125 0.153
20.375 79.375 -0.059504
20.375 79.625 0.4596
20.375 79.875 0.4036
20.375 80.125 0.78108
20.375 80.375 0.69508
20.375 80.625 0.57245
20.375 80.875 0.63885
20.375 81.125 1.2472
20.375 81.375 1.1361
20.375 81.625 0.43068
20.375 81.875 0.19795
20.375 82.125 -0.53922
20.375 82.375 -0.49451
20.375 82.625 0.52203
20.375 82.875 0.52634
20.375 83.125 0.13765
20.375 83.375 -0.036685
20.375 83.625 1.2558
20.375 83.875 1.0673
20.375 84.125 0.72317
20.375 84.375 1.3053
20.375 84.625 0.52593
20.375 84.875 0.14103
20.375 85.125 -0.47485
20.375 85.375 -0.48189
20.375 85.625 -0.48622
20.375 85.875 -0.10739
20.375 86.125 -0.2737
20.375 86.375 -0.71079
20.375 86.625 NaN
20.625 73.125 0.567
20.625 73.375 0.15859
20.625 73.625 -0.32135
20.625 73.875 -0.15754
20.625 74.125 0.78982
20.625 74.375 1.4025
20.625 74.625 1.0306
20.625 74.875 0.18867
20.625 75.125 0.91505
20.625 75.375 0.80725
20.625 75.625 0.40599
20.625 75.875 -0.32767
20.625 76.125 -0.18193
20.625 76.375 -0.0040273
20.625 76.625 0.30399
20.625 76.875 0.1852
20.625 77.125 -0.19804
20.625 77.375 0.53904
20.625 77.625 0.74128
20.625 77.875 1.0012
20.625 78.125 1.2873
20.625 78.375 1.2325
20.625 78.625 1.3154
20.625 78.875 0.98361
20.625 79.125 0.80152
20.625 79.375 0.2922
20.625 79.625 0.56357
20.625 79.875 0.62307
20.625 80.125 1.2216
20.625 80.375 0.28929
20.625 80.625 0.44689
20.625 80.875 0.81012
20.625 81.125 1.1539
20.625 81.375 1.1338
20.625 81.625 0.42156
20.625 81.875 0.21257
20.625 82.125 -0.35278
20.625 82.375 -0.21161
20.625 82.625 -0.46926
20.625 82.875 -0.29362
20.625 83.125 -0.12178
20.625 83.375 -0.38364
20.625 83.625 -0.47042
20.625 83.875 0.36084
20.625 84.125 -0.16902
20.625 84.375 0.42796
20.625 84.625 -0.098914
20.625 84.875 0.079509
20.625 85.125 -0.28612
20.625 85.375 -0.17004
20.625 85.625 -0.99016
20.625 85.875 -0.30418
20.625 86.125 -0.35738
20.625 86.375 -0.51001
20.625 86.625 -0.64946
20.625 86.875 NaN
20.875 70.625 0.021908
20.875 70.875 0.013226
20.875 71.125 -0.0048307
20.875 71.375 0.0039083
20.875 72.875 0.93838
20.875 73.125 0.62369
20.875 73.375 0.073715
20.875 73.625 -0.22734
20.875 73.875 0.3876
20.875 74.125 1.5548
20.875 74.375 1.5528
20.875 74.625 1.1316
20.875 74.875 0.3113
20.875 75.125 0.8444
20.875 75.375 0.53393
20.875 75.625 0.0066024
20.875 75.875 -0.41379
20.875 76.125 -0.33035
20.875 76.375 0.46318
20.875 76.625 0.59797
20.875 76.875 0.29502
20.875 77.125 0.29793
20.875 77.375 0.62149
20.875 77.625 1.2574
20.875 77.875 0.98739
20.875 78.125 1.3394
20.875 78.375 1.4885
20.875 78.625 1.2168
20.875 78.875 1.6332
20.875 79.125 1.6698
20.875 79.375 0.97278
20.875 79.625 0.754
20.875 79.875 0.73003
20.875 80.125 0.75378
20.875 80.375 0.35972
20.875 80.625 0.28678
20.875 80.875 0.78317
20.875 81.125 0.64303
20.875 81.375 0.089253
20.875 81.625 0.067337
20.875 81.875 0.12109
20.875 82.125 -0.43694
20.875 82.375 0.32017
20.875 82.625 -0.43196
20.875 82.875 -0.33876
20.875 83.125 -0.7075
20.875 83.375 -1.0188
20.875 83.625 -0.458
20.875 83.875 -0.45901
20.875 84.125 -0.81848
20.875 84.375 0.0030705
20.875 84.625 -0.27739
20.875 84.875 -0.58382
20.875 85.125 -0.11069
20.875 85.375 -0.25889
20.875 85.625 -0.63727
20.875 85.875 -0.61712
20.875 86.125 -0.69429
20.875 86.375 -0.51589
20.875 86.625 -0.3305
21.125 70.375 0.5572
21.125 70.625 0.42289
21.125 70.875 -0.21024
21.125 71.125 0.20515
21.125 71.375 -0.079549
21.125 71.625 NaN
21.125 71.875 NaN
21.125 72.875 0.6002
21.125 73.125 0.18408
21.125 73.375 0.53339
21.125 73.625 0.444
21.125 73.875 0.95254
21.125 74.125 1.3029
21.125 74.375 0.12231
21.125 74.625 0.25403
21.125 74.875 0.12111
21.125 75.125 -0.10725
21.125 75.375 0.63616
21.125 75.625 0.29908
21.125 75.875 0.20877
21.125 76.125 1.2707
21.125 76.375 1.426
21.125 76.625 0.4166
21.125 76.875 0.16303
21.125 77.125 0.36902
21.125 77.375 1.1457
21.125 77.625 1.4261
21.125 77.875 1.481
21.125 78.125 1.4782
21.125 78.375 1.4221
21.125 78.625 0.93832
21.125 78.875 1.8343
21.125 79.125 1.2607
21.125 79.375 1.5829
21.125 79.625 1.1766
21.125 79.875 1.1698
21.125 80.125 0.5668
21.125 80.375 0.2173
21.125 80.625 0.43127
21.125 80.875 0.89375
21.125 81.125 0.63362
21.125 81.375 0.04441
21.125 81.625 -0.56807
21.125 81.875 0.081533
21.125 82.125 -0.15614
21.125 82.375 0.33181
21.125 82.625 0.23153
21.125 82.875 -0.094444
21.125 83.125 -0.31728
21.125 83.375 -0.49189
21.125 83.625 0.10257
21.125 83.875 -0.04165
21.125 84.125 0.17794
21.125 84.375 -0.121
21.125 84.625 -0.51691
21.125 84.875 -0.80945
21.125 85.125 -0.77601
21.125 85.375 -0.11992
21.125 85.625 -0.275
21.125 85.875 -0.46999
21.125 86.125 -0.12851
21.125 86.375 -0.27696
21.125 86.625 -0.43653
21.375 70.125 0.34389
21.375 70.375 0.19063
21.375 70.625 0.054256
21.375 70.875 -0.18581
21.375 71.125 -0.19369
21.375 71.375 -0.47688
21.375 71.625 -0.52273
21.375 71.875 -0.58913
21.375 72.875 0.45357
21.375 73.125 1.3114
21.375 73.375 1.202
21.375 73.625 1.1842
21.375 73.875 0.79342
21.375 74.125 0.92219
21.375 74.375 0.6444
21.375 74.625 0.23122
21.375 74.875 1.1659
21.375 75.125 0.87467
21.375 75.375 0.4782
21.375 75.625 0.67806
21.375 75.875 0.6024
21.375 76.125 1.9238
21.375 76.375 1.4679
21.375 76.625 0.75175
21.375 76.875 0.084929
21.375 77.125 0.63774
21.375 77.375 2.0137
21.375 77.625 1.4595
21.375 77.875 1.163
21.375 78.125 1.3664
21.375 78.375 2.2375
21.375 78.625 2.1582
21.375 78.875 2.0981
21.375 79.125 1.8539
21.375 79.375 1.6798
21.375 79.625 1.6126
21.375 79.875 1.2315
21.375 80.125 -0.31588
21.375 80.375 -0.14231
21.375 80.625 0.0059894
21.375 80.875 0.095264
21.375 81.125 -0.056806
21.375 81.375 0.074163
21.375 81.625 0.41563
21.375 81.875 0.8379
21.375 82.125 0.48492
21.375 82.375 0.56301
21.375 82.625 0.49427
21.375 82.875 0.35864
21.375 83.125 -0.064196
21.375 83.375 -0.055235
21.375 83.625 -0.066582
21.375 83.875 0.041919
21.375 84.125 -0.0050196
21.375 84.375 -0.0091224
21.375 84.625 0.28199
21.375 84.875 -0.41488
21.375 85.125 -0.42912
21.375 85.375 -0.47623
21.375 85.625 -0.55715
21.375 85.875 -0.44212
21.375 86.125 0.42186
21.375 86.375 -0.61834
21.375 86.625 -0.57485
21.375 86.875 -0.62075
21.625 69.875 0.34456
21.625 70.125 0.0057401
21.625 70.375 0.16678
21.625 70.625 0.14254
21.625 70.875 0.019266
21.625 71.125 -0.031647
21.625 71.375 0.52885
21.625 71.625 0.035369
21.625 71.875 -0.1698
21.625 72.125 -0.16651
21.625 72.875 0.17203
21.625 73.125 0.12706
21.625 73.375 0.53705
21.625 73.625 0.80006
21.625 73.875 0.88775
21.625 74.125 1.2603
21.625 74.375 1.0481
21.625 74.625 1.4687
21.625 74.875 1.5281
21.625 75.125 1.0777
21.625 75.375 0.64262
21.625 75.625 1.1801
21.625 75.875 0.87972
21.625 76.125 0.95352
21.625 76.375 1.0581
21.625 76.625 0.62361
21.625 76.875 1.0578
21.625 77.125 1.7113
21.625 77.375 2.2289
21.625 77.625 1.1846
21.625 77.875 1.4683
21.625 78.125 1.5957
21.625 78.375 2.2221
21.625 78.625 2.36
21.625 78.875 2.2765
21.625 79.125 1.5472
21.625 79.375 0.76821
21.625 79.625 1.1544
21.625 79.875 0.431
21.625 80.125 -0.12249
21.625 80.375 0.38452
21.625 80.625 0.085294
21.625 80.875 -0.13429
21.625 81.125 -0.27726
21.625 81.375 -0.17064
21.625 81.625 0.6134
21.625 81.875 1.1149
21.625 82.125 1.1803
21.625 82.375 0.851
21.625 82.625 0.41685
21.625 82.875 NaN
21.625 83.125 0.32511
21.625 83.375 -0.072137
21.625 83.625 -0.30035
21.625 83.875 -0.094269
21.625 84.125 -0.34606
21.625 84.375 -0.61443
21.625 84.625 -0.2436
21.625 84.875 -0.34448
21.625 85.125 -0.69004
21.625 85.375 -0.55647
21.625 85.625 -0.5657
21.625 85.875 0.060665
21.625 86.125 -0.1657
21.625 86.375 -0.35703
21.625 86.625 -0.71844
21.625 86.875 -0.54815
21.625 87.125 -0.56062
21.625 87.375 NaN
21.875 69.375 NaN
21.875 69.625 0.20816
21.875 69.875 0.10203
21.875 70.125 0.046149
21.875 70.375 0.29484
21.875 70.625 0.11523
21.875 70.875 -0.25243
21.875 71.125 -0.13841
21.875 71.375 0.37046
21.875 71.625 0.22758
21.875 71.875 0.045411
21.875 72.125 0.042394
21.875 72.625 NaN
21.875 72.875 0.83206
21.875 73.125 0.31455
21.875 73.375 0.27362
21.875 73.625 0.19469
21.875 73.875 1.1175
21.875 74.125 0.93745
21.875 74.375 1.2409
21.875 74.625 1.952
21.875 74.875 1.6856
21.875 75.125 0.06235
21.875 75.375 -0.16665
21.875 75.625 1.4486
21.875 75.875 1.2757
21.875 76.125 0.73511
21.875 76.375 0.82239
21.875 76.625 0.69688
21.875 76.875 0.54058
21.875 77.125 1.776
21.875 77.375 1.976
21.875 77.625 1.5713
21.875 77.875 1.2835
21.875 78.125 1.3644
21.875 78.375 1.8127
21.875 78.625 1.6814
21.875 78.875 1.6742
21.875 79.125 0.931
21.875 79.375 0.5953
21.875 79.625 0.88642
21.875 79.875 0.7203
21.875 80.125 0.72733
21.875 80.375 0.93953
21.875 80.625 0.36197
21.875 80.875 0.25049
21.875 81.125 0.021899
21.875 81.375 -0.095721
21.875 81.625 0.4787
21.875 81.875 0.66224
21.875 82.125 0.70068
21.875 82.375 1.1498
21.875 82.625 -0.16855
21.875 82.875 -0.17626
21.875 83.125 0.11008
21.875 83.375 0.61857
21.875 83.625 -0.25914
21.875 83.875 -0.32089
21.875 84.125 -0.27008
21.875 84.375 -0.22268
21.875 84.625 -0.34241
21.875 84.875 -0.31842
21.875 85.125 -0.62611
21.875 85.375 -0.69722
21.875 85.625 -0.55281
21.875 85.875 -0.010626
21.875 86.125 -0.23313
21.875 86.375 -0.45849
21.875 86.625 -0.39234
21.875 86.875 -0.55283
21.875 87.125 -0.42112
21.875 87.375 -0.48999
21.875 87.625 -0.81726
21.875 87.875 -1.2409
21.875 88.375 -0.86954
21.875 88.625 NaN
21.875 88.875 NaN
22.125 69.125 0.58754
22.125 69.375 0.69945
22.125 69.625 0.5059
22.125 69.875 -0.22359
22.125 70.125 -0.017542
22.125 70.375 0.11841
22.125 70.625 0.34187
22.125 70.875 0.16076
22.125 71.125 0.28982
22.125 71.375 -0.045374
22.125 71.625 -0.14738
22.125 71.875 -0.21059
22.125 72.125 -0.13978
22.125 72.625 NaN
22.125 72.875 -0.07324
22.125 73.125 0.00098412
22.125 73.375 0.47348
22.125 73.625 0.159
22.125 73.875 -0.080058
22.125 74.125 0.17207
22.125 74.375 0.4495
22.125 74.625 1.2675
22.125 74.875 0.57775
22.125 75.125 0.03932
22.125 75.375 -0.15905
22.125 75.625 0.8615
22.125 75.875 1.3273
22.125 76.125 1.1153
22.125 76.375 0.9676
22.125 76.625 0.72122
22.125 76.875 0.62621
22.125 77.125 1.2006
22.125 77.375 1.7245
22.125 77.625 1.6389
22.125 77.875 1.3289
22.125 78.125 0.93185
22.125 78.375 0.69957
22.125 78.625 0.80149
22.125 78.875 0.32524
22.125 79.125 0.41309
22.125 79.375 0.43516
22.125 79.625 0.52331
22.125 79.875 1.0251
22.125 80.125 0.88449
22.125 80.375 0.74903
22.125 80.625 0.34028
22.125 80.875 0.21002
22.125 81.125 0.58413
22.125 81.375 0.24173
22.125 81.625 0.49485
22.125 81.875 0.57439
22.125 82.125 0.11905
22.125 82.375 -0.29225
22.125 82.625 -0.065822
22.125 82.875 -0.40334
22.125 83.125 -0.10859
22.125 83.375 0.10376
22.125 83.625 -0.46562
22.125 83.875 -0.63157
22.125 84.125 0.049261
22.125 84.375 0.17911
22.125 84.625 0.26599
22.125 84.875 -0.25937
22.125 85.125 -0.58831
22.125 85.375 -0.60543
22.125 85.625 -0.10606
22.125 85.875 -0.053944
22.125 86.125 -0.24592
22.125 86.375 -0.16763
22.125 86.625 -0.24144
22.125 86.875 -0.2654
22.125 87.125 -0.48906
22.125 87.375 -0.98673
22.125 87.625 -0.92956
22.125 87.875 -0.82699
22.125 88.125 -0.67048
22.125 88.375 -0.72399
22.125 92.875 NaN
22.375 69.125 0.772
22.375 69.875 -0.061466
22.375 70.125 0.22711
22.375 70.375 -0.33074
22.375 70.625 -0.077394
22.375 70.875 -0.1931
22.375 71.125 0.069175
22.375 71.375 -0.22845
22.375 71.625 -0.53667
22.375 71.875 -0.28293
22.375 72.125 -0.36798
22.375 72.625 NaN
22.375 72.875 -0.36256
22.375 73.125 -0.020481
22.375 73.375 0.15417
22.375 73.625 0.69802
22.375 73.875 -0.55945
22.375 74.125 -0.088542
22.375 74.375 0.29551
22.375 74.625 0.30845
22.375 74.875 0.14387
22.375 75.125 0.12659
22.375 75.375 0.63852
22.375 75.625 0.7045
22.375 75.875 1.1027
22.375 76.125 1.395
22.375 76.375 1.354
22.375 76.625 1.6888
22.375 76.875 0.80252
22.375 77.125 0.89771
22.375 77.375 1.3343
22.375 77.625 1.5462
22.375 77.875 1.4335
22.375 78.125 0.75966
22.375 78.375 0.5997
22.375 78.625 0.52723
22.375 78.875 0.72229
22.375 79.125 0.81715
22.375 79.375 0.82482
22.375 79.625 0.40634
22.375 79.875 0.59893
22.375 80.125 0.63852
22.375 80.375 0.91249
22.375 80.625 0.65876
22.375 80.875 0.72399
22.375 81.125 1.4514
22.375 81.375 1.3998
22.375 81.625 0.83729
22.375 81.875 0.31808
22.375 82.125 0.15371
22.375 82.375 -0.10482
22.375 82.625 -0.33156
22.375 82.875 -0.15681
22.375 83.125 0.070911
22.375 83.375 -0.10068
22.375 83.625 -0.37466
22.375 83.875 -0.43395
22.375 84.125 -0.15912
22.375 84.375 -0.2455
22.375 84.625 -0.050523
22.375 84.875 -0.26503
22.375 85.125 -0.3382
22.375 85.375 -0.47566
22.375 85.625 -0.23011
22.375 85.875 -0.063212
22.375 86.125 -0.28959
22.375 86.375 -0.032547
22.375 86.625 -0.23975
22.375 86.875 -0.46375
22.375 87.125 -0.43737
22.375 87.375 -0.92004
22.375 87.625 -0.9307
22.375 87.875 -0.89342
22.375 88.125 -1.2516
22.375 88.375 -0.9931
22.375 88.625 -0.97651
22.375 88.875 -0.95253
22.375 92.875 1.5261
22.625 70.375 0.52246
22.625 70.625 0.39182
22.625 70.875 -0.19584
22.625 71.125 -0.23874
22.625 71.375 -0.2462
22.625 71.625 -0.37778
22.625 71.875 -0.79793
22.625 72.125 -0.77074
22.625 72.375 -0.1229
22.625 72.625 0.33191
22.625 72.875 -0.063019
22.625 73.125 -0.015492
22.625 73.375 0.53177
22.625 73.625 0.18916
22.625 73.875 -0.52196
22.625 74.125 -0.57932
22.625 74.375 -0.15533
22.625 74.625 0.076587
22.625 74.875 0.19019
22.625 75.125 0.12366
22.625 75.375 0.51842
22.625 75.625 0.53967
22.625 75.875 1.5044
22.625 76.125 1.3081
22.625 76.375 1.175
22.625 76.625 1.6573
22.625 76.875 0.82606
22.625 77.125 0.80049
22.625 77.375 1.43
22.625 77.625 1.3357
22.625 77.875 1.6032
22.625 78.125 1.2246
22.625 78.375 0.8052
22.625 78.625 0.46126
22.625 78.875 0.76549
22.625 79.125 0.78457
22.625 79.375 0.73954
22.625 79.625 0.28805
22.625 79.875 0.37803
22.625 80.125 0.40529
22.625 80.375 0.7701
22.625 80.625 1.0668
22.625 80.875 1.4233
22.625 81.125 1.485
22.625 81.375 1.6692
22.625 81.625 0.93019
22.625 81.875 0.3361
22.625 82.125 0.039188
22.625 82.375 -0.021435
22.625 82.625 0.38324
22.625 82.875 0.26341
22.625 83.125 0.15073
22.625 83.375 0.12681
22.625 83.625 0.12898
22.625 83.875 -0.090401
22.625 84.125 -0.52519
22.625 84.375 -0.64777
22.625 84.625 -0.56276
22.625 84.875 -0.3916
22.625 85.125 -0.3939
22.625 85.375 -0.47382
22.625 85.625 0.42548
22.625 85.875 0.67557
22.625 86.125 -0.37867
22.625 86.375 -0.53605
22.625 86.625 -0.4762
22.625 86.875 -0.41938
22.625 87.125 -0.32215
22.625 87.375 -0.87599
22.625 87.625 -0.87327
22.625 87.875 -1.2918
22.625 88.125 -1.0973
22.625 88.375 -1.0722
22.625 88.625 -0.96355
22.625 88.875 -0.92735
22.625 92.625 0.017292
22.625 92.875 1.1602
22.875 69.375 NaN
22.875 69.625 NaN
22.875 69.875 NaN
22.875 70.625 0.30882
22.875 70.875 -0.11138
22.875 71.125 -0.39844
22.875 71.375 -0.54807
22.875 71.625 -0.59095
22.875 71.875 -0.92104
22.875 72.125 -0.76157
22.875 72.375 -0.31493
22.875 72.625 1.0065
22.875 72.875 -0.21867
22.875 73.125 0.53086
22.875 73.375 0.30263
22.875 73.625 0.82766
22.875 73.875 -0.45013
22.875 74.125 -0.17743
22.875 74.375 -0.19033
22.875 74.625 -0.026439
22.875 74.875 0.43357
22.875 75.125 0.39722
22.875 75.375 0.75551
22.875 75.625 0.87712
22.875 75.875 1.6155
22.875 76.125 1.7042
22.875 76.375 1.2658
22.875 76.625 1.4947
22.875 76.875 1.3243
22.875 77.125 1.5431
22.875 77.375 1.4629
22.875 77.625 1.5909
22.875 77.875 1.542
22.875 78.125 1.7216
22.875 78.375 0.88604
22.875 78.625 0.35013
22.875 78.875 0.55919
22.875 79.125 0.83742
22.875 79.375 0.52243
22.875 79.625 0.4205
22.875 79.875 0.30194
22.875 80.125 0.16934
22.875 80.375 0.44597
22.875 80.625 1.2475
22.875 80.875 1.4197
22.875 81.125 1.4434
22.875 81.375 1.3611
22.875 81.625 -0.024637
22.875 81.875 -0.43888
22.875 82.125 -0.2329
22.875 82.375 0.27503
22.875 82.625 0.61215
22.875 82.875 0.45805
22.875 83.125 0.4121
22.875 83.375 0.4796
22.875 83.625 0.29539
22.875 83.875 0.13769
22.875 84.125 -0.51007
22.875 84.375 -0.9035
22.875 84.625 -0.75116
22.875 84.875 -1.0591
22.875 85.125 -0.54138
22.875 85.375 -0.60349
22.875 85.625 -0.77038
22.875 85.875 -0.28213
22.875 86.125 -0.67705
22.875 86.375 -0.9931
22.875 86.625 -0.54148
22.875 86.875 -0.40431
22.875 87.125 -0.68177
22.875 87.375 -0.97248
22.875 87.625 -0.90912
22.875 87.875 -0.81357
22.875 88.125 -1.1134
22.875 88.375 -1.0365
22.875 88.625 -1.1106
22.875 92.625 -0.16042
22.875 92.875 0.69788
23.125 68.875 1.0787
23.125 69.125 1.0279
23.125 69.375 1.0855
23.125 69.625 1.0447
23.125 69.875 0.86886
23.125 70.125 0.28473
23.125 70.875 -0.20811
23.125 71.125 -0.40638
23.125 71.375 -0.64899
23.125 71.625 -0.5306
23.125 71.875 -0.85076
23.125 72.125 -0.32115
23.125 72.375 -0.090788
23.125 72.625 0.35984
23.125 72.875 -0.22977
23.125 73.125 -0.12627
23.125 73.375 0.31887
23.125 73.625 0.59496
23.125 73.875 0.41842
23.125 74.125 0.34259
23.125 74.375 0.20868
23.125 74.625 0.62255
23.125 74.875 0.73985
23.125 75.125 0.67971
23.125 75.375 0.99946
23.125 75.625 0.86816
23.125 75.875 0.9638
23.125 76.125 1.8111
23.125 76.375 1.6597
23.125 76.625 1.4157
23.125 76.875 1.4508
23.125 77.125 2.1251
23.125 77.375 1.7224
23.125 77.625 1.6005
23.125 77.875 1.6301
23.125 78.125 1.2016
23.125 78.375 1.0071
23.125 78.625 0.3263
23.125 78.875 0.63608
23.125 79.125 0.7432
23.125 79.375 0.69502
23.125 79.625 0.38786
23.125 79.875 0.30855
23.125 80.125 0.15387
23.125 80.375 0.17193
23.125 80.625 0.60619
23.125 80.875 1.1618
23.125 81.125 0.73685
23.125 81.375 0.053797
23.125 81.625 -0.11093
23.125 81.875 -1.1005
23.125 82.125 0.061274
23.125 82.375 0.42493
23.125 82.625 0.404
23.125 82.875 0.40279
23.125 83.125 0.0028405
23.125 83.375 0.16075
23.125 83.625 0.32341
23.125 83.875 0.43355
23.125 84.125 -0.57847
23.125 84.375 -0.49444
23.125 84.625 -0.74485
23.125 84.875 -0.95427
23.125 85.125 -0.83287
23.125 85.375 -0.038093
23.125 85.625 0.45207
23.125 85.875 -0.0092185
23.125 86.125 -0.28291
23.125 86.375 -0.51313
23.125 86.625 -0.38422
23.125 86.875 -0.215
23.125 87.125 -0.5663
23.125 87.375 -0.83126
23.125 87.625 -0.81583
23.125 87.875 -1.3285
23.125 88.125 -1.7255
23.125 88.375 -1.5589
23.125 88.625 -1.4168
23.125 91.625 NaN
23.125 92.625 -0.7623
23.125 92.875 -0.55248
23.125 93.125 NaN
23.375 68.875 1.2626
23.375 69.125 1.1599
23.375 69.375 1.1422
23.375 69.625 0.99473
23.375 69.875 0.68237
23.375 70.125 0.31927
23.375 70.375 0.17705
23.375 70.625 0.084149
23.375 70.875 -0.04716
23.375 71.125 -0.033546
23.375 71.375 0.0083465
23.375 71.625 -0.039141
23.375 71.875 0.26839
23.375 72.125 0.059171
23.375 72.375 0.041041
23.375 72.625 0.18999
23.375 72.875 0.31195
23.375 73.125 0.34089
23.375 73.375 0.79379
23.375 73.625 0.64037
23.375 73.875 0.096765
23.375 74.125 0.33374
23.375 74.375 0.76824
23.375 74.625 1.0728
23.375 74.875 1.3734
23.375 75.125 1.2152
23.375 75.375 1.296
23.375 75.625 1.0558
23.375 75.875 1.0086
23.375 76.125 1.3426
23.375 76.375 1.7344
23.375 76.625 2.0681
23.375 76.875 2.3633
23.375 77.125 2.3449
23.375 77.375 1.5328
23.375 77.625 1.1596
23.375 77.875 1.681
23.375 78.125 1.9146
23.375 78.375 1.4456
23.375 78.625 1.0573
23.375 78.875 0.91726
23.375 79.125 0.57035
23.375 79.375 0.66905
23.375 79.625 0.60914
23.375 79.875 0.53671
23.375 80.125 0.21982
23.375 80.375 -0.46986
23.375 80.625 -0.62751
23.375 80.875 -0.0079265
23.375 81.125 0.031999
23.375 81.375 -0.18115
23.375 81.625 -0.19579
23.375 81.875 -0.30723
23.375 82.125 0.0072619
23.375 82.375 0.14195
23.375 82.625 0.29984
23.375 82.875 0.090704
23.375 83.125 -0.57597
23.375 83.375 -1.0046
23.375 83.625 -0.75292
23.375 83.875 -0.2274
23.375 84.125 -0.3158
23.375 84.375 -0.015142
23.375 84.625 -0.53291
23.375 84.875 -0.89243
23.375 85.125 -0.71384
23.375 85.375 0.17362
23.375 85.625 0.49714
23.375 85.875 0.34077
23.375 86.125 0.039954
23.375 86.375 -0.45005
23.375 86.625 -0.79931
23.375 86.875 -0.12922
23.375 87.125 -0.61335
23.375 87.375 -0.6907
23.375 87.625 -0.76057
23.375 87.875 -1.4555
23.375 88.125 -1.7749
23.375 88.375 -1.6837
23.375 88.625 -1.6936
23.375 91.375 -0.74091
23.375 91.625 -0.71793
23.375 92.625 -0.99969
23.375 92.875 -0.78993
23.375 93.125 -0.68663
23.625 68.625 1.6042
23.625 68.875 1.5424
23.625 69.125 1.304
23.625 69.375 1.2064
23.625 69.625 0.88187
23.625 69.875 0.68673
23.625 70.125 0.48638
23.625 70.375 0.32988
23.625 70.625 0.2139
23.625 70.875 0.42359
23.625 71.125 0.6229
23.625 71.375 0.70825
23.625 71.625 -0.21255
23.625 71.875 -0.065202
23.625 72.125 0.14188
23.625 72.375 -0.41285
23.625 72.625 0.48447
23.625 72.875 0.67456
23.625 73.125 0.55835
23.625 73.375 0.5088
23.625 73.625 0.50208
23.625 73.875 0.16185
23.625 74.125 0.38716
23.625 74.375 0.64097
23.625 74.625 1.1405
23.625 74.875 1.6446
23.625 75.125 1.5082
23.625 75.375 1.3742
23.625 75.625 1.6191
23.625 75.875 2.0924
23.625 76.125 1.9203
23.625 76.375 2.0358
23.625 76.625 2.6414
23.625 76.875 2.3291
23.625 77.125 2.1881
23.625 77.375 1.018
23.625 77.625 0.77681
23.625 77.875 1.2074
23.625 78.125 1.6295
23.625 78.375 1.2784
23.625 78.625 1.0403
23.625 78.875 0.96062
23.625 79.125 0.4839
23.625 79.375 0.62145
23.625 79.625 0.78748
23.625 79.875 0.72965
23.625 80.125 0.032805
23.625 80.375 -0.36294
23.625 80.625 -0.50506
23.625 80.875 -0.37749
23.625 81.125 -0.11684
23.625 81.375 -0.11323
23.625 81.625 -0.17008
23.625 81.875 -0.26163
23.625 82.125 0.048306
23.625 82.375 -0.0056099
23.625 82.625 -0.14371
23.625 82.875 -0.87033
23.625 83.125 -1.2567
23.625 83.375 -1.1879
23.625 83.625 -1.152
23.625 83.875 -0.31134
23.625 84.125 0.1285
23.625 84.375 -0.85198
23.625 84.625 -0.90599
23.625 84.875 -0.83653
23.625 85.125 -0.98313
23.625 85.375 -0.032275
23.625 85.625 -0.53937
23.625 85.875 -0.56528
23.625 86.125 -0.9155
23.625 86.375 -0.82726
23.625 86.625 -1.0379
23.625 86.875 -0.74271
23.625 87.125 -0.76746
23.625 87.375 -0.99207
23.625 87.625 -1.0771
23.625 87.875 -1.2471
23.625 88.125 -1.6778
23.625 88.375 -1.8293
23.625 91.375 -0.28614
23.625 91.625 -0.49128
23.625 91.875 NaN
23.625 92.375 -1.3102
23.625 92.625 -1.0206
23.625 92.875 -0.87374
23.625 93.125 -0.69493
23.875 68.875 1.5578
23.875 69.125 1.489
23.875 69.375 1.4449
23.875 69.625 0.97337
23.875 69.875 0.63056
23.875 70.125 0.49722
23.875 70.375 0.34725
23.875 70.625 0.2277
23.875 70.875 0.35076
23.875 71.125 0.53669
23.875 71.375 0.50074
23.875 71.625 0.79878
23.875 71.875 0.62263
23.875 72.125 0.83637
23.875 72.375 0.28719
23.875 72.625 0.40609
23.875 72.875 0.54343
23.875 73.125 0.4197
23.875 73.375 0.72466
23.875 73.625 0.42584
23.875 73.875 0.79899
23.875 74.125 0.75908
23.875 74.375 0.80535
23.875 74.625 0.90103
23.875 74.875 1.2462
23.875 75.125 1.1734
23.875 75.375 1.0671
23.875 75.625 1.8388
23.875 75.875 1.8315
23.875 76.125 2.0034
23.875 76.375 2.0522
23.875 76.625 2.6184
23.875 76.875 2.057
23.875 77.125 1.895
23.875 77.375 1.3482
23.875 77.625 1.0194
23.875 77.875 0.70061
23.875 78.125 0.6393
23.875 78.375 1.0663
23.875 78.625 0.73344
23.875 78.875 0.52369
23.875 79.125 0.26496
23.875 79.375 0.60863
23.875 79.625 0.74427
23.875 79.875 0.64732
23.875 80.125 0.42937
23.875 80.375 -0.025773
23.875 80.625 -0.17792
23.875 80.875 -0.43009
23.875 81.125 -0.39556
23.875 81.375 -0.28118
23.875 81.625 -0.2292
23.875 81.875 -0.17656
23.875 82.125 0.043815
23.875 82.375 -0.22007
23.875 82.625 -0.80635
23.875 82.875 -1.0382
23.875 83.125 -1.2953
23.875 83.375 -1.336
23.875 83.625 -1.2892
23.875 83.875 -0.57924
23.875 84.125 -1.2355
23.875 84.375 -1.086
23.875 84.625 -0.65764
23.875 84.875 -0.46475
23.875 85.125 -0.64598
23.875 85.375 -0.70362
23.875 85.625 0.034408
23.875 85.875 -1.1099
23.875 86.125 -1.5044
23.875 86.375 -1.04
23.875 86.625 -0.89617
23.875 86.875 -0.54694
23.875 87.125 -0.68433
23.875 87.375 -0.96822
23.875 87.625 -1.5417
23.875 87.875 -1.8945
23.875 88.125 -1.8059
23.875 88.375 -1.896
23.875 91.375 -0.27793
23.875 91.625 -0.48115
23.875 91.875 -0.48834
23.875 92.125 -0.867
23.875 92.375 -1.004
23.875 92.625 -0.93871
23.875 92.875 -0.52055
23.875 93.125 -0.46243
23.875 93.375 -0.51764
24.125 68.875 1.6133
24.125 69.125 1.6627
24.125 69.375 1.5899
24.125 69.625 0.95011
24.125 69.875 0.57544
24.125 70.125 0.41167
24.125 70.375 0.26729
24.125 70.625 0.033828
24.125 70.875 0.14848
24.125 71.125 0.087224
24.125 71.375 0.1078
24.125 71.625 0.37405
24.125 71.875 0.93181
24.125 72.125 1.1009
24.125 72.375 0.72506
24.125 72.625 0.87835
24.125 72.875 0.83316
24.125 73.125 0.30812
24.125 73.375 0.39468
24.125 73.625 1.3468
24.125 73.875 1.0941
24.125 74.125 0.53456
24.125 74.375 0.55768
24.125 74.625 1.1236
24.125 74.875 1.346
24.125 75.125 1.3179
24.125 75.375 1.5558
24.125 75.625 1.4866
24.125 75.875 1.3402
24.125 76.125 1.574
24.125 76.375 1.3716
24.125 76.625 1.2023
24.125 76.875 1.6377
24.125 77.125 1.6856
24.125 77.375 1.4605
24.125 77.625 1.1605
24.125 77.875 0.91756
24.125 78.125 0.61624
24.125 78.375 0.3089
24.125 78.625 0.31292
24.125 78.875 0.068035
24.125 79.125 0.088703
24.125 79.375 0.5431
24.125 79.625 0.86859
24.125 79.875 0.56278
24.125 80.125 0.34163
24.125 80.375 -0.40836
24.125 80.625 -0.31688
24.125 80.875 -0.32967
24.125 81.125 -0.64103
24.125 81.375 -0.53107
24.125 81.625 -0.32299
24.125 81.875 -0.1873
24.125 82.125 -0.079345
24.125 82.375 -0.39424
24.125 82.625 -0.83037
24.125 82.875 -0.75715
24.125 83.125 -1.1689
24.125 83.375 -1.4523
24.125 83.625 -1.5107
24.125 83.875 -1.2554
24.125 84.125 -1.1792
24.125 84.375 -1.4674
24.125 84.625 -0.78678
24.125 84.875 -0.43722
24.125 85.125 -0.68809
24.125 85.375 -0.039625
24.125 85.625 0.28404
24.125 85.875 -0.39247
24.125 86.125 -1.2732
24.125 86.375 -1.2531
24.125 86.625 -0.75041
24.125 86.875 0.084194
24.125 87.125 -0.76771
24.125 87.375 -0.74351
24.125 87.625 -1.6362
24.125 87.875 -1.9147
24.125 88.125 -1.8203
24.125 88.375 -1.8542
24.125 91.875 -0.020067
24.125 92.125 0.02134
24.125 92.375 -0.19582
24.125 92.625 -0.14185
24.125 92.875 -0.040802
24.125 93.125 -0.47302
24.125 93.375 -0.87853
24.125 93.625 -0.95415
24.125 93.875 -0.95045
24.125 94.125 NaN
24.375 71.375 0.18619
24.375 71.625 0.25209
24.375 71.875 0.44344
24.375 72.125 0.68274
24.375 72.375 -0.16852
24.375 72.625 0.1973
24.375 72.875 0.71519
24.375 73.125 0.63224
24.375 73.375 0.5397
24.375 73.625 0.59329
24.375 73.875 0.69195
24.375 74.125 0.48888
24.375 74.375 0.36338
24.375 74.625 1.3069
24.375 74.875 0.97984
24.375 75.125 1.2523
24.375 75.375 1.2354
24.375 75.625 1.1065
24.375 75.875 0.76551
24.375 76.125 1.4976
24.375 76.375 0.91182
24.375 76.625 0.92865
24.375 76.875 0.96378
24.375 77.125 1.3987
24.375 77.375 1.2089
24.375 77.625 1.1012
24.375 77.875 0.99602
24.375 78.125 0.59307
24.375 78.375 0.41386
24.375 78.625 0.23647
24.375 78.875 0.20249
24.375 79.125 0.22738
24.375 79.375 0.53917
24.375 79.625 1.2009
24.375 79.875 1.1418
24.375 80.125 1.2462
24.375 80.375 0.4693
24.375 80.625 -0.073995
24.375 80.875 -0.27796
24.375 81.125 -0.64421
24.375 81.375 -0.64093
24.375 81.625 -0.37356
24.375 81.875 -0.34837
24.375 82.125 -0.26837
24.375 82.375 -0.28493
24.375 82.625 -0.47071
24.375 82.875 -0.74446
24.375 83.125 -1.1917
24.375 83.375 -0.91495
24.375 83.625 -0.48392
24.375 83.875 -0.96019
24.375 84.125 -1.2509
24.375 84.375 -1.2271
24.375 84.625 -1.1387
24.375 84.875 0.1178
24.375 85.125 -0.32647
24.375 85.375 -0.38954
24.375 85.625 -0.17935
24.375 85.875 -1.017
24.375 86.125 -1.2871
24.375 86.375 -1.0431
24.375 86.625 -0.91906
24.375 86.875 -0.72895
24.375 87.125 -1.4089
24.375 87.375 -2.3828
24.375 87.625 -1.808
24.375 87.875 -2.0344
24.375 88.125 -2.0752
24.375 92.375 -0.41572
24.375 92.625 -0.2743
24.375 92.875 -0.087879
24.375 93.125 -0.54657
24.375 93.375 -0.90575
24.375 93.625 -0.92213
24.375 93.875 -0.95676
24.375 94.125 -0.7689
24.625 71.125 -0.0099142
24.625 71.375 0.03873
24.625 71.625 -0.0060067
24.625 71.875 0.55183
24.625 72.125 0.38798
24.625 72.375 0.027786
24.625 72.625 -0.31798
24.625 72.875 0.26142
24.625 73.125 0.7048
24.625 73.375 1.0243
24.625 73.625 0.74138
24.625 73.875 0.64702
24.625 74.125 0.47817
24.625 74.375 0.81968
24.625 74.625 1.4799
24.625 74.875 1.0548
24.625 75.125 0.97725
24.625 75.375 0.99106
24.625 75.625 1.0696
24.625 75.875 0.82908
24.625 76.125 1.2943
24.625 76.375 1.0623
24.625 76.625 1.1791
24.625 76.875 0.7259
24.625 77.125 1.1164
24.625 77.375 1.3102
24.625 77.625 1.2285
24.625 77.875 0.96397
24.625 78.125 0.63059
24.625 78.375 0.45773
24.625 78.625 0.28411
24.625 78.875 0.24639
24.625 79.125 0.38677
24.625 79.375 0.82184
24.625 79.625 1.3285
24.625 79.875 1.1353
24.625 80.125 1.1989
24.625 80.375 0.77263
24.625 80.625 2.905
24.625 80.875 1.1257
24.625 81.125 -0.52501
24.625 81.375 -0.70008
24.625 81.625 0.03645
24.625 81.875 -0.092932
24.625 82.125 -0.49004
24.625 82.375 -0.21569
24.625 82.625 -0.39356
24.625 82.875 -0.41611
24.625 83.125 -0.76797
24.625 83.375 -1.0718
24.625 83.625 -0.99192
24.625 83.875 -0.99237
24.625 84.125 -0.85168
24.625 84.375 -1.0969
24.625 84.625 -1.2332
24.625 84.875 -0.11761
24.625 85.125 -0.66317
24.625 85.375 -0.37368
24.625 85.625 -0.7176
24.625 85.875 -1.4497
24.625 86.125 -1.0412
24.625 86.375 -0.76742
24.625 86.625 -0.72389
24.625 86.875 -1.1195
24.625 87.125 -1.5433
24.625 87.375 -1.9107
24.625 87.625 -1.7895
24.625 87.875 -1.5652
24.625 92.375 -0.42069
24.625 92.625 -0.44863
24.625 92.875 -0.45795
24.625 93.125 -0.55137
24.625 93.375 -0.77911
24.625 93.625 -1.027
24.625 93.875 -0.9348
24.625 94.125 -0.47077
24.625 94.375 NaN
24.875 71.125 -0.077239
24.875 71.375 -0.34807
24.875 71.625 -0.2282
24.875 71.875 0.10185
24.875 72.125 0.61165
24.875 72.375 0.43355
24.875 72.625 -0.048295
24.875 72.875 0.151
24.875 73.125 -0.31842
24.875 73.375 0.23309
24.875 73.625 0.49745
24.875 73.875 0.33101
24.875 74.125 0.012501
24.875 74.375 0.81859
24.875 74.625 1.0864
24.875 74.875 0.77076
24.875 75.125 0.81581
24.875 75.375 0.82926
24.875 75.625 1.4733
24.875 75.875 1.3908
24.875 76.125 1.3923
24.875 76.375 1.3207
24.875 76.625 1.4227
24.875 76.875 1.5078
24.875 77.125 1.5242
24.875 77.375 1.6395
24.875 77.625 1.427
24.875 77.875 1.0889
24.875 78.125 0.9679
24.875 78.375 1.1695
24.875 78.625 0.77024
24.875 78.875 0.27967
24.875 79.125 0.25071
24.875 79.375 0.86494
24.875 79.625 1.0935
24.875 79.875 1.1644
24.875 80.125 -0.29622
24.875 80.375 1.355
24.875 80.625 3.6651
24.875 80.875 2.8864
24.875 81.125 -0.43793
24.875 81.375 -1.1458
24.875 81.625 -1.018
24.875 81.875 -0.80166
24.875 82.125 -0.89549
24.875 82.375 -0.70375
24.875 82.625 -0.12253
24.875 82.875 0.87061
24.875 83.125 -0.38089
24.875 83.375 -1.1164
24.875 83.625 -1.1462
24.875 83.875 -0.94541
24.875 84.125 -0.83162
24.875 84.375 -1.3796
24.875 84.625 -1.2692
24.875 84.875 -0.033969
24.875 85.125 -0.72662
24.875 85.375 -1.1075
24.875 85.625 -0.90587
24.875 85.875 -1.0898
24.875 86.125 -0.89085
24.875 86.375 -0.746
24.875 86.625 -0.94994
24.875 86.875 -0.95834
24.875 87.125 -1.5475
24.875 87.375 -1.1851
24.875 87.625 -1.1929
24.875 87.875 -1.3764
24.875 88.125 -1.4915
24.875 92.625 -0.63038
24.875 92.875 -0.43697
24.875 93.125 -0.56343
24.875 93.375 -0.75909
24.875 93.625 -0.71356
24.875 93.875 -0.66055
24.875 94.125 -0.38686
24.875 94.375 -0.35263
25.125 71.125 0.31654
25.125 71.375 -0.11826
25.125 71.625 -0.13886
25.125 71.875 -0.11794
25.125 72.125 0.29764
25.125 72.375 0.4047
25.125 72.625 -0.031957
25.125 72.875 -0.031004
25.125 73.125 -0.41314
25.125 73.375 0.28871
25.125 73.625 -0.057248
25.125 73.875 -0.037115
25.125 74.125 0.097706
25.125 74.375 0.9464
25.125 74.625 0.60149
25.125 74.875 0.88512
25.125 75.125 0.86868
25.125 75.375 0.69892
25.125 75.625 1.0595
25.125 75.875 0.23035
25.125 76.125 1.4155
25.125 76.375 1.2763
25.125 76.625 1.2586
25.125 76.875 1.2224
25.125 77.125 1.766
25.125 77.375 1.9345
25.125 77.625 1.3733
25.125 77.875 1.0245
25.125 78.125 1.3632
25.125 78.375 1.5157
25.125 78.625 0.76939
25.125 78.875 0.4715
25.125 79.125 0.44559
25.125 79.375 0.56615
25.125 79.625 0.50557
25.125 79.875 -0.044728
25.125 80.125 -0.69304
25.125 80.375 1.0427
25.125 80.625 4.2339
25.125 80.875 3.3031
25.125 81.125 0.091706
25.125 81.375 -0.52377
25.125 81.625 -0.9962
25.125 81.875 -0.67569
25.125 82.125 -0.37661
25.125 82.375 -1.0055
25.125 82.625 1.4302
25.125 82.875 -0.49382
25.125 83.125 -1.0816
25.125 83.375 -0.91384
25.125 83.625 -0.85762
25.125 83.875 -0.67464
25.125 84.125 -0.55804
25.125 84.375 -0.53922
25.125 84.625 -0.65696
25.125 84.875 -0.1353
25.125 85.125 -0.70041
25.125 85.375 -1.2334
25.125 85.625 -1.1636
25.125 85.875 -0.98163
25.125 86.125 -0.70561
25.125 86.375 -0.81441
25.125 86.625 -1.3346
25.125 86.875 -1.286
25.125 87.125 -1.1861
25.125 87.375 -1.1058
25.125 87.625 -1.1179
25.125 87.875 -1.4351
25.125 88.125 -2.1623
25.125 88.375 -2.437
25.125 92.375 -0.7575
25.125 92.625 -0.68026
25.125 92.875 -0.55091
25.125 93.125 -0.43802
25.125 93.375 -0.37223
25.125 93.625 -0.19805
25.125 93.875 -0.37969
25.125 94.125 -0.38487
25.125 94.375 -0.39566
25.375 70.875 1.1881
25.375 71.125 1.1581
25.375 71.375 0.83413
25.375 71.625 0.69929
25.375 71.875 0.53281
25.375 72.125 0.21582
25.375 72.375 0.29915
25.375 72.625 0.1075
25.375 72.875 0.030836
25.375 73.125 0.069982
25.375 73.375 0.27035
25.375 73.625 0.15206
25.375 73.875 -0.020794
25.375 74.125 -0.1723
25.375 74.375 -0.18894
25.375 74.625 0.085644
25.375 74.875 0.44152
25.375 75.125 1.0485
25.375 75.375 1.01
25.375 75.625 1.1989
25.375 75.875 1.1219
25.375 76.125 1.5726
25.375 76.375 1.37
25.375 76.625 1.0943
25.375 76.875 1.1299
25.375 77.125 1.6933
25.375 77.375 1.6107
25.375 77.625 1.1985
25.375 77.875 0.9685
25.375 78.125 0.99423
25.375 78.375 1.1784
25.375 78.625 0.59941
25.375 78.875 -0.3481
25.375 79.125 -0.30203
25.375 79.375 0.29588
25.375 79.625 0.97597
25.375 79.875 1.1348
25.375 80.125 0.67941
25.375 80.375 -0.38357
25.375 80.625 1.9831
25.375 80.875 0.25103
25.375 81.125 1.1303
25.375 81.375 -0.34958
25.375 81.625 -0.60299
25.375 81.875 -1.0452
25.375 82.125 -0.36276
25.375 82.375 -0.68921
25.375 82.625 -0.95005
25.375 82.875 0.42728
25.375 83.125 -1.2084
25.375 83.375 -0.69438
25.375 83.625 -1.1369
25.375 83.875 -0.6882
25.375 84.125 -0.59548
25.375 84.375 -0.84854
25.375 84.625 -0.46975
25.375 84.875 -0.58698
25.375 85.125 -0.12687
25.375 85.375 -0.053514
25.375 85.625 -0.70538
25.375 85.875 -0.34142
25.375 86.125 -0.079347
25.375 86.375 -0.77976
25.375 86.625 -1.047
25.375 86.875 -1.0864
25.375 87.125 -0.35157
25.375 87.375 -0.38852
25.375 87.625 -0.77991
25.375 87.875 -1.42
25.375 88.125 -2.2153
25.375 88.375 -2.591
25.375 88.625 -2.3123
25.375 90.125 1.7286
25.375 90.375 1.702
25.375 90.625 1.2398
25.375 90.875 0.91862
25.375 91.125 0.63715
25.375 91.375 0.10845
25.375 91.625 -0.12735
25.375 91.875 -0.093383
25.375 92.125 -0.26152
25.375 92.375 -0.27877
25.375 92.625 -0.47472
25.375 92.875 -0.76316
25.375 93.125 -0.57411
25.375 93.375 -0.21641
25.375 93.625 0.078924
25.375 93.875 -0.37203
25.375 94.125 -0.33116
25.375 94.375 -0.4864
25.625 70.875 0.91113
25.625 71.125 1.2973
25.625 71.375 1.2684
25.625 71.625 0.99649
25.625 71.875 0.30834
25.625 72.125 -0.070505
25.625 72.375 -0.029263
25.625 72.625 -0.3135
25.625 72.875 -0.2558
25.625 73.125 0.042742
25.625 73.375 0.051612
25.625 73.625 0.15716
25.625 73.875 -0.40101
25.625 74.125 -0.071152
25.625 74.375 0.016216
25.625 74.625 -0.038787
25.625 74.875 0.28294
25.625 75.125 0.27725
25.625 75.375 1.4827
25.625 75.625 1.8706
25.625 75.875 1.6587
25.625 76.125 1.9005
25.625 76.375 1.6391
25.625 76.625 1.1223
25.625 76.875 0.99155
25.625 77.125 1.8465
25.625 77.375 1.7595
25.625 77.625 0.88051
25.625 77.875 0.84124
25.625 78.125 0.70861
25.625 78.375 0.098508
25.625 78.625 -0.06121
25.625 78.875 -0.3392
25.625 79.125 0.51767
25.625 79.375 1.0029
25.625 79.625 1.7017
25.625 79.875 1.7246
25.625 80.125 1.433
25.625 80.375 2.0618
25.625 80.625 0.68461
25.625 80.875 -0.28115
25.625 81.125 3.067
25.625 81.375 1.6717
25.625 81.625 1.0771
25.625 81.875 0.80279
25.625 82.125 -0.34311
25.625 82.375 0.075829
25.625 82.625 -1.1429
25.625 82.875 -1.0604
25.625 83.125 -1.0744
25.625 83.375 -0.85721
25.625 83.625 -1.1145
25.625 83.875 -0.55157
25.625 84.125 -0.74199
25.625 84.375 -1.3715
25.625 84.625 -0.87895
25.625 84.875 -0.3767
25.625 85.125 -1.1245
25.625 85.375 -0.72057
25.625 85.625 -0.25912
25.625 85.875 -0.44519
25.625 86.125 -0.30281
25.625 86.375 -0.81841
25.625 86.625 -1.5855
25.625 86.875 -0.55063
25.625 87.125 0.13674
25.625 87.375 -0.0645
25.625 87.625 -0.35575
25.625 87.875 -0.1901
25.625 88.125 -1.911
25.625 90.125 2.2292
25.625 90.375 1.8744
25.625 90.625 0.93243
25.625 90.875 0.55951
25.625 91.125 -0.26071
25.625 91.375 -0.051213
25.625 91.625 0.052774
25.625 91.875 -0.14786
25.625 92.125 -0.31677
25.625 92.375 -0.29172
25.625 92.625 -0.90306
25.625 92.875 -0.72532
25.625 93.125 -0.71029
25.625 93.375 -0.38765
25.625 93.625 -0.2071
25.625 93.875 -0.52201
25.625 94.125 -0.69793
25.625 94.375 -0.77142
25.625 94.625 NaN
25.625 94.875 NaN
25.875 70.375 1.1886
25.875 70.625 1.0966
25.875 70.875 0.7947
25.875 71.125 0.74462
25.875 71.375 1.2253
25.875 71.625 1.3663
25.875 71.875 0.49931
25.875 72.125 0.17589
25.875 72.375 0.10693
25.875 72.625 0.041798
25.875 72.875 -0.27537
25.875 73.125 0.096701
25.875 73.375 0.51261
25.875 73.625 0.24224
25.875 73.875 0.0020435
25.875 74.125 -0.072794
25.875 74.375 0.088759
25.875 74.625 0.58469
25.875 74.875 0.47321
25.875 75.125 0.61617
25.875 75.375 0.96317
25.875 75.625 1.6932
25.875 75.875 1.4618
25.875 76.125 1.5147
25.875 76.375 2.0119
25.875 76.625 1.7891
25.875 76.875 2.1825
25.875 77.125 2.1263
25.875 77.375 2.4233
25.875 77.625 1.4448
25.875 77.875 0.81686
25.875 78.125 0.6513
25.875 78.375 0.33454
25.875 78.625 0.35683
25.875 78.875 0.22021
25.875 79.125 1.4571
25.875 79.375 1.2478
25.875 79.625 0.53063
25.875 79.875 0.78801
25.875 80.125 0.86664
25.875 80.375 2.4963
25.875 80.625 1.2735
25.875 80.875 0.26871
25.875 81.125 -0.048192
25.875 81.375 -0.12514
25.875 81.625 1.028
25.875 81.875 1.0515
25.875 82.125 -0.46092
25.875 82.375 -0.58487
25.875 82.625 -0.10207
25.875 82.875 0.64791
25.875 83.125 -0.61034
25.875 83.375 -0.54368
25.875 83.625 -0.34172
25.875 83.875 -0.77017
25.875 84.125 -0.40087
25.875 84.375 -1.3497
25.875 84.625 -1.1071
25.875 84.875 -0.046783
25.875 85.125 -0.252
25.875 85.375 -0.46177
25.875 85.625 -0.33806
25.875 85.875 -0.23894
25.875 86.125 -0.5131
25.875 86.375 -0.59365
25.875 86.625 -1.0917
25.875 86.875 0.11476
25.875 87.125 0.14312
25.875 87.375 -0.45054
25.875 87.625 -0.64225
25.875 87.875 -0.85838
25.875 90.125 0.93959
25.875 90.375 0.81953
25.875 90.625 0.60885
25.875 90.875 0.72435
25.875 91.125 0.1931
25.875 91.375 0.76248
25.875 91.625 0.16195
25.875 91.875 -0.76087
25.875 92.125 -0.50972
25.875 92.375 0.38375
25.875 92.625 0.44567
25.875 92.875 -0.55875
25.875 93.125 -1.1306
25.875 93.375 -1.2806
25.875 93.625 -0.81732
25.875 93.875 -0.38883
25.875 94.125 -0.66985
25.875 94.375 -0.66957
25.875 94.625 -0.45774
25.875 94.875 -0.43073
26.125 70.375 1.3668
26.125 70.625 1.2353
26.125 70.875 1.1363
26.125 71.125 0.4002
26.125 71.375 0.97902
26.125 71.625 0.988
26.125 71.875 0.78806
26.125 72.125 0.73408
26.125 72.375 0.75801
26.125 72.625 0.77936
26.125 72.875 0.70385
26.125 73.125 0.52361
26.125 73.375 0.27739
26.125 73.625 0.33834
26.125 73.875 0.080607
26.125 74.125 -0.26913
26.125 74.375 0.28693
26.125 74.625 0.66714
26.125 74.875 0.51767
26.125 75.125 0.88385
26.125 75.375 1.01
26.125 75.625 1.0991
26.125 75.875 1.0395
26.125 76.125 1.668
26.125 76.375 1.6508
26.125 76.625 1.452
26.125 76.875 2.284
26.125 77.125 2.4575
26.125 77.375 2.2822
26.125 77.625 1.8842
26.125 77.875 0.59336
26.125 78.125 0.85678
26.125 78.375 0.60174
26.125 78.625 0.86742
26.125 78.875 0.7339
26.125 79.125 1.2846
26.125 79.375 1.6489
26.125 79.625 -0.44956
26.125 79.875 0.015642
26.125 80.125 0.92889
26.125 80.375 0.53186
26.125 80.625 0.5153
26.125 80.875 0.35028
26.125 81.125 0.40105
26.125 81.375 -0.066354
26.125 81.625 0.36856
26.125 81.875 0.52485
26.125 82.125 0.072964
26.125 82.375 -0.19414
26.125 82.625 0.049767
26.125 82.875 0.27896
26.125 83.125 -0.28186
26.125 83.375 0.48111
26.125 83.625 -0.00066912
26.125 83.875 -0.63411
26.125 84.125 -0.43528
26.125 84.375 -0.81154
26.125 84.625 -0.73803
26.125 84.875 -0.63679
26.125 85.125 -0.3602
26.125 85.375 -1.0291
26.125 85.625 -0.58322
26.125 85.875 0.073813
26.125 86.125 -0.10701
26.125 86.375 -0.52902
26.125 86.625 0.26176
26.125 86.875 1.196
26.125 87.125 0.30422
26.125 87.375 0.074472
26.125 87.625 -0.4202
26.125 87.875 0.10022
26.125 88.125 0.31223
26.125 89.375 0.1466
26.125 89.875 0.55095
26.125 90.125 0.50643
26.125 90.375 0.71469
26.125 90.625 0.97304
26.125 90.875 0.15612
26.125 91.125 0.80442
26.125 91.375 2.1519
26.125 91.625 -0.27446
26.125 91.875 -0.78531
26.125 92.125 -0.30538
26.125 92.375 0.85747
26.125 92.625 1.3832
26.125 92.875 -0.2087
26.125 93.125 -1.0603
26.125 93.375 -1.1226
26.125 93.625 -1.0161
26.125 93.875 -0.29693
26.125 94.125 -0.34084
26.125 94.375 -0.19521
26.125 94.625 -0.45498
26.125 94.875 -0.52334
26.375 70.375 0.97261
26.375 70.625 1.1785
26.375 70.875 1.4642
26.375 71.125 1.2585
26.375 71.375 0.95529
26.375 71.625 1.0594
26.375 71.875 0.82715
26.375 72.125 0.7394
26.375 72.375 0.85144
26.375 72.625 0.79522
26.375 72.875 0.83655
26.375 73.125 0.62645
26.375 73.375 0.44613
26.375 73.625 0.51411
26.375 73.875 0.37697
26.375 74.125 -0.11025
26.375 74.375 0.4335
26.375 74.625 -0.73141
26.375 74.875 -0.11314
26.375 75.125 1.2645
26.375 75.375 1.068
26.375 75.625 0.55139
26.375 75.875 1.063
26.375 76.125 1.2589
26.375 76.375 1.397
26.375 76.625 1.3754
26.375 76.875 1.5928
26.375 77.125 1.2282
26.375 77.375 1.589
26.375 77.625 1.7826
26.375 77.875 0.59141
26.375 78.125 1.0241
26.375 78.375 1.0976
26.375 78.625 1.0106
26.375 78.875 1.2545
26.375 79.125 1.9083
26.375 79.375 -0.27723
26.375 79.625 -0.6841
26.375 79.875 0.92093
26.375 80.125 1.2385
26.375 80.375 -0.069293
26.375 80.625 -0.35452
26.375 80.875 1.733
26.375 81.125 2.487
26.375 81.375 -0.34607
26.375 81.625 -0.55577
26.375 81.875 0.32835
26.375 82.125 0.3112
26.375 82.375 0.35175
26.375 82.625 -0.1196
26.375 82.875 0.16927
26.375 83.125 0.57406
26.375 83.375 1.659
26.375 83.625 -0.095422
26.375 83.875 -0.58339
26.375 84.125 -0.82649
26.375 84.375 -0.57884
26.375 84.625 -0.13275
26.375 84.875 -1.236
26.375 85.125 -1.0047
26.375 85.375 -1.1457
26.375 85.625 0.59972
26.375 85.875 0.16297
26.375 86.125 -0.81994
26.375 86.375 -0.0090487
26.375 86.625 0.19644
26.375 86.875 0.7938
26.375 87.125 0.13403
26.375 87.625 -0.46285
26.375 87.875 0.22935
26.375 88.125 -0.055556
26.375 88.375 -0.038303
26.375 88.875 -0.11274
26.375 89.375 0.1142
26.375 89.625 0.58297
26.375 89.875 0.4622
26.375 90.125 0.40578
26.375 90.375 0.61863
26.375 90.625 0.95797
26.375 90.875 0.30891
26.375 91.125 0.71986
26.375 91.375 0.41961
26.375 91.625 0.068452
26.375 91.875 0.20939
26.375 92.125 0.12856
26.375 92.375 0.036546
26.375 92.625 0.7762
26.375 92.875 0.16223
26.375 93.125 -0.34669
26.375 93.375 -0.54301
26.375 93.625 -0.26524
26.375 93.875 0.010755
26.375 94.125 -0.14247
26.375 94.375 -0.21762
26.375 94.625 -0.32437
26.375 94.875 -0.068379
26.625 69.875 0.85654
26.625 70.125 0.71541
26.625 70.375 0.67937
26.625 70.625 0.70919
26.625 70.875 1.0813
26.625 71.125 1.2668
26.625 71.375 0.93056
26.625 71.625 0.6887
26.625 71.875 0.73132
26.625 72.125 0.60488
26.625 72.375 0.92885
26.625 72.625 0.77068
26.625 72.875 0.57973
26.625 73.125 0.37646
26.625 73.375 0.36096
26.625 73.625 0.38997
26.625 73.875 0.29123
26.625 74.125 -0.17086
26.625 74.375 1.1124
26.625 74.625 0.54337
26.625 74.875 1.0881
26.625 75.125 1.8535
26.625 75.375 1.0417
26.625 75.625 0.84972
26.625 75.875 1.2867
26.625 76.125 2.4346
26.625 76.375 2.2303
26.625 76.625 1.8339
26.625 76.875 1.816
26.625 77.125 1.8136
26.625 77.375 1.5039
26.625 77.625 1.8737
26.625 77.875 0.28166
26.625 78.125 0.028135
26.625 78.375 0.31956
26.625 78.625 0.762
26.625 78.875 0.22055
26.625 79.125 -0.0067203
26.625 79.375 -0.31973
26.625 79.625 -0.50811
26.625 79.875 -0.53775
26.625 80.125 -0.32875
26.625 80.375 0.53842
26.625 80.625 0.10026
26.625 80.875 1.5
26.625 81.125 2.6911
26.625 81.375 0.67643
26.625 81.625 0.61247
26.625 81.875 2.6016
26.625 82.125 1.4139
26.625 82.375 0.23497
26.625 82.625 -0.60127
26.625 82.875 -0.26992
26.625 83.125 0.068768
26.625 83.375 -0.52291
26.625 83.625 -0.65562
26.625 83.875 -1.095
26.625 84.125 -0.71889
26.625 84.375 -0.43606
26.625 84.625 -0.79594
26.625 84.875 -1.6702
26.625 85.125 -1.5494
26.625 85.375 -1.3111
26.625 85.625 0.15499
26.625 86.125 -0.72855
26.625 88.375 0.57698
26.625 88.625 0.3299
26.625 88.875 -0.33378
26.625 89.125 -0.40428
26.625 89.375 0.13129
26.625 89.625 0.31001
26.625 89.875 0.077305
26.625 90.125 0.23419
26.625 90.375 0.59215
26.625 90.625 0.89861
26.625 90.875 0.58704
26.625 91.125 0.54451
26.625 91.375 0.098693
26.625 91.625 -0.1966
26.625 91.875 1.1281
26.625 92.125 -0.041861
26.625 92.375 0.24167
26.625 92.625 1.4932
26.625 92.875 1.7183
26.625 93.125 0.62017
26.625 93.375 0.25644
26.625 93.625 -0.10148
26.625 93.875 -0.19663
26.625 94.125 -0.19268
26.625 94.375 -0.065804
26.625 94.625 0.37413
26.625 94.875 0.70581
26.625 95.125 0.72442
26.875 69.625 1.0746
26.875 69.875 0.99299
26.875 70.125 0.96418
26.875 70.375 0.85736
26.875 70.625 0.76954
26.875 70.875 0.79011
26.875 71.125 0.93017
26.875 71.375 0.82296
26.875 71.625 0.63988
26.875 71.875 0.52537
26.875 72.125 0.51769
26.875 72.375 0.68903
26.875 72.625 0.64857
26.875 72.875 0.36137
26.875 73.125 -0.3011
26.875 73.375 -0.23775
26.875 73.625 -0.094217
26.875 73.875 -0.24676
26.875 74.125 -0.18925
26.875 74.375 1.4137
26.875 74.625 1.1721
26.875 74.875 0.90637
26.875 75.125 1.459
26.875 75.375 1.0158
26.875 75.625 -0.13691
26.875 75.875 1.3918
26.875 76.125 2.58
26.875 76.375 1.6587
26.875 76.625 1.722
26.875 76.875 1.978
26.875 77.125 2.4332
26.875 77.375 1.5535
26.875 77.625 1.3341
26.875 77.875 0.76244
26.875 78.125 0.49969
26.875 78.375 0.47177
26.875 78.625 0.38334
26.875 78.875 0.32537
26.875 79.125 -0.06226
26.875 79.375 -0.12919
26.875 79.625 0.15242
26.875 79.875 -0.54033
26.875 80.125 0.27369
26.875 80.375 0.82335
26.875 80.625 0.024207
26.875 80.875 0.84508
26.875 81.125 2.0974
26.875 81.375 1.7068
26.875 81.625 0.39068
26.875 81.875 0.56381
26.875 82.125 2.5546
26.875 82.375 0.65439
26.875 82.625 0.30535
26.875 82.875 -0.37584
26.875 83.125 0.28701
26.875 83.375 -0.36086
26.875 83.625 -0.59582
26.875 83.875 -0.98693
26.875 84.125 -0.57637
26.875 84.375 -0.6077
26.875 84.625 -0.9631
26.875 84.875 -1.6375
26.875 88.375 0.90818
26.875 88.625 0.057829
26.875 88.875 -0.33573
26.875 92.375 0.9442
26.875 92.625 1.3942
26.875 92.875 2.3573
26.875 93.125 2.0004
26.875 93.375 0.5137
26.875 93.625 0.28358
26.875 93.875 -0.13729
26.875 94.125 -0.24552
26.875 94.375 0.7068
26.875 94.625 0.68413
26.875 94.875 0.62901
26.875 95.125 0.53773
26.875 95.375 0.6677
26.875 95.625 0.1506
27.125 69.875 1.1969
27.125 70.125 1.2106
27.125 70.375 1.4541
27.125 70.625 0.94002
27.125 70.875 0.72937
27.125 71.125 0.79597
27.125 71.375 0.5736
27.125 71.625 0.59824
27.125 71.875 0.42952
27.125 72.125 0.48952
27.125 72.375 0.49661
27.125 72.625 0.54785
27.125 72.875 0.062067
27.125 73.125 -0.092719
27.125 73.375 -0.15488
27.125 73.625 -0.18615
27.125 73.875 -0.3714
27.125 74.125 -0.18484
27.125 74.375 1.0431
27.125 74.625 1.2167
27.125 74.875 -0.0892
27.125 75.125 0.51078
27.125 75.375 1.3792
27.125 75.625 2.1813
27.125 75.875 1.866
27.125 76.125 1.1306
27.125 76.375 1.2133
27.125 76.625 0.30383
27.125 76.875 1.0493
27.125 77.125 2.283
27.125 77.375 1.5781
27.125 77.625 1.8555
27.125 77.875 2.1851
27.125 78.125 1.8339
27.125 78.375 1.8249
27.125 78.625 0.45453
27.125 78.875 0.31295
27.125 79.125 -0.18302
27.125 79.375 -0.61199
27.125 79.625 -0.33003
27.125 79.875 0.19295
27.125 80.125 0.54522
27.125 80.375 0.6046
27.125 80.625 -0.16537
27.125 80.875 -0.081867
27.125 81.125 2.4626
27.125 81.375 2.7496
27.125 81.625 1.8172
27.125 81.875 1.8667
27.125 82.125 1.8103
27.125 82.375 0.11895
27.125 82.625 0.95478
27.125 82.875 0.16372
27.125 83.125 0.47923
27.125 83.375 0.39847
27.125 83.625 0.84593
27.125 83.875 0.55017
27.125 84.125 0.019916
27.125 84.375 -0.25906
27.125 84.625 -0.79089
27.125 88.125 0.88284
27.125 88.375 0.8117
27.125 88.625 0.57725
27.125 92.125 0.074463
27.125 92.375 0.24079
27.125 92.625 0.62821
27.125 92.875 1.6314
27.125 93.125 1.7346
27.125 93.375 0.95393
27.125 93.625 1.0108
27.125 93.875 1.193
27.125 94.125 0.38693
27.125 94.375 0.9775
27.125 94.625 0.55098
27.125 94.875 0.40764
27.125 95.125 0.55551
27.125 95.375 0.47903
27.125 95.625 0.23312
27.125 95.875 0.18038
27.375 70.125 1.3294
27.375 70.375 1.3226
27.375 70.625 0.9699
27.375 70.875 0.9049
27.375 71.125 0.82188
27.375 71.375 0.71074
27.375 71.625 0.66672
27.375 71.875 0.50638
27.375 72.125 0.31959
27.375 72.375 0.30741
27.375 72.625 0.38371
27.375 72.875 0.2687
27.375 73.125 0.12856
27.375 73.375 0.00043442
27.375 73.625 -0.089646
27.375 73.875 -0.21757
27.375 74.125 -0.1154
27.375 74.375 0.51882
27.375 74.625 0.37618
27.375 74.875 0.37559
27.375 75.125 0.62731
27.375 75.375 0.82879
27.375 75.625 2.1404
27.375 75.875 1.8865
27.375 76.125 0.95262
27.375 76.375 0.88184
27.375 76.625 1.269
27.375 76.875 2.2843
27.375 77.125 1.6789
27.375 77.375 1.2636
27.375 77.625 2.1434
27.375 77.875 2.4521
27.375 78.125 2.4836
27.375 78.375 2.7444
27.375 78.625 1.0987
27.375 78.875 0.65001
27.375 79.125 -0.52087
27.375 79.375 -0.86719
27.375 79.625 -0.49863
27.375 79.875 0.33235
27.375 80.125 -0.02962
27.375 80.375 -0.025718
27.375 80.625 -0.19052
27.375 80.875 -0.27114
27.375 81.125 1.6928
27.375 81.375 2.0973
27.375 81.625 2.5662
27.375 81.875 1.567
27.375 82.125 1.3896
27.375 82.375 1.0388
27.375 82.625 0.37331
27.375 82.875 0.49759
27.375 83.125 0.52741
27.375 83.625 1.0264
27.375 84.125 0.50678
27.375 84.375 -0.28611
27.375 88.125 2.5164
27.375 88.375 1.2327
27.375 88.625 0.66902
27.375 92.125 -0.19957
27.375 92.375 0.032327
27.375 92.625 0.57205
27.375 92.875 0.72247
27.375 93.125 1.3899
27.375 93.375 0.50968
27.375 93.625 0.8384
27.375 93.875 1.4338
27.375 94.125 -0.068951
27.375 94.375 0.34778
27.375 94.625 0.53822
27.375 94.875 0.46761
27.375 95.125 0.28942
27.375 95.375 0.20445
27.375 95.625 0.19458
27.375 95.875 0.084702
27.375 96.125 0.0086035
27.375 96.375 0.45457
27.375 96.625 0.79862
27.375 96.875 0.75659
27.625 70.125 1.4201
27.625 70.375 1.2245
27.625 70.625 1.2404
27.625 70.875 1.2251
27.625 71.125 1.0308
27.625 71.375 0.63344
27.625 71.625 0.56004
27.625 71.875 0.39507
27.625 72.125 0.38244
27.625 72.375 0.46496
27.625 72.625 0.22766
27.625 72.875 0.4489
27.625 73.125 0.23828
27.625 73.375 0.27329
27.625 73.625 0.55854
27.625 73.875 0.44046
27.625 74.125 0.031296
27.625 74.375 0.34899
27.625 74.625 0.40143
27.625 74.875 0.34136
27.625 75.125 -0.23916
27.625 75.375 0.21328
27.625 75.625 0.16117
27.625 75.875 0.11613
27.625 76.125 0.88435
27.625 76.375 2.176
27.625 76.625 1.3182
27.625 76.875 1.9095
27.625 77.125 1.0274
27.625 77.375 0.781
27.625 77.625 0.90492
27.625 77.875 1.8583
27.625 78.125 1.9024
27.625 78.375 1.7597
27.625 78.625 0.62319
27.625 78.875 0.023417
27.625 79.125 -0.29675
27.625 79.375 -0.76335
27.625 79.625 -0.62059
27.625 79.875 0.026436
27.625 80.125 0.038195
27.625 80.375 0.71592
27.625 80.625 0.53944
27.625 80.875 1.9539
27.625 81.125 1.174
27.625 81.375 2.0328
27.625 81.625 3.0238
27.625 81.875 2.6313
27.625 82.125 2.0661
27.625 82.375 1.1837
27.625 82.625 0.22137
27.625 88.375 1.5763
27.625 88.625 1.3423
27.625 91.625 -0.66262
27.625 91.875 -0.61025
27.625 92.125 -0.081897
27.625 92.375 0.10428
27.625 92.625 0.7245
27.625 92.875 0.19967
27.625 93.125 0.26801
27.625 93.375 -0.3998
27.625 93.625 -0.6148
27.625 93.875 0.13048
27.625 94.125 0.15461
27.625 94.375 0.098323
27.625 94.625 0.35528
27.625 94.875 0.45299
27.625 95.125 -0.044337
27.625 95.375 0.2169
27.625 95.625 0.22518
27.625 95.875 0.045315
27.625 96.125 0.11781
27.625 96.375 0.54651
27.625 96.625 0.67126
27.625 96.875 0.73234
27.875 70.375 1.388
27.875 71.875 0.64767
27.875 72.125 0.40526
27.875 72.375 0.44711
27.875 72.625 0.4268
27.875 72.875 0.55381
27.875 73.125 0.41555
27.875 73.375 0.52538
27.875 73.625 0.97653
27.875 73.875 1.0641
27.875 74.125 0.73966
27.875 74.375 0.80309
27.875 74.625 0.57589
27.875 74.875 0.20419
27.875 75.125 -0.062496
27.875 75.375 0.2497
27.875 75.625 0.31514
27.875 75.875 0.83212
27.875 76.125 1.8352
27.875 76.375 2.9391
27.875 76.625 1.1776
27.875 76.875 1.4772
27.875 77.125 2.0018
27.875 77.375 0.54699
27.875 77.625 1.1148
27.875 77.875 1.3649
27.875 78.125 1.3386
27.875 78.375 2.232
27.875 78.625 1.1076
27.875 78.875 0.95099
27.875 79.125 0.62712
27.875 79.375 -0.29077
27.875 79.625 -0.5202
27.875 79.875 0.066344
27.875 80.125 0.57513
27.875 80.375 1.5779
27.875 80.625 3.3523
27.875 80.875 3.4461
27.875 81.125 1.2967
27.875 81.375 1.544
27.875 81.625 2.182
27.875 88.375 NaN
27.875 88.625 NaN
27.875 92.875 -0.023493
27.875 93.125 -0.13979
27.875 93.375 -0.4477
27.875 93.625 -0.62673
27.875 93.875 -0.16686
27.875 94.125 0.29267
27.875 94.375 0.34706
27.875 94.625 0.67606
27.875 94.875 1.4109
27.875 95.125 1.4715
27.875 95.375 1.3512
27.875 95.625 0.65548
27.875 95.875 0.13906
27.875 96.125 -0.050047
27.875 96.375 0.46904
27.875 96.625 0.70196
27.875 96.875 0.72438
27.875 97.125 0.68797
28.125 72.125 1.0113
28.125 72.375 1.1946
28.125 72.625 0.52463
28.125 72.875 0.3731
28.125 73.125 0.34641
28.125 73.375 0.36519
28.125 73.625 0.76017
28.125 73.875 0.75362
28.125 74.125 0.35555
28.125 74.375 0.57806
28.125 74.625 0.36299
28.125 74.875 0.42801
28.125 75.125 0.06594
28.125 75.375 0.24418
28.125 75.625 0.96912
28.125 75.875 1.2968
28.125 76.125 1.8457
28.125 76.375 1.4653
28.125 76.625 2.3136
28.125 76.875 2.3994
28.125 77.125 1.6926
28.125 77.375 0.52392
28.125 77.625 0.37372
28.125 77.875 0.71786
28.125 78.125 1.4032
28.125 78.375 1.4538
28.125 78.625 -0.32424
28.125 78.875 0.45058
28.125 79.125 0.71992
28.125 79.375 -0.36447
28.125 79.625 -0.55632
28.125 79.875 0.13725
28.125 80.125 1.4512
28.125 80.375 1.8735
28.125 80.625 1.9403
28.125 80.875 2.3938
28.125 81.125 2.1959
28.125 81.375 2.0665
28.125 92.875 -0.11617
28.125 93.125 -0.12557
28.125 93.375 0.12006
28.125 93.625 0.24884
28.125 93.875 -0.05065
28.125 94.125 0.33813
28.125 94.375 0.32492
28.125 94.625 -0.26614
28.125 94.875 1.0547
28.125 95.125 1.3664
28.125 95.375 1.4135
28.125 95.625 0.93232
28.125 95.875 0.37995
28.125 96.125 -0.0092446
28.125 96.375 0.47844
28.125 96.625 0.61651
28.125 96.875 0.72142
28.125 97.125 0.4969
28.375 72.375 1.6031
28.375 72.625 0.92838
28.375 72.875 0.36495
28.375 73.125 0.36007
28.375 73.375 0.26206
28.375 73.625 0.13509
28.375 73.875 0.20334
28.375 74.125 0.19434
28.375 74.375 0.0078559
28.375 74.625 0.14036
28.375 74.875 0.35965
28.375 75.125 0.84252
28.375 75.375 0.29589
28.375 75.625 0.88948
28.375 75.875 0.4407
28.375 76.125 0.92167
28.375 76.375 1.6117
28.375 76.625 0.98242
28.375 76.875 0.92509
28.375 77.125 0.78761
28.375 77.375 0.23287
28.375 77.625 0.22208
28.375 77.875 0.2809
28.375 78.125 1.1558
28.375 78.375 1.1425
28.375 78.625 -0.21763
28.375 78.875 0.068748
28.375 79.125 0.98083
28.375 79.375 1.3718
28.375 79.625 0.47381
28.375 79.875 0.53924
28.375 80.125 1.2418
28.375 80.375 1.596
28.375 80.625 1.6984
28.375 80.875 2.3242
28.375 81.125 2.2898
28.375 93.375 0.25764
28.375 93.625 0.39385
28.375 93.875 0.91891
28.375 94.125 1.289
28.375 94.375 0.81207
28.375 94.625 0.75878
28.375 94.875 0.76134
28.375 95.125 0.78636
28.375 95.375 0.76573
28.375 95.625 0.68943
28.375 95.875 0.45194
28.375 96.125 -0.051686
28.375 96.625 0.64672
28.625 72.375 2.1502
28.625 72.625 1.6322
28.625 72.875 0.7943
28.625 73.125 0.40707
28.625 73.375 0.44504
28.625 73.625 0.25917
28.625 73.875 0.073826
28.625 74.125 -0.20477
28.625 74.375 -0.3293
28.625 74.625 -0.058506
28.625 74.875 0.069414
28.625 75.125 0.66039
28.625 75.375 -0.23193
28.625 75.625 -0.73457
28.625 75.875 -0.17921
28.625 76.125 0.12282
28.625 76.375 0.87243
28.625 76.625 0.64135
28.625 76.875 1.0567
28.625 77.125 0.18621
28.625 77.375 0.11671
28.625 77.625 0.81085
28.625 77.875 0.43226
28.625 78.125 0.2322
28.625 78.375 0.79525
28.625 78.625 0.20617
28.625 78.875 -0.019004
28.625 79.125 2.0823
28.625 79.375 1.8693
28.625 79.625 1.6958
28.625 79.875 1.5068
28.625 80.125 1.162
28.625 80.375 1.6468
28.625 80.625 1.9371
28.625 93.625 1.1027
28.625 93.875 NaN
28.625 94.125 2.0793
28.625 94.375 1.6065
28.625 94.625 1.3598
28.625 94.875 0.75568
28.625 95.125 0.52476
28.625 95.375 0.71745
28.625 95.625 0.75504
28.625 95.875 0.50857
28.625 96.125 0.17546
28.625 96.375 0.27827
28.875 72.875 0.31429
28.875 73.125 0.76296
28.875 73.375 1.414
28.875 73.625 1.0318
28.875 73.875 0.72084
28.875 74.125 0.22599
28.875 74.375 -0.3384
28.875 74.625 -0.3426
28.875 74.875 -0.075869
28.875 75.125 0.52489
28.875 75.375 -0.17327
28.875 75.625 -0.3678
28.875 75.875 -0.49838
28.875 76.125 -0.44786
28.875 76.375 0.65577
28.875 76.625 0.34486
28.875 76.875 -0.27981
28.875 77.125 -0.2384
28.875 77.375 0.65577
28.875 77.625 0.77888
28.875 77.875 0.47752
28.875 78.125 -0.042411
28.875 78.375 0.4849
28.875 78.625 0.21636
28.875 78.875 0.087717
28.875 79.125 1.2281
28.875 79.375 1.5769
28.875 79.625 1.2819
28.875 79.875 1.0188
28.875 94.125 2.7162
28.875 94.375 2.2274
28.875 94.625 1.4221
28.875 94.875 1.0259
28.875 95.125 0.6165
28.875 95.375 0.80535
28.875 95.625 0.76569
28.875 95.875 0.69241
28.875 96.125 0.75387
28.875 96.375 0.26973
29.125 73.125 0.4951
29.125 73.375 1.5124
29.125 73.625 0.79916
29.125 73.875 0.68861
29.125 74.125 1.0278
29.125 74.375 -0.23584
29.125 74.625 -0.37544
29.125 74.875 0.12113
29.125 75.125 1.4646
29.125 75.375 0.87968
29.125 75.625 0.15983
29.125 75.875 0.28528
29.125 76.125 0.070867
29.125 76.375 0.074665
29.125 76.625 0.37187
29.125 76.875 -0.26562
29.125 77.125 0.023963
29.125 77.375 -0.14515
29.125 77.625 0.79349
29.125 77.875 1.4749
29.125 78.125 0.94515
29.125 78.375 0.80326
29.125 78.625 1.2628
29.125 78.875 0.12471
29.125 79.125 1.4545
29.125 79.375 1.3765
29.125 79.625 0.24117
29.125 79.875 0.14841
29.125 80.125 0.29248
29.125 94.375 1.8022
29.125 94.625 1.4169
29.125 94.875 0.93322
29.125 95.625 0.81269
29.125 95.875 1.5003
29.125 96.125 0.67473
29.375 73.375 0.88085
29.375 73.625 0.65929
29.375 73.875 0.38022
29.375 74.125 0.4024
29.375 74.375 0.088107
29.375 74.625 -0.35009
29.375 74.875 0.70025
29.375 75.125 1.2129
29.375 75.375 1.4746
29.375 75.625 0.74269
29.375 75.875 0.30222
29.375 76.125 1.4193
29.375 76.375 1.0453
29.375 76.625 0.74183
29.375 76.875 -0.18375
29.375 77.125 -0.20056
29.375 77.375 -0.17774
29.375 77.625 0.36011
29.375 77.875 1.2181
29.375 78.125 0.59211
29.375 78.375 0.67523
29.375 78.625 0.038845
29.375 78.875 -0.0078114
29.375 79.125 0.54554
29.375 79.375 0.46295
29.375 79.625 0.23668
29.375 79.875 0.54092
29.375 80.125 0.83719
29.375 96.125 0.67456
29.625 73.375 0.94401
29.625 73.625 1.5511
29.625 73.875 0.56192
29.625 74.125 0.67235
29.625 74.375 0.078166
29.625 74.625 -0.60485
29.625 74.875 -0.010255
29.625 75.125 0.38021
29.625 75.375 0.83484
29.625 75.625 0.70565
29.625 75.875 0.37872
29.625 76.125 -0.0038702
29.625 76.375 0.39599
29.625 76.625 1.1533
29.625 76.875 0.82759
29.625 77.125 -0.31372
29.625 77.375 -0.70935
29.625 77.625 -1.0132
29.625 77.875 -0.073891
29.625 78.125 0.87861
29.625 78.375 -0.50491
29.625 78.625 -0.20034
29.625 78.875 -0.01656
29.625 79.125 -0.14965
29.625 79.375 0.30999
29.625 79.625 0.23522
29.625 79.875 0.52202
29.625 80.125 1.4195
29.875 73.625 1.6354
29.875 73.875 0.20957
29.875 74.125 0.16828
29.875 74.375 -0.62592
29.875 74.625 -0.71397
29.875 74.875 -0.53171
29.875 75.125 -0.2358
29.875 75.375 0.14186
29.875 75.625 0.011254
29.875 75.875 0.37483
29.875 76.125 0.3212
29.875 76.375 0.21519
29.875 76.625 0.060335
29.875 76.875 0.59132
29.875 77.125 -0.69121
29.875 77.375 -0.90987
29.875 77.625 -0.52909
29.875 77.875 0.19355
29.875 78.125 0.35118
29.875 78.375 -0.47052
29.875 78.625 -0.1696
29.875 78.875 0.65864
29.875 79.125 0.55878
29.875 79.375 1.1176
29.875 79.625 0.86344
29.875 79.875 0.4436
29.875 80.125 1.2247
29.875 80.375 1.1968
30.125 74.125 -0.32529
30.125 74.375 -0.48766
30.125 74.625 -0.14457
30.125 74.875 -0.09138
30.125 75.125 -0.11296
30.125 75.375 -0.21898
30.125 75.625 0.01256
30.125 75.875 0.020556
30.125 76.125 0.53723
30.125 76.375 0.10627
30.125 76.625 -0.38244
30.125 76.875 -0.75583
30.125 77.125 0.57759
30.125 77.375 0.035912
30.125 77.625 0.3488
30.125 77.875 0.27213
30.125 78.125 0.52768
30.125 78.375 -0.23574
30.125 78.625 0.13388
30.125 78.875 1.5312
30.125 79.125 1.5371
30.125 79.375 1.7245
30.125 79.625 0.62676
30.125 79.875 0.51128
30.125 80.125 0.59767
30.125 80.375 0.91123
30.125 80.625 0.98936
30.375 74.125 -0.3049
30.375 74.375 -0.071992
30.375 74.625 0.072351
30.375 74.875 0.13819
30.375 75.125 0.012819
30.375 75.375 -0.24107
30.375 75.625 -0.43664
30.375 75.875 -0.1347
30.375 76.125 0.17889
30.375 76.375 0.15497
30.375 76.625 -0.64801
30.375 76.875 -0.48853
30.375 77.125 -0.03499
30.375 77.375 -0.090532
30.375 77.625 0.01139
30.375 77.875 0.29923
30.375 78.125 -0.059085
30.375 78.375 -0.028109
30.375 78.625 0.68666
30.375 78.875 1.0413
30.375 79.125 0.91822
30.375 79.375 0.52985
30.375 79.625 0.67471
30.375 79.875 0.72538
30.375 80.125 0.93097
30.375 80.375 1.1828
30.375 80.625 1.341
30.625 74.375 -0.16516
30.625 74.625 -0.31562
30.625 74.875 -0.13717
30.625 75.125 0.067567
30.625 75.375 -0.1475
30.625 75.625 -0.097593
30.625 75.875 -0.075703
30.625 76.125 -0.10835
30.625 76.375 -0.26749
30.625 76.625 0.014902
30.625 76.875 0.48913
30.625 77.125 0.1838
30.625 77.375 0.095743
30.625 77.625 -0.20501
30.625 77.875 0.091789
30.625 78.125 0.74967
30.625 78.375 -0.086519
30.625 78.625 0.19515
30.625 78.875 0.69841
30.625 79.125 0.67122
30.625 79.375 0.61655
30.625 79.625 0.94803
30.625 79.875 1.1856
30.625 80.125 0.89673
30.875 74.625 -0.49789
30.875 74.875 0.26261
30.875 75.125 0.25891
30.875 75.375 -0.42456
30.875 75.625 -0.069617
30.875 75.875 -0.27114
30.875 76.125 -0.65567
30.875 76.375 -0.14116
30.875 76.625 0.085471
30.875 76.875 0.24858
30.875 77.125 0.46814
30.875 77.375 0.80519
30.875 77.625 0.1225
30.875 77.875 0.22184
30.875 78.125 0.33071
30.875 78.375 0.1703
30.875 78.625 0.02302
30.875 78.875 0.66192
30.875 79.125 0.96348
30.875 79.375 NaN
30.875 79.625 NaN
30.875 79.875 NaN
31.125 74.875 0.75268
31.125 75.125 0.96774
31.125 75.375 -0.55837
31.125 75.625 -0.77107
31.125 75.875 -0.84063
31.125 76.125 -0.17988
31.125 76.375 -0.12819
31.125 76.625 -0.47014
31.125 76.875 0.35374
31.125 77.125 0.7682
31.125 77.375 0.49868
31.125 77.625 0.5551
31.125 77.875 -0.29535
31.125 78.125 -0.31393
31.125 78.375 -0.03712
31.125 78.625 -0.1389
31.125 78.875 NaN
31.125 79.125 NaN
31.375 74.875 -0.27342
31.375 75.125 0.77555
31.375 75.375 -0.45139
31.375 75.625 -1.2142
31.375 75.875 -0.7362
31.375 76.125 -0.33175
31.375 76.375 0.046528
31.375 76.625 -0.42465
31.375 76.875 -0.14944
31.375 77.125 0.5617
31.375 77.375 0.64195
31.375 77.625 -0.14079
31.375 77.875 -0.22151
31.375 78.125 -0.33174
31.375 78.375 -0.45279
31.375 78.625 -0.4654
31.625 74.875 -0.74085
31.625 75.125 -0.75698
31.625 75.375 -0.68384
31.625 75.625 -0.88938
31.625 75.875 -1.6536
31.625 76.125 -1.0661
31.625 76.375 -0.33878
31.625 76.625 -0.17878
31.625 76.875 -0.02434
31.625 77.125 0.41414
31.625 77.375 0.48531
31.625 77.625 0.033685
31.625 77.875 -0.37641
31.625 78.125 -0.60677
31.625 78.375 -0.59649
31.625 78.625 -0.34503
31.875 74.875 -0.65981
31.875 75.125 -0.54374
31.875 75.375 -0.71868
31.875 75.625 -0.50529
31.875 75.875 -0.70492
31.875 76.125 -0.40557
31.875 76.375 -0.36943
31.875 76.625 -0.24433
31.875 76.875 0.32767
31.875 77.125 0.22413
31.875 77.375 0.0025124
31.875 77.625 0.042005
31.875 77.875 -0.4131
31.875 78.125 -0.40188
31.875 78.375 -0.29302
31.875 78.625 -0.038816
32.125 75.375 -0.34031
32.125 75.625 -0.24104
32.125 75.875 -0.54722
32.125 76.125 0.040709
32.125 76.375 -0.47434
32.125 76.625 -0.054141
32.125 76.875 0.17014
32.125 77.125 -0.081935
32.125 77.375 0.071701
32.125 77.625 -0.099158
32.125 77.875 -0.41557
32.125 78.125 -0.63561
32.125 78.375 -0.18356
32.375 75.375 0.073142
32.375 75.625 0.30651
32.375 75.875 -0.57269
32.375 76.125 -0.99756
32.375 76.375 -0.90374
32.375 76.625 -0.67502
32.375 76.875 -0.35757
32.375 77.125 -0.043989
32.375 77.375 -0.017508
32.375 77.625 0.1313
32.375 77.875 -0.58769
32.375 78.125 -0.39109
32.375 78.375 0.15156
32.625 74.875 0.26474
32.625 75.125 -0.055385
32.625 75.375 -0.076219
32.625 75.625 -0.0048428
32.625 75.875 -0.45773
32.625 76.125 -0.59934
32.625 76.375 -0.55308
32.625 76.625 -0.13722
32.625 76.875 -0.042941
32.625 77.125 0.20448
32.625 77.375 0.2575
32.625 77.625 0.2106
32.625 77.875 -0.017791
32.625 78.125 -0.39525
32.625 78.375 0.043981
32.625 78.625 -0.032323
32.625 78.875 0.24673
32.625 79.125 0.23666
32.625 79.375 0.089898
32.875 74.375 0.87088
32.875 74.625 0.86949
32.875 74.875 0.63681
32.875 75.125 0.26101
32.875 75.375 -0.00066797
32.875 75.625 -0.11547
32.875 75.875 -0.098425
32.875 76.125 0.36714
32.875 76.375 0.9149
32.875 76.625 0.84142
32.875 76.875 0.4319
32.875 77.125 0.26254
32.875 77.375 0.27502
32.875 77.625 0.24474
32.875 77.875 0.043768
32.875 78.125 -0.098438
32.875 78.375 0.044696
32.875 78.625 -0.2591
32.875 78.875 0.22217
32.875 79.125 -0.099028
32.875 79.375 -0.27656
33.125 73.875 0.10859
33.125 74.125 -0.0057342
33.125 74.375 0.67995
33.125 74.625 0.97511
33.125 74.875 0.70983
33.125 75.125 0.23993
33.125 75.375 -0.36339
33.125 75.625 -0.3777
33.125 75.875 0.037885
33.125 76.125 0.6785
33.125 76.375 1.3448
33.125 76.625 1.1368
33.125 76.875 0.84795
33.125 77.125 0.47226
33.125 77.375 0.17022
33.125 77.625 0.14717
33.125 77.875 0.51243
33.125 78.125 0.57977
33.125 78.375 -0.38614
33.125 78.625 -0.039973
33.125 78.875 -0.35627
33.125 79.125 -0.17475
33.375 73.875 0.22887
33.375 74.125 0.29478
33.375 74.375 0.75844
33.375 74.625 0.38107
33.375 74.875 -0.053389
33.375 75.125 -0.41997
33.375 75.375 -0.44423
33.375 75.625 -0.40427
33.375 75.875 0.38822
33.375 76.125 1.1885
33.375 76.375 1.4627
33.375 76.625 1.1959
33.375 76.875 0.74194
33.375 77.125 0.33025
33.375 77.375 -0.11279
33.375 77.625 0.26407
33.375 77.875 0.052266
33.375 78.125 -0.031994
33.375 78.375 0.58569
33.375 78.625 0.14212
33.375 78.875 0.061373
33.625 73.875 0.12674
33.625 74.125 0.36884
33.625 74.375 0.28933
33.625 74.625 0.037745
33.625 74.875 -0.070002
33.625 75.125 -0.22773
33.625 75.375 -0.35238
33.625 75.625 -0.21727
33.625 75.875 0.15141
33.625 76.125 0.64025
33.625 76.375 1.2928
33.625 76.625 0.86585
33.625 76.875 0.40378
33.625 77.125 -0.098352
33.625 77.375 -0.0023859
33.625 77.625 -0.061388
33.625 77.875 0.011066
33.625 78.125 0.0026723
33.625 78.375 0.51148
33.625 78.625 0.5152
33.625 78.875 0.017838
33.875 73.875 -0.028252
33.875 74.125 0.25018
33.875 74.375 0.41256
33.875 74.625 0.40571
33.875 74.875 -0.19191
33.875 75.125 -0.0065201
33.875 75.375 -0.015508
33.875 75.625 -0.24423
33.875 75.875 -0.51333
33.875 76.125 -0.80939
33.875 76.375 -0.5281
33.875 76.625 -0.23766
33.875 76.875 -0.048439
33.875 77.125 -0.22753
33.875 77.375 -0.24354
33.875 77.625 -0.15988
33.875 77.875 0.025345
33.875 78.125 -0.19443
33.875 78.375 -0.044489
33.875 78.625 -0.005729
33.875 78.875 0.95619
34.125 73.625 -0.50497
34.125 73.875 -0.40558
34.125 74.125 0.067991
34.125 74.375 -0.14921
34.125 74.625 0.1729
34.125 74.875 -0.49452
34.125 75.125 -0.17594
34.125 75.375 -0.10437
34.125 75.625 -0.76299
34.125 75.875 -1.1236
34.125 76.125 -1.0783
34.125 76.375 -0.62387
34.125 76.625 -0.37412
34.125 76.875 -0.25206
34.125 77.125 -0.28547
34.125 77.375 -0.24217
34.125 77.625 -0.27636
34.125 77.875 -0.14805
34.125 78.125 0.0063641
34.125 78.375 -0.18753
34.125 78.625 0.14191
34.125 78.875 -0.051441
34.125 79.125 -0.018236
34.125 79.375 -0.021966
34.375 73.625 -0.73108
34.375 73.875 -0.82492
34.375 74.125 -0.8782
34.375 74.375 -0.89999
34.375 74.625 -0.71561
34.375 74.875 -0.42275
34.375 75.125 -0.14664
34.375 75.375 -0.66729
34.375 75.625 -1.0194
34.375 75.875 -1.0687
34.375 76.125 -0.89982
34.375 76.375 -0.25723
34.375 76.625 -0.46669
34.375 76.875 -0.36094
34.375 77.125 -0.45899
34.375 77.375 -0.39108
34.375 77.625 -0.20118
34.375 77.875 -0.2193
34.375 78.125 -0.34981
34.375 78.375 0.16456
34.375 78.625 0.26074
34.375 78.875 0.17136
34.375 79.125 -0.53602
34.375 79.375 -0.29662
34.625 73.875 -0.88719
34.625 74.125 -1.032
34.625 74.375 -0.88743
34.625 74.625 -0.77541
34.625 74.875 -0.52187
34.625 75.125 -0.14756
34.625 75.375 -0.75858
34.625 75.625 -0.87364
34.625 75.875 -0.81666
34.625 76.125 -0.34922
34.625 76.375 -0.37572
34.625 76.625 -0.4103
34.625 76.875 -0.46989
34.625 77.125 -0.64666
34.625 77.375 -0.62461
34.625 77.625 -0.48046
34.625 77.875 -0.5522
34.625 78.125 -0.59642
34.625 78.375 -0.57041
34.625 78.625 0.0081824
34.625 78.875 0.10594
34.625 79.125 -0.41604
34.625 79.375 -0.59684
34.625 79.625 -0.51374
34.875 74.125 -0.59001
34.875 74.375 -0.91665
34.875 74.625 -0.8057
34.875 74.875 -0.65655
34.875 75.125 -0.73719
34.875 75.375 -0.95256
34.875 75.625 -0.93739
34.875 75.875 -0.83947
34.875 76.125 -0.31866
34.875 76.375 -0.62269
34.875 76.625 -0.62721
34.875 76.875 -0.62034
34.875 77.125 -0.70142
34.875 77.375 -0.74141
34.875 77.625 -0.85961
34.875 77.875 -0.66152
34.875 78.125 -0.64082
34.875 78.375 -0.63237
34.875 78.625 0.16889
34.875 78.875 -0.1911
34.875 79.125 -0.45973
34.875 79.375 -0.5973
34.875 79.625 -0.54702
34.875 79.875 -0.40621
35.125 74.375 -1.2134
35.125 74.625 -1.2413
35.125 74.875 -0.88805
35.125 75.125 -0.99566
35.125 75.375 -1.1422
35.125 75.625 -0.96555
35.125 75.875 -0.45185
35.125 76.125 -0.54791
35.125 76.375 -0.43996
35.125 76.625 -0.5841
35.125 76.875 -0.89514
35.125 77.125 -0.88997
35.125 77.375 -0.93219
35.125 77.625 -0.718
35.125 77.875 -0.85575
35.125 78.125 -0.4597
35.125 78.375 -0.55804
35.125 78.625 -0.1824
35.125 78.875 -0.023052
35.125 79.125 -0.38674
35.125 79.375 -0.48004
35.125 79.625 -0.72363
35.125 79.875 -0.35946
35.375 73.875 -0.95307
35.375 74.125 -1.0358
35.375 74.375 -1.0669
35.375 74.625 -1.1499
35.375 74.875 -0.88646
35.375 75.125 -0.89321
35.375 75.375 -0.86747
35.375 75.625 -0.75557
35.375 75.875 -0.52329
35.375 76.125 -0.401
35.375 76.375 -0.51972
35.375 76.625 -0.90682
35.375 76.875 -0.83986
35.375 77.125 -0.92879
35.375 77.375 -0.68644
35.375 77.625 -0.69545
35.375 77.875 -0.63757
35.375 78.125 -0.60761
35.375 78.375 -0.56195
35.375 78.625 -0.81015
35.375 78.875 -0.47441
35.375 79.125 -0.29598
35.375 79.375 -0.36378
35.375 79.625 -0.47052
35.375 79.875 -0.74112
35.375 80.125 NaN
35.625 73.375 -0.68748
35.625 73.625 -0.94462
35.625 73.875 -0.89219
35.625 74.125 -1.0439
35.625 74.375 -1.0461
35.625 74.625 -0.97069
35.625 74.875 -0.57036
35.625 75.125 -0.82727
35.625 75.375 -0.74327
35.625 75.625 -0.748
35.625 75.875 -0.70179
35.625 76.125 -0.65251
35.625 76.375 -0.98299
35.625 76.625 -0.70348
35.625 76.875 -0.62752
35.625 77.125 -0.99342
35.625 78.375 -0.99459
35.625 78.625 -0.78464
35.625 78.875 -0.49946
35.625 79.125 -0.41137
35.625 79.375 -0.42405
35.625 79.625 -0.22098
35.625 79.875 -0.46367
35.625 80.125 -0.2548
35.875 73.125 0.88821
35.875 73.375 0.29405
35.875 73.625 -0.2953
35.875 73.875 -0.54393
35.875 74.125 -0.74829
35.875 74.375 -0.59455
35.875 74.625 -0.56476
35.875 74.875 -0.55225
35.875 75.125 -0.73388
35.875 75.375 -0.82495
35.875 75.625 -1.0137
35.875 75.875 -0.83022
35.875 76.125 -0.84843
35.875 76.375 -1.0116
35.875 76.625 -0.99701
35.875 79.375 -0.32173
36.125 72.625 1.2941
36.125 72.875 NaN
36.125 73.125 NaN
36.125 73.375 0.78872
36.125 73.625 0.46057
36.125 73.875 0.10978
36.125 74.125 0.087982
36.125 74.375 -0.2139
36.125 74.625 -0.40514
36.125 74.875 -0.48168
36.125 75.125 -0.62283
36.125 75.375 -0.99267
36.125 75.625 -1.0011
36.125 75.875 -1.1485
36.125 76.125 -1.1419
36.125 76.375 -1.1943
36.125 76.625 -1.1351
36.375 73.125 1.4968
36.375 73.375 1.376
36.375 73.625 1.2532
36.375 73.875 0.80449
36.375 74.125 0.22356
36.375 74.375 0.40877
36.375 74.625 -0.072222
36.375 74.875 -0.61214
36.375 75.125 -0.95349
36.375 75.375 -1.2313
36.375 75.625 -1.2462
36.375 75.875 -1.4616
36.375 76.125 -1.4085
36.625 73.375 1.4029
36.625 73.625 1.2303
36.625 73.875 0.77894
36.625 74.125 0.30123
36.625 74.375 1.039
36.625 74.625 -0.086743
36.625 74.875 -0.42546
36.625 75.125 -0.89887
36.625 75.375 -1.0883
36.625 75.625 -1.0595
36.875 73.875 1.0151
36.875 74.375 1.1662
36.875 74.625 0.10777
36.875 74.875 -0.18993
36.875 75.125 -0.65244
36.875 75.375 -0.49943
