8.125 77.375 0.78272
8.375 77.125 0.80247
8.375 77.375 0.78094
8.375 77.625 0.63055
8.375 77.875 0.56157
8.625 76.875 1.2982
8.625 77.125 0.72084
8.625 77.375 1.0034
8.625 77.625 0.76512
8.625 77.875 1.0755
8.875 76.875 3.2785
8.875 77.125 1.7884
8.875 77.375 0.7616
8.875 77.625 0.27536
8.875 77.875 -0.081117
9.125 76.625 2.566
9.125 76.875 2.5746
9.125 77.125 1.2826
9.125 77.375 0.91252
9.125 77.625 0.24575
9.125 77.875 0.3045
9.125 78.125 0.28074
9.125 78.375 NaN
9.375 76.625 2.3789
9.375 76.875 2.7095
9.375 77.125 1.0812
9.375 77.375 1.8208
9.375 77.625 0.51462
9.375 77.875 0.33386
9.375 78.125 0.42961
9.375 78.375 0.58724
9.375 78.625 0.14407
9.375 78.875 NaN
9.625 76.375 1.3565
9.625 76.625 2.4058
9.625 76.875 2.6123
9.625 77.125 2.5191
9.625 77.375 0.6634
9.625 77.625 0.41143
9.625 77.875 1.1486
9.625 78.125 0.34802
9.625 78.375 0.65149
9.625 78.625 0.77951
9.875 76.625 1.2944
9.875 76.875 1.487
9.875 77.125 1.8313
9.875 77.375 0.46494
9.875 77.625 1.0116
9.875 77.875 0.59391
9.875 78.125 0.68172
9.875 78.375 0.69388
9.875 78.625 0.4158
9.875 78.875 0.45504
10.125 76.375 0.97729
10.125 76.625 1.1883
10.125 76.875 1.6871
10.125 77.125 0.78529
10.125 77.375 0.6215
10.125 77.625 0.714
10.125 77.875 0.82719
10.125 78.125 0.82451
10.125 78.375 1.4913
10.125 78.625 0.81534
10.125 78.875 1.617
10.125 79.125 1.6242
10.375 76.375 1.38
10.375 76.625 1.0251
10.375 76.875 1.4844
10.375 77.125 0.86059
10.375 77.375 0.9317
10.375 77.625 0.6892
10.375 77.875 1.1299
10.375 78.125 1.1532
10.375 78.375 0.77194
10.375 78.625 0.92027
10.375 78.875 0.14948
10.375 79.125 1.0749
10.375 79.375 NaN
10.375 79.625 NaN
10.625 76.125 2.0166
10.625 76.375 1.7267
10.625 76.625 0.65608
10.625 76.875 1.1822
10.625 77.125 0.94074
10.625 77.375 0.066562
10.625 77.625 0.80389
10.625 77.875 0.89291
10.625 78.125 -0.13853
10.625 78.375 1.0094
10.625 78.625 1.2182
10.625 78.875 1.6873
10.625 79.125 0.74539
10.625 79.375 1.2386
10.625 79.625 1.2936
10.875 76.125 2.4988
10.875 76.375 2.641
10.875 76.625 0.62312
10.875 76.875 0.44988
10.875 77.125 0.97626
10.875 77.375 1.0074
10.875 77.625 1.0722
10.875 77.875 0.48316
10.875 78.125 0.82687
10.875 78.375 1.7155
10.875 78.625 1.0527
10.875 78.875 1.445
10.875 79.125 0.82614
10.875 79.375 0.88989
10.875 79.625 0.9956
11.125 76.125 0.94678
11.125 76.375 1.1339
11.125 76.625 0.071368
11.125 76.875 2.3849
11.125 77.125 1.8542
11.125 77.375 0.96787
11.125 77.625 1.4061
11.125 77.875 0.76923
11.125 78.125 1.2106
11.125 78.375 1.9082
11.125 78.625 1.7294
11.125 78.875 1.6472
11.125 79.125 1.3206
11.125 79.375 1.0865
11.125 79.625 0.72706
11.375 75.875 0.94203
11.375 76.125 1.7969
11.375 76.375 1.6898
11.375 76.625 1.1352
11.375 76.875 1.549
11.375 77.125 1.4344
11.375 77.375 1.4113
11.375 77.625 1.7397
11.375 77.875 2.7675
11.375 78.125 1.4466
11.375 78.375 2.2158
11.375 78.625 1.4263
11.375 78.875 1.1622
11.375 79.125 1.269
11.375 79.375 1.2581
11.375 79.625 1.443
11.625 75.875 1.4581
11.625 76.125 2.0486
11.625 76.375 3.2914
11.625 76.625 1.0197
11.625 76.875 0.46533
11.625 77.125 0.91228
11.625 77.375 1.3634
11.625 77.625 1.6627
11.625 77.875 2.1325
11.625 78.125 0.012955
11.625 78.375 -0.38575
11.625 78.625 2.004
11.625 78.875 0.6118
11.625 79.125 1.1708
11.625 79.375 2.0012
11.625 79.625 NaN
11.875 75.625 NaN
11.875 75.875 1.2438
11.875 76.125 3.3023
11.875 76.375 3.9028
11.875 76.625 1.2645
11.875 76.875 0.45571
11.875 77.125 1.6181
11.875 77.375 2.3454
11.875 77.625 1.8397
11.875 77.875 0.4869
11.875 78.125 1.0694
11.875 78.375 0.30248
11.875 78.625 1.336
11.875 78.875 1.3623
11.875 79.125 1.5625
11.875 79.375 1.7157
11.875 79.625 2.1007
12.125 75.375 0.64131
12.125 75.625 1.2214
12.125 75.875 1.4579
12.125 76.125 3.1541
12.125 76.375 2.6058
12.125 76.625 0.31681
12.125 76.875 1.349
12.125 77.125 2.9074
12.125 77.375 3.2329
12.125 77.625 1.8249
12.125 77.875 1.5217
12.125 78.125 2.2027
12.125 78.375 2.261
12.125 78.625 2.056
12.125 78.875 2.0195
12.125 79.125 1.789
12.125 79.375 1.8134
12.125 79.625 2.4558
12.375 75.125 1.0178
12.375 75.375 1.1724
12.375 75.625 1.4048
12.375 75.875 1.5887
12.375 76.125 2.8403
12.375 76.375 3.4683
12.375 76.625 2.6671
12.375 76.875 2.5281
12.375 77.125 1.9869
12.375 77.375 1.3507
12.375 77.625 1.1579
12.375 77.875 1.5856
12.375 78.125 2.3805
12.375 78.375 2.8755
12.375 78.625 2.1325
12.375 78.875 2.0841
12.375 79.125 1.8361
12.375 79.375 1.6011
12.375 79.625 1.5654
12.375 79.875 1.4827
12.625 75.125 1.5667
12.625 75.375 1.2698
12.625 75.625 1.5866
12.625 75.875 2.3792
12.625 76.125 3.1153
12.625 76.375 3.6451
12.625 76.625 3.6043
12.625 76.875 3.1276
12.625 77.125 2.1623
12.625 77.375 2.207
12.625 77.625 2.2706
12.625 77.875 3.089
12.625 78.125 3.5051
12.625 78.375 3.0212
12.625 78.625 1.9972
12.625 78.875 2.4207
12.625 79.125 2.6817
12.625 79.375 2.1725
12.625 79.625 1.0419
12.625 79.875 1.59
12.875 75.125 2.3601
12.875 75.375 3.1603
12.875 75.625 1.7229
12.875 75.875 4.7268
12.875 76.125 3.2785
12.875 76.375 4.6465
12.875 76.625 4.6746
12.875 76.875 3.3357
12.875 77.125 3.5711
12.875 77.375 2.6547
12.875 77.625 3.7016
12.875 77.875 4.0138
12.875 78.125 3.7474
12.875 78.375 3.2733
12.875 78.625 1.5997
12.875 78.875 2.3387
12.875 79.125 2.5071
12.875 79.375 1.7025
12.875 79.625 1.6495
12.875 79.875 1.6757
13.125 74.875 NaN
13.125 75.125 2.9104
13.125 75.375 1.7301
13.125 75.625 2.257
13.125 75.875 3.7028
13.125 76.125 3.5233
13.125 76.375 4.1808
13.125 76.625 4.6139
13.125 76.875 3.8
13.125 77.125 3.535
13.125 77.375 3.4925
13.125 77.625 3.9518
13.125 77.875 3.7164
13.125 78.125 3.9754
13.125 78.375 3.5813
13.125 78.625 2.7618
13.125 78.875 1.9036
13.125 79.125 2.9349
13.125 79.375 1.8072
13.125 79.625 2.1926
13.125 79.875 2.0033
13.125 80.125 1.978
13.375 74.875 NaN
13.375 75.125 1.4302
13.375 75.375 1.2061
13.375 75.625 2.0695
13.375 75.875 3.3549
13.375 76.125 4.1769
13.375 76.375 4.248
13.375 76.625 4.8025
13.375 76.875 3.2069
13.375 77.125 4.5704
13.375 77.375 3.8665
13.375 77.625 3.5349
13.375 77.875 3.7934
13.375 78.125 2.9241
13.375 78.375 3.4189
13.375 78.625 3.8091
13.375 78.875 2.6793
13.375 79.125 2.45
13.375 79.375 2.6215
13.375 79.625 1.8392
13.375 79.875 1.4792
13.375 80.125 1.7672
13.625 74.875 1.5241
13.625 75.125 1.9365
13.625 75.375 1.6829
13.625 75.625 1.9865
13.625 75.875 3.5349
13.625 76.125 3.8853
13.625 76.375 4.7766
13.625 76.625 4.0255
13.625 76.875 2.8913
13.625 77.125 3.7817
13.625 77.375 3.7391
13.625 77.625 3.408
13.625 77.875 4.5321
13.625 78.125 2.971
13.625 78.375 3.7888
13.625 78.625 1.9076
13.625 78.875 2.0855
13.625 79.125 1.9275
13.625 79.375 1.3051
13.625 79.625 1.4513
13.625 79.875 1.5404
13.625 80.125 1.6436
13.875 74.875 2.3452
13.875 75.125 2.767
13.875 75.375 2.2769
13.875 75.625 2.5967
13.875 75.875 3.1256
13.875 76.125 2.2039
13.875 76.375 3.851
13.875 76.625 4.4309
13.875 76.875 4.1062
13.875 77.125 2.9097
13.875 77.375 4.234
13.875 77.625 4.7414
13.875 77.875 4.236
13.875 78.125 3.7982
13.875 78.375 4.2225
13.875 78.625 2.757
13.875 78.875 2.7046
13.875 79.125 2.2581
13.875 79.375 1.6803
13.875 79.625 1.9362
13.875 79.875 1.6759
14.125 74.625 1.1154
14.125 74.875 1.7383
14.125 75.125 2.043
14.125 75.375 2.2938
14.125 75.625 1.9213
14.125 75.875 2.8117
14.125 76.125 2.4672
14.125 76.375 2.309
14.125 76.625 2.3581
14.125 76.875 4.0991
14.125 77.125 3.6399
14.125 77.375 3.6518
14.125 77.625 4.3794
14.125 77.875 3.9384
14.125 78.125 4.1869
14.125 78.375 4.8248
14.125 78.625 4.0646
14.125 78.875 3.3782
14.125 79.125 2.412
14.125 79.375 2.0917
14.125 79.625 2.0659
14.125 79.875 1.8933
14.375 74.625 1.131
14.375 74.875 1.7972
14.375 75.125 2.48
14.375 75.375 2.2629
14.375 75.625 1.6859
14.375 75.875 3.3051
14.375 76.125 3.0778
14.375 76.375 3.1562
14.375 76.625 3.239
14.375 76.875 3.4666
14.375 77.125 3.2836
14.375 77.375 3.6792
14.375 77.625 2.624
14.375 77.875 3.5017
14.375 78.125 3.8945
14.375 78.375 4.271
14.375 78.625 4.4547
14.375 78.875 3.6002
14.375 79.125 3.2024
14.375 79.375 3.102
14.375 79.625 1.7184
14.375 79.875 2.6231
14.625 74.375 NaN
14.625 74.625 1.5456
14.625 74.875 1.8542
14.625 75.125 1.4258
14.625 75.375 1.8395
14.625 75.625 2.1706
14.625 75.875 2.4952
14.625 76.125 2.4874
14.625 76.375 2.7041
14.625 76.625 3.2249
14.625 76.875 4.1016
14.625 77.125 3.5092
14.625 77.375 3.2198
14.625 77.625 3.2151
14.625 77.875 3.4322
14.625 78.125 3.4868
14.625 78.375 2.817
14.625 78.625 3.2581
14.625 78.875 2.4377
14.625 79.125 2.6876
14.625 79.375 3.0434
14.625 79.625 1.9559
14.625 79.875 2.0806
14.875 74.375 2.3065
14.875 74.625 1.6938
14.875 74.875 1.6966
14.875 75.125 1.9341
14.875 75.375 1.3204
14.875 75.625 2.528
14.875 75.875 1.1718
14.875 76.125 2.0684
14.875 76.375 2.1357
14.875 76.625 3.0113
14.875 76.875 3.7231
14.875 77.125 4.0326
14.875 77.375 4.1925
14.875 77.625 3.3731
14.875 77.875 2.9583
14.875 78.125 2.7664
14.875 78.375 1.949
14.875 78.625 2.2877
14.875 78.875 2.0093
14.875 79.125 2.2724
14.875 79.375 2.2717
14.875 79.625 2.14
14.875 79.875 2.0312
15.125 74.125 2.3027
15.125 74.375 2.6888
15.125 74.625 2.5013
15.125 74.875 1.8237
15.125 75.125 1.7165
15.125 75.375 1.5338
15.125 75.625 1.9483
15.125 75.875 1.8929
15.125 76.125 1.8606
15.125 76.375 2.0093
15.125 76.625 2.2569
15.125 76.875 2.4308
15.125 77.125 3.0159
15.125 77.375 2.7534
15.125 77.625 2.2054
15.125 77.875 2.0144
15.125 78.125 1.2881
15.125 78.375 1.3333
15.125 78.625 2.1264
15.125 78.875 1.9432
15.125 79.125 1.7801
15.125 79.375 2.6482
15.125 79.625 2.7754
15.125 79.875 1.8607
15.375 73.875 1.2963
15.375 74.125 2.2504
15.375 74.375 2.1568
15.375 74.625 1.5654
15.375 74.875 2.0171
15.375 75.125 1.2214
15.375 75.375 1.8858
15.375 75.625 1.2793
15.375 75.875 1.3391
15.375 76.125 2.2717
15.375 76.375 2.8661
15.375 76.625 0.80871
15.375 76.875 1.125
15.375 77.125 2.2659
15.375 77.375 2.0242
15.375 77.625 2.1949
15.375 77.875 2.042
15.375 78.125 1.3263
15.375 78.375 1.6229
15.375 78.625 2.0115
15.375 78.875 1.6279
15.375 79.125 1.0106
15.375 79.375 0.60617
15.375 79.625 0.22276
15.375 79.875 0.65081
15.625 73.875 2.1326
15.625 74.125 1.5163
15.625 74.375 0.56224
15.625 74.625 2.1016
15.625 74.875 2.1136
15.625 75.125 1.5942
15.625 75.375 0.83117
15.625 75.625 0.65718
15.625 75.875 1.147
15.625 76.125 1.9508
15.625 76.375 1.0751
15.625 76.625 0.69931
15.625 76.875 0.31127
15.625 77.125 0.88196
15.625 77.375 0.66389
15.625 77.625 1.7008
15.625 77.875 2.3587
15.625 78.125 2.3946
15.625 78.375 1.6661
15.625 78.625 1.4147
15.625 78.875 2.6056
15.625 79.125 0.94757
15.625 79.375 0.70837
15.625 79.625 1.5182
15.625 79.875 1.5689
15.625 80.125 2.6282
15.875 73.875 2.9895
15.875 74.125 2.3287
15.875 74.375 1.3802
15.875 74.625 2.0011
15.875 74.875 1.9011
15.875 75.125 2.0072
15.875 75.375 1.0611
15.875 75.625 0.8808
15.875 75.875 0.48068
15.875 76.125 1.9514
15.875 76.375 1.9069
15.875 76.625 0.59209
15.875 76.875 0.22373
15.875 77.125 0.26559
15.875 77.375 0.7321
15.875 77.625 1.5514
15.875 77.875 3.4943
15.875 78.125 4.5819
15.875 78.375 2.3222
15.875 78.625 1.8139
15.875 78.875 1.0381
15.875 79.125 0.95552
15.875 79.375 1.8381
15.875 79.625 1.2653
15.875 79.875 2.0773
15.875 80.125 2.6493
15.875 80.375 2.6546
15.875 80.625 NaN
15.875 80.875 2.9396
16.125 73.625 2.9374
16.125 73.875 1.0851
16.125 74.125 1.8475
16.125 74.375 1.9375
16.125 74.625 2.1823
16.125 74.875 0.79358
16.125 75.125 0.82488
16.125 75.375 0.65157
16.125 75.625 0.9853
16.125 75.875 0.20591
16.125 76.125 0.67004
16.125 76.375 0.69903
16.125 76.625 0.4075
16.125 76.875 0.26301
16.125 77.125 1.0098
16.125 77.375 1.7059
16.125 77.625 0.45144
16.125 77.875 1.8954
16.125 78.125 3.7654
16.125 78.375 2.075
16.125 78.625 0.89953
16.125 78.875 1.3555
16.125 79.125 1.9557
16.125 79.375 1.8414
16.125 79.625 1.1412
16.125 79.875 1.6467
16.125 80.125 2.6121
16.125 80.375 3.1536
16.125 80.625 2.9794
16.125 80.875 2.893
16.375 73.625 1.8863
16.375 73.875 1.4523
16.375 74.125 2.1235
16.375 74.375 2.0447
16.375 74.625 1.5863
16.375 74.875 1.0489
16.375 75.125 0.14099
16.375 75.375 0.7894
16.375 75.625 0.94054
16.375 75.875 0.70464
16.375 76.125 1.9846
16.375 76.375 2.1992
16.375 76.625 0.60327
16.375 76.875 1.1562
16.375 77.125 0.85518
16.375 77.375 2.555
16.375 77.625 1.8856
16.375 77.875 -0.15116
16.375 78.125 0.34461
16.375 78.375 0.88576
16.375 78.625 1.2729
16.375 78.875 1.8244
16.375 79.125 3.1638
16.375 79.375 2.04
16.375 79.625 1.4787
16.375 79.875 1.6316
16.375 80.125 3.0919
16.375 80.375 3.3276
16.375 80.625 1.6124
16.375 80.875 1.7687
16.375 81.125 1.8432
16.375 81.375 NaN
16.375 81.625 NaN
16.625 73.625 1.7233
16.625 73.875 2.3973
16.625 74.125 2.039
16.625 74.375 1.1312
16.625 74.625 0.76177
16.625 74.875 0.57583
16.625 75.125 0.66553
16.625 75.375 0.53086
16.625 75.625 0.83287
16.625 75.875 1.2678
16.625 76.125 1.1133
16.625 76.375 0.83951
16.625 76.625 0.82153
16.625 76.875 0.67046
16.625 77.125 1.4112
16.625 77.375 1.2171
16.625 77.625 0.59513
16.625 77.875 1.3332
16.625 78.125 0.69133
16.625 78.375 0.7156
16.625 78.625 1.3506
16.625 78.875 2.5908
16.625 79.125 3.6002
16.625 79.375 3.5604
16.625 79.625 1.9147
16.625 79.875 0.69803
16.625 80.125 1.1393
16.625 80.375 1.8961
16.625 80.625 1.6288
16.625 80.875 1.5432
16.625 81.125 1.2253
16.625 81.375 1.0252
16.625 81.625 1.5477
16.625 81.875 1.2339
16.625 82.125 1.195
16.875 73.375 2.5264
16.875 73.625 2.0765
16.875 73.875 2.3729
16.875 74.125 0.26653
16.875 74.375 0.74467
16.875 74.625 0.6125
16.875 74.875 1.1818
16.875 75.125 1.3921
16.875 75.375 1.5748
16.875 75.625 0.82008
16.875 75.875 1.4516
16.875 76.125 0.9338
16.875 76.375 0.77691
16.875 76.625 0.72545
16.875 76.875 0.81355
16.875 77.125 0.86183
16.875 77.375 0.53767
16.875 77.625 1.0748
16.875 77.875 1.4846
16.875 78.125 1.3681
16.875 78.375 1.6166
16.875 78.625 1.9046
16.875 78.875 3.5267
16.875 79.125 3.9204
16.875 79.375 3.9617
16.875 79.625 2.4072
16.875 79.875 1.1995
16.875 80.125 1.1071
16.875 80.375 1.6477
16.875 80.625 1.6255
16.875 80.875 2.2911
16.875 81.125 1.5822
16.875 81.375 1.8312
16.875 81.625 0.99915
16.875 81.875 1.2328
16.875 82.125 1.1598
17.125 73.375 2.8016
17.125 73.625 2.1178
17.125 73.875 1.7794
17.125 74.125 1.2087
17.125 74.375 1.0019
17.125 74.625 1.246
17.125 74.875 1.5734
17.125 75.125 1.5224
17.125 75.375 0.96283
17.125 75.625 0.5742
17.125 75.875 0.53786
17.125 76.125 0.66772
17.125 76.375 1.2876
17.125 76.625 1.2429
17.125 76.875 2.0051
17.125 77.125 1.2592
17.125 77.375 0.79222
17.125 77.625 0.3809
17.125 77.875 1.1043
17.125 78.125 -1.0459
17.125 78.375 1.9216
17.125 78.625 3.6283
17.125 78.875 3.9232
17.125 79.125 4.306
17.125 79.375 3.9086
17.125 79.625 1.7438
17.125 79.875 2.2926
17.125 80.125 1.2356
17.125 80.375 2.0492
17.125 80.625 1.7424
17.125 80.875 1.8892
17.125 81.125 2.4645
17.125 81.375 2.5344
17.125 81.625 0.60815
17.125 81.875 0.32446
17.125 82.125 0.83776
17.125 82.375 0.74412
17.375 73.375 2.5151
17.375 73.625 2.2653
17.375 73.875 2.0584
17.375 74.125 1.9711
17.375 74.375 1.0023
17.375 74.625 1.4932
17.375 74.875 1.2399
17.375 75.125 1.4266
17.375 75.375 1.2873
17.375 75.625 0.7283
17.375 75.875 -0.15414
17.375 76.125 0.47354
17.375 76.375 1.5175
17.375 76.625 1.5215
17.375 76.875 1.1417
17.375 77.125 1.3254
17.375 77.375 0.93625
17.375 77.625 1.0852
17.375 77.875 -0.39765
17.375 78.125 0.62887
17.375 78.375 1.2258
17.375 78.625 4.1456
17.375 78.875 3.7206
17.375 79.125 4.0929
17.375 79.375 5.1322
17.375 79.625 4.9324
17.375 79.875 4.2014
17.375 80.125 2.6981
17.375 80.375 2.5401
17.375 80.625 1.5464
17.375 80.875 1.4542
17.375 81.125 2.1611
17.375 81.375 1.8744
17.375 81.625 1.895
17.375 81.875 1.4616
17.375 82.125 1.8135
17.375 82.375 1.5026
17.375 82.625 NaN
17.625 73.375 2.4537
17.625 73.625 1.5688
17.625 73.875 1.9916
17.625 74.125 1.7284
17.625 74.375 1.0131
17.625 74.625 1.1615
17.625 74.875 1.2276
17.625 75.125 1.4901
17.625 75.375 2.0151
17.625 75.625 0.96057
17.625 75.875 0.40223
17.625 76.125 1.0629
17.625 76.375 1.5422
17.625 76.625 1.6616
17.625 76.875 1.2609
17.625 77.125 0.87503
17.625 77.375 0.91618
17.625 77.625 1.2223
17.625 77.875 0.1708
17.625 78.125 1.3521
17.625 78.375 1.5291
17.625 78.625 4.5081
17.625 78.875 4.2604
17.625 79.125 3.7311
17.625 79.375 4.4628
17.625 79.625 4.6268
17.625 79.875 4.0288
17.625 80.125 3.0575
17.625 80.375 1.7028
17.625 80.625 1.3351
17.625 80.875 2.0797
17.625 81.125 1.9495
17.625 81.375 1.9078
17.625 81.625 2.3451
17.625 81.875 2.667
17.625 82.125 3.1758
17.625 82.375 1.8704
17.625 82.625 1.1717
17.625 82.875 1.1764
17.625 83.125 1.8567
17.875 73.375 2.2905
17.875 73.625 1.2435
17.875 73.875 1.9655
17.875 74.125 1.2243
17.875 74.375 0.62232
17.875 74.625 0.65544
17.875 74.875 0.75869
17.875 75.125 1.2133
17.875 75.375 1.948
17.875 75.625 2.0685
17.875 75.875 1.8486
17.875 76.125 1.6684
17.875 76.375 1.9351
17.875 76.625 1.871
17.875 76.875 1.2409
17.875 77.125 0.84978
17.875 77.375 0.62378
17.875 77.625 1.146
17.875 77.875 1.2851
17.875 78.125 2.6839
17.875 78.375 2.6556
17.875 78.625 2.749
17.875 78.875 3.3213
17.875 79.125 4.1812
17.875 79.375 2.6221
17.875 79.625 3.6446
17.875 79.875 3.5072
17.875 80.125 2.2397
17.875 80.375 1.5495
17.875 80.625 1.6654
17.875 80.875 2.0532
17.875 81.125 1.7363
17.875 81.375 1.5417
17.875 81.625 2.5038
17.875 81.875 2.9347
17.875 82.125 2.6775
17.875 82.375 1.0008
17.875 82.625 2.9882
17.875 82.875 2.792
17.875 83.125 1.8267
17.875 83.375 1.8872
18.125 73.125 NaN
18.125 73.375 0.77274
18.125 73.625 1.3345
18.125 73.875 1.5518
18.125 74.125 0.64758
18.125 74.375 0.27914
18.125 74.625 0.54917
18.125 74.875 0.63303
18.125 75.125 0.85931
18.125 75.375 2.0252
18.125 75.625 2.3718
18.125 75.875 2.2749
18.125 76.125 1.8157
18.125 76.375 1.7266
18.125 76.625 1.5238
18.125 76.875 0.98037
18.125 77.125 1.2664
18.125 77.375 0.96914
18.125 77.625 1.2723
18.125 77.875 1.7309
18.125 78.125 3.6004
18.125 78.375 2.8674
18.125 78.625 2.6874
18.125 78.875 2.5604
18.125 79.125 2.6621
18.125 79.375 3.4603
18.125 79.625 2.3419
18.125 79.875 2.7977
18.125 80.125 0.90442
18.125 80.375 2.1328
18.125 80.625 2.7688
18.125 80.875 1.2011
18.125 81.125 0.066774
18.125 81.375 0.5512
18.125 81.625 1.927
18.125 81.875 2.3943
18.125 82.125 2.1518
18.125 82.375 1.7076
18.125 82.625 2.553
18.125 82.875 3.4413
18.125 83.125 2.7553
18.125 83.375 2.7429
18.125 83.625 3.1189
18.375 73.125 0.97929
18.375 73.375 0.73729
18.375 73.625 1.0399
18.375 73.875 1.325
18.375 74.125 0.54127
18.375 74.375 -0.19666
18.375 74.625 0.67709
18.375 74.875 1.1093
18.375 75.125 1.185
18.375 75.375 2.4953
18.375 75.625 1.4794
18.375 75.875 1.0854
18.375 76.125 2.029
18.375 76.375 1.6195
18.375 76.625 1.3606
18.375 76.875 0.88508
18.375 77.125 1.6741
18.375 77.375 1.2399
18.375 77.625 0.4072
18.375 77.875 1.8572
18.375 78.125 2.9988
18.375 78.375 3.6042
18.375 78.625 3.6916
18.375 78.875 2.5396
18.375 79.125 0.22687
18.375 79.375 1.8342
18.375 79.625 1.9607
18.375 79.875 2.5931
18.375 80.125 1.3401
18.375 80.375 1.9821
18.375 80.625 1.8767
18.375 80.875 0.66586
18.375 81.125 -0.053325
18.375 81.375 0.15348
18.375 81.625 1.4388
18.375 81.875 2.4316
18.375 82.125 2.2832
18.375 82.375 1.7634
18.375 82.625 1.7747
18.375 82.875 1.9141
18.375 83.125 3.8427
18.375 83.375 2.7741
18.375 83.625 3.0732
18.375 83.875 3.0327
18.625 73.125 1.9253
18.625 73.375 1.566
18.625 73.625 0.99925
18.625 73.875 1.0847
18.625 74.125 1.0917
18.625 74.375 0.51979
18.625 74.625 0.84969
18.625 74.875 1.3726
18.625 75.125 0.69126
18.625 75.375 0.94264
18.625 75.625 0.95548
18.625 75.875 1.0988
18.625 76.125 2.3841
18.625 76.375 1.6576
18.625 76.625 0.99355
18.625 76.875 1.3155
18.625 77.125 1.5716
18.625 77.375 0.95127
18.625 77.625 0.59534
18.625 77.875 0.93692
18.625 78.125 1.4772
18.625 78.375 2.3902
18.625 78.625 2.4337
18.625 78.875 1.0125
18.625 79.125 1.55
18.625 79.375 0.89689
18.625 79.625 0.818
18.625 79.875 0.96516
18.625 80.125 0.79952
18.625 80.375 1.3121
18.625 80.625 0.94037
18.625 80.875 0.27096
18.625 81.125 0.20198
18.625 81.375 0.39134
18.625 81.625 0.96492
18.625 81.875 1.9185
18.625 82.125 2.3551
18.625 82.375 1.6219
18.625 82.625 1.6593
18.625 82.875 3.7707
18.625 83.125 4.3571
18.625 83.375 2.4191
18.625 83.625 3.1845
18.625 83.875 3.2558
18.625 84.125 3.2764
18.875 73.125 3.2755
18.875 73.375 1.4346
18.875 73.625 1.347
18.875 73.875 1.1771
18.875 74.125 1.1992
18.875 74.375 1.1175
18.875 74.625 0.9058
18.875 74.875 1.5287
18.875 75.125 1.1956
18.875 75.375 1.1911
18.875 75.625 1.1798
18.875 75.875 1.0713
18.875 76.125 1.619
18.875 76.375 1.6677
18.875 76.625 1.902
18.875 76.875 0.98433
18.875 77.125 0.62567
18.875 77.375 1.2959
18.875 77.625 1.9034
18.875 77.875 1.1923
18.875 78.125 1.4897
18.875 78.375 1.654
18.875 78.625 2.0633
18.875 78.875 0.938
18.875 79.125 1.3103
18.875 79.375 0.94764
18.875 79.625 0.54463
18.875 79.875 0.76419
18.875 80.125 0.76301
18.875 80.375 1.0036
18.875 80.625 0.90974
18.875 80.875 0.6205
18.875 81.125 0.61306
18.875 81.375 0.783
18.875 81.625 1.1373
18.875 81.875 1.7798
18.875 82.125 2.4047
18.875 82.375 1.9844
18.875 82.625 3.1487
18.875 82.875 3.5157
18.875 83.125 3.5732
18.875 83.375 4.2248
18.875 83.625 4.4078
18.875 83.875 4.0139
18.875 84.125 2.5982
18.875 84.375 2.6792
19.125 73.125 1.5204
19.125 73.375 2.1041
19.125 73.625 1.9319
19.125 73.875 2.6069
19.125 74.125 1.9098
19.125 74.375 1.8006
19.125 74.625 1.5043
19.125 74.875 1.7168
19.125 75.125 1.3512
19.125 75.375 1.0013
19.125 75.625 1.3881
19.125 75.875 1.5419
19.125 76.125 1.4909
19.125 76.375 1.8075
19.125 76.625 1.3314
19.125 76.875 0.24676
19.125 77.125 0.18004
19.125 77.375 0.39345
19.125 77.625 1.006
19.125 77.875 2.2079
19.125 78.125 2.6177
19.125 78.375 2.9201
19.125 78.625 2.6588
19.125 78.875 2.7836
19.125 79.125 2.6759
19.125 79.375 2.0794
19.125 79.625 1.6213
19.125 79.875 1.9313
19.125 80.125 1.4779
19.125 80.375 2.1708
19.125 80.625 2.2038
19.125 80.875 1.4878
19.125 81.125 1.6586
19.125 81.375 1.8984
19.125 81.625 1.7501
19.125 81.875 2.5847
19.125 82.125 2.141
19.125 82.375 2.676
19.125 82.625 3.8548
19.125 82.875 2.557
19.125 83.125 2.7384
19.125 83.375 2.8083
19.125 83.625 3.8497
19.125 83.875 3.9838
19.125 84.125 3.7982
19.125 84.375 3.5048
19.125 84.625 3.4694
19.375 72.875 2.9322
19.375 73.125 2.5827
19.375 73.375 2.7196
19.375 73.625 2.7913
19.375 73.875 2.7419
19.375 74.125 2.6241
19.375 74.375 1.9396
19.375 74.625 1.896
19.375 74.875 1.3628
19.375 75.125 1.2169
19.375 75.375 1.655
19.375 75.625 1.617
19.375 75.875 1.4198
19.375 76.125 1.6121
19.375 76.375 0.56222
19.375 76.625 -0.10585
19.375 76.875 -0.055771
19.375 77.125 0.16542
19.375 77.375 -0.23719
19.375 77.625 0.37471
19.375 77.875 1.1505
19.375 78.125 1.9728
19.375 78.375 2.9289
19.375 78.625 3.3558
19.375 78.875 3.4294
19.375 79.125 2.9446
19.375 79.375 2.3073
19.375 79.625 2.0724
19.375 79.875 2.9568
19.375 80.125 2.7756
19.375 80.375 3.3001
19.375 80.625 3.4258
19.375 80.875 3.3062
19.375 81.125 2.9227
19.375 81.375 2.9126
19.375 81.625 3.4666
19.375 81.875 3.7638
19.375 82.125 3.0278
19.375 82.375 1.7641
19.375 82.625 2.2493
19.375 82.875 1.7528
19.375 83.125 2.8191
19.375 83.375 2.1653
19.375 83.625 3.0995
19.375 83.875 3.8216
19.375 84.125 3.9127
19.375 84.375 4.1101
19.375 84.625 3.6194
19.375 84.875 3.3654
19.625 72.875 2.986
19.625 73.125 2.6811
19.625 73.375 2.7784
19.625 73.625 2.5898
19.625 73.875 2.0358
19.625 74.125 1.6053
19.625 74.375 1.1266
19.625 74.625 1.3443
19.625 74.875 1.2586
19.625 75.125 0.97917
19.625 75.375 1.4619
19.625 75.625 0.76039
19.625 75.875 0.88078
19.625 76.125 0.74926
19.625 76.375 0.14856
19.625 76.625 -0.46472
19.625 76.875 -0.024961
19.625 77.125 0.0608
19.625 77.375 0.4987
19.625 77.625 0.3445
19.625 77.875 0.15214
19.625 78.125 1.3312
19.625 78.375 1.89
19.625 78.625 2.792
19.625 78.875 3.2035
19.625 79.125 2.2924
19.625 79.375 2.0079
19.625 79.625 2.8361
19.625 79.875 3.0989
19.625 80.125 3.1998
19.625 80.375 3.8089
19.625 80.625 3.5351
19.625 80.875 3.5357
19.625 81.125 3.3849
19.625 81.375 3.1278
19.625 81.625 3.5825
19.625 81.875 4.1818
19.625 82.125 2.8371
19.625 82.375 1.7519
19.625 82.625 1.5032
19.625 82.875 2.5174
19.625 83.125 2.3453
19.625 83.375 3.1792
19.625 83.625 3.3928
19.625 83.875 3.3992
19.625 84.125 3.8777
19.625 84.375 3.6484
19.625 84.625 3.134
19.625 84.875 2.8027
19.625 85.125 2.5839
19.625 85.375 2.104
19.875 72.875 3.5161
19.875 73.125 2.8602
19.875 73.375 2.8729
19.875 73.625 1.8109
19.875 73.875 1.3348
19.875 74.125 1.0698
19.875 74.375 1.1092
19.875 74.625 1.4751
19.875 74.875 1.861
19.875 75.125 0.75471
19.875 75.375 0.61981
19.875 75.625 0.35095
19.875 75.875 0.6735
19.875 76.125 0.65182
19.875 76.375 0.50218
19.875 76.625 0.29779
19.875 76.875 0.58829
19.875 77.125 0.77834
19.875 77.375 1.07
19.875 77.625 0.53397
19.875 77.875 1.0511
19.875 78.125 1.2204
19.875 78.375 1.2621
19.875 78.625 2.0247
19.875 78.875 2.3882
19.875 79.125 2.8398
19.875 79.375 2.6761
19.875 79.625 2.7942
19.875 79.875 3.1419
19.875 80.125 2.9972
19.875 80.375 3.9604
19.875 80.625 3.5869
19.875 80.875 3.5814
19.875 81.125 3.7296
19.875 81.375 3.9811
19.875 81.625 3.8525
19.875 81.875 3.9941
19.875 82.125 2.2751
19.875 82.375 1.41
19.875 82.625 1.0099
19.875 82.875 1.1498
19.875 83.125 1.4431
19.875 83.375 2.0791
19.875 83.625 2.8477
19.875 83.875 3.9107
19.875 84.125 3.7532
19.875 84.375 3.3246
19.875 84.625 2.9952
19.875 84.875 2.6745
19.875 85.125 2.3575
19.875 85.375 2.2593
19.875 85.625 NaN
19.875 85.875 NaN
19.875 86.125 NaN
20.125 72.875 4.0226
20.125 73.125 4.0868
20.125 73.375 2.1161
20.125 73.625 3.0248
20.125 73.875 1.4609
20.125 74.125 0.46918
20.125 74.375 1.9755
20.125 74.625 2.3855
20.125 74.875 2.5171
20.125 75.125 1.5191
20.125 75.375 1.4844
20.125 75.625 1.0792
20.125 75.875 0.73652
20.125 76.125 0.73051
20.125 76.375 0.66196
20.125 76.625 0.32937
20.125 76.875 0.68687
20.125 77.125 1.1407
20.125 77.375 1.2293
20.125 77.625 0.77453
20.125 77.875 0.69139
20.125 78.125 1.0652
20.125 78.375 0.92763
20.125 78.625 1.0801
20.125 78.875 1.1845
20.125 79.125 1.8561
20.125 79.375 2.7006
20.125 79.625 2.5725
20.125 79.875 2.9171
20.125 80.125 3.2324
20.125 80.375 3.344
20.125 80.625 3.0586
20.125 80.875 3.2283
20.125 81.125 3.0868
20.125 81.375 3.1423
20.125 81.625 2.9841
20.125 81.875 2.3721
20.125 82.125 2.3422
20.125 82.375 1.9018
20.125 82.625 0.82282
20.125 82.875 0.76391
20.125 83.125 0.93959
20.125 83.375 0.43297
20.125 83.625 0.86582
20.125 83.875 3.7605
20.125 84.125 4.6708
20.125 84.375 2.6335
20.125 84.625 2.621
20.125 84.875 1.8342
20.125 85.125 2.8001
20.125 85.375 3.3403
20.125 85.625 3.9016
20.125 85.875 3.0431
20.125 86.125 3.6888
20.125 86.375 NaN
20.375 73.125 3.3664
20.375 73.375 2.776
20.375 73.625 2.3528
20.375 73.875 0.66965
20.375 74.125 0.25127
20.375 74.375 1.6794
20.375 74.625 1.7215
20.375 74.875 1.7011
20.375 75.125 1.0347
20.375 75.375 1.3971
20.375 75.625 1.1455
20.375 75.875 1.0427
20.375 76.125 0.69245
20.375 76.375 0.37161
20.375 76.625 0.10445
20.375 76.875 0.43629
20.375 77.125 0.92504
20.375 77.375 0.96909
20.375 77.625 0.45303
20.375 77.875 0.24672
20.375 78.125 0.56338
20.375 78.375 0.57115
20.375 78.625 0.50792
20.375 78.875 0.29281
20.375 79.125 0.20589
20.375 79.375 0.67779
20.375 79.625 1.6117
20.375 79.875 1.8498
20.375 80.125 2.1956
20.375 80.375 1.6138
20.375 80.625 2.2058
20.375 80.875 2.3989
20.375 81.125 2.7999
20.375 81.375 2.8277
20.375 81.625 1.9937
20.375 81.875 2.0313
20.375 82.125 2.6895
20.375 82.375 2.3567
20.375 82.625 2.3098
20.375 82.875 1.6244
20.375 83.125 1.9427
20.375 83.375 1.1076
20.375 83.625 1.4343
20.375 83.875 2.4221
20.375 84.125 1.3791
20.375 84.375 1.7542
20.375 84.625 2.3225
20.375 84.875 2.7854
20.375 85.125 2.3744
20.375 85.375 1.9196
20.375 85.625 3.0871
20.375 85.875 2.7573
20.375 86.125 2.952
20.375 86.375 3.324
20.375 86.625 NaN
20.625 73.125 2.2076
20.625 73.375 1.8421
20.625 73.625 0.8761
20.625 73.875 0.075816
20.625 74.125 0.56507
20.625 74.375 2.1853
20.625 74.625 2.3835
20.625 74.875 1.2987
20.625 75.125 0.70041
20.625 75.375 1.1445
20.625 75.625 1.0274
20.625 75.875 0.15404
20.625 76.125 0.11104
20.625 76.375 0.11101
20.625 76.625 0.14864
20.625 76.875 0.14536
20.625 77.125 0.21239
20.625 77.375 0.83776
20.625 77.625 0.6418
20.625 77.875 -0.017052
20.625 78.125 0.76784
20.625 78.375 0.43917
20.625 78.625 0.26321
20.625 78.875 -0.010051
20.625 79.125 0.044232
20.625 79.375 -0.14594
20.625 79.625 -0.037261
20.625 79.875 1.3045
20.625 80.125 1.294
20.625 80.375 0.72237
20.625 80.625 1.1965
20.625 80.875 1.7957
20.625 81.125 2.4948
20.625 81.375 2.6059
20.625 81.625 2.0129
20.625 81.875 2.2135
20.625 82.125 3.044
20.625 82.375 1.9982
20.625 82.625 1.3236
20.625 82.875 1.478
20.625 83.125 1.4721
20.625 83.375 1.0599
20.625 83.625 1.8839
20.625 83.875 1.8763
20.625 84.125 0.34765
20.625 84.375 1.1906
20.625 84.625 1.8147
20.625 84.875 2.0827
20.625 85.125 1.521
20.625 85.375 4.155
20.625 85.625 2.0548
20.625 85.875 3.159
20.625 86.125 2.7662
20.625 86.375 2.9115
20.625 86.625 2.7963
20.625 86.875 NaN
20.875 70.625 1.5459
20.875 70.875 1.5047
20.875 71.125 1.4907
20.875 71.375 1.7275
20.875 72.875 2.8365
20.875 73.125 1.8469
20.875 73.375 0.81131
20.875 73.625 0.44905
20.875 73.875 0.71166
20.875 74.125 1.8085
20.875 74.375 2.5742
20.875 74.625 2.6041
20.875 74.875 1.8284
20.875 75.125 1.6719
20.875 75.375 0.86885
20.875 75.625 1.0181
20.875 75.875 0.40565
20.875 76.125 -0.18826
20.875 76.375 0.057712
20.875 76.625 0.45446
20.875 76.875 0.32582
20.875 77.125 0.86228
20.875 77.375 0.83748
20.875 77.625 0.53494
20.875 77.875 0.11924
20.875 78.125 0.54015
20.875 78.375 0.50528
20.875 78.625 0.43315
20.875 78.875 0.49589
20.875 79.125 0.82516
20.875 79.375 0.25399
20.875 79.625 -0.24244
20.875 79.875 0.059697
20.875 80.125 0.62507
20.875 80.375 0.83507
20.875 80.625 1.1739
20.875 80.875 2.2244
20.875 81.125 3.1164
20.875 81.375 2.8663
20.875 81.625 2.0673
20.875 81.875 2.2704
20.875 82.125 1.7848
20.875 82.375 2.0384
20.875 82.625 2.1029
20.875 82.875 0.83533
20.875 83.125 0.89928
20.875 83.375 0.40865
20.875 83.625 1.4148
20.875 83.875 1.1062
20.875 84.125 0.52826
20.875 84.375 2.0258
20.875 84.625 1.7116
20.875 84.875 1.6445
20.875 85.125 1.3969
20.875 85.375 3.171
20.875 85.625 1.5899
20.875 85.875 2.0669
20.875 86.125 1.6467
20.875 86.375 2.0647
20.875 86.625 2.4604
21.125 70.375 1.7417
21.125 70.625 2.7473
21.125 70.875 0.46852
21.125 71.125 0.96313
21.125 71.375 1.5252
21.125 71.625 NaN
21.125 71.875 NaN
21.125 72.875 2.073
21.125 73.125 0.99266
21.125 73.375 1.1899
21.125 73.625 0.86859
21.125 73.875 0.86631
21.125 74.125 1.0172
21.125 74.375 1.5921
21.125 74.625 1.7968
21.125 74.875 1.5772
21.125 75.125 0.81024
21.125 75.375 0.546
21.125 75.625 0.78048
21.125 75.875 0.75448
21.125 76.125 0.58708
21.125 76.375 0.31226
21.125 76.625 -0.047693
21.125 76.875 -0.074322
21.125 77.125 0.10857
21.125 77.375 0.62167
21.125 77.625 0.67962
21.125 77.875 0.50044
21.125 78.125 0.56185
21.125 78.375 0.58418
21.125 78.625 0.11249
21.125 78.875 0.83137
21.125 79.125 0.29414
21.125 79.375 0.24924
21.125 79.625 0.10854
21.125 79.875 0.22256
21.125 80.125 0.16262
21.125 80.375 0.6699
21.125 80.625 1.3167
21.125 80.875 3.183
21.125 81.125 3.2915
21.125 81.375 2.603
21.125 81.625 0.73749
21.125 81.875 2.2013
21.125 82.125 2.0571
21.125 82.375 1.9493
21.125 82.625 1.8874
21.125 82.875 1.401
21.125 83.125 1.3381
21.125 83.375 1.3593
21.125 83.625 2.104
21.125 83.875 1.8862
21.125 84.125 1.3703
21.125 84.375 0.60431
21.125 84.625 1.4638
21.125 84.875 0.94949
21.125 85.125 1.3007
21.125 85.375 1.4861
21.125 85.625 1.882
21.125 85.875 1.7853
21.125 86.125 1.0821
21.125 86.375 1.4102
21.125 86.625 1.9515
21.375 70.125 1.1703
21.375 70.375 0.80119
21.375 70.625 1.4068
21.375 70.875 0.8712
21.375 71.125 0.90105
21.375 71.375 0.41927
21.375 71.625 0.93509
21.375 71.875 0.257
21.375 72.875 1.8967
21.375 73.125 2.8393
21.375 73.375 2.674
21.375 73.625 2.8781
21.375 73.875 0.90789
21.375 74.125 1.3215
21.375 74.375 1.5455
21.375 74.625 1.4667
21.375 74.875 1.4436
21.375 75.125 1.0024
21.375 75.375 0.62428
21.375 75.625 0.31243
21.375 75.875 0.40776
21.375 76.125 0.22988
21.375 76.375 0.17814
21.375 76.625 -0.098639
21.375 76.875 -0.30669
21.375 77.125 0.21815
21.375 77.375 1.7039
21.375 77.625 0.82144
21.375 77.875 0.66751
21.375 78.125 0.62197
21.375 78.375 1.272
21.375 78.625 1.0534
21.375 78.875 0.95522
21.375 79.125 0.5648
21.375 79.375 0.11783
21.375 79.625 0.15155
21.375 79.875 -0.29326
21.375 80.125 -0.13757
21.375 80.375 0.095853
21.375 80.625 0.96184
21.375 80.875 1.5714
21.375 81.125 2.1445
21.375 81.375 1.7722
21.375 81.625 0.74059
21.375 81.875 0.94035
21.375 82.125 1.1603
21.375 82.375 1.6725
21.375 82.625 1.5119
21.375 82.875 1.6115
21.375 83.125 1.1819
21.375 83.375 1.7836
21.375 83.625 1.553
21.375 83.875 1.9245
21.375 84.125 1.5946
21.375 84.375 1.8302
21.375 84.625 1.8413
21.375 84.875 1.2668
21.375 85.125 1.6515
21.375 85.375 1.4452
21.375 85.625 2.4591
21.375 85.875 1.4046
21.375 86.125 1.4713
21.375 86.375 1.548
21.375 86.625 1.6321
21.375 86.875 1.7543
21.625 69.875 1.1384
21.625 70.125 0.61245
21.625 70.375 1.0881
21.625 70.625 1.496
21.625 70.875 0.99607
21.625 71.125 0.36478
21.625 71.375 0.66053
21.625 71.625 0.58866
21.625 71.875 0.95702
21.625 72.125 1.035
21.625 72.875 0.98097
21.625 73.125 0.65272
21.625 73.375 2.0625
21.625 73.625 2.6778
21.625 73.875 1.5828
21.625 74.125 1.367
21.625 74.375 1.3655
21.625 74.625 1.6156
21.625 74.875 1.3777
21.625 75.125 0.87186
21.625 75.375 -0.25195
21.625 75.625 -0.47205
21.625 75.875 -0.32488
21.625 76.125 -0.19273
21.625 76.375 -0.22181
21.625 76.625 -0.24003
21.625 76.875 0.5912
21.625 77.125 0.84456
21.625 77.375 1.7137
21.625 77.625 0.5193
21.625 77.875 0.58303
21.625 78.125 0.63284
21.625 78.375 1.2253
21.625 78.625 1.4136
21.625 78.875 1.5018
21.625 79.125 0.39994
21.625 79.375 -0.35811
21.625 79.625 -0.0474
21.625 79.875 -0.091089
21.625 80.125 0.34904
21.625 80.375 0.38015
21.625 80.625 0.78167
21.625 80.875 0.93143
21.625 81.125 2.4519
21.625 81.375 1.8185
21.625 81.625 0.87997
21.625 81.875 0.9521
21.625 82.125 0.82718
21.625 82.375 0.96177
21.625 82.625 1.1729
21.625 82.875 NaN
21.625 83.125 1.6647
21.625 83.375 1.3972
21.625 83.625 2.4627
21.625 83.875 2.2893
21.625 84.125 2.225
21.625 84.375 3.2159
21.625 84.625 2.8596
21.625 84.875 3.3943
21.625 85.125 2.9034
21.625 85.375 2.3068
21.625 85.625 2.2113
21.625 85.875 2.1496
21.625 86.125 1.5668
21.625 86.375 1.8395
21.625 86.625 1.601
21.625 86.875 2.2316
21.625 87.125 2.2147
21.625 87.375 NaN
21.875 69.375 NaN
21.875 69.625 2.0672
21.875 69.875 1.2211
21.875 70.125 1.9274
21.875 70.375 2.2576
21.875 70.625 2.2047
21.875 70.875 0.52747
21.875 71.125 0.29864
21.875 71.375 0.48019
21.875 71.625 0.60453
21.875 71.875 0.79598
21.875 72.125 0.82584
21.875 72.625 NaN
21.875 72.875 0.48055
21.875 73.125 0.47585
21.875 73.375 1.7657
21.875 73.625 1.872
21.875 73.875 2.1782
21.875 74.125 1.5801
21.875 74.375 1.7222
21.875 74.625 1.8274
21.875 74.875 1.428
21.875 75.125 -0.00026999
21.875 75.375 -0.31121
21.875 75.625 -0.44775
21.875 75.875 -0.14696
21.875 76.125 -0.15124
21.875 76.375 -0.043327
21.875 76.625 -0.02279
21.875 76.875 -0.174
21.875 77.125 0.39635
21.875 77.375 0.10688
21.875 77.625 0.22239
21.875 77.875 0.27266
21.875 78.125 0.45649
21.875 78.375 0.91414
21.875 78.625 0.91405
21.875 78.875 1.1356
21.875 79.125 0.27812
21.875 79.375 -0.17149
21.875 79.625 -0.13534
21.875 79.875 0.12204
21.875 80.125 0.4318
21.875 80.375 0.51775
21.875 80.625 0.7589
21.875 80.875 1.469
21.875 81.125 1.2749
21.875 81.375 0.73835
21.875 81.625 0.62901
21.875 81.875 0.43965
21.875 82.125 0.078239
21.875 82.375 0.44355
21.875 82.625 1.0694
21.875 82.875 1.215
21.875 83.125 1.5691
21.875 83.375 2.0108
21.875 83.625 1.6044
21.875 83.875 1.4547
21.875 84.125 2.2379
21.875 84.375 3.3359
21.875 84.625 3.4715
21.875 84.875 3.6352
21.875 85.125 3.6235
21.875 85.375 3.5431
21.875 85.625 3.0137
21.875 85.875 2.6629
21.875 86.125 2.3376
21.875 86.375 2.1142
21.875 86.625 1.9756
21.875 86.875 2.9751
21.875 87.125 3.4178
21.875 87.375 3.0895
21.875 87.625 3.5244
21.875 87.875 2.3749
21.875 88.375 2.9718
21.875 88.625 NaN
21.875 88.875 NaN
22.125 69.125 1.9085
22.125 69.375 1.6906
22.125 69.625 1.7115
22.125 69.875 1.4334
22.125 70.125 2.483
22.125 70.375 2.0834
22.125 70.625 1.247
22.125 70.875 0.45466
22.125 71.125 0.45355
22.125 71.375 0.76106
22.125 71.625 0.68365
22.125 71.875 0.3255
22.125 72.125 0.81141
22.125 72.625 NaN
22.125 72.875 0.44026
22.125 73.125 0.36919
22.125 73.375 1.3816
22.125 73.625 1.1007
22.125 73.875 1.9304
22.125 74.125 1.5414
22.125 74.375 1.6106
22.125 74.625 1.6647
22.125 74.875 0.67606
22.125 75.125 0.10494
22.125 75.375 0.0067541
22.125 75.625 0.58486
22.125 75.875 0.59023
22.125 76.125 0.3549
22.125 76.375 0.044221
22.125 76.625 -0.16124
22.125 76.875 -0.27715
22.125 77.125 -0.23215
22.125 77.375 -0.019004
22.125 77.625 0.11252
22.125 77.875 0.31338
22.125 78.125 0.12736
22.125 78.375 0.061678
22.125 78.625 0.15599
22.125 78.875 0.12682
22.125 79.125 -0.062483
22.125 79.375 -0.081779
22.125 79.625 0.0045719
22.125 79.875 -0.037458
22.125 80.125 0.42546
22.125 80.375 0.52909
22.125 80.625 0.71652
22.125 80.875 1.1518
22.125 81.125 1.7363
22.125 81.375 1.239
22.125 81.625 0.97131
22.125 81.875 0.91656
22.125 82.125 1.0146
22.125 82.375 1.1435
22.125 82.625 1.0249
22.125 82.875 1.0518
22.125 83.125 1.5362
22.125 83.375 1.5234
22.125 83.625 0.88121
22.125 83.875 2.1408
22.125 84.125 2.4656
22.125 84.375 2.544
22.125 84.625 3.4164
22.125 84.875 4.4904
22.125 85.125 3.6582
22.125 85.375 3.5227
22.125 85.625 2.754
22.125 85.875 2.8417
22.125 86.125 3.1158
22.125 86.375 4.1548
22.125 86.625 4.7742
22.125 86.875 4.7961
22.125 87.125 4.4948
22.125 87.375 3.4232
22.125 87.625 3.1944
22.125 87.875 3.282
22.125 88.125 3.4241
22.125 88.375 3.4399
22.125 92.875 NaN
22.375 69.125 1.5292
22.375 69.875 1.1493
22.375 70.125 2.8523
22.375 70.375 1.6508
22.375 70.625 0.62128
22.375 70.875 0.27969
22.375 71.125 0.70849
22.375 71.375 0.53348
22.375 71.625 0.24832
22.375 71.875 0.43607
22.375 72.125 0.63229
22.375 72.625 NaN
22.375 72.875 -0.097078
22.375 73.125 -0.30904
22.375 73.375 0.069737
22.375 73.625 2.1077
22.375 73.875 0.49707
22.375 74.125 1.2267
22.375 74.375 1.7157
22.375 74.625 1.2363
22.375 74.875 0.6047
22.375 75.125 0.45738
22.375 75.375 0.97778
22.375 75.625 0.93264
22.375 75.875 0.43957
22.375 76.125 0.37203
22.375 76.375 0.22333
22.375 76.625 0.19786
22.375 76.875 -0.17891
22.375 77.125 -0.28346
22.375 77.375 -0.26115
22.375 77.625 0.012325
22.375 77.875 0.34342
22.375 78.125 0.062521
22.375 78.375 -0.10437
22.375 78.625 -0.32792
22.375 78.875 -0.17313
22.375 79.125 -0.082312
22.375 79.375 -0.039976
22.375 79.625 -0.22871
22.375 79.875 -0.15068
22.375 80.125 -0.2701
22.375 80.375 0.28305
22.375 80.625 0.89695
22.375 80.875 1.4176
22.375 81.125 1.6924
22.375 81.375 1.8831
22.375 81.625 1.5813
22.375 81.875 1.5923
22.375 82.125 1.4609
22.375 82.375 1.266
22.375 82.625 1.3305
22.375 82.875 1.2788
22.375 83.125 1.7557
22.375 83.375 1.583
22.375 83.625 1.5844
22.375 83.875 2.7082
22.375 84.125 2.8349
22.375 84.375 2.3756
22.375 84.625 2.8532
22.375 84.875 4.438
22.375 85.125 3.8916
22.375 85.375 3.1409
22.375 85.625 2.6721
22.375 85.875 2.6115
22.375 86.125 3.408
22.375 86.375 3.9914
22.375 86.625 4.2779
22.375 86.875 4.6464
22.375 87.125 4.6738
22.375 87.375 3.4193
22.375 87.625 2.9466
22.375 87.875 2.9499
22.375 88.125 2.983
22.375 88.375 2.7298
22.375 88.625 2.8066
22.375 88.875 2.8722
22.375 92.875 2.2918
22.625 70.375 2.2001
22.625 70.625 0.62023
22.625 70.875 0.39885
22.625 71.125 0.51485
22.625 71.375 0.25354
22.625 71.625 0.040647
22.625 71.875 -0.16564
22.625 72.125 -0.147
22.625 72.375 0.26687
22.625 72.625 0.63936
22.625 72.875 0.32075
22.625 73.125 -0.43451
22.625 73.375 0.32615
22.625 73.625 -0.1555
22.625 73.875 -0.35224
22.625 74.125 0.18617
22.625 74.375 0.46753
22.625 74.625 0.71711
22.625 74.875 0.81419
22.625 75.125 0.6652
22.625 75.375 0.77784
22.625 75.625 0.74616
22.625 75.875 0.39112
22.625 76.125 0.28045
22.625 76.375 0.26573
22.625 76.625 0.30317
22.625 76.875 -0.072447
22.625 77.125 -0.19297
22.625 77.375 -0.29427
22.625 77.625 -0.23262
22.625 77.875 0.33819
22.625 78.125 0.24197
22.625 78.375 -0.13604
22.625 78.625 -0.42405
22.625 78.875 -0.31998
22.625 79.125 -0.16292
22.625 79.375 -0.17628
22.625 79.625 -0.5736
22.625 79.875 -0.40853
22.625 80.125 -0.40481
22.625 80.375 -0.038925
22.625 80.625 1.2581
22.625 80.875 1.6215
22.625 81.125 1.614
22.625 81.375 1.9079
22.625 81.625 0.82899
22.625 81.875 1.161
22.625 82.125 1.421
22.625 82.375 1.2528
22.625 82.625 1.2676
22.625 82.875 1.2212
22.625 83.125 1.5081
22.625 83.375 1.6239
22.625 83.625 1.6217
22.625 83.875 1.6862
22.625 84.125 1.9155
22.625 84.375 1.5242
22.625 84.625 2.2725
22.625 84.875 4.3608
22.625 85.125 3.853
22.625 85.375 3.2029
22.625 85.625 2.8265
22.625 85.875 3.8279
22.625 86.125 3.1422
22.625 86.375 2.7952
22.625 86.625 2.8384
22.625 86.875 4.1273
22.625 87.125 4.6668
22.625 87.375 3.7517
22.625 87.625 3.3675
22.625 87.875 3.4153
22.625 88.125 4.1938
22.625 88.375 2.4537
22.625 88.625 2.9112
22.625 88.875 2.9342
22.625 92.625 0.73095
22.625 92.875 2.0332
22.875 69.375 NaN
22.875 69.625 NaN
22.875 69.875 NaN
22.875 70.625 0.78042
22.875 70.875 0.49649
22.875 71.125 0.22593
22.875 71.375 -0.20147
22.875 71.625 -0.30951
22.875 71.875 -0.47305
22.875 72.125 -0.10136
22.875 72.375 -0.18001
22.875 72.625 1.1104
22.875 72.875 -0.37161
22.875 73.125 -0.083591
22.875 73.375 -0.55259
22.875 73.625 0.016693
22.875 73.875 -0.27183
22.875 74.125 0.19832
22.875 74.375 0.21729
22.875 74.625 0.21259
22.875 74.875 0.90067
22.875 75.125 0.63303
22.875 75.375 0.91097
22.875 75.625 0.76551
22.875 75.875 0.54063
22.875 76.125 0.69369
22.875 76.375 0.30482
22.875 76.625 0.2951
22.875 76.875 0.057331
22.875 77.125 -0.019412
22.875 77.375 -0.11529
22.875 77.625 -0.20916
22.875 77.875 0.091578
22.875 78.125 0.18232
22.875 78.375 -0.30052
22.875 78.625 -0.69198
22.875 78.875 -0.35827
22.875 79.125 -0.1757
22.875 79.375 -0.51794
22.875 79.625 -0.51565
22.875 79.875 -0.38953
22.875 80.125 -0.36207
22.875 80.375 -0.16846
22.875 80.625 1.2057
22.875 80.875 1.5147
22.875 81.125 1.3884
22.875 81.375 1.4129
22.875 81.625 0.23057
22.875 81.875 -0.038485
22.875 82.125 0.43358
22.875 82.375 0.57274
22.875 82.625 0.63225
22.875 82.875 0.47056
22.875 83.125 0.99208
22.875 83.375 1.7327
22.875 83.625 1.7205
22.875 83.875 1.4213
22.875 84.125 1.1275
22.875 84.375 0.83282
22.875 84.625 1.499
22.875 84.875 1.6121
22.875 85.125 2.9951
22.875 85.375 2.9068
22.875 85.625 1.9481
22.875 85.875 3.1565
22.875 86.125 2.465
22.875 86.375 1.9374
22.875 86.625 2.8094
22.875 86.875 3.3072
22.875 87.125 3.4467
22.875 87.375 3.5284
22.875 87.625 3.5941
22.875 87.875 3.278
22.875 88.125 3.5628
22.875 88.375 2.8449
22.875 88.625 2.782
22.875 92.625 0.62821
22.875 92.875 1.5666
23.125 68.875 0.36471
23.125 69.125 0.74872
23.125 69.375 1.0785
23.125 69.625 0.91877
23.125 69.875 1.395
23.125 70.125 0.79684
23.125 70.875 0.55258
23.125 71.125 0.36731
23.125 71.375 -0.17491
23.125 71.625 -0.1606
23.125 71.875 -0.43844
23.125 72.125 0.32314
23.125 72.375 -0.0082555
23.125 72.625 0.45015
23.125 72.875 -0.17297
23.125 73.125 -0.19793
23.125 73.375 -0.11793
23.125 73.625 0.056553
23.125 73.875 -0.16955
23.125 74.125 0.033232
23.125 74.375 0.24385
23.125 74.625 0.32921
23.125 74.875 0.83149
23.125 75.125 0.93768
23.125 75.375 0.79809
23.125 75.625 0.45356
23.125 75.875 0.37237
23.125 76.125 0.84731
23.125 76.375 0.95446
23.125 76.625 0.45663
23.125 76.875 0.066167
23.125 77.125 0.14705
23.125 77.375 -2.0767e-05
23.125 77.625 -0.14838
23.125 77.875 0.19806
23.125 78.125 0.044176
23.125 78.375 -0.23927
23.125 78.625 -0.61607
23.125 78.875 -0.28416
23.125 79.125 -0.38177
23.125 79.375 -0.44207
23.125 79.625 -0.66952
23.125 79.875 -0.63215
23.125 80.125 -0.58954
23.125 80.375 -0.45105
23.125 80.625 0.69194
23.125 80.875 1.0078
23.125 81.125 0.72616
23.125 81.375 0.18048
23.125 81.625 0.020415
23.125 81.875 -0.28784
23.125 82.125 0.638
23.125 82.375 0.73871
23.125 82.625 0.47182
23.125 82.875 0.25684
23.125 83.125 0.1975
23.125 83.375 0.76243
23.125 83.625 1.4904
23.125 83.875 1.3758
23.125 84.125 0.91256
23.125 84.375 1.189
23.125 84.625 1.0838
23.125 84.875 1.4549
23.125 85.125 1.5176
23.125 85.375 2.9585
23.125 85.625 3.0815
23.125 85.875 2.8497
23.125 86.125 2.7646
23.125 86.375 2.5863
23.125 86.625 2.6765
23.125 86.875 3.5526
23.125 87.125 3.4573
23.125 87.375 3.4566
23.125 87.625 3.2507
23.125 87.875 2.8103
23.125 88.125 2.2383
23.125 88.375 2.7741
23.125 88.625 2.6955
23.125 91.625 NaN
23.125 92.625 0.25626
23.125 92.875 0.35549
23.125 93.125 NaN
23.375 68.875 0.31055
23.375 69.125 0.66059
23.375 69.375 0.94681
23.375 69.625 1.0645
23.375 69.875 1.0585
23.375 70.125 0.94719
23.375 70.375 0.87964
23.375 70.625 0.77343
23.375 70.875 0.62057
23.375 71.125 0.79543
23.375 71.375 0.90698
23.375 71.625 0.64495
23.375 71.875 0.95067
23.375 72.125 0.20557
23.375 72.375 0.24128
23.375 72.625 -0.047022
23.375 72.875 -0.076214
23.375 73.125 -0.0060894
23.375 73.375 -0.066106
23.375 73.625 -0.048248
23.375 73.875 0.033991
23.375 74.125 0.017013
23.375 74.375 0.40057
23.375 74.625 0.61797
23.375 74.875 1.1811
23.375 75.125 1.3124
23.375 75.375 0.84407
23.375 75.625 0.64251
23.375 75.875 0.58559
23.375 76.125 1.5034
23.375 76.375 1.2621
23.375 76.625 0.92284
23.375 76.875 0.63317
23.375 77.125 0.44542
23.375 77.375 0.03723
23.375 77.625 -0.12372
23.375 77.875 0.1558
23.375 78.125 0.21149
23.375 78.375 0.054991
23.375 78.625 0.021797
23.375 78.875 -0.11128
23.375 79.125 -0.53409
23.375 79.375 -0.47461
23.375 79.625 -0.46563
23.375 79.875 -0.41663
23.375 80.125 -0.68112
23.375 80.375 -0.91101
23.375 80.625 -0.71795
23.375 80.875 -0.11193
23.375 81.125 0.031285
23.375 81.375 -0.083464
23.375 81.625 -0.013198
23.375 81.875 0.2827
23.375 82.125 0.56715
23.375 82.375 0.56803
23.375 82.625 0.43701
23.375 82.875 0.085793
23.375 83.125 -0.034882
23.375 83.375 0.51567
23.375 83.625 0.59283
23.375 83.875 1.2639
23.375 84.125 0.055637
23.375 84.375 1.5126
23.375 84.625 1.6207
23.375 84.875 1.4884
23.375 85.125 1.2869
23.375 85.375 2.2907
23.375 85.625 2.9206
23.375 85.875 2.8825
23.375 86.125 2.3479
23.375 86.375 2.8231
23.375 86.625 3.3075
23.375 86.875 3.4402
23.375 87.125 3.0747
23.375 87.375 2.7956
23.375 87.625 3.3445
23.375 87.875 2.3437
23.375 88.125 1.8413
23.375 88.375 2.3011
23.375 88.625 2.2782
23.375 91.375 0.88219
23.375 91.625 0.72289
23.375 92.625 0.37273
23.375 92.875 0.44335
23.375 93.125 0.6047
23.625 68.625 0.07894
23.625 68.875 0.10435
23.625 69.125 0.45744
23.625 69.375 0.7505
23.625 69.625 0.96148
23.625 69.875 0.93374
23.625 70.125 0.96977
23.625 70.375 0.87616
23.625 70.625 0.81665
23.625 70.875 0.90011
23.625 71.125 1.1855
23.625 71.375 1.2616
23.625 71.625 0.64274
23.625 71.875 0.66121
23.625 72.125 0.87275
23.625 72.375 0.094694
23.625 72.625 0.62004
23.625 72.875 0.6937
23.625 73.125 -0.054141
23.625 73.375 0.19803
23.625 73.625 0.37477
23.625 73.875 0.20554
23.625 74.125 0.69123
23.625 74.375 0.89526
23.625 74.625 0.93416
23.625 74.875 1.1406
23.625 75.125 0.95713
23.625 75.375 0.74426
23.625 75.625 0.91877
23.625 75.875 1.0469
23.625 76.125 1.3716
23.625 76.375 1.3259
23.625 76.625 0.92948
23.625 76.875 0.83748
23.625 77.125 1.0125
23.625 77.375 0.41061
23.625 77.625 0.15737
23.625 77.875 0.10602
23.625 78.125 0.19687
23.625 78.375 0.10329
23.625 78.625 0.054677
23.625 78.875 0.031674
23.625 79.125 -0.50139
23.625 79.375 -0.38934
23.625 79.625 -0.27421
23.625 79.875 -0.30753
23.625 80.125 -0.62462
23.625 80.375 -0.88542
23.625 80.625 -0.73813
23.625 80.875 -0.33952
23.625 81.125 -0.15256
23.625 81.375 -0.11304
23.625 81.625 -0.074801
23.625 81.875 0.13469
23.625 82.125 0.62117
23.625 82.375 0.44504
23.625 82.625 0.2424
23.625 82.875 -0.15871
23.625 83.125 -0.12459
23.625 83.375 -0.085138
23.625 83.625 0.54264
23.625 83.875 2.3522
23.625 84.125 1.3093
23.625 84.375 0.93283
23.625 84.625 1.5509
23.625 84.875 1.9734
23.625 85.125 1.6287
23.625 85.375 1.9958
23.625 85.625 2.3543
23.625 85.875 3.3294
23.625 86.125 1.5086
23.625 86.375 2.7935
23.625 86.625 3.3164
23.625 86.875 2.2095
23.625 87.125 2.1779
23.625 87.375 2.6457
23.625 87.625 2.5906
23.625 87.875 2.6991
23.625 88.125 2.019
23.625 88.375 2.0628
23.625 91.375 0.79294
23.625 91.625 0.69791
23.625 91.875 NaN
23.625 92.375 0.2474
23.625 92.625 0.34684
23.625 92.875 0.6137
23.625 93.125 0.72797
23.875 68.875 0.097615
23.875 69.125 0.20192
23.875 69.375 0.55793
23.875 69.625 0.93284
23.875 69.875 0.98553
23.875 70.125 0.9906
23.875 70.375 0.94826
23.875 70.625 1.0785
23.875 70.875 0.934
23.875 71.125 1.0547
23.875 71.375 0.89098
23.875 71.625 0.71572
23.875 71.875 1.2625
23.875 72.125 1.9669
23.875 72.375 0.91162
23.875 72.625 1.5565
23.875 72.875 1.1544
23.875 73.125 0.52116
23.875 73.375 0.30804
23.875 73.625 1.1788
23.875 73.875 1.0254
23.875 74.125 1.0638
23.875 74.375 1.2976
23.875 74.625 1.2293
23.875 74.875 1.4043
23.875 75.125 0.9787
23.875 75.375 0.43363
23.875 75.625 1.2914
23.875 75.875 1.3113
23.875 76.125 1.1149
23.875 76.375 0.88123
23.875 76.625 0.92298
23.875 76.875 1.1391
23.875 77.125 1.1126
23.875 77.375 0.88772
23.875 77.625 0.62507
23.875 77.875 0.41789
23.875 78.125 0.15356
23.875 78.375 0.11712
23.875 78.625 0.19434
23.875 78.875 0.19007
23.875 79.125 -0.19255
23.875 79.375 -0.1299
23.875 79.625 -0.16644
23.875 79.875 -0.3824
23.875 80.125 -0.54735
23.875 80.375 -0.80901
23.875 80.625 -0.57374
23.875 80.875 -0.39578
23.875 81.125 -0.2718
23.875 81.375 -0.12226
23.875 81.625 0.084692
23.875 81.875 0.62347
23.875 82.125 0.534
23.875 82.375 0.44365
23.875 82.625 -0.012633
23.875 82.875 -0.25374
23.875 83.125 -0.3941
23.875 83.375 -0.30174
23.875 83.625 0.27858
23.875 83.875 1.4675
23.875 84.125 1.313
23.875 84.375 1.066
23.875 84.625 2.1122
23.875 84.875 1.6422
23.875 85.125 1.6793
23.875 85.375 1.3875
23.875 85.625 1.8096
23.875 85.875 2.5166
23.875 86.125 1.4194
23.875 86.375 2.1121
23.875 86.625 2.796
23.875 86.875 2.0067
23.875 87.125 2.1581
23.875 87.375 2.0387
23.875 87.625 1.5748
23.875 87.875 0.9073
23.875 88.125 1.3273
23.875 88.375 1.2552
23.875 91.375 0.83326
23.875 91.625 0.73955
23.875 91.875 0.60291
23.875 92.125 0.6503
23.875 92.375 0.36533
23.875 92.625 0.71329
23.875 92.875 1.0088
23.875 93.125 1.0767
23.875 93.375 1.0245
24.125 68.875 0.1775
24.125 69.125 0.16668
24.125 69.375 0.4199
24.125 69.625 0.80429
24.125 69.875 0.92269
24.125 70.125 0.87969
24.125 70.375 0.7545
24.125 70.625 0.69756
24.125 70.875 0.79837
24.125 71.125 0.48224
24.125 71.375 0.53158
24.125 71.625 0.80039
24.125 71.875 0.83197
24.125 72.125 0.87959
24.125 72.375 1.5586
24.125 72.625 2.4561
24.125 72.875 2.0417
24.125 73.125 2.1349
24.125 73.375 2.7478
24.125 73.625 1.8203
24.125 73.875 2.1192
24.125 74.125 2.2131
24.125 74.375 1.9139
24.125 74.625 2.1369
24.125 74.875 2.8381
24.125 75.125 2.4428
24.125 75.375 1.8609
24.125 75.625 1.2843
24.125 75.875 0.9801
24.125 76.125 1.2588
24.125 76.375 0.6391
24.125 76.625 0.63003
24.125 76.875 1.1413
24.125 77.125 1.0971
24.125 77.375 1.0802
24.125 77.625 0.94115
24.125 77.875 0.59123
24.125 78.125 0.35301
24.125 78.375 0.18531
24.125 78.625 0.24234
24.125 78.875 0.13336
24.125 79.125 0.095249
24.125 79.375 0.098415
24.125 79.625 -0.12268
24.125 79.875 -0.2403
24.125 80.125 -0.40186
24.125 80.375 -0.74315
24.125 80.625 -0.45715
24.125 80.875 0.098093
24.125 81.125 0.077811
24.125 81.375 0.12979
24.125 81.625 0.36818
24.125 81.875 0.58448
24.125 82.125 0.80435
24.125 82.375 0.20518
24.125 82.625 -0.19006
24.125 82.875 -0.3029
24.125 83.125 -0.40481
24.125 83.375 -0.18148
24.125 83.625 -0.55179
24.125 83.875 0.14619
24.125 84.125 0.13443
24.125 84.375 0.48234
24.125 84.625 1.2455
24.125 84.875 2.4657
24.125 85.125 1.8565
24.125 85.375 2.1811
24.125 85.625 2.0042
24.125 85.875 1.8185
24.125 86.125 0.93429
24.125 86.375 1.218
24.125 86.625 1.9796
24.125 86.875 1.7178
24.125 87.125 1.5992
24.125 87.375 1.9111
24.125 87.625 0.91696
24.125 87.875 0.14128
24.125 88.125 0.70481
24.125 88.375 0.90179
24.125 91.875 0.34414
24.125 92.125 0.27247
24.125 92.375 0.53934
24.125 92.625 1.1276
24.125 92.875 1.3844
24.125 93.125 1.0965
24.125 93.375 0.49733
24.125 93.625 0.27585
24.125 93.875 0.26401
24.125 94.125 NaN
24.375 71.375 0.45955
24.375 71.625 0.53683
24.375 71.875 0.72588
24.375 72.125 0.37154
24.375 72.375 0.02861
24.375 72.625 1.0312
24.375 72.875 2.2617
24.375 73.125 3.0455
24.375 73.375 3.0619
24.375 73.625 3.0857
24.375 73.875 3.0296
24.375 74.125 2.7774
24.375 74.375 2.5522
24.375 74.625 2.6802
24.375 74.875 3.205
24.375 75.125 3.2359
24.375 75.375 1.958
24.375 75.625 1.7694
24.375 75.875 0.27522
24.375 76.125 1.1216
24.375 76.375 0.88424
24.375 76.625 1.339
24.375 76.875 1.0803
24.375 77.125 1.1367
24.375 77.375 1.2323
24.375 77.625 1.0606
24.375 77.875 0.7329
24.375 78.125 0.75441
24.375 78.375 0.50378
24.375 78.625 0.3396
24.375 78.875 0.24787
24.375 79.125 0.17086
24.375 79.375 0.32766
24.375 79.625 0.32713
24.375 79.875 0.098706
24.375 80.125 0.19379
24.375 80.375 0.093348
24.375 80.625 -0.089919
24.375 80.875 0.36529
24.375 81.125 0.44137
24.375 81.375 0.38414
24.375 81.625 0.7888
24.375 81.875 0.86465
24.375 82.125 0.49826
24.375 82.375 0.10759
24.375 82.625 0.26082
24.375 82.875 0.079212
24.375 83.125 0.020527
24.375 83.375 0.12053
24.375 83.625 0.52175
24.375 83.875 1.2398
24.375 84.125 1.2015
24.375 84.375 1.0652
24.375 84.625 1.4008
24.375 84.875 2.2251
24.375 85.125 2.0107
24.375 85.375 2.1742
24.375 85.625 2.0544
24.375 85.875 0.89806
24.375 86.125 1.1721
24.375 86.375 1.4181
24.375 86.625 2.0579
24.375 86.875 1.1313
24.375 87.125 0.35251
24.375 87.375 -0.15592
24.375 87.625 0.95101
24.375 87.875 0.585
24.375 88.125 0.45462
24.375 92.375 0.51941
24.375 92.625 0.95962
24.375 92.875 1.6485
24.375 93.125 0.83899
24.375 93.375 0.23267
24.375 93.625 0.16674
24.375 93.875 0.17037
24.375 94.125 0.33309
24.625 71.125 0.10498
24.625 71.375 0.32094
24.625 71.625 0.33026
24.625 71.875 0.58366
24.625 72.125 0.53816
24.625 72.375 0.53051
24.625 72.625 0.42191
24.625 72.875 0.57318
24.625 73.125 1.6438
24.625 73.375 1.9126
24.625 73.625 2.7494
24.625 73.875 2.6831
24.625 74.125 2.4695
24.625 74.375 2.5329
24.625 74.625 2.9647
24.625 74.875 3.4343
24.625 75.125 2.8982
24.625 75.375 2.2828
24.625 75.625 2.3063
24.625 75.875 0.9447
24.625 76.125 1.1477
24.625 76.375 1.461
24.625 76.625 1.7115
24.625 76.875 1.4473
24.625 77.125 1.6464
24.625 77.375 1.6552
24.625 77.625 1.5165
24.625 77.875 1.4201
24.625 78.125 0.82124
24.625 78.375 0.67401
24.625 78.625 0.40943
24.625 78.875 0.62893
24.625 79.125 0.68347
24.625 79.375 0.66851
24.625 79.625 0.7068
24.625 79.875 0.33884
24.625 80.125 0.0093473
24.625 80.375 0.11623
24.625 80.625 1.6055
24.625 80.875 1.1843
24.625 81.125 0.51405
24.625 81.375 0.66726
24.625 81.625 1.7372
24.625 81.875 1.7379
24.625 82.125 0.49217
24.625 82.375 0.014919
24.625 82.625 0.21541
24.625 82.875 0.45091
24.625 83.125 0.39788
24.625 83.375 0.35969
24.625 83.625 0.79715
24.625 83.875 1.2421
24.625 84.125 1.7886
24.625 84.375 1.7983
24.625 84.625 1.6135
24.625 84.875 2.422
24.625 85.125 2.0364
24.625 85.375 1.6036
24.625 85.625 2.2982
24.625 85.875 0.86016
24.625 86.125 0.93251
24.625 86.375 1.0746
24.625 86.625 1.1373
24.625 86.875 1.35
24.625 87.125 0.97668
24.625 87.375 1.577
24.625 87.625 1.8929
24.625 87.875 2.1847
24.625 92.375 0.60152
24.625 92.625 0.65941
24.625 92.875 0.86444
24.625 93.125 0.61857
24.625 93.375 0.58902
24.625 93.625 0.12958
24.625 93.875 -0.020347
24.625 94.125 0.39918
24.625 94.375 NaN
24.875 71.125 -0.06067
24.875 71.375 -0.32307
24.875 71.625 -0.17746
24.875 71.875 -0.11475
24.875 72.125 0.077794
24.875 72.375 0.52087
24.875 72.625 0.33559
24.875 72.875 -0.064125
24.875 73.125 0.17326
24.875 73.375 0.99788
24.875 73.625 1.9781
24.875 73.875 1.561
24.875 74.125 1.5094
24.875 74.375 1.9889
24.875 74.625 3.0024
24.875 74.875 3.1605
24.875 75.125 2.1024
24.875 75.375 2.0158
24.875 75.625 2.473
24.875 75.875 2.6247
24.875 76.125 2.9373
24.875 76.375 2.774
24.875 76.625 2.9297
24.875 76.875 2.9973
24.875 77.125 2.316
24.875 77.375 2.0415
24.875 77.625 1.8573
24.875 77.875 1.5667
24.875 78.125 1.3748
24.875 78.375 1.6121
24.875 78.625 1.2366
24.875 78.875 0.70955
24.875 79.125 0.94163
24.875 79.375 0.78828
24.875 79.625 0.61814
24.875 79.875 0.72888
24.875 80.125 -0.33623
24.875 80.375 0.78873
24.875 80.625 2.3745
24.875 80.875 1.9482
24.875 81.125 0.34138
24.875 81.375 0.39726
24.875 81.625 0.76124
24.875 81.875 0.76688
24.875 82.125 0.20847
24.875 82.375 0.12825
24.875 82.625 0.24426
24.875 82.875 0.93051
24.875 83.125 0.75196
24.875 83.375 0.32051
24.875 83.625 0.68807
24.875 83.875 0.80616
24.875 84.125 1.2712
24.875 84.375 0.90098
24.875 84.625 0.97706
24.875 84.875 2.3037
24.875 85.125 1.9731
24.875 85.375 2.067
24.875 85.625 1.9474
24.875 85.875 1.4941
24.875 86.125 1.3111
24.875 86.375 0.90007
24.875 86.625 1.1556
24.875 86.875 1.3958
24.875 87.125 2.2176
24.875 87.375 2.7288
24.875 87.625 2.4587
24.875 87.875 2.0773
24.875 88.125 2.1012
24.875 92.625 0.57648
24.875 92.875 0.8087
24.875 93.125 0.74886
24.875 93.375 0.14005
24.875 93.625 -0.035698
24.875 93.875 -0.011307
24.875 94.125 -0.017044
24.875 94.375 -0.042334
25.125 71.125 0.056022
25.125 71.375 -0.16211
25.125 71.625 -0.27648
25.125 71.875 -0.19122
25.125 72.125 -0.051208
25.125 72.375 -0.11125
25.125 72.625 -0.066394
25.125 72.875 0.10625
25.125 73.125 0.058173
25.125 73.375 0.090672
25.125 73.625 1.0068
25.125 73.875 0.94843
25.125 74.125 1.2935
25.125 74.375 1.207
25.125 74.625 1.2019
25.125 74.875 1.0025
25.125 75.125 1.5677
25.125 75.375 2.2812
25.125 75.625 2.7488
25.125 75.875 1.152
25.125 76.125 2.0158
25.125 76.375 2.8445
25.125 76.625 3.3188
25.125 76.875 3.2469
25.125 77.125 2.8484
25.125 77.375 2.3463
25.125 77.625 2.0945
25.125 77.875 1.8825
25.125 78.125 2.1043
25.125 78.375 2.3625
25.125 78.625 1.4842
25.125 78.875 0.99258
25.125 79.125 0.62814
25.125 79.375 -0.033771
25.125 79.625 -0.10147
25.125 79.875 0.60282
25.125 80.125 -0.14493
25.125 80.375 0.94415
25.125 80.625 2.7535
25.125 80.875 1.8644
25.125 81.125 0.20442
25.125 81.375 1.081
25.125 81.625 1.0923
25.125 81.875 0.5992
25.125 82.125 0.13268
25.125 82.375 0.38902
25.125 82.625 1.374
25.125 82.875 -0.28513
25.125 83.125 0.15711
25.125 83.375 0.48794
25.125 83.625 0.77054
25.125 83.875 0.29492
25.125 84.125 0.31468
25.125 84.375 0.53482
25.125 84.625 1.3928
25.125 84.875 2.2389
25.125 85.125 1.9829
25.125 85.375 1.7186
25.125 85.625 1.8247
25.125 85.875 1.3128
25.125 86.125 2.2894
25.125 86.375 1.4588
25.125 86.625 1.1611
25.125 86.875 1.3609
25.125 87.125 1.2863
25.125 87.375 2.227
25.125 87.625 2.639
25.125 87.875 1.5883
25.125 88.125 0.21795
25.125 88.375 -0.27725
25.125 92.375 0.51537
25.125 92.625 0.41597
25.125 92.875 0.3994
25.125 93.125 0.7003
25.125 93.375 0.33236
25.125 93.625 0.13109
25.125 93.875 -0.11164
25.125 94.125 -0.12543
25.125 94.375 -0.11713
25.375 70.875 0.40821
25.375 71.125 0.24157
25.375 71.375 0.3529
25.375 71.625 0.2443
25.375 71.875 0.20741
25.375 72.125 0.18926
25.375 72.375 -0.092019
25.375 72.625 -0.04266
25.375 72.875 0.095175
25.375 73.125 0.14155
25.375 73.375 0.44884
25.375 73.625 0.67286
25.375 73.875 0.8009
25.375 74.125 1.0579
25.375 74.375 1.0714
25.375 74.625 0.94889
25.375 74.875 1.0624
25.375 75.125 1.5547
25.375 75.375 2.4946
25.375 75.625 2.5638
25.375 75.875 2.2124
25.375 76.125 2.4437
25.375 76.375 2.5166
25.375 76.625 3.3844
25.375 76.875 3.1476
25.375 77.125 2.6581
25.375 77.375 2.3223
25.375 77.625 1.9238
25.375 77.875 1.5818
25.375 78.125 1.7301
25.375 78.375 1.9379
25.375 78.625 1.1125
25.375 78.875 0.051268
25.375 79.125 0.019216
25.375 79.375 0.11937
25.375 79.625 0.53194
25.375 79.875 1.9268
25.375 80.125 1.6784
25.375 80.375 1.1919
25.375 80.625 1.9591
25.375 80.875 0.17351
25.375 81.125 0.64333
25.375 81.375 1.5425
25.375 81.625 1.0092
25.375 81.875 0.049687
25.375 82.125 -0.66329
25.375 82.375 -0.76891
25.375 82.625 -0.62667
25.375 82.875 0.67214
25.375 83.125 -0.49487
25.375 83.375 0.84291
25.375 83.625 1.1049
25.375 83.875 0.95546
25.375 84.125 0.60303
25.375 84.375 0.98491
25.375 84.625 1.7992
25.375 84.875 1.9664
25.375 85.125 2.0905
25.375 85.375 1.9152
25.375 85.625 2.1493
25.375 85.875 2.8225
25.375 86.125 3.1637
25.375 86.375 2.9807
25.375 86.625 2.0737
25.375 86.875 1.0252
25.375 87.125 1.9941
25.375 87.375 1.6709
25.375 87.625 2.2147
25.375 87.875 1.7553
25.375 88.125 0.58668
25.375 88.375 -0.32024
25.375 88.625 -0.70283
25.375 90.125 1.9273
25.375 90.375 2.0721
25.375 90.625 1.7926
25.375 90.875 1.4077
25.375 91.125 1.3729
25.375 91.375 0.90767
25.375 91.625 0.18172
25.375 91.875 0.38698
25.375 92.125 0.2371
25.375 92.375 0.31198
25.375 92.625 0.16835
25.375 92.875 0.16523
25.375 93.125 0.36234
25.375 93.375 0.41054
25.375 93.625 0.53339
25.375 93.875 -0.43249
25.375 94.125 -0.20868
25.375 94.375 -0.053586
25.625 70.875 0.2631
25.625 71.125 0.33843
25.625 71.375 0.34769
25.625 71.625 0.24349
25.625 71.875 0.44359
25.625 72.125 0.27513
25.625 72.375 0.25888
25.625 72.625 0.1666
25.625 72.875 0.014033
25.625 73.125 0.034865
25.625 73.375 0.94975
25.625 73.625 0.86321
25.625 73.875 0.81256
25.625 74.125 0.84262
25.625 74.375 1.1525
25.625 74.625 0.8361
25.625 74.875 0.53395
25.625 75.125 -0.25943
25.625 75.375 1.0573
25.625 75.625 1.8148
25.625 75.875 1.9011
25.625 76.125 2.0136
25.625 76.375 1.6421
25.625 76.625 1.9082
25.625 76.875 1.9073
25.625 77.125 1.6508
25.625 77.375 1.8454
25.625 77.625 1.5962
25.625 77.875 1.5417
25.625 78.125 1.4785
25.625 78.375 0.63386
25.625 78.625 0.14956
25.625 78.875 -0.16379
25.625 79.125 0.39273
25.625 79.375 0.82691
25.625 79.625 1.9065
25.625 79.875 1.9762
25.625 80.125 1.6655
25.625 80.375 2.0688
25.625 80.625 1.0658
25.625 80.875 0.20656
25.625 81.125 3.2434
25.625 81.375 2.1231
25.625 81.625 1.2449
25.625 81.875 0.76443
25.625 82.125 -0.46967
25.625 82.375 -0.55186
25.625 82.625 -0.47769
25.625 82.875 -0.25908
25.625 83.125 -0.24165
25.625 83.375 1.1412
25.625 83.625 1.3471
25.625 83.875 1.8779
25.625 84.125 1.0567
25.625 84.375 0.93417
25.625 84.625 2.073
25.625 84.875 2.9101
25.625 85.125 1.7447
25.625 85.375 2.2676
25.625 85.625 2.0327
25.625 85.875 2.5844
25.625 86.125 2.6022
25.625 86.375 2.1775
25.625 86.625 0.29703
25.625 86.875 1.1688
25.625 87.125 1.4539
25.625 87.375 1.5799
25.625 87.625 1.1304
25.625 87.875 1.1077
25.625 88.125 -0.041679
25.625 90.125 2.5968
25.625 90.375 2.1905
25.625 90.625 2.0015
25.625 90.875 1.6877
25.625 91.125 1.2543
25.625 91.375 1.6871
25.625 91.625 1.3144
25.625 91.875 0.53536
25.625 92.125 0.73725
25.625 92.375 0.20078
25.625 92.625 -0.90812
25.625 92.875 0.065195
25.625 93.125 0.0066651
25.625 93.375 -0.068427
25.625 93.625 0.29019
25.625 93.875 -0.73136
25.625 94.125 -0.32755
25.625 94.375 -0.18814
25.625 94.625 NaN
25.625 94.875 NaN
25.875 70.375 0.44259
25.875 70.625 0.52643
25.875 70.875 0.46726
25.875 71.125 0.52309
25.875 71.375 0.33251
25.875 71.625 0.4851
25.875 71.875 0.39616
25.875 72.125 0.61293
25.875 72.375 0.3831
25.875 72.625 0.22875
25.875 72.875 0.011239
25.875 73.125 0.30041
25.875 73.375 1.0685
25.875 73.625 0.88288
25.875 73.875 0.66686
25.875 74.125 0.26616
25.875 74.375 0.94767
25.875 74.625 1.4537
25.875 74.875 0.8579
25.875 75.125 0.051215
25.875 75.375 0.15715
25.875 75.625 1.0637
25.875 75.875 1.7336
25.875 76.125 1.2612
25.875 76.375 1.4597
25.875 76.625 1.2111
25.875 76.875 1.3956
25.875 77.125 1.5764
25.875 77.375 1.2212
25.875 77.625 1.0524
25.875 77.875 1.4413
25.875 78.125 1.5393
25.875 78.375 0.89299
25.875 78.625 0.96713
25.875 78.875 0.059727
25.875 79.125 0.62648
25.875 79.375 0.45071
25.875 79.625 0.46451
25.875 79.875 1.0281
25.875 80.125 1.1143
25.875 80.375 2.2096
25.875 80.625 1.5418
25.875 80.875 0.60424
25.875 81.125 -0.37599
25.875 81.375 -0.068938
25.875 81.625 1.177
25.875 81.875 1.1105
25.875 82.125 -0.32819
25.875 82.375 0.16491
25.875 82.625 0.35716
25.875 82.875 1.6983
25.875 83.125 0.14947
25.875 83.375 2.3893
25.875 83.625 1.6519
25.875 83.875 1.3413
25.875 84.125 1.5811
25.875 84.375 0.86553
25.875 84.625 1.3882
25.875 84.875 2.7212
25.875 85.125 3.1512
25.875 85.375 2.5642
25.875 85.625 2.5964
25.875 85.875 2.6794
25.875 86.125 2.1186
25.875 86.375 1.9064
25.875 86.625 1.2668
25.875 86.875 1.2973
25.875 87.125 1.159
25.875 87.375 1.214
25.875 87.625 0.83105
25.875 87.875 0.83628
25.875 90.125 0.83745
25.875 90.375 1.0897
25.875 90.625 1.5588
25.875 90.875 0.66464
25.875 91.125 0.79244
25.875 91.375 0.77285
25.875 91.625 0.82658
25.875 91.875 0.31113
25.875 92.125 0.70317
25.875 92.375 1.1626
25.875 92.625 0.71865
25.875 92.875 0.28116
25.875 93.125 -0.031425
25.875 93.375 -0.32223
25.875 93.625 -0.38874
25.875 93.875 -0.73514
25.875 94.125 -0.35383
25.875 94.375 -0.053796
25.875 94.625 0.11496
25.875 94.875 0.17974
26.125 70.375 0.70074
26.125 70.625 1.0559
26.125 70.875 0.99455
26.125 71.125 0.60794
26.125 71.375 0.65812
26.125 71.625 0.71278
26.125 71.875 1.2821
26.125 72.125 1.5712
26.125 72.375 1.1139
26.125 72.625 0.6115
26.125 72.875 0.44123
26.125 73.125 0.89332
26.125 73.375 1.6538
26.125 73.625 1.373
26.125 73.875 1.0021
26.125 74.125 0.80751
26.125 74.375 0.69798
26.125 74.625 0.78652
26.125 74.875 0.9877
26.125 75.125 0.96
26.125 75.375 1.1689
26.125 75.625 1.049
26.125 75.875 1.2254
26.125 76.125 1.0869
26.125 76.375 0.99235
26.125 76.625 1.0426
26.125 76.875 1.4115
26.125 77.125 0.88941
26.125 77.375 0.63915
26.125 77.625 0.55086
26.125 77.875 0.90499
26.125 78.125 1.1217
26.125 78.375 0.85801
26.125 78.625 1.5062
26.125 78.875 0.42158
26.125 79.125 0.21432
26.125 79.375 0.50154
26.125 79.625 -0.48484
26.125 79.875 0.16982
26.125 80.125 1.3275
26.125 80.375 1.117
26.125 80.625 1.2573
26.125 80.875 1.2309
26.125 81.125 0.90539
26.125 81.375 -0.025045
26.125 81.625 1.0731
26.125 81.875 0.78178
26.125 82.125 0.084172
26.125 82.375 -0.23656
26.125 82.625 0.76175
26.125 82.875 1.4583
26.125 83.125 0.35564
26.125 83.375 2.2481
26.125 83.625 2.4854
26.125 83.875 1.505
26.125 84.125 1.5659
26.125 84.375 1.6894
26.125 84.625 2.1741
26.125 84.875 2.1351
26.125 85.125 2.3815
26.125 85.375 1.7332
26.125 85.625 2.2178
26.125 85.875 2.5818
26.125 86.125 2.4062
26.125 86.375 1.8412
26.125 86.625 2.3858
26.125 86.875 2.6456
26.125 87.125 1.0464
26.125 87.375 1.7698
26.125 87.625 1.1169
26.125 87.875 1.4867
26.125 88.125 1.6583
26.125 89.375 1.4827
26.125 89.875 -0.11598
26.125 90.125 0.24045
26.125 90.375 1.0461
26.125 90.625 1.8252
26.125 90.875 1.4332
26.125 91.125 0.30749
26.125 91.375 0.20233
26.125 91.625 -0.07835
26.125 91.875 -0.0079517
26.125 92.125 0.37822
26.125 92.375 1.9832
26.125 92.625 1.5322
26.125 92.875 0.20251
26.125 93.125 -0.514
26.125 93.375 -0.51269
26.125 93.625 -0.067221
26.125 93.875 -0.051284
26.125 94.125 0.2501
26.125 94.375 0.51345
26.125 94.625 0.21502
26.125 94.875 -0.11698
26.375 70.375 1.6239
26.375 70.625 1.744
26.375 70.875 1.4704
26.375 71.125 1.4873
26.375 71.375 1.4558
26.375 71.625 2.0126
26.375 71.875 1.875
26.375 72.125 1.6187
26.375 72.375 1.4535
26.375 72.625 1.154
26.375 72.875 0.72139
26.375 73.125 1.4459
26.375 73.375 1.9086
26.375 73.625 2.9746
26.375 73.875 3.166
26.375 74.125 1.4952
26.375 74.375 1.2649
26.375 74.625 0.50923
26.375 74.875 0.55664
26.375 75.125 1.9798
26.375 75.375 1.9194
26.375 75.625 0.88291
26.375 75.875 0.84644
26.375 76.125 0.44259
26.375 76.375 0.53961
26.375 76.625 0.83794
26.375 76.875 1.1757
26.375 77.125 0.89916
26.375 77.375 0.8205
26.375 77.625 0.22825
26.375 77.875 0.8926
26.375 78.125 0.81203
26.375 78.375 0.36705
26.375 78.625 0.34013
26.375 78.875 0.37402
26.375 79.125 0.41589
26.375 79.375 -0.60033
26.375 79.625 -0.63567
26.375 79.875 0.98882
26.375 80.125 1.3742
26.375 80.375 0.14045
26.375 80.625 -0.29229
26.375 80.875 0.5202
26.375 81.125 0.68489
26.375 81.375 0.087375
26.375 81.625 -0.36434
26.375 81.875 0.57791
26.375 82.125 0.15475
26.375 82.375 0.31494
26.375 82.625 1.0501
26.375 82.875 1.3716
26.375 83.125 1.5344
26.375 83.375 1.927
26.375 83.625 2.3378
26.375 83.875 1.9864
26.375 84.125 2.8541
26.375 84.375 3.071
26.375 84.625 2.3223
26.375 84.875 0.39887
26.375 85.125 2.0191
26.375 85.375 2.1935
26.375 85.625 2.4264
26.375 85.875 2.4782
26.375 86.125 1.7043
26.375 86.375 1.8066
26.375 86.625 1.8019
26.375 86.875 2.1779
26.375 87.125 1.2255
26.375 87.625 0.74033
26.375 87.875 1.5478
26.375 88.125 1.3961
26.375 88.375 1.274
26.375 88.875 1.3518
26.375 89.375 1.3643
26.375 89.625 1.2461
26.375 89.875 0.40978
26.375 90.125 1.236
26.375 90.375 1.565
26.375 90.625 1.6501
26.375 90.875 1.7051
26.375 91.125 0.73317
26.375 91.375 0.99725
26.375 91.625 0.80365
26.375 91.875 0.66584
26.375 92.125 0.22617
26.375 92.375 0.69855
26.375 92.625 0.84292
26.375 92.875 -0.097453
26.375 93.125 -0.13617
26.375 93.375 0.67738
26.375 93.625 0.46166
26.375 93.875 -0.047232
26.375 94.125 -0.27157
26.375 94.375 0.33554
26.375 94.625 0.072883
26.375 94.875 0.050955
26.625 69.875 1.2685
26.625 70.125 1.1321
26.625 70.375 0.90954
26.625 70.625 1.7035
26.625 70.875 2.124
26.625 71.125 1.8969
26.625 71.375 2.1811
26.625 71.625 2.4137
26.625 71.875 2.347
26.625 72.125 2.0826
26.625 72.375 1.8778
26.625 72.625 1.4452
26.625 72.875 1.4675
26.625 73.125 1.7521
26.625 73.375 1.8718
26.625 73.625 3.1256
26.625 73.875 3.229
26.625 74.125 1.5638
26.625 74.375 1.8491
26.625 74.625 1.5389
26.625 74.875 2.3484
26.625 75.125 2.7604
26.625 75.375 1.7149
26.625 75.625 1.2128
26.625 75.875 1.2138
26.625 76.125 1.9187
26.625 76.375 0.38988
26.625 76.625 1.6304
26.625 76.875 1.0478
26.625 77.125 1.0398
26.625 77.375 0.86567
26.625 77.625 0.41001
26.625 77.875 0.80137
26.625 78.125 0.20821
26.625 78.375 -0.22237
26.625 78.625 -0.38853
26.625 78.875 -0.17732
26.625 79.125 -0.70615
26.625 79.375 -0.60845
26.625 79.625 -0.2296
26.625 79.875 0.12766
26.625 80.125 0.14047
26.625 80.375 0.27834
26.625 80.625 0.02709
26.625 80.875 0.61542
26.625 81.125 0.91392
26.625 81.375 0.61748
26.625 81.625 1.1241
26.625 81.875 3.0683
26.625 82.125 1.7995
26.625 82.375 0.99993
26.625 82.625 0.84291
26.625 82.875 1.6961
26.625 83.125 1.8472
26.625 83.375 1.4145
26.625 83.625 1.071
26.625 83.875 0.69581
26.625 84.125 3.9252
26.625 84.375 2.9832
26.625 84.625 2.347
26.625 84.875 0.78309
26.625 85.125 1.9161
26.625 85.375 2.0538
26.625 85.625 2.3072
26.625 86.125 1.8001
26.625 88.375 1.7139
26.625 88.625 1.8968
26.625 88.875 0.62556
26.625 89.125 0.14981
26.625 89.375 0.59217
26.625 89.625 1.0948
26.625 89.875 0.72734
26.625 90.125 1.3471
26.625 90.375 2.2625
26.625 90.625 2.074
26.625 90.875 0.72869
26.625 91.125 -0.092328
26.625 91.375 0.67448
26.625 91.625 0.39152
26.625 91.875 1.2
26.625 92.125 0.30747
26.625 92.375 0.58221
26.625 92.625 0.87704
26.625 92.875 0.65721
26.625 93.125 0.0044242
26.625 93.375 0.057921
26.625 93.625 -0.54006
26.625 93.875 -0.70921
26.625 94.125 -0.25819
26.625 94.375 -0.095377
26.625 94.625 -0.054241
26.625 94.875 -0.32354
26.625 95.125 -0.30046
26.875 69.625 1.2455
26.875 69.875 1.2279
26.875 70.125 1.2493
26.875 70.375 1.3155
26.875 70.625 1.9661
26.875 70.875 2.0939
26.875 71.125 2.1001
26.875 71.375 2.4609
26.875 71.625 2.7627
26.875 71.875 2.4442
26.875 72.125 1.5578
26.875 72.375 1.592
26.875 72.625 1.5202
26.875 72.875 1.556
26.875 73.125 1.3185
26.875 73.375 1.2643
26.875 73.625 1.8326
26.875 73.875 2.2189
26.875 74.125 1.552
26.875 74.375 2.7632
26.875 74.625 2.4524
26.875 74.875 2.2307
26.875 75.125 2.5181
26.875 75.375 1.5335
26.875 75.625 1.1
26.875 75.875 1.8719
26.875 76.125 2.5466
26.875 76.375 0.85407
26.875 76.625 1.7802
26.875 76.875 0.78492
26.875 77.125 0.60565
26.875 77.375 0.14439
26.875 77.625 0.16066
26.875 77.875 0.043729
26.875 78.125 -0.024168
26.875 78.375 0.057171
26.875 78.625 -0.57858
26.875 78.875 -0.25125
26.875 79.125 -0.24102
26.875 79.375 -0.25707
26.875 79.625 0.30609
26.875 79.875 -0.018968
26.875 80.125 0.11158
26.875 80.375 0.66771
26.875 80.625 0.58199
26.875 80.875 1.3807
26.875 81.125 1.8109
26.875 81.375 1.8809
26.875 81.625 1.2647
26.875 81.875 1.5401
26.875 82.125 3.8104
26.875 82.375 3.012
26.875 82.625 2.9447
26.875 82.875 0.47343
26.875 83.125 1.4389
26.875 83.375 1.378
26.875 83.625 0.90349
26.875 83.875 0.23254
26.875 84.125 4.4734
26.875 84.375 3.7744
26.875 84.625 3.0401
26.875 84.875 1.7521
26.875 88.375 2.479
26.875 88.625 1.9651
26.875 88.875 0.80847
26.875 92.375 0.59935
26.875 92.625 0.65563
26.875 92.875 0.86198
26.875 93.125 0.86772
26.875 93.375 -0.10631
26.875 93.625 -0.29941
26.875 93.875 -0.71698
26.875 94.125 -0.60243
26.875 94.375 0.20043
26.875 94.625 -0.44091
26.875 94.875 -0.95866
26.875 95.125 -0.78209
26.875 95.375 -0.78591
26.875 95.625 -0.43368
27.125 69.875 1.2084
27.125 70.125 1.1048
27.125 70.375 0.91288
27.125 70.625 1.4261
27.125 70.875 1.9579
27.125 71.125 2.3178
27.125 71.375 2.5878
27.125 71.625 2.3134
27.125 71.875 2.2913
27.125 72.125 1.6727
27.125 72.375 1.8393
27.125 72.625 1.8522
27.125 72.875 1.6139
27.125 73.125 1.379
27.125 73.375 1.1728
27.125 73.625 1.2142
27.125 73.875 2.2513
27.125 74.125 2.1074
27.125 74.375 2.3437
27.125 74.625 2.8258
27.125 74.875 1.8452
27.125 75.125 2.096
27.125 75.375 2.3738
27.125 75.625 2.4257
27.125 75.875 2.6251
27.125 76.125 1.4824
27.125 76.375 1.0782
27.125 76.625 0.73946
27.125 76.875 0.43326
27.125 77.125 0.74462
27.125 77.375 0.38013
27.125 77.625 0.50759
27.125 77.875 0.89588
27.125 78.125 0.83271
27.125 78.375 0.5615
27.125 78.625 0.27656
27.125 78.875 0.13129
27.125 79.125 -0.011154
27.125 79.375 -0.16243
27.125 79.625 0.097986
27.125 79.875 1.6007
27.125 80.125 0.55549
27.125 80.375 1.0002
27.125 80.625 0.51742
27.125 80.875 0.41149
27.125 81.125 1.8198
27.125 81.375 2.0993
27.125 81.625 2.0933
27.125 81.875 2.6889
27.125 82.125 3.0526
27.125 82.375 2.1424
27.125 82.625 3.8944
27.125 82.875 1.2984
27.125 83.125 1.6817
27.125 83.375 1.694
27.125 83.625 2.3504
27.125 83.875 4.01
27.125 84.125 4.4661
27.125 84.375 4.4685
27.125 84.625 3.3827
27.125 88.125 3.7098
27.125 88.375 3.5112
27.125 88.625 2.8392
27.125 92.125 -0.15474
27.125 92.375 0.14826
27.125 92.625 0.23773
27.125 92.875 0.58682
27.125 93.125 0.62361
27.125 93.375 0.29911
27.125 93.625 -0.013892
27.125 93.875 0.33901
27.125 94.125 -0.18359
27.125 94.375 -0.055418
27.125 94.625 -0.83988
27.125 94.875 -1.2807
27.125 95.125 -1.0559
27.125 95.375 -0.9581
27.125 95.625 -0.61343
27.125 95.875 -0.47318
27.375 70.125 1.1529
27.375 70.375 0.93034
27.375 70.625 1.1003
27.375 70.875 1.6044
27.375 71.125 2.2923
27.375 71.375 2.6088
27.375 71.625 2.3102
27.375 71.875 2.5214
27.375 72.125 2.3487
27.375 72.375 2.0746
27.375 72.625 2.0642
27.375 72.875 2.1827
27.375 73.125 1.8192
27.375 73.375 1.3745
27.375 73.625 1.549
27.375 73.875 2.0265
27.375 74.125 2.1942
27.375 74.375 1.8295
27.375 74.625 2.137
27.375 74.875 2.0564
27.375 75.125 2.8273
27.375 75.375 3.3146
27.375 75.625 3.116
27.375 75.875 3.2741
27.375 76.125 2.1395
27.375 76.375 3.0867
27.375 76.625 1.5823
27.375 76.875 2.4862
27.375 77.125 1.9993
27.375 77.375 0.70679
27.375 77.625 1.0669
27.375 77.875 1.3007
27.375 78.125 1.87
27.375 78.375 1.8381
27.375 78.625 0.63886
27.375 78.875 0.51806
27.375 79.125 -0.10858
27.375 79.375 -0.30188
27.375 79.625 0.053791
27.375 79.875 2.4357
27.375 80.125 0.32205
27.375 80.375 0.77768
27.375 80.625 -0.054995
27.375 80.875 0.090312
27.375 81.125 1.8234
27.375 81.375 2.0942
27.375 81.625 2.6028
27.375 81.875 1.9871
27.375 82.125 2.2883
27.375 82.375 3.4584
27.375 82.625 2.8717
27.375 82.875 2.1223
27.375 83.125 1.626
27.375 83.625 2.5715
27.375 84.125 4.2074
27.375 84.375 4.3616
27.375 88.125 3.2104
27.375 88.375 3.0227
27.375 88.625 2.7791
27.375 92.125 -0.35942
27.375 92.375 -0.12474
27.375 92.625 0.08254
27.375 92.875 0.022804
27.375 93.125 0.39265
27.375 93.375 -0.18178
27.375 93.625 -0.31139
27.375 93.875 -0.10541
27.375 94.125 -0.69947
27.375 94.375 -0.62271
27.375 94.625 -0.4237
27.375 94.875 -0.44131
27.375 95.125 -0.92334
27.375 95.375 -0.96623
27.375 95.625 -0.85329
27.375 95.875 -0.58777
27.375 96.125 -0.64142
27.375 96.375 0.43003
27.375 96.625 0.89315
27.375 96.875 0.9557
27.625 70.125 0.99987
27.625 70.375 1.0445
27.625 70.625 1.0054
27.625 70.875 1.2949
27.625 71.125 1.9902
27.625 71.375 2.4356
27.625 71.625 2.4762
27.625 71.875 2.3872
27.625 72.125 2.3132
27.625 72.375 2.2361
27.625 72.625 2.5307
27.625 72.875 2.4729
27.625 73.125 2.426
27.625 73.375 2.1129
27.625 73.625 2.9426
27.625 73.875 2.8578
27.625 74.125 2.2003
27.625 74.375 2.3079
27.625 74.625 3.3293
27.625 74.875 2.3438
27.625 75.125 1.6434
27.625 75.375 2.5109
27.625 75.625 2.4626
27.625 75.875 1.4591
27.625 76.125 1.8818
27.625 76.375 2.881
27.625 76.625 3.2499
27.625 76.875 2.7082
27.625 77.125 0.97553
27.625 77.375 0.61358
27.625 77.625 0.64056
27.625 77.875 1.5974
27.625 78.125 2.1713
27.625 78.375 0.70344
27.625 78.625 0.035139
27.625 78.875 0.015487
27.625 79.125 0.099321
27.625 79.375 0.023931
27.625 79.625 -0.4249
27.625 79.875 1.8333
27.625 80.125 0.67118
27.625 80.375 1.3977
27.625 80.625 2.8904
27.625 80.875 2.3262
27.625 81.125 1.1107
27.625 81.375 2.015
27.625 81.625 2.8804
27.625 81.875 2.9163
27.625 82.125 2.8364
27.625 82.375 3.1693
27.625 82.625 2.7557
27.625 88.375 2.917
27.625 88.625 2.9795
27.625 91.625 -0.7645
27.625 91.875 -0.7475
27.625 92.125 -0.288
27.625 92.375 -0.11169
27.625 92.625 0.10174
27.625 92.875 -0.42239
27.625 93.125 -0.75494
27.625 93.375 -0.93688
27.625 93.625 -1.0434
27.625 93.875 -0.59667
27.625 94.125 -0.20919
27.625 94.375 -0.26425
27.625 94.625 -0.5939
27.625 94.875 -0.39419
27.625 95.125 -0.21554
27.625 95.375 -0.53608
27.625 95.625 -0.63574
27.625 95.875 -0.53115
27.625 96.125 -0.37828
27.625 96.375 0.39606
27.625 96.625 0.70286
27.625 96.875 0.85703
27.875 70.375 0.87253
27.875 71.875 2.3706
27.875 72.125 2.2726
27.875 72.375 2.2911
27.875 72.625 2.4526
27.875 72.875 2.5286
27.875 73.125 2.3131
27.875 73.375 2.7794
27.875 73.625 3.1884
27.875 73.875 3.0431
27.875 74.125 2.4519
27.875 74.375 2.6109
27.875 74.625 5.1309
27.875 74.875 3.9766
27.875 75.125 1.7286
27.875 75.375 2.3228
27.875 75.625 2.3138
27.875 75.875 2.0282
27.875 76.125 2.8264
27.875 76.375 3.8656
27.875 76.625 2.2227
27.875 76.875 2.5801
27.875 77.125 2.1729
27.875 77.375 0.86474
27.875 77.625 0.35946
27.875 77.875 0.89742
27.875 78.125 1.3246
27.875 78.375 1.113
27.875 78.625 0.15232
27.875 78.875 0.04408
27.875 79.125 0.16989
27.875 79.375 0.36025
27.875 79.625 0.36915
27.875 79.875 1.1578
27.875 80.125 0.82083
27.875 80.375 0.92383
27.875 80.625 2.565
27.875 80.875 3.0456
27.875 81.125 1.3526
27.875 81.375 1.6738
27.875 81.625 2.1464
27.875 88.375 NaN
27.875 88.625 NaN
27.875 92.875 -0.7305
27.875 93.125 -1.0411
27.875 93.375 -1.0579
27.875 93.625 -1.1791
27.875 93.875 -0.52345
27.875 94.125 0.048655
27.875 94.375 -0.19456
27.875 94.625 -0.37895
27.875 94.875 0.050915
27.875 95.125 0.44201
27.875 95.375 0.68009
27.875 95.625 0.087524
27.875 95.875 -0.4635
27.875 96.125 -0.092094
27.875 96.375 0.25945
27.875 96.625 0.689
27.875 96.875 0.78884
27.875 97.125 0.88304
28.125 72.125 1.7019
28.125 72.375 1.5393
28.125 72.625 1.6988
28.125 72.875 1.995
28.125 73.125 1.833
28.125 73.375 1.598
28.125 73.625 2.53
28.125 73.875 2.6282
28.125 74.125 2.6397
28.125 74.375 2.6553
28.125 74.625 2.5954
28.125 74.875 3.0255
28.125 75.125 2.4021
28.125 75.375 2.5373
28.125 75.625 2.2949
28.125 75.875 2.2581
28.125 76.125 3.2601
28.125 76.375 3.317
28.125 76.625 3.5877
28.125 76.875 3.0367
28.125 77.125 2.0828
28.125 77.375 1.0577
28.125 77.625 0.52264
28.125 77.875 0.77485
28.125 78.125 2.012
28.125 78.375 1.0121
28.125 78.625 -0.54392
28.125 78.875 0.17692
28.125 79.125 2.2468
28.125 79.375 0.13176
28.125 79.625 -0.20576
28.125 79.875 0.86281
28.125 80.125 1.9027
28.125 80.375 1.7691
28.125 80.625 2.4457
28.125 80.875 3.0136
28.125 81.125 2.6565
28.125 81.375 2.3631
28.125 92.875 -0.82144
28.125 93.125 -0.96578
28.125 93.375 -0.65407
28.125 93.625 -0.62138
28.125 93.875 -0.65147
28.125 94.125 -0.27657
28.125 94.375 -0.40248
28.125 94.625 -0.83543
28.125 94.875 -0.13385
28.125 95.125 0.52657
28.125 95.375 0.63008
28.125 95.625 0.34121
28.125 95.875 0.058585
28.125 96.125 -0.18905
28.125 96.375 0.48201
28.125 96.625 0.56542
28.125 96.875 0.73503
28.125 97.125 0.80961
28.375 72.375 0.95474
28.375 72.625 0.83659
28.375 72.875 0.89457
28.375 73.125 1.3115
28.375 73.375 1.0215
28.375 73.625 1.117
28.375 73.875 2.0233
28.375 74.125 2.6208
28.375 74.375 2.646
28.375 74.625 2.3168
28.375 74.875 2.315
28.375 75.125 3.1547
28.375 75.375 3.4766
28.375 75.625 1.7106
28.375 75.875 1.7449
28.375 76.125 2.7621
28.375 76.375 3.2815
28.375 76.625 3.6082
28.375 76.875 3.4864
28.375 77.125 1.6281
28.375 77.375 1.4787
28.375 77.625 1.1576
28.375 77.875 1.1847
28.375 78.125 2.6564
28.375 78.375 2.2445
28.375 78.625 -0.23553
28.375 78.875 0.023942
28.375 79.125 3.2442
28.375 79.375 2.8192
28.375 79.625 1.2048
28.375 79.875 1.096
28.375 80.125 2.314
28.375 80.375 2.5139
28.375 80.625 2.6371
28.375 80.875 2.9963
28.375 81.125 2.7656
28.375 93.375 -0.7072
28.375 93.625 -0.61209
28.375 93.875 -0.18221
28.375 94.125 0.5283
28.375 94.375 0.10982
28.375 94.625 -0.017323
28.375 94.875 -0.14147
28.375 95.125 0.11398
28.375 95.375 0.1538
28.375 95.625 0.32757
28.375 95.875 0.26796
28.375 96.125 0.010233
28.375 96.625 0.60094
28.625 72.375 0.98324
28.625 72.625 0.68683
28.625 72.875 0.72845
28.625 73.125 0.82143
28.625 73.375 1.1102
28.625 73.625 1.3067
28.625 73.875 1.8277
28.625 74.125 2.0803
28.625 74.375 1.9942
28.625 74.625 1.6361
28.625 74.875 1.6957
28.625 75.125 2.469
28.625 75.375 0.83786
28.625 75.625 0.066392
28.625 75.875 0.82197
28.625 76.125 2.2333
28.625 76.375 2.6995
28.625 76.625 3.8496
28.625 76.875 3.3476
28.625 77.125 2.0493
28.625 77.375 1.1738
28.625 77.625 2.1621
28.625 77.875 2.4569
28.625 78.125 3.3237
28.625 78.375 2.7194
28.625 78.625 1.1151
28.625 78.875 0.48691
28.625 79.125 3.5923
28.625 79.375 3.4081
28.625 79.625 2.8881
28.625 79.875 2.4361
28.625 80.125 2.2303
28.625 80.375 2.6839
28.625 80.625 2.6223
28.625 93.625 -0.00087385
28.625 93.875 NaN
28.625 94.125 1.1985
28.625 94.375 0.83798
28.625 94.625 0.42974
28.625 94.875 -0.054731
28.625 95.125 0.037163
28.625 95.375 0.18255
28.625 95.625 0.11085
28.625 95.875 0.16753
28.625 96.125 0.38935
28.625 96.375 0.41645
28.875 72.875 0.6003
28.875 73.125 1.4792
28.875 73.375 2.2426
28.875 73.625 2.7351
28.875 73.875 2.724
28.875 74.125 2.0395
28.875 74.375 1.4851
28.875 74.625 1.2838
28.875 74.875 1.6519
28.875 75.125 1.9634
28.875 75.375 0.85553
28.875 75.625 0.87294
28.875 75.875 0.32703
28.875 76.125 0.78645
28.875 76.375 3.1502
28.875 76.625 3.0428
28.875 76.875 2.635
28.875 77.125 2.6877
28.875 77.375 2.7124
28.875 77.625 1.9609
28.875 77.875 3.0007
28.875 78.125 3.8122
28.875 78.375 3.3107
28.875 78.625 1.2773
28.875 78.875 0.98914
28.875 79.125 2.2195
28.875 79.375 2.7907
28.875 79.625 2.488
28.875 79.875 2.1061
28.875 94.125 1.4285
28.875 94.375 1.2812
28.875 94.625 0.89124
28.875 94.875 0.43397
28.875 95.125 0.2278
28.875 95.375 0.088636
28.875 95.625 0.11613
28.875 95.875 0.29422
28.875 96.125 0.98811
28.875 96.375 0.34346
29.125 73.125 1.5089
29.125 73.375 2.2827
29.125 73.625 2.4017
29.125 73.875 2.6691
29.125 74.125 2.268
29.125 74.375 1.3004
29.125 74.625 1.1159
29.125 74.875 1.7556
29.125 75.125 2.8248
29.125 75.375 2.1587
29.125 75.625 1.6582
29.125 75.875 1.4545
29.125 76.125 1.4534
29.125 76.375 2.381
29.125 76.625 1.6462
29.125 76.875 1.0441
29.125 77.125 2.5066
29.125 77.375 1.78
29.125 77.625 2.3604
29.125 77.875 3.5699
29.125 78.125 3.1171
29.125 78.375 2.453
29.125 78.625 1.7662
29.125 78.875 0.84639
29.125 79.125 2.948
29.125 79.375 3.2062
29.125 79.625 1.9893
29.125 79.875 1.7376
29.125 80.125 1.7458
29.125 94.375 1.4787
29.125 94.625 0.83275
29.125 94.875 0.52642
29.125 95.625 0.49029
29.125 95.875 1.3364
29.125 96.125 0.59543
29.375 73.375 1.4781
29.375 73.625 2.4182
29.375 73.875 3.1855
29.375 74.125 2.5257
29.375 74.375 1.4703
29.375 74.625 1.2175
29.375 74.875 1.5977
29.375 75.125 1.3677
29.375 75.375 1.4185
29.375 75.625 1.4646
29.375 75.875 0.90212
29.375 76.125 2.5595
29.375 76.375 2.5878
29.375 76.625 1.9085
29.375 76.875 0.72342
29.375 77.125 1.3909
29.375 77.375 1.9613
29.375 77.625 2.8024
29.375 77.875 3.4271
29.375 78.125 1.1249
29.375 78.375 2.0926
29.375 78.625 0.73273
29.375 78.875 0.57871
29.375 79.125 2.026
29.375 79.375 2.909
29.375 79.625 1.6484
29.375 79.875 1.5605
29.375 80.125 2.1532
29.375 96.125 0.37963
29.625 73.375 0.91509
29.625 73.625 1.8192
29.625 73.875 1.5028
29.625 74.125 2.106
29.625 74.375 1.7067
29.625 74.625 1.225
29.625 74.875 1.2909
29.625 75.125 0.7848
29.625 75.375 0.97667
29.625 75.625 1.114
29.625 75.875 1.6798
29.625 76.125 1.711
29.625 76.375 2.7741
29.625 76.625 2.564
29.625 76.875 2.5098
29.625 77.125 2.4652
29.625 77.375 1.7892
29.625 77.625 1.2137
29.625 77.875 2.1453
29.625 78.125 2.7043
29.625 78.375 0.66755
29.625 78.625 0.78748
29.625 78.875 1.0271
29.625 79.125 0.98328
29.625 79.375 1.1199
29.625 79.625 0.92272
29.625 79.875 1.5586
29.625 80.125 2.7021
29.875 73.625 1.804
29.875 73.875 1.0483
29.875 74.125 1.1851
29.875 74.375 0.7142
29.875 74.625 1.892
29.875 74.875 1.9462
29.875 75.125 0.76132
29.875 75.375 1.2649
29.875 75.625 1.1809
29.875 75.875 2.1807
29.875 76.125 2.6055
29.875 76.375 2.5729
29.875 76.625 1.2537
29.875 76.875 2.0961
29.875 77.125 1.5215
29.875 77.375 2.1096
29.875 77.625 1.5964
29.875 77.875 2.1314
29.875 78.125 1.7203
29.875 78.375 0.67087
29.875 78.625 0.85163
29.875 78.875 1.702
29.875 79.125 1.6329
29.875 79.375 1.0712
29.875 79.625 0.75659
29.875 79.875 0.86597
29.875 80.125 2.3765
29.875 80.375 2.4008
30.125 74.125 0.79894
30.125 74.375 1.3182
30.125 74.625 3.3
30.125 74.875 2.9158
30.125 75.125 2.2322
30.125 75.375 1.682
30.125 75.625 1.3287
30.125 75.875 1.64
30.125 76.125 2.0271
30.125 76.375 1.7419
30.125 76.625 0.81942
30.125 76.875 0.5134
30.125 77.125 3.4401
30.125 77.375 2.4662
30.125 77.625 2.0273
30.125 77.875 1.7255
30.125 78.125 1.5216
30.125 78.375 0.65624
30.125 78.625 1.1899
30.125 78.875 2.5436
30.125 79.125 2.4916
30.125 79.375 1.9524
30.125 79.625 0.82083
30.125 79.875 0.87357
30.125 80.125 1.0734
30.125 80.375 1.318
30.125 80.625 1.5709
30.375 74.125 1.332
30.375 74.375 2.1315
30.375 74.625 3.1973
30.375 74.875 2.9944
30.375 75.125 3.0364
30.375 75.375 2.4552
30.375 75.625 1.2209
30.375 75.875 1.7913
30.375 76.125 1.9065
30.375 76.375 2.1496
30.375 76.625 0.53773
30.375 76.875 0.95359
30.375 77.125 2.4787
30.375 77.375 1.6258
30.375 77.625 1.516
30.375 77.875 1.9745
30.375 78.125 1.2198
30.375 78.375 0.942
30.375 78.625 1.2321
30.375 78.875 1.709
30.375 79.125 1.9839
30.375 79.375 1.9541
30.375 79.625 1.6529
30.375 79.875 2.247
30.375 80.125 1.3905
30.375 80.375 1.5895
30.375 80.625 1.775
30.625 74.375 2.1065
30.625 74.625 2.6585
30.625 74.875 2.1508
30.625 75.125 3.6598
30.625 75.375 3.4672
30.625 75.625 1.6658
30.625 75.875 2.461
30.625 76.125 1.2135
30.625 76.375 1.2252
30.625 76.625 1.4353
30.625 76.875 1.6109
30.625 77.125 1.5939
30.625 77.375 1.7267
30.625 77.625 0.8053
30.625 77.875 1.079
30.625 78.125 1.4021
30.625 78.375 0.58239
30.625 78.625 0.81849
30.625 78.875 1.4485
30.625 79.125 1.3142
30.625 79.375 1.3875
30.625 79.625 2.1828
30.625 79.875 1.6898
30.625 80.125 1.2281
30.875 74.625 2.5241
30.875 74.875 3.257
30.875 75.125 3.9905
30.875 75.375 2.4716
30.875 75.625 1.5639
30.875 75.875 1.7454
30.875 76.125 2.0308
30.875 76.375 2.1196
30.875 76.625 1.8647
30.875 76.875 1.744
30.875 77.125 0.9574
30.875 77.375 0.88704
30.875 77.625 0.89371
30.875 77.875 0.93939
30.875 78.125 1.0079
30.875 78.375 0.89389
30.875 78.625 0.41776
30.875 78.875 1.4885
30.875 79.125 2.0624
30.875 79.375 NaN
30.875 79.625 NaN
30.875 79.875 NaN
31.125 74.875 3.066
31.125 75.125 4.3632
31.125 75.375 2.6821
31.125 75.625 1.7205
31.125 75.875 0.54235
31.125 76.125 3.1758
31.125 76.375 2.1234
31.125 76.625 1.1843
31.125 76.875 1.5516
31.125 77.125 0.56962
31.125 77.375 0.54097
31.125 77.625 1.4079
31.125 77.875 0.2647
31.125 78.125 0.30343
31.125 78.375 0.15256
31.125 78.625 0.54974
31.125 78.875 NaN
31.125 79.125 NaN
31.375 74.875 2.6042
31.375 75.125 4.327
31.375 75.375 2.5845
31.375 75.625 0.79762
31.375 75.875 1.9246
31.375 76.125 2.0824
31.375 76.375 1.569
31.375 76.625 1.526
31.375 76.875 0.62231
31.375 77.125 1.7674
31.375 77.375 0.93817
31.375 77.625 0.037506
31.375 77.875 0.12204
31.375 78.125 0.24058
31.375 78.375 0.12384
31.375 78.625 0.21634
31.625 74.875 1.4049
31.625 75.125 1.6655
31.625 75.375 1.5418
31.625 75.625 1.1095
31.625 75.875 -0.94861
31.625 76.125 1.0539
31.625 76.375 0.9715
31.625 76.625 1.0848
31.625 76.875 1.2054
31.625 77.125 1.9679
31.625 77.375 1.1356
31.625 77.625 0.22628
31.625 77.875 0.079085
31.625 78.125 -0.085227
31.625 78.375 -0.15635
31.625 78.625 0.084995
31.875 74.875 1.6647
31.875 75.125 1.657
31.875 75.375 1.2411
31.875 75.625 0.8504
31.875 75.875 0.39459
31.875 76.125 0.33686
31.875 76.375 0.64422
31.875 76.625 0.76033
31.875 76.875 0.95918
31.875 77.125 0.67497
31.875 77.375 0.46291
31.875 77.625 0.40421
31.875 77.875 0.47327
31.875 78.125 0.13305
31.875 78.375 0.049024
31.875 78.625 0.099815
32.125 75.375 0.90774
32.125 75.625 0.92234
32.125 75.875 0.32367
32.125 76.125 0.32816
32.125 76.375 0.50476
32.125 76.625 0.38308
32.125 76.875 0.34278
32.125 77.125 -0.072526
32.125 77.375 0.19332
32.125 77.625 0.098866
32.125 77.875 0.1131
32.125 78.125 -0.11892
32.125 78.375 0.0024531
32.375 75.375 1.1178
32.375 75.625 1.1022
32.375 75.875 0.058038
32.375 76.125 -0.59117
32.375 76.375 0.11989
32.375 76.625 0.02634
32.375 76.875 -0.081922
32.375 77.125 -0.04799
32.375 77.375 -0.070601
32.375 77.625 0.026596
32.375 77.875 -0.24896
32.375 78.125 -0.17901
32.375 78.375 0.016701
32.625 74.875 0.8305
32.625 75.125 0.54542
32.625 75.375 0.66039
32.625 75.625 0.69377
32.625 75.875 0.20577
32.625 76.125 0.16119
32.625 76.375 0.47795
32.625 76.625 0.74974
32.625 76.875 0.28374
32.625 77.125 0.34464
32.625 77.375 0.33496
32.625 77.625 0.097451
32.625 77.875 -0.21601
32.625 78.125 -0.35691
32.625 78.375 -0.04866
32.625 78.625 -0.016266
32.625 78.875 0.025152
32.625 79.125 -0.27742
32.625 79.375 -0.5596
32.875 74.375 1.6495
32.875 74.625 1.6245
32.875 74.875 1.3581
32.875 75.125 0.59603
32.875 75.375 0.35716
32.875 75.625 0.5176
32.875 75.875 0.37989
32.875 76.125 0.74425
32.875 76.375 1.4859
32.875 76.625 1.5692
32.875 76.875 0.89021
32.875 77.125 0.47883
32.875 77.375 0.18121
32.875 77.625 -0.12865
32.875 77.875 -0.53613
32.875 78.125 -0.37773
32.875 78.375 -0.20722
32.875 78.625 -0.24302
32.875 78.875 -0.048235
32.875 79.125 -0.29664
32.875 79.375 -0.42175
33.125 73.875 0.61785
33.125 74.125 0.59367
33.125 74.375 1.5253
33.125 74.625 1.925
33.125 74.875 1.2105
33.125 75.125 0.4588
33.125 75.375 -0.33059
33.125 75.625 -0.62202
33.125 75.875 -0.15617
33.125 76.125 0.93135
33.125 76.375 1.9009
33.125 76.625 1.5794
33.125 76.875 1.2571
33.125 77.125 0.16447
33.125 77.375 -0.76561
33.125 77.625 -0.66426
33.125 77.875 -0.36885
33.125 78.125 -0.2737
33.125 78.375 -0.7707
33.125 78.625 -0.59114
33.125 78.875 -0.50924
33.125 79.125 -0.38906
33.375 73.875 0.55664
33.375 74.125 0.63768
33.375 74.375 1.1484
33.375 74.625 0.71318
33.375 74.875 0.21976
33.375 75.125 -0.3231
33.375 75.375 -0.64678
33.375 75.625 -0.74447
33.375 75.875 -0.082335
33.375 76.125 1.1504
33.375 76.375 1.7141
33.375 76.625 1.385
33.375 76.875 0.77554
33.375 77.125 -0.29237
33.375 77.375 -0.72015
33.375 77.625 -0.60964
33.375 77.875 -0.60319
33.375 78.125 -0.66797
33.375 78.375 -0.47679
33.375 78.625 -0.55465
33.375 78.875 -0.73209
33.625 73.875 0.43449
33.625 74.125 0.73826
33.625 74.375 0.57421
33.625 74.625 -0.097517
33.625 74.875 -0.22984
33.625 75.125 0.026455
33.625 75.375 -0.27298
33.625 75.625 -0.43645
33.625 75.875 -0.41985
33.625 76.125 0.3162
33.625 76.375 1.2003
33.625 76.625 0.81477
33.625 76.875 -0.20167
33.625 77.125 -0.76462
33.625 77.375 -0.52667
33.625 77.625 -0.7734
33.625 77.875 -0.57265
33.625 78.125 -0.54115
33.625 78.375 -0.58484
33.625 78.625 -0.61135
33.625 78.875 -0.85942
33.875 73.875 0.19943
33.875 74.125 0.54644
33.875 74.375 0.49527
33.875 74.625 0.20668
33.875 74.875 -0.074129
33.875 75.125 0.50504
33.875 75.375 0.096243
33.875 75.625 -0.33416
33.875 75.875 -0.7641
33.875 76.125 -0.93677
33.875 76.375 -0.66642
33.875 76.625 -0.74319
33.875 76.875 -0.73117
33.875 77.125 -0.90271
33.875 77.375 -0.63372
33.875 77.625 -0.60025
33.875 77.875 -0.47487
33.875 78.125 -0.57922
33.875 78.375 -0.76817
33.875 78.625 -0.82618
33.875 78.875 -0.44061
34.125 73.625 -0.23465
34.125 73.875 -0.24393
34.125 74.125 -0.073056
34.125 74.375 -0.26679
34.125 74.625 0.16854
34.125 74.875 -0.23173
34.125 75.125 -0.070133
34.125 75.375 0.14474
34.125 75.625 -0.88235
34.125 75.875 -1.1938
34.125 76.125 -1.1712
34.125 76.375 -0.73555
34.125 76.625 -0.81808
34.125 76.875 -0.74506
34.125 77.125 -0.69087
34.125 77.375 -0.68637
34.125 77.625 -0.95276
34.125 77.875 -0.65174
34.125 78.125 -0.63952
34.125 78.375 -0.87691
34.125 78.625 -0.87862
34.125 78.875 -0.92966
34.125 79.125 -0.66542
34.125 79.375 -0.75439
34.375 73.625 -0.62231
34.375 73.875 -0.91669
34.375 74.125 -1.0525
34.375 74.375 -0.93808
34.375 74.625 -0.75816
34.375 74.875 -0.54035
34.375 75.125 -0.015128
34.375 75.375 -0.63895
34.375 75.625 -1.0202
34.375 75.875 -1.1002
34.375 76.125 -1.0646
34.375 76.375 -0.47073
34.375 76.625 -1.0129
34.375 76.875 -0.84639
34.375 77.125 -0.82876
34.375 77.375 -0.81823
34.375 77.625 -0.76116
34.375 77.875 -0.69061
34.375 78.125 -0.70787
34.375 78.375 -0.65777
34.375 78.625 -0.64134
34.375 78.875 -0.73124
34.375 79.125 -0.85084
34.375 79.375 -0.86457
34.625 73.875 -1.0039
34.625 74.125 -1.2089
34.625 74.375 -1.1466
34.625 74.625 -0.86831
34.625 74.875 -0.35929
34.625 75.125 0.058226
34.625 75.375 -0.82913
34.625 75.625 -0.98876
34.625 75.875 -1.0162
34.625 76.125 -0.91542
34.625 76.375 -0.70016
34.625 76.625 -1.1022
34.625 76.875 -1.0275
34.625 77.125 -0.8808
34.625 77.375 -0.84634
34.625 77.625 -0.78909
34.625 77.875 -0.95097
34.625 78.125 -0.77411
34.625 78.375 -0.77539
34.625 78.625 -0.61629
34.625 78.875 -0.68773
34.625 79.125 -0.74628
34.625 79.375 -0.78049
34.625 79.625 -0.70225
34.875 74.125 -0.74443
34.875 74.375 -1.0295
34.875 74.625 -0.91773
34.875 74.875 -0.56629
34.875 75.125 -0.61951
34.875 75.375 -1.0416
34.875 75.625 -1.1804
34.875 75.875 -1.1542
34.875 76.125 -1.043
34.875 76.375 -0.72874
34.875 76.625 -0.84881
34.875 76.875 -0.87362
34.875 77.125 -0.83096
34.875 77.375 -0.88664
34.875 77.625 -1.0749
34.875 77.875 -0.90323
34.875 78.125 -0.79191
34.875 78.375 -0.75497
34.875 78.625 -0.61877
34.875 78.875 -0.65903
34.875 79.125 -0.67373
34.875 79.375 -0.63456
34.875 79.625 -0.79249
34.875 79.875 -0.59079
35.125 74.375 -1.198
35.125 74.625 -1.0338
35.125 74.875 -0.74954
35.125 75.125 -1.0053
35.125 75.375 -1.3035
35.125 75.625 -1.2889
35.125 75.875 -1.0989
35.125 76.125 -1.0662
35.125 76.375 -0.71913
35.125 76.625 -0.78075
35.125 76.875 -1.0545
35.125 77.125 -1.0471
35.125 77.375 -1.1041
35.125 77.625 -1.0155
35.125 77.875 -1.0713
35.125 78.125 -0.59723
35.125 78.375 -0.71545
35.125 78.625 -0.90789
35.125 78.875 -0.59662
35.125 79.125 -0.62491
35.125 79.375 -0.61108
35.125 79.625 -0.82884
35.125 79.875 -0.41523
35.375 73.875 -1.4385
35.375 74.125 -1.4231
35.375 74.375 -1.3988
35.375 74.625 -1.4071
35.375 74.875 -1.115
35.375 75.125 -1.1889
35.375 75.375 -1.2016
35.375 75.625 -1.4467
35.375 75.875 -1.2258
35.375 76.125 -0.85577
35.375 76.375 -0.77038
35.375 76.625 -1.0744
35.375 76.875 -1.0462
35.375 77.125 -1.0603
35.375 77.375 -0.73772
35.375 77.625 -0.76007
35.375 77.875 -0.53908
35.375 78.125 -0.45028
35.375 78.375 -1.0488
35.375 78.625 -0.79882
35.375 78.875 -0.38723
35.375 79.125 -0.61467
35.375 79.375 -0.76009
35.375 79.625 -0.52558
35.375 79.875 -0.80837
35.375 80.125 NaN
35.625 73.375 -1.5137
35.625 73.625 -1.4886
35.625 73.875 -1.374
35.625 74.125 -1.4864
35.625 74.375 -1.502
35.625 74.625 -1.4345
35.625 74.875 -1.1771
35.625 75.125 -1.2221
35.625 75.375 -1.2831
35.625 75.625 -1.3815
35.625 75.875 -1.2158
35.625 76.125 -1.0184
35.625 76.375 -1.0817
35.625 76.625 -0.94519
35.625 76.875 -0.87115
35.625 77.125 -1.0647
35.625 78.375 -0.81841
35.625 78.625 -0.78585
35.625 78.875 -0.76921
35.625 79.125 -0.80304
35.625 79.375 -0.83921
35.625 79.625 -0.67636
35.625 79.875 -0.83884
35.625 80.125 -0.90406
35.875 73.125 -1.0707
35.875 73.375 -1.0874
35.875 73.625 -1.4607
35.875 73.875 -1.6006
35.875 74.125 -1.409
35.875 74.375 -1.4672
35.875 74.625 -1.5301
35.875 74.875 -1.2671
35.875 75.125 -1.3427
35.875 75.375 -1.2697
35.875 75.625 -1.416
35.875 75.875 -1.1595
35.875 76.125 -1.1191
35.875 76.375 -1.2818
35.875 76.625 -1.1875
35.875 79.375 -0.85792
36.125 72.625 -0.77264
36.125 72.875 NaN
36.125 73.125 NaN
36.125 73.375 -1.08
36.125 73.625 -1.2082
36.125 73.875 -1.4169
36.125 74.125 -1.5141
36.125 74.375 -1.3705
36.125 74.625 -1.5454
36.125 74.875 -1.3912
36.125 75.125 -1.2524
36.125 75.375 -1.2569
36.125 75.625 -0.96502
36.125 75.875 -1.5028
36.125 76.125 -1.2379
36.125 76.375 -1.482
36.125 76.625 -1.3078
36.375 73.125 -0.67842
36.375 73.375 -0.97232
36.375 73.625 -0.78486
36.375 73.875 -1.0866
36.375 74.125 -1.358
36.375 74.375 -1.2066
36.375 74.625 -1.4111
36.375 74.875 -1.2425
36.375 75.125 -1.1103
36.375 75.375 -1.5654
36.375 75.625 -1.6892
36.375 75.875 -1.6154
36.375 76.125 -1.238
36.625 73.375 -0.66969
36.625 73.625 -0.69805
36.625 73.875 -1.0079
36.625 74.125 -1.2961
36.625 74.375 -0.57898
36.625 74.625 -1.2095
36.625 74.875 -0.9943
36.625 75.125 -1.1112
36.625 75.375 -1.3627
36.625 75.625 -1.2597
36.875 73.875 -0.99321
36.875 74.375 -0.57236
36.875 74.625 -0.81506
36.875 74.875 -0.77379
36.875 75.125 -0.8759
36.875 75.375 -0.63741
