8.125 77.375 0.87856
8.375 77.125 -0.39236
8.375 77.375 1.294
8.375 77.625 2.0164
8.375 77.875 0.30923
8.625 76.875 -0.52921
8.625 77.125 0.3173
8.625 77.375 0.11313
8.625 77.625 0.12082
8.625 77.875 0.1704
8.875 76.875 0.14959
8.875 77.125 0.56968
8.875 77.375 -0.26162
8.875 77.625 -0.76589
8.875 77.875 -0.51886
9.125 76.625 0.56489
9.125 76.875 0.39114
9.125 77.125 0.26145
9.125 77.375 -0.30588
9.125 77.625 -0.36925
9.125 77.875 -0.35769
9.125 78.125 -0.089521
9.125 78.375 NaN
9.375 76.625 0.5558
9.375 76.875 0.41481
9.375 77.125 -0.045763
9.375 77.375 -0.36874
9.375 77.625 -0.12924
9.375 77.875 -0.52122
9.375 78.125 -0.28784
9.375 78.375 -0.29725
9.375 78.625 -0.54496
9.375 78.875 NaN
9.625 76.375 0.67347
9.625 76.625 0.90426
9.625 76.875 0.67027
9.625 77.125 0.079677
9.625 77.375 -0.33285
9.625 77.625 -0.82187
9.625 77.875 -0.23125
9.625 78.125 -0.81977
9.625 78.375 -0.69707
9.625 78.625 -0.58568
9.875 76.625 0.4758
9.875 76.875 0.39294
9.875 77.125 0.18117
9.875 77.375 -1.0733
9.875 77.625 -0.89214
9.875 77.875 -0.73871
9.875 78.125 -1.0753
9.875 78.375 -0.065276
9.875 78.625 0.5002
9.875 78.875 -0.46717
10.125 76.375 -0.28699
10.125 76.625 0.61652
10.125 76.875 2.3983
10.125 77.125 -0.36736
10.125 77.375 -0.89769
10.125 77.625 0.057242
10.125 77.875 -0.50786
10.125 78.125 -0.2038
10.125 78.375 -0.27299
10.125 78.625 -0.58658
10.125 78.875 -0.33323
10.125 79.125 0.31438
10.375 76.375 -0.24136
10.375 76.625 -0.34335
10.375 76.875 0.69271
10.375 77.125 0.17774
10.375 77.375 -0.53182
10.375 77.625 -0.32005
10.375 77.875 -0.48367
10.375 78.125 -0.53163
10.375 78.375 -0.033337
10.375 78.625 -0.48301
10.375 78.875 0.08834
10.375 79.125 -0.14805
10.375 79.375 NaN
10.375 79.625 NaN
10.625 76.125 -0.3027
10.625 76.375 0.12305
10.625 76.625 -0.33288
10.625 76.875 0.15195
10.625 77.125 -0.53816
10.625 77.375 -0.98854
10.625 77.625 -0.58017
10.625 77.875 -0.35778
10.625 78.125 -0.75674
10.625 78.375 -0.62919
10.625 78.625 -0.30146
10.625 78.875 -0.013818
10.625 79.125 1.9887
10.625 79.375 1.1355
10.625 79.625 0.72648
10.875 76.125 -0.099312
10.875 76.375 0.6517
10.875 76.625 -0.0146
10.875 76.875 -0.36267
10.875 77.125 -0.62596
10.875 77.375 -0.72724
10.875 77.625 -1.0212
10.875 77.875 -0.3035
10.875 78.125 -1.019
10.875 78.375 0.092601
10.875 78.625 1.3711
10.875 78.875 0.6336
10.875 79.125 1.1896
10.875 79.375 0.979
10.875 79.625 1.358
11.125 76.125 -0.90195
11.125 76.375 0.5032
11.125 76.625 4.0156
11.125 76.875 -1.1987
11.125 77.125 -0.26269
11.125 77.375 -0.60647
11.125 77.625 0.18365
11.125 77.875 0.36971
11.125 78.125 -0.58636
11.125 78.375 0.55127
11.125 78.625 0.36659
11.125 78.875 0.45868
11.125 79.125 0.96157
11.125 79.375 1.9519
11.125 79.625 1.3562
11.375 75.875 -0.033738
11.375 76.125 -0.069367
11.375 76.375 0.59976
11.375 76.625 1.0928
11.375 76.875 2.3691
11.375 77.125 -0.46354
11.375 77.375 -0.49645
11.375 77.625 0.46308
11.375 77.875 0.78685
11.375 78.125 0.054814
11.375 78.375 -0.34039
11.375 78.625 -0.65791
11.375 78.875 -0.21358
11.375 79.125 -0.5671
11.375 79.375 0.73276
11.375 79.625 0.90281
11.625 75.875 0.15003
11.625 76.125 0.86679
11.625 76.375 0.025159
11.625 76.625 0.71895
11.625 76.875 -1.1682
11.625 77.125 -0.95909
11.625 77.375 0.58602
11.625 77.625 0.18598
11.625 77.875 0.53615
11.625 78.125 -0.2962
11.625 78.375 -0.44461
11.625 78.625 0.34364
11.625 78.875 -0.55085
11.625 79.125 1.6462
11.625 79.375 0.54501
11.625 79.625 NaN
11.875 75.625 NaN
11.875 75.875 -0.80931
11.875 76.125 0.057697
11.875 76.375 0.15335
11.875 76.625 -0.37202
11.875 76.875 -1.0597
11.875 77.125 0.31557
11.875 77.375 0.61369
11.875 77.625 0.92275
11.875 77.875 -0.17984
11.875 78.125 0.36694
11.875 78.375 0.44231
11.875 78.625 0.13981
11.875 78.875 -0.013246
11.875 79.125 2.8089
11.875 79.375 0.40055
11.875 79.625 0.43597
12.125 75.375 -0.70009
12.125 75.625 -0.053106
12.125 75.875 -0.18499
12.125 76.125 0.14538
12.125 76.375 0.0079886
12.125 76.625 -0.17157
12.125 76.875 -0.59418
12.125 77.125 0.33028
12.125 77.375 0.33705
12.125 77.625 0.89571
12.125 77.875 -0.39133
12.125 78.125 1.1922
12.125 78.375 2.2866
12.125 78.625 0.7262
12.125 78.875 -0.22561
12.125 79.125 1.3871
12.125 79.375 0.47971
12.125 79.625 0.23686
12.375 75.125 0.045583
12.375 75.375 -0.12931
12.375 75.625 -0.15751
12.375 75.875 0.12525
12.375 76.125 0.26457
12.375 76.375 0.86592
12.375 76.625 1.669
12.375 76.875 -0.32851
12.375 77.125 -0.87752
12.375 77.375 -0.32283
12.375 77.625 0.3714
12.375 77.875 1.3003
12.375 78.125 1.4035
12.375 78.375 2.5736
12.375 78.625 1.622
12.375 78.875 0.55903
12.375 79.125 0.9931
12.375 79.375 0.33848
12.375 79.625 0.13116
12.375 79.875 -0.1875
12.625 75.125 -0.15403
12.625 75.375 -0.26353
12.625 75.625 -0.10125
12.625 75.875 0.23022
12.625 76.125 0.1083
12.625 76.375 1.9012
12.625 76.625 1.9341
12.625 76.875 0.57515
12.625 77.125 -0.29119
12.625 77.375 0.094218
12.625 77.625 1.0848
12.625 77.875 0.86639
12.625 78.125 1.5529
12.625 78.375 2.2842
12.625 78.625 2.3458
12.625 78.875 1.9806
12.625 79.125 1.5147
12.625 79.375 -0.084893
12.625 79.625 0.16882
12.625 79.875 -0.67007
12.875 75.125 0.35029
12.875 75.375 1.0014
12.875 75.625 -1.2943
12.875 75.875 -0.44593
12.875 76.125 -0.1925
12.875 76.375 1.238
12.875 76.625 0.4595
12.875 76.875 -0.08378
12.875 77.125 0.0052455
12.875 77.375 0.29303
12.875 77.625 0.69645
12.875 77.875 1.4091
12.875 78.125 2.1944
12.875 78.375 2.4238
12.875 78.625 2.1633
12.875 78.875 2.7977
12.875 79.125 1.8712
12.875 79.375 1.3994
12.875 79.625 1.9054
12.875 79.875 -0.14131
13.125 74.875 NaN
13.125 75.125 0.17494
13.125 75.375 0.012851
13.125 75.625 0.26071
13.125 75.875 -0.31458
13.125 76.125 0.1051
13.125 76.375 0.19824
13.125 76.625 0.68529
13.125 76.875 0.22741
13.125 77.125 0.36642
13.125 77.375 0.69187
13.125 77.625 1.0676
13.125 77.875 1.3865
13.125 78.125 2.1426
13.125 78.375 2.1149
13.125 78.625 1.971
13.125 78.875 1.5746
13.125 79.125 2.023
13.125 79.375 1.479
13.125 79.625 1.5485
13.125 79.875 0.94587
13.125 80.125 0.74057
13.375 74.875 NaN
13.375 75.125 0.0025024
13.375 75.375 -0.44183
13.375 75.625 -0.41269
13.375 75.875 -0.27552
13.375 76.125 0.3761
13.375 76.375 0.20479
13.375 76.625 0.55561
13.375 76.875 0.191
13.375 77.125 1.048
13.375 77.375 0.43146
13.375 77.625 0.97547
13.375 77.875 1.6579
13.375 78.125 1.0312
13.375 78.375 1.5773
13.375 78.625 2.2175
13.375 78.875 2.17
13.375 79.125 0.39896
13.375 79.375 0.024472
13.375 79.625 1.1329
13.375 79.875 1.7921
13.375 80.125 1.5023
13.625 74.875 -0.56019
13.625 75.125 0.31912
13.625 75.375 -0.14721
13.625 75.625 -0.0079423
13.625 75.875 -0.33456
13.625 76.125 -0.22785
13.625 76.375 -0.066709
13.625 76.625 -0.25581
13.625 76.875 -0.38452
13.625 77.125 0.14598
13.625 77.375 0.21918
13.625 77.625 1.6059
13.625 77.875 1.4653
13.625 78.125 2.1145
13.625 78.375 1.6294
13.625 78.625 1.8585
13.625 78.875 1.8151
13.625 79.125 1.7823
13.625 79.375 1.5048
13.625 79.625 0.61788
13.625 79.875 1.4409
13.625 80.125 1.5853
13.875 74.875 0.098701
13.875 75.125 0.44814
13.875 75.375 0.010147
13.875 75.625 0.069644
13.875 75.875 0.069658
13.875 76.125 -0.097197
13.875 76.375 -0.0027963
13.875 76.625 0.62629
13.875 76.875 -0.34199
13.875 77.125 0.025735
13.875 77.375 1.1652
13.875 77.625 1.2538
13.875 77.875 0.58401
13.875 78.125 0.55066
13.875 78.375 1.6617
13.875 78.625 1.5831
13.875 78.875 0.90355
13.875 79.125 0.71135
13.875 79.375 0.65446
13.875 79.625 0.54544
13.875 79.875 0.42369
14.125 74.625 0.68885
14.125 74.875 -0.090817
14.125 75.125 0.0005974
14.125 75.375 0.0040887
14.125 75.625 -0.44469
14.125 75.875 0.55073
14.125 76.125 0.83841
14.125 76.375 1.1076
14.125 76.625 0.52296
14.125 76.875 0.5149
14.125 77.125 -0.10484
14.125 77.375 0.23689
14.125 77.625 0.50861
14.125 77.875 0.64168
14.125 78.125 0.70766
14.125 78.375 0.49975
14.125 78.625 0.47739
14.125 78.875 0.43093
14.125 79.125 0.48898
14.125 79.375 0.16909
14.125 79.625 -0.11551
14.125 79.875 0.019125
14.375 74.625 -0.43451
14.375 74.875 0.098879
14.375 75.125 -0.069396
14.375 75.375 -0.39136
14.375 75.625 0.23208
14.375 75.875 0.94391
14.375 76.125 1.6333
14.375 76.375 1.5966
14.375 76.625 0.053694
14.375 76.875 0.15492
14.375 77.125 0.20291
14.375 77.375 0.33647
14.375 77.625 0.44026
14.375 77.875 0.8142
14.375 78.125 0.86736
14.375 78.375 0.5237
14.375 78.625 0.40367
14.375 78.875 0.31894
14.375 79.125 0.57135
14.375 79.375 0.37241
14.375 79.625 -0.37902
14.375 79.875 0.010955
14.625 74.375 NaN
14.625 74.625 -0.56368
14.625 74.875 -0.0026276
14.625 75.125 -0.15993
14.625 75.375 0.00085733
14.625 75.625 0.041627
14.625 75.875 0.53729
14.625 76.125 0.8498
14.625 76.375 0.30936
14.625 76.625 -0.014755
14.625 76.875 0.40072
14.625 77.125 0.51724
14.625 77.375 -0.039363
14.625 77.625 0.081426
14.625 77.875 0.40118
14.625 78.125 0.53157
14.625 78.375 0.57347
14.625 78.625 0.1379
14.625 78.875 0.43586
14.625 79.125 0.64035
14.625 79.375 0.051648
14.625 79.625 -0.33186
14.625 79.875 -0.29257
14.875 74.375 0.76718
14.875 74.625 -0.60105
14.875 74.875 -0.4783
14.875 75.125 -0.15264
14.875 75.375 -0.51498
14.875 75.625 -0.1217
14.875 75.875 0.37308
14.875 76.125 0.19479
14.875 76.375 -0.31859
14.875 76.625 0.31167
14.875 76.875 0.62594
14.875 77.125 0.62499
14.875 77.375 0.010389
14.875 77.625 -0.033321
14.875 77.875 -0.049644
14.875 78.125 0.23049
14.875 78.375 0.53377
14.875 78.625 -0.24409
14.875 78.875 0.30622
14.875 79.125 0.27027
14.875 79.375 -1.0945
14.875 79.625 -0.41021
14.875 79.875 -0.32837
15.125 74.125 1.2106
15.125 74.375 0.53728
15.125 74.625 -0.23802
15.125 74.875 -0.0072342
15.125 75.125 0.089093
15.125 75.375 0.72314
15.125 75.625 1.1758
15.125 75.875 1.1731
15.125 76.125 0.6655
15.125 76.375 0.122
15.125 76.625 0.41072
15.125 76.875 0.82806
15.125 77.125 0.63503
15.125 77.375 0.38055
15.125 77.625 0.38761
15.125 77.875 0.0015639
15.125 78.125 0.11652
15.125 78.375 1.1139
15.125 78.625 0.048209
15.125 78.875 -0.099229
15.125 79.125 -0.10629
15.125 79.375 -0.47499
15.125 79.625 -0.0060954
15.125 79.875 0.24164
15.375 73.875 -0.34647
15.375 74.125 0.70083
15.375 74.375 0.38086
15.375 74.625 -0.17184
15.375 74.875 0.39566
15.375 75.125 1.2396
15.375 75.375 2.5164
15.375 75.625 1.2017
15.375 75.875 0.75778
15.375 76.125 0.70796
15.375 76.375 0.38437
15.375 76.625 0.60932
15.375 76.875 0.59755
15.375 77.125 1.0695
15.375 77.375 0.52005
15.375 77.625 0.68291
15.375 77.875 0.47165
15.375 78.125 0.76659
15.375 78.375 0.51444
15.375 78.625 -0.29595
15.375 78.875 -0.39547
15.375 79.125 0.1871
15.375 79.375 -0.21389
15.375 79.625 0.70713
15.375 79.875 0.74148
15.625 73.875 -0.53719
15.625 74.125 -0.69719
15.625 74.375 -0.6343
15.625 74.625 1.1454
15.625 74.875 1.1839
15.625 75.125 1.399
15.625 75.375 1.7275
15.625 75.625 0.76805
15.625 75.875 1.3076
15.625 76.125 2.0649
15.625 76.375 0.96575
15.625 76.625 1.1199
15.625 76.875 1.4703
15.625 77.125 1.3363
15.625 77.375 0.97217
15.625 77.625 1.1752
15.625 77.875 0.57606
15.625 78.125 0.36051
15.625 78.375 0.52588
15.625 78.625 0.041905
15.625 78.875 0.43219
15.625 79.125 0.70091
15.625 79.375 1.7114
15.625 79.625 0.24538
15.625 79.875 0.49548
15.625 80.125 0.42667
15.875 73.875 0.44664
15.875 74.125 -0.0084074
15.875 74.375 -0.089337
15.875 74.625 0.7763
15.875 74.875 1.2478
15.875 75.125 1.6996
15.875 75.375 1.9427
15.875 75.625 1.6179
15.875 75.875 1.5541
15.875 76.125 1.345
15.875 76.375 1.3525
15.875 76.625 1.379
15.875 76.875 1.0285
15.875 77.125 0.9851
15.875 77.375 1.1223
15.875 77.625 0.72265
15.875 77.875 1.7815
15.875 78.125 1.5288
15.875 78.375 1.6483
15.875 78.625 1.8802
15.875 78.875 1.2699
15.875 79.125 1.94
15.875 79.375 0.50164
15.875 79.625 -0.70091
15.875 79.875 0.18693
15.875 80.125 0.79843
15.875 80.375 -0.093031
15.875 80.625 NaN
15.875 80.875 -0.56662
16.125 73.625 1.4273
16.125 73.875 1.2088
16.125 74.125 0.62374
16.125 74.375 0.35893
16.125 74.625 1.0796
16.125 74.875 0.82843
16.125 75.125 0.38225
16.125 75.375 1.1718
16.125 75.625 1.6471
16.125 75.875 2.2343
16.125 76.125 1.0657
16.125 76.375 1.4237
16.125 76.625 0.74556
16.125 76.875 0.61425
16.125 77.125 1.0859
16.125 77.375 1.4712
16.125 77.625 0.93152
16.125 77.875 2.1642
16.125 78.125 2.0327
16.125 78.375 1.5563
16.125 78.625 1.8304
16.125 78.875 2.2126
16.125 79.125 2.3626
16.125 79.375 0.57296
16.125 79.625 -0.23751
16.125 79.875 1.7887
16.125 80.125 3.6199
16.125 80.375 0.68017
16.125 80.625 0.053323
16.125 80.875 -0.25865
16.375 73.625 0.63069
16.375 73.875 1.4065
16.375 74.125 0.44903
16.375 74.375 0.78461
16.375 74.625 0.13318
16.375 74.875 0.48847
16.375 75.125 0.60826
16.375 75.375 1.7255
16.375 75.625 1.949
16.375 75.875 2.5997
16.375 76.125 2.8626
16.375 76.375 2.1348
16.375 76.625 1.0092
16.375 76.875 1.8231
16.375 77.125 1.7232
16.375 77.375 1.3969
16.375 77.625 1.6599
16.375 77.875 2.2004
16.375 78.125 2.0434
16.375 78.375 1.8352
16.375 78.625 2.2936
16.375 78.875 2.1466
16.375 79.125 2.1268
16.375 79.375 1.2025
16.375 79.625 0.71381
16.375 79.875 1.4202
16.375 80.125 1.3219
16.375 80.375 0.41776
16.375 80.625 0.43174
16.375 80.875 0.64596
16.375 81.125 0.63494
16.375 81.375 NaN
16.375 81.625 NaN
16.625 73.625 1.2342
16.625 73.875 -0.15686
16.625 74.125 0.94263
16.625 74.375 -1.0075
16.625 74.625 0.75113
16.625 74.875 0.76651
16.625 75.125 1.2706
16.625 75.375 1.8734
16.625 75.625 2.1968
16.625 75.875 2.3958
16.625 76.125 2.2152
16.625 76.375 2.4369
16.625 76.625 0.67165
16.625 76.875 0.87775
16.625 77.125 1.4086
16.625 77.375 1.6375
16.625 77.625 1.7983
16.625 77.875 2.3901
16.625 78.125 2.8345
16.625 78.375 2.457
16.625 78.625 2.1233
16.625 78.875 1.6852
16.625 79.125 0.97198
16.625 79.375 0.61538
16.625 79.625 0.47274
16.625 79.875 0.69482
16.625 80.125 1.4258
16.625 80.375 -0.0091658
16.625 80.625 -0.20508
16.625 80.875 0.093845
16.625 81.125 0.30734
16.625 81.375 -0.41938
16.625 81.625 -0.35406
16.625 81.875 0.033471
16.625 82.125 -0.26776
16.875 73.375 1.1756
16.875 73.625 0.88038
16.875 73.875 -0.19491
16.875 74.125 -0.87475
16.875 74.375 0.12381
16.875 74.625 0.011711
16.875 74.875 0.92741
16.875 75.125 1.441
16.875 75.375 2.6212
16.875 75.625 2.4116
16.875 75.875 2.1677
16.875 76.125 1.6365
16.875 76.375 1.5257
16.875 76.625 1.9847
16.875 76.875 1.186
16.875 77.125 1.0639
16.875 77.375 1.8095
16.875 77.625 1.0486
16.875 77.875 1.4349
16.875 78.125 1.3176
16.875 78.375 0.90964
16.875 78.625 0.82694
16.875 78.875 0.71989
16.875 79.125 0.88825
16.875 79.375 0.62401
16.875 79.625 0.93888
16.875 79.875 0.69519
16.875 80.125 1.6269
16.875 80.375 1.1759
16.875 80.625 0.93458
16.875 80.875 0.70236
16.875 81.125 0.45438
16.875 81.375 -0.49686
16.875 81.625 0.0041059
16.875 81.875 -0.79972
16.875 82.125 -0.65595
17.125 73.375 1.2004
17.125 73.625 -0.030721
17.125 73.875 -0.097766
17.125 74.125 -0.32061
17.125 74.375 -0.3909
17.125 74.625 -0.2883
17.125 74.875 0.24079
17.125 75.125 0.36883
17.125 75.375 2.2691
17.125 75.625 2.2186
17.125 75.875 2.0543
17.125 76.125 2.3653
17.125 76.375 1.7606
17.125 76.625 1.6273
17.125 76.875 2.0935
17.125 77.125 1.4579
17.125 77.375 1.0346
17.125 77.625 1.9801
17.125 77.875 1.4494
17.125 78.125 1.5657
17.125 78.375 1.8014
17.125 78.625 1.3971
17.125 78.875 2.3757
17.125 79.125 1.6316
17.125 79.375 1.2914
17.125 79.625 1.058
17.125 79.875 0.94599
17.125 80.125 0.96973
17.125 80.375 1.6462
17.125 80.625 1.5642
17.125 80.875 0.77687
17.125 81.125 -0.19219
17.125 81.375 -0.4252
17.125 81.625 -0.78945
17.125 81.875 -0.97882
17.125 82.125 -0.34873
17.125 82.375 0.11103
17.375 73.375 0.56669
17.375 73.625 -0.61082
17.375 73.875 0.33164
17.375 74.125 -0.89479
17.375 74.375 -1.189
17.375 74.625 -0.3468
17.375 74.875 0.055594
17.375 75.125 0.05466
17.375 75.375 0.63466
17.375 75.625 1.7361
17.375 75.875 1.3459
17.375 76.125 1.9778
17.375 76.375 2.0373
17.375 76.625 1.5283
17.375 76.875 2.285
17.375 77.125 1.6206
17.375 77.375 0.76398
17.375 77.625 1.6965
17.375 77.875 1.1161
17.375 78.125 1.8501
17.375 78.375 1.5304
17.375 78.625 2.7229
17.375 78.875 3.5473
17.375 79.125 1.5783
17.375 79.375 1.8286
17.375 79.625 1.3569
17.375 79.875 1.5182
17.375 80.125 2.0785
17.375 80.375 1.437
17.375 80.625 0.801
17.375 80.875 0.070733
17.375 81.125 -0.22325
17.375 81.375 -0.265
17.375 81.625 -0.86984
17.375 81.875 -0.81074
17.375 82.125 0.0082023
17.375 82.375 0.48541
17.375 82.625 NaN
17.625 73.375 0.75897
17.625 73.625 -1.1023
17.625 73.875 0.058353
17.625 74.125 -0.66623
17.625 74.375 -1.1149
17.625 74.625 -0.087074
17.625 74.875 0.54625
17.625 75.125 0.86278
17.625 75.375 0.66104
17.625 75.625 1.1884
17.625 75.875 1.2372
17.625 76.125 1.938
17.625 76.375 2.25
17.625 76.625 2.43
17.625 76.875 1.911
17.625 77.125 1.8537
17.625 77.375 1.2319
17.625 77.625 1.3258
17.625 77.875 2.7903
17.625 78.125 1.6888
17.625 78.375 2.5191
17.625 78.625 1.4682
17.625 78.875 1.321
17.625 79.125 1.2758
17.625 79.375 1.7661
17.625 79.625 2.244
17.625 79.875 2.0776
17.625 80.125 1.8656
17.625 80.375 1.5596
17.625 80.625 1.3672
17.625 80.875 0.42515
17.625 81.125 0.47448
17.625 81.375 0.53375
17.625 81.625 -0.2289
17.625 81.875 -0.33715
17.625 82.125 -0.017167
17.625 82.375 0.63073
17.625 82.625 1.2375
17.625 82.875 -0.046996
17.625 83.125 0.3674
17.875 73.375 0.86574
17.875 73.625 -0.44832
17.875 73.875 0.060732
17.875 74.125 0.58689
17.875 74.375 0.31749
17.875 74.625 0.30555
17.875 74.875 0.82749
17.875 75.125 1.1747
17.875 75.375 0.94497
17.875 75.625 0.6584
17.875 75.875 0.76147
17.875 76.125 2.1209
17.875 76.375 2.4041
17.875 76.625 2.4037
17.875 76.875 1.5142
17.875 77.125 2.4168
17.875 77.375 1.7822
17.875 77.625 3.7441
17.875 77.875 2.7431
17.875 78.125 3.1493
17.875 78.375 2.0276
17.875 78.625 1.8487
17.875 78.875 1.1031
17.875 79.125 1.1268
17.875 79.375 0.93683
17.875 79.625 2.3135
17.875 79.875 3.086
17.875 80.125 1.927
17.875 80.375 0.90565
17.875 80.625 1.7486
17.875 80.875 1.2165
17.875 81.125 1.0247
17.875 81.375 1.523
17.875 81.625 0.61956
17.875 81.875 -0.07831
17.875 82.125 0.14616
17.875 82.375 0.75334
17.875 82.625 1.2262
17.875 82.875 1.4485
17.875 83.125 0.63448
17.875 83.375 0.76281
18.125 73.125 NaN
18.125 73.375 -0.19118
18.125 73.625 -0.097468
18.125 73.875 -0.029297
18.125 74.125 0.33965
18.125 74.375 0.44952
18.125 74.625 1.0251
18.125 74.875 1.6031
18.125 75.125 1.1343
18.125 75.375 1.6483
18.125 75.625 1.7091
18.125 75.875 2.9607
18.125 76.125 2.4903
18.125 76.375 2.2466
18.125 76.625 2.3182
18.125 76.875 1.7307
18.125 77.125 2.8654
18.125 77.375 1.4798
18.125 77.625 2.8222
18.125 77.875 2.772
18.125 78.125 2.8926
18.125 78.375 1.9425
18.125 78.625 1.1152
18.125 78.875 2.1511
18.125 79.125 1.3805
18.125 79.375 1.3721
18.125 79.625 1.9982
18.125 79.875 2.6655
18.125 80.125 2.2554
18.125 80.375 0.87508
18.125 80.625 0.76078
18.125 80.875 0.86576
18.125 81.125 0.5531
18.125 81.375 1.19
18.125 81.625 1.5069
18.125 81.875 1.148
18.125 82.125 0.90656
18.125 82.375 0.47283
18.125 82.625 0.61185
18.125 82.875 0.68188
18.125 83.125 0.94714
18.125 83.375 1.0386
18.125 83.625 1.9115
18.375 73.125 0.24786
18.375 73.375 -0.29685
18.375 73.625 0.49223
18.375 73.875 0.19271
18.375 74.125 0.28604
18.375 74.375 0.85945
18.375 74.625 1.5264
18.375 74.875 1.4944
18.375 75.125 2.5034
18.375 75.375 4.2059
18.375 75.625 3.6978
18.375 75.875 1.6601
18.375 76.125 1.8873
18.375 76.375 1.9795
18.375 76.625 1.959
18.375 76.875 2.2719
18.375 77.125 1.5478
18.375 77.375 0.87262
18.375 77.625 1.5223
18.375 77.875 1.4814
18.375 78.125 1.9472
18.375 78.375 1.0104
18.375 78.625 0.34323
18.375 78.875 0.31534
18.375 79.125 1.3038
18.375 79.375 0.94538
18.375 79.625 1.4843
18.375 79.875 1.5516
18.375 80.125 1.1249
18.375 80.375 1.5742
18.375 80.625 1.3855
18.375 80.875 0.011027
18.375 81.125 0.55741
18.375 81.375 1.1555
18.375 81.625 1.3312
18.375 81.875 1.2897
18.375 82.125 1.8726
18.375 82.375 1.6594
18.375 82.625 0.56637
18.375 82.875 -0.72262
18.375 83.125 0.94349
18.375 83.375 0.43979
18.375 83.625 1.0945
18.375 83.875 0.65183
18.625 73.125 1.3477
18.625 73.375 0.34905
18.625 73.625 0.12682
18.625 73.875 0.26693
18.625 74.125 0.050348
18.625 74.375 0.45653
18.625 74.625 1.2083
18.625 74.875 1.3493
18.625 75.125 2.3479
18.625 75.375 3.1784
18.625 75.625 2.2675
18.625 75.875 1.9507
18.625 76.125 1.1956
18.625 76.375 0.82341
18.625 76.625 2.65
18.625 76.875 2.6657
18.625 77.125 1.9987
18.625 77.375 0.51651
18.625 77.625 1.0684
18.625 77.875 0.41274
18.625 78.125 0.57738
18.625 78.375 1.2447
18.625 78.625 -0.96256
18.625 78.875 0.61777
18.625 79.125 -0.26691
18.625 79.375 0.61605
18.625 79.625 0.13007
18.625 79.875 0.54585
18.625 80.125 0.82766
18.625 80.375 1.9834
18.625 80.625 1.9818
18.625 80.875 0.28233
18.625 81.125 0.10196
18.625 81.375 1.5374
18.625 81.625 2.1543
18.625 81.875 1.8113
18.625 82.125 1.5621
18.625 82.375 1.3666
18.625 82.625 1.5563
18.625 82.875 1.1128
18.625 83.125 -0.56155
18.625 83.375 -0.089301
18.625 83.625 -0.23035
18.625 83.875 0.067172
18.625 84.125 0.17691
18.875 73.125 1.5639
18.875 73.375 1.0045
18.875 73.625 0.30874
18.875 73.875 0.22826
18.875 74.125 -0.00030827
18.875 74.375 1.5841
18.875 74.625 1.1171
18.875 74.875 1.8779
18.875 75.125 1.8497
18.875 75.375 2.2412
18.875 75.625 1.8983
18.875 75.875 1.3878
18.875 76.125 1.7371
18.875 76.375 1.2628
18.875 76.625 2.443
18.875 76.875 2.8688
18.875 77.125 1.8818
18.875 77.375 1.4189
18.875 77.625 2.4811
18.875 77.875 2.0991
18.875 78.125 1.4872
18.875 78.375 -1.1013
18.875 78.625 0.65884
18.875 78.875 1.0046
18.875 79.125 0.96597
18.875 79.375 1.7292
18.875 79.625 0.44756
18.875 79.875 0.58226
18.875 80.125 0.6476
18.875 80.375 1.4979
18.875 80.625 1.839
18.875 80.875 1.1935
18.875 81.125 0.92899
18.875 81.375 2.1357
18.875 81.625 1.0102
18.875 81.875 2.5415
18.875 82.125 1.1447
18.875 82.375 1.1317
18.875 82.625 0.88176
18.875 82.875 1.2433
18.875 83.125 0.54739
18.875 83.375 -0.37057
18.875 83.625 0.72805
18.875 83.875 0.83115
18.875 84.125 0.3347
18.875 84.375 -0.45328
19.125 73.125 2.2896
19.125 73.375 1.6657
19.125 73.625 0.22434
19.125 73.875 0.26634
19.125 74.125 0.44863
19.125 74.375 1.5435
19.125 74.625 1.2162
19.125 74.875 2.8989
19.125 75.125 2.8723
19.125 75.375 2.3321
19.125 75.625 1.8627
19.125 75.875 1.3815
19.125 76.125 1.2882
19.125 76.375 1.3463
19.125 76.625 1.8605
19.125 76.875 1.4242
19.125 77.125 1.8699
19.125 77.375 1.3703
19.125 77.625 2.139
19.125 77.875 0.93259
19.125 78.125 0.3346
19.125 78.375 0.57481
19.125 78.625 0.91837
19.125 78.875 1.6469
19.125 79.125 2.1456
19.125 79.375 0.79455
19.125 79.625 1.0161
19.125 79.875 0.75147
19.125 80.125 0.71985
19.125 80.375 1.205
19.125 80.625 1.6687
19.125 80.875 1.4287
19.125 81.125 1.2523
19.125 81.375 1.4004
19.125 81.625 0.96297
19.125 81.875 -0.20539
19.125 82.125 0.67828
19.125 82.375 0.78985
19.125 82.625 -0.36724
19.125 82.875 0.12169
19.125 83.125 -0.14562
19.125 83.375 -0.75275
19.125 83.625 -0.0064641
19.125 83.875 0.68993
19.125 84.125 0.31645
19.125 84.375 -0.44725
19.125 84.625 -0.59721
19.375 72.875 0.97977
19.375 73.125 0.25343
19.375 73.375 1.2979
19.375 73.625 0.61825
19.375 73.875 0.28033
19.375 74.125 1.0914
19.375 74.375 1.7312
19.375 74.625 1.3696
19.375 74.875 1.5569
19.375 75.125 3.2081
19.375 75.375 1.5035
19.375 75.625 0.28521
19.375 75.875 0.21125
19.375 76.125 1.3657
19.375 76.375 0.68637
19.375 76.625 0.91407
19.375 76.875 1.0234
19.375 77.125 1.3643
19.375 77.375 1.2548
19.375 77.625 2.0474
19.375 77.875 1.1354
19.375 78.125 1.6734
19.375 78.375 1.2286
19.375 78.625 1.1903
19.375 78.875 1.5795
19.375 79.125 1.4093
19.375 79.375 1.3609
19.375 79.625 0.9182
19.375 79.875 1.4295
19.375 80.125 1.4671
19.375 80.375 1.4233
19.375 80.625 1.3034
19.375 80.875 1.2184
19.375 81.125 0.8762
19.375 81.375 0.93889
19.375 81.625 0.79918
19.375 81.875 0.83699
19.375 82.125 0.9943
19.375 82.375 -0.0079856
19.375 82.625 -0.30984
19.375 82.875 0.090071
19.375 83.125 -0.14501
19.375 83.375 -0.51027
19.375 83.625 -0.10333
19.375 83.875 0.36626
19.375 84.125 0.31586
19.375 84.375 0.088113
19.375 84.625 -0.34972
19.375 84.875 -0.10809
19.625 72.875 1.2875
19.625 73.125 1.5163
19.625 73.375 1.2865
19.625 73.625 0.75885
19.625 73.875 0.5405
19.625 74.125 0.44915
19.625 74.375 1.3529
19.625 74.625 1.111
19.625 74.875 0.47751
19.625 75.125 1.3151
19.625 75.375 0.84575
19.625 75.625 1.1203
19.625 75.875 0.76156
19.625 76.125 1.0701
19.625 76.375 0.86572
19.625 76.625 0.83057
19.625 76.875 -0.30577
19.625 77.125 0.43573
19.625 77.375 1.0813
19.625 77.625 0.86023
19.625 77.875 0.97234
19.625 78.125 1.4596
19.625 78.375 1.3791
19.625 78.625 1.4723
19.625 78.875 1.5051
19.625 79.125 1.1655
19.625 79.375 1.1156
19.625 79.625 1.2293
19.625 79.875 1.4046
19.625 80.125 1.2663
19.625 80.375 1.0335
19.625 80.625 0.98052
19.625 80.875 0.92305
19.625 81.125 1.2162
19.625 81.375 0.38685
19.625 81.625 0.61804
19.625 81.875 1.0734
19.625 82.125 0.57879
19.625 82.375 0.67683
19.625 82.625 0.37306
19.625 82.875 0.10368
19.625 83.125 0.23415
19.625 83.375 0.59842
19.625 83.625 0.8225
19.625 83.875 0.67128
19.625 84.125 -0.013293
19.625 84.375 -0.28639
19.625 84.625 -0.14956
19.625 84.875 -0.26473
19.625 85.125 -1.0891
19.625 85.375 -0.63771
19.875 72.875 1.4277
19.875 73.125 1.5676
19.875 73.375 2.0431
19.875 73.625 0.98198
19.875 73.875 0.68417
19.875 74.125 0.73438
19.875 74.375 1.4995
19.875 74.625 1.7252
19.875 74.875 1.4249
19.875 75.125 0.5502
19.875 75.375 0.76855
19.875 75.625 1.0792
19.875 75.875 1.1847
19.875 76.125 1.2853
19.875 76.375 1.2606
19.875 76.625 0.76707
19.875 76.875 1.0049
19.875 77.125 0.9922
19.875 77.375 0.98586
19.875 77.625 0.92636
19.875 77.875 0.64173
19.875 78.125 0.6166
19.875 78.375 0.77758
19.875 78.625 1.1584
19.875 78.875 1.3157
19.875 79.125 1.4488
19.875 79.375 1.0336
19.875 79.625 1.2809
19.875 79.875 1.4302
19.875 80.125 1.0311
19.875 80.375 0.72203
19.875 80.625 1.4633
19.875 80.875 1.4523
19.875 81.125 1.5227
19.875 81.375 -0.56515
19.875 81.625 0.3505
19.875 81.875 1.629
19.875 82.125 0.50074
19.875 82.375 0.44001
19.875 82.625 0.27272
19.875 82.875 -0.0042019
19.875 83.125 0.12322
19.875 83.375 -0.12438
19.875 83.625 0.40952
19.875 83.875 0.5676
19.875 84.125 0.03324
19.875 84.375 -0.21601
19.875 84.625 -0.05019
19.875 84.875 -0.54798
19.875 85.125 -0.81545
19.875 85.375 -0.92012
19.875 85.625 NaN
19.875 85.875 NaN
19.875 86.125 NaN
20.125 72.875 1.514
20.125 73.125 1.171
20.125 73.375 0.81862
20.125 73.625 2.9849
20.125 73.875 0.75165
20.125 74.125 0.60354
20.125 74.375 2.7155
20.125 74.625 1.6363
20.125 74.875 1.1314
20.125 75.125 0.70676
20.125 75.375 0.43151
20.125 75.625 0.062548
20.125 75.875 0.12902
20.125 76.125 0.89809
20.125 76.375 1.0485
20.125 76.625 1.4712
20.125 76.875 1.3098
20.125 77.125 1.1159
20.125 77.375 1.213
20.125 77.625 1.0245
20.125 77.875 0.73748
20.125 78.125 0.547
20.125 78.375 0.79851
20.125 78.625 1.1004
20.125 78.875 0.99824
20.125 79.125 1.2508
20.125 79.375 0.95719
20.125 79.625 1.475
20.125 79.875 1.4744
20.125 80.125 1.3476
20.125 80.375 0.81327
20.125 80.625 1.5725
20.125 80.875 1.4079
20.125 81.125 0.51609
20.125 81.375 0.58963
20.125 81.625 0.5956
20.125 81.875 1.6445
20.125 82.125 1.4138
20.125 82.375 -0.14322
20.125 82.625 -0.37917
20.125 82.875 -0.60298
20.125 83.125 -0.061505
20.125 83.375 -0.92692
20.125 83.625 -1.0552
20.125 83.875 1.1175
20.125 84.125 1.3505
20.125 84.375 -0.37935
20.125 84.625 0.29676
20.125 84.875 0.18081
20.125 85.125 0.49828
20.125 85.375 -0.058704
20.125 85.625 0.10046
20.125 85.875 -0.62341
20.125 86.125 -0.4421
20.125 86.375 NaN
20.375 73.125 1.4062
20.375 73.375 1.2081
20.375 73.625 0.93553
20.375 73.875 -0.51427
20.375 74.125 -0.29389
20.375 74.375 1.0128
20.375 74.625 0.71579
20.375 74.875 0.76282
20.375 75.125 1.7833
20.375 75.375 1.648
20.375 75.625 0.5079
20.375 75.875 -0.082595
20.375 76.125 0.19016
20.375 76.375 0.20403
20.375 76.625 0.56153
20.375 76.875 0.41721
20.375 77.125 0.79733
20.375 77.375 0.84733
20.375 77.625 0.5823
20.375 77.875 0.062206
20.375 78.125 0.58811
20.375 78.375 0.90169
20.375 78.625 0.95209
20.375 78.875 1.1297
20.375 79.125 1.004
20.375 79.375 1.0561
20.375 79.625 1.3499
20.375 79.875 1.7705
20.375 80.125 1.8207
20.375 80.375 0.86321
20.375 80.625 1.3829
20.375 80.875 1.4791
20.375 81.125 0.98229
20.375 81.375 0.67786
20.375 81.625 0.71401
20.375 81.875 1.0426
20.375 82.125 2.4447
20.375 82.375 1.9386
20.375 82.625 0.34424
20.375 82.875 -0.38008
20.375 83.125 -0.31497
20.375 83.375 -0.33202
20.375 83.625 -0.21464
20.375 83.875 -0.15645
20.375 84.125 -0.19515
20.375 84.375 -0.98405
20.375 84.625 -0.38735
20.375 84.875 -0.5875
20.375 85.125 -0.70679
20.375 85.375 -0.53668
20.375 85.625 0.20802
20.375 85.875 -0.25131
20.375 86.125 0.22369
20.375 86.375 0.049934
20.375 86.625 NaN
20.625 73.125 0.19471
20.625 73.375 1.1743
20.625 73.625 1.4007
20.625 73.875 2.2322
20.625 74.125 0.26951
20.625 74.375 1.0792
20.625 74.625 0.84177
20.625 74.875 0.6183
20.625 75.125 1.8183
20.625 75.375 1.3649
20.625 75.625 0.44046
20.625 75.875 -0.0086143
20.625 76.125 -0.078018
20.625 76.375 0.0027161
20.625 76.625 0.058775
20.625 76.875 0.26856
20.625 77.125 0.44304
20.625 77.375 0.063826
20.625 77.625 0.16681
20.625 77.875 0.77091
20.625 78.125 0.97352
20.625 78.375 1.0952
20.625 78.625 0.96497
20.625 78.875 0.96698
20.625 79.125 0.87642
20.625 79.375 0.73498
20.625 79.625 1.2172
20.625 79.875 1.4446
20.625 80.125 1.8496
20.625 80.375 0.86574
20.625 80.625 0.71746
20.625 80.875 1.3026
20.625 81.125 1.0161
20.625 81.375 0.77836
20.625 81.625 0.6165
20.625 81.875 1.2151
20.625 82.125 3.3538
20.625 82.375 1.7586
20.625 82.625 0.79305
20.625 82.875 0.83081
20.625 83.125 0.45772
20.625 83.375 -0.10158
20.625 83.625 -0.2799
20.625 83.875 -0.45813
20.625 84.125 -0.88595
20.625 84.375 -0.70152
20.625 84.625 0.035154
20.625 84.875 0.09236
20.625 85.125 -0.52122
20.625 85.375 0.75646
20.625 85.625 -0.76375
20.625 85.875 0.18247
20.625 86.125 0.76046
20.625 86.375 0.54759
20.625 86.625 0.53292
20.625 86.875 NaN
20.875 70.625 1.0727
20.875 70.875 0.44063
20.875 71.125 0.19372
20.875 71.375 0.84488
20.875 72.875 0.3863
20.875 73.125 1.3049
20.875 73.375 0.80793
20.875 73.625 1.3038
20.875 73.875 0.93913
20.875 74.125 0.99978
20.875 74.375 1.0063
20.875 74.625 0.68214
20.875 74.875 0.011498
20.875 75.125 0.68735
20.875 75.375 -0.37097
20.875 75.625 -0.37836
20.875 75.875 0.2243
20.875 76.125 0.23129
20.875 76.375 -0.18836
20.875 76.625 0.097925
20.875 76.875 0.56221
20.875 77.125 0.38818
20.875 77.375 0.058084
20.875 77.625 0.53915
20.875 77.875 1.1964
20.875 78.125 1.5342
20.875 78.375 1.2265
20.875 78.625 0.60852
20.875 78.875 0.79622
20.875 79.125 0.60747
20.875 79.375 0.08833
20.875 79.625 0.37994
20.875 79.875 0.4613
20.875 80.125 0.76284
20.875 80.375 0.35655
20.875 80.625 0.7738
20.875 80.875 1.414
20.875 81.125 1.5838
20.875 81.375 0.66825
20.875 81.625 1.2648
20.875 81.875 0.88233
20.875 82.125 1.6026
20.875 82.375 1.7122
20.875 82.625 0.1848
20.875 82.875 0.33334
20.875 83.125 0.71051
20.875 83.375 -0.24973
20.875 83.625 -0.0050576
20.875 83.875 -0.15063
20.875 84.125 -0.52028
20.875 84.375 1.056
20.875 84.625 -0.033318
20.875 84.875 0.42932
20.875 85.125 0.17942
20.875 85.375 1.0392
20.875 85.625 0.77178
20.875 85.875 0.70304
20.875 86.125 0.0044275
20.875 86.375 -0.62597
20.875 86.625 0.0045499
21.125 70.375 0.91521
21.125 70.625 0.31725
21.125 70.875 -0.1294
21.125 71.125 0.13108
21.125 71.375 0.38211
21.125 71.625 NaN
21.125 71.875 NaN
21.125 72.875 -0.33907
21.125 73.125 0.056973
21.125 73.375 2.2072
21.125 73.625 0.29056
21.125 73.875 0.46667
21.125 74.125 0.30068
21.125 74.375 0.10473
21.125 74.625 0.30006
21.125 74.875 0.74176
21.125 75.125 0.19779
21.125 75.375 1.2001
21.125 75.625 0.1307
21.125 75.875 0.17484
21.125 76.125 1.1151
21.125 76.375 1.0698
21.125 76.625 0.029098
21.125 76.875 0.079348
21.125 77.125 -0.24268
21.125 77.375 0.079654
21.125 77.625 0.48229
21.125 77.875 0.73888
21.125 78.125 0.49739
21.125 78.375 0.51177
21.125 78.625 0.1708
21.125 78.875 0.71025
21.125 79.125 0.44256
21.125 79.375 -0.05955
21.125 79.625 -0.0066485
21.125 79.875 0.42774
21.125 80.125 -0.077751
21.125 80.375 -0.12348
21.125 80.625 0.71699
21.125 80.875 0.52899
21.125 81.125 0.13133
21.125 81.375 0.75659
21.125 81.625 1.057
21.125 81.875 0.99822
21.125 82.125 1.5758
21.125 82.375 0.88678
21.125 82.625 0.91479
21.125 82.875 1.0471
21.125 83.125 0.59114
21.125 83.375 0.3185
21.125 83.625 0.642
21.125 83.875 0.42785
21.125 84.125 -0.15529
21.125 84.375 -0.42264
21.125 84.625 0.7309
21.125 84.875 1.1435
21.125 85.125 0.96051
21.125 85.375 1.1017
21.125 85.625 1.6646
21.125 85.875 2.4058
21.125 86.125 -0.096199
21.125 86.375 -0.077225
21.125 86.625 0.27193
21.375 70.125 1.2911
21.375 70.375 0.6975
21.375 70.625 0.59976
21.375 70.875 0.040925
21.375 71.125 -0.18781
21.375 71.375 0.065199
21.375 71.625 0.042579
21.375 71.875 0.14581
21.375 72.875 0.70995
21.375 73.125 1.5398
21.375 73.375 1.7366
21.375 73.625 0.88643
21.375 73.875 0.63015
21.375 74.125 -0.10538
21.375 74.375 -0.045836
21.375 74.625 0.57212
21.375 74.875 1.4566
21.375 75.125 0.9302
21.375 75.375 0.46221
21.375 75.625 0.046303
21.375 75.875 0.085298
21.375 76.125 1.4063
21.375 76.375 0.81085
21.375 76.625 -0.33
21.375 76.875 -0.46359
21.375 77.125 -0.313
21.375 77.375 0.24639
21.375 77.625 0.33905
21.375 77.875 0.18062
21.375 78.125 0.58353
21.375 78.375 1.649
21.375 78.625 1.0429
21.375 78.875 0.53709
21.375 79.125 0.35403
21.375 79.375 -0.17777
21.375 79.625 -0.98171
21.375 79.875 0.47747
21.375 80.125 -0.68485
21.375 80.375 -0.52214
21.375 80.625 0.36589
21.375 80.875 -0.31532
21.375 81.125 -1.2305
21.375 81.375 0.0090345
21.375 81.625 0.57294
21.375 81.875 1.2206
21.375 82.125 1.1851
21.375 82.375 1.4024
21.375 82.625 1.0059
21.375 82.875 1.1897
21.375 83.125 0.95757
21.375 83.375 0.85403
21.375 83.625 0.71729
21.375 83.875 0.63701
21.375 84.125 0.31722
21.375 84.375 0.32665
21.375 84.625 0.48699
21.375 84.875 0.8152
21.375 85.125 1.0961
21.375 85.375 0.99082
21.375 85.625 1.9841
21.375 85.875 1.1678
21.375 86.125 0.78806
21.375 86.375 0.51943
21.375 86.625 0.16998
21.375 86.875 0.21034
21.625 69.875 0.43589
21.625 70.125 0.034121
21.625 70.375 0.54621
21.625 70.625 0.78272
21.625 70.875 0.13941
21.625 71.125 0.10954
21.625 71.375 0.98691
21.625 71.625 0.88989
21.625 71.875 0.41199
21.625 72.125 0.14552
21.625 72.875 0.92565
21.625 73.125 1.0566
21.625 73.375 0.66511
21.625 73.625 0.54245
21.625 73.875 0.4119
21.625 74.125 0.17492
21.625 74.375 -0.073523
21.625 74.625 1.1579
21.625 74.875 1.7186
21.625 75.125 0.48868
21.625 75.375 0.1943
21.625 75.625 -0.15547
21.625 75.875 -0.0067183
21.625 76.125 0.58485
21.625 76.375 -0.030162
21.625 76.625 -0.41289
21.625 76.875 -0.024666
21.625 77.125 0.50111
21.625 77.375 0.5336
21.625 77.625 -0.047351
21.625 77.875 0.37825
21.625 78.125 0.57563
21.625 78.375 1.464
21.625 78.625 0.40907
21.625 78.875 0.11013
21.625 79.125 0.24782
21.625 79.375 0.07707
21.625 79.625 -0.18927
21.625 79.875 -0.081651
21.625 80.125 -0.13
21.625 80.375 0.21701
21.625 80.625 -0.34595
21.625 80.875 -0.5857
21.625 81.125 -1.1504
21.625 81.375 -0.94311
21.625 81.625 0.12978
21.625 81.875 0.964
21.625 82.125 1.2623
21.625 82.375 0.83221
21.625 82.625 1.2658
21.625 82.875 NaN
21.625 83.125 1.3877
21.625 83.375 0.42822
21.625 83.625 0.72925
21.625 83.875 1.117
21.625 84.125 0.76414
21.625 84.375 1.1536
21.625 84.625 1.1465
21.625 84.875 2.0583
21.625 85.125 1.0869
21.625 85.375 1.0961
21.625 85.625 1.0382
21.625 85.875 1.648
21.625 86.125 1.0967
21.625 86.375 1.1887
21.625 86.625 -0.4559
21.625 86.875 -0.17189
21.625 87.125 0.22139
21.625 87.375 NaN
21.875 69.375 NaN
21.875 69.625 0.6879
21.875 69.875 0.48758
21.875 70.125 0.32155
21.875 70.375 0.58472
21.875 70.625 0.67734
21.875 70.875 -0.13878
21.875 71.125 -0.29256
21.875 71.375 0.5353
21.875 71.625 0.6471
21.875 71.875 0.21483
21.875 72.125 0.15131
21.875 72.625 NaN
21.875 72.875 0.28684
21.875 73.125 0.33107
21.875 73.375 0.071625
21.875 73.625 -0.04364
21.875 73.875 0.16238
21.875 74.125 -0.154
21.875 74.375 -0.43659
21.875 74.625 0.3621
21.875 74.875 0.29629
21.875 75.125 0.25634
21.875 75.375 -0.47469
21.875 75.625 -0.16105
21.875 75.875 0.6128
21.875 76.125 0.50494
21.875 76.375 0.074027
21.875 76.625 -0.088188
21.875 76.875 0.38703
21.875 77.125 0.72296
21.875 77.375 0.21579
21.875 77.625 -0.040036
21.875 77.875 -0.17264
21.875 78.125 -0.5031
21.875 78.375 -0.55412
21.875 78.625 0.037919
21.875 78.875 0.39875
21.875 79.125 0.72374
21.875 79.375 0.58914
21.875 79.625 0.36397
21.875 79.875 0.59564
21.875 80.125 0.60259
21.875 80.375 0.62454
21.875 80.625 0.18185
21.875 80.875 -0.20387
21.875 81.125 -0.64241
21.875 81.375 0.0021203
21.875 81.625 0.85831
21.875 81.875 -0.1208
21.875 82.125 1.3187
21.875 82.375 1.001
21.875 82.625 0.19112
21.875 82.875 0.61926
21.875 83.125 0.84165
21.875 83.375 0.38807
21.875 83.625 0.65061
21.875 83.875 1.4909
21.875 84.125 0.64892
21.875 84.375 1.0907
21.875 84.625 1.3419
21.875 84.875 1.4114
21.875 85.125 1.3299
21.875 85.375 1.4026
21.875 85.625 0.35957
21.875 85.875 1.9412
21.875 86.125 1.3037
21.875 86.375 1.2679
21.875 86.625 -0.28924
21.875 86.875 -0.41867
21.875 87.125 0.21988
21.875 87.375 0.56959
21.875 87.625 0.51683
21.875 87.875 0.79326
21.875 88.375 0.73471
21.875 88.625 NaN
21.875 88.875 NaN
22.125 69.125 1.3656
22.125 69.375 0.67694
22.125 69.625 0.32948
22.125 69.875 0.03957
22.125 70.125 0.097309
22.125 70.375 0.15853
22.125 70.625 0.10543
22.125 70.875 0.31917
22.125 71.125 -0.41741
22.125 71.375 0.42394
22.125 71.625 0.4251
22.125 71.875 -0.0079022
22.125 72.125 0.18574
22.125 72.625 NaN
22.125 72.875 -0.030071
22.125 73.125 -0.068043
22.125 73.375 0.51563
22.125 73.625 0.3464
22.125 73.875 0.37302
22.125 74.125 1.2577
22.125 74.375 -0.3626
22.125 74.625 -0.38082
22.125 74.875 0.096159
22.125 75.125 0.20059
22.125 75.375 -0.13298
22.125 75.625 0.92292
22.125 75.875 0.97337
22.125 76.125 0.31376
22.125 76.375 0.18434
22.125 76.625 0.35405
22.125 76.875 0.47238
22.125 77.125 0.61909
22.125 77.375 0.26831
22.125 77.625 -0.20167
22.125 77.875 0.03435
22.125 78.125 -0.2582
22.125 78.375 -0.57186
22.125 78.625 -0.46835
22.125 78.875 -0.12133
22.125 79.125 0.40576
22.125 79.375 0.13832
22.125 79.625 0.77399
22.125 79.875 1.1491
22.125 80.125 1.0074
22.125 80.375 1.3336
22.125 80.625 0.90897
22.125 80.875 -0.18726
22.125 81.125 -0.95194
22.125 81.375 1.5041
22.125 81.625 0.41561
22.125 81.875 0.47174
22.125 82.125 0.48552
22.125 82.375 0.021166
22.125 82.625 -0.074228
22.125 82.875 0.15489
22.125 83.125 -0.041052
22.125 83.375 0.0037723
22.125 83.625 0.77334
22.125 83.875 0.33071
22.125 84.125 0.52184
22.125 84.375 0.28937
22.125 84.625 0.75288
22.125 84.875 1.7525
22.125 85.125 1.3369
22.125 85.375 1.2689
22.125 85.625 0.91533
22.125 85.875 1.2482
22.125 86.125 1.2174
22.125 86.375 1.1941
22.125 86.625 0.70797
22.125 86.875 0.58574
22.125 87.125 0.39857
22.125 87.375 0.11177
22.125 87.625 0.22967
22.125 87.875 0.92425
22.125 88.125 0.99351
22.125 88.375 0.86898
22.125 92.875 NaN
22.375 69.125 1.1442
22.375 69.875 0.1712
22.375 70.125 0.18763
22.375 70.375 -0.28624
22.375 70.625 0.11538
22.375 70.875 0.16727
22.375 71.125 0.31633
22.375 71.375 0.3544
22.375 71.625 -0.1049
22.375 71.875 -0.031884
22.375 72.125 0.16902
22.375 72.625 NaN
22.375 72.875 0.08479
22.375 73.125 0.2493
22.375 73.375 0.13943
22.375 73.625 0.66044
22.375 73.875 0.78791
22.375 74.125 0.58783
22.375 74.375 -0.13973
22.375 74.625 -0.32668
22.375 74.875 0.42663
22.375 75.125 0.45736
22.375 75.375 0.74379
22.375 75.625 0.6205
22.375 75.875 -0.13921
22.375 76.125 0.32774
22.375 76.375 0.65177
22.375 76.625 1.0904
22.375 76.875 0.64047
22.375 77.125 0.60557
22.375 77.375 0.71125
22.375 77.625 0.58914
22.375 77.875 0.70971
22.375 78.125 0.48648
22.375 78.375 0.093518
22.375 78.625 -0.078115
22.375 78.875 0.506
22.375 79.125 0.59338
22.375 79.375 0.94209
22.375 79.625 1.5739
22.375 79.875 0.94267
22.375 80.125 1.0884
22.375 80.375 2.0714
22.375 80.625 0.7022
22.375 80.875 0.10681
22.375 81.125 -0.07559
22.375 81.375 0.75172
22.375 81.625 0.49634
22.375 81.875 0.78186
22.375 82.125 0.17006
22.375 82.375 -0.12215
22.375 82.625 -0.66119
22.375 82.875 -0.6428
22.375 83.125 -0.82787
22.375 83.375 -0.92798
22.375 83.625 -0.83961
22.375 83.875 -0.08288
22.375 84.125 0.012419
22.375 84.375 0.44287
22.375 84.625 0.78857
22.375 84.875 1.2535
22.375 85.125 1.0855
22.375 85.375 1.1351
22.375 85.625 0.65303
22.375 85.875 1.7201
22.375 86.125 3.0668
22.375 86.375 1.023
22.375 86.625 0.86474
22.375 86.875 0.56751
22.375 87.125 0.53114
22.375 87.375 0.11961
22.375 87.625 0.08793
22.375 87.875 1.439
22.375 88.125 -0.57652
22.375 88.375 0.72231
22.375 88.625 0.79573
22.375 88.875 0.74145
22.375 92.875 1.5529
22.625 70.375 0.69952
22.625 70.625 0.83334
22.625 70.875 0.37528
22.625 71.125 0.38397
22.625 71.375 0.29443
22.625 71.625 -0.045399
22.625 71.875 -0.20922
22.625 72.125 -0.17779
22.625 72.375 0.081559
22.625 72.625 1.5953
22.625 72.875 -0.07584
22.625 73.125 -0.28731
22.625 73.375 0.56906
22.625 73.625 -0.19657
22.625 73.875 -0.47453
22.625 74.125 0.13712
22.625 74.375 0.29718
22.625 74.625 0.10519
22.625 74.875 0.30708
22.625 75.125 0.3359
22.625 75.375 1.0074
22.625 75.625 0.73161
22.625 75.875 -0.10157
22.625 76.125 0.26065
22.625 76.375 0.32011
22.625 76.625 0.83649
22.625 76.875 0.76017
22.625 77.125 0.86041
22.625 77.375 1.1202
22.625 77.625 1.1789
22.625 77.875 1.4247
22.625 78.125 1.2774
22.625 78.375 0.92899
22.625 78.625 0.92947
22.625 78.875 0.79631
22.625 79.125 0.92494
22.625 79.375 0.97807
22.625 79.625 1.0273
22.625 79.875 0.6221
22.625 80.125 1.0136
22.625 80.375 0.31476
22.625 80.625 -0.65528
22.625 80.875 -0.54535
22.625 81.125 0.57893
22.625 81.375 0.21114
22.625 81.625 0.79446
22.625 81.875 0.69058
22.625 82.125 0.0059052
22.625 82.375 -0.74415
22.625 82.625 -1.0067
22.625 82.875 -0.85787
22.625 83.125 -0.98651
22.625 83.375 -0.51079
22.625 83.625 0.011684
22.625 83.875 -0.62118
22.625 84.125 -0.11138
22.625 84.375 0.35734
22.625 84.625 0.99031
22.625 84.875 1.6417
22.625 85.125 1.1843
22.625 85.375 0.72029
22.625 85.625 1.3028
22.625 85.875 1.588
22.625 86.125 2.4173
22.625 86.375 0.879
22.625 86.625 0.76801
22.625 86.875 0.73004
22.625 87.125 0.62719
22.625 87.375 0.33599
22.625 87.625 0.51306
22.625 87.875 0.78293
22.625 88.125 0.66414
22.625 88.375 0.96905
22.625 88.625 0.87084
22.625 88.875 0.84456
22.625 92.625 0.093086
22.625 92.875 1.3002
22.875 69.375 NaN
22.875 69.625 NaN
22.875 69.875 NaN
22.875 70.625 1.0215
22.875 70.875 0.46168
22.875 71.125 0.1607
22.875 71.375 -0.30621
22.875 71.625 -0.27945
22.875 71.875 -0.43386
22.875 72.125 -0.096164
22.875 72.375 0.38338
22.875 72.625 1.2915
22.875 72.875 0.032982
22.875 73.125 0.60665
22.875 73.375 0.60694
22.875 73.625 -0.18517
22.875 73.875 -0.073045
22.875 74.125 0.13696
22.875 74.375 -0.38346
22.875 74.625 -0.034973
22.875 74.875 0.53541
22.875 75.125 0.25692
22.875 75.375 -0.031152
22.875 75.625 -0.15557
22.875 75.875 -0.14199
22.875 76.125 -0.26696
22.875 76.375 -0.26197
22.875 76.625 0.054039
22.875 76.875 0.71673
22.875 77.125 0.83596
22.875 77.375 1.7313
22.875 77.625 1.3598
22.875 77.875 1.5041
22.875 78.125 1.9749
22.875 78.375 1.3119
22.875 78.625 1.277
22.875 78.875 1.0897
22.875 79.125 0.55441
22.875 79.375 0.55138
22.875 79.625 -0.20337
22.875 79.875 0.57864
22.875 80.125 0.32776
22.875 80.375 0.41756
22.875 80.625 -0.21844
22.875 80.875 0.20951
22.875 81.125 0.50094
22.875 81.375 0.20374
22.875 81.625 -0.14418
22.875 81.875 0.14151
22.875 82.125 -0.2174
22.875 82.375 -0.065468
22.875 82.625 -0.49654
22.875 82.875 -0.31077
22.875 83.125 -0.96679
22.875 83.375 -0.022167
22.875 83.625 0.56824
22.875 83.875 0.024746
22.875 84.125 -0.1816
22.875 84.375 0.1998
22.875 84.625 1.3497
22.875 84.875 1.4129
22.875 85.125 2.0393
22.875 85.375 1.8355
22.875 85.625 1.3987
22.875 85.875 0.61365
22.875 86.125 0.28236
22.875 86.375 0.63114
22.875 86.625 1.4234
22.875 86.875 1.4537
22.875 87.125 0.9361
22.875 87.375 0.65198
22.875 87.625 0.09434
22.875 87.875 -0.93775
22.875 88.125 0.11975
22.875 88.375 0.55461
22.875 88.625 0.90957
22.875 92.625 0.19547
22.875 92.875 0.93554
23.125 68.875 0.362
23.125 69.125 0.91406
23.125 69.375 1.1694
23.125 69.625 1.3765
23.125 69.875 1.4455
23.125 70.125 1.3039
23.125 70.875 0.41917
23.125 71.125 0.27082
23.125 71.375 -0.19651
23.125 71.625 -0.082828
23.125 71.875 -0.48227
23.125 72.125 -0.23442
23.125 72.375 -0.38271
23.125 72.625 1.1365
23.125 72.875 0.35047
23.125 73.125 0.004152
23.125 73.375 0.71365
23.125 73.625 0.57727
23.125 73.875 0.45998
23.125 74.125 0.052259
23.125 74.375 0.085798
23.125 74.625 1.0318
23.125 74.875 0.65391
23.125 75.125 0.32154
23.125 75.375 0.045413
23.125 75.625 0.062076
23.125 75.875 -0.005977
23.125 76.125 -0.39957
23.125 76.375 -0.51897
23.125 76.625 -0.6141
23.125 76.875 -0.33384
23.125 77.125 0.25811
23.125 77.375 1.044
23.125 77.625 1.0792
23.125 77.875 0.99931
23.125 78.125 1.315
23.125 78.375 1.2519
23.125 78.625 1.1253
23.125 78.875 0.7235
23.125 79.125 0.16563
23.125 79.375 0.57364
23.125 79.625 -0.26367
23.125 79.875 0.12514
23.125 80.125 0.1563
23.125 80.375 0.3031
23.125 80.625 0.86054
23.125 80.875 1.0767
23.125 81.125 0.73223
23.125 81.375 -0.015706
23.125 81.625 -0.069122
23.125 81.875 0.24107
23.125 82.125 0.32339
23.125 82.375 0.54124
23.125 82.625 0.72735
23.125 82.875 -0.26183
23.125 83.125 -0.6264
23.125 83.375 1.8481
23.125 83.625 3.0768
23.125 83.875 1.7401
23.125 84.125 0.49167
23.125 84.375 1.2366
23.125 84.625 1.5804
23.125 84.875 1.4855
23.125 85.125 1.3282
23.125 85.375 2.0753
23.125 85.625 0.89913
23.125 85.875 0.10664
23.125 86.125 0.49691
23.125 86.375 1.2632
23.125 86.625 1.2612
23.125 86.875 1.4211
23.125 87.125 0.98145
23.125 87.375 0.80091
23.125 87.625 0.68459
23.125 87.875 -0.17162
23.125 88.125 -0.51266
23.125 88.375 -0.16267
23.125 88.625 0.34401
23.125 91.625 NaN
23.125 92.625 0.050912
23.125 92.875 0.13653
23.125 93.125 NaN
23.375 68.875 0.65318
23.375 69.125 0.92145
23.375 69.375 1.2355
23.375 69.625 1.4626
23.375 69.875 1.4351
23.375 70.125 1.4677
23.375 70.375 1.65
23.375 70.625 1.5702
23.375 70.875 1.0194
23.375 71.125 0.82118
23.375 71.375 0.14137
23.375 71.625 -0.34306
23.375 71.875 -0.19593
23.375 72.125 -0.26424
23.375 72.375 -0.15405
23.375 72.625 0.11856
23.375 72.875 0.77695
23.375 73.125 0.70864
23.375 73.375 0.34657
23.375 73.625 -0.0024213
23.375 73.875 -0.14086
23.375 74.125 -0.1319
23.375 74.375 0.090529
23.375 74.625 1.5354
23.375 74.875 0.97513
23.375 75.125 0.25932
23.375 75.375 0.3418
23.375 75.625 0.044035
23.375 75.875 -0.17262
23.375 76.125 -0.0613
23.375 76.375 -0.35703
23.375 76.625 -0.41223
23.375 76.875 -0.062364
23.375 77.125 -0.21112
23.375 77.375 0.71014
23.375 77.625 0.16526
23.375 77.875 0.45339
23.375 78.125 0.3414
23.375 78.375 0.61968
23.375 78.625 0.68545
23.375 78.875 0.35728
23.375 79.125 -0.11586
23.375 79.375 0.20617
23.375 79.625 0.47473
23.375 79.875 0.36786
23.375 80.125 -0.0032554
23.375 80.375 0.37487
23.375 80.625 1.0038
23.375 80.875 0.93518
23.375 81.125 0.33802
23.375 81.375 -0.008021
23.375 81.625 0.48808
23.375 81.875 0.62696
23.375 82.125 1.406
23.375 82.375 0.059487
23.375 82.625 0.094287
23.375 82.875 -0.059765
23.375 83.125 1.6329
23.375 83.375 2.6848
23.375 83.625 2.9479
23.375 83.875 1.1838
23.375 84.125 0.98694
23.375 84.375 1.5028
23.375 84.625 1.1253
23.375 84.875 0.54879
23.375 85.125 1.028
23.375 85.375 0.95237
23.375 85.625 0.86602
23.375 85.875 0.17815
23.375 86.125 -0.023807
23.375 86.375 0.63979
23.375 86.625 0.44337
23.375 86.875 0.6095
23.375 87.125 0.87447
23.375 87.375 0.33151
23.375 87.625 0.72912
23.375 87.875 -0.35774
23.375 88.125 -0.5728
23.375 88.375 -0.31694
23.375 88.625 -0.12004
23.375 91.375 -0.42277
23.375 91.625 -0.5307
23.375 92.625 0.0015304
23.375 92.875 -0.15601
23.375 93.125 -0.72977
23.625 68.625 0.66563
23.625 68.875 0.68762
23.625 69.125 0.77207
23.625 69.375 1.0951
23.625 69.625 1.2341
23.625 69.875 1.379
23.625 70.125 1.5295
23.625 70.375 1.6073
23.625 70.625 1.6173
23.625 70.875 1.1073
23.625 71.125 1.0718
23.625 71.375 1.1055
23.625 71.625 -0.14084
23.625 71.875 -0.26549
23.625 72.125 0.090124
23.625 72.375 -0.13063
23.625 72.625 0.50135
23.625 72.875 1.0867
23.625 73.125 0.84759
23.625 73.375 0.56422
23.625 73.625 0.41573
23.625 73.875 0.032866
23.625 74.125 0.41554
23.625 74.375 0.40489
23.625 74.625 0.95021
23.625 74.875 0.6332
23.625 75.125 -0.49136
23.625 75.375 0.014929
23.625 75.625 0.40332
23.625 75.875 0.39976
23.625 76.125 0.35149
23.625 76.375 0.44206
23.625 76.625 1.2114
23.625 76.875 1.1342
23.625 77.125 0.13521
23.625 77.375 0.14114
23.625 77.625 -0.3254
23.625 77.875 0.20742
23.625 78.125 0.38759
23.625 78.375 0.2993
23.625 78.625 0.060824
23.625 78.875 0.069973
23.625 79.125 0.014615
23.625 79.375 0.082706
23.625 79.625 0.22036
23.625 79.875 1.0564
23.625 80.125 0.39217
23.625 80.375 0.48164
23.625 80.625 1.2005
23.625 80.875 1.0597
23.625 81.125 0.018317
23.625 81.375 0.50156
23.625 81.625 0.83335
23.625 81.875 0.98941
23.625 82.125 0.90177
23.625 82.375 0.99248
23.625 82.625 1.3325
23.625 82.875 1.6961
23.625 83.125 2.1623
23.625 83.375 1.5366
23.625 83.625 1.5745
23.625 83.875 0.72239
23.625 84.125 0.71797
23.625 84.375 0.69362
23.625 84.625 0.394
23.625 84.875 0.2955
23.625 85.125 0.48668
23.625 85.375 0.90046
23.625 85.625 0.82162
23.625 85.875 2.472
23.625 86.125 -1.0268
23.625 86.375 0.60896
23.625 86.625 0.47526
23.625 86.875 0.25695
23.625 87.125 0.033494
23.625 87.375 0.573
23.625 87.625 0.16825
23.625 87.875 -0.23246
23.625 88.125 -0.42342
23.625 88.375 -0.43632
23.625 91.375 -0.3675
23.625 91.625 -0.51201
23.625 91.875 NaN
23.625 92.375 -0.32299
23.625 92.625 -0.11684
23.625 92.875 -0.4685
23.625 93.125 -0.72306
23.875 68.875 0.56992
23.875 69.125 0.61927
23.875 69.375 0.93155
23.875 69.625 1.2304
23.875 69.875 1.4682
23.875 70.125 1.4151
23.875 70.375 1.3758
23.875 70.625 1.3228
23.875 70.875 1.1033
23.875 71.125 1.3026
23.875 71.375 1.8167
23.875 71.625 0.8102
23.875 71.875 0.4409
23.875 72.125 0.73657
23.875 72.375 0.62641
23.875 72.625 0.86407
23.875 72.875 1.7849
23.875 73.125 1.5668
23.875 73.375 1.9625
23.875 73.625 0.32423
23.875 73.875 0.84314
23.875 74.125 0.49
23.875 74.375 0.71333
23.875 74.625 0.73369
23.875 74.875 0.060888
23.875 75.125 0.10775
23.875 75.375 -0.067653
23.875 75.625 0.13134
23.875 75.875 0.17339
23.875 76.125 1.006
23.875 76.375 0.96474
23.875 76.625 1.869
23.875 76.875 1.3354
23.875 77.125 0.25324
23.875 77.375 0.25912
23.875 77.625 0.1223
23.875 77.875 0.40835
23.875 78.125 0.24835
23.875 78.375 -0.053858
23.875 78.625 0.027311
23.875 78.875 0.26355
23.875 79.125 0.16197
23.875 79.375 0.20926
23.875 79.625 0.32449
23.875 79.875 0.42954
23.875 80.125 0.21944
23.875 80.375 -0.14467
23.875 80.625 0.72543
23.875 80.875 0.12939
23.875 81.125 -0.067877
23.875 81.375 0.64242
23.875 81.625 0.71299
23.875 81.875 1.0082
23.875 82.125 1.1921
23.875 82.375 1.3713
23.875 82.625 1.5242
23.875 82.875 1.2584
23.875 83.125 1.479
23.875 83.375 0.31652
23.875 83.625 0.60041
23.875 83.875 1.0435
23.875 84.125 1.418
23.875 84.375 0.83089
23.875 84.625 0.7289
23.875 84.875 -0.07453
23.875 85.125 -0.4921
23.875 85.375 0.31696
23.875 85.625 0.32387
23.875 85.875 0.85771
23.875 86.125 0.47248
23.875 86.375 1.4683
23.875 86.625 0.82678
23.875 86.875 0.76873
23.875 87.125 -0.033213
23.875 87.375 0.086497
23.875 87.625 0.13843
23.875 87.875 -0.133
23.875 88.125 -0.14878
23.875 88.375 -0.44959
23.875 91.375 -0.71394
23.875 91.625 -0.79841
23.875 91.875 0.44639
23.875 92.125 0.38913
23.875 92.375 -0.045797
23.875 92.625 -0.050224
23.875 92.875 -1.098
23.875 93.125 -0.9775
23.875 93.375 -0.80396
24.125 68.875 0.61495
24.125 69.125 0.60726
24.125 69.375 0.90178
24.125 69.625 1.2991
24.125 69.875 1.3917
24.125 70.125 1.4465
24.125 70.375 1.4962
24.125 70.625 1.3099
24.125 70.875 1.2439
24.125 71.125 1.3381
24.125 71.375 1.4908
24.125 71.625 0.68709
24.125 71.875 0.64023
24.125 72.125 0.91458
24.125 72.375 0.75494
24.125 72.625 1.1141
24.125 72.875 0.98119
24.125 73.125 1.1499
24.125 73.375 0.69527
24.125 73.625 0.49851
24.125 73.875 0.84033
24.125 74.125 0.8966
24.125 74.375 0.81971
24.125 74.625 -0.017087
24.125 74.875 -0.40694
24.125 75.125 -0.58739
24.125 75.375 -0.24524
24.125 75.625 -0.14703
24.125 75.875 0.074523
24.125 76.125 0.67817
24.125 76.375 0.87283
24.125 76.625 1.1814
24.125 76.875 1.6902
24.125 77.125 1.1007
24.125 77.375 0.6119
24.125 77.625 0.54854
24.125 77.875 0.12194
24.125 78.125 -0.18609
24.125 78.375 0.014142
24.125 78.625 0.081636
24.125 78.875 -0.12039
24.125 79.125 -0.031602
24.125 79.375 0.13554
24.125 79.625 -0.64385
24.125 79.875 0.19031
24.125 80.125 -0.53168
24.125 80.375 -0.27202
24.125 80.625 0.51676
24.125 80.875 0.40318
24.125 81.125 0.073765
24.125 81.375 0.7256
24.125 81.625 0.83438
24.125 81.875 0.53209
24.125 82.125 1.1215
24.125 82.375 1.2779
24.125 82.625 0.99009
24.125 82.875 0.47829
24.125 83.125 0.98238
24.125 83.375 -0.40196
24.125 83.625 -0.29552
24.125 83.875 0.54192
24.125 84.125 1.0009
24.125 84.375 0.72935
24.125 84.625 0.67705
24.125 84.875 -0.10145
24.125 85.125 -0.69704
24.125 85.375 0.011758
24.125 85.625 -0.11089
24.125 85.875 0.65447
24.125 86.125 0.092502
24.125 86.375 -0.70742
24.125 86.625 -0.18964
24.125 86.875 -0.033969
24.125 87.125 -0.50274
24.125 87.375 -0.48939
24.125 87.625 -0.64275
24.125 87.875 -0.45468
24.125 88.125 -0.27757
24.125 88.375 -0.3285
24.125 91.875 0.28096
24.125 92.125 0.31309
24.125 92.375 -0.51564
24.125 92.625 -0.23732
24.125 92.875 -0.9327
24.125 93.125 -1.0734
24.125 93.375 -0.45468
24.125 93.625 -0.33512
24.125 93.875 -0.26162
24.125 94.125 NaN
24.375 71.375 1.318
24.375 71.625 0.9101
24.375 71.875 0.79994
24.375 72.125 0.75208
24.375 72.375 0.11859
24.375 72.625 0.70404
24.375 72.875 0.65355
24.375 73.125 0.88208
24.375 73.375 1.437
24.375 73.625 1.4901
24.375 73.875 0.94834
24.375 74.125 0.21132
24.375 74.375 0.95982
24.375 74.625 0.74177
24.375 74.875 0.44034
24.375 75.125 0.0095113
24.375 75.375 0.79398
24.375 75.625 1.4732
24.375 75.875 1.35
24.375 76.125 0.8781
24.375 76.375 1.146
24.375 76.625 1.6065
24.375 76.875 1.6219
24.375 77.125 1.3503
24.375 77.375 1.2967
24.375 77.625 1.338
24.375 77.875 1.2188
24.375 78.125 0.61364
24.375 78.375 1.0411
24.375 78.625 0.15472
24.375 78.875 0.34001
24.375 79.125 0.47856
24.375 79.375 0.22149
24.375 79.625 -0.074992
24.375 79.875 -0.073435
24.375 80.125 -0.50006
24.375 80.375 0.26546
24.375 80.625 0.60219
24.375 80.875 0.66285
24.375 81.125 0.33424
24.375 81.375 0.61031
24.375 81.625 0.89874
24.375 81.875 1.7428
24.375 82.125 1.3072
24.375 82.375 1.1061
24.375 82.625 1.0548
24.375 82.875 1.1833
24.375 83.125 0.73689
24.375 83.375 0.35574
24.375 83.625 0.12591
24.375 83.875 -0.097884
24.375 84.125 -0.070725
24.375 84.375 0.7229
24.375 84.625 0.551
24.375 84.875 0.10733
24.375 85.125 0.40566
24.375 85.375 0.42562
24.375 85.625 0.30599
24.375 85.875 -0.41789
24.375 86.125 -0.42667
24.375 86.375 -0.33162
24.375 86.625 -0.37904
24.375 86.875 -0.66074
24.375 87.125 -1.0002
24.375 87.375 -0.40043
24.375 87.625 -1.1479
24.375 87.875 -0.88435
24.375 88.125 -0.70196
24.375 92.375 -1.2801
24.375 92.625 -0.60522
24.375 92.875 -0.86619
24.375 93.125 -1.0196
24.375 93.375 -0.54618
24.375 93.625 -0.41801
24.375 93.875 -0.21015
24.375 94.125 0.064789
24.625 71.125 0.49168
24.625 71.375 1.0707
24.625 71.625 1.2455
24.625 71.875 1.0821
24.625 72.125 0.78319
24.625 72.375 0.61392
24.625 72.625 0.80973
24.625 72.875 0.91747
24.625 73.125 1.2615
24.625 73.375 1.5314
24.625 73.625 2.2497
24.625 73.875 1.7941
24.625 74.125 0.43002
24.625 74.375 0.71299
24.625 74.625 1.1074
24.625 74.875 0.85374
24.625 75.125 1.1172
24.625 75.375 1.6111
24.625 75.625 1.3497
24.625 75.875 1.0915
24.625 76.125 1.7276
24.625 76.375 2.1058
24.625 76.625 1.6889
24.625 76.875 1.4677
24.625 77.125 1.3717
24.625 77.375 1.4922
24.625 77.625 1.4063
24.625 77.875 1.7283
24.625 78.125 0.75392
24.625 78.375 1.0419
24.625 78.625 0.42278
24.625 78.875 0.63629
24.625 79.125 0.7308
24.625 79.375 0.71271
24.625 79.625 0.52867
24.625 79.875 0.36205
24.625 80.125 0.48976
24.625 80.375 0.5476
24.625 80.625 0.67604
24.625 80.875 -0.23017
24.625 81.125 -0.6351
24.625 81.375 1.066
24.625 81.625 1.4432
24.625 81.875 1.6602
24.625 82.125 -0.11309
24.625 82.375 0.11651
24.625 82.625 0.98712
24.625 82.875 1.1914
24.625 83.125 0.18487
24.625 83.375 -0.16129
24.625 83.625 0.62406
24.625 83.875 0.11553
24.625 84.125 0.50505
24.625 84.375 0.60155
24.625 84.625 0.03047
24.625 84.875 -0.30842
24.625 85.125 -0.24948
24.625 85.375 -0.058831
24.625 85.625 -0.41298
24.625 85.875 -0.99763
24.625 86.125 -0.53576
24.625 86.375 -0.54024
24.625 86.625 -0.29427
24.625 86.875 -0.93532
24.625 87.125 -1.1028
24.625 87.375 -0.75811
24.625 87.625 -0.9282
24.625 87.875 -0.87392
24.625 92.375 -0.6357
24.625 92.625 -0.90978
24.625 92.875 -0.78701
24.625 93.125 -0.047596
24.625 93.375 0.1655
24.625 93.625 -0.22353
24.625 93.875 0.24971
24.625 94.125 0.29573
24.625 94.375 NaN
24.875 71.125 0.26081
24.875 71.375 0.29457
24.875 71.625 0.60268
24.875 71.875 0.36923
24.875 72.125 0.2324
24.875 72.375 0.62813
24.875 72.625 0.52261
24.875 72.875 0.483
24.875 73.125 0.55856
24.875 73.375 1.2897
24.875 73.625 1.5389
24.875 73.875 1.0345
24.875 74.125 0.82646
24.875 74.375 0.55272
24.875 74.625 0.97194
24.875 74.875 0.88116
24.875 75.125 1.7236
24.875 75.375 1.3042
24.875 75.625 0.59717
24.875 75.875 1.4719
24.875 76.125 1.8434
24.875 76.375 2.7806
24.875 76.625 2.6709
24.875 76.875 1.9155
24.875 77.125 1.7548
24.875 77.375 1.8119
24.875 77.625 1.4219
24.875 77.875 0.87987
24.875 78.125 1.0572
24.875 78.375 1.3094
24.875 78.625 0.49996
24.875 78.875 2.3235
24.875 79.125 1.439
24.875 79.375 1.0096
24.875 79.625 0.96945
24.875 79.875 0.6349
24.875 80.125 0.28888
24.875 80.375 0.74496
24.875 80.625 0.82457
24.875 80.875 -0.1401
24.875 81.125 -1.0163
24.875 81.375 -0.59348
24.875 81.625 0.25398
24.875 81.875 0.0221
24.875 82.125 -0.28126
24.875 82.375 -0.45186
24.875 82.625 1.1583
24.875 82.875 -0.1586
24.875 83.125 -0.57919
24.875 83.375 -0.71148
24.875 83.625 0.20179
24.875 83.875 -0.075927
24.875 84.125 0.034489
24.875 84.375 -1.1715
24.875 84.625 -0.70438
24.875 84.875 0.061348
24.875 85.125 0.15288
24.875 85.375 -0.45771
24.875 85.625 -0.5192
24.875 85.875 -0.098715
24.875 86.125 -1.0253
24.875 86.375 -0.62752
24.875 86.625 -0.71728
24.875 86.875 -1.1763
24.875 87.125 -1.2467
24.875 87.375 -0.5152
24.875 87.625 -0.65671
24.875 87.875 -0.45805
24.875 88.125 0.17097
24.875 92.625 -0.57099
24.875 92.875 -0.18487
24.875 93.125 0.64491
24.875 93.375 0.055306
24.875 93.625 0.38592
24.875 93.875 0.4734
24.875 94.125 0.30148
24.875 94.375 0.22305
25.125 71.125 0.52784
25.125 71.375 0.42685
25.125 71.625 0.35116
25.125 71.875 0.75589
25.125 72.125 0.81872
25.125 72.375 2.0724
25.125 72.625 1.6233
25.125 72.875 0.62888
25.125 73.125 0.84836
25.125 73.375 1.5812
25.125 73.625 1.5642
25.125 73.875 0.59762
25.125 74.125 0.60947
25.125 74.375 0.97388
25.125 74.625 1.7041
25.125 74.875 1.8014
25.125 75.125 3.0097
25.125 75.375 1.1859
25.125 75.625 1.7334
25.125 75.875 1.4263
25.125 76.125 2.2408
25.125 76.375 2.7273
25.125 76.625 2.3893
25.125 76.875 1.9262
25.125 77.125 1.751
25.125 77.375 1.5716
25.125 77.625 1.479
25.125 77.875 1.3748
25.125 78.125 1.3648
25.125 78.375 0.85682
25.125 78.625 0.43601
25.125 78.875 0.34248
25.125 79.125 0.95009
25.125 79.375 0.70957
25.125 79.625 0.54061
25.125 79.875 1.4241
25.125 80.125 0.29541
25.125 80.375 1.0211
25.125 80.625 0.78329
25.125 80.875 0.073729
25.125 81.125 -0.9868
25.125 81.375 -0.42732
25.125 81.625 -1.2009
25.125 81.875 -0.62311
25.125 82.125 0.278
25.125 82.375 1.204
25.125 82.625 1.0092
25.125 82.875 -0.1338
25.125 83.125 -0.67203
25.125 83.375 -0.76617
25.125 83.625 -0.31215
25.125 83.875 -0.11401
25.125 84.125 -0.012206
25.125 84.375 -0.66473
25.125 84.625 -0.096896
25.125 84.875 -0.41281
25.125 85.125 0.35431
25.125 85.375 0.64706
25.125 85.625 -0.60911
25.125 85.875 0.051609
25.125 86.125 -0.2429
25.125 86.375 -0.051456
25.125 86.625 -0.7807
25.125 86.875 -1.4982
25.125 87.125 -1.188
25.125 87.375 -0.63702
25.125 87.625 -0.54712
25.125 87.875 -0.66426
25.125 88.125 -0.035167
25.125 88.375 -0.076862
25.125 92.375 -1.1591
25.125 92.625 -1.0489
25.125 92.875 0.069794
25.125 93.125 0.57762
25.125 93.375 0.30399
25.125 93.625 0.20124
25.125 93.875 0.14565
25.125 94.125 0.17173
25.125 94.375 0.18159
25.375 70.875 -0.096241
25.375 71.125 0.10349
25.375 71.375 0.38719
25.375 71.625 1.0016
25.375 71.875 1.0963
25.375 72.125 1.3303
25.375 72.375 2.0836
25.375 72.625 1.7718
25.375 72.875 1.4503
25.375 73.125 1.7457
25.375 73.375 2.0097
25.375 73.625 1.7664
25.375 73.875 0.81649
25.375 74.125 0.94538
25.375 74.375 1.2079
25.375 74.625 1.7855
25.375 74.875 2.1595
25.375 75.125 2.1466
25.375 75.375 1.9858
25.375 75.625 2.4125
25.375 75.875 2.1073
25.375 76.125 2.9841
25.375 76.375 3.2801
25.375 76.625 2.2694
25.375 76.875 1.6089
25.375 77.125 1.5841
25.375 77.375 1.8068
25.375 77.625 2.03
25.375 77.875 1.7793
25.375 78.125 1.2087
25.375 78.375 1.0974
25.375 78.625 -0.63014
25.375 78.875 -0.78162
25.375 79.125 -0.28777
25.375 79.375 0.77015
25.375 79.625 0.7542
25.375 79.875 1.2849
25.375 80.125 0.9528
25.375 80.375 0.46446
25.375 80.625 0.42536
25.375 80.875 -0.76399
25.375 81.125 -0.69975
25.375 81.375 -0.12584
25.375 81.625 -0.39442
25.375 81.875 -1.4694
25.375 82.125 -0.89645
25.375 82.375 -0.46533
25.375 82.625 -0.21415
25.375 82.875 -0.3397
25.375 83.125 -0.74944
25.375 83.375 -0.16667
25.375 83.625 0.083854
25.375 83.875 0.1324
25.375 84.125 0.19373
25.375 84.375 0.12995
25.375 84.625 -0.15075
25.375 84.875 0.19777
25.375 85.125 -0.21543
25.375 85.375 0.28106
25.375 85.625 0.51664
25.375 85.875 0.90528
25.375 86.125 1.5951
25.375 86.375 0.68864
25.375 86.625 -0.37564
25.375 86.875 -1.0457
25.375 87.125 -0.96152
25.375 87.375 -0.91785
25.375 87.625 -0.6955
25.375 87.875 -0.97545
25.375 88.125 -0.33305
25.375 88.375 -0.25929
25.375 88.625 -0.59858
25.375 90.125 0.48547
25.375 90.375 0.010383
25.375 90.625 -0.16141
25.375 90.875 -0.17409
25.375 91.125 0.086571
25.375 91.375 0.20857
25.375 91.625 -0.31727
25.375 91.875 -0.43729
25.375 92.125 -0.98283
25.375 92.375 -1.4171
25.375 92.625 -0.92546
25.375 92.875 0.25975
25.375 93.125 0.20976
25.375 93.375 0.023826
25.375 93.625 0.75462
25.375 93.875 0.25208
25.375 94.125 0.45416
25.375 94.375 0.74977
25.625 70.875 -0.12129
25.625 71.125 0.31282
25.625 71.375 0.4228
25.625 71.625 0.77429
25.625 71.875 1.3339
25.625 72.125 1.057
25.625 72.375 1.283
25.625 72.625 0.65311
25.625 72.875 0.98779
25.625 73.125 2.037
25.625 73.375 1.9489
25.625 73.625 1.4732
25.625 73.875 1.5321
25.625 74.125 1.1512
25.625 74.375 1.9908
25.625 74.625 2.1067
25.625 74.875 2.7774
25.625 75.125 2.0972
25.625 75.375 3.1983
25.625 75.625 3.9987
25.625 75.875 3.2882
25.625 76.125 2.9727
25.625 76.375 2.9916
25.625 76.625 2.1746
25.625 76.875 1.2605
25.625 77.125 1.3633
25.625 77.375 1.8931
25.625 77.625 1.8686
25.625 77.875 1.2445
25.625 78.125 0.69032
25.625 78.375 -0.18525
25.625 78.625 -0.53786
25.625 78.875 -0.78894
25.625 79.125 0.27746
25.625 79.375 0.98286
25.625 79.625 1.3792
25.625 79.875 1.173
25.625 80.125 1.1735
25.625 80.375 0.087056
25.625 80.625 -0.96647
25.625 80.875 -1.1777
25.625 81.125 -0.60367
25.625 81.375 -0.71146
25.625 81.625 -0.6578
25.625 81.875 -0.0026277
25.625 82.125 -0.83024
25.625 82.375 0.48714
25.625 82.625 -0.5271
25.625 82.875 -1.248
25.625 83.125 -0.78633
25.625 83.375 -0.87206
25.625 83.625 1.0028
25.625 83.875 0.58766
25.625 84.125 -0.5259
25.625 84.375 -0.57951
25.625 84.625 0.47667
25.625 84.875 0.19403
25.625 85.125 -0.55878
25.625 85.375 -0.52652
25.625 85.625 0.51316
25.625 85.875 0.038089
25.625 86.125 -0.6211
25.625 86.375 -0.46239
25.625 86.625 -1.3059
25.625 86.875 -0.83569
25.625 87.125 -0.79487
25.625 87.375 -1.3891
25.625 87.625 -1.4269
25.625 87.875 -1.3067
25.625 88.125 -1.1424
25.625 90.125 0.46739
25.625 90.375 0.24608
25.625 90.625 -0.14554
25.625 90.875 -0.066599
25.625 91.125 0.76716
25.625 91.375 0.6101
25.625 91.625 0.031241
25.625 91.875 -0.37681
25.625 92.125 -1.1567
25.625 92.375 -1.091
25.625 92.625 -0.82755
25.625 92.875 -0.38563
25.625 93.125 -0.6607
25.625 93.375 -0.19044
25.625 93.625 0.6511
25.625 93.875 1.049
25.625 94.125 1.6435
25.625 94.375 1.6915
25.625 94.625 NaN
25.625 94.875 NaN
25.875 70.375 0.0533
25.875 70.625 0.01142
25.875 70.875 0.15237
25.875 71.125 0.2855
25.875 71.375 0.32084
25.875 71.625 0.41013
25.875 71.875 1.3445
25.875 72.125 1.4295
25.875 72.375 1.4172
25.875 72.625 0.62598
25.875 72.875 0.61209
25.875 73.125 1.8279
25.875 73.375 2.4948
25.875 73.625 2.1221
25.875 73.875 1.7687
25.875 74.125 1.3052
25.875 74.375 2.2626
25.875 74.625 3.6533
25.875 74.875 2.442
25.875 75.125 2.3318
25.875 75.375 2.43
25.875 75.625 2.8694
25.875 75.875 3.087
25.875 76.125 2.6891
25.875 76.375 2.2911
25.875 76.625 1.37
25.875 76.875 0.80605
25.875 77.125 0.8589
25.875 77.375 1.0355
25.875 77.625 0.94837
25.875 77.875 0.67928
25.875 78.125 0.8714
25.875 78.375 0.26276
25.875 78.625 -0.014757
25.875 78.875 -0.34658
25.875 79.125 0.25882
25.875 79.375 -0.033399
25.875 79.625 -0.010975
25.875 79.875 0.57051
25.875 80.125 0.20275
25.875 80.375 -0.41447
25.875 80.625 -0.6187
25.875 80.875 -0.92132
25.875 81.125 -0.7944
25.875 81.375 -0.12919
25.875 81.625 -0.13269
25.875 81.875 0.06231
25.875 82.125 -1.0477
25.875 82.375 -0.91781
25.875 82.625 -1.2294
25.875 82.875 -0.67771
25.875 83.125 -1.1262
25.875 83.375 -1.3308
25.875 83.625 -0.12966
25.875 83.875 -0.5817
25.875 84.125 1.1633
25.875 84.375 -0.51742
25.875 84.625 -0.5872
25.875 84.875 -0.24619
25.875 85.125 -0.3056
25.875 85.375 -0.32079
25.875 85.625 0.18438
25.875 85.875 -0.48829
25.875 86.125 -0.34414
25.875 86.375 0.23421
25.875 86.625 -0.49612
25.875 86.875 -0.50502
25.875 87.125 -1.1679
25.875 87.375 -1.716
25.875 87.625 -1.6467
25.875 87.875 -1.1017
25.875 90.125 -0.89856
25.875 90.375 -0.82872
25.875 90.625 -0.61124
25.875 90.875 -0.18337
25.875 91.125 -0.30316
25.875 91.375 -0.5315
25.875 91.625 -0.4389
25.875 91.875 -1.1413
25.875 92.125 -1.0633
25.875 92.375 -1.1669
25.875 92.625 -0.84769
25.875 92.875 -0.76471
25.875 93.125 -2.1601
25.875 93.375 -1.9105
25.875 93.625 0.078247
25.875 93.875 1.6192
25.875 94.125 1.8337
25.875 94.375 1.9522
25.875 94.625 1.5213
25.875 94.875 1.1814
26.125 70.375 0.083481
26.125 70.625 0.056265
26.125 70.875 0.12446
26.125 71.125 0.0026646
26.125 71.375 0.23115
26.125 71.625 1.0531
26.125 71.875 1.5252
26.125 72.125 1.5449
26.125 72.375 1.5102
26.125 72.625 0.87042
26.125 72.875 0.67326
26.125 73.125 1.0914
26.125 73.375 1.5239
26.125 73.625 1.2682
26.125 73.875 1.5982
26.125 74.125 2.2922
26.125 74.375 3.3227
26.125 74.625 3.9322
26.125 74.875 3.921
26.125 75.125 2.7919
26.125 75.375 2.8081
26.125 75.625 2.7218
26.125 75.875 2.8378
26.125 76.125 2.7371
26.125 76.375 1.6986
26.125 76.625 1.2459
26.125 76.875 1.3567
26.125 77.125 0.54698
26.125 77.375 1.0378
26.125 77.625 1.209
26.125 77.875 1.8745
26.125 78.125 1.0776
26.125 78.375 1.0065
26.125 78.625 0.7204
26.125 78.875 0.28106
26.125 79.125 0.17736
26.125 79.375 0.26577
26.125 79.625 -0.74172
26.125 79.875 -0.60487
26.125 80.125 0.33567
26.125 80.375 0.047447
26.125 80.625 -0.84172
26.125 80.875 0.65988
26.125 81.125 -0.11306
26.125 81.375 -1.0156
26.125 81.625 -0.55005
26.125 81.875 -0.65633
26.125 82.125 -1.0098
26.125 82.375 -1.082
26.125 82.625 -1.1258
26.125 82.875 -0.86269
26.125 83.125 -1.1309
26.125 83.375 -1.4061
26.125 83.625 -1.2553
26.125 83.875 0.038219
26.125 84.125 1.1551
26.125 84.375 -0.1941
26.125 84.625 -0.52078
26.125 84.875 -0.79557
26.125 85.125 -0.95066
26.125 85.375 -0.84763
26.125 85.625 -0.31604
26.125 85.875 1.9762
26.125 86.125 0.047115
26.125 86.375 -0.4272
26.125 86.625 -0.21039
26.125 86.875 -0.13139
26.125 87.125 -0.91728
26.125 87.375 -0.97245
26.125 87.625 -0.45508
26.125 87.875 -0.5081
26.125 88.125 -0.34484
26.125 89.375 -0.71382
26.125 89.875 -0.96156
26.125 90.125 -1.0461
26.125 90.375 -1.1161
26.125 90.625 -0.96166
26.125 90.875 -0.90156
26.125 91.125 -1.6799
26.125 91.375 -1.5438
26.125 91.625 -1.7621
26.125 91.875 -1.3888
26.125 92.125 -1.0688
26.125 92.375 -0.86024
26.125 92.625 -0.4335
26.125 92.875 -0.96606
26.125 93.125 -2.0482
26.125 93.375 -1.2478
26.125 93.625 -0.13585
26.125 93.875 2.5385
26.125 94.125 2.4299
26.125 94.375 1.553
26.125 94.625 1.1463
26.125 94.875 0.81547
26.375 70.375 -0.16479
26.375 70.625 -0.1058
26.375 70.875 -0.046801
26.375 71.125 -0.036534
26.375 71.375 0.6424
26.375 71.625 1.8014
26.375 71.875 1.8316
26.375 72.125 1.6827
26.375 72.375 1.5238
26.375 72.625 1.0275
26.375 72.875 0.90316
26.375 73.125 1.1854
26.375 73.375 1.216
26.375 73.625 1.8993
26.375 73.875 2.3623
26.375 74.125 2.4576
26.375 74.375 2.3206
26.375 74.625 0.55511
26.375 74.875 2.2969
26.375 75.125 2.3454
26.375 75.375 2.2696
26.375 75.625 2.3693
26.375 75.875 2.5427
26.375 76.125 1.9054
26.375 76.375 0.81489
26.375 76.625 1.7717
26.375 76.875 2.2561
26.375 77.125 3.0813
26.375 77.375 1.8796
26.375 77.625 1.6336
26.375 77.875 0.78006
26.375 78.125 0.43031
26.375 78.375 -0.1391
26.375 78.625 0.85971
26.375 78.875 0.38839
26.375 79.125 0.48396
26.375 79.375 -0.98942
26.375 79.625 -1.1196
26.375 79.875 0.17715
26.375 80.125 0.68082
26.375 80.375 -0.63618
26.375 80.625 -0.8738
26.375 80.875 -0.22175
26.375 81.125 -0.65303
26.375 81.375 -1.3606
26.375 81.625 -1.2397
26.375 81.875 -1.0301
26.375 82.125 -1.0111
26.375 82.375 -0.94311
26.375 82.625 -1.1308
26.375 82.875 -0.55968
26.375 83.125 -0.90169
26.375 83.375 -1.5594
26.375 83.625 -0.43768
26.375 83.875 0.078748
26.375 84.125 0.042241
26.375 84.375 0.049825
26.375 84.625 -0.49882
26.375 84.875 0.74556
26.375 85.125 -0.2559
26.375 85.375 -0.49815
26.375 85.625 -0.16344
26.375 85.875 0.40229
26.375 86.125 -0.35886
26.375 86.375 -1.574
26.375 86.625 -1.6638
26.375 86.875 -0.63097
26.375 87.125 -1.2828
26.375 87.625 -1.555
26.375 87.875 -0.89421
26.375 88.125 -0.12092
26.375 88.375 -0.30803
26.375 88.875 0.0013357
26.375 89.375 0.1431
26.375 89.625 -0.46664
26.375 89.875 -1.074
26.375 90.125 -1.0754
26.375 90.375 -1.0357
26.375 90.625 -1.6904
26.375 90.875 -1.4632
26.375 91.125 -2.3977
26.375 91.375 -1.8645
26.375 91.625 -1.1553
26.375 91.875 -0.767
26.375 92.125 -0.5659
26.375 92.375 -0.037842
26.375 92.625 -0.18697
26.375 92.875 -0.5332
26.375 93.125 -0.64867
26.375 93.375 -0.36535
26.375 93.625 -0.028606
26.375 93.875 1.6931
26.375 94.125 1.7611
26.375 94.375 0.74131
26.375 94.625 0.38445
26.375 94.875 0.16642
26.625 69.875 -0.19369
26.625 70.125 -0.24202
26.625 70.375 -0.33963
26.625 70.625 -0.15145
26.625 70.875 -0.054907
26.625 71.125 -0.070283
26.625 71.375 1.3065
26.625 71.625 1.9489
26.625 71.875 1.8245
26.625 72.125 1.2739
26.625 72.375 1.1045
26.625 72.625 1.1516
26.625 72.875 1.5118
26.625 73.125 2.114
26.625 73.375 1.518
26.625 73.625 2.2367
26.625 73.875 2.5731
26.625 74.125 2.4451
26.625 74.375 2.5647
26.625 74.625 1.8532
26.625 74.875 2.6856
26.625 75.125 1.9658
26.625 75.375 2.6078
26.625 75.625 2.5484
26.625 75.875 1.6272
26.625 76.125 2.9826
26.625 76.375 2.196
26.625 76.625 1.4928
26.625 76.875 1.234
26.625 77.125 1.7794
26.625 77.375 2.1938
26.625 77.625 2.3997
26.625 77.875 0.39697
26.625 78.125 0.54273
26.625 78.375 0.33351
26.625 78.625 0.67769
26.625 78.875 -0.43307
26.625 79.125 -1.0449
26.625 79.375 -0.47411
26.625 79.625 -0.37433
26.625 79.875 -0.40738
26.625 80.125 -0.59373
26.625 80.375 -0.18421
26.625 80.625 -0.6528
26.625 80.875 -0.15954
26.625 81.125 -0.003062
26.625 81.375 -0.29957
26.625 81.625 -1.0283
26.625 81.875 -0.052348
26.625 82.125 0.043195
26.625 82.375 -0.78474
26.625 82.625 -1.7304
26.625 82.875 -0.79331
26.625 83.125 -0.64663
26.625 83.375 -1.0759
26.625 83.625 -1.0421
26.625 83.875 -0.93991
26.625 84.125 0.79232
26.625 84.375 -0.33474
26.625 84.625 -0.84907
26.625 84.875 -0.068763
26.625 85.125 -0.34209
26.625 85.375 -0.69936
26.625 85.625 -0.17118
26.625 86.125 -0.66483
26.625 88.375 0.54408
26.625 88.625 0.26794
26.625 88.875 -0.39268
26.625 89.125 -0.23311
26.625 89.375 0.020587
26.625 89.625 -0.16316
26.625 89.875 -1.2609
26.625 90.125 -1.429
26.625 90.375 -1.1073
26.625 90.625 -1.8557
26.625 90.875 -1.6775
26.625 91.125 -1.9136
26.625 91.375 -1.146
26.625 91.625 -0.94633
26.625 91.875 -0.57671
26.625 92.125 -0.57215
26.625 92.375 -0.45145
26.625 92.625 -0.53357
26.625 92.875 0.30132
26.625 93.125 -0.33319
26.625 93.375 -0.89627
26.625 93.625 -0.5834
26.625 93.875 -0.03304
26.625 94.125 -1.488
26.625 94.375 -1.0683
26.625 94.625 -0.5313
26.625 94.875 -0.11482
26.625 95.125 0.34136
26.875 69.625 -0.1955
26.875 69.875 -0.18998
26.875 70.125 -0.20532
26.875 70.375 -0.25599
26.875 70.625 -0.16728
26.875 70.875 -0.10622
26.875 71.125 0.1067
26.875 71.375 1.2676
26.875 71.625 1.8268
26.875 71.875 1.5843
26.875 72.125 0.73862
26.875 72.375 0.78377
26.875 72.625 1.1474
26.875 72.875 2.4759
26.875 73.125 2.666
26.875 73.375 2.1212
26.875 73.625 2.1678
26.875 73.875 2.4359
26.875 74.125 2.4769
26.875 74.375 2.9876
26.875 74.625 3.4893
26.875 74.875 3.1778
26.875 75.125 2.288
26.875 75.375 2.7381
26.875 75.625 0.81793
26.875 75.875 2.2464
26.875 76.125 3.1363
26.875 76.375 1.7384
26.875 76.625 2.3248
26.875 76.875 0.91228
26.875 77.125 0.89186
26.875 77.375 0.019138
26.875 77.625 1.346
26.875 77.875 0.52514
26.875 78.125 -0.4435
26.875 78.375 -0.301
26.875 78.625 0.54939
26.875 78.875 -0.43871
26.875 79.125 0.050789
26.875 79.375 0.23451
26.875 79.625 0.061828
26.875 79.875 -0.22293
26.875 80.125 -0.31695
26.875 80.375 -0.12291
26.875 80.625 -0.29431
26.875 80.875 -0.045581
26.875 81.125 -0.47159
26.875 81.375 -0.40412
26.875 81.625 -1.1776
26.875 81.875 -0.79808
26.875 82.125 -0.54457
26.875 82.375 -1.4321
26.875 82.625 -1.9945
26.875 82.875 -1.3432
26.875 83.125 -1.0489
26.875 83.375 -1.4641
26.875 83.625 -1.1952
26.875 83.875 -0.91722
26.875 84.125 0.88259
26.875 84.375 0.27633
26.875 84.625 0.0012871
26.875 84.875 -0.21028
26.875 88.375 1.2255
26.875 88.625 0.37808
26.875 88.875 -0.23761
26.875 92.375 -1.2486
26.875 92.625 -0.87508
26.875 92.875 0.16594
26.875 93.125 0.20138
26.875 93.375 -1.1588
26.875 93.625 -0.62718
26.875 93.875 -0.17208
26.875 94.125 -1.9587
26.875 94.375 -0.71427
26.875 94.625 -0.75933
26.875 94.875 -0.67616
26.875 95.125 -0.20166
26.875 95.375 -0.13633
26.875 95.625 -0.36618
27.125 69.875 -0.22965
27.125 70.125 -0.16137
27.125 70.375 -0.20253
27.125 70.625 -0.25503
27.125 70.875 -0.11617
27.125 71.125 0.54106
27.125 71.375 1.1333
27.125 71.625 1.1196
27.125 71.875 0.64919
27.125 72.125 0.44588
27.125 72.375 0.45988
27.125 72.625 1.0774
27.125 72.875 2.1178
27.125 73.125 2.2915
27.125 73.375 1.9675
27.125 73.625 1.881
27.125 73.875 2.2583
27.125 74.125 2.2945
27.125 74.375 2.1739
27.125 74.625 3.2402
27.125 74.875 1.6871
27.125 75.125 2.0589
27.125 75.375 3.3032
27.125 75.625 2.9267
27.125 75.875 2.173
27.125 76.125 0.77523
27.125 76.375 0.68726
27.125 76.625 0.41586
27.125 76.875 0.10584
27.125 77.125 0.96103
27.125 77.375 0.18175
27.125 77.625 1.0013
27.125 77.875 0.11703
27.125 78.125 0.43909
27.125 78.375 0.78527
27.125 78.625 -0.90763
27.125 78.875 -0.67164
27.125 79.125 0.14716
27.125 79.375 -0.60301
27.125 79.625 -0.44428
27.125 79.875 -0.35885
27.125 80.125 -0.37882
27.125 80.375 -0.51673
27.125 80.625 -0.95277
27.125 80.875 0.32371
27.125 81.125 -0.15662
27.125 81.375 -0.20729
27.125 81.625 -0.7766
27.125 81.875 -0.67067
27.125 82.125 -0.88327
27.125 82.375 -1.415
27.125 82.625 -0.67299
27.125 82.875 -0.42297
27.125 83.125 -0.81694
27.125 83.375 -0.12552
27.125 83.625 0.17247
27.125 83.875 -0.093691
27.125 84.125 0.0065864
27.125 84.375 0.31345
27.125 84.625 0.30439
27.125 88.125 0.28419
27.125 88.375 0.90616
27.125 88.625 0.75191
27.125 92.125 -1.3091
27.125 92.375 -1.1382
27.125 92.625 -1.1519
27.125 92.875 -0.56231
27.125 93.125 -0.36623
27.125 93.375 0.25079
27.125 93.625 0.73813
27.125 93.875 0.9663
27.125 94.125 0.35839
27.125 94.375 -0.30345
27.125 94.625 -1.0413
27.125 94.875 -1.1272
27.125 95.125 -0.90334
27.125 95.375 -0.51084
27.125 95.625 -0.54213
27.125 95.875 -0.54421
27.375 70.125 -0.19504
27.375 70.375 -0.13937
27.375 70.625 -0.1969
27.375 70.875 0.052666
27.375 71.125 1.0316
27.375 71.375 1.0554
27.375 71.625 0.9629
27.375 71.875 0.36421
27.375 72.125 -0.039142
27.375 72.375 0.22495
27.375 72.625 0.291
27.375 72.875 1.1082
27.375 73.125 1.852
27.375 73.375 2.0494
27.375 73.625 2.2299
27.375 73.875 2.7902
27.375 74.125 2.6309
27.375 74.375 2.1168
27.375 74.625 2.3037
27.375 74.875 2.3551
27.375 75.125 2.6821
27.375 75.375 2.7318
27.375 75.625 3.2092
27.375 75.875 1.8707
27.375 76.125 0.74652
27.375 76.375 1.2518
27.375 76.625 0.59863
27.375 76.875 1.1178
27.375 77.125 0.8726
27.375 77.375 -0.07987
27.375 77.625 0.7564
27.375 77.875 0.92396
27.375 78.125 0.74831
27.375 78.375 0.43482
27.375 78.625 -0.33948
27.375 78.875 0.24896
27.375 79.125 -0.83673
27.375 79.375 -0.77896
27.375 79.625 -0.6946
27.375 79.875 -0.40496
27.375 80.125 -0.8364
27.375 80.375 -1.1339
27.375 80.625 -0.89317
27.375 80.875 -1.1797
27.375 81.125 -0.55764
27.375 81.375 -0.36105
27.375 81.625 -1.5374
27.375 81.875 -0.35167
27.375 82.125 -0.51192
27.375 82.375 -0.94657
27.375 82.625 -0.45375
27.375 82.875 -0.48585
27.375 83.125 -0.63946
27.375 83.625 0.25531
27.375 84.125 0.2699
27.375 84.375 0.36515
27.375 88.125 0.46029
27.375 88.375 -0.63078
27.375 88.625 -1.0221
27.375 92.125 -1.4777
27.375 92.375 -1.3302
27.375 92.625 -1.454
27.375 92.875 -1.3612
27.375 93.125 -1.5193
27.375 93.375 -1.6558
27.375 93.625 0.37555
27.375 93.875 0.78363
27.375 94.125 1.0268
27.375 94.375 -0.40565
27.375 94.625 -0.30411
27.375 94.875 -0.81048
27.375 95.125 -0.86117
27.375 95.375 -0.88891
27.375 95.625 -0.96549
27.375 95.875 -0.77494
27.375 96.125 -0.91791
27.375 96.375 -0.43697
27.375 96.625 0.03343
27.375 96.875 0.04535
27.625 70.125 -0.176
27.625 70.375 -0.15553
27.625 70.625 -0.091066
27.625 70.875 0.41635
27.625 71.125 1.1858
27.625 71.375 1.0471
27.625 71.625 0.81755
27.625 71.875 0.40037
27.625 72.125 -0.017716
27.625 72.375 0.020519
27.625 72.625 0.31311
27.625 72.875 0.64182
27.625 73.125 0.93185
27.625 73.375 1.8337
27.625 73.625 2.3371
27.625 73.875 2.6846
27.625 74.125 2.9481
27.625 74.375 2.4699
27.625 74.625 2.3617
27.625 74.875 2.5411
27.625 75.125 1.9803
27.625 75.375 2.3837
27.625 75.625 2.4275
27.625 75.875 1.7028
27.625 76.125 0.77248
27.625 76.375 0.30471
27.625 76.625 1.1076
27.625 76.875 1.6517
27.625 77.125 0.025563
27.625 77.375 0.12112
27.625 77.625 -0.60678
27.625 77.875 0.53884
27.625 78.125 0.31574
27.625 78.375 0.15404
27.625 78.625 -0.77129
27.625 78.875 -0.68362
27.625 79.125 -1.1205
27.625 79.375 -1.2172
27.625 79.625 -0.92258
27.625 79.875 -0.30974
27.625 80.125 -0.53513
27.625 80.375 -0.30907
27.625 80.625 -0.50328
27.625 80.875 -1.2343
27.625 81.125 -0.64406
27.625 81.375 -0.2818
27.625 81.625 -0.4243
27.625 81.875 -0.68018
27.625 82.125 -0.57137
27.625 82.375 -0.77597
27.625 82.625 -0.37892
27.625 88.375 -0.60902
27.625 88.625 -0.71341
27.625 91.625 -1.2594
27.625 91.875 -1.3657
27.625 92.125 -1.5555
27.625 92.375 -1.5176
27.625 92.625 -1.6562
27.625 92.875 -1.6323
27.625 93.125 -1.4374
27.625 93.375 -1.4319
27.625 93.625 -1.325
27.625 93.875 -1.774
27.625 94.125 -1.0164
27.625 94.375 -0.11628
27.625 94.625 -0.79949
27.625 94.875 -1.3182
27.625 95.125 -1.5192
27.625 95.375 -1.4174
27.625 95.625 -1.5749
27.625 95.875 -1.4196
27.625 96.125 -1.0699
27.625 96.375 -0.51083
27.625 96.625 -0.22761
27.625 96.875 -0.12138
27.875 70.375 -0.1564
27.875 71.875 0.2731
27.875 72.125 -0.060592
27.875 72.375 -0.078382
27.875 72.625 0.42164
27.875 72.875 0.58941
27.875 73.125 0.69506
27.875 73.375 1.4777
27.875 73.625 1.7455
27.875 73.875 1.5949
27.875 74.125 2.1365
27.875 74.375 1.4973
27.875 74.625 1.799
27.875 74.875 2.0222
27.875 75.125 1.4715
27.875 75.375 1.8032
27.875 75.625 1.4983
27.875 75.875 1.6825
27.875 76.125 0.89587
27.875 76.375 0.7147
27.875 76.625 0.40524
27.875 76.875 0.74154
27.875 77.125 0.63456
27.875 77.375 -0.061859
27.875 77.625 -0.55057
27.875 77.875 0.58479
27.875 78.125 0.59902
27.875 78.375 -0.32469
27.875 78.625 -0.2186
27.875 78.875 -0.032419
27.875 79.125 -0.76551
27.875 79.375 -0.73032
27.875 79.625 -0.80778
27.875 79.875 0.05915
27.875 80.125 0.24497
27.875 80.375 0.48262
27.875 80.625 -0.70395
27.875 80.875 -1.1988
27.875 81.125 -0.92315
27.875 81.375 -0.39089
27.875 81.625 -0.2685
27.875 88.375 NaN
27.875 88.625 NaN
27.875 92.875 -2.1544
27.875 93.125 -1.838
27.875 93.375 -1.6244
27.875 93.625 -1.8216
27.875 93.875 -2.3052
27.875 94.125 -1.3751
27.875 94.375 -0.90666
27.875 94.625 -0.88608
27.875 94.875 -0.7633
27.875 95.125 -0.51779
27.875 95.375 -1.2588
27.875 95.625 -1.6634
27.875 95.875 -1.8341
27.875 96.125 -0.97262
27.875 96.375 -0.93518
27.875 96.625 -0.33369
27.875 96.875 -0.19233
27.875 97.125 -0.28491
28.125 72.125 0.020941
28.125 72.375 0.25043
28.125 72.625 0.60058
28.125 72.875 1.0336
28.125 73.125 1.6603
28.125 73.375 1.9865
28.125 73.625 1.7222
28.125 73.875 1.3388
28.125 74.125 0.94432
28.125 74.375 1.1701
28.125 74.625 2.0613
28.125 74.875 1.9754
28.125 75.125 1.1459
28.125 75.375 2.3388
28.125 75.625 1.0661
28.125 75.875 1.7575
28.125 76.125 2.2189
28.125 76.375 1.3395
28.125 76.625 1.2967
28.125 76.875 1.826
28.125 77.125 0.88996
28.125 77.375 -0.069316
28.125 77.625 -0.33039
28.125 77.875 0.25799
28.125 78.125 2.1327
28.125 78.375 0.26536
28.125 78.625 -0.62741
28.125 78.875 -0.42786
28.125 79.125 -0.38552
28.125 79.375 -1.093
28.125 79.625 -1.2123
28.125 79.875 -0.38013
28.125 80.125 0.10256
28.125 80.375 0.45231
28.125 80.625 0.39485
28.125 80.875 -0.71657
28.125 81.125 -1.3386
28.125 81.375 -0.42267
28.125 92.875 -2.3525
28.125 93.125 -2.1937
28.125 93.375 -2.0624
28.125 93.625 -1.8306
28.125 93.875 -1.7803
28.125 94.125 -1.5251
28.125 94.375 -0.90152
28.125 94.625 -0.82255
28.125 94.875 -0.80561
28.125 95.125 -0.48771
28.125 95.375 -0.61487
28.125 95.625 -1.5899
28.125 95.875 -1.6372
28.125 96.125 -1.0382
28.125 96.375 -0.45701
28.125 96.625 -0.36859
28.125 96.875 -0.27399
28.125 97.125 -0.13503
28.375 72.375 0.2057
28.375 72.625 0.40175
28.375 72.875 1.0047
28.375 73.125 1.5378
28.375 73.375 1.77
28.375 73.625 1.7798
28.375 73.875 1.209
28.375 74.125 0.77764
28.375 74.375 0.86715
28.375 74.625 1.9741
28.375 74.875 1.8829
28.375 75.125 1.2339
28.375 75.375 1.4413
28.375 75.625 1.4919
28.375 75.875 1.858
28.375 76.125 1.2668
28.375 76.375 1.4606
28.375 76.625 1.4609
28.375 76.875 1.4803
28.375 77.125 0.22355
28.375 77.375 -0.45275
28.375 77.625 -0.12547
28.375 77.875 -0.36288
28.375 78.125 0.90344
28.375 78.375 0.30205
28.375 78.625 -0.93108
28.375 78.875 -0.8172
28.375 79.125 -0.16427
28.375 79.375 -0.42493
28.375 79.625 -0.87831
28.375 79.875 -0.46724
28.375 80.125 -0.29211
28.375 80.375 -0.24225
28.375 80.625 -0.03944
28.375 80.875 -0.51913
28.375 81.125 -0.65859
28.375 93.375 -2.3539
28.375 93.625 -1.6139
28.375 93.875 -1.0151
28.375 94.125 -1.0219
28.375 94.375 -0.60698
28.375 94.625 -0.4746
28.375 94.875 -0.45984
28.375 95.125 -0.50402
28.375 95.375 -0.8598
28.375 95.625 -0.83253
28.375 95.875 -0.72147
28.375 96.125 -1.1946
28.375 96.625 -0.43908
28.625 72.375 0.48063
28.625 72.625 1.0521
28.625 72.875 1.6906
28.625 73.125 1.6235
28.625 73.375 1.9469
28.625 73.625 1.877
28.625 73.875 1.4863
28.625 74.125 1.3107
28.625 74.375 1.6328
28.625 74.625 2.1524
28.625 74.875 1.8802
28.625 75.125 1.1481
28.625 75.375 0.45042
28.625 75.625 -0.45945
28.625 75.875 -0.29784
28.625 76.125 0.97752
28.625 76.375 1.2422
28.625 76.625 2.2351
28.625 76.875 1.0887
28.625 77.125 -0.46587
28.625 77.375 -0.48513
28.625 77.625 -0.68922
28.625 77.875 -0.738
28.625 78.125 0.15461
28.625 78.375 0.17432
28.625 78.625 -0.82958
28.625 78.875 -0.82191
28.625 79.125 0.27827
28.625 79.375 -0.24497
28.625 79.625 0.32164
28.625 79.875 0.19592
28.625 80.125 0.15011
28.625 80.375 0.079701
28.625 80.625 -0.23539
28.625 93.625 -0.9405
28.625 93.875 NaN
28.625 94.125 -0.65057
28.625 94.375 -1.1513
28.625 94.625 -0.38862
28.625 94.875 -0.32482
28.625 95.125 -0.36437
28.625 95.375 -0.5396
28.625 95.625 -0.97751
28.625 95.875 -1.0782
28.625 96.125 -1.104
28.625 96.375 3.0802
28.875 72.875 2.0101
28.875 73.125 2.9991
28.875 73.375 3.7297
28.875 73.625 3.388
28.875 73.875 3.3657
28.875 74.125 2.6956
28.875 74.375 2.2152
28.875 74.625 2.4409
28.875 74.875 2.5529
28.875 75.125 1.0781
28.875 75.375 0.54998
28.875 75.625 0.62154
28.875 75.875 0.40062
28.875 76.125 1.0269
28.875 76.375 0.9053
28.875 76.625 0.70849
28.875 76.875 0.059673
28.875 77.125 0.88333
28.875 77.375 0.4887
28.875 77.625 0.40868
28.875 77.875 0.021588
28.875 78.125 -0.05446
28.875 78.375 -0.22599
28.875 78.625 -0.57871
28.875 78.875 -0.66818
28.875 79.125 0.89714
28.875 79.375 1.0649
28.875 79.625 0.71899
28.875 79.875 0.73684
28.875 94.125 -0.68783
28.875 94.375 -0.66876
28.875 94.625 -0.58864
28.875 94.875 -0.20236
28.875 95.125 -0.15976
28.875 95.375 -0.54914
28.875 95.625 -0.83531
28.875 95.875 -0.95723
28.875 96.125 -0.79071
28.875 96.375 2.9844
29.125 73.125 3.0275
29.125 73.375 3.7781
29.125 73.625 3.5108
29.125 73.875 3.7908
29.125 74.125 2.7201
29.125 74.375 2.3822
29.125 74.625 2.2291
29.125 74.875 1.7851
29.125 75.125 0.63463
29.125 75.375 1.3047
29.125 75.625 1.1896
29.125 75.875 0.48897
29.125 76.125 0.14981
29.125 76.375 -0.36267
29.125 76.625 0.10837
29.125 76.875 0.11773
29.125 77.125 -0.194
29.125 77.375 0.056685
29.125 77.625 0.57492
29.125 77.875 0.74697
29.125 78.125 0.61738
29.125 78.375 0.59014
29.125 78.625 0.32766
29.125 78.875 -0.41829
29.125 79.125 1.1667
29.125 79.375 1.2813
29.125 79.625 -0.38756
29.125 79.875 -0.0048765
29.125 80.125 0.11504
29.125 94.375 -0.48163
29.125 94.625 -0.48183
29.125 94.875 -0.30417
29.125 95.625 -0.14938
29.125 95.875 0.37808
29.125 96.125 2.3741
29.375 73.375 2.2462
29.375 73.625 3.24
29.375 73.875 3.7844
29.375 74.125 3.4815
29.375 74.375 1.2097
29.375 74.625 1.1795
29.375 74.875 1.7045
29.375 75.125 1.1594
29.375 75.375 0.6434
29.375 75.625 0.56096
29.375 75.875 -0.30617
29.375 76.125 0.44393
29.375 76.375 -0.20245
29.375 76.625 0.17513
29.375 76.875 -0.82646
29.375 77.125 -0.94395
29.375 77.375 0.063381
29.375 77.625 0.74772
29.375 77.875 1.2776
29.375 78.125 0.6625
29.375 78.375 0.66813
29.375 78.625 -0.6552
29.375 78.875 -0.38938
29.375 79.125 0.25554
29.375 79.375 0.54578
29.375 79.625 -0.72923
29.375 79.875 -0.089242
29.375 80.125 0.60888
29.375 96.125 3.7266
29.625 73.375 1.859
29.625 73.625 2.1489
29.625 73.875 2.6258
29.625 74.125 2.9285
29.625 74.375 1.4878
29.625 74.625 0.39355
29.625 74.875 0.92883
29.625 75.125 0.62638
29.625 75.375 0.31245
29.625 75.625 1.3321
29.625 75.875 0.083587
29.625 76.125 -0.23746
29.625 76.375 0.53941
29.625 76.625 0.29125
29.625 76.875 0.66583
29.625 77.125 0.21573
29.625 77.375 -0.66721
29.625 77.625 0.77999
29.625 77.875 1.0112
29.625 78.125 0.76526
29.625 78.375 -0.24322
29.625 78.625 -0.82293
29.625 78.875 -0.64594
29.625 79.125 -0.17762
29.625 79.375 0.2386
29.625 79.625 0.017991
29.625 79.875 1.1701
29.625 80.125 1.1265
29.875 73.625 2.2316
29.875 73.875 1.9617
29.875 74.125 1.8708
29.875 74.375 0.35845
29.875 74.625 0.22323
29.875 74.875 0.28561
29.875 75.125 0.66387
29.875 75.375 0.86051
29.875 75.625 0.6701
29.875 75.875 0.095108
29.875 76.125 0.25386
29.875 76.375 0.16503
29.875 76.625 1.3016
29.875 76.875 -0.15896
29.875 77.125 0.42298
29.875 77.375 0.41279
29.875 77.625 1.1676
29.875 77.875 3.1082
29.875 78.125 -1.1032
29.875 78.375 0.47653
29.875 78.625 0.19031
29.875 78.875 0.9
29.875 79.125 -0.02296
29.875 79.375 0.28718
29.875 79.625 3.3661
29.875 79.875 1.1743
29.875 80.125 1.2949
29.875 80.375 1.0972
30.125 74.125 0.94067
30.125 74.375 0.34555
30.125 74.625 0.16444
30.125 74.875 0.65295
30.125 75.125 1.0702
30.125 75.375 1.287
30.125 75.625 1.2774
30.125 75.875 -0.19048
30.125 76.125 -0.055457
30.125 76.375 -0.51545
30.125 76.625 -0.18791
30.125 76.875 -0.072304
30.125 77.125 0.87947
30.125 77.375 -0.5507
30.125 77.625 1.4626
30.125 77.875 1.6345
30.125 78.125 1.0685
30.125 78.375 1.0234
30.125 78.625 1.4687
30.125 78.875 2.0979
30.125 79.125 1.6337
30.125 79.375 1.8967
30.125 79.625 3.4979
30.125 79.875 1.2315
30.125 80.125 1.0662
30.125 80.375 1.3114
30.125 80.625 1.1683
30.375 74.125 0.79214
30.375 74.375 0.55705
30.375 74.625 0.87423
30.375 74.875 0.86747
30.375 75.125 1.3281
30.375 75.375 1.1917
30.375 75.625 0.53634
30.375 75.875 -0.045987
30.375 76.125 -0.313
30.375 76.375 -0.37226
30.375 76.625 -0.85628
30.375 76.875 -0.32413
30.375 77.125 0.66298
30.375 77.375 0.76024
30.375 77.625 1.8346
30.375 77.875 0.91658
30.375 78.125 0.57456
30.375 78.375 -0.33558
30.375 78.625 2.0071
30.375 78.875 1.6596
30.375 79.125 2.0208
30.375 79.375 1.2489
30.375 79.625 2.7463
30.375 79.875 2.4827
30.375 80.125 1.7769
30.375 80.375 0.93684
30.375 80.625 0.58734
30.625 74.375 0.45246
30.625 74.625 0.48899
30.625 74.875 0.54769
30.625 75.125 1.3988
30.625 75.375 1.312
30.625 75.625 0.92321
30.625 75.875 0.6452
30.625 76.125 -0.39099
30.625 76.375 -0.84964
30.625 76.625 0.27437
30.625 76.875 1.7236
30.625 77.125 0.75054
30.625 77.375 0.60474
30.625 77.625 0.15933
30.625 77.875 0.49776
30.625 78.125 0.86383
30.625 78.375 0.040432
30.625 78.625 0.33899
30.625 78.875 1.5688
30.625 79.125 1.5162
30.625 79.375 1.1591
30.625 79.625 2.6578
30.625 79.875 2.402
30.625 80.125 2.0373
30.875 74.625 -0.079013
30.875 74.875 1.2049
30.875 75.125 3.1026
30.875 75.375 0.78621
30.875 75.625 0.95271
30.875 75.875 0.49512
30.875 76.125 0.54653
30.875 76.375 1.2848
30.875 76.625 1.4505
30.875 76.875 1.2471
30.875 77.125 2.4716
30.875 77.375 1.056
30.875 77.625 0.89933
30.875 77.875 1.2633
30.875 78.125 0.96313
30.875 78.375 0.32638
30.875 78.625 0.31417
30.875 78.875 1.0058
30.875 79.125 1.4041
30.875 79.375 NaN
30.875 79.625 NaN
30.875 79.875 NaN
31.125 74.875 0.53021
31.125 75.125 2.47
31.125 75.375 0.49252
31.125 75.625 0.22874
31.125 75.875 0.52562
31.125 76.125 3.0214
31.125 76.375 2.3936
31.125 76.625 1.8267
31.125 76.875 3.2415
31.125 77.125 2.8757
31.125 77.375 0.90728
31.125 77.625 1.8978
31.125 77.875 1.1042
31.125 78.125 -0.14485
31.125 78.375 0.033795
31.125 78.625 -0.049071
31.125 78.875 NaN
31.125 79.125 NaN
31.375 74.875 0.36421
31.375 75.125 0.81791
31.375 75.375 0.35165
31.375 75.625 1.1815
31.375 75.875 2.2731
31.375 76.125 1.8224
31.375 76.375 3.0354
31.375 76.625 1.9411
31.375 76.875 3.0677
31.375 77.125 2.6682
31.375 77.375 1.7658
31.375 77.625 1.5289
31.375 77.875 0.38713
31.375 78.125 -0.40176
31.375 78.375 -0.23829
31.375 78.625 0.095729
31.625 74.875 0.75894
31.625 75.125 1.1414
31.625 75.375 0.6727
31.625 75.625 1.1166
31.625 75.875 1.2684
31.625 76.125 1.7792
31.625 76.375 2.1791
31.625 76.625 2.8482
31.625 76.875 1.9616
31.625 77.125 2.5335
31.625 77.375 2.6231
31.625 77.625 1.8303
31.625 77.875 0.31026
31.625 78.125 -0.47138
31.625 78.375 -0.2312
31.625 78.625 -0.10702
31.875 74.875 1.7563
31.875 75.125 1.5281
31.875 75.375 0.59004
31.875 75.625 0.30732
31.875 75.875 0.80689
31.875 76.125 1.7428
31.875 76.375 1.179
31.875 76.625 1.5952
31.875 76.875 1.9424
31.875 77.125 1.4657
31.875 77.375 1.7472
31.875 77.625 1.7137
31.875 77.875 0.2378
31.875 78.125 -0.39612
31.875 78.375 -0.35836
31.875 78.625 -0.33287
32.125 75.375 1.8506
32.125 75.625 1.5726
32.125 75.875 0.79511
32.125 76.125 -0.14309
32.125 76.375 0.51163
32.125 76.625 1.3934
32.125 76.875 1.0544
32.125 77.125 1.4017
32.125 77.375 0.51893
32.125 77.625 0.082642
32.125 77.875 -0.22317
32.125 78.125 -0.79741
32.125 78.375 -0.87787
32.375 75.375 2.5472
32.375 75.625 2.3199
32.375 75.875 1.6281
32.375 76.125 -0.47498
32.375 76.375 -0.12614
32.375 76.625 0.78184
32.375 76.875 0.92562
32.375 77.125 1.1595
32.375 77.375 0.24614
32.375 77.625 -0.46414
32.375 77.875 -0.65484
32.375 78.125 -1.1085
32.375 78.375 -1.2863
32.625 74.875 1.8284
32.625 75.125 1.2836
32.625 75.375 1.4235
32.625 75.625 1.7118
32.625 75.875 1.2784
32.625 76.125 0.29919
32.625 76.375 0.1906
32.625 76.625 0.63877
32.625 76.875 1.1598
32.625 77.125 1.002
32.625 77.375 0.38178
32.625 77.625 -0.125
32.625 77.875 -0.27031
32.625 78.125 -1.1505
32.625 78.375 -1.0817
32.625 78.625 -0.9872
32.625 78.875 -0.8277
32.625 79.125 -0.31073
32.625 79.375 -0.44972
32.875 74.375 2.6826
32.875 74.625 2.6462
32.875 74.875 2.5356
32.875 75.125 1.4277
32.875 75.375 0.92763
32.875 75.625 0.66121
32.875 75.875 0.55996
32.875 76.125 0.69498
32.875 76.375 0.34166
32.875 76.625 0.7108
32.875 76.875 1.4371
32.875 77.125 0.93464
32.875 77.375 0.53183
32.875 77.625 -0.038698
32.875 77.875 -0.33128
32.875 78.125 -0.76817
32.875 78.375 -0.92497
32.875 78.625 -0.79762
32.875 78.875 -0.5714
32.875 79.125 -0.23554
32.875 79.375 0.046587
33.125 73.875 0.99259
33.125 74.125 1.1703
33.125 74.375 2.6689
33.125 74.625 3.4377
33.125 74.875 3.0831
33.125 75.125 1.6335
33.125 75.375 0.46155
33.125 75.625 0.12681
33.125 75.875 0.47063
33.125 76.125 0.53913
33.125 76.375 0.73184
33.125 76.625 0.70414
33.125 76.875 1.1513
33.125 77.125 0.83757
33.125 77.375 0.24624
33.125 77.625 -0.14298
33.125 77.875 -0.3101
33.125 78.125 -0.2415
33.125 78.375 -0.44353
33.125 78.625 -0.61643
33.125 78.875 -0.5049
33.125 79.125 -0.15273
33.375 73.875 1.3941
33.375 74.125 1.7538
33.375 74.375 1.1541
33.375 74.625 0.99173
33.375 74.875 1.4663
33.375 75.125 0.49407
33.375 75.375 0.77719
33.375 75.625 0.48703
33.375 75.875 0.98165
33.375 76.125 0.98136
33.375 76.375 1.1947
33.375 76.625 0.56739
33.375 76.875 0.46223
33.375 77.125 0.72801
33.375 77.375 -0.037825
33.375 77.625 -0.35792
33.375 77.875 -0.30483
33.375 78.125 -0.13252
33.375 78.375 -0.20838
33.375 78.625 -0.37746
33.375 78.875 -0.55672
33.625 73.875 0.17454
33.625 74.125 0.29286
33.625 74.375 -0.35061
33.625 74.625 -0.62081
33.625 74.875 1.1425
33.625 75.125 0.88404
33.625 75.375 0.96731
33.625 75.625 0.67366
33.625 75.875 0.564
33.625 76.125 0.020548
33.625 76.375 0.29233
33.625 76.625 -0.035606
33.625 76.875 0.32875
33.625 77.125 -0.012478
33.625 77.375 0.042619
33.625 77.625 -0.052976
33.625 77.875 -0.057571
33.625 78.125 -0.046689
33.625 78.375 -0.32594
33.625 78.625 -0.562
33.625 78.875 -0.63376
33.875 73.875 0.20444
33.875 74.125 0.098275
33.875 74.375 -0.17023
33.875 74.625 0.64594
33.875 74.875 0.45042
33.875 75.125 0.75892
33.875 75.375 1.1419
33.875 75.625 0.51089
33.875 75.875 0.073749
33.875 76.125 -0.11945
33.875 76.375 0.023058
33.875 76.625 0.13658
33.875 76.875 -0.27185
33.875 77.125 -0.045448
33.875 77.375 0.083995
33.875 77.625 0.11681
33.875 77.875 0.1078
33.875 78.125 -0.1971
33.875 78.375 -0.62208
33.875 78.625 -0.4548
33.875 78.875 -0.48425
34.125 73.625 -0.28464
34.125 73.875 -0.1835
34.125 74.125 0.024537
34.125 74.375 -0.59572
34.125 74.625 -0.099385
34.125 74.875 -0.32202
34.125 75.125 0.12541
34.125 75.375 0.24292
34.125 75.625 -0.03317
34.125 75.875 -0.38946
34.125 76.125 -0.37093
34.125 76.375 -0.084337
34.125 76.625 -0.046035
34.125 76.875 -0.16365
34.125 77.125 -0.10754
34.125 77.375 -0.05828
34.125 77.625 0.13976
34.125 77.875 -0.023207
34.125 78.125 -0.42068
34.125 78.375 -0.65087
34.125 78.625 -0.57285
34.125 78.875 -0.40448
34.125 79.125 -0.19357
34.125 79.375 -0.20242
34.375 73.625 -0.35853
34.375 73.875 -0.67646
34.375 74.125 -0.99833
34.375 74.375 -0.78645
34.375 74.625 -0.42223
34.375 74.875 -0.17816
34.375 75.125 0.12495
34.375 75.375 -0.39695
34.375 75.625 -0.61187
34.375 75.875 -0.71242
34.375 76.125 -0.65504
34.375 76.375 -0.24754
34.375 76.625 -0.40026
34.375 76.875 -0.41841
34.375 77.125 -0.38282
34.375 77.375 -0.30745
34.375 77.625 -0.10779
34.375 77.875 -0.11265
34.375 78.125 -0.35249
34.375 78.375 -0.16574
34.375 78.625 -0.25675
34.375 78.875 -0.22666
34.375 79.125 -0.15117
34.375 79.375 -0.14207
34.625 73.875 -0.82346
34.625 74.125 -1.068
34.625 74.375 -0.88485
34.625 74.625 -0.80068
34.625 74.875 -0.49118
34.625 75.125 0.05099
34.625 75.375 -0.64766
34.625 75.625 -0.82387
34.625 75.875 -0.78696
34.625 76.125 -0.68861
34.625 76.375 -0.51805
34.625 76.625 -0.60372
34.625 76.875 -0.67293
34.625 77.125 -0.55913
34.625 77.375 -0.49917
34.625 77.625 -0.31935
34.625 77.875 -0.45634
34.625 78.125 -0.3996
34.625 78.375 -0.34816
34.625 78.625 -0.36585
34.625 78.875 -0.31968
34.625 79.125 -0.18803
34.625 79.375 0.085117
34.625 79.625 0.096133
34.875 74.125 -0.91528
34.875 74.375 -0.90979
34.875 74.625 -0.70712
34.875 74.875 -0.50232
34.875 75.125 -0.59252
34.875 75.375 -0.84161
34.875 75.625 -0.77633
34.875 75.875 -0.88759
34.875 76.125 -0.76194
34.875 76.375 -0.60435
34.875 76.625 -0.63618
34.875 76.875 -0.67508
34.875 77.125 -0.67752
34.875 77.375 -0.68901
34.875 77.625 -0.7134
34.875 77.875 -0.52368
34.875 78.125 -0.45901
34.875 78.375 -0.40193
34.875 78.625 -0.09132
34.875 78.875 -0.25596
34.875 79.125 -0.094581
34.875 79.375 -0.060853
34.875 79.625 0.17471
34.875 79.875 0.277
35.125 74.375 -0.42363
35.125 74.625 -0.31533
35.125 74.875 -0.31601
35.125 75.125 -0.72076
35.125 75.375 -0.69962
35.125 75.625 -0.84696
35.125 75.875 -0.74414
35.125 76.125 -0.85964
35.125 76.375 -0.86166
35.125 76.625 -0.70415
35.125 76.875 -0.8351
35.125 77.125 -0.86377
35.125 77.375 -0.8696
35.125 77.625 -0.92516
35.125 77.875 -0.75907
35.125 78.125 -0.65765
35.125 78.375 -0.44525
35.125 78.625 -0.033482
35.125 78.875 0.069464
35.125 79.125 -0.23471
35.125 79.375 -0.028652
35.125 79.625 -0.035095
35.125 79.875 0.94043
35.375 73.875 -0.64482
35.375 74.125 -0.48242
35.375 74.375 -0.20369
35.375 74.625 -0.28833
35.375 74.875 -0.31262
35.375 75.125 -0.77454
35.375 75.375 -0.92334
35.375 75.625 -1.0099
35.375 75.875 -1.0074
35.375 76.125 -1.1579
35.375 76.375 -1.1718
35.375 76.625 -0.9818
35.375 76.875 -0.92274
35.375 77.125 -0.83399
35.375 77.375 -0.82343
35.375 77.625 -0.85698
35.375 77.875 -0.85112
35.375 78.125 -0.82411
35.375 78.375 -0.16196
35.375 78.625 -0.0050823
35.375 78.875 -0.002631
35.375 79.125 -0.13706
35.375 79.375 -0.035524
35.375 79.625 -0.067083
35.375 79.875 -0.16143
35.375 80.125 NaN
35.625 73.375 -0.78116
35.625 73.625 -0.78976
35.625 73.875 -0.80305
35.625 74.125 -0.93008
35.625 74.375 -0.92498
35.625 74.625 -0.73027
35.625 74.875 -0.62548
35.625 75.125 -1.188
35.625 75.375 -1.5041
35.625 75.625 -1.4985
35.625 75.875 -1.3075
35.625 76.125 -1.5016
35.625 76.375 -1.0872
35.625 76.625 -1.1391
35.625 76.875 -1.125
35.625 77.125 -1.051
35.625 78.375 -0.18095
35.625 78.625 -0.37284
35.625 78.875 -0.38627
35.625 79.125 -0.17014
35.625 79.375 -0.033783
35.625 79.625 -0.13487
35.625 79.875 -0.324
35.625 80.125 0.14071
35.875 73.125 -0.17571
35.875 73.375 -0.25578
35.875 73.625 -0.68515
35.875 73.875 -0.89532
35.875 74.125 -0.83187
35.875 74.375 -1.2311
35.875 74.625 -1.1345
35.875 74.875 -1.0283
35.875 75.125 -1.2873
35.875 75.375 -1.6768
35.875 75.625 -1.7873
35.875 75.875 -1.6339
35.875 76.125 -1.6091
35.875 76.375 -1.4985
35.875 76.625 -1.3917
35.875 79.375 -0.20464
36.125 72.625 0.26017
36.125 72.875 NaN
36.125 73.125 NaN
36.125 73.375 -0.050445
36.125 73.625 -0.19098
36.125 73.875 -0.42021
36.125 74.125 -0.84818
36.125 74.375 -1.1419
36.125 74.625 -1.4845
36.125 74.875 -1.114
36.125 75.125 -1.1082
36.125 75.375 -1.6885
36.125 75.625 -2.2094
36.125 75.875 -1.7247
36.125 76.125 -1.3092
36.125 76.375 -1.3579
36.125 76.625 -1.3717
36.375 73.125 0.12642
36.375 73.375 0.14024
36.375 73.625 0.041501
36.375 73.875 -0.082521
36.375 74.125 -0.49505
36.375 74.375 -0.89523
36.375 74.625 -1.197
36.375 74.875 -1.3969
36.375 75.125 -1.3272
36.375 75.375 -2.0389
36.375 75.625 -2.3877
36.375 75.875 -1.8057
36.375 76.125 -0.63619
36.625 73.375 0.079723
36.625 73.625 0.045104
36.625 73.875 -0.032119
36.625 74.125 -0.093363
36.625 74.375 -1.0143
36.625 74.625 -1.1068
36.625 74.875 -1.5951
36.625 75.125 -1.6406
36.625 75.375 -1.8727
36.625 75.625 -1.7449
36.875 73.875 -0.0086574
36.875 74.375 -0.0062138
36.875 74.625 -0.73599
36.875 74.875 -1.1807
36.875 75.125 -1.235
36.875 75.375 -1.3706
