8.125 77.375 -0.35861
8.375 77.125 -0.47703
8.375 77.375 -0.31188
8.375 77.625 0.48751
8.375 77.875 0.51047
8.625 76.875 -0.51521
8.625 77.125 -0.25584
8.625 77.375 0.32713
8.625 77.625 -0.15238
8.625 77.875 0.076859
8.875 76.875 0.64543
8.875 77.125 0.32643
8.875 77.375 -0.15298
8.875 77.625 -0.15834
8.875 77.875 -0.42748
9.125 76.625 0.11834
9.125 76.875 0.4679
9.125 77.125 0.39566
9.125 77.375 0.23278
9.125 77.625 0.27885
9.125 77.875 -0.13967
9.125 78.125 -0.1318
9.125 78.375 NaN
9.375 76.625 0.10725
9.375 76.875 1.1285
9.375 77.125 0.37367
9.375 77.375 0.63653
9.375 77.625 0.058314
9.375 77.875 -0.15541
9.375 78.125 0.28427
9.375 78.375 0.95906
9.375 78.625 0.040722
9.375 78.875 NaN
9.625 76.375 -0.43404
9.625 76.625 0.51823
9.625 76.875 1.7653
9.625 77.125 1.8124
9.625 77.375 0.55668
9.625 77.625 0.28365
9.625 77.875 1.8166
9.625 78.125 0.97672
9.625 78.375 1.2227
9.625 78.625 0.96972
9.875 76.625 0.19682
9.875 76.875 0.57597
9.875 77.125 1.4319
9.875 77.375 1.6253
9.875 77.625 1.3929
9.875 77.875 1.2517
9.875 78.125 1.2649
9.875 78.375 1.227
9.875 78.625 0.91989
9.875 78.875 0.93631
10.125 76.375 -0.2988
10.125 76.625 0.34624
10.125 76.875 1.7183
10.125 77.125 2.1304
10.125 77.375 1.7537
10.125 77.625 1.4585
10.125 77.875 1.3125
10.125 78.125 1.1219
10.125 78.375 0.87703
10.125 78.625 0.95574
10.125 78.875 1.1325
10.125 79.125 1.1102
10.375 76.375 -0.40191
10.375 76.625 0.2662
10.375 76.875 1.4733
10.375 77.125 0.87742
10.375 77.375 0.99859
10.375 77.625 1.4075
10.375 77.875 0.45889
10.375 78.125 0.35335
10.375 78.375 -0.64679
10.375 78.625 0.17535
10.375 78.875 -0.1512
10.375 79.125 1.0107
10.375 79.375 NaN
10.375 79.625 NaN
10.625 76.125 -0.53481
10.625 76.375 1.4569
10.625 76.625 -0.046912
10.625 76.875 0.49569
10.625 77.125 -0.019428
10.625 77.375 0.15362
10.625 77.625 0.82395
10.625 77.875 0.73491
10.625 78.125 -1.2388
10.625 78.375 0.42058
10.625 78.625 1.06
10.625 78.875 1.7102
10.625 79.125 1.8783
10.625 79.375 2.6723
10.625 79.625 1.3705
10.875 76.125 0.35781
10.875 76.375 1.6199
10.875 76.625 0.35443
10.875 76.875 0.12848
10.875 77.125 1.2078
10.875 77.375 1.0266
10.875 77.625 1.7986
10.875 77.875 0.5368
10.875 78.125 0.095884
10.875 78.375 0.2372
10.875 78.625 1.0162
10.875 78.875 0.2882
10.875 79.125 1.2987
10.875 79.375 0.58099
10.875 79.625 0.24231
11.125 76.125 0.16953
11.125 76.375 1.1233
11.125 76.625 0.011712
11.125 76.875 1.5356
11.125 77.125 2.1267
11.125 77.375 2.3281
11.125 77.625 2.0779
11.125 77.875 1.7667
11.125 78.125 1.1936
11.125 78.375 1.1038
11.125 78.625 1.2653
11.125 78.875 0.42155
11.125 79.125 0.58243
11.125 79.375 0.31546
11.125 79.625 -0.17873
11.375 75.875 0.086231
11.375 76.125 0.75598
11.375 76.375 1.6992
11.375 76.625 0.91298
11.375 76.875 2.2937
11.375 77.125 3.3403
11.375 77.375 3.4731
11.375 77.625 2.2575
11.375 77.875 2.9892
11.375 78.125 1.3366
11.375 78.375 1.1396
11.375 78.625 1.2137
11.375 78.875 0.63026
11.375 79.125 0.30579
11.375 79.375 0.3579
11.375 79.625 0.39427
11.625 75.875 1.7924
11.625 76.125 2.2016
11.625 76.375 2.9938
11.625 76.625 3.3402
11.625 76.875 2.3899
11.625 77.125 2.6779
11.625 77.375 2.9998
11.625 77.625 2.8669
11.625 77.875 1.5385
11.625 78.125 -0.51162
11.625 78.375 -1.1707
11.625 78.625 0.55463
11.625 78.875 -0.047472
11.625 79.125 0.3788
11.625 79.375 0.68794
11.625 79.625 NaN
11.875 75.625 NaN
11.875 75.875 0.45241
11.875 76.125 1.0962
11.875 76.375 3.7943
11.875 76.625 3.8174
11.875 76.875 0.74145
11.875 77.125 2.1915
11.875 77.375 2.6471
11.875 77.625 2.8599
11.875 77.875 0.53383
11.875 78.125 1.4283
11.875 78.375 0.16128
11.875 78.625 1.0526
11.875 78.875 -0.29496
11.875 79.125 0.10995
11.875 79.375 0.12706
11.875 79.625 0.46623
12.125 75.375 0.49033
12.125 75.625 0.96482
12.125 75.875 2.4565
12.125 76.125 3.451
12.125 76.375 2.3144
12.125 76.625 4.4564
12.125 76.875 2.3738
12.125 77.125 2.6202
12.125 77.375 2.6022
12.125 77.625 2.4071
12.125 77.875 0.86554
12.125 78.125 2.0339
12.125 78.375 2.2222
12.125 78.625 1.3428
12.125 78.875 0.67902
12.125 79.125 0.40839
12.125 79.375 -0.10061
12.125 79.625 0.7243
12.375 75.125 -0.29852
12.375 75.375 0.098239
12.375 75.625 0.42962
12.375 75.875 2.1334
12.375 76.125 1.693
12.375 76.375 4.0662
12.375 76.625 4.2079
12.375 76.875 2.1483
12.375 77.125 2.9659
12.375 77.375 1.711
12.375 77.625 1.6951
12.375 77.875 1.9701
12.375 78.125 2.0188
12.375 78.375 1.2707
12.375 78.625 0.89962
12.375 78.875 0.59935
12.375 79.125 -0.07306
12.375 79.375 -0.27131
12.375 79.625 0.073275
12.375 79.875 0.062903
12.625 75.125 -1.3358
12.625 75.375 -1.1364
12.625 75.625 0.54086
12.625 75.875 2.3383
12.625 76.125 2.2479
12.625 76.375 2.6783
12.625 76.625 3.2083
12.625 76.875 4.2441
12.625 77.125 4.0681
12.625 77.375 2.3855
12.625 77.625 3.403
12.625 77.875 2.7354
12.625 78.125 2.0902
12.625 78.375 0.87848
12.625 78.625 0.49667
12.625 78.875 0.72682
12.625 79.125 0.49136
12.625 79.375 0.36603
12.625 79.625 -0.1582
12.625 79.875 -0.44938
12.875 75.125 -0.17431
12.875 75.375 0.94785
12.875 75.625 1.2809
12.875 75.875 4.3135
12.875 76.125 3.835
12.875 76.375 3.8137
12.875 76.625 3.9321
12.875 76.875 2.1205
12.875 77.125 3.3223
12.875 77.375 3.485
12.875 77.625 2.6879
12.875 77.875 2.5779
12.875 78.125 2.0241
12.875 78.375 1.0798
12.875 78.625 0.09916
12.875 78.875 1.2307
12.875 79.125 1.5516
12.875 79.375 0.49855
12.875 79.625 0.37101
12.875 79.875 -0.053117
13.125 74.875 NaN
13.125 75.125 0.062887
13.125 75.375 -0.41174
13.125 75.625 1.4556
13.125 75.875 3.3319
13.125 76.125 2.8936
13.125 76.375 4.2772
13.125 76.625 2.8999
13.125 76.875 2.5714
13.125 77.125 3.0514
13.125 77.375 3.4871
13.125 77.625 3.4067
13.125 77.875 2.2602
13.125 78.125 1.9651
13.125 78.375 1.4474
13.125 78.625 0.85173
13.125 78.875 0.48442
13.125 79.125 0.4347
13.125 79.375 0.47987
13.125 79.625 0.63105
13.125 79.875 0.11775
13.125 80.125 0.072007
13.375 74.875 NaN
13.375 75.125 -0.00034954
13.375 75.375 -0.12215
13.375 75.625 0.8475
13.375 75.875 2.0474
13.375 76.125 3.1382
13.375 76.375 2.4659
13.375 76.625 3.27
13.375 76.875 3.9212
13.375 77.125 4.6619
13.375 77.375 2.6581
13.375 77.625 2.687
13.375 77.875 1.6674
13.375 78.125 0.66162
13.375 78.375 0.97347
13.375 78.625 1.1218
13.375 78.875 0.55303
13.375 79.125 0.64259
13.375 79.375 0.71323
13.375 79.625 -0.51925
13.375 79.875 0.0086192
13.375 80.125 0.21697
13.625 74.875 -0.94384
13.625 75.125 0.5665
13.625 75.375 0.97181
13.625 75.625 1.8066
13.625 75.875 2.6354
13.625 76.125 2.9817
13.625 76.375 3.3534
13.625 76.625 3.0224
13.625 76.875 4.2368
13.625 77.125 3.1052
13.625 77.375 2.2539
13.625 77.625 1.5724
13.625 77.875 2.0662
13.625 78.125 0.97431
13.625 78.375 1.1882
13.625 78.625 0.95043
13.625 78.875 0.46907
13.625 79.125 0.66019
13.625 79.375 0.17583
13.625 79.625 0.11512
13.625 79.875 0.12982
13.625 80.125 0.24772
13.875 74.875 0.61968
13.875 75.125 0.92015
13.875 75.375 1.3863
13.875 75.625 2.3109
13.875 75.875 3.3676
13.875 76.125 2.6736
13.875 76.375 3.9653
13.875 76.625 4.5154
13.875 76.875 3.9596
13.875 77.125 2.8393
13.875 77.375 2.2101
13.875 77.625 1.7711
13.875 77.875 2.2345
13.875 78.125 1.7133
13.875 78.375 1.7238
13.875 78.625 1.1146
13.875 78.875 0.023502
13.875 79.125 -0.089455
13.875 79.375 0.024906
13.875 79.625 0.28492
13.875 79.875 0.25339
14.125 74.625 -0.40085
14.125 74.875 0.49933
14.125 75.125 0.89527
14.125 75.375 3.189
14.125 75.625 1.0809
14.125 75.875 3.5427
14.125 76.125 1.9464
14.125 76.375 2.075
14.125 76.625 2.7742
14.125 76.875 3.2163
14.125 77.125 1.5381
14.125 77.375 2.0906
14.125 77.625 1.7223
14.125 77.875 2.5245
14.125 78.125 1.1693
14.125 78.375 1.0685
14.125 78.625 0.81561
14.125 78.875 0.22026
14.125 79.125 -0.1655
14.125 79.375 -0.0017711
14.125 79.625 0.26978
14.125 79.875 0.33313
14.375 74.625 -0.27887
14.375 74.875 0.78772
14.375 75.125 1.0582
14.375 75.375 1.0204
14.375 75.625 2.8232
14.375 75.875 3.6953
14.375 76.125 2.6116
14.375 76.375 1.9669
14.375 76.625 2.8415
14.375 76.875 3.3495
14.375 77.125 1.7151
14.375 77.375 2.406
14.375 77.625 1.4699
14.375 77.875 2.0164
14.375 78.125 1.4579
14.375 78.375 0.62131
14.375 78.625 0.25456
14.375 78.875 0.46432
14.375 79.125 0.83958
14.375 79.375 1.3527
14.375 79.625 0.24208
14.375 79.875 0.67403
14.625 74.375 NaN
14.625 74.625 -0.29537
14.625 74.875 -0.16786
14.625 75.125 0.88822
14.625 75.375 2.4514
14.625 75.625 3.0329
14.625 75.875 3.8109
14.625 76.125 3.1159
14.625 76.375 3.1254
14.625 76.625 3.2471
14.625 76.875 2.2272
14.625 77.125 2.9012
14.625 77.375 1.9807
14.625 77.625 0.94523
14.625 77.875 0.69227
14.625 78.125 1.8479
14.625 78.375 0.89254
14.625 78.625 0.42602
14.625 78.875 0.25788
14.625 79.125 0.55372
14.625 79.375 1.2792
14.625 79.625 0.75665
14.625 79.875 0.77446
14.875 74.375 0.063106
14.875 74.625 -0.27416
14.875 74.875 0.80854
14.875 75.125 1.9171
14.875 75.375 1.6119
14.875 75.625 2.9341
14.875 75.875 3.7976
14.875 76.125 1.9079
14.875 76.375 1.6067
14.875 76.625 2.223
14.875 76.875 2.3649
14.875 77.125 2.6822
14.875 77.375 1.5449
14.875 77.625 0.47993
14.875 77.875 0.74657
14.875 78.125 1.2226
14.875 78.375 0.69389
14.875 78.625 -0.12553
14.875 78.875 -0.034099
14.875 79.125 0.13549
14.875 79.375 -0.00075715
14.875 79.625 0.95284
14.875 79.875 1.0534
15.125 74.125 -0.10601
15.125 74.375 0.58517
15.125 74.625 0.5437
15.125 74.875 1.742
15.125 75.125 3.285
15.125 75.375 4.4
15.125 75.625 2.7624
15.125 75.875 3.0773
15.125 76.125 2.8198
15.125 76.375 2.1207
15.125 76.625 2.2042
15.125 76.875 1.9663
15.125 77.125 1.5442
15.125 77.375 0.81434
15.125 77.625 1.0435
15.125 77.875 1.0561
15.125 78.125 -0.025412
15.125 78.375 0.096445
15.125 78.625 0.040903
15.125 78.875 0.86175
15.125 79.125 0.87676
15.125 79.375 0.77349
15.125 79.625 1.4827
15.125 79.875 1.3433
15.375 73.875 -0.63247
15.375 74.125 0.2293
15.375 74.375 0.96861
15.375 74.625 1.0285
15.375 74.875 1.6466
15.375 75.125 2.3129
15.375 75.375 2.9427
15.375 75.625 1.6762
15.375 75.875 1.8418
15.375 76.125 1.527
15.375 76.375 1.8692
15.375 76.625 1.2126
15.375 76.875 1.6014
15.375 77.125 1.3403
15.375 77.375 1.3613
15.375 77.625 0.83855
15.375 77.875 0.60771
15.375 78.125 0.63446
15.375 78.375 0.22129
15.375 78.625 0.10905
15.375 78.875 1.5095
15.375 79.125 0.53687
15.375 79.375 -0.42338
15.375 79.625 0.88209
15.375 79.875 1.2252
15.625 73.875 -0.35975
15.625 74.125 -0.45438
15.625 74.375 -0.22138
15.625 74.625 1.2955
15.625 74.875 2.1707
15.625 75.125 1.6411
15.625 75.375 1.5835
15.625 75.625 1.1523
15.625 75.875 1.9222
15.625 76.125 1.6551
15.625 76.375 0.68059
15.625 76.625 0.71329
15.625 76.875 0.95093
15.625 77.125 0.95852
15.625 77.375 0.55473
15.625 77.625 0.75366
15.625 77.875 0.4571
15.625 78.125 0.5075
15.625 78.375 0.3989
15.625 78.625 -0.61122
15.625 78.875 0.25542
15.625 79.125 0.24778
15.625 79.375 0.33344
15.625 79.625 2.1703
15.625 79.875 1.2963
15.625 80.125 0.91432
15.875 73.875 0.90285
15.875 74.125 0.40737
15.875 74.375 0.72705
15.875 74.625 1.4292
15.875 74.875 2.2058
15.875 75.125 2.6334
15.875 75.375 2.2452
15.875 75.625 1.2357
15.875 75.875 0.87408
15.875 76.125 2.2285
15.875 76.375 1.9106
15.875 76.625 1.7062
15.875 76.875 1.2685
15.875 77.125 -0.051014
15.875 77.375 0.51378
15.875 77.625 0.50185
15.875 77.875 0.60867
15.875 78.125 0.77944
15.875 78.375 1.025
15.875 78.625 0.039959
15.875 78.875 -0.16977
15.875 79.125 -0.29292
15.875 79.375 1.596
15.875 79.625 0.90476
15.875 79.875 0.82534
15.875 80.125 1.0282
15.875 80.375 1.0298
15.875 80.625 NaN
15.875 80.875 1.3351
16.125 73.625 0.72193
16.125 73.875 0.25501
16.125 74.125 0.16133
16.125 74.375 1.1273
16.125 74.625 1.9673
16.125 74.875 2.151
16.125 75.125 1.8419
16.125 75.375 1.6984
16.125 75.625 0.94779
16.125 75.875 0.35085
16.125 76.125 1.9201
16.125 76.375 1.1462
16.125 76.625 0.7713
16.125 76.875 0.87032
16.125 77.125 1.024
16.125 77.375 0.95771
16.125 77.625 0.48294
16.125 77.875 0.75413
16.125 78.125 0.57655
16.125 78.375 1.167
16.125 78.625 0.6872
16.125 78.875 0.30754
16.125 79.125 0.52572
16.125 79.375 1.0869
16.125 79.625 1.0231
16.125 79.875 0.97064
16.125 80.125 0.92079
16.125 80.375 0.49712
16.125 80.625 1.4257
16.125 80.875 1.2367
16.375 73.625 0.25856
16.375 73.875 0.64912
16.375 74.125 1.4128
16.375 74.375 2.0899
16.375 74.625 2.6969
16.375 74.875 1.8596
16.375 75.125 2.0592
16.375 75.375 1.6078
16.375 75.625 0.84648
16.375 75.875 0.64497
16.375 76.125 1.8367
16.375 76.375 0.9363
16.375 76.625 0.60842
16.375 76.875 1.0949
16.375 77.125 1.0009
16.375 77.375 1.3551
16.375 77.625 1.4208
16.375 77.875 0.18772
16.375 78.125 1.3147
16.375 78.375 1.9971
16.375 78.625 1.8867
16.375 78.875 0.01951
16.375 79.125 1.5165
16.375 79.375 0.68065
16.375 79.625 0.60393
16.375 79.875 0.63851
16.375 80.125 -0.13836
16.375 80.375 -0.53881
16.375 80.625 1.1387
16.375 80.875 0.67192
16.375 81.125 0.79132
16.375 81.375 NaN
16.375 81.625 NaN
16.625 73.625 0.77355
16.625 73.875 2.0005
16.625 74.125 1.5159
16.625 74.375 1.0162
16.625 74.625 1.3432
16.625 74.875 1.2013
16.625 75.125 1.4291
16.625 75.375 1.1313
16.625 75.625 1.6829
16.625 75.875 1.7136
16.625 76.125 1.5667
16.625 76.375 1.1622
16.625 76.625 0.90964
16.625 76.875 0.67118
16.625 77.125 1.1487
16.625 77.375 1.1106
16.625 77.625 1.7035
16.625 77.875 1.1608
16.625 78.125 2.8389
16.625 78.375 2.9784
16.625 78.625 1.9114
16.625 78.875 -0.061287
16.625 79.125 -0.079858
16.625 79.375 0.45564
16.625 79.625 0.13971
16.625 79.875 -0.029954
16.625 80.125 0.09996
16.625 80.375 0.67674
16.625 80.625 1.3818
16.625 80.875 0.46237
16.625 81.125 1.2757
16.625 81.375 0.83158
16.625 81.625 1.0694
16.625 81.875 0.96595
16.625 82.125 0.89647
16.875 73.375 0.86199
16.875 73.625 2.0469
16.875 73.875 2.1958
16.875 74.125 -0.68989
16.875 74.375 0.12935
16.875 74.625 1.0642
16.875 74.875 0.82559
16.875 75.125 1.0305
16.875 75.375 2.5269
16.875 75.625 1.6021
16.875 75.875 1.5763
16.875 76.125 0.61775
16.875 76.375 0.58236
16.875 76.625 0.99531
16.875 76.875 0.82215
16.875 77.125 1.0361
16.875 77.375 1.0699
16.875 77.625 0.36333
16.875 77.875 1.3278
16.875 78.125 1.3613
16.875 78.375 1.0895
16.875 78.625 1.283
16.875 78.875 0.8745
16.875 79.125 0.57808
16.875 79.375 0.8842
16.875 79.625 -0.35993
16.875 79.875 -0.29593
16.875 80.125 0.50097
16.875 80.375 0.90608
16.875 80.625 1.5569
16.875 80.875 2.5818
16.875 81.125 1.4557
16.875 81.375 0.034994
16.875 81.625 0.93134
16.875 81.875 1.4297
16.875 82.125 1.2675
17.125 73.375 0.56062
17.125 73.625 1.0851
17.125 73.875 0.52822
17.125 74.125 0.0059716
17.125 74.375 0.016278
17.125 74.625 0.71021
17.125 74.875 0.45099
17.125 75.125 0.63858
17.125 75.375 1.2409
17.125 75.625 0.81111
17.125 75.875 0.084661
17.125 76.125 0.46263
17.125 76.375 0.68429
17.125 76.625 0.50918
17.125 76.875 0.35538
17.125 77.125 0.76985
17.125 77.375 1.8293
17.125 77.625 0.98058
17.125 77.875 0.95179
17.125 78.125 0.54031
17.125 78.375 1.2389
17.125 78.625 0.52975
17.125 78.875 1.4433
17.125 79.125 2.0561
17.125 79.375 1.2949
17.125 79.625 0.60925
17.125 79.875 0.43287
17.125 80.125 1.0002
17.125 80.375 0.94312
17.125 80.625 1.2887
17.125 80.875 1.4709
17.125 81.125 1.7361
17.125 81.375 1.4127
17.125 81.625 1.251
17.125 81.875 1.5305
17.125 82.125 1.253
17.125 82.375 1.2183
17.375 73.375 0.13272
17.375 73.625 0.96579
17.375 73.875 1.2979
17.375 74.125 0.92897
17.375 74.375 0.45779
17.375 74.625 0.83562
17.375 74.875 0.27848
17.375 75.125 0.42131
17.375 75.375 0.41689
17.375 75.625 0.12649
17.375 75.875 -0.86124
17.375 76.125 -0.089769
17.375 76.375 0.74398
17.375 76.625 0.47486
17.375 76.875 0.63242
17.375 77.125 0.26193
17.375 77.375 1.3584
17.375 77.625 0.94655
17.375 77.875 -0.44243
17.375 78.125 1.7407
17.375 78.375 1.1909
17.375 78.625 -0.13028
17.375 78.875 2.2444
17.375 79.125 2.33
17.375 79.375 1.4042
17.375 79.625 1.1503
17.375 79.875 0.66934
17.375 80.125 1.5587
17.375 80.375 1.2075
17.375 80.625 0.89663
17.375 80.875 0.80376
17.375 81.125 0.75627
17.375 81.375 0.77563
17.375 81.625 0.91629
17.375 81.875 1.0147
17.375 82.125 0.90353
17.375 82.375 0.81728
17.375 82.625 NaN
17.625 73.375 0.68286
17.625 73.625 0.021996
17.625 73.875 0.67626
17.625 74.125 1.0619
17.625 74.375 0.557
17.625 74.625 0.55102
17.625 74.875 0.49723
17.625 75.125 0.4047
17.625 75.375 0.17369
17.625 75.625 0.20502
17.625 75.875 -0.31357
17.625 76.125 0.82409
17.625 76.375 1.4196
17.625 76.625 1.0591
17.625 76.875 0.77924
17.625 77.125 0.79617
17.625 77.375 0.83081
17.625 77.625 1.3836
17.625 77.875 0.18481
17.625 78.125 0.80593
17.625 78.375 0.86316
17.625 78.625 0.7973
17.625 78.875 1.6646
17.625 79.125 1.2922
17.625 79.375 1.0686
17.625 79.625 1.9856
17.625 79.875 1.686
17.625 80.125 1.4628
17.625 80.375 1.4782
17.625 80.625 1.1365
17.625 80.875 0.92283
17.625 81.125 0.64404
17.625 81.375 0.59748
17.625 81.625 0.55339
17.625 81.875 0.2674
17.625 82.125 0.31809
17.625 82.375 0.36185
17.625 82.625 0.44416
17.625 82.875 0.43143
17.625 83.125 1.259
17.875 73.375 0.42023
17.875 73.625 0.00031141
17.875 73.875 0.95951
17.875 74.125 0.7021
17.875 74.375 0.33639
17.875 74.625 0.49997
17.875 74.875 0.79127
17.875 75.125 0.58093
17.875 75.375 0.23464
17.875 75.625 0.57081
17.875 75.875 0.80388
17.875 76.125 1.0392
17.875 76.375 1.685
17.875 76.625 1.8983
17.875 76.875 0.85564
17.875 77.125 0.61788
17.875 77.375 0.55216
17.875 77.625 0.7234
17.875 77.875 0.84773
17.875 78.125 1.0775
17.875 78.375 1.1225
17.875 78.625 1.1317
17.875 78.875 1.4294
17.875 79.125 1.7134
17.875 79.375 0.35274
17.875 79.625 0.56763
17.875 79.875 2.1474
17.875 80.125 1.0099
17.875 80.375 1.2353
17.875 80.625 1.4592
17.875 80.875 1.2651
17.875 81.125 0.78547
17.875 81.375 0.50408
17.875 81.625 0.5499
17.875 81.875 0.33511
17.875 82.125 0.17288
17.875 82.375 0.25171
17.875 82.625 1.7161
17.875 82.875 1.4242
17.875 83.125 1.4093
17.875 83.375 1.4017
18.125 73.125 NaN
18.125 73.375 0.28333
18.125 73.625 0.28228
18.125 73.875 0.62434
18.125 74.125 0.47877
18.125 74.375 0.25447
18.125 74.625 0.84817
18.125 74.875 1.1738
18.125 75.125 1.435
18.125 75.375 -0.12612
18.125 75.625 0.42414
18.125 75.875 0.61805
18.125 76.125 0.98114
18.125 76.375 1.1805
18.125 76.625 1.217
18.125 76.875 0.83183
18.125 77.125 1.0466
18.125 77.375 1.0478
18.125 77.625 1.1936
18.125 77.875 1.3842
18.125 78.125 1.2484
18.125 78.375 1.5953
18.125 78.625 1.3461
18.125 78.875 1.2904
18.125 79.125 1.0168
18.125 79.375 1.7448
18.125 79.625 1.2844
18.125 79.875 1.8054
18.125 80.125 0.15994
18.125 80.375 0.39696
18.125 80.625 2.3101
18.125 80.875 1.667
18.125 81.125 0.30645
18.125 81.375 0.33546
18.125 81.625 0.40302
18.125 81.875 0.19099
18.125 82.125 0.23519
18.125 82.375 0.26349
18.125 82.625 0.70656
18.125 82.875 1.4149
18.125 83.125 1.0293
18.125 83.375 1.6953
18.125 83.625 1.6405
18.375 73.125 -0.25053
18.375 73.375 0.32943
18.375 73.625 0.61324
18.375 73.875 0.5213
18.375 74.125 0.69823
18.375 74.375 0.60486
18.375 74.625 1.6296
18.375 74.875 1.8921
18.375 75.125 1.1412
18.375 75.375 1.1899
18.375 75.625 0.70629
18.375 75.875 0.2577
18.375 76.125 0.55934
18.375 76.375 0.52182
18.375 76.625 0.39273
18.375 76.875 0.77286
18.375 77.125 1.0104
18.375 77.375 0.63891
18.375 77.625 0.7894
18.375 77.875 1.0729
18.375 78.125 1.7464
18.375 78.375 1.555
18.375 78.625 1.9827
18.375 78.875 1.8411
18.375 79.125 -1.5144
18.375 79.375 0.5319
18.375 79.625 0.87276
18.375 79.875 0.55935
18.375 80.125 0.045339
18.375 80.375 1.4598
18.375 80.625 1.7456
18.375 80.875 0.70759
18.375 81.125 0.24212
18.375 81.375 0.30573
18.375 81.625 0.35431
18.375 81.875 0.69697
18.375 82.125 1.3087
18.375 82.375 0.85126
18.375 82.625 1.2388
18.375 82.875 1.2114
18.375 83.125 1.5907
18.375 83.375 0.42096
18.375 83.625 0.93449
18.375 83.875 1.0263
18.625 73.125 0.65485
18.625 73.375 0.25358
18.625 73.625 -0.026163
18.625 73.875 0.54579
18.625 74.125 0.97515
18.625 74.375 0.9825
18.625 74.625 1.6458
18.625 74.875 2.4163
18.625 75.125 0.54698
18.625 75.375 0.63786
18.625 75.625 0.26254
18.625 75.875 0.13708
18.625 76.125 0.28881
18.625 76.375 0.046304
18.625 76.625 0.15486
18.625 76.875 0.11544
18.625 77.125 0.7851
18.625 77.375 0.68792
18.625 77.625 1.2858
18.625 77.875 1.5281
18.625 78.125 1.6393
18.625 78.375 1.921
18.625 78.625 1.4583
18.625 78.875 1.4628
18.625 79.125 1.2427
18.625 79.375 0.92847
18.625 79.625 1.8369
18.625 79.875 1.1501
18.625 80.125 0.81768
18.625 80.375 0.83867
18.625 80.625 1.0293
18.625 80.875 0.26701
18.625 81.125 0.19688
18.625 81.375 0.48086
18.625 81.625 1.004
18.625 81.875 1.6474
18.625 82.125 1.4372
18.625 82.375 1.3678
18.625 82.625 1.3478
18.625 82.875 1.8472
18.625 83.125 1.7604
18.625 83.375 0.83816
18.625 83.625 0.90475
18.625 83.875 1.7921
18.625 84.125 1.7656
18.875 73.125 0.80524
18.875 73.375 -0.19486
18.875 73.625 0.50113
18.875 73.875 0.46393
18.875 74.125 0.92192
18.875 74.375 1.4582
18.875 74.625 0.52909
18.875 74.875 0.68783
18.875 75.125 -0.19108
18.875 75.375 -0.10067
18.875 75.625 0.19443
18.875 75.875 0.20269
18.875 76.125 0.66173
18.875 76.375 0.29123
18.875 76.625 0.26006
18.875 76.875 0.2693
18.875 77.125 0.71053
18.875 77.375 1.264
18.875 77.625 1.6805
18.875 77.875 2.0535
18.875 78.125 2.1032
18.875 78.375 2.2493
18.875 78.625 1.4801
18.875 78.875 1.4278
18.875 79.125 1.292
18.875 79.375 1.6111
18.875 79.625 1.9235
18.875 79.875 1.4971
18.875 80.125 0.97157
18.875 80.375 0.64767
18.875 80.625 0.56575
18.875 80.875 0.33705
18.875 81.125 0.3575
18.875 81.375 1.1847
18.875 81.625 1.7301
18.875 81.875 1.5867
18.875 82.125 1.53
18.875 82.375 1.4447
18.875 82.625 0.55885
18.875 82.875 0.62415
18.875 83.125 0.57983
18.875 83.375 0.32763
18.875 83.625 2.4825
18.875 83.875 2.4867
18.875 84.125 0.82992
18.875 84.375 0.70088
19.125 73.125 0.79832
19.125 73.375 0.95659
19.125 73.625 0.7346
19.125 73.875 1.0611
19.125 74.125 1.2321
19.125 74.375 2.2321
19.125 74.625 0.85785
19.125 74.875 0.43159
19.125 75.125 0.31669
19.125 75.375 0.06852
19.125 75.625 0.64481
19.125 75.875 0.47246
19.125 76.125 0.17711
19.125 76.375 0.3447
19.125 76.625 0.25694
19.125 76.875 -0.031362
19.125 77.125 0.72101
19.125 77.375 1.1482
19.125 77.625 1.2595
19.125 77.875 1.6422
19.125 78.125 1.9332
19.125 78.375 1.723
19.125 78.625 1.582
19.125 78.875 1.7333
19.125 79.125 1.5715
19.125 79.375 1.5458
19.125 79.625 1.9696
19.125 79.875 1.6211
19.125 80.125 1.1632
19.125 80.375 0.89873
19.125 80.625 0.6108
19.125 80.875 0.48357
19.125 81.125 0.49694
19.125 81.375 0.79501
19.125 81.625 1.7529
19.125 81.875 1.3464
19.125 82.125 1.0271
19.125 82.375 0.35
19.125 82.625 -0.26975
19.125 82.875 0.074233
19.125 83.125 0.39669
19.125 83.375 0.93173
19.125 83.625 2.5487
19.125 83.875 2.2956
19.125 84.125 1.5582
19.125 84.375 1.8929
19.125 84.625 1.7525
19.375 72.875 0.58929
19.375 73.125 0.8311
19.375 73.375 1.8333
19.375 73.625 1.9137
19.375 73.875 1.4684
19.375 74.125 1.9515
19.375 74.375 2.334
19.375 74.625 1.6131
19.375 74.875 1.3422
19.375 75.125 0.79448
19.375 75.375 0.74491
19.375 75.625 0.97368
19.375 75.875 0.28271
19.375 76.125 -0.057375
19.375 76.375 -0.041957
19.375 76.625 -0.34195
19.375 76.875 -0.24503
19.375 77.125 0.11622
19.375 77.375 0.73127
19.375 77.625 0.907
19.375 77.875 1.5202
19.375 78.125 1.5074
19.375 78.375 1.3656
19.375 78.625 1.2482
19.375 78.875 1.285
19.375 79.125 1.2599
19.375 79.375 1.1535
19.375 79.625 1.741
19.375 79.875 1.3939
19.375 80.125 1.1327
19.375 80.375 0.88023
19.375 80.625 0.52465
19.375 80.875 0.63233
19.375 81.125 0.18236
19.375 81.375 -0.14733
19.375 81.625 0.50364
19.375 81.875 1.617
19.375 82.125 2.3753
19.375 82.375 0.10093
19.375 82.625 -0.14122
19.375 82.875 0.28114
19.375 83.125 -0.070658
19.375 83.375 0.63183
19.375 83.625 1.8282
19.375 83.875 1.556
19.375 84.125 1.6944
19.375 84.375 1.706
19.375 84.625 1.4971
19.375 84.875 1.4297
19.625 72.875 0.24566
19.625 73.125 1.223
19.625 73.375 1.9875
19.625 73.625 2.3288
19.625 73.875 1.8876
19.625 74.125 1.8078
19.625 74.375 1.8852
19.625 74.625 1.9866
19.625 74.875 2.0535
19.625 75.125 1.0143
19.625 75.375 0.37159
19.625 75.625 -0.18975
19.625 75.875 0.1609
19.625 76.125 0.10367
19.625 76.375 -0.14504
19.625 76.625 -0.57237
19.625 76.875 -0.20831
19.625 77.125 -0.16337
19.625 77.375 0.45044
19.625 77.625 1.7609
19.625 77.875 1.5183
19.625 78.125 1.1726
19.625 78.375 0.96574
19.625 78.625 0.63634
19.625 78.875 0.55547
19.625 79.125 0.3596
19.625 79.375 0.79447
19.625 79.625 1.5357
19.625 79.875 1.3131
19.625 80.125 1.1051
19.625 80.375 0.85379
19.625 80.625 0.61085
19.625 80.875 0.78888
19.625 81.125 0.302
19.625 81.375 -0.048291
19.625 81.625 0.61864
19.625 81.875 0.93285
19.625 82.125 0.32678
19.625 82.375 0.66844
19.625 82.625 0.31085
19.625 82.875 0.84236
19.625 83.125 1.2055
19.625 83.375 2.1389
19.625 83.625 2.5749
19.625 83.875 2.6672
19.625 84.125 2.1023
19.625 84.375 1.8923
19.625 84.625 1.471
19.625 84.875 1.1557
19.625 85.125 1.0138
19.625 85.375 0.091166
19.875 72.875 0.80531
19.875 73.125 1.0353
19.875 73.375 1.9639
19.875 73.625 1.327
19.875 73.875 1.1832
19.875 74.125 1.3314
19.875 74.375 1.2644
19.875 74.625 1.7285
19.875 74.875 1.7353
19.875 75.125 0.26161
19.875 75.375 -0.25741
19.875 75.625 0.13924
19.875 75.875 0.83233
19.875 76.125 0.33973
19.875 76.375 0.17647
19.875 76.625 0.29467
19.875 76.875 0.47149
19.875 77.125 0.41017
19.875 77.375 0.85038
19.875 77.625 2.3854
19.875 77.875 1.4972
19.875 78.125 0.89934
19.875 78.375 0.94192
19.875 78.625 0.98984
19.875 78.875 0.69541
19.875 79.125 0.68222
19.875 79.375 1.5157
19.875 79.625 1.3948
19.875 79.875 1.3879
19.875 80.125 1.2163
19.875 80.375 0.88645
19.875 80.625 0.63083
19.875 80.875 0.59109
19.875 81.125 0.28761
19.875 81.375 0.33493
19.875 81.625 0.34436
19.875 81.875 0.58091
19.875 82.125 -0.30219
19.875 82.375 0.58827
19.875 82.625 0.12591
19.875 82.875 0.22506
19.875 83.125 1.397
19.875 83.375 2.1178
19.875 83.625 2.4156
19.875 83.875 2.2243
19.875 84.125 1.9628
19.875 84.375 1.7475
19.875 84.625 1.1379
19.875 84.875 0.2213
19.875 85.125 -0.0082718
19.875 85.375 0.078635
19.875 85.625 NaN
19.875 85.875 NaN
19.875 86.125 NaN
20.125 72.875 1.1686
20.125 73.125 1.703
20.125 73.375 0.20891
20.125 73.625 1.75
20.125 73.875 1.5502
20.125 74.125 1.5142
20.125 74.375 1.2162
20.125 74.625 1.0417
20.125 74.875 0.83484
20.125 75.125 0.3402
20.125 75.375 0.5796
20.125 75.625 0.53048
20.125 75.875 0.62122
20.125 76.125 0.33377
20.125 76.375 0.24865
20.125 76.625 0.099368
20.125 76.875 0.43523
20.125 77.125 0.98054
20.125 77.375 1.1602
20.125 77.625 1.8077
20.125 77.875 1.3615
20.125 78.125 1.0586
20.125 78.375 0.96327
20.125 78.625 0.69969
20.125 78.875 0.63145
20.125 79.125 0.86895
20.125 79.375 0.43538
20.125 79.625 1.5855
20.125 79.875 1.2678
20.125 80.125 1.265
20.125 80.375 1.0596
20.125 80.625 0.77339
20.125 80.875 0.68485
20.125 81.125 0.44593
20.125 81.375 0.76189
20.125 81.625 1.0483
20.125 81.875 0.33829
20.125 82.125 0.24173
20.125 82.375 0.0061655
20.125 82.625 0.10616
20.125 82.875 -0.40536
20.125 83.125 1.1711
20.125 83.375 2.096
20.125 83.625 2.6192
20.125 83.875 2.2761
20.125 84.125 2.4739
20.125 84.375 1.8414
20.125 84.625 1.0179
20.125 84.875 0.70252
20.125 85.125 0.70765
20.125 85.375 0.62608
20.125 85.625 1.2956
20.125 85.875 0.57265
20.125 86.125 0.65545
20.125 86.375 NaN
20.375 73.125 1.1128
20.375 73.375 0.31122
20.375 73.625 1.1528
20.375 73.875 1.3057
20.375 74.125 1.1108
20.375 74.375 0.81909
20.375 74.625 1.1621
20.375 74.875 0.98367
20.375 75.125 0.711
20.375 75.375 0.60959
20.375 75.625 0.60205
20.375 75.875 0.69559
20.375 76.125 0.36377
20.375 76.375 0.15697
20.375 76.625 -0.034808
20.375 76.875 0.30347
20.375 77.125 0.62249
20.375 77.375 1.2013
20.375 77.625 1.0756
20.375 77.875 0.99967
20.375 78.125 1.2276
20.375 78.375 1.2455
20.375 78.625 1.3163
20.375 78.875 0.84794
20.375 79.125 0.55314
20.375 79.375 0.56373
20.375 79.625 1.2495
20.375 79.875 0.96281
20.375 80.125 1.3274
20.375 80.375 1.158
20.375 80.625 0.8184
20.375 80.875 0.78471
20.375 81.125 1.2117
20.375 81.375 1.1672
20.375 81.625 0.89276
20.375 81.875 0.65122
20.375 82.125 -0.1659
20.375 82.375 -0.093892
20.375 82.625 1.1422
20.375 82.875 1.0131
20.375 83.125 0.50253
20.375 83.375 0.53457
20.375 83.625 2.3029
20.375 83.875 1.989
20.375 84.125 1.4344
20.375 84.375 2.2592
20.375 84.625 1.5356
20.375 84.875 0.82558
20.375 85.125 -0.098613
20.375 85.375 -0.055863
20.375 85.625 0.067394
20.375 85.875 0.51866
20.375 86.125 0.4447
20.375 86.375 -0.027272
20.375 86.625 NaN
20.625 73.125 0.54079
20.625 73.375 0.14721
20.625 73.625 -0.38799
20.625 73.875 0.1655
20.625 74.125 1.2863
20.625 74.375 2.0825
20.625 74.625 1.649
20.625 74.875 0.31991
20.625 75.125 0.75488
20.625 75.375 0.91307
20.625 75.625 0.51799
20.625 75.875 -0.28064
20.625 76.125 -0.10431
20.625 76.375 0.035315
20.625 76.625 0.38166
20.625 76.875 0.21264
20.625 77.125 -0.10536
20.625 77.375 0.69484
20.625 77.625 0.95688
20.625 77.875 1.297
20.625 78.125 1.6845
20.625 78.375 1.6788
20.625 78.625 1.761
20.625 78.875 1.4768
20.625 79.125 1.3455
20.625 79.375 0.87029
20.625 79.625 1.2624
20.625 79.875 1.1672
20.625 80.125 1.7462
20.625 80.375 0.69458
20.625 80.625 0.6976
20.625 80.875 0.92871
20.625 81.125 1.5385
20.625 81.375 1.619
20.625 81.625 0.86552
20.625 81.875 0.57867
20.625 82.125 -0.20796
20.625 82.375 0.098622
20.625 82.625 -0.22386
20.625 82.875 0.095431
20.625 83.125 0.11893
20.625 83.375 -0.096738
20.625 83.625 -0.21632
20.625 83.875 0.94775
20.625 84.125 0.19111
20.625 84.375 1.109
20.625 84.625 0.29079
20.625 84.875 0.5961
20.625 85.125 0.097925
20.625 85.375 0.56499
20.625 85.625 -0.64849
20.625 85.875 0.52425
20.625 86.125 0.26176
20.625 86.375 0.098428
20.625 86.625 0.003005
20.625 86.875 NaN
20.875 70.625 0.20319
20.875 70.875 0.19537
20.875 71.125 0.19085
20.875 71.375 0.19507
20.875 72.875 1.0054
20.875 73.125 0.80511
20.875 73.375 0.15865
20.875 73.625 -0.30892
20.875 73.875 0.58722
20.875 74.125 2.176
20.875 74.375 2.3347
20.875 74.625 1.799
20.875 74.875 0.51808
20.875 75.125 1.064
20.875 75.375 1.0488
20.875 75.625 0.2473
20.875 75.875 -0.29778
20.875 76.125 -0.18065
20.875 76.375 0.71049
20.875 76.625 0.77388
20.875 76.875 0.46245
20.875 77.125 0.42141
20.875 77.375 0.80399
20.875 77.625 1.5387
20.875 77.875 1.2886
20.875 78.125 1.8046
20.875 78.375 2.039
20.875 78.625 1.7327
20.875 78.875 2.1684
20.875 79.125 2.3912
20.875 79.375 1.6182
20.875 79.625 1.4903
20.875 79.875 1.4388
20.875 80.125 1.2602
20.875 80.375 0.86119
20.875 80.625 0.75812
20.875 80.875 1.1756
20.875 81.125 1.1554
20.875 81.375 0.77313
20.875 81.625 0.59884
20.875 81.875 0.45865
20.875 82.125 -0.27915
20.875 82.375 0.6215
20.875 82.625 -0.43781
20.875 82.875 0.10178
20.875 83.125 -0.50901
20.875 83.375 -1.0215
20.875 83.625 -0.31798
20.875 83.875 -0.34499
20.875 84.125 -0.69474
20.875 84.375 0.72277
20.875 84.625 0.07465
20.875 84.875 -0.32187
20.875 85.125 0.14476
20.875 85.375 0.15874
20.875 85.625 -0.33625
20.875 85.875 -0.12845
20.875 86.125 -0.18596
20.875 86.375 0.011538
20.875 86.625 0.31392
21.125 70.375 0.59843
21.125 70.625 0.51322
21.125 70.875 -0.068029
21.125 71.125 0.35663
21.125 71.375 0.10756
21.125 71.625 NaN
21.125 71.875 NaN
21.125 72.875 0.71378
21.125 73.125 0.29501
21.125 73.375 0.63392
21.125 73.625 0.3096
21.125 73.875 1.1525
21.125 74.125 1.6155
21.125 74.375 0.37641
21.125 74.625 0.49479
21.125 74.875 0.17006
21.125 75.125 -0.14437
21.125 75.375 1.2334
21.125 75.625 0.65038
21.125 75.875 0.35649
21.125 76.125 1.5543
21.125 76.375 1.8042
21.125 76.625 0.5477
21.125 76.875 0.29191
21.125 77.125 0.64661
21.125 77.375 1.481
21.125 77.625 1.8348
21.125 77.875 2.0085
21.125 78.125 2.4431
21.125 78.375 2.2645
21.125 78.625 1.4898
21.125 78.875 2.4511
21.125 79.125 1.928
21.125 79.375 2.5895
21.125 79.625 1.9343
21.125 79.875 2.0016
21.125 80.125 1.2794
21.125 80.375 0.81355
21.125 80.625 1.0744
21.125 80.875 1.1639
21.125 81.125 0.8059
21.125 81.375 0.61017
21.125 81.625 0.075154
21.125 81.875 0.48394
21.125 82.125 0.035903
21.125 82.375 0.65871
21.125 82.625 0.5374
21.125 82.875 0.34365
21.125 83.125 0.012923
21.125 83.375 -0.39903
21.125 83.625 0.45849
21.125 83.875 0.33256
21.125 84.125 0.69848
21.125 84.375 0.58917
21.125 84.625 -0.26678
21.125 84.875 -0.60926
21.125 85.125 -0.58595
21.125 85.375 0.20792
21.125 85.625 0.023485
21.125 85.875 -0.063785
21.125 86.125 0.41624
21.125 86.375 0.14036
21.125 86.625 0.1336
21.375 70.125 0.46438
21.375 70.375 0.19741
21.375 70.625 0.13794
21.375 70.875 -0.090555
21.375 71.125 0.11805
21.375 71.375 -0.091954
21.375 71.625 -0.35718
21.375 71.875 -0.39651
21.375 72.875 0.48069
21.375 73.125 1.5234
21.375 73.375 1.5496
21.375 73.625 1.5079
21.375 73.875 0.78773
21.375 74.125 0.68898
21.375 74.375 0.44072
21.375 74.625 0.38623
21.375 74.875 1.2861
21.375 75.125 1.0262
21.375 75.375 0.7537
21.375 75.625 0.80143
21.375 75.875 0.68205
21.375 76.125 1.8408
21.375 76.375 1.4231
21.375 76.625 0.7588
21.375 76.875 0.20177
21.375 77.125 0.82186
21.375 77.375 2.5166
21.375 77.625 2.0521
21.375 77.875 1.9825
21.375 78.125 2.3019
21.375 78.375 3.0337
21.375 78.625 2.8634
21.375 78.875 2.836
21.375 79.125 2.6891
21.375 79.375 2.821
21.375 79.625 2.7039
21.375 79.875 2.3988
21.375 80.125 0.23498
21.375 80.375 0.46987
21.375 80.625 0.56893
21.375 80.875 0.45108
21.375 81.125 0.029919
21.375 81.375 0.35106
21.375 81.625 0.99875
21.375 81.875 1.3994
21.375 82.125 0.93933
21.375 82.375 1.0498
21.375 82.625 1.0064
21.375 82.875 0.80551
21.375 83.125 0.12965
21.375 83.375 0.14138
21.375 83.625 0.14931
21.375 83.875 0.3626
21.375 84.125 0.43113
21.375 84.375 0.44097
21.375 84.625 0.7001
21.375 84.875 -0.15746
21.375 85.125 0.026716
21.375 85.375 -0.1045
21.375 85.625 -0.27575
21.375 85.875 0.028405
21.375 86.125 1.1217
21.375 86.375 -0.17178
21.375 86.625 -0.063068
21.375 86.875 -0.14976
21.625 69.875 0.45735
21.625 70.125 0.15103
21.625 70.375 0.20413
21.625 70.625 0.18648
21.625 70.875 0.20377
21.625 71.125 0.13738
21.625 71.375 0.53146
21.625 71.625 0.17669
21.625 71.875 -0.077309
21.625 72.125 -0.052973
21.625 72.875 0.04841
21.625 73.125 0.13167
21.625 73.375 0.63628
21.625 73.625 0.74344
21.625 73.875 0.35241
21.625 74.125 0.43912
21.625 74.375 0.53247
21.625 74.625 1.5825
21.625 74.875 1.6622
21.625 75.125 1.1263
21.625 75.375 0.53208
21.625 75.625 0.86299
21.625 75.875 0.8217
21.625 76.125 0.86866
21.625 76.375 1.0031
21.625 76.625 0.76132
21.625 76.875 1.1509
21.625 77.125 1.7545
21.625 77.375 2.5538
21.625 77.625 1.5609
21.625 77.875 1.6476
21.625 78.125 2.0164
21.625 78.375 2.8785
21.625 78.625 3.1054
21.625 78.875 3.0302
21.625 79.125 2.401
21.625 79.375 1.4227
21.625 79.625 2.1964
21.625 79.875 1.2867
21.625 80.125 0.34395
21.625 80.375 1.1005
21.625 80.625 0.63564
21.625 80.875 0.28644
21.625 81.125 -0.21596
21.625 81.375 0.038149
21.625 81.625 0.96615
21.625 81.875 1.6376
21.625 82.125 1.7705
21.625 82.375 1.4781
21.625 82.625 0.92502
21.625 82.875 NaN
21.625 83.125 0.76402
21.625 83.375 0.19012
21.625 83.625 -0.032263
21.625 83.875 0.014832
21.625 84.125 -0.10314
21.625 84.375 -0.28014
21.625 84.625 0.20527
21.625 84.875 0.12832
21.625 85.125 -0.31557
21.625 85.375 -0.030638
21.625 85.625 0.081108
21.625 85.875 0.5421
21.625 86.125 0.14
21.625 86.375 0.1198
21.625 86.625 -0.27744
21.625 86.875 0.010987
21.625 87.125 -0.0097459
21.625 87.375 NaN
21.875 69.375 NaN
21.875 69.625 0.35126
21.875 69.875 0.22964
21.875 70.125 0.16715
21.875 70.375 0.32194
21.875 70.625 0.17048
21.875 70.875 -0.12871
21.875 71.125 0.020876
21.875 71.375 0.4537
21.875 71.625 0.35079
21.875 71.875 0.13442
21.875 72.125 0.13507
21.875 72.625 NaN
21.875 72.875 0.65005
21.875 73.125 0.36798
21.875 73.375 0.14711
21.875 73.625 -0.10197
21.875 73.875 0.2219
21.875 74.125 0.31288
21.875 74.375 1.1095
21.875 74.625 2.2052
21.875 74.875 1.7202
21.875 75.125 0.17886
21.875 75.375 -0.02715
21.875 75.625 0.93286
21.875 75.875 0.93518
21.875 76.125 0.72646
21.875 76.375 0.9713
21.875 76.625 0.87674
21.875 76.875 0.60917
21.875 77.125 1.7146
21.875 77.375 1.7959
21.875 77.625 1.7162
21.875 77.875 1.425
21.875 78.125 1.8402
21.875 78.375 2.3249
21.875 78.625 2.4578
21.875 78.875 2.4294
21.875 79.125 1.6575
21.875 79.375 1.2337
21.875 79.625 1.7036
21.875 79.875 1.4454
21.875 80.125 1.4044
21.875 80.375 1.6245
21.875 80.625 1.0094
21.875 80.875 0.60834
21.875 81.125 0.5498
21.875 81.375 0.45585
21.875 81.625 1.184
21.875 81.875 1.3616
21.875 82.125 1.1576
21.875 82.375 1.656
21.875 82.625 0.18785
21.875 82.875 0.24371
21.875 83.125 0.63871
21.875 83.375 1.1325
21.875 83.625 -0.016008
21.875 83.875 0.10714
21.875 84.125 0.0081379
21.875 84.375 0.0067972
21.875 84.625 0.10049
21.875 84.875 -0.12904
21.875 85.125 -0.24808
21.875 85.375 -0.12079
21.875 85.625 0.22448
21.875 85.875 0.67832
21.875 86.125 0.074784
21.875 86.375 -0.046696
21.875 86.625 0.026024
21.875 86.875 0.016457
21.875 87.125 -0.053005
21.875 87.375 -0.020531
21.875 87.625 -0.43495
21.875 87.875 -1.0403
21.875 88.375 -0.66615
21.875 88.625 NaN
21.875 88.875 NaN
22.125 69.125 0.75845
22.125 69.375 0.99655
22.125 69.625 0.70375
22.125 69.875 -0.064432
22.125 70.125 0.066445
22.125 70.375 0.17977
22.125 70.625 0.44033
22.125 70.875 0.23563
22.125 71.125 0.37146
22.125 71.375 0.17898
22.125 71.625 0.044624
22.125 71.875 -0.060037
22.125 72.125 -0.099381
22.125 72.625 NaN
22.125 72.875 -0.14393
22.125 73.125 -0.10482
22.125 73.375 0.21702
22.125 73.625 0.073505
22.125 73.875 -0.019348
22.125 74.125 0.13216
22.125 74.375 0.36608
22.125 74.625 1.2277
22.125 74.875 0.6696
22.125 75.125 0.080169
22.125 75.375 -0.038231
22.125 75.625 0.75107
22.125 75.875 1.0346
22.125 76.125 1.3058
22.125 76.375 1.1314
22.125 76.625 0.91052
22.125 76.875 0.88483
22.125 77.125 1.3555
22.125 77.375 1.8153
22.125 77.625 2.023
22.125 77.875 2.0323
22.125 78.125 1.6622
22.125 78.375 1.3234
22.125 78.625 1.4235
22.125 78.875 0.77966
22.125 79.125 1.0471
22.125 79.375 1.0486
22.125 79.625 0.9608
22.125 79.875 1.5443
22.125 80.125 1.4056
22.125 80.375 1.3295
22.125 80.625 0.94733
22.125 80.875 0.67464
22.125 81.125 1.1855
22.125 81.375 0.92013
22.125 81.625 1.1736
22.125 81.875 1.2202
22.125 82.125 0.63552
22.125 82.375 0.040561
22.125 82.625 0.30707
22.125 82.875 -0.05061
22.125 83.125 0.23413
22.125 83.375 0.46682
22.125 83.625 -0.13595
22.125 83.875 -0.3414
22.125 84.125 0.29018
22.125 84.375 0.24293
22.125 84.625 0.37708
22.125 84.875 0.24873
22.125 85.125 -0.16557
22.125 85.375 -0.093842
22.125 85.625 0.1913
22.125 85.875 0.12138
22.125 86.125 0.018874
22.125 86.375 0.26317
22.125 86.625 0.21547
22.125 86.875 0.17156
22.125 87.125 -0.050419
22.125 87.375 -0.73349
22.125 87.625 -0.79755
22.125 87.875 -0.63113
22.125 88.125 -0.39098
22.125 88.375 -0.45501
22.125 92.875 NaN
22.375 69.125 0.90309
22.375 69.875 0.024188
22.375 70.125 0.29495
22.375 70.375 -0.27794
22.375 70.625 0.024691
22.375 70.875 -0.044644
22.375 71.125 0.20374
22.375 71.375 0.026117
22.375 71.625 -0.30447
22.375 71.875 -0.16494
22.375 72.125 -0.37986
22.375 72.625 NaN
22.375 72.875 -0.48359
22.375 73.125 -0.16991
22.375 73.375 -0.16002
22.375 73.625 0.53944
22.375 73.875 -0.55377
22.375 74.125 -0.082322
22.375 74.375 0.14179
22.375 74.625 0.21745
22.375 74.875 0.17297
22.375 75.125 0.12619
22.375 75.375 0.3922
22.375 75.625 0.51799
22.375 75.875 0.9974
22.375 76.125 1.5103
22.375 76.375 1.5093
22.375 76.625 1.7912
22.375 76.875 1.1548
22.375 77.125 1.357
22.375 77.375 1.8078
22.375 77.625 2.4446
22.375 77.875 2.3883
22.375 78.125 1.5516
22.375 78.375 1.2947
22.375 78.625 1.0312
22.375 78.875 1.3075
22.375 79.125 1.5705
22.375 79.375 1.6017
22.375 79.625 0.88549
22.375 79.875 0.93853
22.375 80.125 1.1185
22.375 80.375 1.4066
22.375 80.625 1.3376
22.375 80.875 1.3888
22.375 81.125 2.009
22.375 81.375 2.1466
22.375 81.625 1.5886
22.375 81.875 0.8611
22.375 82.125 0.52125
22.375 82.375 0.2279
22.375 82.625 -0.026261
22.375 82.875 0.19516
22.375 83.125 0.42401
22.375 83.375 0.22061
22.375 83.625 -0.027342
22.375 83.875 0.02633
22.375 84.125 0.21609
22.375 84.375 -0.039685
22.375 84.625 0.12033
22.375 84.875 -0.038388
22.375 85.125 -0.20584
22.375 85.375 -0.080203
22.375 85.625 0.058248
22.375 85.875 0.056735
22.375 86.125 -0.14045
22.375 86.375 0.15344
22.375 86.625 0.066142
22.375 86.875 -0.15669
22.375 87.125 -0.085996
22.375 87.375 -0.73179
22.375 87.625 -0.83734
22.375 87.875 -0.68724
22.375 88.125 -1.0479
22.375 88.375 -0.98244
22.375 88.625 -0.94109
22.375 88.875 -0.92479
22.375 92.875 2.0722
22.625 70.375 0.63612
22.625 70.625 0.53348
22.625 70.875 -0.0091002
22.625 71.125 -0.090718
22.625 71.375 -0.013104
22.625 71.625 -0.10825
22.625 71.875 -0.64882
22.625 72.125 -0.72216
22.625 72.375 -0.14456
22.625 72.625 0.4051
22.625 72.875 -0.19694
22.625 73.125 -0.18831
22.625 73.375 0.17217
22.625 73.625 -0.19731
22.625 73.875 -0.5654
22.625 74.125 -0.4865
22.625 74.375 -0.08404
22.625 74.625 0.068089
22.625 74.875 0.18791
22.625 75.125 0.22876
22.625 75.375 0.48953
22.625 75.625 0.5523
22.625 75.875 1.7053
22.625 76.125 1.5754
22.625 76.375 1.4134
22.625 76.625 1.7424
22.625 76.875 1.2928
22.625 77.125 1.4041
22.625 77.375 2.0747
22.625 77.625 2.1852
22.625 77.875 2.5872
22.625 78.125 2.159
22.625 78.375 1.5605
22.625 78.625 1.0032
22.625 78.875 1.4058
22.625 79.125 1.4723
22.625 79.375 1.4279
22.625 79.625 0.79388
22.625 79.875 0.74356
22.625 80.125 0.83478
22.625 80.375 1.2152
22.625 80.625 1.6671
22.625 80.875 1.9821
22.625 81.125 1.9782
22.625 81.375 2.2481
22.625 81.625 1.3035
22.625 81.875 0.89583
22.625 82.125 0.44149
22.625 82.375 0.31728
22.625 82.625 0.6746
22.625 82.875 0.61869
22.625 83.125 0.42609
22.625 83.375 0.25447
22.625 83.625 0.14229
22.625 83.875 0.097364
22.625 84.125 -0.20529
22.625 84.375 -0.40553
22.625 84.625 -0.25316
22.625 84.875 -0.1371
22.625 85.125 -0.29353
22.625 85.375 -0.23611
22.625 85.625 0.54934
22.625 85.875 0.98602
22.625 86.125 -0.26141
22.625 86.375 -0.35589
22.625 86.625 -0.25082
22.625 86.875 -0.10523
22.625 87.125 0.063935
22.625 87.375 -0.66167
22.625 87.625 -0.64352
22.625 87.875 -0.97453
22.625 88.125 -0.91909
22.625 88.375 -1.0565
22.625 88.625 -0.93582
22.625 88.875 -0.88753
22.625 92.625 0.4112
22.625 92.875 1.71
22.875 69.375 NaN
22.875 69.625 NaN
22.875 69.875 NaN
22.875 70.625 0.45504
22.875 70.875 0.077222
22.875 71.125 -0.20348
22.875 71.375 -0.38274
22.875 71.625 -0.33904
22.875 71.875 -0.91686
22.875 72.125 -0.68463
22.875 72.375 -0.24884
22.875 72.625 0.87964
22.875 72.875 -0.13451
22.875 73.125 0.19716
22.875 73.375 0.10356
22.875 73.625 0.40908
22.875 73.875 -0.39696
22.875 74.125 -0.10041
22.875 74.375 -0.089901
22.875 74.625 -0.11418
22.875 74.875 0.45652
22.875 75.125 0.63353
22.875 75.375 0.76081
22.875 75.625 0.88043
22.875 75.875 1.813
22.875 76.125 2.1657
22.875 76.375 1.5852
22.875 76.625 1.7421
22.875 76.875 1.9015
22.875 77.125 2.1721
22.875 77.375 2.1583
22.875 77.625 2.2229
22.875 77.875 2.3778
22.875 78.125 2.6318
22.875 78.375 1.6476
22.875 78.625 0.98244
22.875 78.875 1.0923
22.875 79.125 1.4473
22.875 79.375 1.0659
22.875 79.625 0.90713
22.875 79.875 0.63293
22.875 80.125 0.47667
22.875 80.375 0.8046
22.875 80.625 1.8358
22.875 80.875 1.9757
22.875 81.125 1.8466
22.875 81.375 1.7083
22.875 81.625 0.39326
22.875 81.875 -0.16046
22.875 82.125 -0.10283
22.875 82.375 0.65682
22.875 82.625 1.1036
22.875 82.875 0.99426
22.875 83.125 0.63991
22.875 83.375 0.55313
22.875 83.625 0.10663
22.875 83.875 0.32698
22.875 84.125 -0.25113
22.875 84.375 -0.7369
22.875 84.625 -0.46442
22.875 84.875 -0.8815
22.875 85.125 -0.56545
22.875 85.375 -0.35054
22.875 85.625 -0.44457
22.875 85.875 0.037886
22.875 86.125 -0.4083
22.875 86.375 -0.93742
22.875 86.625 -0.34493
22.875 86.875 -0.1072
22.875 87.125 -0.35566
22.875 87.375 -0.66395
22.875 87.625 -0.59431
22.875 87.875 -0.46651
22.875 88.125 -0.81359
22.875 88.375 -0.91439
22.875 88.625 -0.99673
22.875 92.625 0.023887
22.875 92.875 0.9927
23.125 68.875 1.1387
23.125 69.125 1.1083
23.125 69.375 1.3257
23.125 69.625 1.4867
23.125 69.875 1.1942
23.125 70.125 0.75461
23.125 70.875 -0.022763
23.125 71.125 -0.2095
23.125 71.375 -0.53444
23.125 71.625 -0.39212
23.125 71.875 -0.7651
23.125 72.125 -0.055907
23.125 72.375 0.0061752
23.125 72.625 0.40704
23.125 72.875 -0.11546
23.125 73.125 -0.082903
23.125 73.375 0.38373
23.125 73.625 0.59578
23.125 73.875 0.2071
23.125 74.125 0.31919
23.125 74.375 0.23405
23.125 74.625 0.59427
23.125 74.875 0.85613
23.125 75.125 0.80633
23.125 75.375 1.181
23.125 75.625 1.0423
23.125 75.875 1.1244
23.125 76.125 2.1255
23.125 76.375 1.6875
23.125 76.625 1.4648
23.125 76.875 1.8789
23.125 77.125 2.4369
23.125 77.375 2.1851
23.125 77.625 2.0112
23.125 77.875 2.1073
23.125 78.125 1.6177
23.125 78.375 1.5415
23.125 78.625 0.80382
23.125 78.875 1.1758
23.125 79.125 1.3286
23.125 79.375 1.2695
23.125 79.625 0.79843
23.125 79.875 0.64103
23.125 80.125 0.489
23.125 80.375 0.54103
23.125 80.625 1.257
23.125 80.875 1.6074
23.125 81.125 1.4064
23.125 81.375 0.4936
23.125 81.625 0.40896
23.125 81.875 -0.97834
23.125 82.125 0.04063
23.125 82.375 0.59071
23.125 82.625 0.90431
23.125 82.875 0.91424
23.125 83.125 0.31483
23.125 83.375 0.090235
23.125 83.625 -0.0072386
23.125 83.875 0.41314
23.125 84.125 -0.43634
23.125 84.375 -0.2775
23.125 84.625 -0.56036
23.125 84.875 -0.61002
23.125 85.125 -0.61883
23.125 85.375 0.57361
23.125 85.625 1.1327
23.125 85.875 0.19015
23.125 86.125 -0.13345
23.125 86.375 -0.47164
23.125 86.625 -0.35528
23.125 86.875 -0.0037772
23.125 87.125 -0.30785
23.125 87.375 -0.64409
23.125 87.625 -0.71804
23.125 87.875 -1.1523
23.125 88.125 -1.6353
23.125 88.375 -1.3971
23.125 88.625 -1.2977
23.125 91.625 NaN
23.125 92.625 -0.56936
23.125 92.875 -0.21094
23.125 93.125 NaN
23.375 68.875 1.3386
23.375 69.125 1.1461
23.375 69.375 1.2605
23.375 69.625 1.3078
23.375 69.875 1.0071
23.375 70.125 0.61983
23.375 70.375 0.51786
23.375 70.625 0.45581
23.375 70.875 0.21862
23.375 71.125 0.26579
23.375 71.375 0.34706
23.375 71.625 0.37603
23.375 71.875 0.85665
23.375 72.125 0.49588
23.375 72.375 0.14983
23.375 72.625 0.25345
23.375 72.875 0.47053
23.375 73.125 0.44459
23.375 73.375 0.86542
23.375 73.625 0.74136
23.375 73.875 0.32047
23.375 74.125 0.36787
23.375 74.375 0.81532
23.375 74.625 1.3331
23.375 74.875 1.6535
23.375 75.125 1.3446
23.375 75.375 1.5528
23.375 75.625 1.3063
23.375 75.875 1.166
23.375 76.125 1.556
23.375 76.375 1.7556
23.375 76.625 2.328
23.375 76.875 2.8378
23.375 77.125 2.7142
23.375 77.375 1.8718
23.375 77.625 1.4956
23.375 77.875 1.8782
23.375 78.125 2.1311
23.375 78.375 1.7617
23.375 78.625 1.5677
23.375 78.875 1.441
23.375 79.125 1.0234
23.375 79.375 1.0607
23.375 79.625 0.94044
23.375 79.875 0.91307
23.375 80.125 0.50648
23.375 80.375 -0.23158
23.375 80.625 -0.28537
23.375 80.875 0.57322
23.375 81.125 0.6465
23.375 81.375 0.37649
23.375 81.625 0.24947
23.375 81.875 -0.1309
23.375 82.125 0.11122
23.375 82.375 0.40916
23.375 82.625 0.74809
23.375 82.875 0.55111
23.375 83.125 -0.34732
23.375 83.375 -0.81628
23.375 83.625 -0.65542
23.375 83.875 -0.064319
23.375 84.125 -0.089871
23.375 84.375 0.38172
23.375 84.625 -0.3673
23.375 84.875 -0.95016
23.375 85.125 -0.80223
23.375 85.375 0.83194
23.375 85.625 1.6575
23.375 85.875 0.55172
23.375 86.125 -0.019004
23.375 86.375 -0.33173
23.375 86.625 -0.72612
23.375 86.875 -0.0073768
23.375 87.125 -0.40071
23.375 87.375 -0.55966
23.375 87.625 -0.80463
23.375 87.875 -1.4295
23.375 88.125 -1.7253
23.375 88.375 -1.5263
23.375 88.625 -1.5372
23.375 91.375 -0.85424
23.375 91.625 -0.64091
23.375 92.625 -0.7702
23.375 92.875 -0.59709
23.375 93.125 -0.45271
23.625 68.625 1.7648
23.625 68.875 1.6979
23.625 69.125 1.3806
23.625 69.375 1.3449
23.625 69.625 1.1659
23.625 69.875 1.0055
23.625 70.125 0.66466
23.625 70.375 0.55232
23.625 70.625 0.50429
23.625 70.875 0.74563
23.625 71.125 0.91225
23.625 71.375 1.1012
23.625 71.625 0.10217
23.625 71.875 0.32384
23.625 72.125 0.53283
23.625 72.375 -0.0058808
23.625 72.625 0.78494
23.625 72.875 0.96426
23.625 73.125 0.72784
23.625 73.375 0.64889
23.625 73.625 0.6215
23.625 73.875 0.29269
23.625 74.125 0.91615
23.625 74.375 0.8528
23.625 74.625 1.4492
23.625 74.875 2.0616
23.625 75.125 1.6919
23.625 75.375 1.602
23.625 75.625 1.7284
23.625 75.875 2.119
23.625 76.125 2.0888
23.625 76.375 2.5027
23.625 76.625 3.3589
23.625 76.875 2.9744
23.625 77.125 2.8066
23.625 77.375 1.6328
23.625 77.625 1.2754
23.625 77.875 1.6553
23.625 78.125 1.8163
23.625 78.375 1.5927
23.625 78.625 1.4386
23.625 78.875 1.41
23.625 79.125 0.89193
23.625 79.375 0.95634
23.625 79.625 1.119
23.625 79.875 1.0138
23.625 80.125 0.26069
23.625 80.375 -0.092316
23.625 80.625 -0.26099
23.625 80.875 -0.0071959
23.625 81.125 0.33793
23.625 81.375 0.34947
23.625 81.625 0.27399
23.625 81.875 0.13291
23.625 82.125 0.2816
23.625 82.375 0.14014
23.625 82.625 -0.024
23.625 82.875 -0.73812
23.625 83.125 -1.2001
23.625 83.375 -1.1688
23.625 83.625 -0.98432
23.625 83.875 -0.077731
23.625 84.125 0.59682
23.625 84.375 -0.37661
23.625 84.625 -0.57984
23.625 84.875 -0.81151
23.625 85.125 -1.0512
23.625 85.375 0.15113
23.625 85.625 -0.42774
23.625 85.875 -0.61415
23.625 86.125 -1.0253
23.625 86.375 -0.8804
23.625 86.625 -0.93901
23.625 86.875 -0.74823
23.625 87.125 -0.72414
23.625 87.375 -0.79986
23.625 87.625 -1.1907
23.625 87.875 -1.3672
23.625 88.125 -1.6256
23.625 88.375 -1.5957
23.625 91.375 -0.16711
23.625 91.625 -0.41541
23.625 91.875 NaN
23.625 92.375 -1.2652
23.625 92.625 -0.9222
23.625 92.875 -0.62149
23.625 93.125 -0.43079
23.875 68.875 1.7348
23.875 69.125 1.6483
23.875 69.375 1.6144
23.875 69.625 1.2858
23.875 69.875 0.92554
23.875 70.125 0.7347
23.875 70.375 0.58972
23.875 70.625 0.62615
23.875 70.875 0.79951
23.875 71.125 0.98753
23.875 71.375 0.87535
23.875 71.625 1.2213
23.875 71.875 1.0838
23.875 72.125 1.3643
23.875 72.375 0.77605
23.875 72.625 0.772
23.875 72.875 0.82783
23.875 73.125 0.65566
23.875 73.375 0.80015
23.875 73.625 0.64637
23.875 73.875 1.0365
23.875 74.125 1.2145
23.875 74.375 1.184
23.875 74.625 1.3275
23.875 74.875 1.7783
23.875 75.125 1.3767
23.875 75.375 1.2366
23.875 75.625 2.1134
23.875 75.875 1.8988
23.875 76.125 2.3657
23.875 76.375 2.5891
23.875 76.625 3.4651
23.875 76.875 2.7948
23.875 77.125 2.7083
23.875 77.375 2.1143
23.875 77.625 1.5921
23.875 77.875 1.0477
23.875 78.125 0.90722
23.875 78.375 1.3391
23.875 78.625 1.0041
23.875 78.875 0.77513
23.875 79.125 0.66905
23.875 79.375 1.0715
23.875 79.625 1.0166
23.875 79.875 0.8189
23.875 80.125 0.47213
23.875 80.375 -0.14112
23.875 80.625 -0.26156
23.875 80.875 -0.24037
23.875 81.125 -0.056557
23.875 81.375 0.12209
23.875 81.625 0.20779
23.875 81.875 0.29022
23.875 82.125 0.22374
23.875 82.375 -0.0051803
23.875 82.625 -0.66287
23.875 82.875 -1.0167
23.875 83.125 -1.2651
23.875 83.375 -1.524
23.875 83.625 -1.4233
23.875 83.875 -0.54025
23.875 84.125 -1.0448
23.875 84.375 -0.61999
23.875 84.625 -0.29355
23.875 84.875 -0.50733
23.875 85.125 -0.62589
23.875 85.375 -0.80114
23.875 85.625 -0.048788
23.875 85.875 -1.2887
23.875 86.125 -2.0269
23.875 86.375 -1.2117
23.875 86.625 -0.94496
23.875 86.875 -0.67385
23.875 87.125 -0.74682
23.875 87.375 -1.0711
23.875 87.625 -1.5992
23.875 87.875 -1.8375
23.875 88.125 -1.7046
23.875 88.375 -1.7021
23.875 91.375 -0.19816
23.875 91.625 -0.56706
23.875 91.875 -0.41494
23.875 92.125 -1.0108
23.875 92.375 -1.093
23.875 92.625 -0.74792
23.875 92.875 -0.28939
23.875 93.125 -0.44784
23.875 93.375 -0.37367
24.125 68.875 1.8064
24.125 69.125 1.8607
24.125 69.375 1.7163
24.125 69.625 1.1726
24.125 69.875 0.8735
24.125 70.125 0.67088
24.125 70.375 0.56367
24.125 70.625 0.54152
24.125 70.875 0.76016
24.125 71.125 0.58409
24.125 71.375 0.63393
24.125 71.625 0.86956
24.125 71.875 1.5051
24.125 72.125 1.6601
24.125 72.375 1.1371
24.125 72.625 1.2733
24.125 72.875 1.2157
24.125 73.125 0.72625
24.125 73.375 0.70564
24.125 73.625 1.404
24.125 73.875 1.378
24.125 74.125 0.89109
24.125 74.375 0.91849
24.125 74.625 1.6113
24.125 74.875 1.8324
24.125 75.125 1.5823
24.125 75.375 1.839
24.125 75.625 1.9229
24.125 75.875 1.7529
24.125 76.125 2.0298
24.125 76.375 1.8226
24.125 76.625 1.6794
24.125 76.875 2.3001
24.125 77.125 2.4651
24.125 77.375 2.2247
24.125 77.625 1.732
24.125 77.875 1.3842
24.125 78.125 0.98354
24.125 78.375 0.63764
24.125 78.625 0.58007
24.125 78.875 0.26959
24.125 79.125 0.35866
24.125 79.375 0.94165
24.125 79.625 1.1462
24.125 79.875 0.71957
24.125 80.125 0.4326
24.125 80.375 -0.5187
24.125 80.625 -0.33953
24.125 80.875 -0.19338
24.125 81.125 -0.24647
24.125 81.375 -0.20069
24.125 81.625 0.033872
24.125 81.875 0.16848
24.125 82.125 0.25344
24.125 82.375 -0.3167
24.125 82.625 -0.78539
24.125 82.875 -0.87026
24.125 83.125 -1.2111
24.125 83.375 -1.7679
24.125 83.625 -1.7179
24.125 83.875 -1.1879
24.125 84.125 -0.98159
24.125 84.375 -1.3478
24.125 84.625 -0.734
24.125 84.875 -0.31428
24.125 85.125 -0.61164
24.125 85.375 -0.11677
24.125 85.625 0.43813
24.125 85.875 -0.46847
24.125 86.125 -1.5316
24.125 86.375 -1.39
24.125 86.625 -0.77784
24.125 86.875 -0.11015
24.125 87.125 -0.48669
24.125 87.375 -0.96526
24.125 87.625 -1.7803
24.125 87.875 -2.1121
24.125 88.125 -1.6544
24.125 88.375 -1.5416
24.125 91.875 0.045102
24.125 92.125 0.019048
24.125 92.375 -0.32201
24.125 92.625 -0.0045721
24.125 92.875 0.087025
24.125 93.125 -0.49602
24.125 93.375 -1.0392
24.125 93.625 -1.1227
24.125 93.875 -1.0861
24.125 94.125 NaN
24.375 71.375 0.65588
24.375 71.625 0.84874
24.375 71.875 1.0503
24.375 72.125 1.2536
24.375 72.375 0.26287
24.375 72.625 0.71088
24.375 72.875 1.1559
24.375 73.125 1.0846
24.375 73.375 0.92378
24.375 73.625 0.9268
24.375 73.875 0.9186
24.375 74.125 0.6663
24.375 74.375 0.69573
24.375 74.625 1.943
24.375 74.875 1.3924
24.375 75.125 1.6062
24.375 75.375 1.6999
24.375 75.625 1.7009
24.375 75.875 1.5765
24.375 76.125 2.0897
24.375 76.375 1.3158
24.375 76.625 1.356
24.375 76.875 1.3843
24.375 77.125 2.0877
24.375 77.375 1.7516
24.375 77.625 1.5625
24.375 77.875 1.3966
24.375 78.125 0.81582
24.375 78.375 0.72612
24.375 78.625 0.50444
24.375 78.875 0.44533
24.375 79.125 0.56186
24.375 79.375 0.91529
24.375 79.625 1.3876
24.375 79.875 1.3856
24.375 80.125 1.4243
24.375 80.375 0.85905
24.375 80.625 0.23292
24.375 80.875 0.081186
24.375 81.125 -0.24393
24.375 81.375 -0.33306
24.375 81.625 -0.079534
24.375 81.875 -0.14728
24.375 82.125 -0.034167
24.375 82.375 -0.082545
24.375 82.625 -0.1708
24.375 82.875 -0.54055
24.375 83.125 -1.295
24.375 83.375 -1.0304
24.375 83.625 -0.47609
24.375 83.875 -0.7438
24.375 84.125 -1.0342
24.375 84.375 -1.214
24.375 84.625 -1.0186
24.375 84.875 0.39404
24.375 85.125 -0.021493
24.375 85.375 -0.29865
24.375 85.625 -0.12733
24.375 85.875 -1.2435
24.375 86.125 -1.5218
24.375 86.375 -1.1942
24.375 86.625 -0.94337
24.375 86.875 -0.78917
24.375 87.125 -1.5299
24.375 87.375 -2.5774
24.375 87.625 -1.6991
24.375 87.875 -2.1354
24.375 88.125 -2.0377
24.375 92.375 -0.29123
24.375 92.625 -0.34405
24.375 92.875 -0.052741
24.375 93.125 -0.64202
24.375 93.375 -1.1748
24.375 93.625 -1.1392
24.375 93.875 -1.1181
24.375 94.125 -0.81423
24.625 71.125 0.37794
24.625 71.375 0.52545
24.625 71.625 0.53278
24.625 71.875 1.1022
24.625 72.125 0.86291
24.625 72.375 0.44194
24.625 72.625 0.17191
24.625 72.875 0.85214
24.625 73.125 1.1823
24.625 73.375 1.5538
24.625 73.625 1.0766
24.625 73.875 0.95713
24.625 74.125 0.68129
24.625 74.375 1.1567
24.625 74.625 2.0054
24.625 74.875 1.5305
24.625 75.125 1.5934
24.625 75.375 1.7445
24.625 75.625 1.6543
24.625 75.875 1.5084
24.625 76.125 1.6951
24.625 76.375 1.6608
24.625 76.625 1.7427
24.625 76.875 0.99288
24.625 77.125 1.409
24.625 77.375 1.6182
24.625 77.625 1.6834
24.625 77.875 1.2553
24.625 78.125 0.72732
24.625 78.375 0.71392
24.625 78.625 0.49891
24.625 78.875 0.46477
24.625 79.125 0.67632
24.625 79.375 1.0128
24.625 79.625 1.398
24.625 79.875 1.3416
24.625 80.125 1.3535
24.625 80.375 1.1447
24.625 80.625 3.722
24.625 80.875 1.7721
24.625 81.125 -0.2201
24.625 81.375 -0.35492
24.625 81.625 0.3963
24.625 81.875 0.25871
24.625 82.125 -0.31288
24.625 82.375 0.030177
24.625 82.625 -0.083797
24.625 82.875 -0.040254
24.625 83.125 -0.71312
24.625 83.375 -1.0845
24.625 83.625 -0.99676
24.625 83.875 -0.87668
24.625 84.125 -0.72934
24.625 84.375 -0.94049
24.625 84.625 -1.0457
24.625 84.875 0.14718
24.625 85.125 -0.4715
24.625 85.375 -0.17415
24.625 85.625 -0.64492
24.625 85.875 -1.7923
24.625 86.125 -1.2623
24.625 86.375 -0.94267
24.625 86.625 -1.1423
24.625 86.875 -1.5508
24.625 87.125 -1.9062
24.625 87.375 -2.0425
24.625 87.625 -1.6824
24.625 87.875 -1.5938
24.625 92.375 -0.24083
24.625 92.625 -0.52301
24.625 92.875 -0.50647
24.625 93.125 -1.0001
24.625 93.375 -1.1488
24.625 93.625 -1.3518
24.625 93.875 -1.037
24.625 94.125 -0.5795
24.625 94.375 NaN
24.875 71.125 0.39934
24.875 71.375 0.11547
24.875 71.625 0.24477
24.875 71.875 0.51282
24.875 72.125 1.0731
24.875 72.375 0.89441
24.875 72.625 0.37974
24.875 72.875 0.48427
24.875 73.125 -0.0090323
24.875 73.375 0.56996
24.875 73.625 0.92847
24.875 73.875 0.56962
24.875 74.125 0.28983
24.875 74.375 1.1219
24.875 74.625 1.4162
24.875 74.875 1.235
24.875 75.125 1.5064
24.875 75.375 1.5971
24.875 75.625 2.1745
24.875 75.875 1.7082
24.875 76.125 1.8393
24.875 76.375 1.7327
24.875 76.625 1.9665
24.875 76.875 1.912
24.875 77.125 1.8999
24.875 77.375 1.9813
24.875 77.625 1.8582
24.875 77.875 1.4017
24.875 78.125 1.2755
24.875 78.375 1.6204
24.875 78.625 1.1556
24.875 78.875 0.43184
24.875 79.125 0.50728
24.875 79.375 0.95436
24.875 79.625 1.1559
24.875 79.875 1.3613
24.875 80.125 -0.28152
24.875 80.375 1.9048
24.875 80.625 4.3505
24.875 80.875 3.6
24.875 81.125 -0.11495
24.875 81.375 -0.87765
24.875 81.625 -0.87001
24.875 81.875 -0.51273
24.875 82.125 -0.78005
24.875 82.375 -0.70183
24.875 82.625 -0.17617
24.875 82.875 0.72066
24.875 83.125 -0.16369
24.875 83.375 -1.0127
24.875 83.625 -1.0944
24.875 83.875 -0.93972
24.875 84.125 -0.74105
24.875 84.375 -1.3003
24.875 84.625 -1.2078
24.875 84.875 0.092882
24.875 85.125 -0.75036
24.875 85.375 -1.2342
24.875 85.625 -0.904
24.875 85.875 -1.0548
24.875 86.125 -1.0371
24.875 86.375 -0.88604
24.875 86.625 -1.3671
24.875 86.875 -0.94165
24.875 87.125 -1.6407
24.875 87.375 -1.347
24.875 87.625 -1.2073
24.875 87.875 -1.4231
24.875 88.125 -1.4491
24.875 92.625 -0.97808
24.875 92.875 -0.68549
24.875 93.125 -0.79502
24.875 93.375 -1.1136
24.875 93.625 -1.0344
24.875 93.875 -0.73476
24.875 94.125 -0.49928
24.875 94.375 -0.39507
25.125 71.125 0.74946
25.125 71.375 0.37646
25.125 71.625 0.29132
25.125 71.875 0.24797
25.125 72.125 0.62567
25.125 72.375 0.76269
25.125 72.625 0.3027
25.125 72.875 0.30463
25.125 73.125 -0.099203
25.125 73.375 0.36548
25.125 73.625 0.19215
25.125 73.875 0.23984
25.125 74.125 0.42629
25.125 74.375 1.2793
25.125 74.625 0.86467
25.125 74.875 1.0171
25.125 75.125 1.4221
25.125 75.375 1.1887
25.125 75.625 1.6627
25.125 75.875 0.71466
25.125 76.125 2.1951
25.125 76.375 1.8157
25.125 76.625 1.873
25.125 76.875 1.7952
25.125 77.125 2.0809
25.125 77.375 2.1446
25.125 77.625 1.6779
25.125 77.875 1.3581
25.125 78.125 1.8564
25.125 78.375 2.1444
25.125 78.625 1.0236
25.125 78.875 0.62367
25.125 79.125 0.51818
25.125 79.375 0.44322
25.125 79.625 0.40358
25.125 79.875 -0.034323
25.125 80.125 -0.74826
25.125 80.375 1.4606
25.125 80.625 4.9976
25.125 80.875 4.0696
25.125 81.125 0.38202
25.125 81.375 -0.2028
25.125 81.625 -0.75026
25.125 81.875 -0.43898
25.125 82.125 -0.25449
25.125 82.375 -0.92309
25.125 82.625 1.5145
25.125 82.875 -0.38157
25.125 83.125 -0.94662
25.125 83.375 -0.81137
25.125 83.625 -0.7275
25.125 83.875 -0.69044
25.125 84.125 -0.51965
25.125 84.375 -0.64233
25.125 84.625 -0.6373
25.125 84.875 -0.14602
25.125 85.125 -0.77171
25.125 85.375 -1.3364
25.125 85.625 -1.5293
25.125 85.875 -1.25
25.125 86.125 -1.0539
25.125 86.375 -1.1611
25.125 86.625 -1.8878
25.125 86.875 -1.7176
25.125 87.125 -1.6125
25.125 87.375 -1.3151
25.125 87.625 -1.2041
25.125 87.875 -1.6131
25.125 88.125 -2.3519
25.125 88.375 -2.2788
25.125 92.375 -1.1346
25.125 92.625 -1.3024
25.125 92.875 -1.09
25.125 93.125 -0.76973
25.125 93.375 -0.70697
25.125 93.625 -0.38857
25.125 93.875 -0.60027
25.125 94.125 -0.63183
25.125 94.375 -0.62131
25.375 70.875 1.7399
25.375 71.125 1.6235
25.375 71.375 1.3619
25.375 71.625 1.2375
25.375 71.875 0.8845
25.375 72.125 0.55568
25.375 72.375 0.66768
25.375 72.625 0.41136
25.375 72.875 0.1867
25.375 73.125 0.25257
25.375 73.375 0.73518
25.375 73.625 0.76917
25.375 73.875 0.43321
25.375 74.125 0.13267
25.375 74.375 0.058981
25.375 74.625 0.46401
25.375 74.875 0.85499
25.375 75.125 1.4953
25.375 75.375 1.6604
25.375 75.625 1.8602
25.375 75.875 1.6342
25.375 76.125 2.2633
25.375 76.375 1.9674
25.375 76.625 1.6771
25.375 76.875 1.5685
25.375 77.125 2.0746
25.375 77.375 1.9188
25.375 77.625 1.4815
25.375 77.875 1.2071
25.375 78.125 1.2873
25.375 78.375 1.6436
25.375 78.625 0.95282
25.375 78.875 -0.21187
25.375 79.125 -0.23023
25.375 79.375 0.149
25.375 79.625 1.1261
25.375 79.875 1.2852
25.375 80.125 0.65225
25.375 80.375 -0.34079
25.375 80.625 2.3928
25.375 80.875 0.51006
25.375 81.125 1.3356
25.375 81.375 -0.058921
25.375 81.625 -0.3183
25.375 81.875 -0.84922
25.375 82.125 -0.19051
25.375 82.375 -0.3761
25.375 82.625 -0.73618
25.375 82.875 0.45749
25.375 83.125 -1.0208
25.375 83.375 -0.51842
25.375 83.625 -1.1778
25.375 83.875 -0.7113
25.375 84.125 -0.59163
25.375 84.375 -0.87394
25.375 84.625 -0.4802
25.375 84.875 -0.59433
25.375 85.125 -0.18292
25.375 85.375 -0.029972
25.375 85.625 -0.71493
25.375 85.875 -0.54574
25.375 86.125 -0.28664
25.375 86.375 -1.0355
25.375 86.625 -1.3826
25.375 86.875 -1.4815
25.375 87.125 -0.67359
25.375 87.375 -0.66823
25.375 87.625 -1.0867
25.375 87.875 -1.5683
25.375 88.125 -2.177
25.375 88.375 -2.2276
25.375 88.625 -1.8691
25.375 90.125 1.4016
25.375 90.375 1.4293
25.375 90.625 1.1654
25.375 90.875 0.84289
25.375 91.125 0.5727
25.375 91.375 -0.12754
25.375 91.625 -0.1102
25.375 91.875 -0.047816
25.375 92.125 -0.31072
25.375 92.375 -0.66196
25.375 92.625 -1.0094
25.375 92.875 -1.3673
25.375 93.125 -0.98749
25.375 93.375 -0.57769
25.375 93.625 -0.29387
25.375 93.875 -0.58764
25.375 94.125 -0.66859
25.375 94.375 -0.69773
25.625 70.875 1.3751
25.625 71.125 1.633
25.625 71.375 1.6553
25.625 71.625 1.6444
25.625 71.875 0.76815
25.625 72.125 0.28339
25.625 72.375 0.28341
25.625 72.625 0.0092667
25.625 72.875 -0.024873
25.625 73.125 0.23093
25.625 73.375 1.0144
25.625 73.625 1.058
25.625 73.875 0.24882
25.625 74.125 0.321
25.625 74.375 0.36353
25.625 74.625 0.30396
25.625 74.875 0.60071
25.625 75.125 0.66117
25.625 75.375 2.3738
25.625 75.625 3.0618
25.625 75.875 2.591
25.625 76.125 2.4754
25.625 76.375 2.216
25.625 76.625 1.5461
25.625 76.875 1.407
25.625 77.125 2.2166
25.625 77.375 2.2325
25.625 77.625 1.1572
25.625 77.875 1.1154
25.625 78.125 0.84158
25.625 78.375 0.24583
25.625 78.625 0.15616
25.625 78.875 -0.19783
25.625 79.125 0.5331
25.625 79.375 1.0048
25.625 79.625 2.3832
25.625 79.875 2.3798
25.625 80.125 1.6828
25.625 80.375 2.2775
25.625 80.625 0.64754
25.625 80.875 -0.22388
25.625 81.125 3.3871
25.625 81.375 1.9543
25.625 81.625 1.0108
25.625 81.875 0.6828
25.625 82.125 -0.18948
25.625 82.375 0.11081
25.625 82.625 -0.887
25.625 82.875 -1.0281
25.625 83.125 -0.78438
25.625 83.375 -0.73932
25.625 83.625 -1.0579
25.625 83.875 -0.60313
25.625 84.125 -0.94875
25.625 84.375 -1.7236
25.625 84.625 -0.89872
25.625 84.875 -0.37671
25.625 85.125 -1.0792
25.625 85.375 -0.75909
25.625 85.625 -0.25357
25.625 85.875 -0.37623
25.625 86.125 -0.28565
25.625 86.375 -0.81471
25.625 86.625 -1.6991
25.625 86.875 -0.54526
25.625 87.125 0.15462
25.625 87.375 -0.14686
25.625 87.625 -0.38641
25.625 87.875 -0.026937
25.625 88.125 -1.7005
25.625 90.125 1.9745
25.625 90.375 1.3919
25.625 90.625 0.58792
25.625 90.875 0.4065
25.625 91.125 -0.61904
25.625 91.375 -0.38373
25.625 91.625 -0.23937
25.625 91.875 -0.32666
25.625 92.125 -0.81133
25.625 92.375 -0.77447
25.625 92.625 -1.4497
25.625 92.875 -1.0917
25.625 93.125 -0.98932
25.625 93.375 -0.63249
25.625 93.625 -0.7384
25.625 93.875 -0.8889
25.625 94.125 -1.0786
25.625 94.375 -1.0283
25.625 94.625 NaN
25.625 94.875 NaN
25.875 70.375 1.5776
25.875 70.625 1.3883
25.875 70.875 1.1793
25.875 71.125 1.1297
25.875 71.375 1.7069
25.875 71.625 1.864
25.875 71.875 0.80099
25.875 72.125 0.50438
25.875 72.375 0.38191
25.875 72.625 0.48347
25.875 72.875 0.076559
25.875 73.125 0.7159
25.875 73.375 1.6735
25.875 73.625 1.14
25.875 73.875 0.96021
25.875 74.125 0.58393
25.875 74.375 0.46681
25.875 74.625 0.85319
25.875 74.875 0.90032
25.875 75.125 0.99439
25.875 75.375 1.5934
25.875 75.625 2.7091
25.875 75.875 2.2075
25.875 76.125 1.8679
25.875 76.375 2.6403
25.875 76.625 2.1485
25.875 76.875 2.4944
25.875 77.125 2.6473
25.875 77.375 2.7996
25.875 77.625 1.8686
25.875 77.875 1.2377
25.875 78.125 0.84627
25.875 78.375 0.4404
25.875 78.625 0.57191
25.875 78.875 0.26993
25.875 79.125 1.4669
25.875 79.375 1.2897
25.875 79.625 0.57187
25.875 79.875 0.9898
25.875 80.125 0.98546
25.875 80.375 2.9101
25.875 80.625 1.2653
25.875 80.875 0.22345
25.875 81.125 -0.15146
25.875 81.375 -0.41394
25.875 81.625 0.80354
25.875 81.875 0.67734
25.875 82.125 -0.51804
25.875 82.375 -0.55551
25.875 82.625 -0.25386
25.875 82.875 0.4293
25.875 83.125 -0.29556
25.875 83.375 -0.50056
25.875 83.625 -0.23311
25.875 83.875 -0.76877
25.875 84.125 -0.36349
25.875 84.375 -1.5011
25.875 84.625 -1.1935
25.875 84.875 0.12652
25.875 85.125 -0.24078
25.875 85.375 -0.48831
25.875 85.625 -0.26065
25.875 85.875 -0.11382
25.875 86.125 -0.33751
25.875 86.375 -0.46078
25.875 86.625 -1.1331
25.875 86.875 0.26642
25.875 87.125 0.29899
25.875 87.375 -0.4239
25.875 87.625 -0.58409
25.875 87.875 -0.83382
25.875 90.125 0.62176
25.875 90.375 0.53811
25.875 90.625 0.010691
25.875 90.875 0.56021
25.875 91.125 -0.045937
25.875 91.375 0.68025
25.875 91.625 -0.27214
25.875 91.875 -1.3164
25.875 92.125 -0.72911
25.875 92.375 -0.0030019
25.875 92.625 0.20157
25.875 92.875 -0.87106
25.875 93.125 -1.3659
25.875 93.375 -1.4691
25.875 93.625 -1.2167
25.875 93.875 -0.93217
25.875 94.125 -0.83616
25.875 94.375 -0.91271
25.875 94.625 -0.63734
25.875 94.875 -0.42773
26.125 70.375 1.66
26.125 70.625 1.6147
26.125 70.875 1.4525
26.125 71.125 0.77754
26.125 71.375 1.5219
26.125 71.625 1.5353
26.125 71.875 1.1254
26.125 72.125 1.0253
26.125 72.375 1.3034
26.125 72.625 1.3266
26.125 72.875 1.2294
26.125 73.125 1.0179
26.125 73.375 0.82721
26.125 73.625 0.87298
26.125 73.875 0.68448
26.125 74.125 -0.025397
26.125 74.375 0.4657
26.125 74.625 0.81946
26.125 74.875 0.78586
26.125 75.125 1.2489
26.125 75.375 1.5904
26.125 75.625 1.564
26.125 75.875 1.5939
26.125 76.125 1.9148
26.125 76.375 1.7128
26.125 76.625 1.4332
26.125 76.875 2.6436
26.125 77.125 2.2299
26.125 77.375 2.645
26.125 77.625 2.3413
26.125 77.875 0.90325
26.125 78.125 1.05
26.125 78.375 0.82757
26.125 78.625 1.2867
26.125 78.875 1.106
26.125 79.125 1.8966
26.125 79.375 2.1204
26.125 79.625 -0.4825
26.125 79.875 -0.15911
26.125 80.125 0.94494
26.125 80.375 0.49367
26.125 80.625 0.40985
26.125 80.875 0.20441
26.125 81.125 0.17826
26.125 81.375 -0.3039
26.125 81.625 0.16555
26.125 81.875 0.24252
26.125 82.125 -0.054624
26.125 82.375 -0.22923
26.125 82.625 -0.14058
26.125 82.875 0.23824
26.125 83.125 0.030042
26.125 83.375 0.54817
26.125 83.625 -0.088336
26.125 83.875 -0.64238
26.125 84.125 -0.37467
26.125 84.375 -0.89111
26.125 84.625 -0.78027
26.125 84.875 -0.5437
26.125 85.125 -0.21936
26.125 85.375 -1.0041
26.125 85.625 -0.52869
26.125 85.875 0.20626
26.125 86.125 -0.022166
26.125 86.375 -0.36763
26.125 86.625 0.48156
26.125 86.875 1.478
26.125 87.125 0.3969
26.125 87.375 0.17765
26.125 87.625 -0.40295
26.125 87.875 0.25872
26.125 88.125 0.63978
26.125 89.375 0.22623
26.125 89.875 0.27483
26.125 90.125 0.34243
26.125 90.375 0.34153
26.125 90.625 0.48207
26.125 90.875 -0.16012
26.125 91.125 0.47067
26.125 91.375 2.0281
26.125 91.625 -0.74956
26.125 91.875 -1.3973
26.125 92.125 -0.55268
26.125 92.375 0.74905
26.125 92.625 1.0942
26.125 92.875 -0.46665
26.125 93.125 -1.3341
26.125 93.375 -1.3733
26.125 93.625 -1.1926
26.125 93.875 0.050219
26.125 94.125 -0.032505
26.125 94.375 -0.014421
26.125 94.625 -0.41926
26.125 94.875 -0.42843
26.375 70.375 1.0865
26.375 70.625 1.3732
26.375 70.875 1.8544
26.375 71.125 1.6596
26.375 71.375 1.3757
26.375 71.625 1.5249
26.375 71.875 1.1346
26.375 72.125 1.0225
26.375 72.375 1.2723
26.375 72.625 1.2205
26.375 72.875 1.3906
26.375 73.125 0.88018
26.375 73.375 0.64918
26.375 73.625 0.922
26.375 73.875 0.82942
26.375 74.125 -0.017901
26.375 74.375 0.59274
26.375 74.625 -0.65175
26.375 74.875 0.075998
26.375 75.125 1.6684
26.375 75.375 1.4239
26.375 75.625 1.069
26.375 75.875 1.6385
26.375 76.125 1.7368
26.375 76.375 1.3191
26.375 76.625 1.1692
26.375 76.875 1.6237
26.375 77.125 1.2137
26.375 77.375 1.9332
26.375 77.625 2.206
26.375 77.875 0.66387
26.375 78.125 1.0399
26.375 78.375 1.2399
26.375 78.625 1.3945
26.375 78.875 1.9665
26.375 79.125 2.871
26.375 79.375 0.013479
26.375 79.625 -0.7542
26.375 79.875 0.8943
26.375 80.125 1.2687
26.375 80.375 -0.30891
26.375 80.625 -0.55939
26.375 80.875 1.5949
26.375 81.125 2.3138
26.375 81.375 -0.56156
26.375 81.625 -0.7293
26.375 81.875 0.048051
26.375 82.125 0.038865
26.375 82.375 0.11486
26.375 82.625 -0.28498
26.375 82.875 0.19251
26.375 83.125 0.65958
26.375 83.375 1.6766
26.375 83.625 -0.22004
26.375 83.875 -0.69771
26.375 84.125 -0.86947
26.375 84.375 -0.64016
26.375 84.625 -0.1168
26.375 84.875 -1.1861
26.375 85.125 -0.88583
26.375 85.375 -1.1618
26.375 85.625 0.93654
26.375 85.875 0.35641
26.375 86.125 -0.85362
26.375 86.375 0.24644
26.375 86.625 0.47956
26.375 86.875 1.0539
26.375 87.125 0.10177
26.375 87.625 -0.27496
26.375 87.875 0.48857
26.375 88.125 0.18502
26.375 88.375 0.17682
26.375 88.875 0.046764
26.375 89.375 0.43609
26.375 89.625 0.57929
26.375 89.875 0.27781
26.375 90.125 0.30847
26.375 90.375 0.50915
26.375 90.625 0.50073
26.375 90.875 -0.024094
26.375 91.125 0.42938
26.375 91.375 0.022823
26.375 91.625 -0.32452
26.375 91.875 0.0071506
26.375 92.125 -0.29538
26.375 92.375 -0.36007
26.375 92.625 0.57353
26.375 92.875 0.069487
26.375 93.125 -0.32404
26.375 93.375 -0.53129
26.375 93.625 -0.11959
26.375 93.875 0.02264
26.375 94.125 0.24313
26.375 94.375 0.24089
26.375 94.625 0.075777
26.375 94.875 0.38623
26.625 69.875 1.1065
26.625 70.125 1.0209
26.625 70.375 0.86898
26.625 70.625 0.96173
26.625 70.875 1.4034
26.625 71.125 1.6106
26.625 71.375 1.3091
26.625 71.625 1.0981
26.625 71.875 1.0569
26.625 72.125 1.229
26.625 72.375 1.3621
26.625 72.625 1.0711
26.625 72.875 0.79195
26.625 73.125 0.56248
26.625 73.375 0.56593
26.625 73.625 0.7898
26.625 73.875 0.71242
26.625 74.125 0.028148
26.625 74.375 1.3773
26.625 74.625 0.77688
26.625 74.875 1.3173
26.625 75.125 2.2491
26.625 75.375 1.4859
26.625 75.625 1.3276
26.625 75.875 1.651
26.625 76.125 2.6967
26.625 76.375 2.6712
26.625 76.625 2.0574
26.625 76.875 2.0949
26.625 77.125 2.0363
26.625 77.375 1.713
26.625 77.625 2.3032
26.625 77.875 0.37182
26.625 78.125 0.16701
26.625 78.375 0.41034
26.625 78.625 1.0984
26.625 78.875 0.38919
26.625 79.125 0.12151
26.625 79.375 -0.28519
26.625 79.625 -0.3937
26.625 79.875 -0.51724
26.625 80.125 -0.50236
26.625 80.375 0.31739
26.625 80.625 -0.28633
26.625 80.875 1.2024
26.625 81.125 2.358
26.625 81.375 0.33151
26.625 81.625 0.14848
26.625 81.875 2.1254
26.625 82.125 1.0904
26.625 82.375 -0.045115
26.625 82.625 -0.80153
26.625 82.875 -0.53376
26.625 83.125 -0.17429
26.625 83.375 -0.81834
26.625 83.625 -0.90391
26.625 83.875 -1.2683
26.625 84.125 -0.7655
26.625 84.375 -0.56393
26.625 84.625 -0.88129
26.625 84.875 -1.7598
26.625 85.125 -1.6539
26.625 85.375 -1.3472
26.625 85.625 0.34251
26.625 86.125 -0.72281
26.625 88.375 1.5493
26.625 88.625 0.75322
26.625 88.875 0.1597
26.625 89.125 -0.13697
26.625 89.375 0.1853
26.625 89.625 0.44681
26.625 89.875 -0.1487
26.625 90.125 0.085464
26.625 90.375 0.43741
26.625 90.625 0.60389
26.625 90.875 0.093105
26.625 91.125 -0.079921
26.625 91.375 -0.47975
26.625 91.625 -0.43173
26.625 91.875 0.62467
26.625 92.125 -0.30781
26.625 92.375 0.13498
26.625 92.625 1.3506
26.625 92.875 1.5891
26.625 93.125 0.63134
26.625 93.375 0.32583
26.625 93.625 0.18231
26.625 93.875 0.039668
26.625 94.125 0.10029
26.625 94.375 0.22969
26.625 94.625 0.55928
26.625 94.875 1.2247
26.625 95.125 1.1877
26.875 69.625 1.2773
26.875 69.875 1.2191
26.875 70.125 1.2044
26.875 70.375 1.0682
26.875 70.625 1.0784
26.875 70.875 1.0487
26.875 71.125 1.2342
26.875 71.375 1.2764
26.875 71.625 1.1132
26.875 71.875 0.89734
26.875 72.125 0.92086
26.875 72.375 0.99942
26.875 72.625 1.0188
26.875 72.875 0.50511
26.875 73.125 -0.20229
26.875 73.375 -0.091394
26.875 73.625 0.067359
26.875 73.875 0.0096711
26.875 74.125 0.092196
26.875 74.375 1.8446
26.875 74.625 1.4258
26.875 74.875 1.0263
26.875 75.125 1.6183
26.875 75.375 1.2918
26.875 75.625 0.36169
26.875 75.875 1.9972
26.875 76.125 2.7762
26.875 76.375 1.8756
26.875 76.625 1.8653
26.875 76.875 2.2553
26.875 77.125 2.5786
26.875 77.375 1.3269
26.875 77.625 1.4965
26.875 77.875 1.2094
26.875 78.125 0.86962
26.875 78.375 0.65304
26.875 78.625 0.38424
26.875 78.875 0.29866
26.875 79.125 -0.04433
26.875 79.375 -0.13936
26.875 79.625 0.15636
26.875 79.875 -0.46997
26.875 80.125 -0.0093246
26.875 80.375 0.4526
26.875 80.625 -0.31463
26.875 80.875 0.56137
26.875 81.125 1.5482
26.875 81.375 1.1841
26.875 81.625 -0.14371
26.875 81.875 0.21501
26.875 82.125 2.5585
26.875 82.375 0.29891
26.875 82.625 -0.17476
26.875 82.875 -0.81868
26.875 83.125 -0.090582
26.875 83.375 -0.78226
26.875 83.625 -0.95041
26.875 83.875 -1.3023
26.875 84.125 -0.74639
26.875 84.375 -0.62964
26.875 84.625 -0.94047
26.875 84.875 -1.6353
26.875 88.375 1.687
26.875 88.625 0.79227
26.875 88.875 0.26827
26.875 92.375 1.1111
26.875 92.625 1.3063
26.875 92.875 1.873
26.875 93.125 1.6397
26.875 93.375 0.53128
26.875 93.625 0.47053
26.875 93.875 0.01862
26.875 94.125 0.035352
26.875 94.375 0.4709
26.875 94.625 0.80322
26.875 94.875 1.0071
26.875 95.125 0.933
26.875 95.375 0.8818
26.875 95.625 -0.012991
27.125 69.875 1.4935
27.125 70.125 1.5002
27.125 70.375 1.6458
27.125 70.625 1.3083
27.125 70.875 1.0129
27.125 71.125 1.0506
27.125 71.375 1.0311
27.125 71.625 0.99482
27.125 71.875 0.71786
27.125 72.125 0.8123
27.125 72.375 0.77351
27.125 72.625 0.76437
27.125 72.875 0.25259
27.125 73.125 0.034449
27.125 73.375 -0.064892
27.125 73.625 -0.12484
27.125 73.875 -0.20396
27.125 74.125 -0.027359
27.125 74.375 1.2229
27.125 74.625 1.5395
27.125 74.875 -0.095152
27.125 75.125 0.59096
27.125 75.375 1.6067
27.125 75.625 2.4587
27.125 75.875 2.1838
27.125 76.125 1.4553
27.125 76.375 1.4658
27.125 76.625 0.39378
27.125 76.875 1.0192
27.125 77.125 2.0931
27.125 77.375 1.2377
27.125 77.625 2.0502
27.125 77.875 2.2803
27.125 78.125 2.3975
27.125 78.375 2.0811
27.125 78.625 0.45218
27.125 78.875 0.11862
27.125 79.125 -0.3741
27.125 79.375 -0.78546
27.125 79.625 -0.41595
27.125 79.875 0.046042
27.125 80.125 0.15527
27.125 80.375 0.31267
27.125 80.625 -0.5109
27.125 80.875 -0.41219
27.125 81.125 1.9233
27.125 81.375 2.0977
27.125 81.625 1.3176
27.125 81.875 1.5937
27.125 82.125 1.54
27.125 82.375 -0.29757
27.125 82.625 0.29632
27.125 82.875 -0.39909
27.125 83.125 0.061439
27.125 83.375 0.017004
27.125 83.625 0.68425
27.125 83.875 0.50011
27.125 84.125 0.074645
27.125 84.375 -0.30838
27.125 84.625 -0.86093
27.125 88.125 1.2501
27.125 88.375 1.7494
27.125 88.625 1.4412
27.125 92.125 -0.13485
27.125 92.375 0.33647
27.125 92.625 0.65844
27.125 92.875 1.4613
27.125 93.125 1.4512
27.125 93.375 1.0644
27.125 93.625 1.1409
27.125 93.875 1.294
27.125 94.125 0.4064
27.125 94.375 0.44516
27.125 94.625 0.61066
27.125 94.875 0.76105
27.125 95.125 0.88002
27.125 95.375 0.57501
27.125 95.625 -0.0188
27.125 95.875 -0.10571
27.375 70.125 1.5936
27.375 70.375 1.5903
27.375 70.625 1.321
27.375 70.875 1.2103
27.375 71.125 1.0912
27.375 71.375 1.0413
27.375 71.625 0.91987
27.375 71.875 0.69366
27.375 72.125 0.46304
27.375 72.375 0.56668
27.375 72.625 0.64517
27.375 72.875 0.40126
27.375 73.125 0.26651
27.375 73.375 0.15109
27.375 73.625 -0.042509
27.375 73.875 0.035134
27.375 74.125 0.16123
27.375 74.375 0.76878
27.375 74.625 0.42759
27.375 74.875 0.36573
27.375 75.125 0.80051
27.375 75.375 1.0518
27.375 75.625 2.3898
27.375 75.875 1.7481
27.375 76.125 1.3393
27.375 76.375 1.0851
27.375 76.625 1.6285
27.375 76.875 2.5561
27.375 77.125 1.9031
27.375 77.375 0.98657
27.375 77.625 2.0433
27.375 77.875 2.7409
27.375 78.125 3.2157
27.375 78.375 3.689
27.375 78.625 1.3603
27.375 78.875 0.47719
27.375 79.125 -0.94228
27.375 79.375 -1.1339
27.375 79.625 -0.62681
27.375 79.875 0.051705
27.375 80.125 -0.35816
27.375 80.375 -0.52248
27.375 80.625 -0.59572
27.375 80.875 -0.64559
27.375 81.125 1.0719
27.375 81.375 1.5186
27.375 81.625 2.371
27.375 81.875 1.3339
27.375 82.125 1.1112
27.375 82.375 0.51831
27.375 82.625 -0.1909
27.375 82.875 -0.052543
27.375 83.125 0.12424
27.375 83.625 0.97427
27.375 84.125 0.60541
27.375 84.375 -0.24721
27.375 88.125 3.1232
27.375 88.375 1.7452
27.375 88.625 1.3607
27.375 92.125 -0.59566
27.375 92.375 -0.063199
27.375 92.625 0.57201
27.375 92.875 0.80189
27.375 93.125 1.2004
27.375 93.375 0.50976
27.375 93.625 0.81194
27.375 93.875 1.4475
27.375 94.125 -0.53383
27.375 94.375 -0.214
27.375 94.625 0.44559
27.375 94.875 0.14037
27.375 95.125 0.27352
27.375 95.375 0.13544
27.375 95.625 -0.1074
27.375 95.875 -0.24119
27.375 96.125 -0.26485
27.375 96.375 0.28771
27.375 96.625 0.75322
27.375 96.875 0.72258
27.625 70.125 1.6348
27.625 70.375 1.5444
27.625 70.625 1.437
27.625 70.875 1.3473
27.625 71.125 1.1941
27.625 71.375 0.81841
27.625 71.625 0.7797
27.625 71.875 0.78086
27.625 72.125 0.58369
27.625 72.375 0.63185
27.625 72.625 0.40521
27.625 72.875 0.5373
27.625 73.125 0.44498
27.625 73.375 0.37992
27.625 73.625 0.98513
27.625 73.875 0.73113
27.625 74.125 0.34638
27.625 74.375 0.55968
27.625 74.625 0.52234
27.625 74.875 0.2967
27.625 75.125 -0.23257
27.625 75.375 0.50951
27.625 75.625 0.44631
27.625 75.875 0.089608
27.625 76.125 1.4271
27.625 76.375 2.8947
27.625 76.625 1.7876
27.625 76.875 2.2965
27.625 77.125 0.91693
27.625 77.375 0.6255
27.625 77.625 0.74995
27.625 77.875 2.0351
27.625 78.125 2.2551
27.625 78.375 2.225
27.625 78.625 0.89569
27.625 78.875 -0.10356
27.625 79.125 -0.60304
27.625 79.375 -1.0411
27.625 79.625 -0.95136
27.625 79.875 -0.23262
27.625 80.125 -0.33667
27.625 80.375 0.48597
27.625 80.625 0.38988
27.625 80.875 1.7083
27.625 81.125 0.76782
27.625 81.375 1.4966
27.625 81.625 2.7479
27.625 81.875 2.4582
27.625 82.125 1.8772
27.625 82.375 0.81301
27.625 82.625 -0.2334
27.625 88.375 1.9049
27.625 88.625 1.8986
27.625 91.625 -1.1582
27.625 91.875 -1.2082
27.625 92.125 -0.36624
27.625 92.375 0.11594
27.625 92.625 0.61862
27.625 92.875 0.12077
27.625 93.125 -0.1248
27.625 93.375 -0.82511
27.625 93.625 -0.84681
27.625 93.875 0.023678
27.625 94.125 0.045564
27.625 94.375 -0.21657
27.625 94.625 -0.19091
27.625 94.875 0.22503
27.625 95.125 -0.17021
27.625 95.375 0.093128
27.625 95.625 0.011887
27.625 95.875 -0.2167
27.625 96.125 -0.17121
27.625 96.375 0.32373
27.625 96.625 0.61666
27.625 96.875 0.71468
27.875 70.375 1.6542
27.875 71.875 0.85177
27.875 72.125 0.81817
27.875 72.375 0.80618
27.875 72.625 0.58268
27.875 72.875 0.63146
27.875 73.125 0.61838
27.875 73.375 0.7923
27.875 73.625 1.6205
27.875 73.875 1.5854
27.875 74.125 1.0429
27.875 74.375 1.1404
27.875 74.625 0.69747
27.875 74.875 0.31132
27.875 75.125 -0.0024716
27.875 75.375 0.63272
27.875 75.625 0.74218
27.875 75.875 2.0599
27.875 76.125 2.1859
27.875 76.375 3.4881
27.875 76.625 1.6541
27.875 76.875 1.6343
27.875 77.125 2.1689
27.875 77.375 0.5962
27.875 77.625 1.25
27.875 77.875 1.5731
27.875 78.125 1.3442
27.875 78.375 3.068
27.875 78.625 1.4087
27.875 78.875 0.82902
27.875 79.125 0.48613
27.875 79.375 -0.70881
27.875 79.625 -0.81856
27.875 79.875 -0.15014
27.875 80.125 0.39613
27.875 80.375 1.4972
27.875 80.625 3.3214
27.875 80.875 3.4588
27.875 81.125 0.98623
27.875 81.375 1.2394
27.875 81.625 1.8159
27.875 88.375 NaN
27.875 88.625 NaN
27.875 92.875 -0.50892
27.875 93.125 -0.75346
27.875 93.375 -0.98644
27.875 93.625 -1.0544
27.875 93.875 -0.56917
27.875 94.125 0.24764
27.875 94.375 0.18988
27.875 94.625 0.50483
27.875 94.875 1.0947
27.875 95.125 1.0833
27.875 95.375 1.0806
27.875 95.625 0.43672
27.875 95.875 -0.10469
27.875 96.125 -0.19079
27.875 96.375 0.299
27.875 96.625 0.54859
27.875 96.875 0.69073
27.875 97.125 0.75008
28.125 72.125 1.3234
28.125 72.375 1.4952
28.125 72.625 0.77312
28.125 72.875 0.65129
28.125 73.125 0.62361
28.125 73.375 0.67907
28.125 73.625 1.3541
28.125 73.875 1.2292
28.125 74.125 0.73767
28.125 74.375 0.92759
28.125 74.625 0.72343
28.125 74.875 0.77783
28.125 75.125 0.40024
28.125 75.375 0.90068
28.125 75.625 2.0696
28.125 75.875 2.3732
28.125 76.125 2.38
28.125 76.375 2.2251
28.125 76.625 3.2641
28.125 76.875 3.3338
28.125 77.125 2.1792
28.125 77.375 0.49258
28.125 77.625 0.26217
28.125 77.875 0.50509
28.125 78.125 1.1284
28.125 78.375 1.7163
28.125 78.625 -0.51154
28.125 78.875 -0.020056
28.125 79.125 0.098215
28.125 79.375 -0.68402
28.125 79.625 -0.73545
28.125 79.875 -0.13306
28.125 80.125 1.1958
28.125 80.375 1.6346
28.125 80.625 1.6309
28.125 80.875 2.2168
28.125 81.125 2.0515
28.125 81.375 1.9666
28.125 92.875 -0.75281
28.125 93.125 -0.8224
28.125 93.375 -0.77961
28.125 93.625 -0.66866
28.125 93.875 -0.39279
28.125 94.125 0.23658
28.125 94.375 0.21477
28.125 94.625 -0.39458
28.125 94.875 0.80128
28.125 95.125 1.0565
28.125 95.375 1.0677
28.125 95.625 0.53662
28.125 95.875 0.058578
28.125 96.125 -0.16604
28.125 96.375 0.45935
28.125 96.625 0.57561
28.125 96.875 0.65208
28.125 97.125 0.53809
28.375 72.375 1.9397
28.375 72.625 1.2189
28.375 72.875 0.50277
28.375 73.125 0.64941
28.375 73.375 0.55477
28.375 73.625 0.49149
28.375 73.875 0.61509
28.375 74.125 0.4737
28.375 74.375 0.32488
28.375 74.625 0.61125
28.375 74.875 1.0134
28.375 75.125 1.4386
28.375 75.375 1.0563
28.375 75.625 2.0196
28.375 75.875 1.1488
28.375 76.125 1.5328
28.375 76.375 2.5918
28.375 76.625 2.1017
28.375 76.875 1.2056
28.375 77.125 0.8052
28.375 77.375 0.14716
28.375 77.625 0.13631
28.375 77.875 0.14272
28.375 78.125 0.76795
28.375 78.375 0.7481
28.375 78.625 -0.50192
28.375 78.875 -0.52702
28.375 79.125 0.48016
28.375 79.375 1.0694
28.375 79.625 0.098951
28.375 79.875 0.27686
28.375 80.125 1.2562
28.375 80.375 1.5025
28.375 80.625 1.5598
28.375 80.875 2.2764
28.375 81.125 2.2801
28.375 93.375 -0.68586
28.375 93.625 -0.33517
28.375 93.875 0.21597
28.375 94.125 1.0648
28.375 94.375 0.6319
28.375 94.625 0.58493
28.375 94.875 0.56308
28.375 95.125 0.62399
28.375 95.375 0.4666
28.375 95.625 0.29456
28.375 95.875 0.15808
28.375 96.125 -0.27259
28.375 96.625 0.39281
28.625 72.375 2.6461
28.625 72.625 2.0439
28.625 72.875 1.0432
28.625 73.125 0.67695
28.625 73.375 0.80928
28.625 73.625 0.64112
28.625 73.875 0.4658
28.625 74.125 0.23113
28.625 74.375 0.15704
28.625 74.625 0.45908
28.625 74.875 0.6587
28.625 75.125 1.4556
28.625 75.375 0.46586
28.625 75.625 -0.34982
28.625 75.875 0.291
28.625 76.125 1.0066
28.625 76.375 1.8753
28.625 76.625 1.3059
28.625 76.875 1.3405
28.625 77.125 0.16285
28.625 77.375 0.038056
28.625 77.625 0.62141
28.625 77.875 0.37015
28.625 78.125 0.013178
28.625 78.375 0.49023
28.625 78.625 -0.1022
28.625 78.875 -0.43487
28.625 79.125 2.3307
28.625 79.375 1.9981
28.625 79.625 1.8344
28.625 79.875 1.6861
28.625 80.125 1.2629
28.625 80.375 1.4992
28.625 80.625 1.5684
28.625 93.625 0.17698
28.625 93.875 NaN
28.625 94.125 1.2632
28.625 94.375 1.1754
28.625 94.625 0.90049
28.625 94.875 0.31549
28.625 95.125 0.17196
28.625 95.375 0.29142
28.625 95.625 0.28922
28.625 95.875 0.024571
28.625 96.125 -0.22181
28.625 96.375 -0.1383
28.875 72.875 0.79083
28.875 73.125 1.2463
28.875 73.375 2.0194
28.875 73.625 1.4218
28.875 73.875 1.113
28.875 74.125 0.64463
28.875 74.375 0.10582
28.875 74.625 0.099166
28.875 74.875 0.32465
28.875 75.125 1.1356
28.875 75.375 0.36503
28.875 75.625 0.12246
28.875 75.875 -0.013335
28.875 76.125 0.44245
28.875 76.375 2.0127
28.875 76.625 1.0429
28.875 76.875 -0.047341
28.875 77.125 0.042629
28.875 77.375 0.75504
28.875 77.625 0.74294
28.875 77.875 0.34808
28.875 78.125 -0.047243
28.875 78.375 0.25221
28.875 78.625 -0.15943
28.875 78.875 -0.20481
28.875 79.125 1.2707
28.875 79.375 1.7604
28.875 79.625 1.2986
28.875 79.875 0.99782
28.875 94.125 1.4341
28.875 94.375 1.4403
28.875 94.625 0.97799
28.875 94.875 0.48319
28.875 95.125 0.07115
28.875 95.375 0.11501
28.875 95.625 0.20388
28.875 95.875 0.11366
28.875 96.125 0.36297
28.875 96.375 -0.1809
29.125 73.125 0.84453
29.125 73.375 2.1358
29.125 73.625 1.1217
29.125 73.875 1.0897
29.125 74.125 1.5838
29.125 74.375 0.25269
29.125 74.625 0.038935
29.125 74.875 0.59171
29.125 75.125 2.5165
29.125 75.375 1.9637
29.125 75.625 0.9579
29.125 75.875 0.90774
29.125 76.125 0.61766
29.125 76.375 0.93576
29.125 76.625 1.2434
29.125 76.875 0.27108
29.125 77.125 0.55962
29.125 77.375 0.23388
29.125 77.625 0.74159
29.125 77.875 1.2801
29.125 78.125 0.86108
29.125 78.375 0.57941
29.125 78.625 1.0843
29.125 78.875 -0.1598
29.125 79.125 1.5172
29.125 79.375 1.443
29.125 79.625 0.095431
29.125 79.875 0.11782
29.125 80.125 0.1711
29.125 94.375 1.3449
29.125 94.625 1.1121
29.125 94.875 0.53597
29.125 95.625 0.22444
29.125 95.875 1.0464
29.125 96.125 0.19461
29.375 73.375 1.0984
29.375 73.625 0.94583
29.375 73.875 0.80286
29.375 74.125 1.1428
29.375 74.375 0.67892
29.375 74.625 0.0399
29.375 74.875 1.7648
29.375 75.125 2.6139
29.375 75.375 2.8353
29.375 75.625 1.5011
29.375 75.875 0.7727
29.375 76.125 2.3621
29.375 76.375 2.3407
29.375 76.625 1.9346
29.375 76.875 0.57669
29.375 77.125 0.36904
29.375 77.375 0.41006
29.375 77.625 0.56582
29.375 77.875 0.89975
29.375 78.125 0.34284
29.375 78.375 0.55439
29.375 78.625 -0.15511
29.375 78.875 -0.18972
29.375 79.125 0.48708
29.375 79.375 0.52439
29.375 79.625 0.30851
29.375 79.875 0.77552
29.375 80.125 1.1058
29.375 96.125 -0.20335
29.625 73.375 1.2132
29.625 73.625 1.9423
29.625 73.875 1.1784
29.625 74.125 1.5046
29.625 74.375 0.72346
29.625 74.625 -0.065424
29.625 74.875 0.72185
29.625 75.125 1.4516
29.625 75.375 2.1589
29.625 75.625 1.8163
29.625 75.875 1.0679
29.625 76.125 0.65618
29.625 76.375 1.5976
29.625 76.625 2.899
29.625 76.875 2.3634
29.625 77.125 0.4121
29.625 77.375 -0.033148
29.625 77.625 -0.57896
29.625 77.875 -0.096952
29.625 78.125 0.87658
29.625 78.375 -0.63938
29.625 78.625 -0.18509
29.625 78.875 -0.088943
29.625 79.125 -0.27369
29.625 79.375 0.34797
29.625 79.625 0.36624
29.625 79.875 0.67751
29.625 80.125 1.5561
29.875 73.625 2.0717
29.875 73.875 0.74339
29.875 74.125 0.74981
29.875 74.375 -0.10826
29.875 74.625 0.13571
29.875 74.875 0.23158
29.875 75.125 0.49062
29.875 75.375 1.0424
29.875 75.625 0.80325
29.875 75.875 0.96155
29.875 76.125 1.0445
29.875 76.375 1.2459
29.875 76.625 1.0114
29.875 76.875 1.0637
29.875 77.125 -0.069772
29.875 77.375 -0.44813
29.875 77.625 -0.29635
29.875 77.875 0.40902
29.875 78.125 0.63373
29.875 78.375 -0.3989
29.875 78.625 0.080562
29.875 78.875 0.95967
29.875 79.125 0.86335
29.875 79.375 1.6174
29.875 79.625 1.5192
29.875 79.875 0.75176
29.875 80.125 1.5245
29.875 80.375 1.5531
30.125 74.125 0.28213
30.125 74.375 0.3117
30.125 74.625 1.0534
30.125 74.875 0.93754
30.125 75.125 0.687
30.125 75.375 0.4858
30.125 75.625 0.75607
30.125 75.875 0.77636
30.125 76.125 1.5053
30.125 76.375 1.0425
30.125 76.625 0.37883
30.125 76.875 -0.28435
30.125 77.125 1.3048
30.125 77.375 0.57562
30.125 77.625 0.77014
30.125 77.875 0.55132
30.125 78.125 0.89041
30.125 78.375 0.18997
30.125 78.625 0.56712
30.125 78.875 2.1574
30.125 79.125 2.2702
30.125 79.375 2.5794
30.125 79.625 1.185
30.125 79.875 0.90944
30.125 80.125 1.1545
30.125 80.375 1.5312
30.125 80.625 1.4978
30.375 74.125 0.12353
30.375 74.375 0.6367
30.375 74.625 1.0531
30.375 74.875 1.2523
30.375 75.125 0.87338
30.375 75.375 0.44864
30.375 75.625 0.19648
30.375 75.875 0.63351
30.375 76.125 0.98598
30.375 76.375 0.96436
30.375 76.625 -0.07891
30.375 76.875 0.1072
30.375 77.125 0.49929
30.375 77.375 0.23082
30.375 77.625 0.65764
30.375 77.875 1.2765
30.375 78.125 0.47042
30.375 78.375 0.51702
30.375 78.625 1.4695
30.375 78.875 1.5829
30.375 79.125 1.8047
30.375 79.375 1.4161
30.375 79.625 1.4462
30.375 79.875 1.161
30.375 80.125 1.3222
30.375 80.375 1.4083
30.375 80.625 1.3774
30.625 74.375 0.5286
30.625 74.625 0.51708
30.625 74.875 0.90164
30.625 75.125 1.1647
30.625 75.375 0.76257
30.625 75.625 0.71065
30.625 75.875 0.80903
30.625 76.125 0.66349
30.625 76.375 0.59636
30.625 76.625 0.74775
30.625 76.875 1.3875
30.625 77.125 0.71448
30.625 77.375 0.50879
30.625 77.625 0.26306
30.625 77.875 0.92622
30.625 78.125 1.4408
30.625 78.375 0.44534
30.625 78.625 0.99112
30.625 78.875 1.7785
30.625 79.125 1.6086
30.625 79.375 1.4068
30.625 79.625 1.6355
30.625 79.875 1.5427
30.625 80.125 1.086
30.875 74.625 0.18481
30.875 74.875 1.2511
30.875 75.125 1.026
30.875 75.375 0.52127
30.875 75.625 0.70855
30.875 75.875 0.20742
30.875 76.125 -0.073673
30.875 76.375 0.808
30.875 76.625 0.81412
30.875 76.875 0.80734
30.875 77.125 1.1656
30.875 77.375 1.6977
30.875 77.625 0.84354
30.875 77.875 0.94929
30.875 78.125 1.0951
30.875 78.375 1.0321
30.875 78.625 1.0178
30.875 78.875 1.9426
30.875 79.125 1.8288
30.875 79.375 NaN
30.875 79.625 NaN
30.875 79.875 NaN
31.125 74.875 1.4709
31.125 75.125 1.993
31.125 75.375 0.28705
31.125 75.625 -0.18349
31.125 75.875 -0.36152
31.125 76.125 0.50483
31.125 76.375 0.43818
31.125 76.625 0.012771
31.125 76.875 1.0883
31.125 77.125 1.5722
31.125 77.375 1.6428
31.125 77.625 1.3485
31.125 77.875 0.026724
31.125 78.125 0.13702
31.125 78.375 0.69344
31.125 78.625 0.48403
31.125 78.875 NaN
31.125 79.125 NaN
31.375 74.875 0.46386
31.375 75.125 1.7609
31.375 75.375 0.098253
31.375 75.625 -0.68636
31.375 75.875 -0.174
31.375 76.125 0.22463
31.375 76.375 0.6825
31.375 76.625 -0.028791
31.375 76.875 0.26463
31.375 77.125 1.2013
31.375 77.375 1.4195
31.375 77.625 0.11574
31.375 77.875 0.13123
31.375 78.125 -0.059256
31.375 78.375 -0.29679
31.375 78.625 0.10308
31.625 74.875 -0.32027
31.625 75.125 -0.31933
31.625 75.375 -0.14703
31.625 75.625 -0.38939
31.625 75.875 -1.341
31.625 76.125 -0.67516
31.625 76.375 0.26574
31.625 76.625 0.44423
31.625 76.875 0.56174
31.625 77.125 1.1693
31.625 77.375 1.1909
31.625 77.625 0.53116
31.625 77.875 -0.091747
31.625 78.125 -0.44491
31.625 78.375 -0.46735
31.625 78.625 -0.16721
31.875 74.875 -0.18979
31.875 75.125 -0.13712
31.875 75.375 -0.26996
31.875 75.625 0.015269
31.875 75.875 -0.40787
31.875 76.125 -0.048396
31.875 76.375 0.041104
31.875 76.625 0.2566
31.875 76.875 1.0624
31.875 77.125 0.92848
31.875 77.375 0.55167
31.875 77.625 0.83522
31.875 77.875 -0.10837
31.875 78.125 -0.25372
31.875 78.375 -0.04884
31.875 78.625 0.10185
32.125 75.375 0.17474
32.125 75.625 0.14604
32.125 75.875 -0.19951
32.125 76.125 0.68733
32.125 76.375 -0.034363
32.125 76.625 0.76503
32.125 76.875 0.90838
32.125 77.125 0.52948
32.125 77.375 0.74021
32.125 77.625 0.53267
32.125 77.875 -0.35936
32.125 78.125 -0.41914
32.125 78.375 -0.0016012
32.375 75.375 0.67135
32.375 75.625 0.76879
32.375 75.875 -0.27808
32.375 76.125 -0.86239
32.375 76.375 -0.55356
32.375 76.625 -0.03449
32.375 76.875 0.30482
32.375 77.125 0.42524
32.375 77.375 0.6447
32.375 77.625 0.59744
32.375 77.875 -0.34165
32.375 78.125 -0.27754
32.375 78.375 0.18118
32.625 74.875 0.73381
32.625 75.125 0.2186
32.625 75.375 0.33069
32.625 75.625 0.38918
32.625 75.875 -0.082964
32.625 76.125 -0.23515
32.625 76.375 -0.043764
32.625 76.625 0.38165
32.625 76.875 0.57774
32.625 77.125 0.7235
32.625 77.375 0.73172
32.625 77.625 0.66797
32.625 77.875 0.35203
32.625 78.125 -0.29493
32.625 78.375 -0.034342
32.625 78.625 -0.053292
32.625 78.875 0.37674
32.625 79.125 0.18295
32.625 79.375 -0.11085
32.875 74.375 1.0291
32.875 74.625 1.0177
32.875 74.875 0.86814
32.875 75.125 0.46166
32.875 75.375 0.22989
32.875 75.625 0.008426
32.875 75.875 0.25981
32.875 76.125 0.8856
32.875 76.375 1.6221
32.875 76.625 1.5163
32.875 76.875 1.2853
32.875 77.125 0.74873
32.875 77.375 0.78095
32.875 77.625 0.94051
32.875 77.875 0.59171
32.875 78.125 -0.17096
32.875 78.375 0.24212
32.875 78.625 -0.27213
32.875 78.875 -0.13194
32.875 79.125 -0.14535
32.875 79.375 -0.39323
33.125 73.875 0.30495
33.125 74.125 0.12123
33.125 74.375 0.94689
33.125 74.625 1.3641
33.125 74.875 0.99682
33.125 75.125 0.52676
33.125 75.375 -0.16244
33.125 75.625 -0.32609
33.125 75.875 0.32197
33.125 76.125 1.3148
33.125 76.375 2.1012
33.125 76.625 1.814
33.125 76.875 1.6838
33.125 77.125 1.3217
33.125 77.375 0.47668
33.125 77.625 0.50098
33.125 77.875 0.47736
33.125 78.125 0.65375
33.125 78.375 -0.30448
33.125 78.625 -0.34063
33.125 78.875 -0.43774
33.125 79.125 -0.24794
33.375 73.875 0.58661
33.375 74.125 0.67504
33.375 74.375 1.2534
33.375 74.625 0.5599
33.375 74.875 -0.0062868
33.375 75.125 -0.40476
33.375 75.375 -0.35906
33.375 75.625 -0.34702
33.375 75.875 0.54913
33.375 76.125 1.8779
33.375 76.375 2.4636
33.375 76.625 2.2261
33.375 76.875 1.7843
33.375 77.125 0.65487
33.375 77.375 -0.034075
33.375 77.625 0.10787
33.375 77.875 -0.012684
33.375 78.125 -0.0080835
33.375 78.375 0.38084
33.375 78.625 0.28169
33.375 78.875 0.29625
33.625 73.875 0.3412
33.625 74.125 0.59798
33.625 74.375 0.50087
33.625 74.625 0.23978
33.625 74.875 0.10637
33.625 75.125 -0.15625
33.625 75.375 -0.4005
33.625 75.625 -0.30428
33.625 75.875 -0.081806
33.625 76.125 1.0539
33.625 76.375 2.1165
33.625 76.625 1.655
33.625 76.875 0.57627
33.625 77.125 -0.18851
33.625 77.375 0.016886
33.625 77.625 0.17345
33.625 77.875 0.034632
33.625 78.125 0.11268
33.625 78.375 0.34918
33.625 78.625 0.55804
33.625 78.875 0.3182
33.875 73.875 -0.03314
33.875 74.125 0.33947
33.875 74.375 0.56561
33.875 74.625 0.47465
33.875 74.875 -0.26688
33.875 75.125 -0.016961
33.875 75.375 -0.01827
33.875 75.625 -0.30416
33.875 75.875 -0.43333
33.875 76.125 -0.70953
33.875 76.375 -0.356
33.875 76.625 -0.0039772
33.875 76.875 -0.052922
33.875 77.125 -0.30214
33.875 77.375 -0.18694
33.875 77.625 -0.094353
33.875 77.875 0.054068
33.875 78.125 -0.059691
33.875 78.375 0.030029
33.875 78.625 0.20616
33.875 78.875 0.8574
34.125 73.625 -0.49908
34.125 73.875 -0.39987
34.125 74.125 0.041563
34.125 74.375 -0.34238
34.125 74.625 0.038458
34.125 74.875 -0.76409
34.125 75.125 -0.1942
34.125 75.375 -0.27393
34.125 75.625 -0.69724
34.125 75.875 -1.0937
34.125 76.125 -1.0728
34.125 76.375 -0.6117
34.125 76.625 -0.37757
34.125 76.875 -0.14451
34.125 77.125 -0.23413
34.125 77.375 -0.29122
34.125 77.625 -0.13799
34.125 77.875 -0.13501
34.125 78.125 -0.25023
34.125 78.375 -0.018437
34.125 78.625 0.22248
34.125 78.875 0.065634
34.125 79.125 -0.084331
34.125 79.375 -0.1572
34.375 73.625 -0.64981
34.375 73.875 -0.85423
34.375 74.125 -1.05
34.375 74.375 -1.2106
34.375 74.625 -1.0554
34.375 74.875 -0.45576
34.375 75.125 -0.16651
34.375 75.375 -0.85
34.375 75.625 -1.1925
34.375 75.875 -1.2069
34.375 76.125 -1.0916
34.375 76.375 -0.50325
34.375 76.625 -0.55416
34.375 76.875 -0.48157
34.375 77.125 -0.35784
34.375 77.375 -0.26194
34.375 77.625 -0.16523
34.375 77.875 -0.22923
34.375 78.125 -0.23695
34.375 78.375 0.38013
34.375 78.625 0.29514
34.375 78.875 0.0862
34.375 79.125 -0.49275
34.375 79.375 -0.55434
34.625 73.875 -0.82857
34.625 74.125 -1.2893
34.625 74.375 -1.2194
34.625 74.625 -1.1446
34.625 74.875 -0.80238
34.625 75.125 -0.37895
34.625 75.375 -1.0072
34.625 75.625 -0.94451
34.625 75.875 -0.88089
34.625 76.125 -0.76105
34.625 76.375 -0.61433
34.625 76.625 -0.64181
34.625 76.875 -0.63285
34.625 77.125 -0.45364
34.625 77.375 -0.46518
34.625 77.625 -0.32094
34.625 77.875 -0.37978
34.625 78.125 -0.47047
34.625 78.375 -0.4241
34.625 78.625 0.081785
34.625 78.875 -0.08673
34.625 79.125 -0.459
34.625 79.375 -0.63584
34.625 79.625 -0.64801
34.875 74.125 -0.83803
34.875 74.375 -1.2184
34.875 74.625 -1.1098
34.875 74.875 -1.0352
34.875 75.125 -1.0744
34.875 75.375 -1.1725
34.875 75.625 -0.99383
34.875 75.875 -0.92762
34.875 76.125 -0.75049
34.875 76.375 -0.65
34.875 76.625 -0.61922
34.875 76.875 -0.49788
34.875 77.125 -0.56993
34.875 77.375 -0.61394
34.875 77.625 -0.6919
34.875 77.875 -0.50108
34.875 78.125 -0.5051
34.875 78.375 -0.50496
34.875 78.625 -0.090676
34.875 78.875 -0.29549
34.875 79.125 -0.38761
34.875 79.375 -0.59174
34.875 79.625 -0.58775
34.875 79.875 -0.61168
35.125 74.375 -1.4122
35.125 74.625 -1.4946
35.125 74.875 -1.2869
35.125 75.125 -1.3646
35.125 75.375 -1.3077
35.125 75.625 -1.0672
35.125 75.875 -0.67864
35.125 76.125 -0.8056
35.125 76.375 -0.4718
35.125 76.625 -0.42309
35.125 76.875 -0.76416
35.125 77.125 -0.73496
35.125 77.375 -0.7758
35.125 77.625 -0.54775
35.125 77.875 -0.70283
35.125 78.125 -0.36171
35.125 78.375 -0.41888
35.125 78.625 -0.41432
35.125 78.875 -0.19397
35.125 79.125 -0.2077
35.125 79.375 -0.45468
35.125 79.625 -0.73431
35.125 79.875 -0.47568
35.375 73.875 -1.1702
35.375 74.125 -1.3256
35.375 74.375 -1.4485
35.375 74.625 -1.5628
35.375 74.875 -1.1428
35.375 75.125 -1.2386
35.375 75.375 -1.0554
35.375 75.625 -0.9894
35.375 75.875 -0.81997
35.375 76.125 -0.383
35.375 76.375 -0.52535
35.375 76.625 -0.77931
35.375 76.875 -0.68523
35.375 77.125 -0.79296
35.375 77.375 -0.55725
35.375 77.625 -0.63389
35.375 77.875 -0.58474
35.375 78.125 -0.56829
35.375 78.375 -0.77113
35.375 78.625 -0.58895
35.375 78.875 -0.22175
35.375 79.125 -0.0527
35.375 79.375 -0.53707
35.375 79.625 -0.69571
35.375 79.875 -0.69694
35.375 80.125 NaN
35.625 73.375 -0.89582
35.625 73.625 -1.1505
35.625 73.875 -1.1422
35.625 74.125 -1.4304
35.625 74.375 -1.5757
35.625 74.625 -1.4123
35.625 74.875 -1.0124
35.625 75.125 -0.93618
35.625 75.375 -0.9068
35.625 75.625 -0.91596
35.625 75.875 -0.93281
35.625 76.125 -0.34817
35.625 76.375 -0.89278
35.625 76.625 -0.58921
35.625 76.875 -0.50703
35.625 77.125 -0.86328
35.625 78.375 -0.84607
35.625 78.625 -0.50465
35.625 78.875 -0.28201
35.625 79.125 -0.26161
35.625 79.375 -0.23298
35.625 79.625 -0.17507
35.625 79.875 -0.41822
35.625 80.125 -0.14493
35.875 73.125 1.4576
35.875 73.375 0.48802
35.875 73.625 -0.41197
35.875 73.875 -0.82716
35.875 74.125 -0.86734
35.875 74.375 -0.95172
35.875 74.625 -1.0026
35.875 74.875 -1.0519
35.875 75.125 -0.92305
35.875 75.375 -1.0126
35.875 75.625 -1.0918
35.875 75.875 -0.95412
35.875 76.125 -0.85277
35.875 76.375 -1.0231
35.875 76.625 -0.86921
35.875 79.375 -0.3308
36.125 72.625 1.1569
36.125 72.875 NaN
36.125 73.125 NaN
36.125 73.375 1.055
36.125 73.625 0.66069
36.125 73.875 0.14338
36.125 74.125 -0.27382
36.125 74.375 -0.22374
36.125 74.625 -0.62839
36.125 74.875 -1.0919
36.125 75.125 -1.183
36.125 75.375 -1.3191
36.125 75.625 -1.1896
36.125 75.875 -1.1723
36.125 76.125 -1.2803
36.125 76.375 -1.3086
36.125 76.625 -1.1144
36.375 73.125 1.4925
36.375 73.375 1.6168
36.375 73.625 1.4791
36.375 73.875 0.91962
36.375 74.125 0.21196
36.375 74.375 -0.16415
36.375 74.625 -0.3594
36.375 74.875 -0.67873
36.375 75.125 -1.4112
36.375 75.375 -1.4422
36.375 75.625 -1.3711
36.375 75.875 -1.3793
36.375 76.125 -1.4607
36.625 73.375 1.7032
36.625 73.625 1.4965
36.625 73.875 1.0842
36.625 74.125 0.36835
36.625 74.375 0.52485
36.625 74.625 -0.14204
36.625 74.875 -0.41659
36.625 75.125 -1.1472
36.625 75.375 -1.2708
36.625 75.625 -1.4405
36.875 73.875 1.4619
36.875 74.375 1.3388
36.875 74.625 -0.035435
36.875 74.875 -0.45284
36.875 75.125 -0.82646
36.875 75.375 -0.71207
