8.125 77.375 0.264
8.375 77.125 -0.70454
8.375 77.375 0.2881
8.375 77.625 0.88382
8.375 77.875 0.34793
8.625 76.875 -0.58808
8.625 77.125 0.21742
8.625 77.375 0.13588
8.625 77.625 -0.16043
8.625 77.875 0.021003
8.875 76.875 -0.0054735
8.875 77.125 0.15732
8.875 77.375 0.28753
8.875 77.625 -0.24097
8.875 77.875 -0.70228
9.125 76.625 0.47667
9.125 76.875 0.12572
9.125 77.125 0.04746
9.125 77.375 -0.12956
9.125 77.625 -0.4354
9.125 77.875 -0.19558
9.125 78.125 -0.11448
9.125 78.375 NaN
9.375 76.625 0.23086
9.375 76.875 0.13469
9.375 77.125 -0.22486
9.375 77.375 -0.41709
9.375 77.625 -0.43094
9.375 77.875 -0.39769
9.375 78.125 -0.019249
9.375 78.375 -0.16355
9.375 78.625 -0.3984
9.375 78.875 NaN
9.625 76.375 0.62265
9.625 76.625 0.72414
9.625 76.875 0.39228
9.625 77.125 0.064872
9.625 77.375 -0.6451
9.625 77.625 -1.0116
9.625 77.875 0.1802
9.625 78.125 -0.52718
9.625 78.375 -0.61679
9.625 78.625 -0.3806
9.875 76.625 0.44798
9.875 76.875 0.42383
9.875 77.125 0.11291
9.875 77.375 -0.67751
9.875 77.625 -0.67673
9.875 77.875 -0.41106
9.875 78.125 -0.83521
9.875 78.375 0.10414
9.875 78.625 0.61664
9.875 78.875 0.064317
10.125 76.375 -0.014545
10.125 76.625 0.67322
10.125 76.875 2.4137
10.125 77.125 0.18081
10.125 77.375 -0.63551
10.125 77.625 -0.2478
10.125 77.875 -0.58887
10.125 78.125 -0.19638
10.125 78.375 -0.31474
10.125 78.625 -0.47139
10.125 78.875 -0.50432
10.125 79.125 0.45178
10.375 76.375 -0.040047
10.375 76.625 -0.17666
10.375 76.875 0.66733
10.375 77.125 0.45556
10.375 77.375 -0.28551
10.375 77.625 -0.2417
10.375 77.875 -0.51692
10.375 78.125 -0.40166
10.375 78.375 -0.25683
10.375 78.625 -0.4778
10.375 78.875 -0.25087
10.375 79.125 0.022047
10.375 79.375 NaN
10.375 79.625 NaN
10.625 76.125 0.18731
10.625 76.375 0.59241
10.625 76.625 -0.039359
10.625 76.875 0.32933
10.625 77.125 -0.38502
10.625 77.375 -0.67508
10.625 77.625 -0.4722
10.625 77.875 0.013272
10.625 78.125 -0.48745
10.625 78.375 -0.74128
10.625 78.625 -0.23312
10.625 78.875 -0.0083274
10.625 79.125 1.2592
10.625 79.375 1.0134
10.625 79.625 0.52271
10.875 76.125 0.32236
10.875 76.375 0.90318
10.875 76.625 0.3691
10.875 76.875 -0.018999
10.875 77.125 -0.435
10.875 77.375 -0.35587
10.875 77.625 -0.84259
10.875 77.875 -0.39782
10.875 78.125 -0.80003
10.875 78.375 0.27466
10.875 78.625 1.0596
10.875 78.875 0.55194
10.875 79.125 1.1585
10.875 79.375 0.53069
10.875 79.625 0.89407
11.125 76.125 -0.89724
11.125 76.375 0.64301
11.125 76.625 4.5314
11.125 76.875 -1.0565
11.125 77.125 -0.42958
11.125 77.375 -0.55708
11.125 77.625 0.27662
11.125 77.875 0.021119
11.125 78.125 -0.71878
11.125 78.375 0.41135
11.125 78.625 0.75708
11.125 78.875 1.0114
11.125 79.125 0.69037
11.125 79.375 1.4394
11.125 79.625 1.0844
11.375 75.875 0.26758
11.375 76.125 0.22283
11.375 76.375 0.86776
11.375 76.625 1.9709
11.375 76.875 2.7717
11.375 77.125 -0.32629
11.375 77.375 -0.66929
11.375 77.625 0.22937
11.375 77.875 0.33844
11.375 78.125 0.1576
11.375 78.375 -0.44251
11.375 78.625 -0.62468
11.375 78.875 -0.19438
11.375 79.125 -0.76086
11.375 79.375 0.73106
11.375 79.625 0.95889
11.625 75.875 0.39079
11.625 76.125 1.2761
11.625 76.375 0.34205
11.625 76.625 0.93533
11.625 76.875 -1.3428
11.625 77.125 -1.0719
11.625 77.375 0.38731
11.625 77.625 0.092359
11.625 77.875 0.59672
11.625 78.125 -0.27717
11.625 78.375 -0.36623
11.625 78.625 0.26329
11.625 78.875 -0.49077
11.625 79.125 1.3826
11.625 79.375 0.38919
11.625 79.625 NaN
11.875 75.625 NaN
11.875 75.875 -0.64669
11.875 76.125 0.14512
11.875 76.375 0.10751
11.875 76.625 -0.22229
11.875 76.875 -0.95945
11.875 77.125 0.29982
11.875 77.375 0.33851
11.875 77.625 0.33896
11.875 77.875 -0.088712
11.875 78.125 0.2473
11.875 78.375 0.14006
11.875 78.625 -0.15973
11.875 78.875 -0.27618
11.875 79.125 2.5288
11.875 79.375 0.10873
11.875 79.625 0.22972
12.125 75.375 -0.26326
12.125 75.625 0.28519
12.125 75.875 -0.17868
12.125 76.125 0.099234
12.125 76.375 -0.011236
12.125 76.625 0.027718
12.125 76.875 -0.47754
12.125 77.125 0.35662
12.125 77.375 0.32325
12.125 77.625 0.26121
12.125 77.875 -0.40115
12.125 78.125 0.74968
12.125 78.375 1.8595
12.125 78.625 0.40919
12.125 78.875 -0.37867
12.125 79.125 1.096
12.125 79.375 0.31729
12.125 79.625 -0.065234
12.375 75.125 0.70508
12.375 75.375 0.41271
12.375 75.625 0.24135
12.375 75.875 0.20326
12.375 76.125 0.19519
12.375 76.375 0.71147
12.375 76.625 2.0127
12.375 76.875 -0.32689
12.375 77.125 -0.95675
12.375 77.375 -0.33276
12.375 77.625 -0.039243
12.375 77.875 0.41521
12.375 78.125 0.77129
12.375 78.375 2.0485
12.375 78.625 1.0368
12.375 78.875 -0.10645
12.375 79.125 0.5546
12.375 79.375 0.16558
12.375 79.625 0.044046
12.375 79.875 0.2165
12.625 75.125 0.40991
12.625 75.375 0.1771
12.625 75.625 0.009529
12.625 75.875 0.16169
12.625 76.125 0.077708
12.625 76.375 2.1081
12.625 76.625 1.9752
12.625 76.875 0.97653
12.625 77.125 0.076225
12.625 77.375 0.094145
12.625 77.625 0.66823
12.625 77.875 0.28381
12.625 78.125 0.80467
12.625 78.375 1.938
12.625 78.625 1.5078
12.625 78.875 1.5262
12.625 79.125 1.1799
12.625 79.375 -0.055205
12.625 79.625 0.41876
12.625 79.875 -0.24145
12.875 75.125 0.87414
12.875 75.375 1.2986
12.875 75.625 -1.0237
12.875 75.875 -0.34937
12.875 76.125 -0.15226
12.875 76.375 1.3152
12.875 76.625 0.53163
12.875 76.875 0.21571
12.875 77.125 0.2777
12.875 77.375 0.6731
12.875 77.625 0.49817
12.875 77.875 0.85051
12.875 78.125 1.6787
12.875 78.375 1.7308
12.875 78.625 1.0747
12.875 78.875 1.7687
12.875 79.125 1.0889
12.875 79.375 1.4194
12.875 79.625 1.5679
12.875 79.875 -0.013619
13.125 74.875 NaN
13.125 75.125 0.41991
13.125 75.375 0.39557
13.125 75.625 0.60276
13.125 75.875 -0.11442
13.125 76.125 0.32141
13.125 76.375 0.93681
13.125 76.625 1.0953
13.125 76.875 0.40099
13.125 77.125 0.66204
13.125 77.375 0.8653
13.125 77.625 0.81653
13.125 77.875 1.2026
13.125 78.125 2.0592
13.125 78.375 1.607
13.125 78.625 1.4872
13.125 78.875 1.0824
13.125 79.125 1.8074
13.125 79.375 1.342
13.125 79.625 1.7114
13.125 79.875 1.8577
13.125 80.125 1.8153
13.375 74.875 NaN
13.375 75.125 0.19541
13.375 75.375 -0.12849
13.375 75.625 -0.2556
13.375 75.875 -0.086301
13.375 76.125 0.73459
13.375 76.375 0.70243
13.375 76.625 1.0553
13.375 76.875 0.53705
13.375 77.125 1.2013
13.375 77.375 0.62973
13.375 77.625 1.1212
13.375 77.875 1.5654
13.375 78.125 1.0175
13.375 78.375 1.7329
13.375 78.625 2.1037
13.375 78.875 2.0483
13.375 79.125 0.6333
13.375 79.375 0.28942
13.375 79.625 1.4151
13.375 79.875 1.762
13.375 80.125 2.1141
13.625 74.875 -0.21176
13.625 75.125 0.57446
13.625 75.375 0.054132
13.625 75.625 0.074465
13.625 75.875 -0.0016553
13.625 76.125 0.19399
13.625 76.375 0.53668
13.625 76.625 -0.0019345
13.625 76.875 0.20544
13.625 77.125 0.67881
13.625 77.375 0.84746
13.625 77.625 1.7428
13.625 77.875 1.4264
13.625 78.125 1.8809
13.625 78.375 1.6757
13.625 78.625 1.9689
13.625 78.875 1.8119
13.625 79.125 1.5225
13.625 79.375 1.3543
13.625 79.625 0.45783
13.625 79.875 1.2471
13.625 80.125 2.0488
13.875 74.875 0.3041
13.875 75.125 0.66671
13.875 75.375 0.31225
13.875 75.625 -0.30733
13.875 75.875 0.28767
13.875 76.125 0.19775
13.875 76.375 0.68075
13.875 76.625 1.0917
13.875 76.875 0.32984
13.875 77.125 0.51659
13.875 77.375 1.1218
13.875 77.625 1.2118
13.875 77.875 0.70388
13.875 78.125 0.5508
13.875 78.375 2.0731
13.875 78.625 2.0898
13.875 78.875 1.066
13.875 79.125 0.84177
13.875 79.375 0.61675
13.875 79.625 0.22954
13.875 79.875 0.39358
14.125 74.625 0.47115
14.125 74.875 0.17013
14.125 75.125 0.41912
14.125 75.375 0.60003
14.125 75.625 -0.32501
14.125 75.875 0.73359
14.125 76.125 1.1273
14.125 76.375 1.6532
14.125 76.625 1.2562
14.125 76.875 0.90762
14.125 77.125 0.32208
14.125 77.375 0.75545
14.125 77.625 0.73605
14.125 77.875 0.63506
14.125 78.125 0.77643
14.125 78.375 0.63639
14.125 78.625 0.90988
14.125 78.875 1.1609
14.125 79.125 1.1746
14.125 79.375 0.57694
14.125 79.625 0.17556
14.125 79.875 0.33018
14.375 74.625 -0.21602
14.375 74.875 0.46679
14.375 75.125 0.50573
14.375 75.375 0.020626
14.375 75.625 0.72285
14.375 75.875 1.4983
14.375 76.125 2.5253
14.375 76.375 2.1173
14.375 76.625 0.88742
14.375 76.875 1.0615
14.375 77.125 0.82474
14.375 77.375 0.92434
14.375 77.625 0.87755
14.375 77.875 0.68512
14.375 78.125 0.88289
14.375 78.375 0.73631
14.375 78.625 0.32623
14.375 78.875 0.24053
14.375 79.125 0.99213
14.375 79.375 0.75438
14.375 79.625 0.27719
14.375 79.875 0.53391
14.625 74.375 NaN
14.625 74.625 -0.47897
14.625 74.875 0.55066
14.625 75.125 0.42154
14.625 75.375 0.54392
14.625 75.625 0.84571
14.625 75.875 1.255
14.625 76.125 1.5669
14.625 76.375 1.189
14.625 76.625 0.93476
14.625 76.875 1.3866
14.625 77.125 1.3764
14.625 77.375 0.64688
14.625 77.625 0.57517
14.625 77.875 0.46915
14.625 78.125 0.65021
14.625 78.375 0.70086
14.625 78.625 -0.051771
14.625 78.875 0.11979
14.625 79.125 0.69958
14.625 79.375 0.52054
14.625 79.625 0.26473
14.625 79.875 0.38466
14.875 74.375 0.57367
14.875 74.625 -0.40128
14.875 74.875 0.024113
14.875 75.125 0.29566
14.875 75.375 -0.2101
14.875 75.625 0.46886
14.875 75.875 1.1779
14.875 76.125 1.0465
14.875 76.375 0.54943
14.875 76.625 1.2017
14.875 76.875 1.5591
14.875 77.125 1.6179
14.875 77.375 0.75012
14.875 77.625 0.42109
14.875 77.875 0.22378
14.875 78.125 0.40447
14.875 78.375 0.65213
14.875 78.625 0.015388
14.875 78.875 0.37164
14.875 79.125 0.56593
14.875 79.375 -0.30761
14.875 79.625 0.17602
14.875 79.875 0.23677
15.125 74.125 1.3784
15.125 74.375 1.0016
15.125 74.625 0.18838
15.125 74.875 0.49588
15.125 75.125 0.54849
15.125 75.375 0.9934
15.125 75.625 1.6135
15.125 75.875 2.0513
15.125 76.125 1.2859
15.125 76.375 0.7496
15.125 76.625 0.67973
15.125 76.875 0.98582
15.125 77.125 1.1796
15.125 77.375 0.89459
15.125 77.625 0.29237
15.125 77.875 0.19761
15.125 78.125 0.1287
15.125 78.375 0.94777
15.125 78.625 0.35283
15.125 78.875 0.18966
15.125 79.125 0.17303
15.125 79.375 0.12518
15.125 79.625 0.48545
15.125 79.875 0.45571
15.375 73.875 0.025347
15.375 74.125 0.80079
15.375 74.375 0.51714
15.375 74.625 0.20269
15.375 74.875 0.92549
15.375 75.125 1.2918
15.375 75.375 2.6671
15.375 75.625 1.5968
15.375 75.875 1.3399
15.375 76.125 1.3384
15.375 76.375 0.81035
15.375 76.625 0.78482
15.375 76.875 0.78331
15.375 77.125 0.42623
15.375 77.375 0.44551
15.375 77.625 0.13258
15.375 77.875 0.41378
15.375 78.125 0.48928
15.375 78.375 0.39791
15.375 78.625 0.11941
15.375 78.875 0.11986
15.375 79.125 0.44253
15.375 79.375 0.0028407
15.375 79.625 0.42952
15.375 79.875 0.59882
15.625 73.875 -0.30628
15.625 74.125 -0.47476
15.625 74.375 -0.28376
15.625 74.625 0.92791
15.625 74.875 1.3851
15.625 75.125 1.5928
15.625 75.375 2.2005
15.625 75.625 1.1995
15.625 75.875 2.078
15.625 76.125 2.7959
15.625 76.375 1.1375
15.625 76.625 1.1909
15.625 76.875 1.306
15.625 77.125 0.76965
15.625 77.375 0.71186
15.625 77.625 1.0984
15.625 77.875 0.4991
15.625 78.125 0.44401
15.625 78.375 0.58775
15.625 78.625 0.59384
15.625 78.875 0.93459
15.625 79.125 0.88631
15.625 79.375 1.8949
15.625 79.625 0.30252
15.625 79.875 0.53456
15.625 80.125 0.47435
15.875 73.875 0.67203
15.875 74.125 0.31094
15.875 74.375 0.012752
15.875 74.625 0.6655
15.875 74.875 1.0659
15.875 75.125 1.9103
15.875 75.375 2.491
15.875 75.625 2.4265
15.875 75.875 2.4169
15.875 76.125 1.8975
15.875 76.375 1.8812
15.875 76.625 1.2714
15.875 76.875 1.1137
15.875 77.125 0.71709
15.875 77.375 0.92154
15.875 77.625 0.66301
15.875 77.875 1.3698
15.875 78.125 1.5031
15.875 78.375 1.504
15.875 78.625 1.7173
15.875 78.875 1.4184
15.875 79.125 1.9846
15.875 79.375 0.62282
15.875 79.625 -0.7114
15.875 79.875 0.13407
15.875 80.125 0.86134
15.875 80.375 0.15012
15.875 80.625 NaN
15.875 80.875 -0.32859
16.125 73.625 1.6306
16.125 73.875 1.2486
16.125 74.125 0.51938
16.125 74.375 0.40401
16.125 74.625 1.1436
16.125 74.875 1.0049
16.125 75.125 0.37138
16.125 75.375 1.6458
16.125 75.625 2.2598
16.125 75.875 2.7105
16.125 76.125 1.8076
16.125 76.375 2.2156
16.125 76.625 0.8202
16.125 76.875 0.65294
16.125 77.125 0.97398
16.125 77.375 1.2142
16.125 77.625 0.74012
16.125 77.875 1.5373
16.125 78.125 1.9528
16.125 78.375 1.6795
16.125 78.625 1.684
16.125 78.875 1.5216
16.125 79.125 1.6179
16.125 79.375 0.32104
16.125 79.625 -0.4179
16.125 79.875 1.4246
16.125 80.125 3.5506
16.125 80.375 0.59568
16.125 80.625 0.25187
16.125 80.875 -0.18679
16.375 73.625 0.64942
16.375 73.875 1.4653
16.375 74.125 0.58349
16.375 74.375 0.69755
16.375 74.625 0.28519
16.375 74.875 0.69997
16.375 75.125 0.70885
16.375 75.375 2.239
16.375 75.625 2.5575
16.375 75.875 3.3153
16.375 76.125 3.1126
16.375 76.375 2.3846
16.375 76.625 1.0064
16.375 76.875 1.7447
16.375 77.125 1.7336
16.375 77.375 1.0993
16.375 77.625 1.1329
16.375 77.875 2.0221
16.375 78.125 2.3343
16.375 78.375 2.1178
16.375 78.625 1.2772
16.375 78.875 0.77458
16.375 79.125 1.3535
16.375 79.375 0.42121
16.375 79.625 0.45907
16.375 79.875 0.9112
16.375 80.125 1.031
16.375 80.375 0.28339
16.375 80.625 0.52202
16.375 80.875 0.20633
16.375 81.125 0.53331
16.375 81.375 NaN
16.375 81.625 NaN
16.625 73.625 1.1602
16.625 73.875 -0.019505
16.625 74.125 0.95527
16.625 74.375 -0.80049
16.625 74.625 0.85292
16.625 74.875 1.1275
16.625 75.125 1.5798
16.625 75.375 2.6218
16.625 75.625 2.6309
16.625 75.875 2.2477
16.625 76.125 2.2499
16.625 76.375 2.8564
16.625 76.625 0.66403
16.625 76.875 0.80114
16.625 77.125 1.3052
16.625 77.375 1.3659
16.625 77.625 1.1198
16.625 77.875 2.0755
16.625 78.125 2.8796
16.625 78.375 2.4773
16.625 78.625 0.95381
16.625 78.875 0.43631
16.625 79.125 0.0024946
16.625 79.375 0.14535
16.625 79.625 0.22669
16.625 79.875 0.68118
16.625 80.125 1.467
16.625 80.375 -0.021589
16.625 80.625 -0.10227
16.625 80.875 0.10855
16.625 81.125 0.34475
16.625 81.375 -0.051609
16.625 81.625 -0.27168
16.625 81.875 -0.062042
16.625 82.125 -0.25333
16.875 73.375 1.2785
16.875 73.625 0.87839
16.875 73.875 0.008016
16.875 74.125 -0.82162
16.875 74.375 0.068265
16.875 74.625 -0.14707
16.875 74.875 1.2301
16.875 75.125 1.7733
16.875 75.375 3.145
16.875 75.625 2.3866
16.875 75.875 1.7973
16.875 76.125 1.5452
16.875 76.375 1.3425
16.875 76.625 1.918
16.875 76.875 1.1252
16.875 77.125 0.81305
16.875 77.375 1.4294
16.875 77.625 0.75827
16.875 77.875 1.0727
16.875 78.125 0.96161
16.875 78.375 0.93046
16.875 78.625 0.58913
16.875 78.875 0.51287
16.875 79.125 0.32908
16.875 79.375 0.41111
16.875 79.625 1.3525
16.875 79.875 0.89869
16.875 80.125 1.6596
16.875 80.375 1.185
16.875 80.625 1.1454
16.875 80.875 0.45945
16.875 81.125 0.38309
16.875 81.375 -0.17334
16.875 81.625 0.5074
16.875 81.875 -0.789
16.875 82.125 -0.55641
17.125 73.375 1.3077
17.125 73.625 -0.015353
17.125 73.875 -0.0065954
17.125 74.125 -0.25491
17.125 74.375 -0.39087
17.125 74.625 -0.293
17.125 74.875 0.19416
17.125 75.125 0.26767
17.125 75.375 2.1777
17.125 75.625 2.2052
17.125 75.875 2.0653
17.125 76.125 2.3867
17.125 76.375 1.6311
17.125 76.625 1.7095
17.125 76.875 1.9143
17.125 77.125 1.1847
17.125 77.375 1.0573
17.125 77.625 1.3986
17.125 77.875 1.1418
17.125 78.125 1.2371
17.125 78.375 1.4225
17.125 78.625 1.222
17.125 78.875 1.9734
17.125 79.125 1.6595
17.125 79.375 1.105
17.125 79.625 1.0837
17.125 79.875 1.4707
17.125 80.125 1.112
17.125 80.375 1.7695
17.125 80.625 1.6755
17.125 80.875 0.59229
17.125 81.125 -0.0002126
17.125 81.375 0.12408
17.125 81.625 -0.39407
17.125 81.875 -0.61018
17.125 82.125 -0.13582
17.125 82.375 0.19153
17.375 73.375 0.51101
17.375 73.625 -0.54497
17.375 73.875 0.40293
17.375 74.125 -0.66465
17.375 74.375 -0.99682
17.375 74.625 -0.35036
17.375 74.875 -0.13378
17.375 75.125 -0.21199
17.375 75.375 0.43121
17.375 75.625 2.0312
17.375 75.875 1.4335
17.375 76.125 1.9757
17.375 76.375 1.895
17.375 76.625 1.6916
17.375 76.875 2.0931
17.375 77.125 1.1525
17.375 77.375 0.6952
17.375 77.625 0.92971
17.375 77.875 0.3715
17.375 78.125 1.4098
17.375 78.375 1.7414
17.375 78.625 3.1493
17.375 78.875 2.8762
17.375 79.125 1.0655
17.375 79.375 1.3145
17.375 79.625 0.75465
17.375 79.875 1.1774
17.375 80.125 1.8401
17.375 80.375 1.1326
17.375 80.625 0.26925
17.375 80.875 0.20792
17.375 81.125 -0.046875
17.375 81.375 0.23198
17.375 81.625 -0.4022
17.375 81.875 -0.51304
17.375 82.125 0.24811
17.375 82.375 0.40463
17.375 82.625 NaN
17.625 73.375 0.53049
17.625 73.625 -0.97652
17.625 73.875 0.1795
17.625 74.125 -0.42783
17.625 74.375 -0.90669
17.625 74.625 -0.048582
17.625 74.875 0.36701
17.625 75.125 0.56551
17.625 75.375 0.58632
17.625 75.625 1.411
17.625 75.875 1.2746
17.625 76.125 1.9673
17.625 76.375 2.2419
17.625 76.625 2.1886
17.625 76.875 1.406
17.625 77.125 1.8895
17.625 77.375 1.3602
17.625 77.625 1.2448
17.625 77.875 2.5872
17.625 78.125 1.7481
17.625 78.375 3.1348
17.625 78.625 1.8732
17.625 78.875 1.3494
17.625 79.125 0.47637
17.625 79.375 0.9309
17.625 79.625 1.5157
17.625 79.875 1.5835
17.625 80.125 1.4491
17.625 80.375 0.91362
17.625 80.625 0.47347
17.625 80.875 0.082286
17.625 81.125 0.15946
17.625 81.375 0.30588
17.625 81.625 -0.083245
17.625 81.875 -0.21429
17.625 82.125 0.19692
17.625 82.375 1.0117
17.625 82.625 1.4202
17.625 82.875 0.41499
17.625 83.125 0.89185
17.875 73.375 0.57518
17.875 73.625 -0.3049
17.875 73.875 0.24082
17.875 74.125 0.78783
17.875 74.375 0.56894
17.875 74.625 0.3656
17.875 74.875 0.84298
17.875 75.125 0.98807
17.875 75.375 0.84421
17.875 75.625 0.54934
17.875 75.875 0.75228
17.875 76.125 2.3037
17.875 76.375 2.2782
17.875 76.625 2.1243
17.875 76.875 1.3787
17.875 77.125 2.5316
17.875 77.375 1.7323
17.875 77.625 3.6098
17.875 77.875 3.0898
17.875 78.125 3.8428
17.875 78.375 2.7398
17.875 78.625 2.1239
17.875 78.875 0.94201
17.875 79.125 0.93542
17.875 79.375 0.73635
17.875 79.625 1.5509
17.875 79.875 2.3456
17.875 80.125 1.0278
17.875 80.375 -0.053807
17.875 80.625 0.92247
17.875 80.875 0.3465
17.875 81.125 0.050104
17.875 81.375 0.7677
17.875 81.625 0.33732
17.875 81.875 -0.06016
17.875 82.125 0.13333
17.875 82.375 0.71844
17.875 82.625 1.835
17.875 82.875 2.1971
17.875 83.125 1.2608
17.875 83.375 1.2454
18.125 73.125 NaN
18.125 73.375 -0.21402
18.125 73.625 0.098639
18.125 73.875 0.14572
18.125 74.125 0.55467
18.125 74.375 0.66804
18.125 74.625 1.123
18.125 74.875 1.3834
18.125 75.125 0.55043
18.125 75.375 1.5113
18.125 75.625 1.7021
18.125 75.875 3.2598
18.125 76.125 2.6657
18.125 76.375 2.1687
18.125 76.625 2.3847
18.125 76.875 1.9605
18.125 77.125 2.8134
18.125 77.375 1.3504
18.125 77.625 3.1942
18.125 77.875 3.4555
18.125 78.125 3.3829
18.125 78.375 1.9981
18.125 78.625 1.5983
18.125 78.875 2.2858
18.125 79.125 1.2001
18.125 79.375 0.82443
18.125 79.625 1.2461
18.125 79.875 2.2097
18.125 80.125 1.4818
18.125 80.375 -0.047076
18.125 80.625 -0.087934
18.125 80.875 0.081912
18.125 81.125 -0.42538
18.125 81.375 0.67653
18.125 81.625 0.95903
18.125 81.875 0.90107
18.125 82.125 0.76648
18.125 82.375 0.36508
18.125 82.625 0.68831
18.125 82.875 0.25006
18.125 83.125 0.456
18.125 83.375 1.1271
18.125 83.625 1.5115
18.375 73.125 0.14873
18.375 73.375 -0.17424
18.375 73.625 0.40761
18.375 73.875 0.26138
18.375 74.125 0.41724
18.375 74.375 1.1927
18.375 74.625 1.5544
18.375 74.875 1.3841
18.375 75.125 1.9256
18.375 75.375 3.8506
18.375 75.625 3.204
18.375 75.875 1.4937
18.375 76.125 1.8296
18.375 76.375 1.9019
18.375 76.625 1.7453
18.375 76.875 2.2304
18.375 77.125 1.5842
18.375 77.375 0.89766
18.375 77.625 1.807
18.375 77.875 2.0265
18.375 78.125 2.3673
18.375 78.375 0.79293
18.375 78.625 0.27532
18.375 78.875 -0.0171
18.375 79.125 0.45232
18.375 79.375 0.022898
18.375 79.625 0.66013
18.375 79.875 0.86222
18.375 80.125 0.45152
18.375 80.375 0.88441
18.375 80.625 0.77616
18.375 80.875 -0.24193
18.375 81.125 0.24878
18.375 81.375 0.80637
18.375 81.625 0.80966
18.375 81.875 0.8355
18.375 82.125 1.6021
18.375 82.375 1.574
18.375 82.625 0.39537
18.375 82.875 -0.95115
18.375 83.125 0.47595
18.375 83.375 0.18322
18.375 83.625 0.77772
18.375 83.875 0.30166
18.625 73.125 1.3322
18.625 73.375 0.28327
18.625 73.625 0.075756
18.625 73.875 0.24041
18.625 74.125 0.077584
18.625 74.375 0.55419
18.625 74.625 1.0758
18.625 74.875 0.99949
18.625 75.125 1.8404
18.625 75.375 2.5216
18.625 75.625 1.8419
18.625 75.875 1.4971
18.625 76.125 1.0241
18.625 76.375 0.21197
18.625 76.625 1.8455
18.625 76.875 2.2955
18.625 77.125 1.9225
18.625 77.375 0.29541
18.625 77.625 0.56872
18.625 77.875 0.35174
18.625 78.125 0.63251
18.625 78.375 0.92801
18.625 78.625 -0.88163
18.625 78.875 0.086612
18.625 79.125 -0.67335
18.625 79.375 -0.36294
18.625 79.625 -0.61454
18.625 79.875 -0.1322
18.625 80.125 0.18914
18.625 80.375 1.4027
18.625 80.625 1.4623
18.625 80.875 0.02984
18.625 81.125 -0.14107
18.625 81.375 1.4137
18.625 81.625 2.0022
18.625 81.875 1.2876
18.625 82.125 1.0125
18.625 82.375 1.0361
18.625 82.625 1.2746
18.625 82.875 0.55725
18.625 83.125 -0.97713
18.625 83.375 -0.32641
18.625 83.625 -0.050179
18.625 83.875 -0.42808
18.625 84.125 -0.61698
18.875 73.125 1.5105
18.875 73.375 0.73672
18.875 73.625 0.15598
18.875 73.875 0.12165
18.875 74.125 -0.10212
18.875 74.375 1.5101
18.875 74.625 1.1423
18.875 74.875 1.8237
18.875 75.125 1.7927
18.875 75.375 1.7023
18.875 75.625 1.3134
18.875 75.875 0.74737
18.875 76.125 1.1929
18.875 76.375 0.46987
18.875 76.625 1.2494
18.875 76.875 1.9683
18.875 77.125 1.6881
18.875 77.375 1.2656
18.875 77.625 2.4545
18.875 77.875 1.763
18.875 78.125 1.6438
18.875 78.375 -1.1422
18.875 78.625 0.59753
18.875 78.875 0.72805
18.875 79.125 0.42103
18.875 79.375 0.6411
18.875 79.625 -0.41419
18.875 79.875 0.046023
18.875 80.125 0.28098
18.875 80.375 1.07
18.875 80.625 1.3344
18.875 80.875 0.79383
18.875 81.125 0.64595
18.875 81.375 1.7954
18.875 81.625 0.55843
18.875 81.875 1.9934
18.875 82.125 0.58561
18.875 82.375 0.61717
18.875 82.625 0.41875
18.875 82.875 0.45296
18.875 83.125 -0.045359
18.875 83.375 -0.74918
18.875 83.625 -0.39743
18.875 83.875 -0.40455
18.875 84.125 -0.37523
18.875 84.375 -0.9973
19.125 73.125 1.9385
19.125 73.375 1.3953
19.125 73.625 0.082463
19.125 73.875 0.09938
19.125 74.125 0.11206
19.125 74.375 1.0894
19.125 74.625 1.1136
19.125 74.875 2.646
19.125 75.125 2.6791
19.125 75.375 1.8798
19.125 75.625 1.3629
19.125 75.875 0.66828
19.125 76.125 1.0504
19.125 76.375 0.87461
19.125 76.625 1.1783
19.125 76.875 0.62289
19.125 77.125 1.4386
19.125 77.375 1.214
19.125 77.625 2.0343
19.125 77.875 0.65998
19.125 78.125 0.39652
19.125 78.375 0.7691
19.125 78.625 1.0542
19.125 78.875 1.1803
19.125 79.125 1.59
19.125 79.375 0.080095
19.125 79.625 0.35879
19.125 79.875 0.36348
19.125 80.125 0.39742
19.125 80.375 0.76788
19.125 80.625 0.90861
19.125 80.875 0.46663
19.125 81.125 0.39726
19.125 81.375 -0.045643
19.125 81.625 0.34763
19.125 81.875 -0.82329
19.125 82.125 -0.28447
19.125 82.375 -0.27699
19.125 82.625 -0.65717
19.125 82.875 -0.34284
19.125 83.125 -0.90209
19.125 83.375 -1.3043
19.125 83.625 -0.58238
19.125 83.875 -0.38861
19.125 84.125 -0.16625
19.125 84.375 -0.66787
19.125 84.625 -0.95491
19.375 72.875 0.54258
19.375 73.125 -0.054896
19.375 73.375 1.2538
19.375 73.625 0.53918
19.375 73.875 0.076617
19.375 74.125 0.5708
19.375 74.375 1.1814
19.375 74.625 1.1929
19.375 74.875 1.32
19.375 75.125 3.2522
19.375 75.375 1.0938
19.375 75.625 0.010807
19.375 75.875 0.16044
19.375 76.125 1.1693
19.375 76.375 0.51736
19.375 76.625 0.23613
19.375 76.875 -0.030809
19.375 77.125 0.59813
19.375 77.375 0.68226
19.375 77.625 1.8168
19.375 77.875 1.8143
19.375 78.125 2.075
19.375 78.375 1.5657
19.375 78.625 1.2446
19.375 78.875 1.2387
19.375 79.125 0.99366
19.375 79.375 0.80173
19.375 79.625 0.24305
19.375 79.875 0.80378
19.375 80.125 0.83899
19.375 80.375 0.83176
19.375 80.625 0.34306
19.375 80.875 0.088496
19.375 81.125 -0.54539
19.375 81.375 -0.6538
19.375 81.625 -1.0239
19.375 81.875 -0.57784
19.375 82.125 -0.18318
19.375 82.375 -0.83954
19.375 82.625 -0.88929
19.375 82.875 -0.65583
19.375 83.125 -1.3689
19.375 83.375 -1.3248
19.375 83.625 -0.8083
19.375 83.875 -0.43225
19.375 84.125 -0.32365
19.375 84.375 -0.32361
19.375 84.625 -0.76847
19.375 84.875 -0.80244
19.625 72.875 0.78426
19.625 73.125 1.2465
19.625 73.375 1.3507
19.625 73.625 0.58846
19.625 73.875 0.27922
19.625 74.125 -0.17976
19.625 74.375 0.25119
19.625 74.625 0.58381
19.625 74.875 -0.029928
19.625 75.125 1.0015
19.625 75.375 0.41129
19.625 75.625 0.59818
19.625 75.875 0.60061
19.625 76.125 0.8032
19.625 76.375 0.6144
19.625 76.625 0.33658
19.625 76.875 -0.7507
19.625 77.125 -0.13384
19.625 77.375 0.76815
19.625 77.625 0.97018
19.625 77.875 1.5705
19.625 78.125 1.8559
19.625 78.375 1.7556
19.625 78.625 1.4077
19.625 78.875 1.3108
19.625 79.125 0.85782
19.625 79.375 0.46602
19.625 79.625 0.27365
19.625 79.875 0.63187
19.625 80.125 0.2771
19.625 80.375 -0.063286
19.625 80.625 -0.3594
19.625 80.875 -0.24566
19.625 81.125 0.18656
19.625 81.375 -1.083
19.625 81.625 -1.1278
19.625 81.875 -0.55872
19.625 82.125 -0.75666
19.625 82.375 -0.58985
19.625 82.625 -0.94369
19.625 82.875 -0.97701
19.625 83.125 -1.1369
19.625 83.375 0.37723
19.625 83.625 -0.037371
19.625 83.875 -0.43864
19.625 84.125 -0.42832
19.625 84.375 -0.60658
19.625 84.625 -0.70248
19.625 84.875 -0.90055
19.625 85.125 -1.6164
19.625 85.375 -1.3868
19.875 72.875 0.99298
19.875 73.125 1.2305
19.875 73.375 1.8499
19.875 73.625 0.79953
19.875 73.875 0.30801
19.875 74.125 -0.18656
19.875 74.375 0.41165
19.875 74.625 0.74976
19.875 74.875 0.59744
19.875 75.125 -0.019847
19.875 75.375 0.30514
19.875 75.625 0.79415
19.875 75.875 0.90687
19.875 76.125 1.0531
19.875 76.375 1.0199
19.875 76.625 0.61965
19.875 76.875 0.85997
19.875 77.125 0.82844
19.875 77.375 0.97686
19.875 77.625 1.2594
19.875 77.875 0.95139
19.875 78.125 0.83328
19.875 78.375 0.91252
19.875 78.625 1.2208
19.875 78.875 1.2569
19.875 79.125 1.1327
19.875 79.375 0.55285
19.875 79.625 0.51677
19.875 79.875 0.50403
19.875 80.125 -0.24434
19.875 80.375 -0.78314
19.875 80.625 -0.040341
19.875 80.875 -0.0024579
19.875 81.125 0.88425
19.875 81.375 -1.2947
19.875 81.625 -0.93205
19.875 81.875 -0.24433
19.875 82.125 -0.99096
19.875 82.375 -0.74663
19.875 82.625 -1.0505
19.875 82.875 -1.0435
19.875 83.125 -0.9155
19.875 83.375 -0.55915
19.875 83.625 -0.58876
19.875 83.875 -0.51465
19.875 84.125 -0.11923
19.875 84.375 -0.40584
19.875 84.625 -0.35579
19.875 84.875 -0.71934
19.875 85.125 -1.1819
19.875 85.375 -1.1901
19.875 85.625 NaN
19.875 85.875 NaN
19.875 86.125 NaN
20.125 72.875 1.253
20.125 73.125 0.91606
20.125 73.375 0.33777
20.125 73.625 2.5596
20.125 73.875 0.42972
20.125 74.125 0.008793
20.125 74.375 0.9243
20.125 74.625 0.61142
20.125 74.875 0.46191
20.125 75.125 0.08907
20.125 75.375 0.27031
20.125 75.625 0.097243
20.125 75.875 0.19948
20.125 76.125 0.84514
20.125 76.375 0.9749
20.125 76.625 1.3061
20.125 76.875 1.1393
20.125 77.125 0.97748
20.125 77.375 1.2623
20.125 77.625 1.1455
20.125 77.875 0.80821
20.125 78.125 0.57742
20.125 78.375 0.81463
20.125 78.625 1.0142
20.125 78.875 0.89993
20.125 79.125 0.86344
20.125 79.375 0.60034
20.125 79.625 0.65887
20.125 79.875 0.58865
20.125 80.125 0.30816
20.125 80.375 -0.22499
20.125 80.625 0.31516
20.125 80.875 0.02082
20.125 81.125 -0.7004
20.125 81.375 -0.55638
20.125 81.625 -0.49247
20.125 81.875 -0.29526
20.125 82.125 -0.57384
20.125 82.375 -1.4776
20.125 82.625 -1.2013
20.125 82.875 -1.2877
20.125 83.125 -0.86931
20.125 83.375 -1.3676
20.125 83.625 -1.4342
20.125 83.875 0.61303
20.125 84.125 1.0565
20.125 84.375 -1.0527
20.125 84.625 -0.50357
20.125 84.875 -0.14509
20.125 85.125 0.0073685
20.125 85.375 -0.2758
20.125 85.625 -0.3765
20.125 85.875 -0.83753
20.125 86.125 -0.85274
20.125 86.375 NaN
20.375 73.125 1.4912
20.375 73.375 0.88534
20.375 73.625 0.74166
20.375 73.875 -0.68231
20.375 74.125 -0.57199
20.375 74.375 0.62297
20.375 74.625 0.26744
20.375 74.875 0.37498
20.375 75.125 1.2019
20.375 75.375 1.099
20.375 75.625 0.26372
20.375 75.875 -0.14594
20.375 76.125 0.24272
20.375 76.375 0.37878
20.375 76.625 0.51782
20.375 76.875 0.34028
20.375 77.125 0.62192
20.375 77.375 0.63731
20.375 77.625 0.37646
20.375 77.875 -0.040401
20.375 78.125 0.43508
20.375 78.375 0.94387
20.375 78.625 0.93499
20.375 78.875 0.8496
20.375 79.125 0.70365
20.375 79.375 0.67983
20.375 79.625 0.65754
20.375 79.875 0.98812
20.375 80.125 0.68985
20.375 80.375 -0.11566
20.375 80.625 -0.11777
20.375 80.875 0.091739
20.375 81.125 -0.19398
20.375 81.375 -0.49351
20.375 81.625 -0.32424
20.375 81.875 -0.35648
20.375 82.125 -0.043428
20.375 82.375 -0.35456
20.375 82.625 -1.0008
20.375 82.875 -1.2609
20.375 83.125 -1.0761
20.375 83.375 -0.97354
20.375 83.625 -0.53469
20.375 83.875 -0.54621
20.375 84.125 -0.70348
20.375 84.375 -1.7305
20.375 84.625 -1.2271
20.375 84.875 -1.4795
20.375 85.125 -1.0707
20.375 85.375 -0.82364
20.375 85.625 -0.06655
20.375 85.875 -0.60435
20.375 86.125 -0.039831
20.375 86.375 -0.27061
20.375 86.625 NaN
20.625 73.125 0.5683
20.625 73.375 1.1112
20.625 73.625 1.4263
20.625 73.875 1.8712
20.625 74.125 0.049469
20.625 74.375 0.82911
20.625 74.625 0.64706
20.625 74.875 0.40327
20.625 75.125 1.2753
20.625 75.375 0.8829
20.625 75.625 0.20646
20.625 75.875 -0.016443
20.625 76.125 0.035304
20.625 76.375 0.17753
20.625 76.625 0.17119
20.625 76.875 0.2374
20.625 77.125 0.54429
20.625 77.375 0.048053
20.625 77.625 0.17706
20.625 77.875 0.82046
20.625 78.125 1.0454
20.625 78.375 0.92369
20.625 78.625 0.78359
20.625 78.875 0.69478
20.625 79.125 0.5153
20.625 79.375 0.32387
20.625 79.625 0.7304
20.625 79.875 0.78613
20.625 80.125 0.60259
20.625 80.375 -0.25942
20.625 80.625 -0.27624
20.625 80.875 0.27496
20.625 81.125 0.084862
20.625 81.375 -0.38712
20.625 81.625 -0.57907
20.625 81.875 -0.2551
20.625 82.125 1.1037
20.625 82.375 -0.016325
20.625 82.625 -0.51757
20.625 82.875 -0.35031
20.625 83.125 -0.27108
20.625 83.375 -0.64594
20.625 83.625 -0.46694
20.625 83.875 -0.50579
20.625 84.125 -1.0572
20.625 84.375 -1.0261
20.625 84.625 -0.27802
20.625 84.875 -0.54493
20.625 85.125 -0.69138
20.625 85.375 0.34407
20.625 85.625 -0.66851
20.625 85.875 -0.12155
20.625 86.125 0.26067
20.625 86.375 0.139
20.625 86.625 0.083465
20.625 86.875 NaN
20.875 70.625 0.24113
20.875 70.875 -0.067432
20.875 71.125 -0.1383
20.875 71.375 0.4099
20.875 72.875 0.80022
20.875 73.125 1.8808
20.875 73.375 1.0761
20.875 73.625 1.3826
20.875 73.875 0.78391
20.875 74.125 0.98869
20.875 74.375 0.8555
20.875 74.625 0.54628
20.875 74.875 0.021964
20.875 75.125 0.59562
20.875 75.375 -0.31525
20.875 75.625 -0.36509
20.875 75.875 0.12985
20.875 76.125 0.28845
20.875 76.375 -0.15685
20.875 76.625 0.12235
20.875 76.875 0.56413
20.875 77.125 0.35761
20.875 77.375 0.05001
20.875 77.625 0.65556
20.875 77.875 1.3967
20.875 78.125 1.6764
20.875 78.375 1.2288
20.875 78.625 0.35167
20.875 78.875 0.6541
20.875 79.125 0.36908
20.875 79.375 -0.25424
20.875 79.625 -0.11662
20.875 79.875 -0.12804
20.875 80.125 -0.038968
20.875 80.375 -0.41972
20.875 80.625 -0.059141
20.875 80.875 0.27497
20.875 81.125 0.42867
20.875 81.375 -0.28511
20.875 81.625 -0.58869
20.875 81.875 -0.93756
20.875 82.125 -0.3861
20.875 82.375 0.25574
20.875 82.625 -0.52276
20.875 82.875 -0.69667
20.875 83.125 -0.30782
20.875 83.375 -0.77136
20.875 83.625 -0.33404
20.875 83.875 -0.47601
20.875 84.125 -0.71393
20.875 84.375 1.8148
20.875 84.625 -0.77226
20.875 84.875 -0.049784
20.875 85.125 0.11507
20.875 85.375 0.72764
20.875 85.625 0.54881
20.875 85.875 0.75673
20.875 86.125 -0.17064
20.875 86.375 -0.9234
20.875 86.625 -0.3522
21.125 70.375 0.36206
21.125 70.625 0.082866
21.125 70.875 -0.44104
21.125 71.125 -0.059956
21.125 71.375 0.036035
21.125 71.625 NaN
21.125 71.875 NaN
21.125 72.875 -0.16212
21.125 73.125 0.50822
21.125 73.375 2.2891
21.125 73.625 0.51558
21.125 73.875 0.69884
21.125 74.125 0.31313
21.125 74.375 -0.077791
21.125 74.625 0.11943
21.125 74.875 0.77072
21.125 75.125 0.11002
21.125 75.375 1.1802
21.125 75.625 0.054939
21.125 75.875 -0.027997
21.125 76.125 0.9278
21.125 76.375 0.8839
21.125 76.625 0.02369
21.125 76.875 0.12606
21.125 77.125 -0.20328
21.125 77.375 0.087301
21.125 77.625 0.55204
21.125 77.875 1.0214
21.125 78.125 0.38795
21.125 78.375 0.32659
21.125 78.625 -0.04548
21.125 78.875 0.63212
21.125 79.125 0.28595
21.125 79.375 -0.23341
21.125 79.625 -0.33033
21.125 79.875 0.043858
21.125 80.125 -0.5765
21.125 80.375 -0.54311
21.125 80.625 -0.049808
21.125 80.875 0.061427
21.125 81.125 -0.82028
21.125 81.375 -0.49165
21.125 81.625 -0.71233
21.125 81.875 -0.78457
21.125 82.125 -0.10213
21.125 82.375 -0.41326
21.125 82.625 -0.24584
21.125 82.875 -0.035007
21.125 83.125 -0.22334
21.125 83.375 -0.31192
21.125 83.625 0.077864
21.125 83.875 -0.052773
21.125 84.125 -0.5531
21.125 84.375 -0.60751
21.125 84.625 0.63642
21.125 84.875 0.78879
21.125 85.125 0.83881
21.125 85.375 0.92148
21.125 85.625 1.5228
21.125 85.875 2.2934
21.125 86.125 -0.47275
21.125 86.375 -0.44966
21.125 86.625 -0.10696
21.375 70.125 0.51729
21.375 70.375 0.16502
21.375 70.625 0.18042
21.375 70.875 -0.23277
21.375 71.125 -0.35874
21.375 71.375 -0.11773
21.375 71.625 0.041662
21.375 71.875 0.11589
21.375 72.875 0.97689
21.375 73.125 2.1069
21.375 73.375 2.1933
21.375 73.625 1.1268
21.375 73.875 1.167
21.375 74.125 0.044359
21.375 74.375 0.0019301
21.375 74.625 0.48482
21.375 74.875 1.6641
21.375 75.125 0.94311
21.375 75.375 0.42683
21.375 75.625 -0.048742
21.375 75.875 -0.065148
21.375 76.125 1.3078
21.375 76.375 0.57905
21.375 76.625 -0.44078
21.375 76.875 -0.38088
21.375 77.125 -0.23945
21.375 77.375 0.18477
21.375 77.625 0.30358
21.375 77.875 0.11845
21.375 78.125 0.42081
21.375 78.375 1.644
21.375 78.625 1.0178
21.375 78.875 0.68048
21.375 79.125 0.39306
21.375 79.375 -0.21911
21.375 79.625 -1.1373
21.375 79.875 -0.055232
21.375 80.125 -0.97044
21.375 80.375 -1.0215
21.375 80.625 -0.46727
21.375 80.875 -0.8232
21.375 81.125 -1.567
21.375 81.375 -0.78378
21.375 81.625 -0.65024
21.375 81.875 -0.45128
21.375 82.125 -0.071152
21.375 82.375 0.28063
21.375 82.625 0.38681
21.375 82.875 0.64111
21.375 83.125 0.55095
21.375 83.375 0.09163
21.375 83.625 -0.052634
21.375 83.875 0.28411
21.375 84.125 -0.0048967
21.375 84.375 0.063325
21.375 84.625 0.26583
21.375 84.875 0.60042
21.375 85.125 0.7994
21.375 85.375 0.72915
21.375 85.625 1.4429
21.375 85.875 0.69964
21.375 86.125 0.89881
21.375 86.375 0.11941
21.375 86.625 -0.13073
21.375 86.875 -0.047562
21.625 69.875 0.16673
21.625 70.125 -0.20937
21.625 70.375 0.43292
21.625 70.625 0.46393
21.625 70.875 -0.10828
21.625 71.125 -0.10119
21.625 71.375 0.58343
21.625 71.625 1.0848
21.625 71.875 0.47251
21.625 72.125 0.21181
21.625 72.875 1.169
21.625 73.125 1.34
21.625 73.375 0.89786
21.625 73.625 0.87945
21.625 73.875 0.6381
21.625 74.125 0.23346
21.625 74.375 -0.11382
21.625 74.625 0.84035
21.625 74.875 1.6273
21.625 75.125 0.51241
21.625 75.375 0.24915
21.625 75.625 -0.16255
21.625 75.875 -0.045657
21.625 76.125 0.37712
21.625 76.375 0.095021
21.625 76.625 -0.43722
21.625 76.875 -0.0055248
21.625 77.125 0.51184
21.625 77.375 0.45746
21.625 77.625 -0.37577
21.625 77.875 0.24954
21.625 78.125 0.44334
21.625 78.375 1.5648
21.625 78.625 0.49202
21.625 78.875 0.10319
21.625 79.125 0.14193
21.625 79.375 0.19718
21.625 79.625 -0.14428
21.625 79.875 -0.078232
21.625 80.125 -0.34178
21.625 80.375 -0.090758
21.625 80.625 -0.8677
21.625 80.875 -0.92781
21.625 81.125 -1.4434
21.625 81.375 -1.4439
21.625 81.625 -0.56314
21.625 81.875 -0.51597
21.625 82.125 0.25856
21.625 82.375 0.082712
21.625 82.625 0.84361
21.625 82.875 NaN
21.625 83.125 1.0101
21.625 83.375 0.31219
21.625 83.625 0.73513
21.625 83.875 1.2768
21.625 84.125 0.66897
21.625 84.375 1.0654
21.625 84.625 1.1782
21.625 84.875 1.9957
21.625 85.125 1.0132
21.625 85.375 0.9933
21.625 85.625 1.0053
21.625 85.875 1.4835
21.625 86.125 0.72117
21.625 86.375 1.1698
21.625 86.625 -0.6427
21.625 86.875 -0.40841
21.625 87.125 -0.18117
21.625 87.375 NaN
21.875 69.375 NaN
21.875 69.625 0.41255
21.875 69.875 0.28557
21.875 70.125 0.23734
21.875 70.375 0.4499
21.875 70.625 0.39855
21.875 70.875 -0.29975
21.875 71.125 -0.40997
21.875 71.375 0.57014
21.875 71.625 0.78968
21.875 71.875 0.42639
21.875 72.125 0.29362
21.875 72.625 NaN
21.875 72.875 0.46727
21.875 73.125 0.5323
21.875 73.375 0.34062
21.875 73.625 0.17104
21.875 73.875 0.15896
21.875 74.125 -0.28589
21.875 74.375 -0.59911
21.875 74.625 0.098035
21.875 74.875 0.28417
21.875 75.125 0.58266
21.875 75.375 -0.36246
21.875 75.625 -0.14994
21.875 75.875 0.44085
21.875 76.125 0.27841
21.875 76.375 -0.12208
21.875 76.625 -0.24909
21.875 76.875 0.22346
21.875 77.125 0.65837
21.875 77.375 0.15944
21.875 77.625 -0.31005
21.875 77.875 -0.30223
21.875 78.125 -0.43365
21.875 78.375 -0.44583
21.875 78.625 0.077886
21.875 78.875 0.35806
21.875 79.125 0.25572
21.875 79.375 0.30787
21.875 79.625 0.35318
21.875 79.875 0.61853
21.875 80.125 0.53856
21.875 80.375 0.34511
21.875 80.625 -0.16807
21.875 80.875 -0.68815
21.875 81.125 -1.1251
21.875 81.375 -0.43884
21.875 81.625 0.21765
21.875 81.875 -0.24911
21.875 82.125 0.8839
21.875 82.375 0.50332
21.875 82.625 0.10393
21.875 82.875 0.41465
21.875 83.125 0.70224
21.875 83.375 0.33104
21.875 83.625 0.41161
21.875 83.875 1.6634
21.875 84.125 0.70491
21.875 84.375 1.1662
21.875 84.625 1.4682
21.875 84.875 1.3968
21.875 85.125 1.1412
21.875 85.375 1.138
21.875 85.625 0.58288
21.875 85.875 1.841
21.875 86.125 1.6916
21.875 86.375 1.5798
21.875 86.625 -0.41083
21.875 86.875 -0.58587
21.875 87.125 -0.15754
21.875 87.375 0.048146
21.875 87.625 0.078745
21.875 87.875 0.50985
21.875 88.375 0.70501
21.875 88.625 NaN
21.875 88.875 NaN
22.125 69.125 0.70798
22.125 69.375 0.26009
22.125 69.625 0.056591
22.125 69.875 0.025751
22.125 70.125 0.10721
22.125 70.375 0.14293
22.125 70.625 0.16039
22.125 70.875 0.17646
22.125 71.125 -0.44231
22.125 71.375 0.27479
22.125 71.625 0.30971
22.125 71.875 0.16812
22.125 72.125 0.42074
22.125 72.625 NaN
22.125 72.875 0.26089
22.125 73.125 0.14004
22.125 73.375 0.67377
22.125 73.625 0.46557
22.125 73.875 0.52654
22.125 74.125 1.5001
22.125 74.375 -0.36611
22.125 74.625 -0.30284
22.125 74.875 0.38323
22.125 75.125 0.3923
22.125 75.375 -0.13428
22.125 75.625 0.6835
22.125 75.875 0.68999
22.125 76.125 0.16921
22.125 76.375 -0.041693
22.125 76.625 0.10001
22.125 76.875 0.14264
22.125 77.125 0.4394
22.125 77.375 0.18855
22.125 77.625 -0.26809
22.125 77.875 -0.06296
22.125 78.125 -0.32786
22.125 78.375 -0.718
22.125 78.625 -0.46395
22.125 78.875 -0.028403
22.125 79.125 0.30488
22.125 79.375 0.23832
22.125 79.625 0.84443
22.125 79.875 1.1561
22.125 80.125 0.97437
22.125 80.375 0.96586
22.125 80.625 0.43254
22.125 80.875 -0.63986
22.125 81.125 -1.3649
22.125 81.375 0.96832
22.125 81.625 -0.25628
22.125 81.875 0.19405
22.125 82.125 0.30701
22.125 82.375 -0.046159
22.125 82.625 -0.13278
22.125 82.875 0.088444
22.125 83.125 -0.032451
22.125 83.375 -0.021442
22.125 83.625 0.57416
22.125 83.875 0.12154
22.125 84.125 0.79645
22.125 84.375 0.43034
22.125 84.625 0.90693
22.125 84.875 1.6267
22.125 85.125 1.1594
22.125 85.375 1.1683
22.125 85.625 0.84259
22.125 85.875 1.2073
22.125 86.125 1.717
22.125 86.375 1.6315
22.125 86.625 0.58036
22.125 86.875 0.36259
22.125 87.125 0.24092
22.125 87.375 0.12692
22.125 87.625 0.20923
22.125 87.875 0.71727
22.125 88.125 1.01
22.125 88.375 0.87145
22.125 92.875 NaN
22.375 69.125 0.46101
22.375 69.875 -0.064669
22.375 70.125 -0.012681
22.375 70.375 -0.27819
22.375 70.625 0.15389
22.375 70.875 0.024525
22.375 71.125 0.25105
22.375 71.375 0.095726
22.375 71.625 -0.19084
22.375 71.875 0.0051078
22.375 72.125 0.40932
22.375 72.625 NaN
22.375 72.875 0.35831
22.375 73.125 0.62425
22.375 73.375 0.33401
22.375 73.625 0.85775
22.375 73.875 1.1945
22.375 74.125 0.95357
22.375 74.375 0.011278
22.375 74.625 -0.13334
22.375 74.875 0.65064
22.375 75.125 0.68011
22.375 75.375 0.89553
22.375 75.625 0.53047
22.375 75.875 -0.19574
22.375 76.125 0.28172
22.375 76.375 0.97304
22.375 76.625 1.0943
22.375 76.875 0.25851
22.375 77.125 0.080143
22.375 77.375 0.3262
22.375 77.625 0.2719
22.375 77.875 0.58848
22.375 78.125 0.3988
22.375 78.375 -0.11112
22.375 78.625 -0.052237
22.375 78.875 0.54824
22.375 79.125 0.61072
22.375 79.375 0.85043
22.375 79.625 1.7351
22.375 79.875 0.98664
22.375 80.125 0.83548
22.375 80.375 1.6259
22.375 80.625 0.28901
22.375 80.875 -0.31038
22.375 81.125 -0.52962
22.375 81.375 0.43547
22.375 81.625 0.17084
22.375 81.875 0.66883
22.375 82.125 0.041811
22.375 82.375 -0.178
22.375 82.625 -0.77703
22.375 82.875 -0.81977
22.375 83.125 -0.96216
22.375 83.375 -1.1559
22.375 83.625 -0.99302
22.375 83.875 -0.24477
22.375 84.125 0.067864
22.375 84.375 0.61706
22.375 84.625 0.8975
22.375 84.875 1.2776
22.375 85.125 1.1151
22.375 85.375 1.2589
22.375 85.625 0.71907
22.375 85.875 1.9596
22.375 86.125 3.647
22.375 86.375 1.0363
22.375 86.625 0.76106
22.375 86.875 0.33571
22.375 87.125 0.30551
22.375 87.375 0.022595
22.375 87.625 0.16902
22.375 87.875 1.2204
22.375 88.125 -0.86367
22.375 88.375 0.71501
22.375 88.625 0.81539
22.375 88.875 0.76971
22.375 92.875 1.5928
22.625 70.375 0.62712
22.625 70.625 0.64099
22.625 70.875 0.045331
22.625 71.125 0.02008
22.625 71.375 0.32201
22.625 71.625 -0.0017759
22.625 71.875 -0.15757
22.625 72.125 0.012796
22.625 72.375 0.14888
22.625 72.625 1.615
22.625 72.875 0.24103
22.625 73.125 -0.092983
22.625 73.375 0.92121
22.625 73.625 -0.1916
22.625 73.875 -0.24503
22.625 74.125 0.32385
22.625 74.375 0.56358
22.625 74.625 0.42889
22.625 74.875 0.62503
22.625 75.125 0.67886
22.625 75.375 1.2461
22.625 75.625 0.66722
22.625 75.875 -0.23023
22.625 76.125 0.14494
22.625 76.375 0.43213
22.625 76.625 0.8853
22.625 76.875 0.27309
22.625 77.125 0.3599
22.625 77.375 0.64005
22.625 77.625 0.80783
22.625 77.875 1.1624
22.625 78.125 1.2348
22.625 78.375 0.98967
22.625 78.625 0.97484
22.625 78.875 0.76738
22.625 79.125 0.82224
22.625 79.375 0.83194
22.625 79.625 1.1106
22.625 79.875 0.55177
22.625 80.125 1.0147
22.625 80.375 0.43015
22.625 80.625 -0.83653
22.625 80.875 -0.80168
22.625 81.125 0.33506
22.625 81.375 0.15279
22.625 81.625 0.61671
22.625 81.875 0.46198
22.625 82.125 -0.15961
22.625 82.375 -0.83117
22.625 82.625 -1.3232
22.625 82.875 -1.3766
22.625 83.125 -1.3664
22.625 83.375 -0.86434
22.625 83.625 -0.23646
22.625 83.875 -0.88071
22.625 84.125 -0.085964
22.625 84.375 0.51211
22.625 84.625 1.1334
22.625 84.875 1.6816
22.625 85.125 1.1845
22.625 85.375 0.75419
22.625 85.625 1.4724
22.625 85.875 2.0201
22.625 86.125 2.8708
22.625 86.375 0.78549
22.625 86.625 0.76635
22.625 86.875 0.57464
22.625 87.125 0.28009
22.625 87.375 -0.016721
22.625 87.625 0.18401
22.625 87.875 0.6202
22.625 88.125 0.48856
22.625 88.375 1.0555
22.625 88.625 0.89649
22.625 88.875 0.89734
22.625 92.625 0.19986
22.625 92.875 1.3783
22.875 69.375 NaN
22.875 69.625 NaN
22.875 69.875 NaN
22.875 70.625 0.88001
22.875 70.875 0.23021
22.875 71.125 -0.088279
22.875 71.375 -0.22178
22.875 71.625 -0.25481
22.875 71.875 -0.35827
22.875 72.125 0.044666
22.875 72.375 0.43173
22.875 72.625 1.2779
22.875 72.875 0.13221
22.875 73.125 0.87834
22.875 73.375 1.0292
22.875 73.625 -0.0031312
22.875 73.875 0.24077
22.875 74.125 0.4697
22.875 74.375 0.021626
22.875 74.625 0.32646
22.875 74.875 1.1889
22.875 75.125 0.88132
22.875 75.375 0.15146
22.875 75.625 -0.15422
22.875 75.875 -0.41524
22.875 76.125 -0.51826
22.875 76.375 -0.31603
22.875 76.625 -0.036803
22.875 76.875 0.73056
22.875 77.125 0.74184
22.875 77.375 1.6567
22.875 77.625 0.94176
22.875 77.875 1.2789
22.875 78.125 2.0796
22.875 78.375 1.4301
22.875 78.625 1.4452
22.875 78.875 1.1422
22.875 79.125 0.66068
22.875 79.375 0.53291
22.875 79.625 -0.23244
22.875 79.875 0.52686
22.875 80.125 0.26873
22.875 80.375 0.21488
22.875 80.625 -0.57699
22.875 80.875 -0.18362
22.875 81.125 0.19793
22.875 81.375 0.253
22.875 81.625 -0.4125
22.875 81.875 -0.20764
22.875 82.125 -0.27529
22.875 82.375 0.021504
22.875 82.625 -0.74018
22.875 82.875 -0.54855
22.875 83.125 -1.4114
22.875 83.375 -0.39713
22.875 83.625 0.20987
22.875 83.875 -0.12496
22.875 84.125 -0.19873
22.875 84.375 0.17456
22.875 84.625 1.5106
22.875 84.875 1.3356
22.875 85.125 2.0271
22.875 85.375 1.8972
22.875 85.625 1.3647
22.875 85.875 0.70957
22.875 86.125 0.099647
22.875 86.375 0.3701
22.875 86.625 1.4105
22.875 86.875 1.5738
22.875 87.125 0.84309
22.875 87.375 0.44747
22.875 87.625 0.010408
22.875 87.875 -0.75434
22.875 88.125 0.16866
22.875 88.375 0.59327
22.875 88.625 0.96132
22.875 92.625 0.30118
22.875 92.875 1.0189
23.125 68.875 0.46217
23.125 69.125 1.0937
23.125 69.375 1.2056
23.125 69.625 1.4965
23.125 69.875 1.2491
23.125 70.125 1.4972
23.125 70.875 0.31531
23.125 71.125 0.16406
23.125 71.375 -0.063631
23.125 71.625 0.12299
23.125 71.875 -0.37573
23.125 72.125 -0.03714
23.125 72.375 -0.30732
23.125 72.625 1.1885
23.125 72.875 0.63358
23.125 73.125 0.1456
23.125 73.375 0.95954
23.125 73.625 1.1367
23.125 73.875 0.83076
23.125 74.125 0.41559
23.125 74.375 0.46158
23.125 74.625 1.696
23.125 74.875 1.1921
23.125 75.125 0.61083
23.125 75.375 0.38315
23.125 75.625 0.037032
23.125 75.875 -0.070341
23.125 76.125 -0.40625
23.125 76.375 -0.60019
23.125 76.625 -0.70888
23.125 76.875 -0.51942
23.125 77.125 0.064734
23.125 77.375 0.81643
23.125 77.625 0.75786
23.125 77.875 0.91458
23.125 78.125 1.2717
23.125 78.375 1.3851
23.125 78.625 1.3398
23.125 78.875 0.87606
23.125 79.125 0.35211
23.125 79.375 0.5287
23.125 79.625 -0.49755
23.125 79.875 -0.14904
23.125 80.125 -0.11961
23.125 80.375 -0.10067
23.125 80.625 0.0056033
23.125 80.875 0.60007
23.125 81.125 0.37059
23.125 81.375 -0.31224
23.125 81.625 -0.13295
23.125 81.875 0.012551
23.125 82.125 -0.066999
23.125 82.375 0.45434
23.125 82.625 0.58573
23.125 82.875 -0.34035
23.125 83.125 -0.77984
23.125 83.375 1.6565
23.125 83.625 2.8931
23.125 83.875 1.5871
23.125 84.125 0.37841
23.125 84.375 1.1329
23.125 84.625 1.6229
23.125 84.875 1.5595
23.125 85.125 1.3644
23.125 85.375 2.1554
23.125 85.625 1.1428
23.125 85.875 0.41768
23.125 86.125 0.8832
23.125 86.375 1.1887
23.125 86.625 1.1071
23.125 86.875 1.4895
23.125 87.125 1.2677
23.125 87.375 0.96827
23.125 87.625 1.0231
23.125 87.875 0.088277
23.125 88.125 -0.41049
23.125 88.375 -0.062004
23.125 88.625 0.41346
23.125 91.625 NaN
23.125 92.625 0.2242
23.125 92.875 0.19641
23.125 93.125 NaN
23.375 68.875 0.80703
23.375 69.125 1.0996
23.375 69.375 1.3208
23.375 69.625 1.4073
23.375 69.875 1.4892
23.375 70.125 1.9432
23.375 70.375 2.4629
23.375 70.625 2.407
23.375 70.875 1.5095
23.375 71.125 1.3248
23.375 71.375 0.40285
23.375 71.625 -0.2378
23.375 71.875 -0.10253
23.375 72.125 -0.084779
23.375 72.375 -0.010512
23.375 72.625 0.42609
23.375 72.875 1.0365
23.375 73.125 0.83601
23.375 73.375 0.6195
23.375 73.625 0.29225
23.375 73.875 0.19463
23.375 74.125 0.1196
23.375 74.375 0.45721
23.375 74.625 2.1312
23.375 74.875 1.4437
23.375 75.125 0.38513
23.375 75.375 0.33292
23.375 75.625 -0.065833
23.375 75.875 -0.086204
23.375 76.125 -0.043503
23.375 76.375 -0.44537
23.375 76.625 -0.44196
23.375 76.875 0.042689
23.375 77.125 -0.29478
23.375 77.375 0.48573
23.375 77.625 0.01251
23.375 77.875 0.48215
23.375 78.125 0.38433
23.375 78.375 0.69218
23.375 78.625 0.81477
23.375 78.875 0.44477
23.375 79.125 0.1124
23.375 79.375 0.35838
23.375 79.625 0.25483
23.375 79.875 -0.055461
23.375 80.125 -0.44142
23.375 80.375 0.071449
23.375 80.625 0.32211
23.375 80.875 0.27199
23.375 81.125 0.14741
23.375 81.375 -0.27642
23.375 81.625 0.19401
23.375 81.875 0.13927
23.375 82.125 0.64557
23.375 82.375 -0.080093
23.375 82.625 0.057018
23.375 82.875 0.042296
23.375 83.125 1.2351
23.375 83.375 2.3429
23.375 83.625 2.741
23.375 83.875 1.0169
23.375 84.125 0.90555
23.375 84.375 1.4066
23.375 84.625 1.0332
23.375 84.875 0.39793
23.375 85.125 0.86525
23.375 85.375 0.84032
23.375 85.625 0.68267
23.375 85.875 0.12278
23.375 86.125 0.092638
23.375 86.375 0.82295
23.375 86.625 0.56569
23.375 86.875 0.74355
23.375 87.125 1.1115
23.375 87.375 0.5669
23.375 87.625 1.089
23.375 87.875 -0.17664
23.375 88.125 -0.49517
23.375 88.375 -0.24363
23.375 88.625 -0.079134
23.375 91.375 -0.64959
23.375 91.625 -0.67056
23.375 92.625 0.27516
23.375 92.875 0.086351
23.375 93.125 -0.45597
23.625 68.625 0.9216
23.625 68.875 0.91383
23.625 69.125 0.96898
23.625 69.375 1.1807
23.625 69.625 1.1565
23.625 69.875 1.5509
23.625 70.125 2.1928
23.625 70.375 2.4733
23.625 70.625 2.5199
23.625 70.875 1.8695
23.625 71.125 1.9791
23.625 71.375 1.6326
23.625 71.625 0.046253
23.625 71.875 -0.1886
23.625 72.125 0.25427
23.625 72.375 0.11635
23.625 72.625 0.92828
23.625 72.875 1.5989
23.625 73.125 1.28
23.625 73.375 0.93387
23.625 73.625 0.80014
23.625 73.875 0.36071
23.625 74.125 0.83801
23.625 74.375 0.74758
23.625 74.625 1.4787
23.625 74.875 0.98538
23.625 75.125 -0.44513
23.625 75.375 0.13046
23.625 75.625 0.54853
23.625 75.875 0.44845
23.625 76.125 0.38092
23.625 76.375 0.44854
23.625 76.625 1.4476
23.625 76.875 1.573
23.625 77.125 0.33687
23.625 77.375 0.10661
23.625 77.625 -0.45162
23.625 77.875 0.22623
23.625 78.125 0.37189
23.625 78.375 0.34973
23.625 78.625 0.1312
23.625 78.875 0.09079
23.625 79.125 -0.062307
23.625 79.375 0.0071169
23.625 79.625 0.18159
23.625 79.875 1.0699
23.625 80.125 -0.033962
23.625 80.375 0.14467
23.625 80.625 1.1596
23.625 80.875 1.1096
23.625 81.125 -0.20448
23.625 81.375 0.2304
23.625 81.625 0.43399
23.625 81.875 0.48181
23.625 82.125 0.41604
23.625 82.375 0.64378
23.625 82.625 1.1995
23.625 82.875 1.3731
23.625 83.125 1.794
23.625 83.375 1.3768
23.625 83.625 1.4779
23.625 83.875 0.60564
23.625 84.125 0.46325
23.625 84.375 0.45966
23.625 84.625 0.24477
23.625 84.875 0.19366
23.625 85.125 0.023569
23.625 85.375 0.77835
23.625 85.625 0.4001
23.625 85.875 2.7677
23.625 86.125 -1.1097
23.625 86.375 0.55558
23.625 86.625 0.51386
23.625 86.875 0.50875
23.625 87.125 0.35333
23.625 87.375 0.84992
23.625 87.625 0.22876
23.625 87.875 -0.056992
23.625 88.125 -0.3958
23.625 88.375 -0.35737
23.625 91.375 -0.61893
23.625 91.625 -0.66643
23.625 91.875 NaN
23.625 92.375 -0.21662
23.625 92.625 0.18283
23.625 92.875 -0.23134
23.625 93.125 -0.45157
23.875 68.875 0.84691
23.875 69.125 0.89904
23.875 69.375 1.128
23.875 69.625 1.2699
23.875 69.875 1.8857
23.875 70.125 2.1274
23.875 70.375 2.3378
23.875 70.625 2.4364
23.875 70.875 2.1087
23.875 71.125 2.4326
23.875 71.375 2.5912
23.875 71.625 1.222
23.875 71.875 0.55379
23.875 72.125 0.89826
23.875 72.375 0.93613
23.875 72.625 1.1735
23.875 72.875 2.1479
23.875 73.125 1.9422
23.875 73.375 2.7086
23.875 73.625 0.79856
23.875 73.875 1.0618
23.875 74.125 0.76441
23.875 74.375 0.85583
23.875 74.625 0.85219
23.875 74.875 0.17006
23.875 75.125 0.051031
23.875 75.375 0.16139
23.875 75.625 0.34614
23.875 75.875 0.19256
23.875 76.125 1.1448
23.875 76.375 1.4227
23.875 76.625 2.1076
23.875 76.875 1.5681
23.875 77.125 0.45724
23.875 77.375 0.32171
23.875 77.625 0.12977
23.875 77.875 0.49744
23.875 78.125 0.33598
23.875 78.375 0.071193
23.875 78.625 0.23176
23.875 78.875 0.25554
23.875 79.125 -0.17788
23.875 79.375 -0.03357
23.875 79.625 0.36193
23.875 79.875 0.38873
23.875 80.125 0.027091
23.875 80.375 -0.35115
23.875 80.625 0.38217
23.875 80.875 0.15204
23.875 81.125 -0.037963
23.875 81.375 0.4988
23.875 81.625 0.66758
23.875 81.875 0.20206
23.875 82.125 0.81398
23.875 82.375 1.1661
23.875 82.625 0.98892
23.875 82.875 0.59431
23.875 83.125 0.60812
23.875 83.375 -0.008214
23.875 83.625 0.60464
23.875 83.875 0.99335
23.875 84.125 1.1502
23.875 84.375 0.45309
23.875 84.625 0.21628
23.875 84.875 -0.29977
23.875 85.125 -0.59276
23.875 85.375 -0.030627
23.875 85.625 -0.14555
23.875 85.875 0.41489
23.875 86.125 0.12736
23.875 86.375 1.6573
23.875 86.625 1.1005
23.875 86.875 0.82903
23.875 87.125 0.26847
23.875 87.375 0.27173
23.875 87.625 0.054234
23.875 87.875 0.070332
23.875 88.125 0.0078636
23.875 88.375 -0.39362
23.875 91.375 -0.73299
23.875 91.625 -0.81167
23.875 91.875 1.0472
23.875 92.125 1.1148
23.875 92.375 0.29052
23.875 92.625 0.34209
23.875 92.875 -0.85267
23.875 93.125 -0.57907
23.875 93.375 -0.41104
24.125 68.875 0.88747
24.125 69.125 0.91483
24.125 69.375 1.1583
24.125 69.625 1.5047
24.125 69.875 1.9141
24.125 70.125 2.3136
24.125 70.375 2.6331
24.125 70.625 2.5057
24.125 70.875 2.4134
24.125 71.125 2.458
24.125 71.375 2.5083
24.125 71.625 1.2437
24.125 71.875 0.90937
24.125 72.125 1.2518
24.125 72.375 0.99492
24.125 72.625 1.4473
24.125 72.875 1.1218
24.125 73.125 1.3667
24.125 73.375 0.99127
24.125 73.625 0.56526
24.125 73.875 0.70178
24.125 74.125 0.56694
24.125 74.375 0.67282
24.125 74.625 0.050714
24.125 74.875 -0.30115
24.125 75.125 -0.39702
24.125 75.375 0.016407
24.125 75.625 0.10327
24.125 75.875 0.21166
24.125 76.125 0.90089
24.125 76.375 1.3889
24.125 76.625 1.6994
24.125 76.875 2.0835
24.125 77.125 1.4975
24.125 77.375 0.79125
24.125 77.625 0.66527
24.125 77.875 0.15543
24.125 78.125 -0.14021
24.125 78.375 0.060066
24.125 78.625 0.20054
24.125 78.875 -0.17513
24.125 79.125 -0.16307
24.125 79.375 0.0092133
24.125 79.625 -0.57584
24.125 79.875 0.28318
24.125 80.125 -0.5397
24.125 80.375 -0.29482
24.125 80.625 0.27443
24.125 80.875 0.17428
24.125 81.125 -0.13259
24.125 81.375 0.47754
24.125 81.625 0.63624
24.125 81.875 0.14024
24.125 82.125 0.81334
24.125 82.375 1.0053
24.125 82.625 0.0022699
24.125 82.875 -0.27543
24.125 83.125 0.0031299
24.125 83.375 -1.0204
24.125 83.625 -0.44428
24.125 83.875 0.46252
24.125 84.125 0.84046
24.125 84.375 0.63883
24.125 84.625 0.31463
24.125 84.875 -0.11387
24.125 85.125 -0.71261
24.125 85.375 -0.060411
24.125 85.625 -0.38216
24.125 85.875 0.19315
24.125 86.125 -0.36849
24.125 86.375 -0.85412
24.125 86.625 0.1517
24.125 86.875 0.27361
24.125 87.125 -0.32467
24.125 87.375 -0.26598
24.125 87.625 -0.3508
24.125 87.875 -0.07019
24.125 88.125 -0.14526
24.125 88.375 -0.20769
24.125 91.875 0.89595
24.125 92.125 0.88903
24.125 92.375 -0.14351
24.125 92.625 0.04859
24.125 92.875 -0.74977
24.125 93.125 -0.73757
24.125 93.375 -0.03627
24.125 93.625 -0.034831
24.125 93.875 0.0528
24.125 94.125 NaN
24.375 71.375 2.3527
24.375 71.625 1.5916
24.375 71.875 1.2036
24.375 72.125 1.0663
24.375 72.375 0.27227
24.375 72.625 0.65524
24.375 72.875 0.7336
24.375 73.125 1.0023
24.375 73.375 1.4588
24.375 73.625 1.1766
24.375 73.875 0.55474
24.375 74.125 -0.025886
24.375 74.375 1.0067
24.375 74.625 1.1219
24.375 74.875 0.49337
24.375 75.125 0.2039
24.375 75.375 1.263
24.375 75.625 1.9645
24.375 75.875 1.5975
24.375 76.125 1.1296
24.375 76.375 1.6443
24.375 76.625 2.1657
24.375 76.875 2.2168
24.375 77.125 1.9429
24.375 77.375 1.7964
24.375 77.625 1.5273
24.375 77.875 1.3047
24.375 78.125 0.59646
24.375 78.375 0.9682
24.375 78.625 0.088463
24.375 78.875 0.44904
24.375 79.125 0.83153
24.375 79.375 0.65452
24.375 79.625 0.23472
24.375 79.875 0.11409
24.375 80.125 -0.48425
24.375 80.375 0.24012
24.375 80.625 0.42179
24.375 80.875 0.27149
24.375 81.125 0.24295
24.375 81.375 0.31863
24.375 81.625 0.80904
24.375 81.875 0.9992
24.375 82.125 1.1375
24.375 82.375 0.88309
24.375 82.625 0.21692
24.375 82.875 0.19414
24.375 83.125 -0.24732
24.375 83.375 -0.31559
24.375 83.625 0.015883
24.375 83.875 -0.16607
24.375 84.125 -0.11064
24.375 84.375 0.76037
24.375 84.625 0.42294
24.375 84.875 0.11335
24.375 85.125 0.51187
24.375 85.375 0.44054
24.375 85.625 0.41029
24.375 85.875 -0.52295
24.375 86.125 -0.47098
24.375 86.375 -0.33537
24.375 86.625 -0.006168
24.375 86.875 -0.44279
24.375 87.125 -0.84648
24.375 87.375 -0.067956
24.375 87.625 -1.0238
24.375 87.875 -0.69131
24.375 88.125 -0.508
24.375 92.375 -1.3249
24.375 92.625 -0.6585
24.375 92.875 -0.79842
24.375 93.125 -0.68147
24.375 93.375 -0.13323
24.375 93.625 -0.10198
24.375 93.875 0.097349
24.375 94.125 0.45341
24.625 71.125 1.17
24.625 71.375 1.9758
24.625 71.625 2.1221
24.625 71.875 1.2483
24.625 72.125 0.63131
24.625 72.375 0.55218
24.625 72.625 0.78143
24.625 72.875 0.58219
24.625 73.125 1.2474
24.625 73.375 1.6494
24.625 73.625 1.5242
24.625 73.875 1.2233
24.625 74.125 0.47258
24.625 74.375 1.0309
24.625 74.625 1.502
24.625 74.875 0.85034
24.625 75.125 1.0213
24.625 75.375 1.7829
24.625 75.625 1.5823
24.625 75.875 1.2218
24.625 76.125 2.2138
24.625 76.375 2.4908
24.625 76.625 2.1726
24.625 76.875 2.0641
24.625 77.125 1.7204
24.625 77.375 1.8181
24.625 77.625 1.7107
24.625 77.875 1.9018
24.625 78.125 0.67883
24.625 78.375 1.135
24.625 78.625 0.77658
24.625 78.875 1.0526
24.625 79.125 1.2295
24.625 79.375 1.1579
24.625 79.625 0.65768
24.625 79.875 0.48926
24.625 80.125 0.5018
24.625 80.375 0.44502
24.625 80.625 0.40156
24.625 80.875 -0.88693
24.625 81.125 -0.77715
24.625 81.375 0.92846
24.625 81.625 1.5144
24.625 81.875 1.3619
24.625 82.125 -0.2733
24.625 82.375 0.065426
24.625 82.625 0.19841
24.625 82.875 0.30204
24.625 83.125 -0.44412
24.625 83.375 -0.63668
24.625 83.625 -0.066759
24.625 83.875 -0.11613
24.625 84.125 0.076174
24.625 84.375 0.23715
24.625 84.625 -0.18195
24.625 84.875 -0.30189
24.625 85.125 -0.1666
24.625 85.375 -0.047292
24.625 85.625 -0.40309
24.625 85.875 -0.95174
24.625 86.125 -0.47809
24.625 86.375 -0.45043
24.625 86.625 -0.23199
24.625 86.875 -0.68811
24.625 87.125 -0.75422
24.625 87.375 -0.45333
24.625 87.625 -0.69874
24.625 87.875 -0.73444
24.625 92.375 -1.2569
24.625 92.625 -1.2108
24.625 92.875 -1.1634
24.625 93.125 -0.039596
24.625 93.375 0.35784
24.625 93.625 0.1242
24.625 93.875 0.6434
24.625 94.125 0.75564
24.625 94.375 NaN
24.875 71.125 0.69306
24.875 71.375 0.67865
24.875 71.625 1.1349
24.875 71.875 0.63808
24.875 72.125 0.52371
24.875 72.375 0.60431
24.875 72.625 0.65856
24.875 72.875 0.66651
24.875 73.125 0.98204
24.875 73.375 1.4756
24.875 73.625 1.1211
24.875 73.875 0.50618
24.875 74.125 0.56482
24.875 74.375 1.0895
24.875 74.625 1.2218
24.875 74.875 0.79553
24.875 75.125 1.6598
24.875 75.375 1.1082
24.875 75.625 0.7345
24.875 75.875 1.5059
24.875 76.125 1.7115
24.875 76.375 2.796
24.875 76.625 2.8749
24.875 76.875 2.1854
24.875 77.125 1.8858
24.875 77.375 1.9816
24.875 77.625 1.9062
24.875 77.875 1.3708
24.875 78.125 1.1436
24.875 78.375 1.7668
24.875 78.625 0.67299
24.875 78.875 3.1058
24.875 79.125 1.8827
24.875 79.375 1.2926
24.875 79.625 1.2383
24.875 79.875 0.6895
24.875 80.125 0.3945
24.875 80.375 0.79536
24.875 80.625 0.86773
24.875 80.875 -0.51796
24.875 81.125 -1.2816
24.875 81.375 -0.71411
24.875 81.625 0.067943
24.875 81.875 -0.54822
24.875 82.125 -0.88584
24.875 82.375 -0.65274
24.875 82.625 0.7969
24.875 82.875 -0.71182
24.875 83.125 -1.0671
24.875 83.375 -1.1693
24.875 83.625 -0.48294
24.875 83.875 -0.48938
24.875 84.125 -0.91761
24.875 84.375 -1.5351
24.875 84.625 -1.0078
24.875 84.875 -0.28123
24.875 85.125 0.14619
24.875 85.375 -0.65405
24.875 85.625 -0.60099
24.875 85.875 -0.12182
24.875 86.125 -1.0313
24.875 86.375 -0.4919
24.875 86.625 -0.52963
24.875 86.875 -0.98728
24.875 87.125 -0.81113
24.875 87.375 -0.18677
24.875 87.625 -0.36765
24.875 87.875 -0.32313
24.875 88.125 -0.00093545
24.875 92.625 -1.0285
24.875 92.875 -0.64324
24.875 93.125 0.093222
24.875 93.375 0.34363
24.875 93.625 0.85832
24.875 93.875 0.9252
24.875 94.125 0.80162
24.875 94.375 0.65438
25.125 71.125 0.77876
25.125 71.375 0.62712
25.125 71.625 0.6654
25.125 71.875 0.97095
25.125 72.125 1.2042
25.125 72.375 2.8923
25.125 72.625 2.063
25.125 72.875 0.86375
25.125 73.125 1.1143
25.125 73.375 1.7795
25.125 73.625 1.8278
25.125 73.875 0.96005
25.125 74.125 0.78602
25.125 74.375 1.7296
25.125 74.625 2.4933
25.125 74.875 2.2332
25.125 75.125 3.3652
25.125 75.375 1.237
25.125 75.625 1.7647
25.125 75.875 1.4439
25.125 76.125 2.1379
25.125 76.375 2.6766
25.125 76.625 2.5684
25.125 76.875 1.9998
25.125 77.125 1.8706
25.125 77.375 1.6879
25.125 77.625 2.0607
25.125 77.875 2.0146
25.125 78.125 1.7809
25.125 78.375 1.2339
25.125 78.625 0.44638
25.125 78.875 0.38528
25.125 79.125 1.0771
25.125 79.375 0.41648
25.125 79.625 0.37948
25.125 79.875 1.2087
25.125 80.125 0.42024
25.125 80.375 1.3058
25.125 80.625 1.1019
25.125 80.875 0.053962
25.125 81.125 -1.1203
25.125 81.375 -0.32151
25.125 81.625 -1.139
25.125 81.875 -0.78539
25.125 82.125 0.10503
25.125 82.375 0.71411
25.125 82.625 0.1896
25.125 82.875 -0.92196
25.125 83.125 -1.3258
25.125 83.375 -1.4563
25.125 83.625 -0.92169
25.125 83.875 -1.2391
25.125 84.125 -1.0749
25.125 84.375 -1.0232
25.125 84.625 -0.56145
25.125 84.875 -0.80987
25.125 85.125 0.20989
25.125 85.375 0.35094
25.125 85.625 -0.70219
25.125 85.875 -0.1082
25.125 86.125 -1.1126
25.125 86.375 -0.21667
25.125 86.625 -0.95422
25.125 86.875 -1.2931
25.125 87.125 -1.0066
25.125 87.375 -0.46483
25.125 87.625 -0.40968
25.125 87.875 -0.6462
25.125 88.125 -0.41684
25.125 88.375 -0.32328
25.125 92.375 -1.4076
25.125 92.625 -1.3983
25.125 92.875 -0.3296
25.125 93.125 0.11194
25.125 93.375 0.65414
25.125 93.625 0.51562
25.125 93.875 0.38186
25.125 94.125 0.41992
25.125 94.375 0.41752
25.375 70.875 0.13396
25.375 71.125 0.35502
25.375 71.375 0.58408
25.375 71.625 1.2966
25.375 71.875 1.4722
25.375 72.125 1.982
25.375 72.375 2.8137
25.375 72.625 2.1478
25.375 72.875 1.6531
25.375 73.125 1.8757
25.375 73.375 2.118
25.375 73.625 2.1497
25.375 73.875 1.178
25.375 74.125 1.5078
25.375 74.375 2.1244
25.375 74.625 2.501
25.375 74.875 2.6714
25.375 75.125 2.542
25.375 75.375 2.1092
25.375 75.625 2.4395
25.375 75.875 2.1104
25.375 76.125 3.2109
25.375 76.375 4.0711
25.375 76.625 2.8014
25.375 76.875 2.0511
25.375 77.125 2.0655
25.375 77.375 2.1233
25.375 77.625 2.7703
25.375 77.875 2.3964
25.375 78.125 1.8203
25.375 78.375 1.5348
25.375 78.625 -0.70429
25.375 78.875 -0.90203
25.375 79.125 -0.38799
25.375 79.375 0.66057
25.375 79.625 0.45763
25.375 79.875 0.77781
25.375 80.125 0.57194
25.375 80.375 0.43708
25.375 80.625 0.50845
25.375 80.875 -0.96085
25.375 81.125 -0.9339
25.375 81.375 0.0084333
25.375 81.625 -0.32032
25.375 81.875 -1.6264
25.375 82.125 -1.112
25.375 82.375 -0.68955
25.375 82.625 -0.73726
25.375 82.875 -1.2171
25.375 83.125 -1.2872
25.375 83.375 -0.56611
25.375 83.625 -0.5094
25.375 83.875 -0.6868
25.375 84.125 -0.80175
25.375 84.375 -0.64668
25.375 84.625 -0.50971
25.375 84.875 -0.16133
25.375 85.125 -0.32623
25.375 85.375 0.25574
25.375 85.625 0.093139
25.375 85.875 1.0908
25.375 86.125 1.5306
25.375 86.375 0.24641
25.375 86.625 -0.70857
25.375 86.875 -1.1624
25.375 87.125 -1.045
25.375 87.375 -0.95374
25.375 87.625 -0.8737
25.375 87.875 -1.106
25.375 88.125 -0.5635
25.375 88.375 -0.56025
25.375 88.625 -0.8205
25.375 90.125 0.0094933
25.375 90.375 -0.23986
25.375 90.625 -0.29036
25.375 90.875 -0.34672
25.375 91.125 -0.13149
25.375 91.375 0.019047
25.375 91.625 -0.42128
25.375 91.875 -0.57839
25.375 92.125 -0.99389
25.375 92.375 -1.1001
25.375 92.625 -0.52785
25.375 92.875 0.16556
25.375 93.125 0.17996
25.375 93.375 0.077299
25.375 93.625 0.59144
25.375 93.875 0.17021
25.375 94.125 0.42267
25.375 94.375 0.81748
25.625 70.875 0.08527
25.625 71.125 0.54453
25.625 71.375 0.67243
25.625 71.625 1.0688
25.625 71.875 1.7015
25.625 72.125 1.6533
25.625 72.375 1.9386
25.625 72.625 1.0106
25.625 72.875 1.3374
25.625 73.125 2.2612
25.625 73.375 1.919
25.625 73.625 1.6776
25.625 73.875 1.6954
25.625 74.125 1.3008
25.625 74.375 2.5675
25.625 74.625 2.5262
25.625 74.875 2.6564
25.625 75.125 2.1779
25.625 75.375 3.3363
25.625 75.625 3.8183
25.625 75.875 3.2981
25.625 76.125 3.1626
25.625 76.375 3.6176
25.625 76.625 2.9284
25.625 76.875 1.8084
25.625 77.125 2.0726
25.625 77.375 2.5456
25.625 77.625 2.6458
25.625 77.875 1.872
25.625 78.125 1.1459
25.625 78.375 -0.011272
25.625 78.625 -0.56745
25.625 78.875 -0.91252
25.625 79.125 0.27241
25.625 79.375 0.92854
25.625 79.625 0.99593
25.625 79.875 0.75392
25.625 80.125 0.82891
25.625 80.375 -0.048909
25.625 80.625 -1.0368
25.625 80.875 -1.1479
25.625 81.125 -0.77823
25.625 81.375 -0.76113
25.625 81.625 -0.66209
25.625 81.875 -0.28429
25.625 82.125 -1.1584
25.625 82.375 0.061201
25.625 82.625 -0.98621
25.625 82.875 -1.6105
25.625 83.125 -1.2938
25.625 83.375 -1.3266
25.625 83.625 -0.19505
25.625 83.875 -0.34252
25.625 84.125 -1.3055
25.625 84.375 -1.3267
25.625 84.625 -0.22253
25.625 84.875 -0.35789
25.625 85.125 -0.84108
25.625 85.375 -0.75786
25.625 85.625 0.40491
25.625 85.875 -0.39328
25.625 86.125 -1.1374
25.625 86.375 -1.0099
25.625 86.625 -1.7859
25.625 86.875 -1.08
25.625 87.125 -0.97176
25.625 87.375 -1.4494
25.625 87.625 -1.4832
25.625 87.875 -1.5011
25.625 88.125 -1.3663
25.625 90.125 -0.026234
25.625 90.375 -0.018382
25.625 90.625 -0.28867
25.625 90.875 -0.33831
25.625 91.125 0.28058
25.625 91.375 0.050823
25.625 91.625 -0.27268
25.625 91.875 -0.47613
25.625 92.125 -0.85243
25.625 92.375 -0.44721
25.625 92.625 -0.20165
25.625 92.875 -0.47883
25.625 93.125 -0.76573
25.625 93.375 -0.29718
25.625 93.625 0.41127
25.625 93.875 0.78635
25.625 94.125 1.488
25.625 94.375 1.5636
25.625 94.625 NaN
25.625 94.875 NaN
25.875 70.375 0.16366
25.875 70.625 0.15263
25.875 70.875 0.36052
25.875 71.125 0.48829
25.875 71.375 0.7279
25.875 71.625 0.85101
25.875 71.875 1.7751
25.875 72.125 1.8612
25.875 72.375 1.955
25.875 72.625 1.0263
25.875 72.875 1.0118
25.875 73.125 2.0949
25.875 73.375 2.5278
25.875 73.625 2.3588
25.875 73.875 2.1325
25.875 74.125 1.4198
25.875 74.375 2.581
25.875 74.625 3.5567
25.875 74.875 2.4913
25.875 75.125 1.9781
25.875 75.375 2.098
25.875 75.625 2.932
25.875 75.875 3.2622
25.875 76.125 2.5288
25.875 76.375 2.891
25.875 76.625 1.8527
25.875 76.875 1.1036
25.875 77.125 1.2231
25.875 77.375 1.2601
25.875 77.625 1.2534
25.875 77.875 1.0448
25.875 78.125 1.2599
25.875 78.375 0.50263
25.875 78.625 -0.00092523
25.875 78.875 -0.37966
25.875 79.125 0.15352
25.875 79.375 -0.38665
25.875 79.625 -0.2882
25.875 79.875 0.22016
25.875 80.125 0.013356
25.875 80.375 -0.56687
25.875 80.625 -0.77311
25.875 80.875 -1.034
25.875 81.125 -0.84321
25.875 81.375 -0.085945
25.875 81.625 -0.16376
25.875 81.875 -0.067783
25.875 82.125 -1.1183
25.875 82.375 -1.0177
25.875 82.625 -1.4068
25.875 82.875 -0.90727
25.875 83.125 -1.2879
25.875 83.375 -1.774
25.875 83.625 -0.90334
25.875 83.875 -1.2812
25.875 84.125 -0.66807
25.875 84.375 -1.6593
25.875 84.625 -1.6065
25.875 84.875 -1.4098
25.875 85.125 -1.1433
25.875 85.375 -0.82446
25.875 85.625 -0.42512
25.875 85.875 -1.0781
25.875 86.125 -0.77691
25.875 86.375 -0.57958
25.875 86.625 -1.4752
25.875 86.875 -0.83238
25.875 87.125 -1.3752
25.875 87.375 -1.8615
25.875 87.625 -1.8166
25.875 87.875 -1.178
25.875 90.125 -0.87248
25.875 90.375 -0.81527
25.875 90.625 -0.78304
25.875 90.875 -0.43975
25.875 91.125 -0.72575
25.875 91.375 -0.96729
25.875 91.625 -0.56367
25.875 91.875 -1.0076
25.875 92.125 -0.92026
25.875 92.375 -0.73761
25.875 92.625 -0.64736
25.875 92.875 -0.90177
25.875 93.125 -2.2804
25.875 93.375 -1.9639
25.875 93.625 -0.21412
25.875 93.875 1.3589
25.875 94.125 1.5353
25.875 94.375 1.6275
25.875 94.625 1.3214
25.875 94.875 1.0081
26.125 70.375 0.18008
26.125 70.625 0.18874
26.125 70.875 0.28903
26.125 71.125 0.16635
26.125 71.375 0.55083
26.125 71.625 1.5147
26.125 71.875 1.892
26.125 72.125 1.7851
26.125 72.375 1.7517
26.125 72.625 1.1445
26.125 72.875 0.92555
26.125 73.125 1.361
26.125 73.375 1.7953
26.125 73.625 1.5704
26.125 73.875 1.8406
26.125 74.125 1.8886
26.125 74.375 2.918
26.125 74.625 3.7962
26.125 74.875 3.6394
26.125 75.125 3.12
26.125 75.375 2.9931
26.125 75.625 2.921
26.125 75.875 2.7025
26.125 76.125 2.923
26.125 76.375 2.0896
26.125 76.625 1.5541
26.125 76.875 1.3624
26.125 77.125 0.63611
26.125 77.375 1.0635
26.125 77.625 1.3395
26.125 77.875 2.2413
26.125 78.125 1.3152
26.125 78.375 1.5618
26.125 78.625 0.7722
26.125 78.875 -0.035969
26.125 79.125 -0.068739
26.125 79.375 -0.20924
26.125 79.625 -0.91381
26.125 79.875 -0.68371
26.125 80.125 0.3865
26.125 80.375 0.034344
26.125 80.625 -0.90876
26.125 80.875 0.58036
26.125 81.125 -0.11076
26.125 81.375 -0.98682
26.125 81.625 -0.62292
26.125 81.875 -0.69554
26.125 82.125 -1.1516
26.125 82.375 -1.2462
26.125 82.625 -1.323
26.125 82.875 -1.2366
26.125 83.125 -1.3203
26.125 83.375 -1.8911
26.125 83.625 -1.9169
26.125 83.875 -1.0494
26.125 84.125 -0.7229
26.125 84.375 -1.51
26.125 84.625 -1.2479
26.125 84.875 -1.614
26.125 85.125 -1.4895
26.125 85.375 -1.3861
26.125 85.625 -1.0072
26.125 85.875 0.56071
26.125 86.125 -0.75415
26.125 86.375 -1.1919
26.125 86.625 -1.3398
26.125 86.875 -0.86114
26.125 87.125 -1.1157
26.125 87.375 -1.175
26.125 87.625 -0.42504
26.125 87.875 -0.47584
26.125 88.125 -0.65793
26.125 89.375 -0.84649
26.125 89.875 -0.96602
26.125 90.125 -1.0217
26.125 90.375 -1.1454
26.125 90.625 -1.0427
26.125 90.875 -1.2576
26.125 91.125 -1.8375
26.125 91.375 -1.7164
26.125 91.625 -1.8246
26.125 91.875 -1.3272
26.125 92.125 -1.0001
26.125 92.375 -0.64819
26.125 92.625 -0.38146
26.125 92.875 -1.1773
26.125 93.125 -2.0437
26.125 93.375 -0.98125
26.125 93.625 0.32548
26.125 93.875 2.4495
26.125 94.125 2.2769
26.125 94.375 1.3604
26.125 94.625 0.86278
26.125 94.875 0.67303
26.375 70.375 -0.066878
26.375 70.625 0.067291
26.375 70.875 0.05554
26.375 71.125 0.048985
26.375 71.375 0.94151
26.375 71.625 2.334
26.375 71.875 2.2756
26.375 72.125 1.9742
26.375 72.375 1.9265
26.375 72.625 1.4194
26.375 72.875 1.1847
26.375 73.125 1.3901
26.375 73.375 1.3862
26.375 73.625 1.6517
26.375 73.875 1.9116
26.375 74.125 2.3261
26.375 74.375 2.5601
26.375 74.625 0.70396
26.375 74.875 2.1611
26.375 75.125 2.2946
26.375 75.375 2.2247
26.375 75.625 2.3142
26.375 75.875 2.6744
26.375 76.125 2.4593
26.375 76.375 1.1765
26.375 76.625 1.8766
26.375 76.875 2.2119
26.375 77.125 2.993
26.375 77.375 1.9136
26.375 77.625 1.6775
26.375 77.875 0.95705
26.375 78.125 0.39691
26.375 78.375 -0.20033
26.375 78.625 0.9182
26.375 78.875 0.51476
26.375 79.125 0.67438
26.375 79.375 -1.033
26.375 79.625 -1.1972
26.375 79.875 0.23466
26.375 80.125 0.82263
26.375 80.375 -0.74148
26.375 80.625 -0.98128
26.375 80.875 -0.33991
26.375 81.125 -0.75927
26.375 81.375 -1.3731
26.375 81.625 -1.3052
26.375 81.875 -1.0314
26.375 82.125 -1.1073
26.375 82.375 -0.96359
26.375 82.625 -1.3172
26.375 82.875 -1.2113
26.375 83.125 -1.4197
26.375 83.375 -1.7503
26.375 83.625 -1.5804
26.375 83.875 -1.3263
26.375 84.125 -1.3204
26.375 84.375 -1.4688
26.375 84.625 -1.6905
26.375 84.875 -1.09
26.375 85.125 -1.3696
26.375 85.375 -1.5042
26.375 85.625 -0.99824
26.375 85.875 -0.73402
26.375 86.125 -1.2894
26.375 86.375 -2.2977
26.375 86.625 -2.538
26.375 86.875 -1.3639
26.375 87.125 -1.3973
26.375 87.625 -1.8539
26.375 87.875 -1.2476
26.375 88.125 -0.58599
26.375 88.375 -0.65215
26.375 88.875 -0.27817
26.375 89.375 -0.14849
26.375 89.625 -0.57297
26.375 89.875 -1.0098
26.375 90.125 -1.0752
26.375 90.375 -1.0333
26.375 90.625 -1.7016
26.375 90.875 -1.8351
26.375 91.125 -2.5717
26.375 91.375 -2.0073
26.375 91.625 -1.1442
26.375 91.875 -0.61878
26.375 92.125 -0.36764
26.375 92.375 0.043794
26.375 92.625 -0.11658
26.375 92.875 -0.49958
26.375 93.125 -0.67125
26.375 93.375 0.066382
26.375 93.625 0.34668
26.375 93.875 1.1116
26.375 94.125 1.5315
26.375 94.375 0.43614
26.375 94.625 0.19815
26.375 94.875 -0.062803
26.625 69.875 -0.13953
26.625 70.125 -0.21927
26.625 70.375 -0.32724
26.625 70.625 0.10396
26.625 70.875 0.20064
26.625 71.125 0.14352
26.625 71.375 1.897
26.625 71.625 2.6745
26.625 71.875 2.4641
26.625 72.125 1.5344
26.625 72.375 1.4165
26.625 72.625 1.6193
26.625 72.875 1.7684
26.625 73.125 1.9237
26.625 73.375 1.4598
26.625 73.625 1.6873
26.625 73.875 1.8687
26.625 74.125 1.8291
26.625 74.375 2.717
26.625 74.625 1.8219
26.625 74.875 2.2417
26.625 75.125 1.763
26.625 75.375 1.9992
26.625 75.625 1.9293
26.625 75.875 1.6722
26.625 76.125 3.3361
26.625 76.375 2.7017
26.625 76.625 1.363
26.625 76.875 1.1131
26.625 77.125 1.9091
26.625 77.375 1.9715
26.625 77.625 2.2648
26.625 77.875 0.46941
26.625 78.125 0.60956
26.625 78.375 0.10951
26.625 78.625 1.0244
26.625 78.875 -0.41493
26.625 79.125 -1.1301
26.625 79.375 -0.60014
26.625 79.625 -0.50978
26.625 79.875 -0.50921
26.625 80.125 -0.6503
26.625 80.375 -0.21799
26.625 80.625 -0.68327
26.625 80.875 -0.11726
26.625 81.125 0.043119
26.625 81.375 -0.24405
26.625 81.625 -1.0336
26.625 81.875 0.0090426
26.625 82.125 -0.37846
26.625 82.375 -0.70634
26.625 82.625 -1.6488
26.625 82.875 -1.2841
26.625 83.125 -1.1772
26.625 83.375 -1.461
26.625 83.625 -1.5395
26.625 83.875 -1.6559
26.625 84.125 -0.97549
26.625 84.375 -1.4843
26.625 84.625 -1.8355
26.625 84.875 -1.6903
26.625 85.125 -1.0562
26.625 85.375 -1.5586
26.625 85.625 -1.1365
26.625 86.125 -1.6131
26.625 88.375 0.17705
26.625 88.625 0.11066
26.625 88.875 -0.72809
26.625 89.125 -0.45049
26.625 89.375 -0.29689
26.625 89.625 -0.35553
26.625 89.875 -1.2235
26.625 90.125 -1.4332
26.625 90.375 -1.1314
26.625 90.625 -1.9701
26.625 90.875 -1.8139
26.625 91.125 -1.8709
26.625 91.375 -1.1607
26.625 91.625 -0.97501
26.625 91.875 -0.33026
26.625 92.125 -0.46558
26.625 92.375 -0.43359
26.625 92.625 -0.56852
26.625 92.875 0.24623
26.625 93.125 -0.4138
26.625 93.375 -1.2445
26.625 93.625 -0.57358
26.625 93.875 -0.10678
26.625 94.125 -1.9368
26.625 94.375 -1.3512
26.625 94.625 -0.63381
26.625 94.875 -0.36663
26.625 95.125 -0.044505
26.875 69.625 -0.12263
26.875 69.875 -0.11037
26.875 70.125 -0.13424
26.875 70.375 -0.19016
26.875 70.625 0.15231
26.875 70.875 0.19109
26.875 71.125 0.42989
26.875 71.375 1.7193
26.875 71.625 2.5468
26.875 71.875 2.2295
26.875 72.125 0.9035
26.875 72.375 0.92231
26.875 72.625 1.3773
26.875 72.875 2.2343
26.875 73.125 1.7947
26.875 73.375 1.5094
26.875 73.625 1.3747
26.875 73.875 1.2781
26.875 74.125 1.5918
26.875 74.375 2.5325
26.875 74.625 2.2236
26.875 74.875 1.9629
26.875 75.125 1.9528
26.875 75.375 2.2468
26.875 75.625 0.92814
26.875 75.875 2.3666
26.875 76.125 3.2785
26.875 76.375 1.8932
26.875 76.625 2.306
26.875 76.875 1.3463
26.875 77.125 1.1298
26.875 77.375 0.15681
26.875 77.625 1.8397
26.875 77.875 0.54895
26.875 78.125 -0.55961
26.875 78.375 -0.42134
26.875 78.625 0.47161
26.875 78.875 -0.49181
26.875 79.125 0.15996
26.875 79.375 0.11288
26.875 79.625 0.080003
26.875 79.875 -0.31812
26.875 80.125 -0.25264
26.875 80.375 -0.073464
26.875 80.625 -0.17881
26.875 80.875 0.13992
26.875 81.125 -0.40777
26.875 81.375 -0.63506
26.875 81.625 -1.2811
26.875 81.875 -0.70501
26.875 82.125 -0.61125
26.875 82.375 -1.558
26.875 82.625 -1.8705
26.875 82.875 -1.3918
26.875 83.125 -1.2389
26.875 83.375 -1.8183
26.875 83.625 -1.5816
26.875 83.875 -1.5811
26.875 84.125 -1.0138
26.875 84.375 -1.2623
26.875 84.625 -1.4425
26.875 84.875 -1.4605
26.875 88.375 -0.00088895
26.875 88.625 -0.26169
26.875 88.875 -0.60992
26.875 92.375 -1.3875
26.875 92.625 -1.0373
26.875 92.875 0.23327
26.875 93.125 0.25839
26.875 93.375 -1.5036
26.875 93.625 -0.70833
26.875 93.875 -0.25842
26.875 94.125 -2.3466
26.875 94.375 -0.84202
26.875 94.625 -0.72185
26.875 94.875 -1.1414
26.875 95.125 -0.75669
26.875 95.375 -0.82241
26.875 95.625 -0.74711
27.125 69.875 -0.067538
27.125 70.125 0.018731
27.125 70.375 0.013007
27.125 70.625 -0.0068985
27.125 70.875 0.18468
27.125 71.125 0.65918
27.125 71.375 1.1595
27.125 71.625 1.2367
27.125 71.875 0.84306
27.125 72.125 0.6194
27.125 72.375 0.5715
27.125 72.625 1.0773
27.125 72.875 1.6269
27.125 73.125 1.584
27.125 73.375 1.3578
27.125 73.625 1.2379
27.125 73.875 0.88796
27.125 74.125 1.043
27.125 74.375 1.6917
27.125 74.625 2.5752
27.125 74.875 1.9544
27.125 75.125 1.9482
27.125 75.375 2.7071
27.125 75.625 2.2225
27.125 75.875 1.4592
27.125 76.125 0.65809
27.125 76.375 0.86213
27.125 76.625 0.49751
27.125 76.875 0.73484
27.125 77.125 1.33
27.125 77.375 0.37956
27.125 77.625 1.5564
27.125 77.875 0.19936
27.125 78.125 0.51171
27.125 78.375 0.59295
27.125 78.625 -0.94409
27.125 78.875 -0.67808
27.125 79.125 0.35433
27.125 79.375 -0.51083
27.125 79.625 -0.52725
27.125 79.875 -0.62173
27.125 80.125 -0.47635
27.125 80.375 -0.49547
27.125 80.625 -0.91717
27.125 80.875 0.69243
27.125 81.125 -0.41752
27.125 81.375 -0.57865
27.125 81.625 -0.83612
27.125 81.875 -0.69552
27.125 82.125 -0.96721
27.125 82.375 -1.441
27.125 82.625 -0.76259
27.125 82.875 -0.63732
27.125 83.125 -1.0773
27.125 83.375 -0.83421
27.125 83.625 -0.49509
27.125 83.875 -0.96579
27.125 84.125 -1.2474
27.125 84.375 -1.2451
27.125 84.625 -1.4005
27.125 88.125 -0.058749
27.125 88.375 0.0089561
27.125 88.625 0.064539
27.125 92.125 -1.3266
27.125 92.375 -1.2215
27.125 92.625 -1.2731
27.125 92.875 -0.48063
27.125 93.125 -0.28267
27.125 93.375 0.21683
27.125 93.625 0.66317
27.125 93.875 0.8497
27.125 94.125 0.18013
27.125 94.375 -0.28879
27.125 94.625 -0.971
27.125 94.875 -1.2315
27.125 95.125 -1.6996
27.125 95.375 -1.3475
27.125 95.625 -1.0015
27.125 95.875 -0.90533
27.375 70.125 -0.004483
27.375 70.375 0.087899
27.375 70.625 0.059658
27.375 70.875 0.28031
27.375 71.125 0.94893
27.375 71.375 0.88426
27.375 71.625 0.84073
27.375 71.875 0.35439
27.375 72.125 0.079682
27.375 72.375 0.29632
27.375 72.625 0.25525
27.375 72.875 0.77581
27.375 73.125 1.3161
27.375 73.375 1.4659
27.375 73.625 1.434
27.375 73.875 1.6032
27.375 74.125 1.5617
27.375 74.375 1.3275
27.375 74.625 1.872
27.375 74.875 1.9458
27.375 75.125 2.0983
27.375 75.375 2.2488
27.375 75.625 2.3296
27.375 75.875 0.5833
27.375 76.125 0.56442
27.375 76.375 1.4655
27.375 76.625 0.98312
27.375 76.875 1.6162
27.375 77.125 0.98966
27.375 77.375 -0.21547
27.375 77.625 1.2195
27.375 77.875 1.464
27.375 78.125 1.1724
27.375 78.375 0.68591
27.375 78.625 -0.14844
27.375 78.875 0.42414
27.375 79.125 -0.88688
27.375 79.375 -0.76564
27.375 79.625 -0.8025
27.375 79.875 -0.66158
27.375 80.125 -0.95965
27.375 80.375 -1.1609
27.375 80.625 -0.99402
27.375 80.875 -1.2637
27.375 81.125 -0.81962
27.375 81.375 -0.70597
27.375 81.625 -1.8693
27.375 81.875 -0.50306
27.375 82.125 -0.55229
27.375 82.375 -0.96103
27.375 82.625 -0.54703
27.375 82.875 -0.72028
27.375 83.125 -0.91901
27.375 83.625 -0.45131
27.375 84.125 -0.89513
27.375 84.375 -1.206
27.375 88.125 0.43708
27.375 88.375 -0.81961
27.375 88.625 -1.3193
27.375 92.125 -1.4768
27.375 92.375 -1.2706
27.375 92.625 -1.4328
27.375 92.875 -1.3128
27.375 93.125 -1.3653
27.375 93.375 -1.4814
27.375 93.625 0.23999
27.375 93.875 0.55298
27.375 94.125 0.56509
27.375 94.375 -0.89586
27.375 94.625 -0.5435
27.375 94.875 -1.013
27.375 95.125 -1.435
27.375 95.375 -1.368
27.375 95.625 -1.3904
27.375 95.875 -1.1342
27.375 96.125 -1.1591
27.375 96.375 -0.46413
27.375 96.625 0.0040233
27.375 96.875 -0.02515
27.625 70.125 0.012958
27.625 70.375 0.068773
27.625 70.625 0.14929
27.625 70.875 0.41641
27.625 71.125 0.96181
27.625 71.375 0.9088
27.625 71.625 0.69874
27.625 71.875 0.40546
27.625 72.125 0.077917
27.625 72.375 0.047054
27.625 72.625 0.22851
27.625 72.875 0.48279
27.625 73.125 0.61883
27.625 73.375 1.2851
27.625 73.625 1.7231
27.625 73.875 1.7558
27.625 74.125 2.0173
27.625 74.375 1.8928
27.625 74.625 2.1331
27.625 74.875 2.0722
27.625 75.125 1.2273
27.625 75.375 2.2122
27.625 75.625 2.6099
27.625 75.875 1.5934
27.625 76.125 0.84853
27.625 76.375 0.39116
27.625 76.625 1.5262
27.625 76.875 1.8519
27.625 77.125 0.11008
27.625 77.375 0.0020318
27.625 77.625 -0.64523
27.625 77.875 1.1094
27.625 78.125 0.6361
27.625 78.375 0.56396
27.625 78.625 -0.48615
27.625 78.875 -0.57134
27.625 79.125 -1.3117
27.625 79.375 -1.4439
27.625 79.625 -1.0548
27.625 79.875 -0.21979
27.625 80.125 -0.50863
27.625 80.375 -0.2527
27.625 80.625 -0.52489
27.625 80.875 -1.4209
27.625 81.125 -0.77024
27.625 81.375 -0.4001
27.625 81.625 -0.66168
27.625 81.875 -0.87494
27.625 82.125 -0.62732
27.625 82.375 -0.85832
27.625 82.625 -0.55278
27.625 88.375 -0.7732
27.625 88.625 -0.98321
27.625 91.625 -1.3121
27.625 91.875 -1.3646
27.625 92.125 -1.545
27.625 92.375 -1.5139
27.625 92.625 -1.6641
27.625 92.875 -1.5526
27.625 93.125 -1.2576
27.625 93.375 -1.2086
27.625 93.625 -1.1146
27.625 93.875 -1.674
27.625 94.125 -1.3496
27.625 94.375 -0.83148
27.625 94.625 -1.3905
27.625 94.875 -1.7087
27.625 95.125 -1.7302
27.625 95.375 -1.6406
27.625 95.625 -1.7798
27.625 95.875 -1.6759
27.625 96.125 -1.2461
27.625 96.375 -0.51332
27.625 96.625 -0.23444
27.625 96.875 -0.089076
27.875 70.375 0.051147
27.875 71.875 0.30079
27.875 72.125 0.054759
27.875 72.375 0.039395
27.875 72.625 0.31961
27.875 72.875 0.45952
27.875 73.125 0.59008
27.875 73.375 1.1197
27.875 73.625 1.3763
27.875 73.875 1.2377
27.875 74.125 1.7557
27.875 74.375 1.5425
27.875 74.625 1.925
27.875 74.875 1.8323
27.875 75.125 1.0976
27.875 75.375 1.7447
27.875 75.625 1.7434
27.875 75.875 2.1007
27.875 76.125 0.95131
27.875 76.375 0.8681
27.875 76.625 0.85547
27.875 76.875 0.89297
27.875 77.125 0.78698
27.875 77.375 0.079795
27.875 77.625 -0.36249
27.875 77.875 1.0113
27.875 78.125 0.88276
27.875 78.375 -0.16532
27.875 78.625 0.10375
27.875 78.875 0.41602
27.875 79.125 -0.66478
27.875 79.375 -0.78574
27.875 79.625 -0.9184
27.875 79.875 0.38315
27.875 80.125 0.61883
27.875 80.375 0.93379
27.875 80.625 -0.78006
27.875 80.875 -1.4676
27.875 81.125 -1.0553
27.875 81.375 -0.5563
27.875 81.625 -0.43319
27.875 88.375 NaN
27.875 88.625 NaN
27.875 92.875 -2.1355
27.875 93.125 -1.7661
27.875 93.375 -1.5285
27.875 93.625 -1.7444
27.875 93.875 -2.1923
27.875 94.125 -1.6877
27.875 94.375 -1.2907
27.875 94.625 -1.2243
27.875 94.875 -1.2732
27.875 95.125 -0.83736
27.875 95.375 -1.4784
27.875 95.625 -1.8443
27.875 95.875 -2.064
27.875 96.125 -1.0121
27.875 96.375 -0.87838
27.875 96.625 -0.30034
27.875 96.875 -0.16447
27.875 97.125 -0.19373
28.125 72.125 0.16121
28.125 72.375 0.23965
28.125 72.625 0.40653
28.125 72.875 0.784
28.125 73.125 1.2282
28.125 73.375 1.4551
28.125 73.625 1.2827
28.125 73.875 0.97776
28.125 74.125 0.85158
28.125 74.375 1.2325
28.125 74.625 2.4416
28.125 74.875 2.3506
28.125 75.125 1.0871
28.125 75.375 1.9731
28.125 75.625 0.78099
28.125 75.875 1.9985
28.125 76.125 2.4694
28.125 76.375 1.5639
28.125 76.625 1.8227
28.125 76.875 2.2685
28.125 77.125 1.0066
28.125 77.375 0.15645
28.125 77.625 -0.068507
28.125 77.875 0.31772
28.125 78.125 1.9937
28.125 78.375 0.43914
28.125 78.625 -0.51375
28.125 78.875 -0.15274
28.125 79.125 -0.35622
28.125 79.375 -1.1214
28.125 79.625 -1.317
28.125 79.875 -0.21165
28.125 80.125 0.41864
28.125 80.375 1.013
28.125 80.625 1.019
28.125 80.875 -0.59517
28.125 81.125 -1.633
28.125 81.375 -0.56367
28.125 92.875 -2.389
28.125 93.125 -2.2494
28.125 93.375 -2.1466
28.125 93.625 -1.8876
28.125 93.875 -1.8795
28.125 94.125 -1.6758
28.125 94.375 -1.0772
28.125 94.625 -0.81291
28.125 94.875 -1.2152
28.125 95.125 -0.79065
28.125 95.375 -0.87103
28.125 95.625 -1.7613
28.125 95.875 -1.7566
28.125 96.125 -1.0337
28.125 96.375 -0.4454
28.125 96.625 -0.3343
28.125 96.875 -0.22113
28.125 97.125 0.031439
28.375 72.375 0.25575
28.375 72.625 0.10729
28.375 72.875 0.18136
28.375 73.125 0.86972
28.375 73.375 1.0694
28.375 73.625 1.0948
28.375 73.875 0.80753
28.375 74.125 0.6016
28.375 74.375 0.77075
28.375 74.625 1.9811
28.375 74.875 1.7611
28.375 75.125 1.2109
28.375 75.375 1.2862
28.375 75.625 1.5648
28.375 75.875 1.923
28.375 76.125 1.5536
28.375 76.375 1.5837
28.375 76.625 1.6533
28.375 76.875 1.1078
28.375 77.125 0.19803
28.375 77.375 -0.39502
28.375 77.625 0.037372
28.375 77.875 -0.277
28.375 78.125 0.9422
28.375 78.375 0.36889
28.375 78.625 -0.724
28.375 78.875 -0.6972
28.375 79.125 -0.055164
28.375 79.375 -0.12712
28.375 79.625 -0.72303
28.375 79.875 -0.2426
28.375 80.125 -0.0024902
28.375 80.375 0.043212
28.375 80.625 0.38615
28.375 80.875 -0.26046
28.375 81.125 -0.61146
28.375 93.375 -2.4493
28.375 93.625 -1.7207
28.375 93.875 -1.1752
28.375 94.125 -1.1925
28.375 94.375 -0.77681
28.375 94.625 -0.64536
28.375 94.875 -0.67914
28.375 95.125 -0.65571
28.375 95.375 -0.99016
28.375 95.625 -0.8716
28.375 95.875 -0.73181
28.375 96.125 -1.1386
28.375 96.625 -0.40383
28.625 72.375 0.55582
28.625 72.625 0.61037
28.625 72.875 0.40366
28.625 73.125 0.62335
28.625 73.375 1.2615
28.625 73.625 1.3234
28.625 73.875 0.98351
28.625 74.125 0.98349
28.625 74.375 1.4168
28.625 74.625 1.8522
28.625 74.875 1.5805
28.625 75.125 1.2051
28.625 75.375 0.71701
28.625 75.625 -0.2227
28.625 75.875 0.043656
28.625 76.125 1.2862
28.625 76.375 1.3837
28.625 76.625 1.8747
28.625 76.875 0.8451
28.625 77.125 -0.53881
28.625 77.375 -0.66315
28.625 77.625 -0.82564
28.625 77.875 -0.66374
28.625 78.125 0.22292
28.625 78.375 0.21249
28.625 78.625 -0.64041
28.625 78.875 -0.7077
28.625 79.125 0.51315
28.625 79.375 -0.026163
28.625 79.625 0.82946
28.625 79.875 0.6947
28.625 80.125 0.58534
28.625 80.375 0.49118
28.625 80.625 0.092953
28.625 93.625 -1.0988
28.625 93.875 NaN
28.625 94.125 -0.80371
28.625 94.375 -1.381
28.625 94.625 -0.53675
28.625 94.875 -0.49871
28.625 95.125 -0.45309
28.625 95.375 -0.5942
28.625 95.625 -0.95172
28.625 95.875 -1.0056
28.625 96.125 -1.029
28.625 96.375 3.9057
28.875 72.875 0.58925
28.875 73.125 1.9106
28.875 73.375 3.325
28.875 73.625 3.1829
28.875 73.875 2.7934
28.875 74.125 2.3445
28.875 74.375 2.1168
28.875 74.625 2.3947
28.875 74.875 2.4341
28.875 75.125 1.305
28.875 75.375 0.76643
28.875 75.625 0.86091
28.875 75.875 0.85543
28.875 76.125 1.3144
28.875 76.375 1.0633
28.875 76.625 1.0033
28.875 76.875 0.29244
28.875 77.125 1.2082
28.875 77.375 0.95395
28.875 77.625 0.54259
28.875 77.875 0.16408
28.875 78.125 0.074571
28.875 78.375 -0.14902
28.875 78.625 -0.54521
28.875 78.875 -0.67244
28.875 79.125 1.1716
28.875 79.375 1.484
28.875 79.625 1.4364
28.875 79.875 1.313
28.875 94.125 -0.6982
28.875 94.375 -0.95344
28.875 94.625 -0.74411
28.875 94.875 -0.33168
28.875 95.125 -0.25333
28.875 95.375 -0.51522
28.875 95.625 -0.741
28.875 95.875 -0.84348
28.875 96.125 -0.74089
28.875 96.375 3.9969
29.125 73.125 1.9886
29.125 73.375 3.6437
29.125 73.625 3.2249
29.125 73.875 3.3567
29.125 74.125 1.9218
29.125 74.375 2.2687
29.125 74.625 2.3608
29.125 74.875 1.9856
29.125 75.125 0.67473
29.125 75.375 1.4701
29.125 75.625 1.4481
29.125 75.875 0.6056
29.125 76.125 0.25058
29.125 76.375 -0.004717
29.125 76.625 0.59686
29.125 76.875 0.5687
29.125 77.125 -0.059552
29.125 77.375 0.40105
29.125 77.625 0.86604
29.125 77.875 1.1617
29.125 78.125 0.74396
29.125 78.375 0.72284
29.125 78.625 0.32802
29.125 78.875 -0.50471
29.125 79.125 1.4933
29.125 79.375 1.6619
29.125 79.625 -0.29971
29.125 79.875 0.21279
29.125 80.125 0.36523
29.125 94.375 -0.57715
29.125 94.625 -0.69679
29.125 94.875 -0.43962
29.125 95.625 -0.13866
29.125 95.875 0.46675
29.125 96.125 3.2727
29.375 73.375 2.3192
29.375 73.625 3.029
29.375 73.875 3.6744
29.375 74.125 3.6142
29.375 74.375 1.3949
29.375 74.625 1.8252
29.375 74.875 2.3799
29.375 75.125 1.3842
29.375 75.375 0.92341
29.375 75.625 1.0203
29.375 75.875 -0.086571
29.375 76.125 0.88029
29.375 76.375 0.22509
29.375 76.625 0.6607
29.375 76.875 -0.76604
29.375 77.125 -0.86276
29.375 77.375 0.63241
29.375 77.625 1.2815
29.375 77.875 1.6418
29.375 78.125 0.48323
29.375 78.375 0.6749
29.375 78.625 -0.72473
29.375 78.875 -0.41644
29.375 79.125 0.39839
29.375 79.375 0.81245
29.375 79.625 -0.74564
29.375 79.875 0.13885
29.375 80.125 0.748
29.375 96.125 4.5632
29.625 73.375 1.9719
29.625 73.625 2.3225
29.625 73.875 2.8435
29.625 74.125 3.1303
29.625 74.375 1.8994
29.625 74.625 1.0249
29.625 74.875 1.6583
29.625 75.125 1.1216
29.625 75.375 0.66921
29.625 75.625 2.1244
29.625 75.875 0.62683
29.625 76.125 -0.018172
29.625 76.375 1.0869
29.625 76.625 0.65803
29.625 76.875 1.4839
29.625 77.125 0.67414
29.625 77.375 -0.45204
29.625 77.625 0.93504
29.625 77.875 1.3258
29.625 78.125 0.66726
29.625 78.375 -0.23426
29.625 78.625 -0.92231
29.625 78.875 -0.63611
29.625 79.125 0.024732
29.625 79.375 0.44544
29.625 79.625 0.12774
29.625 79.875 1.0683
29.625 80.125 1.0939
29.875 73.625 2.4323
29.875 73.875 2.3335
29.875 74.125 2.2649
29.875 74.375 0.83245
29.875 74.625 0.71036
29.875 74.875 0.93193
29.875 75.125 1.6043
29.875 75.375 1.8149
29.875 75.625 1.3703
29.875 75.875 0.40707
29.875 76.125 0.52337
29.875 76.375 0.61995
29.875 76.625 2.2539
29.875 76.875 0.43181
29.875 77.125 0.9953
29.875 77.375 0.62875
29.875 77.625 1.1786
29.875 77.875 2.9591
29.875 78.125 -1.2139
29.875 78.375 0.68702
29.875 78.625 0.28298
29.875 78.875 1.25
29.875 79.125 0.32759
29.875 79.375 0.67615
29.875 79.625 3.5752
29.875 79.875 1.2314
29.875 80.125 1.2735
29.875 80.375 1.0722
30.125 74.125 1.413
30.125 74.375 0.79244
30.125 74.625 0.78003
30.125 74.875 1.4585
30.125 75.125 2.009
30.125 75.375 2.3292
30.125 75.625 2.1319
30.125 75.875 0.041964
30.125 76.125 0.032622
30.125 76.375 -0.19032
30.125 76.625 0.21155
30.125 76.875 0.16295
30.125 77.125 1.2155
30.125 77.375 -0.52791
30.125 77.625 1.6609
30.125 77.875 1.8517
30.125 78.125 1.264
30.125 78.375 1.0605
30.125 78.625 1.4008
30.125 78.875 2.7615
30.125 79.125 2.1819
30.125 79.375 2.0526
30.125 79.625 3.5374
30.125 79.875 1.3482
30.125 80.125 1.1383
30.125 80.375 1.2958
30.125 80.625 1.1082
30.375 74.125 1.2772
30.375 74.375 0.98508
30.375 74.625 1.5786
30.375 74.875 1.7232
30.375 75.125 2.1542
30.375 75.375 1.8645
30.375 75.625 0.92306
30.375 75.875 0.30041
30.375 76.125 -0.045504
30.375 76.375 0.034643
30.375 76.625 -0.50121
30.375 76.875 -0.034721
30.375 77.125 0.84467
30.375 77.375 0.90527
30.375 77.625 2.3348
30.375 77.875 1.0057
30.375 78.125 0.70501
30.375 78.375 -0.090231
30.375 78.625 2.0754
30.375 78.875 1.82
30.375 79.125 2.1182
30.375 79.375 1.3285
30.375 79.625 2.7215
30.375 79.875 2.4828
30.375 80.125 1.7253
30.375 80.375 0.89848
30.375 80.625 0.50403
30.625 74.375 0.85835
30.625 74.625 1.0238
30.625 74.875 1.104
30.625 75.125 2.2597
30.625 75.375 1.8817
30.625 75.625 1.4895
30.625 75.875 1.3082
30.625 76.125 -0.12573
30.625 76.375 -0.66084
30.625 76.625 0.47391
30.625 76.875 1.8919
30.625 77.125 1.1279
30.625 77.375 1.0133
30.625 77.625 0.5296
30.625 77.875 0.74636
30.625 78.125 1.1399
30.625 78.375 0.34026
30.625 78.625 0.66457
30.625 78.875 1.86
30.625 79.125 1.6699
30.625 79.375 1.2829
30.625 79.625 2.719
30.625 79.875 2.4647
30.625 80.125 1.9197
30.875 74.625 0.15943
30.875 74.875 1.5925
30.875 75.125 3.5916
30.875 75.375 1.2595
30.875 75.625 1.5855
30.875 75.875 0.95515
30.875 76.125 0.83326
30.875 76.375 1.536
30.875 76.625 1.7025
30.875 76.875 1.6223
30.875 77.125 3.2964
30.875 77.375 1.6952
30.875 77.625 1.4289
30.875 77.875 1.6099
30.875 78.125 1.2838
30.875 78.375 0.63028
30.875 78.625 0.648
30.875 78.875 1.359
30.875 79.125 1.4796
30.875 79.375 NaN
30.875 79.625 NaN
30.875 79.875 NaN
31.125 74.875 1.4407
31.125 75.125 3.1984
31.125 75.375 0.91753
31.125 75.625 0.71384
31.125 75.875 0.92803
31.125 76.125 3.7756
31.125 76.375 2.5357
31.125 76.625 1.8993
31.125 76.875 3.5308
31.125 77.125 3.4175
31.125 77.375 1.5031
31.125 77.625 2.6362
31.125 77.875 1.3579
31.125 78.125 0.020976
31.125 78.375 0.21528
31.125 78.625 0.27033
31.125 78.875 NaN
31.125 79.125 NaN
31.375 74.875 1.3478
31.375 75.125 1.2832
31.375 75.375 0.89357
31.375 75.625 1.6712
31.375 75.875 2.8129
31.375 76.125 2.4067
31.375 76.375 3.6945
31.375 76.625 2.0225
31.375 76.875 3.933
31.375 77.125 3.5765
31.375 77.375 2.282
31.375 77.625 2.1185
31.375 77.875 0.64922
31.375 78.125 -0.21104
31.375 78.375 -0.20758
31.375 78.625 0.27709
31.625 74.875 1.8984
31.625 75.125 2.0913
31.625 75.375 1.5331
31.625 75.625 1.3294
31.625 75.875 1.248
31.625 76.125 1.9393
31.625 76.375 2.4624
31.625 76.625 3.5101
31.625 76.875 2.5804
31.625 77.125 3.3477
31.625 77.375 3.1308
31.625 77.625 2.2415
31.625 77.875 0.45627
31.625 78.125 -0.52408
31.625 78.375 -0.36504
31.625 78.625 -0.11476
31.875 74.875 2.8249
31.875 75.125 2.6976
31.875 75.375 1.1586
31.875 75.625 0.27392
31.875 75.875 0.61773
31.875 76.125 1.8483
31.875 76.375 1.546
31.875 76.625 2.1018
31.875 76.875 2.7322
31.875 77.125 2.4088
31.875 77.375 2.5596
31.875 77.625 2.2406
31.875 77.875 0.36202
31.875 78.125 -0.47491
31.875 78.375 -0.39036
31.875 78.625 -0.2993
32.125 75.375 1.984
32.125 75.625 1.5935
32.125 75.875 0.88493
32.125 76.125 0.063552
32.125 76.375 0.81689
32.125 76.625 2.0711
32.125 76.875 1.8545
32.125 77.125 2.2713
32.125 77.375 0.9956
32.125 77.625 0.33572
32.125 77.875 -0.23532
32.125 78.125 -0.95725
32.125 78.375 -0.94342
32.375 75.375 3.0177
32.375 75.625 2.7086
32.375 75.875 2.0194
32.375 76.125 -0.42386
32.375 76.375 0.071666
32.375 76.625 1.2908
32.375 76.875 1.5422
32.375 77.125 1.7937
32.375 77.375 0.57044
32.375 77.625 -0.47479
32.375 77.875 -0.74709
32.375 78.125 -1.2748
32.375 78.375 -1.4573
32.625 74.875 2.5872
32.625 75.125 1.7332
32.625 75.375 1.9646
32.625 75.625 2.3133
32.625 75.875 1.694
32.625 76.125 0.56125
32.625 76.375 0.55616
32.625 76.625 1.1628
32.625 76.875 1.7534
32.625 77.125 1.666
32.625 77.375 0.85958
32.625 77.625 0.08372
32.625 77.875 -0.26816
32.625 78.125 -1.2875
32.625 78.375 -1.2675
32.625 78.625 -1.188
32.625 78.875 -1.0713
32.625 79.125 -0.56748
32.625 79.375 -0.72405
32.875 74.375 3.3505
32.875 74.625 3.3852
32.875 74.875 3.416
32.875 75.125 2.0445
32.875 75.375 1.5892
32.875 75.625 1.3178
32.875 75.875 1.0513
32.875 76.125 1.0981
32.875 76.375 0.66212
32.875 76.625 1.1507
32.875 76.875 1.9251
32.875 77.125 1.4776
32.875 77.375 0.9514
32.875 77.625 0.21962
32.875 77.875 -0.16562
32.875 78.125 -0.78029
32.875 78.375 -0.92915
32.875 78.625 -0.90534
32.875 78.875 -0.73412
32.875 79.125 -0.44926
32.875 79.375 -0.18999
33.125 73.875 1.2681
33.125 74.125 1.4403
33.125 74.375 3.3248
33.125 74.625 4.2185
33.125 74.875 3.7523
33.125 75.125 2.0154
33.125 75.375 1.1513
33.125 75.625 0.85302
33.125 75.875 0.98563
33.125 76.125 1.1228
33.125 76.375 1.2072
33.125 76.625 0.98568
33.125 76.875 1.6871
33.125 77.125 1.1268
33.125 77.375 0.35674
33.125 77.625 -0.034266
33.125 77.875 -0.22857
33.125 78.125 -0.14776
33.125 78.375 -0.31783
33.125 78.625 -0.5621
33.125 78.875 -0.58781
33.125 79.125 -0.34564
33.375 73.875 1.5832
33.375 74.125 1.9927
33.375 74.375 1.3009
33.375 74.625 1.007
33.375 74.875 1.5228
33.375 75.125 0.76321
33.375 75.375 1.1091
33.375 75.625 1.198
33.375 75.875 1.6309
33.375 76.125 1.5091
33.375 76.375 1.8243
33.375 76.625 0.63919
33.375 76.875 0.57331
33.375 77.125 0.78293
33.375 77.375 0.084704
33.375 77.625 -0.23027
33.375 77.875 -0.23315
33.375 78.125 -0.10622
33.375 78.375 -0.13378
33.375 78.625 -0.32031
33.375 78.875 -0.65563
33.625 73.875 -0.0050191
33.625 74.125 0.12503
33.625 74.375 -0.2051
33.625 74.625 -0.48302
33.625 74.875 1.2121
33.625 75.125 1.0221
33.625 75.375 1.1198
33.625 75.625 1.0924
33.625 75.875 1.1401
33.625 76.125 0.41135
33.625 76.375 0.22385
33.625 76.625 0.082263
33.625 76.875 0.48898
33.625 77.125 0.26413
33.625 77.375 0.3728
33.625 77.625 0.21621
33.625 77.875 0.1469
33.625 78.125 0.09705
33.625 78.375 -0.20304
33.625 78.625 -0.43498
33.625 78.875 -0.51205
33.875 73.875 -0.078625
33.875 74.125 -0.029989
33.875 74.375 -0.072977
33.875 74.625 0.93735
33.875 74.875 0.71189
33.875 75.125 0.94902
33.875 75.375 1.3622
33.875 75.625 0.75647
33.875 75.875 0.30469
33.875 76.125 0.14012
33.875 76.375 0.14768
33.875 76.625 0.25846
33.875 76.875 -0.13718
33.875 77.125 0.12239
33.875 77.375 0.40714
33.875 77.625 0.40989
33.875 77.875 0.31492
33.875 78.125 0.0096529
33.875 78.375 -0.42832
33.875 78.625 -0.25987
33.875 78.875 -0.37524
34.125 73.625 -0.59421
34.125 73.875 -0.47799
34.125 74.125 -0.2559
34.125 74.375 -0.51416
34.125 74.625 -0.034316
34.125 74.875 0.003694
34.125 75.125 0.41354
34.125 75.375 0.44971
34.125 75.625 0.026316
34.125 75.875 0.017705
34.125 76.125 0.058707
34.125 76.375 0.046873
34.125 76.625 0.014498
34.125 76.875 -0.075217
34.125 77.125 0.077589
34.125 77.375 0.18267
34.125 77.625 0.35009
34.125 77.875 0.1685
34.125 78.125 -0.17351
34.125 78.375 -0.4137
34.125 78.625 -0.39445
34.125 78.875 -0.24756
34.125 79.125 -0.10735
34.125 79.375 -0.10248
34.375 73.625 -0.65481
34.375 73.875 -0.88636
34.375 74.125 -1.2263
34.375 74.375 -0.55524
34.375 74.625 -0.1339
34.375 74.875 0.094815
34.375 75.125 0.36515
34.375 75.375 -0.27671
34.375 75.625 -0.39954
34.375 75.875 -0.65144
34.375 76.125 -0.56661
34.375 76.375 -0.16832
34.375 76.625 -0.3124
34.375 76.875 -0.34595
34.375 77.125 -0.34861
34.375 77.375 -0.20081
34.375 77.625 0.02562
34.375 77.875 0.049586
34.375 78.125 -0.13187
34.375 78.375 0.052772
34.375 78.625 -0.047639
34.375 78.875 -0.04312
34.375 79.125 0.051957
34.375 79.375 -0.019278
34.625 73.875 -1.0085
34.625 74.125 -1.1993
34.625 74.375 -0.77015
34.625 74.625 -0.48809
34.625 74.875 -0.22132
34.625 75.125 0.31327
34.625 75.375 -0.44148
34.625 75.625 -0.75502
34.625 75.875 -0.76887
34.625 76.125 -0.66734
34.625 76.375 -0.40158
34.625 76.625 -0.55019
34.625 76.875 -0.63688
34.625 77.125 -0.50022
34.625 77.375 -0.39228
34.625 77.625 -0.19806
34.625 77.875 -0.34327
34.625 78.125 -0.1899
34.625 78.375 -0.10014
34.625 78.625 -0.095312
34.625 78.875 -0.106
34.625 79.125 -0.010471
34.625 79.375 0.27102
34.625 79.625 0.31858
34.875 74.125 -0.92547
34.875 74.375 -0.83307
34.875 74.625 -0.38047
34.875 74.875 -0.19194
34.875 75.125 -0.26731
34.875 75.375 -0.51037
34.875 75.625 -0.58741
34.875 75.875 -0.81434
34.875 76.125 -0.67695
34.875 76.375 -0.48728
34.875 76.625 -0.5464
34.875 76.875 -0.57843
34.875 77.125 -0.56434
34.875 77.375 -0.59364
34.875 77.625 -0.5959
34.875 77.875 -0.40749
34.875 78.125 -0.31183
34.875 78.375 -0.24315
34.875 78.625 0.053737
34.875 78.875 -0.052841
34.875 79.125 0.10827
34.875 79.375 0.15518
34.875 79.625 0.40646
34.875 79.875 0.45273
35.125 74.375 -0.2328
35.125 74.625 0.069611
35.125 74.875 0.12748
35.125 75.125 -0.33621
35.125 75.375 -0.27641
35.125 75.625 -0.64419
35.125 75.875 -0.50448
35.125 76.125 -0.74062
35.125 76.375 -0.72399
35.125 76.625 -0.59822
35.125 76.875 -0.71598
35.125 77.125 -0.74428
35.125 77.375 -0.75651
35.125 77.625 -0.7387
35.125 77.875 -0.66284
35.125 78.125 -0.5622
35.125 78.375 -0.40996
35.125 78.625 0.029289
35.125 78.875 0.13816
35.125 79.125 -0.044995
35.125 79.375 0.19628
35.125 79.625 0.21743
35.125 79.875 1.3361
35.375 73.875 -0.65825
35.375 74.125 -0.30136
35.375 74.375 0.10903
35.375 74.625 0.26451
35.375 74.875 0.14121
35.375 75.125 -0.49601
35.375 75.375 -0.66785
35.375 75.625 -0.84281
35.375 75.875 -0.82753
35.375 76.125 -0.91686
35.375 76.375 -0.96788
35.375 76.625 -0.85128
35.375 76.875 -0.81279
35.375 77.125 -0.73077
35.375 77.375 -0.68839
35.375 77.625 -0.76375
35.375 77.875 -0.7345
35.375 78.125 -0.72534
35.375 78.375 -0.22092
35.375 78.625 -0.019954
35.375 78.875 0.065366
35.375 79.125 0.092582
35.375 79.375 0.1358
35.375 79.625 0.16739
35.375 79.875 0.064212
35.375 80.125 NaN
35.625 73.375 -1.0038
35.625 73.625 -1.0224
35.625 73.875 -0.91697
35.625 74.125 -0.82561
35.625 74.375 -0.65452
35.625 74.625 -0.27479
35.625 74.875 -0.26169
35.625 75.125 -0.9324
35.625 75.375 -1.3211
35.625 75.625 -1.3423
35.625 75.875 -1.159
35.625 76.125 -1.2749
35.625 76.375 -0.96785
35.625 76.625 -0.95384
35.625 76.875 -0.90461
35.625 77.125 -0.97129
35.625 78.375 -0.16583
35.625 78.625 -0.22847
35.625 78.875 -0.23728
35.625 79.125 -0.045764
35.625 79.375 0.087603
35.625 79.625 0.04373
35.625 79.875 -0.20991
35.625 80.125 0.2412
35.875 73.125 -0.32397
35.875 73.375 -0.4149
35.875 73.625 -0.81482
35.875 73.875 -1.1089
35.875 74.125 -1.0972
35.875 74.375 -0.94334
35.875 74.625 -0.78008
35.875 74.875 -0.58574
35.875 75.125 -0.93503
35.875 75.375 -1.4036
35.875 75.625 -1.5603
35.875 75.875 -1.431
35.875 76.125 -1.3592
35.875 76.375 -1.303
35.875 76.625 -1.2661
35.875 79.375 -0.094283
36.125 72.625 0.55354
36.125 72.875 NaN
36.125 73.125 NaN
36.125 73.375 -0.1167
36.125 73.625 -0.31488
36.125 73.875 -0.61147
36.125 74.125 -0.98161
36.125 74.375 -1.022
36.125 74.625 -1.1307
36.125 74.875 -0.67236
36.125 75.125 -0.6328
36.125 75.375 -1.2618
36.125 75.625 -1.921
36.125 75.875 -1.4519
36.125 76.125 -1.021
36.125 76.375 -1.0883
36.125 76.625 -1.2674
36.375 73.125 0.17686
36.375 73.375 0.14529
36.375 73.625 -0.0094429
36.375 73.875 -0.18777
36.375 74.125 -0.59181
36.375 74.375 -0.88706
36.375 74.625 -1.0934
36.375 74.875 -1.1104
36.375 75.125 -0.98423
36.375 75.375 -1.6128
36.375 75.625 -2.0584
36.375 75.875 -1.3821
36.375 76.125 -0.26527
36.625 73.375 0.092255
36.625 73.625 0.030292
36.625 73.875 -0.072284
36.625 74.125 -0.14085
36.625 74.375 -1.0921
36.625 74.625 -0.89518
36.625 74.875 -1.3475
36.625 75.125 -1.3609
36.625 75.375 -1.6922
36.625 75.625 -1.4861
36.875 73.875 0.077774
36.875 74.375 -0.051421
36.875 74.625 -0.74476
36.875 74.875 -1.0697
36.875 75.125 -1.0514
36.875 75.375 -1.0911
