8.125 77.375 0.98133
8.375 77.125 0.94493
8.375 77.375 0.99758
8.375 77.625 0.77321
8.375 77.875 0.68374
8.625 76.875 0.94071
8.625 77.125 1.0133
8.625 77.375 1.2961
8.625 77.625 1.0804
8.625 77.875 1.2598
8.875 76.875 3.1391
8.875 77.125 1.4776
8.875 77.375 1.0197
8.875 77.625 0.43096
8.875 77.875 0.17916
9.125 76.625 2.9564
9.125 76.875 2.0728
9.125 77.125 0.76086
9.125 77.375 0.89247
9.125 77.625 0.2485
9.125 77.875 0.52328
9.125 78.125 0.51253
9.125 78.375 NaN
9.375 76.625 2.2822
9.375 76.875 2.3784
9.375 77.125 0.6254
9.375 77.375 1.4649
9.375 77.625 0.45067
9.375 77.875 0.46214
9.375 78.125 0.60147
9.375 78.375 0.83118
9.375 78.625 0.44847
9.375 78.875 NaN
9.625 76.375 1.2547
9.625 76.625 2.0643
9.625 76.875 2.339
9.625 77.125 2.1266
9.625 77.375 0.47495
9.625 77.625 0.33239
9.625 77.875 1.0884
9.625 78.125 0.38732
9.625 78.375 0.86572
9.625 78.625 1.079
9.875 76.625 1.0025
9.875 76.875 1.1475
9.875 77.125 1.5539
9.875 77.375 0.51876
9.875 77.625 0.92328
9.875 77.875 0.59455
9.875 78.125 0.47454
9.875 78.375 0.95775
9.875 78.625 0.69746
9.875 78.875 0.73394
10.125 76.375 0.84772
10.125 76.625 0.96144
10.125 76.875 1.64
10.125 77.125 1.1523
10.125 77.375 0.71425
10.125 77.625 1.0164
10.125 77.875 1.3439
10.125 78.125 1.0064
10.125 78.375 2.2861
10.125 78.625 1.2688
10.125 78.875 2.4825
10.125 79.125 2.4651
10.375 76.375 1.1703
10.375 76.625 0.90174
10.375 76.875 1.4393
10.375 77.125 1.0178
10.375 77.375 1.0895
10.375 77.625 1.1129
10.375 77.875 1.3952
10.375 78.125 1.4561
10.375 78.375 1.1987
10.375 78.625 1.2883
10.375 78.875 0.47451
10.375 79.125 1.4777
10.375 79.375 NaN
10.375 79.625 NaN
10.625 76.125 1.5789
10.625 76.375 1.5396
10.625 76.625 0.66265
10.625 76.875 1.2433
10.625 77.125 1.0331
10.625 77.375 0.2468
10.625 77.625 0.98369
10.625 77.875 1.146
10.625 78.125 0.13221
10.625 78.375 1.241
10.625 78.625 1.3896
10.625 78.875 1.9077
10.625 79.125 1.0834
10.625 79.375 1.5215
10.625 79.625 1.6411
10.875 76.125 2.4724
10.875 76.375 2.5953
10.875 76.625 0.87406
10.875 76.875 0.67039
10.875 77.125 1.0842
10.875 77.375 0.85484
10.875 77.625 1.1845
10.875 77.875 0.71291
10.875 78.125 1.2192
10.875 78.375 2.1
10.875 78.625 1.3295
10.875 78.875 1.5727
10.875 79.125 1.199
10.875 79.375 1.2613
10.875 79.625 1.2094
11.125 76.125 0.76614
11.125 76.375 0.9418
11.125 76.625 0.21755
11.125 76.875 2.5786
11.125 77.125 2.121
11.125 77.375 1.1589
11.125 77.625 1.4499
11.125 77.875 1.0786
11.125 78.125 1.341
11.125 78.375 2.178
11.125 78.625 2.108
11.125 78.875 1.9849
11.125 79.125 1.7663
11.125 79.375 1.5654
11.125 79.625 1.0365
11.375 75.875 0.81126
11.375 76.125 1.4048
11.375 76.375 1.4741
11.375 76.625 0.66892
11.375 76.875 1.7398
11.375 77.125 1.7803
11.375 77.375 1.5716
11.375 77.625 1.878
11.375 77.875 3.0218
11.375 78.125 1.5434
11.375 78.375 2.3559
11.375 78.625 1.6008
11.375 78.875 1.3776
11.375 79.125 1.5419
11.375 79.375 1.5991
11.375 79.625 1.8137
11.625 75.875 1.3432
11.625 76.125 2.0225
11.625 76.375 3.2743
11.625 76.625 0.93542
11.625 76.875 0.54337
11.625 77.125 1.0472
11.625 77.375 1.082
11.625 77.625 1.2996
11.625 77.875 1.8545
11.625 78.125 -0.00024434
11.625 78.375 -0.4067
11.625 78.625 1.7208
11.625 78.875 0.6798
11.625 79.125 1.3197
11.625 79.375 2.2645
11.625 79.625 NaN
11.875 75.625 NaN
11.875 75.875 1.0873
11.875 76.125 3.2624
11.875 76.375 4.2077
11.875 76.625 1.4286
11.875 76.875 0.32456
11.875 77.125 1.3
11.875 77.375 1.8876
11.875 77.625 1.6593
11.875 77.875 0.27404
11.875 78.125 0.97298
11.875 78.375 0.26957
11.875 78.625 1.3882
11.875 78.875 1.3262
11.875 79.125 1.6886
11.875 79.375 1.7859
11.875 79.625 2.1668
12.125 75.375 0.78615
12.125 75.625 1.3307
12.125 75.875 1.3891
12.125 76.125 3.2197
12.125 76.375 2.5727
12.125 76.625 0.38919
12.125 76.875 1.087
12.125 77.125 2.5032
12.125 77.375 2.7173
12.125 77.625 1.4205
12.125 77.875 0.73618
12.125 78.125 1.8646
12.125 78.375 2.2143
12.125 78.625 2.1095
12.125 78.875 2.0237
12.125 79.125 1.8787
12.125 79.375 1.9358
12.125 79.625 2.4438
12.375 75.125 0.9112
12.375 75.375 1.2307
12.375 75.625 1.299
12.375 75.875 1.4328
12.375 76.125 2.5929
12.375 76.375 3.1625
12.375 76.625 2.1952
12.375 76.875 1.8833
12.375 77.125 1.4793
12.375 77.375 0.87541
12.375 77.625 0.77746
12.375 77.875 1.0557
12.375 78.125 2.035
12.375 78.375 2.769
12.375 78.625 2.2022
12.375 78.875 2.2411
12.375 79.125 2.0151
12.375 79.375 1.7752
12.375 79.625 1.7678
12.375 79.875 1.6924
12.625 75.125 1.2061
12.625 75.375 0.9523
12.625 75.625 1.3642
12.625 75.875 2.0276
12.625 76.125 2.6119
12.625 76.375 3.2037
12.625 76.625 3.3119
12.625 76.875 2.4462
12.625 77.125 1.7528
12.625 77.375 1.6186
12.625 77.625 1.8414
12.625 77.875 2.5803
12.625 78.125 3.2313
12.625 78.375 3.0773
12.625 78.625 2.0737
12.625 78.875 2.6341
12.625 79.125 2.9755
12.625 79.375 2.5585
12.625 79.625 1.2356
12.625 79.875 1.859
12.875 75.125 1.79
12.875 75.375 2.4558
12.875 75.625 1.6209
12.875 75.875 4.2327
12.875 76.125 2.601
12.875 76.375 4.6166
12.875 76.625 4.5075
12.875 76.875 2.3783
12.875 77.125 2.7933
12.875 77.375 2.5658
12.875 77.625 3.1538
12.875 77.875 3.5031
12.875 78.125 3.4221
12.875 78.375 3.1023
12.875 78.625 1.663
12.875 78.875 2.4778
12.875 79.125 2.5734
12.875 79.375 1.9933
12.875 79.625 1.855
12.875 79.875 1.9954
13.125 74.875 NaN
13.125 75.125 1.7732
13.125 75.375 1.2181
13.125 75.625 1.8642
13.125 75.875 3.1514
13.125 76.125 3.1575
13.125 76.375 3.7594
13.125 76.625 3.965
13.125 76.875 3.1888
13.125 77.125 2.7082
13.125 77.375 2.7471
13.125 77.625 3.2926
13.125 77.875 3.3062
13.125 78.125 3.8583
13.125 78.375 3.2911
13.125 78.625 2.7529
13.125 78.875 1.9924
13.125 79.125 2.7217
13.125 79.375 1.9398
13.125 79.625 2.3967
13.125 79.875 2.4012
13.125 80.125 2.3747
13.375 74.875 NaN
13.375 75.125 1.4339
13.375 75.375 1.0579
13.375 75.625 1.6194
13.375 75.875 2.6569
13.375 76.125 3.4962
13.375 76.375 3.4951
13.375 76.625 4.1293
13.375 76.875 2.9838
13.375 77.125 3.9183
13.375 77.375 3.1842
13.375 77.625 3.0296
13.375 77.875 3.4175
13.375 78.125 2.496
13.375 78.375 2.9935
13.375 78.625 3.9299
13.375 78.875 3.007
13.375 79.125 2.7402
13.375 79.375 3.0593
13.375 79.625 1.6439
13.375 79.875 1.4979
13.375 80.125 1.9992
13.625 74.875 1.3479
13.625 75.125 1.987
13.625 75.375 1.2642
13.625 75.625 1.7191
13.625 75.875 2.9799
13.625 76.125 3.2621
13.625 76.375 4.1024
13.625 76.625 3.3465
13.625 76.875 2.3647
13.625 77.125 3.054
13.625 77.375 2.8673
13.625 77.625 2.5082
13.625 77.875 3.9263
13.625 78.125 2.4624
13.625 78.375 2.9259
13.625 78.625 1.6645
13.625 78.875 2.5226
13.625 79.125 2.2197
13.625 79.375 1.0867
13.625 79.625 1.3865
13.625 79.875 1.4465
13.625 80.125 1.8813
13.875 74.875 2.0583
13.875 75.125 2.3026
13.875 75.375 1.9225
13.875 75.625 2.3965
13.875 75.875 2.3334
13.875 76.125 1.8823
13.875 76.375 3.254
13.875 76.625 3.6122
13.875 76.875 3.4856
13.875 77.125 2.2549
13.875 77.375 3.3597
13.875 77.625 3.7412
13.875 77.875 3.3016
13.875 78.125 3.0424
13.875 78.375 3.5544
13.875 78.625 2.5182
13.875 78.875 2.0954
13.875 79.125 1.9717
13.875 79.375 1.3666
13.875 79.625 1.3797
13.875 79.875 1.3694
14.125 74.625 1.081
14.125 74.875 1.4729
14.125 75.125 1.6932
14.125 75.375 1.9623
14.125 75.625 1.3498
14.125 75.875 2.3688
14.125 76.125 1.7533
14.125 76.375 1.5546
14.125 76.625 1.4802
14.125 76.875 3.6804
14.125 77.125 3.1147
14.125 77.375 2.8517
14.125 77.625 3.4574
14.125 77.875 3.2225
14.125 78.125 3.7338
14.125 78.375 3.8712
14.125 78.625 3.1453
14.125 78.875 2.3388
14.125 79.125 1.8065
14.125 79.375 1.5553
14.125 79.625 1.3788
14.125 79.875 1.2165
14.375 74.625 0.97639
14.375 74.875 1.548
14.375 75.125 2.0885
14.375 75.375 1.5496
14.375 75.625 1.4391
14.375 75.875 2.5553
14.375 76.125 2.2758
14.375 76.375 2.3107
14.375 76.625 2.1683
14.375 76.875 2.5418
14.375 77.125 2.6141
14.375 77.375 3.1251
14.375 77.625 2.3042
14.375 77.875 3.1029
14.375 78.125 3.5215
14.375 78.375 3.6952
14.375 78.625 3.6845
14.375 78.875 2.9768
14.375 79.125 2.6225
14.375 79.375 2.4723
14.375 79.625 1.1473
14.375 79.875 1.7077
14.625 74.375 NaN
14.625 74.625 1.1828
14.625 74.875 1.4076
14.625 75.125 1.2658
14.625 75.375 1.5154
14.625 75.625 1.824
14.625 75.875 2.1307
14.625 76.125 1.7316
14.625 76.375 2.1495
14.625 76.625 2.2987
14.625 76.875 3.164
14.625 77.125 2.7078
14.625 77.375 2.4536
14.625 77.625 2.5971
14.625 77.875 2.9321
14.625 78.125 3.073
14.625 78.375 2.3651
14.625 78.625 2.7644
14.625 78.875 2.1279
14.625 79.125 2.1711
14.625 79.375 2.3987
14.625 79.625 1.4005
14.625 79.875 1.4633
14.875 74.375 1.6774
14.875 74.625 1.3687
14.875 74.875 1.3872
14.875 75.125 1.455
14.875 75.375 0.87646
14.875 75.625 2.0503
14.875 75.875 0.97806
14.875 76.125 1.284
14.875 76.375 1.5179
14.875 76.625 2.2038
14.875 76.875 2.7657
14.875 77.125 2.9927
14.875 77.375 3.6993
14.875 77.625 2.6952
14.875 77.875 2.525
14.875 78.125 2.2716
14.875 78.375 1.4975
14.875 78.625 1.7086
14.875 78.875 1.6903
14.875 79.125 1.8013
14.875 79.375 1.7659
14.875 79.625 1.5757
14.875 79.875 1.4738
15.125 74.125 1.4199
15.125 74.375 1.9764
15.125 74.625 1.7616
15.125 74.875 1.5744
15.125 75.125 1.2469
15.125 75.375 1.2069
15.125 75.625 1.4809
15.125 75.875 1.6263
15.125 76.125 1.2738
15.125 76.375 1.4382
15.125 76.625 1.4719
15.125 76.875 1.4725
15.125 77.125 1.6236
15.125 77.375 1.7197
15.125 77.625 1.3802
15.125 77.875 1.5654
15.125 78.125 0.98192
15.125 78.375 0.9364
15.125 78.625 1.5138
15.125 78.875 1.5608
15.125 79.125 1.2357
15.125 79.375 1.8978
15.125 79.625 2.1423
15.125 79.875 1.3134
15.375 73.875 1.0322
15.375 74.125 1.6092
15.375 74.375 1.6814
15.375 74.625 1.3029
15.375 74.875 1.6475
15.375 75.125 1.2635
15.375 75.375 1.3297
15.375 75.625 0.76667
15.375 75.875 0.98496
15.375 76.125 1.7578
15.375 76.375 1.9692
15.375 76.625 0.21759
15.375 76.875 0.55102
15.375 77.125 1.5185
15.375 77.375 1.2223
15.375 77.625 1.0898
15.375 77.875 1.3673
15.375 78.125 0.7549
15.375 78.375 1.1187
15.375 78.625 1.2322
15.375 78.875 1.1804
15.375 79.125 0.57989
15.375 79.375 0.07375
15.375 79.625 -0.085435
15.375 79.875 0.30038
15.625 73.875 1.5025
15.625 74.125 0.78445
15.625 74.375 -0.018024
15.625 74.625 1.3316
15.625 74.875 1.6036
15.625 75.125 1.1487
15.625 75.375 0.56433
15.625 75.625 0.30101
15.625 75.875 0.8738
15.625 76.125 1.3732
15.625 76.375 0.52896
15.625 76.625 0.14572
15.625 76.875 -0.13603
15.625 77.125 0.39965
15.625 77.375 0.32169
15.625 77.625 1.0337
15.625 77.875 1.3983
15.625 78.125 2.318
15.625 78.375 1.4903
15.625 78.625 0.94303
15.625 78.875 2.2235
15.625 79.125 0.50661
15.625 79.375 0.22204
15.625 79.625 1.1321
15.625 79.875 1.0673
15.625 80.125 1.5988
15.875 73.875 2.0356
15.875 74.125 1.6761
15.875 74.375 0.80407
15.875 74.625 1.4138
15.875 74.875 1.4225
15.875 75.125 1.3863
15.875 75.375 0.58911
15.875 75.625 0.56157
15.875 75.875 0.13447
15.875 76.125 1.2759
15.875 76.375 1.0562
15.875 76.625 0.00032561
15.875 76.875 -0.14018
15.875 77.125 0.03943
15.875 77.375 0.32763
15.875 77.625 1.1159
15.875 77.875 2.7408
15.875 78.125 3.069
15.875 78.375 1.6692
15.875 78.625 1.1162
15.875 78.875 0.54705
15.875 79.125 0.44154
15.875 79.375 1.2803
15.875 79.625 0.68231
15.875 79.875 1.283
15.875 80.125 1.6705
15.875 80.375 1.5922
15.875 80.625 NaN
15.875 80.875 1.7696
16.125 73.625 2.0935
16.125 73.875 0.46427
16.125 74.125 1.2937
16.125 74.375 1.3281
16.125 74.625 1.4814
16.125 74.875 0.18758
16.125 75.125 0.11205
16.125 75.375 0.15685
16.125 75.625 0.43494
16.125 75.875 -0.11356
16.125 76.125 0.1954
16.125 76.375 0.2737
16.125 76.625 -0.065749
16.125 76.875 -0.13606
16.125 77.125 0.49144
16.125 77.375 0.99774
16.125 77.625 0.070539
16.125 77.875 1.3324
16.125 78.125 2.4906
16.125 78.375 1.0758
16.125 78.625 0.23296
16.125 78.875 0.69566
16.125 79.125 1.2009
16.125 79.375 1.222
16.125 79.625 0.77237
16.125 79.875 1.0955
16.125 80.125 1.9242
16.125 80.375 1.7516
16.125 80.625 1.3694
16.125 80.875 1.7382
16.375 73.625 1.4265
16.375 73.875 0.95673
16.375 74.125 1.677
16.375 74.375 1.4173
16.375 74.625 0.70057
16.375 74.875 0.2384
16.375 75.125 -0.36521
16.375 75.375 0.077135
16.375 75.625 0.20211
16.375 75.875 0.14891
16.375 76.125 1.1849
16.375 76.375 1.2365
16.375 76.625 0.032348
16.375 76.875 0.63074
16.375 77.125 0.50335
16.375 77.375 1.867
16.375 77.625 1.4401
16.375 77.875 -0.30738
16.375 78.125 0.047866
16.375 78.375 0.57567
16.375 78.625 0.82877
16.375 78.875 0.99268
16.375 79.125 2.1616
16.375 79.375 1.4046
16.375 79.625 0.85131
16.375 79.875 0.748
16.375 80.125 1.9932
16.375 80.375 2.2425
16.375 80.625 0.74044
16.375 80.875 1.4833
16.375 81.125 1.6117
16.375 81.375 NaN
16.375 81.625 NaN
16.625 73.625 1.4018
16.625 73.875 1.9694
16.625 74.125 1.4775
16.625 74.375 0.56192
16.625 74.625 0.26309
16.625 74.875 0.058199
16.625 75.125 0.0086506
16.625 75.375 -0.081177
16.625 75.625 0.27292
16.625 75.875 0.78608
16.625 76.125 0.52282
16.625 76.375 0.25619
16.625 76.625 0.2998
16.625 76.875 0.30238
16.625 77.125 0.87273
16.625 77.375 0.77663
16.625 77.625 0.28662
16.625 77.875 0.93608
16.625 78.125 0.33753
16.625 78.375 0.3438
16.625 78.625 1.1416
16.625 78.875 1.6654
16.625 79.125 2.8432
16.625 79.375 2.9397
16.625 79.625 1.1239
16.625 79.875 0.077163
16.625 80.125 0.66192
16.625 80.375 1.318
16.625 80.625 1.1155
16.625 80.875 1.1481
16.625 81.125 0.73872
16.625 81.375 0.63464
16.625 81.625 1.1014
16.625 81.875 1.1212
16.625 82.125 1.0549
16.875 73.375 2.5111
16.875 73.625 1.9849
16.875 73.875 1.9843
16.875 74.125 -0.033613
16.875 74.375 0.39348
16.875 74.625 0.21663
16.875 74.875 0.65194
16.875 75.125 0.76664
16.875 75.375 0.81425
16.875 75.625 0.2696
16.875 75.875 0.95068
16.875 76.125 0.56966
16.875 76.375 0.43566
16.875 76.625 0.48209
16.875 76.875 0.37007
16.875 77.125 0.46313
16.875 77.375 0.19794
16.875 77.625 0.49867
16.875 77.875 1.1434
16.875 78.125 0.87243
16.875 78.375 0.93092
16.875 78.625 1.2639
16.875 78.875 2.3987
16.875 79.125 2.8847
16.875 79.375 3.2134
16.875 79.625 1.5698
16.875 79.875 0.61686
16.875 80.125 0.77358
16.875 80.375 1.2552
16.875 80.625 1.3351
16.875 80.875 2.1638
16.875 81.125 1.3247
16.875 81.375 1.1989
16.875 81.625 0.70149
16.875 81.875 1.1265
16.875 82.125 0.98587
17.125 73.375 2.2818
17.125 73.625 1.7349
17.125 73.875 1.4071
17.125 74.125 0.85676
17.125 74.375 0.54758
17.125 74.625 0.70303
17.125 74.875 0.86286
17.125 75.125 0.90877
17.125 75.375 0.43188
17.125 75.625 0.11979
17.125 75.875 0.28377
17.125 76.125 0.63639
17.125 76.375 1.2715
17.125 76.625 1.2303
17.125 76.875 1.4812
17.125 77.125 0.90618
17.125 77.375 0.5341
17.125 77.625 0.094377
17.125 77.875 0.59551
17.125 78.125 -1.0267
17.125 78.375 1.3862
17.125 78.625 2.8454
17.125 78.875 3.0475
17.125 79.125 3.4879
17.125 79.375 3.0945
17.125 79.625 1.3825
17.125 79.875 1.9267
17.125 80.125 0.75688
17.125 80.375 1.4251
17.125 80.625 1.5651
17.125 80.875 1.7461
17.125 81.125 1.8709
17.125 81.375 1.8177
17.125 81.625 0.17049
17.125 81.875 -0.084715
17.125 82.125 0.56033
17.125 82.375 0.55436
17.375 73.375 2.2722
17.375 73.625 1.8269
17.375 73.875 1.761
17.375 74.125 1.458
17.375 74.375 0.60038
17.375 74.625 0.8858
17.375 74.875 0.66252
17.375 75.125 0.90958
17.375 75.375 0.82176
17.375 75.625 0.26209
17.375 75.875 -0.37327
17.375 76.125 0.27915
17.375 76.375 1.2796
17.375 76.625 1.2166
17.375 76.875 0.88806
17.375 77.125 0.99737
17.375 77.375 0.68099
17.375 77.625 0.86556
17.375 77.875 -0.44632
17.375 78.125 0.38415
17.375 78.375 0.93099
17.375 78.625 3.704
17.375 78.875 2.9754
17.375 79.125 3.3281
17.375 79.375 4.0055
17.375 79.625 3.9444
17.375 79.875 3.7055
17.375 80.125 2.3701
17.375 80.375 2.0653
17.375 80.625 1.4555
17.375 80.875 0.83962
17.375 81.125 1.2608
17.375 81.375 1.1967
17.375 81.625 1.1285
17.375 81.875 0.62437
17.375 82.125 1.377
17.375 82.375 1.4503
17.375 82.625 NaN
17.625 73.375 1.9334
17.625 73.625 1.0568
17.625 73.875 1.5664
17.625 74.125 1.283
17.625 74.375 0.61945
17.625 74.625 0.80824
17.625 74.875 0.84303
17.625 75.125 1.1038
17.625 75.375 1.7859
17.625 75.625 0.50871
17.625 75.875 0.073622
17.625 76.125 0.7992
17.625 76.375 1.24
17.625 76.625 1.4756
17.625 76.875 1.2032
17.625 77.125 0.66846
17.625 77.375 0.67184
17.625 77.625 0.9822
17.625 77.875 0.024106
17.625 78.125 1.002
17.625 78.375 1.0692
17.625 78.625 3.6512
17.625 78.875 3.2658
17.625 79.125 2.8736
17.625 79.375 3.2411
17.625 79.625 3.5969
17.625 79.875 3.4978
17.625 80.125 2.9383
17.625 80.375 1.5292
17.625 80.625 1.0628
17.625 80.875 1.4181
17.625 81.125 1.422
17.625 81.375 1.256
17.625 81.625 1.1856
17.625 81.875 1.4719
17.625 82.125 1.9065
17.625 82.375 1.9309
17.625 82.625 1.214
17.625 82.875 1.1275
17.625 83.125 1.5026
17.875 73.375 1.5907
17.875 73.625 0.78723
17.875 73.875 1.3302
17.875 74.125 0.79116
17.875 74.375 0.32332
17.875 74.625 0.42966
17.875 74.875 0.67712
17.875 75.125 0.9591
17.875 75.375 1.6681
17.875 75.625 1.4643
17.875 75.875 1.3055
17.875 76.125 1.2365
17.875 76.375 1.6483
17.875 76.625 1.6133
17.875 76.875 0.91565
17.875 77.125 0.62637
17.875 77.375 0.4897
17.875 77.625 0.94711
17.875 77.875 0.86249
17.875 78.125 1.8559
17.875 78.375 1.9429
17.875 78.625 2.0893
17.875 78.875 2.5403
17.875 79.125 3.0476
17.875 79.375 1.6797
17.875 79.625 2.3866
17.875 79.875 2.4506
17.875 80.125 1.559
17.875 80.375 1.1459
17.875 80.625 1.1544
17.875 80.875 1.309
17.875 81.125 1.0935
17.875 81.375 0.95557
17.875 81.625 1.5153
17.875 81.875 1.6938
17.875 82.125 1.3502
17.875 82.375 0.57509
17.875 82.625 2.4565
17.875 82.875 2.3363
17.875 83.125 1.4549
17.875 83.375 1.5714
18.125 73.125 NaN
18.125 73.375 0.42796
18.125 73.625 0.75963
18.125 73.875 0.96374
18.125 74.125 0.26889
18.125 74.375 -0.0076688
18.125 74.625 0.33885
18.125 74.875 0.6062
18.125 75.125 0.7763
18.125 75.375 1.7443
18.125 75.625 1.9006
18.125 75.875 1.778
18.125 76.125 1.4036
18.125 76.375 1.396
18.125 76.625 1.1109
18.125 76.875 0.74371
18.125 77.125 1.246
18.125 77.375 0.82989
18.125 77.625 0.92571
18.125 77.875 1.239
18.125 78.125 2.8933
18.125 78.375 2.2934
18.125 78.625 2.1658
18.125 78.875 1.988
18.125 79.125 1.9808
18.125 79.375 2.7501
18.125 79.625 1.3724
18.125 79.875 1.6795
18.125 80.125 0.35786
18.125 80.375 1.2168
18.125 80.625 1.7897
18.125 80.875 0.6751
18.125 81.125 -0.27008
18.125 81.375 0.2836
18.125 81.625 1.6703
18.125 81.875 1.6437
18.125 82.125 0.74963
18.125 82.375 0.67792
18.125 82.625 1.696
18.125 82.875 2.7204
18.125 83.125 1.5734
18.125 83.375 1.966
18.125 83.625 2.3244
18.375 73.125 0.79982
18.375 73.375 0.44918
18.375 73.625 0.67549
18.375 73.875 0.84267
18.375 74.125 0.23194
18.375 74.375 -0.39269
18.375 74.625 0.52786
18.375 74.875 1.0032
18.375 75.125 1.0984
18.375 75.375 2.3323
18.375 75.625 1.344
18.375 75.875 0.93115
18.375 76.125 1.6772
18.375 76.375 1.1953
18.375 76.625 1.0475
18.375 76.875 0.76881
18.375 77.125 1.7372
18.375 77.375 1.193
18.375 77.625 0.42811
18.375 77.875 1.5103
18.375 78.125 2.4513
18.375 78.375 2.9122
18.375 78.625 2.8642
18.375 78.875 1.9011
18.375 79.125 -0.069691
18.375 79.375 1.2849
18.375 79.625 1.3049
18.375 79.875 1.6125
18.375 80.125 0.55879
18.375 80.375 1.0695
18.375 80.625 1.4234
18.375 80.875 0.34346
18.375 81.125 -0.34587
18.375 81.375 -0.027088
18.375 81.625 1.3685
18.375 81.875 2.05
18.375 82.125 1.1576
18.375 82.375 0.88637
18.375 82.625 1.0921
18.375 82.875 1.6336
18.375 83.125 2.9637
18.375 83.375 1.8823
18.375 83.625 2.1972
18.375 83.875 2.3485
18.625 73.125 2.9435
18.625 73.375 1.2916
18.625 73.625 0.80623
18.625 73.875 0.75435
18.625 74.125 0.79618
18.625 74.375 0.14653
18.625 74.625 0.62541
18.625 74.875 1.256
18.625 75.125 0.63697
18.625 75.375 0.79333
18.625 75.625 0.82004
18.625 75.875 0.98264
18.625 76.125 2.2638
18.625 76.375 1.4067
18.625 76.625 0.75015
18.625 76.875 1.071
18.625 77.125 1.3695
18.625 77.375 0.87213
18.625 77.625 0.54947
18.625 77.875 0.85603
18.625 78.125 1.4541
18.625 78.375 2.082
18.625 78.625 1.7049
18.625 78.875 0.62871
18.625 79.125 0.99296
18.625 79.375 0.4751
18.625 79.625 0.49133
18.625 79.875 0.5345
18.625 80.125 0.29863
18.625 80.375 0.64666
18.625 80.625 0.68053
18.625 80.875 0.20255
18.625 81.125 0.19316
18.625 81.375 0.44687
18.625 81.625 0.79871
18.625 81.875 1.3839
18.625 82.125 1.3471
18.625 82.375 1.5092
18.625 82.625 1.2459
18.625 82.875 3.2367
18.625 83.125 3.6658
18.625 83.375 2.0303
18.625 83.625 2.1655
18.625 83.875 2.2713
18.625 84.125 2.3473
18.875 73.125 3.692
18.875 73.375 0.78309
18.875 73.625 1.0348
18.875 73.875 0.8747
18.875 74.125 0.84029
18.875 74.375 0.78516
18.875 74.625 0.65659
18.875 74.875 1.404
18.875 75.125 1.1708
18.875 75.375 1.0672
18.875 75.625 1.1071
18.875 75.875 1.0343
18.875 76.125 1.4623
18.875 76.375 1.4599
18.875 76.625 1.7464
18.875 76.875 0.8253
18.875 77.125 0.49011
18.875 77.375 1.0984
18.875 77.625 1.9036
18.875 77.875 1.1011
18.875 78.125 1.419
18.875 78.375 1.6474
18.875 78.625 1.4895
18.875 78.875 0.58627
18.875 79.125 0.94855
18.875 79.375 0.58464
18.875 79.625 0.34316
18.875 79.875 0.43909
18.875 80.125 0.3123
18.875 80.375 0.40943
18.875 80.625 0.73995
18.875 80.875 0.66677
18.875 81.125 0.75775
18.875 81.375 1.1105
18.875 81.625 0.96011
18.875 81.875 1.4387
18.875 82.125 1.7826
18.875 82.375 1.4861
18.875 82.625 2.8397
18.875 82.875 2.877
18.875 83.125 2.8322
18.875 83.375 3.1288
18.875 83.625 3.0977
18.875 83.875 2.7132
18.875 84.125 1.5796
18.875 84.375 1.6793
19.125 73.125 0.92375
19.125 73.375 1.4197
19.125 73.625 1.4461
19.125 73.875 2.0511
19.125 74.125 1.3948
19.125 74.375 1.4409
19.125 74.625 1.2687
19.125 74.875 1.6575
19.125 75.125 1.4133
19.125 75.375 0.98705
19.125 75.625 1.4075
19.125 75.875 1.4624
19.125 76.125 1.455
19.125 76.375 1.6584
19.125 76.625 1.1618
19.125 76.875 0.1404
19.125 77.125 0.073407
19.125 77.375 0.28464
19.125 77.625 0.84479
19.125 77.875 2.1041
19.125 78.125 2.6721
19.125 78.375 2.6826
19.125 78.625 2.3494
19.125 78.875 2.2253
19.125 79.125 2.2325
19.125 79.375 1.8746
19.125 79.625 1.3991
19.125 79.875 1.6695
19.125 80.125 1.1179
19.125 80.375 1.5981
19.125 80.625 1.7615
19.125 80.875 1.884
19.125 81.125 1.9946
19.125 81.375 1.8731
19.125 81.625 1.4127
19.125 81.875 1.8361
19.125 82.125 1.702
19.125 82.375 2.5447
19.125 82.625 3.6117
19.125 82.875 2.0322
19.125 83.125 1.9866
19.125 83.375 2.0146
19.125 83.625 2.676
19.125 83.875 2.8025
19.125 84.125 2.514
19.125 84.375 2.6458
19.125 84.625 2.5606
19.375 72.875 1.986
19.375 73.125 1.7599
19.375 73.375 2.0654
19.375 73.625 2.1875
19.375 73.875 2.0958
19.375 74.125 2.1025
19.375 74.375 1.6307
19.375 74.625 1.8236
19.375 74.875 1.4587
19.375 75.125 1.2976
19.375 75.375 2.0561
19.375 75.625 1.8706
19.375 75.875 1.4029
19.375 76.125 1.5061
19.375 76.375 0.47254
19.375 76.625 -0.17236
19.375 76.875 -0.13713
19.375 77.125 -0.027228
19.375 77.375 -0.38911
19.375 77.625 0.22944
19.375 77.875 1.0272
19.375 78.125 1.8585
19.375 78.375 2.7484
19.375 78.625 2.8705
19.375 78.875 2.7865
19.375 79.125 2.5912
19.375 79.375 2.1012
19.375 79.625 1.7415
19.375 79.875 2.6675
19.375 80.125 2.2768
19.375 80.375 2.5114
19.375 80.625 2.5821
19.375 80.875 2.8238
19.375 81.125 2.5803
19.375 81.375 2.3076
19.375 81.625 2.8179
19.375 81.875 2.6943
19.375 82.125 1.9694
19.375 82.375 1.4805
19.375 82.625 1.8182
19.375 82.875 1.5984
19.375 83.125 2.273
19.375 83.375 1.5214
19.375 83.625 2.1887
19.375 83.875 2.831
19.375 84.125 2.6421
19.375 84.375 2.8996
19.375 84.625 2.4766
19.375 84.875 2.1689
19.625 72.875 2.0517
19.625 73.125 2.0859
19.625 73.375 2.1536
19.625 73.625 2.2313
19.625 73.875 1.7172
19.625 74.125 1.4474
19.625 74.375 1.0405
19.625 74.625 1.4775
19.625 74.875 1.5153
19.625 75.125 1.0318
19.625 75.375 1.887
19.625 75.625 0.91778
19.625 75.875 0.84458
19.625 76.125 0.6762
19.625 76.375 0.071721
19.625 76.625 -0.49037
19.625 76.875 -0.10074
19.625 77.125 0.039884
19.625 77.375 0.55514
19.625 77.625 0.2076
19.625 77.875 0.03834
19.625 78.125 1.3183
19.625 78.375 1.9568
19.625 78.625 2.9902
19.625 78.875 3.1861
19.625 79.125 2.054
19.625 79.375 1.9798
19.625 79.625 2.3017
19.625 79.875 2.6464
19.625 80.125 2.617
19.625 80.375 3.088
19.625 80.625 2.7493
19.625 80.875 3.0088
19.625 81.125 2.7807
19.625 81.375 2.6525
19.625 81.625 2.9162
19.625 81.875 3.4615
19.625 82.125 2.847
19.625 82.375 1.8512
19.625 82.625 1.5186
19.625 82.875 2.4034
19.625 83.125 2.3437
19.625 83.375 2.9446
19.625 83.625 2.6972
19.625 83.875 2.6509
19.625 84.125 2.4758
19.625 84.375 2.3436
19.625 84.625 2.0861
19.625 84.875 1.6191
19.625 85.125 1.547
19.625 85.375 1.2321
19.875 72.875 2.6265
19.875 73.125 2.3507
19.875 73.375 2.6799
19.875 73.625 1.6857
19.875 73.875 1.2159
19.875 74.125 1.0428
19.875 74.375 1.0793
19.875 74.625 1.5907
19.875 74.875 2.0555
19.875 75.125 0.77742
19.875 75.375 0.72209
19.875 75.625 0.33939
19.875 75.875 0.57322
19.875 76.125 0.6094
19.875 76.375 0.4317
19.875 76.625 0.30018
19.875 76.875 0.59102
19.875 77.125 1.0104
19.875 77.375 1.5832
19.875 77.625 0.71453
19.875 77.875 1.1187
19.875 78.125 1.4483
19.875 78.375 1.5819
19.875 78.625 2.226
19.875 78.875 2.3806
19.875 79.125 2.4209
19.875 79.375 3.0953
19.875 79.625 2.47
19.875 79.875 2.5308
19.875 80.125 2.5357
19.875 80.375 3.2646
19.875 80.625 3.1274
19.875 80.875 3.3823
19.875 81.125 2.9898
19.875 81.375 3.2729
19.875 81.625 3.0429
19.875 81.875 3.5342
19.875 82.125 2.3786
19.875 82.375 1.3014
19.875 82.625 1.5693
19.875 82.875 1.3378
19.875 83.125 1.6765
19.875 83.375 1.8094
19.875 83.625 2.2107
19.875 83.875 2.8187
19.875 84.125 2.6598
19.875 84.375 2.2273
19.875 84.625 1.9081
19.875 84.875 1.4694
19.875 85.125 1.279
19.875 85.375 1.3015
19.875 85.625 NaN
19.875 85.875 NaN
19.875 86.125 NaN
20.125 72.875 3.3196
20.125 73.125 3.2833
20.125 73.375 1.8105
20.125 73.625 3.0377
20.125 73.875 1.2941
20.125 74.125 0.34546
20.125 74.375 1.9467
20.125 74.625 2.4626
20.125 74.875 2.6944
20.125 75.125 1.6056
20.125 75.375 1.76
20.125 75.625 1.2236
20.125 75.875 0.88769
20.125 76.125 0.87472
20.125 76.375 0.68317
20.125 76.625 0.37716
20.125 76.875 0.73742
20.125 77.125 1.2882
20.125 77.375 1.4071
20.125 77.625 0.89916
20.125 77.875 0.82353
20.125 78.125 1.3211
20.125 78.375 1.1039
20.125 78.625 1.2659
20.125 78.875 1.5001
20.125 79.125 2.7031
20.125 79.375 3.6826
20.125 79.625 2.3172
20.125 79.875 2.657
20.125 80.125 2.8896
20.125 80.375 3.1605
20.125 80.625 3.1764
20.125 80.875 3.461
20.125 81.125 3.1016
20.125 81.375 2.7481
20.125 81.625 2.9478
20.125 81.875 2.2437
20.125 82.125 2.5696
20.125 82.375 1.8828
20.125 82.625 0.93678
20.125 82.875 1.0523
20.125 83.125 1.1917
20.125 83.375 0.42549
20.125 83.625 0.54954
20.125 83.875 2.8613
20.125 84.125 3.7904
20.125 84.375 2.2304
20.125 84.625 1.936
20.125 84.875 1.0506
20.125 85.125 1.5768
20.125 85.375 1.4341
20.125 85.625 2.0176
20.125 85.875 2.0049
20.125 86.125 2.4786
20.125 86.375 NaN
20.375 73.125 2.7235
20.375 73.375 2.1359
20.375 73.625 1.9753
20.375 73.875 0.5154
20.375 74.125 0.023133
20.375 74.375 1.5421
20.375 74.625 1.824
20.375 74.875 1.8886
20.375 75.125 1.0878
20.375 75.375 1.5613
20.375 75.625 1.5505
20.375 75.875 1.4831
20.375 76.125 0.9794
20.375 76.375 0.83197
20.375 76.625 0.12165
20.375 76.875 0.43649
20.375 77.125 1.0036
20.375 77.375 1.0434
20.375 77.625 0.52472
20.375 77.875 0.51215
20.375 78.125 0.83679
20.375 78.375 0.76735
20.375 78.625 0.64867
20.375 78.875 0.80289
20.375 79.125 0.88019
20.375 79.375 1.4612
20.375 79.625 2.0896
20.375 79.875 2.2537
20.375 80.125 2.5828
20.375 80.375 2.4594
20.375 80.625 3.0476
20.375 80.875 3.4586
20.375 81.125 3.3311
20.375 81.375 3.2886
20.375 81.625 3.0466
20.375 81.875 2.7321
20.375 82.125 3.2563
20.375 82.375 2.3391
20.375 82.625 2.1637
20.375 82.875 1.6803
20.375 83.125 2.1862
20.375 83.375 1.3275
20.375 83.625 1.2636
20.375 83.875 2.1266
20.375 84.125 1.0352
20.375 84.375 1.5195
20.375 84.625 1.8764
20.375 84.875 2.2594
20.375 85.125 1.2994
20.375 85.375 0.66572
20.375 85.625 1.5922
20.375 85.875 1.3031
20.375 86.125 1.695
20.375 86.375 2.0727
20.375 86.625 NaN
20.625 73.125 1.5386
20.625 73.375 1.3516
20.625 73.625 0.41866
20.625 73.875 -0.15114
20.625 74.125 0.32169
20.625 74.375 2.0348
20.625 74.625 2.2162
20.625 74.875 1.235
20.625 75.125 0.66314
20.625 75.375 1.0962
20.625 75.625 0.99884
20.625 75.875 0.24608
20.625 76.125 0.19674
20.625 76.375 0.54493
20.625 76.625 0.24754
20.625 76.875 0.15707
20.625 77.125 0.24451
20.625 77.375 1.3418
20.625 77.625 0.81994
20.625 77.875 0.15363
20.625 78.125 1.2399
20.625 78.375 0.88103
20.625 78.625 0.47072
20.625 78.875 0.31062
20.625 79.125 0.36255
20.625 79.375 0.16617
20.625 79.625 0.61542
20.625 79.875 2.1165
20.625 80.125 2.4061
20.625 80.375 1.7051
20.625 80.625 2.5464
20.625 80.875 3.4444
20.625 81.125 3.5766
20.625 81.375 3.9522
20.625 81.625 3.3684
20.625 81.875 3.4513
20.625 82.125 4.0451
20.625 82.375 3.2407
20.625 82.625 2.0586
20.625 82.875 1.9622
20.625 83.125 2.1024
20.625 83.375 1.2624
20.625 83.625 2.1388
20.625 83.875 2.0374
20.625 84.125 0.054236
20.625 84.375 1.4923
20.625 84.625 1.7177
20.625 84.875 1.9154
20.625 85.125 1.0972
20.625 85.375 2.4843
20.625 85.625 0.95017
20.625 85.875 1.4615
20.625 86.125 1.1639
20.625 86.375 1.4985
20.625 86.625 1.6286
20.625 86.875 NaN
20.875 70.625 1.4179
20.875 70.875 1.3879
20.875 71.125 1.3733
20.875 71.375 1.4239
20.875 72.875 2.5518
20.875 73.125 1.5012
20.875 73.375 0.44627
20.875 73.625 0.052571
20.875 73.875 0.48333
20.875 74.125 1.5235
20.875 74.375 2.2567
20.875 74.625 2.3628
20.875 74.875 1.6531
20.875 75.125 1.4488
20.875 75.375 0.69025
20.875 75.625 0.87575
20.875 75.875 0.33422
20.875 76.125 -0.21482
20.875 76.375 0.021091
20.875 76.625 0.36621
20.875 76.875 0.38531
20.875 77.125 1.1105
20.875 77.375 1.3601
20.875 77.625 0.90972
20.875 77.875 0.39381
20.875 78.125 1.0185
20.875 78.375 0.874
20.875 78.625 0.54885
20.875 78.875 0.65207
20.875 79.125 1.1551
20.875 79.375 0.40575
20.875 79.625 0.15511
20.875 79.875 0.85681
20.875 80.125 1.4981
20.875 80.375 2.1432
20.875 80.625 2.5277
20.875 80.875 3.8245
20.875 81.125 4.5869
20.875 81.375 4.5913
20.875 81.625 3.7205
20.875 81.875 3.8814
20.875 82.125 3.7356
20.875 82.375 3.3002
20.875 82.625 3.5605
20.875 82.875 1.7756
20.875 83.125 1.2969
20.875 83.375 0.6454
20.875 83.625 1.738
20.875 83.875 1.3019
20.875 84.125 0.75504
20.875 84.375 2.7976
20.875 84.625 1.9529
20.875 84.875 1.6385
20.875 85.125 1.0092
20.875 85.375 2.1731
20.875 85.625 0.56209
20.875 85.875 1.1104
20.875 86.125 0.47204
20.875 86.375 0.66484
20.875 86.625 1.1788
21.125 70.375 1.6375
21.125 70.625 2.2357
21.125 70.875 0.33367
21.125 71.125 0.69788
21.125 71.375 1.2721
21.125 71.625 NaN
21.125 71.875 NaN
21.125 72.875 1.9771
21.125 73.125 0.72087
21.125 73.375 0.95521
21.125 73.625 0.59013
21.125 73.875 0.63785
21.125 74.125 0.82017
21.125 74.375 1.714
21.125 74.625 2.1979
21.125 74.875 1.59
21.125 75.125 0.70324
21.125 75.375 0.35758
21.125 75.625 0.59304
21.125 75.875 0.62352
21.125 76.125 0.46055
21.125 76.375 0.22195
21.125 76.625 -0.10341
21.125 76.875 0.098134
21.125 77.125 0.43825
21.125 77.375 1.1671
21.125 77.625 1.3153
21.125 77.875 0.9731
21.125 78.125 1.1042
21.125 78.375 1.0951
21.125 78.625 0.58764
21.125 78.875 1.0314
21.125 79.125 0.39698
21.125 79.375 0.58755
21.125 79.625 0.61673
21.125 79.875 1.0145
21.125 80.125 0.94706
21.125 80.375 1.4632
21.125 80.625 2.4501
21.125 80.875 4.5975
21.125 81.125 4.5105
21.125 81.375 3.8908
21.125 81.625 2.4301
21.125 81.875 3.5858
21.125 82.125 3.9138
21.125 82.375 3.7428
21.125 82.625 3.0232
21.125 82.875 2.3831
21.125 83.125 2.0099
21.125 83.375 1.6963
21.125 83.625 3.0623
21.125 83.875 2.6018
21.125 84.125 2.1209
21.125 84.375 1.1649
21.125 84.625 2.1618
21.125 84.875 1.2784
21.125 85.125 1.2918
21.125 85.375 1.1005
21.125 85.625 1.1856
21.125 85.875 1.2927
21.125 86.125 0.33481
21.125 86.375 0.33991
21.125 86.625 0.58515
21.375 70.125 0.95536
21.375 70.375 0.6787
21.375 70.625 1.2338
21.375 70.875 0.79587
21.375 71.125 0.77681
21.375 71.375 0.41168
21.375 71.625 0.78257
21.375 71.875 0.12672
21.375 72.875 1.7487
21.375 73.125 2.447
21.375 73.375 2.2027
21.375 73.625 2.4925
21.375 73.875 0.70832
21.375 74.125 1.4025
21.375 74.375 1.973
21.375 74.625 2.3467
21.375 74.875 1.889
21.375 75.125 1.1242
21.375 75.375 0.43945
21.375 75.625 0.21023
21.375 75.875 0.33089
21.375 76.125 0.13088
21.375 76.375 0.042756
21.375 76.625 0.036973
21.375 76.875 0.13737
21.375 77.125 0.65497
21.375 77.375 2.0386
21.375 77.625 1.3404
21.375 77.875 1.0855
21.375 78.125 1.0472
21.375 78.375 1.6259
21.375 78.625 1.439
21.375 78.875 1.2418
21.375 79.125 0.85725
21.375 79.375 0.54935
21.375 79.625 0.91991
21.375 79.875 0.028483
21.375 80.125 0.25181
21.375 80.375 0.68806
21.375 80.625 1.8713
21.375 80.875 2.1613
21.375 81.125 3.1622
21.375 81.375 3.1841
21.375 81.625 1.7809
21.375 81.875 2.0091
21.375 82.125 2.5314
21.375 82.375 2.9567
21.375 82.625 2.6792
21.375 82.875 2.7846
21.375 83.125 2.2609
21.375 83.375 2.288
21.375 83.625 2.1903
21.375 83.875 2.4383
21.375 84.125 2.4293
21.375 84.375 2.5971
21.375 84.625 2.4227
21.375 84.875 1.5954
21.375 85.125 1.488
21.375 85.375 1.1689
21.375 85.625 2.158
21.375 85.875 0.99784
21.375 86.125 0.96207
21.375 86.375 0.57442
21.375 86.625 0.36247
21.375 86.875 0.60864
21.625 69.875 1.9271
21.625 70.125 0.49653
21.625 70.375 1.0649
21.625 70.625 1.4869
21.625 70.875 0.98207
21.625 71.125 0.30884
21.625 71.375 0.75738
21.625 71.625 0.43828
21.625 71.875 0.80611
21.625 72.125 0.86655
21.625 72.875 0.74864
21.625 73.125 0.45203
21.625 73.375 1.7701
21.625 73.625 1.9464
21.625 73.875 1.3204
21.625 74.125 1.3348
21.625 74.375 1.5657
21.625 74.625 2.5329
21.625 74.875 1.7503
21.625 75.125 1.1614
21.625 75.375 -0.22275
21.625 75.625 -0.52274
21.625 75.875 -0.386
21.625 76.125 -0.247
21.625 76.375 -0.32762
21.625 76.625 0.10017
21.625 76.875 1.3334
21.625 77.125 1.2848
21.625 77.375 2.036
21.625 77.625 1.0734
21.625 77.875 0.96565
21.625 78.125 1.0763
21.625 78.375 1.5315
21.625 78.625 1.6098
21.625 78.875 1.5946
21.625 79.125 0.6128
21.625 79.375 -0.052618
21.625 79.625 0.4585
21.625 79.875 0.48337
21.625 80.125 1.0718
21.625 80.375 1.1446
21.625 80.625 1.296
21.625 80.875 1.3005
21.625 81.125 3.0368
21.625 81.375 2.7615
21.625 81.625 1.9675
21.625 81.875 2.2524
21.625 82.125 1.45
21.625 82.375 1.3662
21.625 82.625 2.0102
21.625 82.875 NaN
21.625 83.125 2.9934
21.625 83.375 1.8392
21.625 83.625 2.2116
21.625 83.875 2.2384
21.625 84.125 2.3001
21.625 84.375 3.1437
21.625 84.625 3.1042
21.625 84.875 3.3909
21.625 85.125 2.3384
21.625 85.375 2.1689
21.625 85.625 1.7447
21.625 85.875 1.9258
21.625 86.125 0.80338
21.625 86.375 0.67149
21.625 86.625 0.62693
21.625 86.875 0.63885
21.625 87.125 0.98985
21.625 87.375 NaN
21.875 69.375 NaN
21.875 69.625 3.9287
21.875 69.875 2.1795
21.875 70.125 2.6502
21.875 70.375 2.195
21.875 70.625 2.1674
21.875 70.875 0.63751
21.875 71.125 0.3279
21.875 71.375 0.42247
21.875 71.625 0.53854
21.875 71.875 0.60198
21.875 72.125 0.62998
21.875 72.625 NaN
21.875 72.875 0.25331
21.875 73.125 0.14426
21.875 73.375 1.4493
21.875 73.625 1.5957
21.875 73.875 1.7341
21.875 74.125 1.45
21.875 74.375 2.5465
21.875 74.625 2.6613
21.875 74.875 2.0284
21.875 75.125 0.26229
21.875 75.375 -0.2853
21.875 75.625 -0.4614
21.875 75.875 -0.081441
21.875 76.125 -0.18304
21.875 76.375 0.015445
21.875 76.625 0.57527
21.875 76.875 0.50689
21.875 77.125 0.90084
21.875 77.375 0.25557
21.875 77.625 0.5367
21.875 77.875 0.60078
21.875 78.125 0.86327
21.875 78.375 1.1552
21.875 78.625 1.0853
21.875 78.875 1.373
21.875 79.125 0.61075
21.875 79.375 0.14612
21.875 79.625 0.36584
21.875 79.875 0.65699
21.875 80.125 0.93605
21.875 80.375 1.0111
21.875 80.625 1.1416
21.875 80.875 2.1354
21.875 81.125 2.3685
21.875 81.375 1.6991
21.875 81.625 1.361
21.875 81.875 1.0444
21.875 82.125 0.46134
21.875 82.375 0.88921
21.875 82.625 1.665
21.875 82.875 2.094
21.875 83.125 2.3477
21.875 83.375 2.9049
21.875 83.625 1.8461
21.875 83.875 2.1147
21.875 84.125 2.291
21.875 84.375 3.5616
21.875 84.625 3.45
21.875 84.875 3.5145
21.875 85.125 3.5117
21.875 85.375 3.8167
21.875 85.625 2.3357
21.875 85.875 2.4731
21.875 86.125 1.3858
21.875 86.375 1.2424
21.875 86.625 0.92056
21.875 86.875 1.9704
21.875 87.125 2.257
21.875 87.375 1.5623
21.875 87.625 2.3731
21.875 87.875 1.2844
21.875 88.375 1.6237
21.875 88.625 NaN
21.875 88.875 NaN
22.125 69.125 3.9104
22.125 69.375 3.8819
22.125 69.625 3.4326
22.125 69.875 2.9191
22.125 70.125 3.4057
22.125 70.375 2.1206
22.125 70.625 1.6463
22.125 70.875 0.67023
22.125 71.125 0.66815
22.125 71.375 0.90637
22.125 71.625 0.62893
22.125 71.875 0.17507
22.125 72.125 0.75536
22.125 72.625 NaN
22.125 72.875 0.26856
22.125 73.125 0.24013
22.125 73.375 0.82173
22.125 73.625 1.0198
22.125 73.875 1.5895
22.125 74.125 1.6541
22.125 74.375 2.0216
22.125 74.625 2.3518
22.125 74.875 0.97595
22.125 75.125 0.26476
22.125 75.375 0.14783
22.125 75.625 0.97297
22.125 75.875 0.89439
22.125 76.125 0.56267
22.125 76.375 0.1161
22.125 76.625 0.28635
22.125 76.875 0.081345
22.125 77.125 0.074232
22.125 77.375 0.2215
22.125 77.625 0.35199
22.125 77.875 0.81156
22.125 78.125 0.59898
22.125 78.375 0.38314
22.125 78.625 0.46429
22.125 78.875 0.58523
22.125 79.125 0.43393
22.125 79.375 0.33205
22.125 79.625 0.38254
22.125 79.875 0.36432
22.125 80.125 0.94542
22.125 80.375 0.98968
22.125 80.625 1.0286
22.125 80.875 1.7501
22.125 81.125 2.4147
22.125 81.375 2.0058
22.125 81.625 1.7392
22.125 81.875 1.6205
22.125 82.125 1.5698
22.125 82.375 2.0446
22.125 82.625 1.9391
22.125 82.875 2.2323
22.125 83.125 2.2758
22.125 83.375 1.8258
22.125 83.625 0.73208
22.125 83.875 2.4622
22.125 84.125 2.5642
22.125 84.375 2.3549
22.125 84.625 3.4079
22.125 84.875 4.4383
22.125 85.125 3.4756
22.125 85.375 3.5073
22.125 85.625 2.2632
22.125 85.875 2.2029
22.125 86.125 2.2458
22.125 86.375 3.305
22.125 86.625 3.9655
22.125 86.875 4.1478
22.125 87.125 3.6616
22.125 87.375 2.2514
22.125 87.625 2.0871
22.125 87.875 2.4647
22.125 88.125 1.9539
22.125 88.375 1.9098
22.125 92.875 NaN
22.375 69.125 2.8208
22.375 69.875 1.7304
22.375 70.125 2.168
22.375 70.375 1.2929
22.375 70.625 0.83711
22.375 70.875 0.43348
22.375 71.125 0.64682
22.375 71.375 0.8455
22.375 71.625 0.40776
22.375 71.875 0.31055
22.375 72.125 0.5518
22.375 72.625 NaN
22.375 72.875 -0.22532
22.375 73.125 -0.44008
22.375 73.375 -0.030182
22.375 73.625 1.9453
22.375 73.875 0.26305
22.375 74.125 0.84342
22.375 74.375 2.3502
22.375 74.625 1.9239
22.375 74.875 0.96034
22.375 75.125 0.6147
22.375 75.375 1.4899
22.375 75.625 1.6307
22.375 75.875 0.77872
22.375 76.125 0.55796
22.375 76.375 0.29079
22.375 76.625 0.27365
22.375 76.875 -0.088581
22.375 77.125 -0.059053
22.375 77.375 -0.078892
22.375 77.625 0.32557
22.375 77.875 0.9839
22.375 78.125 0.53003
22.375 78.375 0.25478
22.375 78.625 -0.11127
22.375 78.875 0.14692
22.375 79.125 0.41636
22.375 79.375 0.53559
22.375 79.625 0.19166
22.375 79.875 0.34521
22.375 80.125 0.17747
22.375 80.375 0.88363
22.375 80.625 1.3382
22.375 80.875 1.8301
22.375 81.125 2.2367
22.375 81.375 2.5238
22.375 81.625 2.3973
22.375 81.875 2.4341
22.375 82.125 1.9471
22.375 82.375 1.9591
22.375 82.625 2.2465
22.375 82.875 1.967
22.375 83.125 2.0896
22.375 83.375 1.8395
22.375 83.625 1.6229
22.375 83.875 2.6467
22.375 84.125 2.1518
22.375 84.375 2.1085
22.375 84.625 2.5244
22.375 84.875 4.1203
22.375 85.125 3.3878
22.375 85.375 2.9591
22.375 85.625 2.354
22.375 85.875 1.8918
22.375 86.125 1.8348
22.375 86.375 3.0884
22.375 86.625 3.4722
22.375 86.875 3.8945
22.375 87.125 3.9816
22.375 87.375 2.417
22.375 87.625 2.0089
22.375 87.875 2.0431
22.375 88.125 1.3063
22.375 88.375 1.545
22.375 88.625 1.6313
22.375 88.875 1.6623
22.375 92.875 1.4939
22.625 70.375 2.078
22.625 70.625 0.52774
22.625 70.875 0.44196
22.625 71.125 0.63112
22.625 71.375 0.42715
22.625 71.625 0.10132
22.625 71.875 -0.13694
22.625 72.125 -0.24918
22.625 72.375 0.2357
22.625 72.625 0.61559
22.625 72.875 -0.083332
22.625 73.125 -0.50804
22.625 73.375 0.18774
22.625 73.625 -0.2382
22.625 73.875 -0.38784
22.625 74.125 0.10055
22.625 74.375 0.50578
22.625 74.625 1.0694
22.625 74.875 1.0185
22.625 75.125 0.68841
22.625 75.375 1.3356
22.625 75.625 1.3985
22.625 75.875 0.74098
22.625 76.125 0.46522
22.625 76.375 0.37388
22.625 76.625 0.36587
22.625 76.875 0.12677
22.625 77.125 -0.015912
22.625 77.375 -0.15141
22.625 77.625 -0.014932
22.625 77.875 0.96609
22.625 78.125 0.94086
22.625 78.375 0.34852
22.625 78.625 -0.16073
22.625 78.875 -0.055118
22.625 79.125 0.36755
22.625 79.375 0.3987
22.625 79.625 -0.20106
22.625 79.875 0.028344
22.625 80.125 -0.050755
22.625 80.375 0.39276
22.625 80.625 1.5632
22.625 80.875 1.8372
22.625 81.125 2.0846
22.625 81.375 2.4848
22.625 81.625 1.6143
22.625 81.875 1.7854
22.625 82.125 2.0367
22.625 82.375 2.0098
22.625 82.625 1.8247
22.625 82.875 1.7743
22.625 83.125 1.6787
22.625 83.375 1.6596
22.625 83.625 1.4711
22.625 83.875 1.5379
22.625 84.125 1.4339
22.625 84.375 0.97892
22.625 84.625 1.7614
22.625 84.875 3.8595
22.625 85.125 3.4912
22.625 85.375 3.1696
22.625 85.625 2.9269
22.625 85.875 3.496
22.625 86.125 1.6011
22.625 86.375 1.8755
22.625 86.625 2.1904
22.625 86.875 3.3242
22.625 87.125 3.6273
22.625 87.375 2.406
22.625 87.625 2.1824
22.625 87.875 2.3091
22.625 88.125 2.8791
22.625 88.375 1.4163
22.625 88.625 1.7616
22.625 88.875 1.7615
22.625 92.625 -0.08968
22.625 92.875 1.1188
22.875 69.375 NaN
22.875 69.625 NaN
22.875 69.875 NaN
22.875 70.625 0.5882
22.875 70.875 0.44441
22.875 71.125 0.21622
22.875 71.375 -0.29048
22.875 71.625 -0.34686
22.875 71.875 -0.16496
22.875 72.125 0.29701
22.875 72.375 0.091928
22.875 72.625 0.85368
22.875 72.875 -0.38175
22.875 73.125 -0.13038
22.875 73.375 -0.59163
22.875 73.625 -0.067236
22.875 73.875 -0.33981
22.875 74.125 0.075358
22.875 74.375 0.085781
22.875 74.625 0.16469
22.875 74.875 1.0505
22.875 75.125 0.70256
22.875 75.375 1.3996
22.875 75.625 1.2639
22.875 75.875 0.85982
22.875 76.125 1.1308
22.875 76.375 0.50237
22.875 76.625 0.55546
22.875 76.875 0.7033
22.875 77.125 0.74036
22.875 77.375 0.22143
22.875 77.625 0.23225
22.875 77.875 0.95241
22.875 78.125 1.0365
22.875 78.375 0.27029
22.875 78.625 -0.2747
22.875 78.875 0.1419
22.875 79.125 0.53126
22.875 79.375 0.0074079
22.875 79.625 -0.06725
22.875 79.875 0.11022
22.875 80.125 -0.039385
22.875 80.375 0.16685
22.875 80.625 1.5691
22.875 80.875 1.766
22.875 81.125 1.8372
22.875 81.375 2.055
22.875 81.625 0.67009
22.875 81.875 0.44061
22.875 82.125 0.83684
22.875 82.375 1.0235
22.875 82.625 0.93453
22.875 82.875 0.61169
22.875 83.125 1.1198
22.875 83.375 1.4467
22.875 83.625 1.3336
22.875 83.875 1.1288
22.875 84.125 0.5907
22.875 84.375 0.49141
22.875 84.625 1.2558
22.875 84.875 1.3507
22.875 85.125 2.6159
22.875 85.375 2.5123
22.875 85.625 1.7451
22.875 85.875 2.7719
22.875 86.125 1.9781
22.875 86.375 1.2735
22.875 86.625 2.186
22.875 86.875 2.7468
22.875 87.125 2.3684
22.875 87.375 2.0739
22.875 87.625 2.4478
22.875 87.875 2.1593
22.875 88.125 2.3011
22.875 88.375 1.7382
22.875 88.625 1.6382
22.875 92.625 -0.12936
22.875 92.875 0.67723
23.125 68.875 0.82255
23.125 69.125 0.79814
23.125 69.375 1.1607
23.125 69.625 0.79433
23.125 69.875 1.2146
23.125 70.125 1.2272
23.125 70.875 0.4784
23.125 71.125 0.28575
23.125 71.375 -0.21751
23.125 71.625 -0.034866
23.125 71.875 -0.13303
23.125 72.125 1.043
23.125 72.375 0.033577
23.125 72.625 0.46726
23.125 72.875 0.03736
23.125 73.125 0.08065
23.125 73.375 -0.14483
23.125 73.625 0.044489
23.125 73.875 -0.1639
23.125 74.125 -0.055725
23.125 74.375 0.25645
23.125 74.625 0.41053
23.125 74.875 0.97744
23.125 75.125 1.0863
23.125 75.375 1.0659
23.125 75.625 1.0682
23.125 75.875 0.94836
23.125 76.125 1.4617
23.125 76.375 1.6375
23.125 76.625 0.96584
23.125 76.875 0.76601
23.125 77.125 1.0243
23.125 77.375 0.78364
23.125 77.625 0.48471
23.125 77.875 1.3862
23.125 78.125 1.0208
23.125 78.375 0.52511
23.125 78.625 -0.13712
23.125 78.875 0.37137
23.125 79.125 0.22545
23.125 79.375 0.1237
23.125 79.625 -0.26914
23.125 79.875 -0.30306
23.125 80.125 -0.30758
23.125 80.375 -0.16501
23.125 80.625 0.94791
23.125 80.875 1.4026
23.125 81.125 1.0747
23.125 81.375 0.59378
23.125 81.625 0.44213
23.125 81.875 0.045694
23.125 82.125 0.90553
23.125 82.375 1.1286
23.125 82.625 0.83397
23.125 82.875 0.49887
23.125 83.125 0.33825
23.125 83.375 0.77007
23.125 83.625 0.9114
23.125 83.875 0.88391
23.125 84.125 0.59063
23.125 84.375 0.97003
23.125 84.625 1.0833
23.125 84.875 1.4622
23.125 85.125 1.5924
23.125 85.375 2.8893
23.125 85.625 3.0223
23.125 85.875 2.6756
23.125 86.125 2.5603
23.125 86.375 2.1202
23.125 86.625 2.1838
23.125 86.875 2.8582
23.125 87.125 2.3366
23.125 87.375 2.2317
23.125 87.625 2.0463
23.125 87.875 1.6004
23.125 88.125 1.2963
23.125 88.375 1.7086
23.125 88.625 1.6808
23.125 91.625 NaN
23.125 92.625 -0.40229
23.125 92.875 -0.25628
23.125 93.125 NaN
23.375 68.875 0.58913
23.375 69.125 0.72249
23.375 69.375 1.0082
23.375 69.625 1.0014
23.375 69.875 1.0775
23.375 70.125 1.2426
23.375 70.375 1.07
23.375 70.625 0.9461
23.375 70.875 0.67938
23.375 71.125 0.55157
23.375 71.375 0.61819
23.375 71.625 0.60678
23.375 71.875 0.93019
23.375 72.125 0.28649
23.375 72.375 0.43047
23.375 72.625 0.15089
23.375 72.875 0.18797
23.375 73.125 0.18266
23.375 73.375 -0.029837
23.375 73.625 0.053873
23.375 73.875 0.12575
23.375 74.125 0.15308
23.375 74.375 0.64941
23.375 74.625 0.78349
23.375 74.875 1.4805
23.375 75.125 1.5112
23.375 75.375 1.0566
23.375 75.625 1.1461
23.375 75.875 1.2292
23.375 76.125 2.5794
23.375 76.375 2.1328
23.375 76.625 1.8011
23.375 76.875 1.5304
23.375 77.125 1.3034
23.375 77.375 0.57728
23.375 77.625 0.4687
23.375 77.875 1.3363
23.375 78.125 1.3141
23.375 78.375 0.93273
23.375 78.625 0.64072
23.375 78.875 0.46756
23.375 79.125 -0.20847
23.375 79.375 -0.1215
23.375 79.625 -0.14396
23.375 79.875 -0.030327
23.375 80.125 -0.34874
23.375 80.375 -0.72011
23.375 80.625 -0.50572
23.375 80.875 0.21641
23.375 81.125 0.44169
23.375 81.375 0.27088
23.375 81.625 0.41787
23.375 81.875 0.7931
23.375 82.125 0.88563
23.375 82.375 0.95894
23.375 82.625 0.79537
23.375 82.875 0.31038
23.375 83.125 -0.02191
23.375 83.375 0.65305
23.375 83.625 0.50622
23.375 83.875 1.1044
23.375 84.125 -0.20684
23.375 84.375 1.7431
23.375 84.625 1.5156
23.375 84.875 1.224
23.375 85.125 1.6792
23.375 85.375 1.944
23.375 85.625 2.6099
23.375 85.875 3.1342
23.375 86.125 2.0155
23.375 86.375 2.3398
23.375 86.625 3.0207
23.375 86.875 2.7544
23.375 87.125 2.3009
23.375 87.375 1.7822
23.375 87.625 2.2472
23.375 87.875 1.165
23.375 88.125 0.9487
23.375 88.375 1.3299
23.375 88.625 1.341
23.375 91.375 0.073467
23.375 91.625 0.029362
23.375 92.625 -0.37663
23.375 92.875 -0.30533
23.375 93.125 -0.21396
23.625 68.625 0.064336
23.625 68.875 0.22259
23.625 69.125 0.58612
23.625 69.375 0.6749
23.625 69.625 1.038
23.625 69.875 1.2328
23.625 70.125 1.3195
23.625 70.375 1.0649
23.625 70.625 1.0046
23.625 70.875 0.93031
23.625 71.125 1.2343
23.625 71.375 0.90522
23.625 71.625 0.34429
23.625 71.875 0.34548
23.625 72.125 0.97057
23.625 72.375 0.19974
23.625 72.625 0.81895
23.625 72.875 0.74954
23.625 73.125 0.0054229
23.625 73.375 0.13236
23.625 73.625 0.30986
23.625 73.875 0.32018
23.625 74.125 0.93539
23.625 74.375 1.1513
23.625 74.625 1.3596
23.625 74.875 1.5529
23.625 75.125 1.3748
23.625 75.375 1.2431
23.625 75.625 1.4129
23.625 75.875 1.4261
23.625 76.125 2.1924
23.625 76.375 2.4984
23.625 76.625 2.1448
23.625 76.875 1.7409
23.625 77.125 1.796
23.625 77.375 1.0437
23.625 77.625 0.88268
23.625 77.875 1.0608
23.625 78.125 1.1481
23.625 78.375 0.74508
23.625 78.625 0.48034
23.625 78.875 0.53472
23.625 79.125 -0.20076
23.625 79.375 -0.10014
23.625 79.625 0.039728
23.625 79.875 0.20242
23.625 80.125 -0.14714
23.625 80.375 -0.53894
23.625 80.625 -0.44423
23.625 80.875 0.0034228
23.625 81.125 0.30804
23.625 81.375 0.38127
23.625 81.625 0.51345
23.625 81.875 0.80921
23.625 82.125 1.0222
23.625 82.375 0.91862
23.625 82.625 0.64366
23.625 82.875 -0.10911
23.625 83.125 -0.17906
23.625 83.375 -0.23423
23.625 83.625 0.78849
23.625 83.875 2.7664
23.625 84.125 1.2031
23.625 84.375 1.522
23.625 84.625 1.6538
23.625 84.875 1.4552
23.625 85.125 1.1986
23.625 85.375 1.4642
23.625 85.625 1.9414
23.625 85.875 3.9066
23.625 86.125 1.1435
23.625 86.375 2.7908
23.625 86.625 3.1905
23.625 86.875 1.5058
23.625 87.125 1.4524
23.625 87.375 1.6972
23.625 87.625 1.3157
23.625 87.875 1.1661
23.625 88.125 0.72795
23.625 88.375 0.76671
23.625 91.375 -0.31818
23.625 91.625 -0.31749
23.625 91.875 NaN
23.625 92.375 -0.6599
23.625 92.625 -0.53239
23.625 92.875 -0.2681
23.625 93.125 -0.17822
23.875 68.875 0.14809
23.875 69.125 0.26847
23.875 69.375 0.45957
23.875 69.625 1.0195
23.875 69.875 1.3225
23.875 70.125 1.322
23.875 70.375 1.1205
23.875 70.625 1.1963
23.875 70.875 0.88047
23.875 71.125 1.0975
23.875 71.375 0.91559
23.875 71.625 0.37618
23.875 71.875 1.1893
23.875 72.125 2.0066
23.875 72.375 1.0237
23.875 72.625 1.7123
23.875 72.875 1.3421
23.875 73.125 1.4601
23.875 73.375 0.43102
23.875 73.625 1.2468
23.875 73.875 1.701
23.875 74.125 1.4078
23.875 74.375 1.5755
23.875 74.625 1.6054
23.875 74.875 2.3153
23.875 75.125 2.248
23.875 75.375 1.3058
23.875 75.625 2.4945
23.875 75.875 2.1272
23.875 76.125 1.7153
23.875 76.375 1.6775
23.875 76.625 2.3211
23.875 76.875 2.2656
23.875 77.125 2.1662
23.875 77.375 1.6974
23.875 77.625 1.6258
23.875 77.875 1.3365
23.875 78.125 0.85102
23.875 78.375 0.83579
23.875 78.625 1.256
23.875 78.875 1.5445
23.875 79.125 0.92986
23.875 79.375 0.61492
23.875 79.625 0.4799
23.875 79.875 0.26789
23.875 80.125 0.12634
23.875 80.375 -0.4443
23.875 80.625 -0.23811
23.875 80.875 -0.089219
23.875 81.125 0.13123
23.875 81.375 0.45899
23.875 81.625 0.83869
23.875 81.875 1.6138
23.875 82.125 1.0175
23.875 82.375 0.53135
23.875 82.625 0.039236
23.875 82.875 -0.26824
23.875 83.125 -0.34091
23.875 83.375 -0.25198
23.875 83.625 0.87337
23.875 83.875 1.9294
23.875 84.125 1.4605
23.875 84.375 1.4612
23.875 84.625 2.1277
23.875 84.875 1.7354
23.875 85.125 1.4503
23.875 85.375 0.36216
23.875 85.625 1.2912
23.875 85.875 2.406
23.875 86.125 0.85634
23.875 86.375 0.81807
23.875 86.625 1.4791
23.875 86.875 0.98749
23.875 87.125 1.0787
23.875 87.375 0.80261
23.875 87.625 0.16436
23.875 87.875 -0.23249
23.875 88.125 0.19877
23.875 88.375 0.12195
23.875 91.375 -0.54622
23.875 91.625 -0.84213
23.875 91.875 -0.47082
23.875 92.125 -0.18792
23.875 92.375 -0.48319
23.875 92.625 -0.28151
23.875 92.875 -0.13651
23.875 93.125 -0.32112
23.875 93.375 -0.36407
24.125 68.875 0.14186
24.125 69.125 0.12407
24.125 69.375 0.31981
24.125 69.625 0.98122
24.125 69.875 1.2637
24.125 70.125 1.241
24.125 70.375 1.0145
24.125 70.625 0.92802
24.125 70.875 0.86588
24.125 71.125 0.73049
24.125 71.375 0.72956
24.125 71.625 1.4103
24.125 71.875 1.0179
24.125 72.125 1.1557
24.125 72.375 1.4729
24.125 72.625 2.4333
24.125 72.875 2.9296
24.125 73.125 2.517
24.125 73.375 2.4867
24.125 73.625 1.798
24.125 73.875 2.6836
24.125 74.125 3.0491
24.125 74.375 2.4974
24.125 74.625 3.22
24.125 74.875 4.3907
24.125 75.125 4.1111
24.125 75.375 3.6297
24.125 75.625 2.82
24.125 75.875 2.1408
24.125 76.125 2.9977
24.125 76.375 1.8558
24.125 76.625 1.5213
24.125 76.875 2.0697
24.125 77.125 2.111
24.125 77.375 1.9733
24.125 77.625 2.4125
24.125 77.875 2.0335
24.125 78.125 1.4652
24.125 78.375 1.5444
24.125 78.625 1.8273
24.125 78.875 1.8145
24.125 79.125 1.6586
24.125 79.375 0.99849
24.125 79.625 0.69674
24.125 79.875 0.53122
24.125 80.125 0.32481
24.125 80.375 -0.70941
24.125 80.625 -0.22377
24.125 80.875 0.53606
24.125 81.125 0.43389
24.125 81.375 0.63577
24.125 81.625 1.2082
24.125 81.875 1.615
24.125 82.125 1.5809
24.125 82.375 0.2147
24.125 82.625 -0.043448
24.125 82.875 -0.18471
24.125 83.125 -0.29286
24.125 83.375 -0.19621
24.125 83.625 -0.45945
24.125 83.875 0.51506
24.125 84.125 0.31532
24.125 84.375 0.73209
24.125 84.625 1.3448
24.125 84.875 2.0856
24.125 85.125 1.6413
24.125 85.375 1.1723
24.125 85.625 2.1849
24.125 85.875 0.9816
24.125 86.125 0.42607
24.125 86.375 0.47751
24.125 86.625 0.80765
24.125 86.875 0.5673
24.125 87.125 0.75635
24.125 87.375 0.065338
24.125 87.625 -0.16614
24.125 87.875 -0.67088
24.125 88.125 -0.15901
24.125 88.375 -0.015337
24.125 91.875 -0.79662
24.125 92.125 -0.49341
24.125 92.375 -0.48167
24.125 92.625 -0.11375
24.125 92.875 0.0095575
24.125 93.125 -0.40349
24.125 93.375 -0.74467
24.125 93.625 -0.79333
24.125 93.875 -0.77649
24.125 94.125 NaN
24.375 71.375 0.83404
24.375 71.625 1.1402
24.375 71.875 1.1087
24.375 72.125 0.88522
24.375 72.375 -0.032835
24.375 72.625 1.0262
24.375 72.875 2.4924
24.375 73.125 3.3968
24.375 73.375 3.0931
24.375 73.625 3.266
24.375 73.875 3.6538
24.375 74.125 3.2367
24.375 74.375 3.1753
24.375 74.625 3.9066
24.375 74.875 4.5409
24.375 75.125 4.6834
24.375 75.375 3.5318
24.375 75.625 2.6505
24.375 75.875 0.56151
24.375 76.125 2.3458
24.375 76.375 2.5152
24.375 76.625 3.017
24.375 76.875 2.3681
24.375 77.125 2.027
24.375 77.375 2.0393
24.375 77.625 2.3674
24.375 77.875 2.1593
24.375 78.125 2.3218
24.375 78.375 2.1295
24.375 78.625 1.958
24.375 78.875 1.8126
24.375 79.125 1.4066
24.375 79.375 1.6003
24.375 79.625 1.745
24.375 79.875 1.2571
24.375 80.125 1.1365
24.375 80.375 0.8385
24.375 80.625 0.34193
24.375 80.875 0.71302
24.375 81.125 0.75346
24.375 81.375 0.84757
24.375 81.625 1.8475
24.375 81.875 1.8286
24.375 82.125 1.1043
24.375 82.375 0.20284
24.375 82.625 0.42964
24.375 82.875 0.26093
24.375 83.125 0.034487
24.375 83.375 0.10637
24.375 83.625 0.4405
24.375 83.875 1.7315
24.375 84.125 1.3665
24.375 84.375 0.98362
24.375 84.625 1.4149
24.375 84.875 2.0743
24.375 85.125 1.7525
24.375 85.375 1.8457
24.375 85.625 1.707
24.375 85.875 -0.012469
24.375 86.125 0.30308
24.375 86.375 0.57078
24.375 86.625 0.76903
24.375 86.875 -0.03478
24.375 87.125 -0.53428
24.375 87.375 -1.0418
24.375 87.625 0.009394
24.375 87.875 -0.36497
24.375 88.125 -0.52513
24.375 92.375 -0.43629
24.375 92.625 -0.31257
24.375 92.875 0.01133
24.375 93.125 -0.57448
24.375 93.375 -0.96193
24.375 93.625 -0.92056
24.375 93.875 -0.98559
24.375 94.125 -0.70002
24.625 71.125 0.65739
24.625 71.375 1.1478
24.625 71.625 1.3571
24.625 71.875 1.8735
24.625 72.125 1.9689
24.625 72.375 1.0279
24.625 72.625 0.65505
24.625 72.875 1.0048
24.625 73.125 2.5775
24.625 73.375 2.8454
24.625 73.625 3.5295
24.625 73.875 3.4902
24.625 74.125 3.1209
24.625 74.375 3.0759
24.625 74.625 3.7708
24.625 74.875 4.2158
24.625 75.125 4.0389
24.625 75.375 3.7324
24.625 75.625 3.3649
24.625 75.875 1.1787
24.625 76.125 2.4241
24.625 76.375 2.835
24.625 76.625 3.5652
24.625 76.875 3.0497
24.625 77.125 3.1078
24.625 77.375 2.8238
24.625 77.625 2.8491
24.625 77.875 2.8312
24.625 78.125 2.1917
24.625 78.375 2.2217
24.625 78.625 1.9332
24.625 78.875 2.0564
24.625 79.125 2.0688
24.625 79.375 2.1971
24.625 79.625 2.4339
24.625 79.875 1.4023
24.625 80.125 1.032
24.625 80.375 1.004
24.625 80.625 2.7799
24.625 80.875 2.1933
24.625 81.125 0.91692
24.625 81.375 1.3114
24.625 81.625 2.9837
24.625 81.875 2.515
24.625 82.125 0.87375
24.625 82.375 0.23614
24.625 82.625 0.33888
24.625 82.875 0.55359
24.625 83.125 0.24883
24.625 83.375 0.19909
24.625 83.625 0.68258
24.625 83.875 1.1837
24.625 84.125 1.6926
24.625 84.375 1.6438
24.625 84.625 1.8974
24.625 84.875 2.0989
24.625 85.125 1.4164
24.625 85.375 0.90665
24.625 85.625 1.0902
24.625 85.875 -0.035724
24.625 86.125 0.048675
24.625 86.375 0.1725
24.625 86.625 0.1664
24.625 86.875 0.25313
24.625 87.125 -0.13007
24.625 87.375 -0.35432
24.625 87.625 -0.36289
24.625 87.875 -0.22047
24.625 92.375 -0.59307
24.625 92.625 -0.60945
24.625 92.875 -0.41175
24.625 93.125 -0.65763
24.625 93.375 -0.9011
24.625 93.625 -1.1407
24.625 93.875 -1.2307
24.625 94.125 -0.7286
24.625 94.375 NaN
24.875 71.125 0.62394
24.875 71.375 0.083562
24.875 71.625 0.53783
24.875 71.875 0.33111
24.875 72.125 0.33898
24.875 72.375 1.1133
24.875 72.625 0.65635
24.875 72.875 0.30255
24.875 73.125 0.66983
24.875 73.375 1.7031
24.875 73.625 2.5378
24.875 73.875 1.8755
24.875 74.125 1.9539
24.875 74.375 2.1157
24.875 74.625 3.377
24.875 74.875 3.6546
24.875 75.125 3.238
24.875 75.375 3.3414
24.875 75.625 3.167
24.875 75.875 3.6745
24.875 76.125 3.8865
24.875 76.375 3.9045
24.875 76.625 4.2768
24.875 76.875 4.5639
24.875 77.125 3.8284
24.875 77.375 3.5033
24.875 77.625 3.2252
24.875 77.875 2.7993
24.875 78.125 2.7572
24.875 78.375 3.2286
24.875 78.625 2.7689
24.875 78.875 2.0282
24.875 79.125 2.319
24.875 79.375 2.5835
24.875 79.625 2.1878
24.875 79.875 2.1038
24.875 80.125 0.62457
24.875 80.375 2.1265
24.875 80.625 4.0596
24.875 80.875 3.4829
24.875 81.125 0.69766
24.875 81.375 0.68436
24.875 81.625 0.88699
24.875 81.875 0.92803
24.875 82.125 0.34429
24.875 82.375 0.14148
24.875 82.625 0.25142
24.875 82.875 0.91097
24.875 83.125 0.61567
24.875 83.375 0.24118
24.875 83.625 0.53355
24.875 83.875 0.9075
24.875 84.125 1.2539
24.875 84.375 0.70141
24.875 84.625 0.71282
24.875 84.875 1.2986
24.875 85.125 1.1289
24.875 85.375 1.0459
24.875 85.625 0.93218
24.875 85.875 0.59547
24.875 86.125 0.29454
24.875 86.375 0.088708
24.875 86.625 0.26319
24.875 86.875 0.69369
24.875 87.125 0.50165
24.875 87.375 0.24782
24.875 87.625 -0.010837
24.875 87.875 -0.206
24.875 88.125 -0.18513
24.875 92.625 -0.89068
24.875 92.875 -0.40271
24.875 93.125 -0.5669
24.875 93.375 -1.0306
24.875 93.625 -1.1355
24.875 93.875 -1.198
24.875 94.125 -1.0965
24.875 94.375 -1.0213
25.125 71.125 0.75088
25.125 71.375 0.073348
25.125 71.625 0.073917
25.125 71.875 0.38989
25.125 72.125 0.38427
25.125 72.375 -0.039867
25.125 72.625 -0.033761
25.125 72.875 0.5364
25.125 73.125 0.47394
25.125 73.375 0.47638
25.125 73.625 1.5473
25.125 73.875 1.311
25.125 74.125 1.7576
25.125 74.375 1.6196
25.125 74.625 1.5239
25.125 74.875 1.4841
25.125 75.125 2.3711
25.125 75.375 3.2687
25.125 75.625 3.7131
25.125 75.875 2.3572
25.125 76.125 3.2564
25.125 76.375 4.0382
25.125 76.625 4.6461
25.125 76.875 4.5305
25.125 77.125 4.4433
25.125 77.375 3.9701
25.125 77.625 3.597
25.125 77.875 3.098
25.125 78.125 3.6341
25.125 78.375 3.8439
25.125 78.625 2.6531
25.125 78.875 2.2448
25.125 79.125 1.6677
25.125 79.375 0.40095
25.125 79.625 0.94662
25.125 79.875 1.9972
25.125 80.125 0.76709
25.125 80.375 2.0286
25.125 80.625 4.5107
25.125 80.875 3.4612
25.125 81.125 0.88995
25.125 81.375 1.7712
25.125 81.625 1.7376
25.125 81.875 0.71071
25.125 82.125 0.45634
25.125 82.375 0.45408
25.125 82.625 1.421
25.125 82.875 -0.16869
25.125 83.125 0.097819
25.125 83.375 0.46689
25.125 83.625 0.67127
25.125 83.875 0.11679
25.125 84.125 0.19544
25.125 84.375 0.65101
25.125 84.625 1.2
25.125 84.875 1.5986
25.125 85.125 1.4194
25.125 85.375 1.2163
25.125 85.625 0.84816
25.125 85.875 0.56658
25.125 86.125 1.5127
25.125 86.375 0.6425
25.125 86.625 0.54507
25.125 86.875 0.44296
25.125 87.125 0.28758
25.125 87.375 0.37571
25.125 87.625 0.14535
25.125 87.875 -0.37009
25.125 88.125 -0.59098
25.125 88.375 -1.1486
25.125 92.375 -1.1342
25.125 92.625 -1.2319
25.125 92.875 -0.72013
25.125 93.125 -0.60736
25.125 93.375 -0.95787
25.125 93.625 -1.1224
25.125 93.875 -1.3265
25.125 94.125 -1.2306
25.125 94.375 -1.267
25.375 70.875 2.2107
25.375 71.125 1.9399
25.375 71.375 1.8888
25.375 71.625 1.6727
25.375 71.875 1.0378
25.375 72.125 0.69871
25.375 72.375 0.10188
25.375 72.625 0.084232
25.375 72.875 0.39797
25.375 73.125 0.53902
25.375 73.375 1.0084
25.375 73.625 1.2868
25.375 73.875 1.2464
25.375 74.125 1.5162
25.375 74.375 1.4786
25.375 74.625 1.2438
25.375 74.875 1.4608
25.375 75.125 2.5103
25.375 75.375 3.9618
25.375 75.625 3.6122
25.375 75.875 3.5341
25.375 76.125 3.9353
25.375 76.375 3.8106
25.375 76.625 4.8881
25.375 76.875 4.5693
25.375 77.125 4.4216
25.375 77.375 3.8695
25.375 77.625 3.4936
25.375 77.875 3.1608
25.375 78.125 3.2687
25.375 78.375 3.3686
25.375 78.625 1.9211
25.375 78.875 0.9726
25.375 79.125 1.0739
25.375 79.375 1.1598
25.375 79.625 1.6113
25.375 79.875 3.3439
25.375 80.125 3.009
25.375 80.375 2.0502
25.375 80.625 3.0604
25.375 80.875 1.0384
25.375 81.125 1.4779
25.375 81.375 2.1628
25.375 81.625 1.6636
25.375 81.875 0.40131
25.375 82.125 -0.50043
25.375 82.375 -0.5252
25.375 82.625 -0.43455
25.375 82.875 0.7371
25.375 83.125 -0.44861
25.375 83.375 0.98032
25.375 83.625 1.0581
25.375 83.875 0.71313
25.375 84.125 0.34565
25.375 84.375 0.58101
25.375 84.625 1.67
25.375 84.875 1.546
25.375 85.125 1.466
25.375 85.375 1.4323
25.375 85.625 1.4944
25.375 85.875 1.5144
25.375 86.125 1.2391
25.375 86.375 1.3995
25.375 86.625 0.87385
25.375 86.875 0.28807
25.375 87.125 0.80706
25.375 87.375 0.46549
25.375 87.625 0.35772
25.375 87.875 -0.09107
25.375 88.125 -0.49312
25.375 88.375 -1.1802
25.375 88.625 -1.5204
25.375 90.125 0.48205
25.375 90.375 0.47062
25.375 90.625 0.62599
25.375 90.875 0.48058
25.375 91.125 0.40341
25.375 91.375 0.32243
25.375 91.625 -0.15886
25.375 91.875 -0.11121
25.375 92.125 -0.47952
25.375 92.375 -0.98836
25.375 92.625 -0.99015
25.375 92.875 -0.8841
25.375 93.125 -0.76003
25.375 93.375 -0.97452
25.375 93.625 -0.90108
25.375 93.875 -1.6096
25.375 94.125 -1.4259
25.375 94.375 -1.4086
25.625 70.875 2.0539
25.625 71.125 1.876
25.625 71.375 1.8598
25.625 71.625 1.6986
25.625 71.875 1.1703
25.625 72.125 0.85015
25.625 72.375 0.71424
25.625 72.625 0.26608
25.625 72.875 0.10835
25.625 73.125 0.3391
25.625 73.375 1.6044
25.625 73.625 1.7385
25.625 73.875 1.6093
25.625 74.125 1.5819
25.625 74.375 1.9619
25.625 74.625 1.232
25.625 74.875 0.92745
25.625 75.125 0.15471
25.625 75.375 2.1699
25.625 75.625 2.9707
25.625 75.875 3.1993
25.625 76.125 3.2615
25.625 76.375 2.7479
25.625 76.625 3.12
25.625 76.875 2.7211
25.625 77.125 2.3122
25.625 77.375 2.5952
25.625 77.625 2.9624
25.625 77.875 2.8755
25.625 78.125 2.7754
25.625 78.375 1.0412
25.625 78.625 0.47042
25.625 78.875 0.44346
25.625 79.125 1.3727
25.625 79.375 1.7857
25.625 79.625 2.9783
25.625 79.875 3.1234
25.625 80.125 2.6716
25.625 80.375 2.0508
25.625 80.625 1.4432
25.625 80.875 0.97602
25.625 81.125 4.3141
25.625 81.375 2.8886
25.625 81.625 1.9502
25.625 81.875 1.1724
25.625 82.125 -0.38988
25.625 82.375 -0.08114
25.625 82.625 0.092436
25.625 82.875 0.10253
25.625 83.125 -0.080346
25.625 83.375 1.2991
25.625 83.625 1.4778
25.625 83.875 1.9468
25.625 84.125 0.90848
25.625 84.375 0.7771
25.625 84.625 1.6612
25.625 84.875 2.492
25.625 85.125 1.2008
25.625 85.375 1.5039
25.625 85.625 1.2071
25.625 85.875 1.7305
25.625 86.125 1.3014
25.625 86.375 1.2634
25.625 86.625 0.14835
25.625 86.875 0.43558
25.625 87.125 0.51472
25.625 87.375 0.42707
25.625 87.625 0.22509
25.625 87.875 0.37649
25.625 88.125 -0.74632
25.625 90.125 0.58971
25.625 90.375 0.40496
25.625 90.625 0.12811
25.625 90.875 0.38233
25.625 91.125 -0.30226
25.625 91.375 -0.064677
25.625 91.625 -0.00026554
25.625 91.875 -0.26057
25.625 92.125 -0.50906
25.625 92.375 -0.66051
25.625 92.625 -1.4155
25.625 92.875 -0.68977
25.625 93.125 -0.88984
25.625 93.375 -1.2418
25.625 93.625 -1.1558
25.625 93.875 -1.8649
25.625 94.125 -1.6732
25.625 94.375 -1.74
25.625 94.625 NaN
25.625 94.875 NaN
25.875 70.375 2.1185
25.875 70.625 2.0812
25.875 70.875 1.8045
25.875 71.125 1.8019
25.875 71.375 1.7124
25.875 71.625 1.6437
25.875 71.875 0.96696
25.875 72.125 0.94829
25.875 72.375 0.91709
25.875 72.625 0.59343
25.875 72.875 0.067469
25.875 73.125 0.53515
25.875 73.375 1.418
25.875 73.625 1.4998
25.875 73.875 1.318
25.875 74.125 0.46343
25.875 74.375 1.9501
25.875 74.625 2.4324
25.875 74.875 1.5441
25.875 75.125 0.58298
25.875 75.375 0.75017
25.875 75.625 2.087
25.875 75.875 3.0395
25.875 76.125 2.3032
25.875 76.375 2.2347
25.875 76.625 1.7201
25.875 76.875 1.7951
25.875 77.125 1.9319
25.875 77.375 1.5959
25.875 77.625 1.7254
25.875 77.875 2.337
25.875 78.125 2.5923
25.875 78.375 1.7224
25.875 78.625 1.4308
25.875 78.875 0.71107
25.875 79.125 1.4046
25.875 79.375 0.73339
25.875 79.625 0.87434
25.875 79.875 1.6731
25.875 80.125 1.5766
25.875 80.375 1.9892
25.875 80.625 1.7496
25.875 80.875 1.3761
25.875 81.125 -0.014086
25.875 81.375 0.07344
25.875 81.625 1.9367
25.875 81.875 1.7802
25.875 82.125 -0.085547
25.875 82.375 0.59786
25.875 82.625 0.60929
25.875 82.875 2.2774
25.875 83.125 0.84379
25.875 83.375 2.4379
25.875 83.625 1.7157
25.875 83.875 1.4907
25.875 84.125 1.4893
25.875 84.375 0.74164
25.875 84.625 1.1608
25.875 84.875 2.2635
25.875 85.125 2.5721
25.875 85.375 2.1342
25.875 85.625 1.8967
25.875 85.875 1.7552
25.875 86.125 1.4254
25.875 86.375 1.2675
25.875 86.625 0.85903
25.875 86.875 0.4966
25.875 87.125 0.29041
25.875 87.375 0.18036
25.875 87.625 -0.054279
25.875 87.875 0.033831
25.875 90.125 -0.40278
25.875 90.375 -0.47818
25.875 90.625 -0.32431
25.875 90.875 -0.88554
25.875 91.125 -0.96516
25.875 91.375 -0.81388
25.875 91.625 -0.38145
25.875 91.875 -0.66299
25.875 92.125 -0.69355
25.875 92.375 -0.094151
25.875 92.625 -0.30585
25.875 92.875 -0.62745
25.875 93.125 -1.396
25.875 93.375 -1.6699
25.875 93.625 -1.6221
25.875 93.875 -2.2492
25.875 94.125 -2.2085
25.875 94.375 -1.7228
25.875 94.625 -1.6458
25.875 94.875 -1.5274
26.125 70.375 2.2599
26.125 70.625 2.6912
26.125 70.875 2.4745
26.125 71.125 1.8771
26.125 71.375 2.125
26.125 71.625 1.6596
26.125 71.875 2.2537
26.125 72.125 2.4459
26.125 72.375 2.168
26.125 72.625 1.4576
26.125 72.875 1.4154
26.125 73.125 1.5901
26.125 73.375 1.6001
26.125 73.625 1.9708
26.125 73.875 1.6147
26.125 74.125 1.0363
26.125 74.375 1.3498
26.125 74.625 1.3954
26.125 74.875 1.9069
26.125 75.125 2.103
26.125 75.375 1.5959
26.125 75.625 1.66
26.125 75.875 1.8985
26.125 76.125 1.8571
26.125 76.375 1.4762
26.125 76.625 1.2929
26.125 76.875 1.6786
26.125 77.125 1.301
26.125 77.375 0.95665
26.125 77.625 0.97672
26.125 77.875 1.3737
26.125 78.125 1.5636
26.125 78.375 1.4053
26.125 78.625 1.5987
26.125 78.875 0.94765
26.125 79.125 0.73675
26.125 79.375 0.72446
26.125 79.625 -0.25572
26.125 79.875 0.56943
26.125 80.125 1.8015
26.125 80.375 1.5485
26.125 80.625 1.3665
26.125 80.875 1.8003
26.125 81.125 1.2169
26.125 81.375 -0.14115
26.125 81.625 1.3177
26.125 81.875 1.0614
26.125 82.125 0.37187
26.125 82.375 -0.04915
26.125 82.625 1.0043
26.125 82.875 1.8787
26.125 83.125 1.0322
26.125 83.375 2.3121
26.125 83.625 2.5126
26.125 83.875 1.6779
26.125 84.125 1.612
26.125 84.375 1.4804
26.125 84.625 2.0425
26.125 84.875 1.7336
26.125 85.125 2.3449
26.125 85.375 1.0136
26.125 85.625 1.5615
26.125 85.875 1.8318
26.125 86.125 1.8458
26.125 86.375 1.3802
26.125 86.625 1.61
26.125 86.875 1.6312
26.125 87.125 0.47163
26.125 87.375 0.85146
26.125 87.625 0.58433
26.125 87.875 0.5641
26.125 88.125 0.075611
26.125 89.375 -0.10835
26.125 89.875 -0.94073
26.125 90.125 -0.53041
26.125 90.375 -0.33292
26.125 90.625 0.086185
26.125 90.875 -0.45021
26.125 91.125 -1.0599
26.125 91.375 -0.93746
26.125 91.625 -1.0566
26.125 91.875 -0.80046
26.125 92.125 -0.39256
26.125 92.375 0.0064055
26.125 92.625 0.0040919
26.125 92.875 -0.90413
26.125 93.125 -1.6025
26.125 93.375 -1.4641
26.125 93.625 -1.3835
26.125 93.875 -1.9102
26.125 94.125 -1.9149
26.125 94.375 -1.5223
26.125 94.625 -1.4318
26.125 94.875 -1.5956
26.375 70.375 3.1748
26.375 70.625 3.4475
26.375 70.875 3.2916
26.375 71.125 3.2462
26.375 71.375 3.1566
26.375 71.625 3.6376
26.375 71.875 3.4474
26.375 72.125 2.7149
26.375 72.375 2.3358
26.375 72.625 1.625
26.375 72.875 1.6037
26.375 73.125 2.8565
26.375 73.375 3.0166
26.375 73.625 3.6013
26.375 73.875 3.7361
26.375 74.125 1.3303
26.375 74.375 0.9693
26.375 74.625 1.0539
26.375 74.875 0.93232
26.375 75.125 2.0999
26.375 75.375 1.7401
26.375 75.625 1.1817
26.375 75.875 1.1981
26.375 76.125 0.69185
26.375 76.375 1.0528
26.375 76.625 1.1655
26.375 76.875 1.4598
26.375 77.125 1.0272
26.375 77.375 1.1994
26.375 77.625 0.54112
26.375 77.875 1.3638
26.375 78.125 1.1378
26.375 78.375 0.77466
26.375 78.625 0.73028
26.375 78.875 0.83353
26.375 79.125 0.85068
26.375 79.375 -0.46584
26.375 79.625 -0.5127
26.375 79.875 1.3394
26.375 80.125 1.7291
26.375 80.375 0.37493
26.375 80.625 -0.33043
26.375 80.875 0.84518
26.375 81.125 1.0462
26.375 81.375 -0.012831
26.375 81.625 -0.10538
26.375 81.875 0.83539
26.375 82.125 0.53293
26.375 82.375 0.66987
26.375 82.625 1.0541
26.375 82.875 1.3239
26.375 83.125 1.3796
26.375 83.375 1.7812
26.375 83.625 2.0551
26.375 83.875 2.0736
26.375 84.125 2.1486
26.375 84.375 2.1428
26.375 84.625 1.7077
26.375 84.875 0.15951
26.375 85.125 1.6079
26.375 85.375 1.0558
26.375 85.625 1.9707
26.375 85.875 1.8479
26.375 86.125 1.0839
26.375 86.375 1.2173
26.375 86.625 1.1287
26.375 86.875 1.3181
26.375 87.125 0.44742
26.375 87.625 0.14914
26.375 87.875 0.59525
26.375 88.125 -0.086472
26.375 88.375 -0.12915
26.375 88.875 -0.11715
26.375 89.375 -0.25074
26.375 89.625 -0.45594
26.375 89.875 -0.77936
26.375 90.125 -0.32682
26.375 90.375 0.065022
26.375 90.625 -0.24248
26.375 90.875 0.090805
26.375 91.125 -0.75904
26.375 91.375 -1.2244
26.375 91.625 -1.0125
26.375 91.875 -0.97619
26.375 92.125 -1.2289
26.375 92.375 -0.81178
26.375 92.625 -0.54937
26.375 92.875 -1.0649
26.375 93.125 -0.99571
26.375 93.375 -0.7685
26.375 93.625 -1.0316
26.375 93.875 -1.3849
26.375 94.125 -1.8326
26.375 94.375 -1.2404
26.375 94.625 -1.3246
26.375 94.875 -1.4152
26.625 69.875 2.5762
26.625 70.125 2.5142
26.625 70.375 2.2991
26.625 70.625 3.2906
26.625 70.875 3.7063
26.625 71.125 3.6545
26.625 71.375 3.9911
26.625 71.625 4.1219
26.625 71.875 3.8296
26.625 72.125 3.3159
26.625 72.375 2.317
26.625 72.625 1.5281
26.625 72.875 1.7723
26.625 73.125 2.7514
26.625 73.375 2.9925
26.625 73.625 3.789
26.625 73.875 3.8049
26.625 74.125 2.3992
26.625 74.375 2.5356
26.625 74.625 2.1455
26.625 74.875 3.0669
26.625 75.125 2.481
26.625 75.375 2.0858
26.625 75.625 1.6456
26.625 75.875 1.2947
26.625 76.125 2.3848
26.625 76.375 0.2203
26.625 76.625 1.7142
26.625 76.875 1.1596
26.625 77.125 1.4371
26.625 77.375 1.4275
26.625 77.625 0.89059
26.625 77.875 1.5145
26.625 78.125 0.75925
26.625 78.375 0.050388
26.625 78.625 -0.12395
26.625 78.875 0.35149
26.625 79.125 -0.37375
26.625 79.375 -0.41235
26.625 79.625 -0.044655
26.625 79.875 0.46421
26.625 80.125 0.59385
26.625 80.375 0.63573
26.625 80.625 0.024138
26.625 80.875 0.85636
26.625 81.125 1.3216
26.625 81.375 0.75911
26.625 81.625 1.1997
26.625 81.875 2.6827
26.625 82.125 1.5351
26.625 82.375 0.91266
26.625 82.625 1.0226
26.625 82.875 1.5202
26.625 83.125 1.5497
26.625 83.375 0.69373
26.625 83.625 0.70405
26.625 83.875 0.57218
26.625 84.125 2.6396
26.625 84.375 2.1032
26.625 84.625 1.6649
26.625 84.875 0.34279
26.625 85.125 0.47988
26.625 85.375 0.6365
26.625 85.625 1.5739
26.625 86.125 1.1496
26.625 88.375 0.14328
26.625 88.625 0.26023
26.625 88.875 -0.38209
26.625 89.125 -0.43108
26.625 89.375 -0.39181
26.625 89.625 -0.48098
26.625 89.875 -0.69893
26.625 90.125 -0.37604
26.625 90.375 0.31567
26.625 90.625 0.25402
26.625 90.875 -0.41479
26.625 91.125 -1.019
26.625 91.375 -0.91543
26.625 91.625 -0.69742
26.625 91.875 -0.86649
26.625 92.125 -0.9484
26.625 92.375 -0.70609
26.625 92.625 -0.2293
26.625 92.875 -0.46411
26.625 93.125 -0.76408
26.625 93.375 -1.0141
26.625 93.625 -1.5334
26.625 93.875 -1.6339
26.625 94.125 -1.049
26.625 94.375 -0.94666
26.625 94.625 -1.0031
26.625 94.875 -1.3159
26.625 95.125 -1.2802
26.875 69.625 2.4472
26.875 69.875 2.5071
26.875 70.125 2.5356
26.875 70.375 2.6494
26.875 70.625 3.4289
26.875 70.875 3.6103
26.875 71.125 3.8016
26.875 71.375 4.2599
26.875 71.625 4.3467
26.875 71.875 3.9003
26.875 72.125 2.1041
26.875 72.375 2.0542
26.875 72.625 1.7996
26.875 72.875 1.7883
26.875 73.125 1.4284
26.875 73.375 1.436
26.875 73.625 1.8166
26.875 73.875 2.3963
26.875 74.125 2.4348
26.875 74.375 4.1642
26.875 74.625 3.6756
26.875 74.875 2.8694
26.875 75.125 2.7968
26.875 75.375 2.3831
26.875 75.625 1.1447
26.875 75.875 2.4122
26.875 76.125 2.8336
26.875 76.375 0.39462
26.875 76.625 2.1355
26.875 76.875 0.71676
26.875 77.125 0.82232
26.875 77.375 0.34631
26.875 77.625 0.45031
26.875 77.875 0.54935
26.875 78.125 0.45807
26.875 78.375 0.49542
26.875 78.625 -0.30331
26.875 78.875 0.045171
26.875 79.125 0.07502
26.875 79.375 0.021728
26.875 79.625 0.62053
26.875 79.875 0.2596
26.875 80.125 0.34568
26.875 80.375 0.80624
26.875 80.625 0.42056
26.875 80.875 1.7373
26.875 81.125 1.9763
26.875 81.375 1.4524
26.875 81.625 0.74079
26.875 81.875 0.99954
26.875 82.125 2.6711
26.875 82.375 1.4364
26.875 82.625 1.6103
26.875 82.875 0.41389
26.875 83.125 1.0926
26.875 83.375 0.97672
26.875 83.625 0.4577
26.875 83.875 -0.040128
26.875 84.125 2.6411
26.875 84.375 2.0127
26.875 84.625 1.673
26.875 84.875 0.5217
26.875 88.375 0.66437
26.875 88.625 0.14594
26.875 88.875 -0.31694
26.875 92.375 -0.27873
26.875 92.625 -0.12346
26.875 92.875 -0.41133
26.875 93.125 -0.21618
26.875 93.375 -1.1651
26.875 93.625 -1.3278
26.875 93.875 -1.7616
26.875 94.125 -1.4244
26.875 94.375 -0.83726
26.875 94.625 -1.3431
26.875 94.875 -1.7275
26.875 95.125 -1.4505
26.875 95.375 -1.52
26.875 95.625 -1.1733
27.125 69.875 2.48
27.125 70.125 2.4944
27.125 70.375 2.3158
27.125 70.625 3.0622
27.125 70.875 3.4539
27.125 71.125 3.9557
27.125 71.375 4.3067
27.125 71.625 3.5
27.125 71.875 2.8295
27.125 72.125 2.124
27.125 72.375 2.2651
27.125 72.625 2.1427
27.125 72.875 2.121
27.125 73.125 1.7818
27.125 73.375 1.2669
27.125 73.625 1.1682
27.125 73.875 1.8266
27.125 74.125 2.1247
27.125 74.375 3.2988
27.125 74.625 3.9145
27.125 74.875 1.8055
27.125 75.125 2.3189
27.125 75.375 3.046
27.125 75.625 2.7699
27.125 75.875 2.6906
27.125 76.125 0.773
27.125 76.375 0.56896
27.125 76.625 0.32085
27.125 76.875 -0.10036
27.125 77.125 0.58979
27.125 77.375 0.39495
27.125 77.625 0.50943
27.125 77.875 0.82289
27.125 78.125 1.3103
27.125 78.375 1.3448
27.125 78.625 0.71313
27.125 78.875 0.25959
27.125 79.125 0.36111
27.125 79.375 0.35076
27.125 79.625 0.11004
27.125 79.875 0.35131
27.125 80.125 0.4715
27.125 80.375 1.5137
27.125 80.625 0.93281
27.125 80.875 0.91779
27.125 81.125 1.9843
27.125 81.375 1.7816
27.125 81.625 1.0608
27.125 81.875 1.7904
27.125 82.125 2.3043
27.125 82.375 0.87093
27.125 82.625 1.0312
27.125 82.875 0.52192
27.125 83.125 1.2789
27.125 83.375 1.2283
27.125 83.625 1.2775
27.125 83.875 1.9943
27.125 84.125 2.2931
27.125 84.375 2.2865
27.125 84.625 1.7052
27.125 88.125 2.0497
27.125 88.375 1.9976
27.125 88.625 0.75772
27.125 92.125 -0.49222
27.125 92.375 -0.24003
27.125 92.625 -0.2149
27.125 92.875 -0.44814
27.125 93.125 -0.69579
27.125 93.375 -0.90985
27.125 93.625 -1.1581
27.125 93.875 -0.76032
27.125 94.125 -1.1682
27.125 94.375 -0.83398
27.125 94.625 -1.5156
27.125 94.875 -1.9235
27.125 95.125 -1.571
27.125 95.375 -1.4602
27.125 95.625 -1.2212
27.125 95.875 -1.1873
27.375 70.125 2.4745
27.375 70.375 2.3867
27.375 70.625 2.7259
27.375 70.875 3.2735
27.375 71.125 3.9184
27.375 71.375 3.5344
27.375 71.625 2.8656
27.375 71.875 2.783
27.375 72.125 2.5688
27.375 72.375 2.4008
27.375 72.625 2.6536
27.375 72.875 2.7705
27.375 73.125 2.6237
27.375 73.375 2.2024
27.375 73.625 1.7442
27.375 73.875 2.0128
27.375 74.125 2.5125
27.375 74.375 2.6209
27.375 74.625 2.5063
27.375 74.875 2.3263
27.375 75.125 2.8641
27.375 75.375 3.221
27.375 75.625 2.9935
27.375 75.875 3.0345
27.375 76.125 1.7791
27.375 76.375 3.1127
27.375 76.625 0.96812
27.375 76.875 2.2398
27.375 77.125 2.168
27.375 77.375 1.0177
27.375 77.625 0.5665
27.375 77.875 1.0006
27.375 78.125 2.254
27.375 78.375 3.1297
27.375 78.625 1.5033
27.375 78.875 1.0613
27.375 79.125 0.49213
27.375 79.375 0.29226
27.375 79.625 0.0019088
27.375 79.875 0.59803
27.375 80.125 0.35149
27.375 80.375 0.7474
27.375 80.625 -0.15534
27.375 80.875 0.20164
27.375 81.125 1.248
27.375 81.375 1.297
27.375 81.625 1.1886
27.375 81.875 1.1422
27.375 82.125 1.4654
27.375 82.375 1.405
27.375 82.625 0.94932
27.375 82.875 0.86327
27.375 83.125 1.1421
27.375 83.625 1.4177
27.375 84.125 2.2963
27.375 84.375 2.2307
27.375 88.125 1.8654
27.375 88.375 1.7632
27.375 88.625 1.3215
27.375 92.125 -0.55638
27.375 92.375 -0.33138
27.375 92.625 -0.32698
27.375 92.875 -0.65594
27.375 93.125 -0.86728
27.375 93.375 -1.1358
27.375 93.625 -1.2842
27.375 93.875 -1.3084
27.375 94.125 -1.5298
27.375 94.375 -1.4499
27.375 94.625 -0.98357
27.375 94.875 -0.93226
27.375 95.125 -1.4884
27.375 95.375 -1.5053
27.375 95.625 -1.3676
27.375 95.875 -1.089
27.375 96.125 -1.1138
27.375 96.375 -0.22818
27.375 96.625 0.27224
27.375 96.875 0.34631
27.625 70.125 2.3652
27.625 70.375 2.468
27.625 70.625 2.5232
27.625 70.875 2.9029
27.625 71.125 3.4133
27.625 71.375 3.0134
27.625 71.625 3.0415
27.625 71.875 2.7582
27.625 72.125 2.5253
27.625 72.375 2.4163
27.625 72.625 2.9226
27.625 72.875 2.9448
27.625 73.125 3.0819
27.625 73.375 3.0181
27.625 73.625 3.7027
27.625 73.875 3.268
27.625 74.125 2.3811
27.625 74.375 2.3053
27.625 74.625 2.8958
27.625 74.875 2.419
27.625 75.125 1.4611
27.625 75.375 2.3536
27.625 75.625 2.1597
27.625 75.875 1.5484
27.625 76.125 2.5542
27.625 76.375 3.2705
27.625 76.625 3.6191
27.625 76.875 2.0773
27.625 77.125 0.71172
27.625 77.375 0.2683
27.625 77.625 0.48042
27.625 77.875 1.5858
27.625 78.125 2.3962
27.625 78.375 1.5142
27.625 78.625 0.84995
27.625 78.875 0.60003
27.625 79.125 0.3389
27.625 79.375 -0.11106
27.625 79.625 -0.27339
27.625 79.875 0.36261
27.625 80.125 0.25427
27.625 80.375 0.98141
27.625 80.625 2.4312
27.625 80.875 2.1728
27.625 81.125 0.9719
27.625 81.375 0.99524
27.625 81.625 1.16
27.625 81.875 1.4729
27.625 82.125 1.4183
27.625 82.375 1.4249
27.625 82.625 0.96384
27.625 88.375 1.5382
27.625 88.625 1.47
27.625 91.625 -0.84125
27.625 91.875 -0.80383
27.625 92.125 -0.42507
27.625 92.375 -0.35169
27.625 92.625 -0.3606
27.625 92.875 -0.97357
27.625 93.125 -1.593
27.625 93.375 -1.5353
27.625 93.625 -1.5626
27.625 93.875 -1.3946
27.625 94.125 -1.2765
27.625 94.375 -1.1747
27.625 94.625 -1.1868
27.625 94.875 -0.81224
27.625 95.125 -0.7063
27.625 95.375 -1.0235
27.625 95.625 -0.98648
27.625 95.875 -1.0306
27.625 96.125 -1.0496
27.625 96.375 -0.25724
27.625 96.625 0.12236
27.625 96.875 0.20768
27.875 70.375 2.3141
27.875 71.875 2.8589
27.875 72.125 2.7999
27.875 72.375 2.8349
27.875 72.625 2.6743
27.875 72.875 2.7153
27.875 73.125 2.4971
27.875 73.375 3.3064
27.875 73.625 3.9218
27.875 73.875 3.8955
27.875 74.125 2.528
27.875 74.375 2.4617
27.875 74.625 4.1952
27.875 74.875 3.1944
27.875 75.125 1.3912
27.875 75.375 1.517
27.875 75.625 1.7148
27.875 75.875 2.3546
27.875 76.125 3.5179
27.875 76.375 4.7793
27.875 76.625 2.7329
27.875 76.875 2.9738
27.875 77.125 2.304
27.875 77.375 0.52944
27.875 77.625 0.24661
27.875 77.875 1.1733
27.875 78.125 1.4209
27.875 78.375 1.9046
27.875 78.625 0.65197
27.875 78.875 0.37142
27.875 79.125 0.27982
27.875 79.375 0.25348
27.875 79.625 0.3587
27.875 79.875 0.32847
27.875 80.125 0.17159
27.875 80.375 0.14289
27.875 80.625 2.2961
27.875 80.875 2.7735
27.875 81.125 1.0965
27.875 81.375 0.98373
27.875 81.625 0.91162
27.875 88.375 NaN
27.875 88.625 NaN
27.875 92.875 -1.3149
27.875 93.125 -1.7477
27.875 93.375 -1.612
27.875 93.625 -1.6265
27.875 93.875 -1.3797
27.875 94.125 -1.1029
27.875 94.375 -1.1611
27.875 94.625 -0.89204
27.875 94.875 -0.32275
27.875 95.125 0.28172
27.875 95.375 0.524
27.875 95.625 -0.16879
27.875 95.875 -0.84212
27.875 96.125 -0.57911
27.875 96.375 -0.34406
27.875 96.625 0.12072
27.875 96.875 0.27784
27.875 97.125 0.31872
28.125 72.125 3.1363
28.125 72.375 3.2366
28.125 72.625 2.4019
28.125 72.875 2.4719
28.125 73.125 2.746
28.125 73.375 2.6296
28.125 73.625 3.2695
28.125 73.875 3.2321
28.125 74.125 2.4252
28.125 74.375 2.3678
28.125 74.625 2.357
28.125 74.875 2.4812
28.125 75.125 2.0114
28.125 75.375 1.6235
28.125 75.625 2.0226
28.125 75.875 2.4069
28.125 76.125 3.4046
28.125 76.375 3.6781
28.125 76.625 4.1426
28.125 76.875 3.8904
28.125 77.125 2.1938
28.125 77.375 0.7599
28.125 77.625 0.24889
28.125 77.875 0.96081
28.125 78.125 1.9077
28.125 78.375 1.2564
28.125 78.625 -0.45396
28.125 78.875 0.38403
28.125 79.125 1.4892
28.125 79.375 -0.10489
28.125 79.625 -0.13285
28.125 79.875 0.63361
28.125 80.125 0.70549
28.125 80.375 0.43579
28.125 80.625 0.85781
28.125 80.875 1.5955
28.125 81.125 1.7812
28.125 81.375 1.3231
28.125 92.875 -1.3472
28.125 93.125 -1.5254
28.125 93.375 -1.393
28.125 93.625 -1.2884
28.125 93.875 -1.2503
28.125 94.125 -0.99116
28.125 94.375 -1.0103
28.125 94.625 -1.2332
28.125 94.875 -0.47697
28.125 95.125 0.48297
28.125 95.375 0.6125
28.125 95.625 0.1022
28.125 95.875 -0.35459
28.125 96.125 -0.56232
28.125 96.375 0.066978
28.125 96.625 0.059766
28.125 96.875 0.21394
28.125 97.125 0.27714
28.375 72.375 2.9091
28.375 72.625 2.5688
28.375 72.875 2.2531
28.375 73.125 2.4292
28.375 73.375 1.5323
28.375 73.625 1.4917
28.375 73.875 2.1639
28.375 74.125 2.1111
28.375 74.375 2.1182
28.375 74.625 2.087
28.375 74.875 2.5506
28.375 75.125 3.6291
28.375 75.375 3.0757
28.375 75.625 1.8261
28.375 75.875 2.2482
28.375 76.125 2.7205
28.375 76.375 3.6558
28.375 76.625 3.727
28.375 76.875 3.2862
28.375 77.125 1.6112
28.375 77.375 1.8353
28.375 77.625 1.1554
28.375 77.875 1.1264
28.375 78.125 1.6534
28.375 78.375 1.4392
28.375 78.625 -0.076944
28.375 78.875 -0.0097418
28.375 79.125 2.3212
28.375 79.375 1.9151
28.375 79.625 0.9885
28.375 79.875 1.0768
28.375 80.125 1.132
28.375 80.375 1.0075
28.375 80.625 0.99456
28.375 80.875 1.6789
28.375 81.125 1.756
28.375 93.375 -1.2933
28.375 93.625 -1.1016
28.375 93.875 -0.64451
28.375 94.125 0.1655
28.375 94.375 -0.21797
28.375 94.625 -0.39564
28.375 94.875 -0.44679
28.375 95.125 -0.22248
28.375 95.375 -0.27723
28.375 95.625 -0.042235
28.375 95.875 -0.078539
28.375 96.125 -0.33658
28.375 96.625 0.21923
28.625 72.375 2.6738
28.625 72.625 2.246
28.625 72.875 1.9853
28.625 73.125 2.1855
28.625 73.375 1.9824
28.625 73.625 2.0973
28.625 73.875 2.1482
28.625 74.125 2.3129
28.625 74.375 2.1149
28.625 74.625 1.867
28.625 74.875 2.0274
28.625 75.125 3.1823
28.625 75.375 1.5123
28.625 75.625 0.54903
28.625 75.875 1.7635
28.625 76.125 2.63
28.625 76.375 2.9389
28.625 76.625 3.9039
28.625 76.875 3.4404
28.625 77.125 1.687
28.625 77.375 1.1105
28.625 77.625 2.3048
28.625 77.875 1.8831
28.625 78.125 2.0891
28.625 78.375 1.9614
28.625 78.625 0.99775
28.625 78.875 0.33726
28.625 79.125 2.76
28.625 79.375 2.3693
28.625 79.625 2.1906
28.625 79.875 1.932
28.625 80.125 1.5683
28.625 80.375 1.1623
28.625 80.625 0.89469
28.625 93.625 -0.28868
28.625 93.875 NaN
28.625 94.125 0.98328
28.625 94.375 0.64325
28.625 94.625 0.15216
28.625 94.875 -0.5193
28.625 95.125 -0.47368
28.625 95.375 -0.43723
28.625 95.625 -0.48611
28.625 95.875 -0.37877
28.625 96.125 -0.085355
28.625 96.375 0.17795
28.875 72.875 1.8918
28.875 73.125 3.0909
28.875 73.375 3.9689
28.875 73.625 4.3189
28.875 73.875 4.4023
28.875 74.125 3.4496
28.875 74.375 2.6472
28.875 74.625 2.1461
28.875 74.875 2.3279
28.875 75.125 2.6713
28.875 75.375 1.1953
28.875 75.625 1.248
28.875 75.875 0.74408
28.875 76.125 0.86881
28.875 76.375 3.3505
28.875 76.625 3.6213
28.875 76.875 3.1234
28.875 77.125 2.8199
28.875 77.375 2.2841
28.875 77.625 1.7983
28.875 77.875 1.7148
28.875 78.125 1.618
28.875 78.375 2.176
28.875 78.625 0.95472
28.875 78.875 0.88281
28.875 79.125 1.8892
28.875 79.375 2.2467
28.875 79.625 1.9773
28.875 79.875 1.6569
28.875 94.125 1.4027
28.875 94.375 1.0995
28.875 94.625 0.61554
28.875 94.875 -0.14001
28.875 95.125 -0.33128
28.875 95.375 -0.50943
28.875 95.625 -0.46548
28.875 95.875 -0.30919
28.875 96.125 0.46997
28.875 96.375 -0.04107
29.125 73.125 2.998
29.125 73.375 3.7683
29.125 73.625 4.3229
29.125 73.875 4.3193
29.125 74.125 3.6142
29.125 74.375 2.4821
29.125 74.625 2.0899
29.125 74.875 2.4561
29.125 75.125 3.4208
29.125 75.375 2.492
29.125 75.625 1.9782
29.125 75.875 1.9148
29.125 76.125 1.7144
29.125 76.375 2.3537
29.125 76.625 1.9343
29.125 76.875 1.6883
29.125 77.125 2.7409
29.125 77.375 1.8355
29.125 77.625 2.5806
29.125 77.875 3.5412
29.125 78.125 2.803
29.125 78.375 2.2262
29.125 78.625 1.6395
29.125 78.875 0.65123
29.125 79.125 2.393
29.125 79.375 2.5547
29.125 79.625 1.507
29.125 79.875 1.4987
29.125 80.125 1.4837
29.125 94.375 1.2618
29.125 94.625 0.68517
29.125 94.875 0.11946
29.125 95.625 -0.010508
29.125 95.875 0.68898
29.125 96.125 0.2175
29.375 73.375 3.2073
29.375 73.625 4.2561
29.375 73.875 4.5904
29.375 74.125 3.9392
29.375 74.375 2.5812
29.375 74.625 2.2519
29.375 74.875 2.3198
29.375 75.125 1.9942
29.375 75.375 1.8795
29.375 75.625 1.6532
29.375 75.875 0.81952
29.375 76.125 2.8056
29.375 76.375 2.7129
29.375 76.625 1.7743
29.375 76.875 1.1739
29.375 77.125 1.8872
29.375 77.375 1.9649
29.375 77.625 2.7751
29.375 77.875 3.3159
29.375 78.125 0.69664
29.375 78.375 1.9305
29.375 78.625 0.63241
29.375 78.875 0.54783
29.375 79.125 1.8492
29.375 79.375 2.3205
29.375 79.625 1.3752
29.375 79.875 1.3654
29.375 80.125 1.9281
29.375 96.125 0.12822
29.625 73.375 2.44
29.625 73.625 3.1497
29.625 73.875 2.771
29.625 74.125 3.5625
29.625 74.375 3.0815
29.625 74.625 1.5401
29.625 74.875 1.5508
29.625 75.125 1.0237
29.625 75.375 1.0987
29.625 75.625 1.9221
29.625 75.875 1.705
29.625 76.125 1.82
29.625 76.375 2.0942
29.625 76.625 1.6869
29.625 76.875 2.4187
29.625 77.125 2.9152
29.625 77.375 1.6887
29.625 77.625 0.16217
29.625 77.875 1.3565
29.625 78.125 2.4499
29.625 78.375 0.96628
29.625 78.625 1.0631
29.625 78.875 1.2073
29.625 79.125 0.97621
29.625 79.375 0.87069
29.625 79.625 0.69572
29.625 79.875 1.5927
29.625 80.125 2.3254
29.875 73.625 3.1158
29.875 73.875 1.8914
29.875 74.125 2.3417
29.875 74.375 1.5716
29.875 74.625 2.1538
29.875 74.875 1.9477
29.875 75.125 1.4066
29.875 75.375 1.8088
29.875 75.625 1.6793
29.875 75.875 2.8841
29.875 76.125 2.7248
29.875 76.375 1.5616
29.875 76.625 0.26339
29.875 76.875 1.7345
29.875 77.125 1.6711
29.875 77.375 1.6365
29.875 77.625 0.62489
29.875 77.875 1.8125
29.875 78.125 1.6759
29.875 78.375 0.97787
29.875 78.625 1.0899
29.875 78.875 1.7614
29.875 79.125 1.6558
29.875 79.375 1.1622
29.875 79.625 0.86298
29.875 79.875 0.98155
29.875 80.125 2.1247
29.875 80.375 2.1414
30.125 74.125 1.1561
30.125 74.375 1.6664
30.125 74.625 3.5048
30.125 74.875 2.7479
30.125 75.125 2.0806
30.125 75.375 1.6189
30.125 75.625 1.5262
30.125 75.875 2.2938
30.125 76.125 2.0855
30.125 76.375 1.4678
30.125 76.625 0.30924
30.125 76.875 0.23016
30.125 77.125 3.0485
30.125 77.375 1.8996
30.125 77.625 1.9197
30.125 77.875 1.4431
30.125 78.125 1.5347
30.125 78.375 0.97504
30.125 78.625 1.3485
30.125 78.875 2.4476
30.125 79.125 2.4605
30.125 79.375 2.3235
30.125 79.625 0.98002
30.125 79.875 1.02
30.125 80.125 1.2149
30.125 80.375 1.405
30.125 80.625 1.6225
30.375 74.125 1.0426
30.375 74.375 1.5039
30.375 74.625 2.6587
30.375 74.875 2.6586
30.375 75.125 2.7521
30.375 75.375 1.962
30.375 75.625 0.85898
30.375 75.875 2.1986
30.375 76.125 1.9119
30.375 76.375 2.2423
30.375 76.625 0.30269
30.375 76.875 0.76591
30.375 77.125 1.6526
30.375 77.375 1.539
30.375 77.625 1.3529
30.375 77.875 1.7317
30.375 78.125 1.1059
30.375 78.375 0.99277
30.375 78.625 1.3581
30.375 78.875 1.6768
30.375 79.125 2.224
30.375 79.375 2.2453
30.375 79.625 1.8281
30.375 79.875 2.1706
30.375 80.125 1.4966
30.375 80.375 1.7023
30.375 80.625 1.7312
30.625 74.375 1.423
30.625 74.625 1.7553
30.625 74.875 1.7561
30.625 75.125 4.1716
30.625 75.375 3.1614
30.625 75.625 1.5971
30.625 75.875 2.4795
30.625 76.125 1.4671
30.625 76.375 1.3607
30.625 76.625 0.91924
30.625 76.875 1.4666
30.625 77.125 1.4399
30.625 77.375 1.799
30.625 77.625 0.89103
30.625 77.875 1.1117
30.625 78.125 1.3376
30.625 78.375 0.79249
30.625 78.625 0.97003
30.625 78.875 1.6009
30.625 79.125 1.6242
30.625 79.375 1.5819
30.625 79.625 2.3786
30.625 79.875 1.8261
30.625 80.125 1.3225
30.875 74.625 1.9067
30.875 74.875 3.0242
30.875 75.125 4.5591
30.875 75.375 2.5785
30.875 75.625 1.4958
30.875 75.875 1.3502
30.875 76.125 1.4471
30.875 76.375 1.9932
30.875 76.625 1.6425
30.875 76.875 1.6001
30.875 77.125 0.69435
30.875 77.375 0.73995
30.875 77.625 0.89901
30.875 77.875 0.932
30.875 78.125 0.92351
30.875 78.375 0.93412
30.875 78.625 0.61295
30.875 78.875 1.6865
30.875 79.125 2.2594
30.875 79.375 NaN
30.875 79.625 NaN
30.875 79.875 NaN
31.125 74.875 3.9829
31.125 75.125 5.032
31.125 75.375 2.461
31.125 75.625 1.7279
31.125 75.875 0.56126
31.125 76.125 2.5161
31.125 76.375 1.7919
31.125 76.625 1.1719
31.125 76.875 1.1319
31.125 77.125 0.58797
31.125 77.375 0.32803
31.125 77.625 0.88284
31.125 77.875 0.17292
31.125 78.125 0.33303
31.125 78.375 0.31187
31.125 78.625 0.60164
31.125 78.875 NaN
31.125 79.125 NaN
31.375 74.875 2.7527
31.375 75.125 4.9153
31.375 75.375 2.7548
31.375 75.625 0.82049
31.375 75.875 1.7158
31.375 76.125 1.7445
31.375 76.375 1.0145
31.375 76.625 1.5139
31.375 76.875 0.35724
31.375 77.125 1.2846
31.375 77.375 1.1618
31.375 77.625 -0.081621
31.375 77.875 0.098263
31.375 78.125 0.2903
31.375 78.375 0.2002
31.375 78.625 0.24121
31.625 74.875 1.6666
31.625 75.125 2.1407
31.625 75.375 2.1971
31.625 75.625 1.406
31.625 75.875 -0.88113
31.625 76.125 1.1785
31.625 76.375 0.47592
31.625 76.625 0.79007
31.625 76.875 0.94897
31.625 77.125 1.3108
31.625 77.375 1.0099
31.625 77.625 0.271
31.625 77.875 0.083684
31.625 78.125 -0.079993
31.625 78.375 -0.1966
31.625 78.625 0.063384
31.875 74.875 2.0285
31.875 75.125 2.4621
31.875 75.375 2.0008
31.875 75.625 1.1277
31.875 75.875 0.67196
31.875 76.125 0.49475
31.875 76.375 0.77161
31.875 76.625 0.66224
31.875 76.875 0.96042
31.875 77.125 0.72347
31.875 77.375 0.42345
31.875 77.625 0.42991
31.875 77.875 0.45524
31.875 78.125 0.073397
31.875 78.375 -0.035419
31.875 78.625 0.051718
32.125 75.375 1.5935
32.125 75.625 0.9961
32.125 75.875 0.44622
32.125 76.125 0.32218
32.125 76.375 0.45655
32.125 76.625 0.46679
32.125 76.875 0.51424
32.125 77.125 0.18831
32.125 77.375 0.36343
32.125 77.625 0.13976
32.125 77.875 0.12137
32.125 78.125 -0.20675
32.125 78.375 -0.074769
32.375 75.375 1.6865
32.375 75.625 1.4815
32.375 75.875 0.061534
32.375 76.125 -0.64247
32.375 76.375 0.041631
32.375 76.625 -0.085036
32.375 76.875 0.020816
32.375 77.125 0.22347
32.375 77.375 0.17024
32.375 77.625 0.26231
32.375 77.875 -0.20216
32.375 78.125 -0.29169
32.375 78.375 -0.059938
32.625 74.875 1.875
32.625 75.125 1.2004
32.625 75.375 1.3139
32.625 75.625 1.1358
32.625 75.875 0.17588
32.625 76.125 0.039039
32.625 76.375 0.27898
32.625 76.625 0.47981
32.625 76.875 0.30162
32.625 77.125 0.46613
32.625 77.375 0.56103
32.625 77.625 0.42806
32.625 77.875 0.12003
32.625 78.125 -0.41194
32.625 78.375 -0.16059
32.625 78.625 -0.13618
32.625 78.875 -0.047669
32.625 79.125 -0.39314
32.625 79.375 -0.70719
32.875 74.375 2.6108
32.875 74.625 2.5935
32.875 74.875 2.2104
32.875 75.125 1.3585
32.875 75.375 1.0342
32.875 75.625 0.97071
32.875 75.875 0.52811
32.875 76.125 0.70441
32.875 76.375 1.2547
32.875 76.625 1.3331
32.875 76.875 0.85032
32.875 77.125 0.54658
32.875 77.375 0.46554
32.875 77.625 0.24205
32.875 77.875 -0.081819
32.875 78.125 -0.38345
32.875 78.375 -0.19503
32.875 78.625 -0.38542
32.875 78.875 -0.15346
32.875 79.125 -0.40848
32.875 79.375 -0.58099
33.125 73.875 1.3411
33.125 74.125 1.3574
33.125 74.375 2.3985
33.125 74.625 2.7437
33.125 74.875 1.9651
33.125 75.125 1.1629
33.125 75.375 0.27228
33.125 75.625 -0.1075
33.125 75.875 0.24006
33.125 76.125 1.0006
33.125 76.375 1.6865
33.125 76.625 1.41
33.125 76.875 1.2457
33.125 77.125 0.4335
33.125 77.375 -0.3972
33.125 77.625 -0.4491
33.125 77.875 -0.26996
33.125 78.125 -0.20614
33.125 78.375 -0.68692
33.125 78.625 -0.56572
33.125 78.875 -0.61203
33.125 79.125 -0.501
33.375 73.875 1.1968
33.375 74.125 1.2465
33.375 74.375 1.7489
33.375 74.625 1.1348
33.375 74.875 0.76533
33.375 75.125 0.035962
33.375 75.375 -0.15393
33.375 75.625 -0.072492
33.375 75.875 0.41612
33.375 76.125 1.2908
33.375 76.375 1.6393
33.375 76.625 1.3908
33.375 76.875 0.83244
33.375 77.125 -0.1304
33.375 77.375 -0.60752
33.375 77.625 -0.54411
33.375 77.875 -0.5208
33.375 78.125 -0.59373
33.375 78.375 -0.38647
33.375 78.625 -0.49373
33.375 78.875 -0.70235
33.625 73.875 0.92017
33.625 74.125 1.1049
33.625 74.375 0.86459
33.625 74.625 0.28318
33.625 74.875 0.098335
33.625 75.125 0.32918
33.625 75.375 0.11862
33.625 75.625 0.019955
33.625 75.875 -0.02024
33.625 76.125 0.53898
33.625 76.375 1.2981
33.625 76.625 0.88098
33.625 76.875 -0.15149
33.625 77.125 -0.67532
33.625 77.375 -0.46427
33.625 77.625 -0.68264
33.625 77.875 -0.51528
33.625 78.125 -0.4664
33.625 78.375 -0.48059
33.625 78.625 -0.53391
33.625 78.875 -0.71883
33.875 73.875 0.48987
33.875 74.125 0.7601
33.875 74.375 0.85893
33.875 74.625 0.75254
33.875 74.875 0.25162
33.875 75.125 0.73794
33.875 75.375 0.46275
33.875 75.625 -0.11118
33.875 75.875 -0.55378
33.875 76.125 -0.67601
33.875 76.375 -0.61229
33.875 76.625 -0.65377
33.875 76.875 -0.65345
33.875 77.125 -0.80266
33.875 77.375 -0.56768
33.875 77.625 -0.53007
33.875 77.875 -0.4181
33.875 78.125 -0.51035
33.875 78.375 -0.66574
33.875 78.625 -0.69023
33.875 78.875 -0.35686
34.125 73.625 0.027055
34.125 73.875 0.025613
34.125 74.125 0.26953
34.125 74.375 0.050721
34.125 74.625 0.53538
34.125 74.875 0.24887
34.125 75.125 0.32999
34.125 75.375 0.42116
34.125 75.625 -0.69009
34.125 75.875 -1.0476
34.125 76.125 -1.0232
34.125 76.375 -0.65534
34.125 76.625 -0.72167
34.125 76.875 -0.67972
34.125 77.125 -0.60967
34.125 77.375 -0.61132
34.125 77.625 -0.8512
34.125 77.875 -0.60117
34.125 78.125 -0.60068
34.125 78.375 -0.79697
34.125 78.625 -0.79099
34.125 78.875 -0.83355
34.125 79.125 -0.55678
34.125 79.375 -0.61085
34.375 73.625 -0.30864
34.375 73.875 -0.50665
34.375 74.125 -0.62763
34.375 74.375 -0.63036
34.375 74.625 -0.39435
34.375 74.875 -0.019517
34.375 75.125 0.41482
34.375 75.375 -0.40825
34.375 75.625 -0.92651
34.375 75.875 -0.98951
34.375 76.125 -0.97155
34.375 76.375 -0.40588
34.375 76.625 -0.92685
34.375 76.875 -0.77194
34.375 77.125 -0.77301
34.375 77.375 -0.75127
34.375 77.625 -0.69101
34.375 77.875 -0.65411
34.375 78.125 -0.66959
34.375 78.375 -0.60318
34.375 78.625 -0.56114
34.375 78.875 -0.638
34.375 79.125 -0.7814
34.375 79.375 -0.73496
34.625 73.875 -0.54858
34.625 74.125 -0.73604
34.625 74.375 -0.61794
34.625 74.625 -0.48812
34.625 74.875 0.0051012
34.625 75.125 0.4819
34.625 75.375 -0.58456
34.625 75.625 -0.8379
34.625 75.875 -0.8945
34.625 76.125 -0.82459
34.625 76.375 -0.64074
34.625 76.625 -1.0087
34.625 76.875 -0.97352
34.625 77.125 -0.85054
34.625 77.375 -0.81866
34.625 77.625 -0.77997
34.625 77.875 -0.89614
34.625 78.125 -0.74161
34.625 78.375 -0.72286
34.625 78.625 -0.56692
34.625 78.875 -0.55807
34.625 79.125 -0.62377
34.625 79.375 -0.6233
34.625 79.625 -0.65452
34.875 74.125 -0.33627
34.875 74.375 -0.59017
34.875 74.625 -0.46696
34.875 74.875 -0.15649
34.875 75.125 -0.28584
34.875 75.375 -0.79007
34.875 75.625 -1.0677
34.875 75.875 -1.0657
34.875 76.125 -0.94145
34.875 76.375 -0.69048
34.875 76.625 -0.82144
34.875 76.875 -0.84403
34.875 77.125 -0.80398
34.875 77.375 -0.8448
34.875 77.625 -1.0276
34.875 77.875 -0.873
34.875 78.125 -0.76107
34.875 78.375 -0.73513
34.875 78.625 -0.62711
34.875 78.875 -0.60689
34.875 79.125 -0.56996
34.875 79.375 -0.64957
34.875 79.625 -0.6649
34.875 79.875 -0.5949
35.125 74.375 -0.78555
35.125 74.625 -0.60933
35.125 74.875 -0.36267
35.125 75.125 -0.69088
35.125 75.375 -1.1243
35.125 75.625 -1.1878
35.125 75.875 -1.0351
35.125 76.125 -0.98028
35.125 76.375 -0.69265
35.125 76.625 -0.76374
35.125 76.875 -1.0341
35.125 77.125 -1.0226
35.125 77.375 -1.0632
35.125 77.625 -0.98451
35.125 77.875 -1.0223
35.125 78.125 -0.58802
35.125 78.375 -0.72324
35.125 78.625 -0.84737
35.125 78.875 -0.58971
35.125 79.125 -0.57397
35.125 79.375 -0.62777
35.125 79.625 -0.75
35.125 79.875 -0.28058
35.375 73.875 -0.96174
35.375 74.125 -0.97608
35.375 74.375 -0.94786
35.375 74.625 -0.9898
35.375 74.875 -0.70187
35.375 75.125 -0.86975
35.375 75.375 -1.0798
35.375 75.625 -1.2541
35.375 75.875 -1.1161
35.375 76.125 -0.75509
35.375 76.375 -0.77224
35.375 76.625 -1.0703
35.375 76.875 -1.0392
35.375 77.125 -1.0439
35.375 77.375 -0.72074
35.375 77.625 -0.74862
35.375 77.875 -0.50286
35.375 78.125 -0.44374
35.375 78.375 -0.88655
35.375 78.625 -0.67906
35.375 78.875 -0.30388
35.375 79.125 -0.50613
35.375 79.375 -0.66571
35.375 79.625 -0.34604
35.375 79.875 -0.75068
35.375 80.125 NaN
35.625 73.375 -1.031
35.625 73.625 -0.96782
35.625 73.875 -0.93922
35.625 74.125 -1.0905
35.625 74.375 -1.0978
35.625 74.625 -0.94035
35.625 74.875 -0.83568
35.625 75.125 -0.95815
35.625 75.375 -1.0907
35.625 75.625 -1.1898
35.625 75.875 -1.0995
35.625 76.125 -0.95417
35.625 76.375 -1.0489
35.625 76.625 -0.92076
35.625 76.875 -0.85314
35.625 77.125 -1.0632
35.625 78.375 -0.7549
35.625 78.625 -0.7927
35.625 78.875 -0.67529
35.625 79.125 -0.74651
35.625 79.375 -0.75459
35.625 79.625 -0.66907
35.625 79.875 -0.81377
35.625 80.125 -0.856
35.875 73.125 -0.57136
35.875 73.375 -0.66388
35.875 73.625 -1.0044
35.875 73.875 -1.114
35.875 74.125 -1.0593
35.875 74.375 -1.0703
35.875 74.625 -1.1329
35.875 74.875 -0.87273
35.875 75.125 -1.0038
35.875 75.375 -1.0123
35.875 75.625 -1.2856
35.875 75.875 -1.0321
35.875 76.125 -0.98299
35.875 76.375 -1.2323
35.875 76.625 -1.1542
35.875 79.375 -0.83191
36.125 72.625 -0.69077
36.125 72.875 NaN
36.125 73.125 NaN
36.125 73.375 -0.67665
36.125 73.625 -0.74295
36.125 73.875 -0.93472
36.125 74.125 -1.0835
36.125 74.375 -0.96541
36.125 74.625 -1.1513
36.125 74.875 -0.91324
36.125 75.125 -0.89321
36.125 75.375 -0.96668
36.125 75.625 -0.78601
36.125 75.875 -1.3678
36.125 76.125 -1.1014
36.125 76.375 -1.3831
36.125 76.625 -1.2078
36.375 73.125 -0.34866
36.375 73.375 -0.5295
36.375 73.625 -0.35585
36.375 73.875 -0.63183
36.375 74.125 -0.86484
36.375 74.375 -0.7289
36.375 74.625 -0.97204
36.375 74.875 -0.89923
36.375 75.125 -0.75127
36.375 75.375 -1.2467
36.375 75.625 -1.4015
36.375 75.875 -1.3547
36.375 76.125 -0.98343
36.625 73.375 -0.33215
36.625 73.625 -0.29194
36.625 73.875 -0.54524
36.625 74.125 -0.75903
36.625 74.375 -0.13363
36.625 74.625 -0.76971
36.625 74.875 -0.67523
36.625 75.125 -0.78438
36.625 75.375 -1.0131
36.625 75.625 -0.90031
36.875 73.875 -0.51505
36.875 74.375 -0.096592
36.875 74.625 -0.42647
36.875 74.875 -0.36551
36.875 75.125 -0.48613
36.875 75.375 -0.10264
