8.125 77.375 -0.0027477
8.375 77.125 -0.38355
8.375 77.375 -0.012395
8.375 77.625 -0.19511
8.375 77.875 -0.21687
8.625 76.875 -0.47315
8.625 77.125 -0.17827
8.625 77.375 0.07573
8.625 77.625 -0.29193
8.625 77.875 0.094592
8.875 76.875 0.48006
8.875 77.125 0.25554
8.875 77.375 0.12689
8.875 77.625 -0.32022
8.875 77.875 -0.63009
9.125 76.625 0.14159
9.125 76.875 0.51233
9.125 77.125 0.53301
9.125 77.375 0.25297
9.125 77.625 0.15164
9.125 77.875 -0.18997
9.125 78.125 -0.19642
9.125 78.375 NaN
9.375 76.625 0.16454
9.375 76.875 1.0846
9.375 77.125 0.83859
9.375 77.375 0.89902
9.375 77.625 0.14316
9.375 77.875 0.12722
9.375 78.125 0.059619
9.375 78.375 0.43698
9.375 78.625 -0.27126
9.375 78.875 NaN
9.625 76.375 0.036242
9.625 76.625 0.69943
9.625 76.875 1.7181
9.625 77.125 1.9484
9.625 77.375 0.77688
9.625 77.625 0.32329
9.625 77.875 1.7435
9.625 78.125 0.32242
9.625 78.375 0.69456
9.625 78.625 0.42186
9.875 76.625 0.54073
9.875 76.875 0.69556
9.875 77.125 0.9672
9.875 77.375 1.4779
9.875 77.625 1.0966
9.875 77.875 0.61762
9.875 78.125 0.50539
9.875 78.375 0.77526
9.875 78.625 0.44385
9.875 78.875 0.39098
10.125 76.375 -0.20144
10.125 76.625 0.74819
10.125 76.875 1.8147
10.125 77.125 1.5394
10.125 77.375 1.1441
10.125 77.625 1.4963
10.125 77.875 1.5137
10.125 78.125 0.73636
10.125 78.375 1.0589
10.125 78.625 0.87934
10.125 78.875 0.090895
10.125 79.125 0.1124
10.375 76.375 -0.49757
10.375 76.625 0.55902
10.375 76.875 1.4641
10.375 77.125 1.0024
10.375 77.375 0.9509
10.375 77.625 1.7089
10.375 77.875 0.60308
10.375 78.125 0.22771
10.375 78.375 -0.64469
10.375 78.625 -0.06486
10.375 78.875 -0.50037
10.375 79.125 0.23657
10.375 79.375 NaN
10.375 79.625 NaN
10.625 76.125 -0.84016
10.625 76.375 0.97632
10.625 76.625 0.14387
10.625 76.875 0.54313
10.625 77.125 0.2349
10.625 77.375 0.49672
10.625 77.625 1.2294
10.625 77.875 0.6057
10.625 78.125 -1.2855
10.625 78.375 0.062492
10.625 78.625 0.36396
10.625 78.875 1.7381
10.625 79.125 0.68843
10.625 79.375 0.74781
10.625 79.625 0.31657
10.875 76.125 0.23877
10.875 76.375 1.2572
10.875 76.625 0.18365
10.875 76.875 0.028369
10.875 77.125 1.1626
10.875 77.375 1.2037
10.875 77.625 2.5839
10.875 77.875 0.86451
10.875 78.125 -0.040872
10.875 78.375 -0.049419
10.875 78.625 0.1523
10.875 78.875 0.16567
10.875 79.125 0.1487
10.875 79.375 0.72257
10.875 79.625 0.39498
11.125 76.125 0.12098
11.125 76.375 0.59991
11.125 76.625 0.13856
11.125 76.875 1.6583
11.125 77.125 1.7723
11.125 77.375 1.6721
11.125 77.625 2.0429
11.125 77.875 1.6377
11.125 78.125 0.75558
11.125 78.375 0.67663
11.125 78.625 0.77776
11.125 78.875 0.24051
11.125 79.125 0.45375
11.125 79.375 2.107
11.125 79.625 1.0365
11.375 75.875 -0.1172
11.375 76.125 0.49037
11.375 76.375 1.2539
11.375 76.625 0.31625
11.375 76.875 1.5933
11.375 77.125 1.9086
11.375 77.375 2.5358
11.375 77.625 1.7038
11.375 77.875 2.693
11.375 78.125 0.95704
11.375 78.375 0.58352
11.375 78.625 0.57228
11.375 78.875 0.5437
11.375 79.125 0.41154
11.375 79.375 1.1985
11.375 79.625 1.12
11.625 75.875 1.2012
11.625 76.125 1.6293
11.625 76.375 2.4245
11.625 76.625 2.905
11.625 76.875 1.951
11.625 77.125 1.6949
11.625 77.375 2.0534
11.625 77.625 1.7547
11.625 77.875 0.88498
11.625 78.125 -0.64976
11.625 78.375 -1.0713
11.625 78.625 0.31943
11.625 78.875 0.14073
11.625 79.125 0.36383
11.625 79.375 0.971
11.625 79.625 NaN
11.875 75.625 NaN
11.875 75.875 0.042137
11.875 76.125 0.65309
11.875 76.375 3.1556
11.875 76.625 3.478
11.875 76.875 0.71112
11.875 77.125 2.113
11.875 77.375 1.5576
11.875 77.625 1.7033
11.875 77.875 -0.0098803
11.875 78.125 0.60753
11.875 78.375 -0.35312
11.875 78.625 0.40301
11.875 78.875 -0.5358
11.875 79.125 0.055595
11.875 79.375 0.07109
11.875 79.625 0.3983
12.125 75.375 0.28664
12.125 75.625 0.40282
12.125 75.875 1.3875
12.125 76.125 2.3905
12.125 76.375 1.8957
12.125 76.625 3.8155
12.125 76.875 2.1831
12.125 77.125 2.7312
12.125 77.375 1.8493
12.125 77.625 1.4347
12.125 77.875 0.36787
12.125 78.125 1.2718
12.125 78.375 1.3597
12.125 78.625 0.46093
12.125 78.875 0.018459
12.125 79.125 0.2822
12.125 79.375 0.27957
12.125 79.625 0.77921
12.375 75.125 -0.29219
12.375 75.375 0.33516
12.375 75.625 0.30381
12.375 75.875 1.4418
12.375 76.125 1.5279
12.375 76.375 2.6362
12.375 76.625 3.2847
12.375 76.875 2.0155
12.375 77.125 2.923
12.375 77.375 1.6061
12.375 77.625 1.5492
12.375 77.875 1.6492
12.375 78.125 1.7505
12.375 78.375 1.1515
12.375 78.625 0.3519
12.375 78.875 0.083852
12.375 79.125 0.34688
12.375 79.375 0.39008
12.375 79.625 0.58596
12.375 79.875 0.56782
12.625 75.125 -1.4069
12.625 75.375 -0.98476
12.625 75.625 0.32243
12.625 75.875 1.5762
12.625 76.125 1.9463
12.625 76.375 2.0575
12.625 76.625 2.7946
12.625 76.875 3.8135
12.625 77.125 3.4068
12.625 77.375 2.0747
12.625 77.625 3.6419
12.625 77.875 2.435
12.625 78.125 1.6623
12.625 78.375 0.62522
12.625 78.625 0.087097
12.625 78.875 0.72572
12.625 79.125 0.87693
12.625 79.375 0.75431
12.625 79.625 0.36314
12.625 79.875 -0.090809
12.875 75.125 0.052603
12.875 75.375 0.79832
12.875 75.625 0.67343
12.875 75.875 3.5177
12.875 76.125 2.8381
12.875 76.375 2.7782
12.875 76.625 2.9595
12.875 76.875 1.3909
12.875 77.125 2.7158
12.875 77.375 3.3819
12.875 77.625 2.5176
12.875 77.875 1.8178
12.875 78.125 1.4251
12.875 78.375 0.55442
12.875 78.625 -0.30226
12.875 78.875 0.38283
12.875 79.125 0.9313
12.875 79.375 0.45841
12.875 79.625 0.50594
12.875 79.875 0.59238
13.125 74.875 NaN
13.125 75.125 -0.33747
13.125 75.375 -0.67048
13.125 75.625 0.59332
13.125 75.875 2.4235
13.125 76.125 1.9829
13.125 76.375 3.0793
13.125 76.625 1.9299
13.125 76.875 1.7516
13.125 77.125 2.1428
13.125 77.375 2.7019
13.125 77.625 2.9169
13.125 77.875 1.8593
13.125 78.125 1.4238
13.125 78.375 0.78844
13.125 78.625 0.26033
13.125 78.875 0.099004
13.125 79.125 -0.049017
13.125 79.375 0.061703
13.125 79.625 0.31201
13.125 79.875 0.57722
13.125 80.125 0.5605
13.375 74.875 NaN
13.375 75.125 -0.17508
13.375 75.375 -0.38366
13.375 75.625 0.015463
13.375 75.875 1.0448
13.375 76.125 1.9323
13.375 76.375 1.5775
13.375 76.625 2.1926
13.375 76.875 2.8672
13.375 77.125 3.3127
13.375 77.375 1.6251
13.375 77.625 1.7783
13.375 77.875 1.2665
13.375 78.125 0.30096
13.375 78.375 0.42235
13.375 78.625 0.46128
13.375 78.875 -0.13419
13.375 79.125 -0.22663
13.375 79.375 0.19181
13.375 79.625 -0.31099
13.375 79.875 0.15954
13.375 80.125 0.47446
13.625 74.875 -1.039
13.625 75.125 0.40562
13.625 75.375 0.3643
13.625 75.625 0.86559
13.625 75.875 1.581
13.625 76.125 1.9028
13.625 76.375 2.1117
13.625 76.625 1.9538
13.625 76.875 2.911
13.625 77.125 2.084
13.625 77.375 1.17
13.625 77.625 0.68052
13.625 77.875 0.93442
13.625 78.125 0.36489
13.625 78.375 0.37816
13.625 78.625 -0.033096
13.625 78.875 0.028836
13.625 79.125 0.25581
13.625 79.375 -0.37429
13.625 79.625 -0.17725
13.625 79.875 0.0024234
13.625 80.125 0.4786
13.875 74.875 0.28878
13.875 75.125 0.47608
13.875 75.375 0.68339
13.875 75.625 1.2696
13.875 75.875 1.9201
13.875 76.125 1.6728
13.875 76.375 2.7983
13.875 76.625 3.1737
13.875 76.875 2.7748
13.875 77.125 1.9809
13.875 77.375 1.2626
13.875 77.625 0.66601
13.875 77.875 0.97595
13.875 78.125 0.80174
13.875 78.375 0.89641
13.875 78.625 0.11162
13.875 78.875 -0.48175
13.875 79.125 -0.44009
13.875 79.375 -0.4653
13.875 79.625 -0.34131
13.875 79.875 -0.052058
14.125 74.625 -0.57869
14.125 74.875 0.1288
14.125 75.125 0.48373
14.125 75.375 2.15
14.125 75.625 0.50876
14.125 75.875 2.2104
14.125 76.125 1.1146
14.125 76.375 1.2362
14.125 76.625 1.648
14.125 76.875 2.3849
14.125 77.125 0.89518
14.125 77.375 1.3102
14.125 77.625 0.77199
14.125 77.875 1.1022
14.125 78.125 0.20344
14.125 78.375 0.24169
14.125 78.625 -0.043937
14.125 78.875 -0.36836
14.125 79.125 -0.49116
14.125 79.375 -0.43537
14.125 79.625 -0.23952
14.125 79.875 -0.023636
14.375 74.625 -0.27761
14.375 74.875 0.72377
14.375 75.125 0.6075
14.375 75.375 0.76401
14.375 75.625 1.8935
14.375 75.875 2.6248
14.375 76.125 1.7158
14.375 76.375 1.179
14.375 76.625 1.8439
14.375 76.875 2.288
14.375 77.125 0.94029
14.375 77.375 1.6116
14.375 77.625 0.83257
14.375 77.875 0.76602
14.375 78.125 0.43334
14.375 78.375 -0.071016
14.375 78.625 -0.42855
14.375 78.875 -0.26797
14.375 79.125 -0.071999
14.375 79.375 0.21503
14.375 79.625 0.061671
14.375 79.875 0.49647
14.625 74.375 NaN
14.625 74.625 -0.35723
14.625 74.875 -0.2984
14.625 75.125 0.31327
14.625 75.375 1.9544
14.625 75.625 1.929
14.625 75.875 2.7283
14.625 76.125 2.1899
14.625 76.375 2.0873
14.625 76.625 2.0978
14.625 76.875 1.2155
14.625 77.125 1.7017
14.625 77.375 1.2736
14.625 77.625 0.43502
14.625 77.875 -0.045187
14.625 78.125 0.64741
14.625 78.375 0.0019295
14.625 78.625 -0.0041981
14.625 78.875 -0.20943
14.625 79.125 -0.18742
14.625 79.375 0.13469
14.625 79.625 0.30367
14.625 79.875 0.4256
14.875 74.375 0.10895
14.875 74.625 -0.33041
14.875 74.875 0.36556
14.875 75.125 1.2362
14.875 75.375 1.2215
14.875 75.625 1.8973
14.875 75.875 2.6862
14.875 76.125 1.1037
14.875 76.375 0.80953
14.875 76.625 1.3484
14.875 76.875 1.3318
14.875 77.125 1.7253
14.875 77.375 0.72318
14.875 77.625 -0.039099
14.875 77.875 -0.043342
14.875 78.125 0.25968
14.875 78.375 -0.098626
14.875 78.625 -0.65451
14.875 78.875 -0.48871
14.875 79.125 -0.50013
14.875 79.375 -0.71344
14.875 79.625 0.34051
14.875 79.875 0.33412
15.125 74.125 0.25724
15.125 74.375 0.61686
15.125 74.625 0.36324
15.125 74.875 1.2817
15.125 75.125 2.1395
15.125 75.375 2.8881
15.125 75.625 1.8234
15.125 75.875 2.1578
15.125 76.125 1.7482
15.125 76.375 1.1782
15.125 76.625 1.3596
15.125 76.875 1.2903
15.125 77.125 1.0353
15.125 77.375 0.088369
15.125 77.625 0.20158
15.125 77.875 0.27215
15.125 78.125 -0.44869
15.125 78.375 -0.48226
15.125 78.625 -0.55888
15.125 78.875 -0.15399
15.125 79.125 -0.39695
15.125 79.375 -0.25412
15.125 79.625 0.30767
15.125 79.875 0.3763
15.375 73.875 -0.48126
15.375 74.125 0.70698
15.375 74.375 0.94744
15.375 74.625 0.71431
15.375 74.875 1.3183
15.375 75.125 1.7578
15.375 75.375 2.0343
15.375 75.625 0.99024
15.375 75.875 1.2163
15.375 76.125 0.83155
15.375 76.375 1.0974
15.375 76.625 0.53686
15.375 76.875 0.92708
15.375 77.125 0.7061
15.375 77.375 0.36341
15.375 77.625 0.10102
15.375 77.875 -0.036888
15.375 78.125 -0.028267
15.375 78.375 -0.38809
15.375 78.625 -0.56922
15.375 78.875 0.18265
15.375 79.125 -0.58973
15.375 79.375 -0.95692
15.375 79.625 -0.22857
15.375 79.875 0.027607
15.625 73.875 -0.29745
15.625 74.125 -0.41875
15.625 74.375 -0.44858
15.625 74.625 0.85451
15.625 74.875 1.595
15.625 75.125 1.3502
15.625 75.375 1.1509
15.625 75.625 0.70156
15.625 75.875 1.4215
15.625 76.125 0.73637
15.625 76.375 0.15908
15.625 76.625 0.28732
15.625 76.875 0.32828
15.625 77.125 0.31632
15.625 77.375 -0.05076
15.625 77.625 0.27382
15.625 77.875 -0.1499
15.625 78.125 -0.24245
15.625 78.375 -0.1648
15.625 78.625 -1.0656
15.625 78.875 -0.041289
15.625 79.125 -0.54487
15.625 79.375 -0.37648
15.625 79.625 0.46617
15.625 79.875 0.09387
15.625 80.125 0.057198
15.875 73.875 0.92527
15.875 74.125 0.41119
15.875 74.375 0.54989
15.875 74.625 1.1697
15.875 74.875 1.6734
15.875 75.125 2.0331
15.875 75.375 1.9469
15.875 75.625 1.0149
15.875 75.875 0.60448
15.875 76.125 1.5489
15.875 76.375 1.0532
15.875 76.625 0.98427
15.875 76.875 0.54705
15.875 77.125 -0.42964
15.875 77.375 0.05461
15.875 77.625 0.10604
15.875 77.875 0.058563
15.875 78.125 0.28899
15.875 78.375 0.3759
15.875 78.625 -0.4421
15.875 78.875 -0.49059
15.875 79.125 -0.60938
15.875 79.375 0.80754
15.875 79.625 0.063232
15.875 79.875 0.026516
15.875 80.125 0.12236
15.875 80.375 0.11426
15.875 80.625 NaN
15.875 80.875 0.21076
16.125 73.625 0.54719
16.125 73.875 0.28197
16.125 74.125 0.13054
16.125 74.375 0.95631
16.125 74.625 1.762
16.125 74.875 1.592
16.125 75.125 1.38
16.125 75.375 1.2975
16.125 75.625 0.47305
16.125 75.875 0.012428
16.125 76.125 1.2141
16.125 76.375 0.5313
16.125 76.625 0.41729
16.125 76.875 0.52949
16.125 77.125 0.53514
16.125 77.375 0.51926
16.125 77.625 0.2485
16.125 77.875 0.35247
16.125 78.125 0.15104
16.125 78.375 0.42952
16.125 78.625 -0.083132
16.125 78.875 -0.31455
16.125 79.125 -0.21616
16.125 79.375 0.24226
16.125 79.625 0.1399
16.125 79.875 0.033669
16.125 80.125 -0.013816
16.125 80.375 -0.27738
16.125 80.625 0.38263
16.125 80.875 0.15148
16.375 73.625 0.16392
16.375 73.875 0.5454
16.375 74.125 1.1619
16.375 74.375 1.9807
16.375 74.625 2.2368
16.375 74.875 1.3828
16.375 75.125 1.4435
16.375 75.375 0.93356
16.375 75.625 0.35536
16.375 75.875 0.27374
16.375 76.125 1.2336
16.375 76.375 0.47859
16.375 76.625 0.29256
16.375 76.875 0.73637
16.375 77.125 0.52385
16.375 77.375 0.94866
16.375 77.625 1.0725
16.375 77.875 -0.18231
16.375 78.125 0.56977
16.375 78.375 1.1253
16.375 78.625 0.85713
16.375 78.875 -0.49587
16.375 79.125 0.58034
16.375 79.375 -0.043284
16.375 79.625 -0.18245
16.375 79.875 -0.14635
16.375 80.125 -0.73628
16.375 80.375 -0.91788
16.375 80.625 0.34024
16.375 80.875 -0.058283
16.375 81.125 0.001064
16.375 81.375 NaN
16.375 81.625 NaN
16.625 73.625 0.63273
16.625 73.875 1.9885
16.625 74.125 1.4246
16.625 74.375 1.5406
16.625 74.625 1.2753
16.625 74.875 0.78985
16.625 75.125 0.94929
16.625 75.375 0.52674
16.625 75.625 1.3276
16.625 75.875 1.3976
16.625 76.125 1.0986
16.625 76.375 0.68607
16.625 76.625 0.43373
16.625 76.875 0.39607
16.625 77.125 0.7295
16.625 77.375 0.79897
16.625 77.625 1.3115
16.625 77.875 0.76569
16.625 78.125 1.6808
16.625 78.375 1.6776
16.625 78.625 0.85731
16.625 78.875 -0.55663
16.625 79.125 -0.80856
16.625 79.375 -0.37541
16.625 79.625 -0.39127
16.625 79.875 -0.44
16.625 80.125 -0.47634
16.625 80.375 0.23991
16.625 80.625 0.66027
16.625 80.875 -0.087324
16.625 81.125 0.38551
16.625 81.375 0.00043271
16.625 81.625 0.1945
16.625 81.875 0.20039
16.625 82.125 0.11169
16.875 73.375 0.84721
16.875 73.625 1.7778
16.875 73.875 1.752
16.875 74.125 -0.79711
16.875 74.375 0.48672
16.875 74.625 1.0115
16.875 74.875 0.73453
16.875 75.125 0.7877
16.875 75.375 1.851
16.875 75.625 1.5534
16.875 75.875 1.351
16.875 76.125 0.26218
16.875 76.375 0.11651
16.875 76.625 0.60978
16.875 76.875 0.89022
16.875 77.125 0.84061
16.875 77.375 0.86394
16.875 77.625 0.075103
16.875 77.875 0.63569
16.875 78.125 0.65291
16.875 78.375 0.51163
16.875 78.625 0.50274
16.875 78.875 0.15919
16.875 79.125 -0.238
16.875 79.375 0.09686
16.875 79.625 -0.81525
16.875 79.875 -0.71158
16.875 80.125 -0.16015
16.875 80.375 0.22111
16.875 80.625 0.89153
16.875 80.875 1.6777
16.875 81.125 0.4652
16.875 81.375 -0.45438
16.875 81.625 0.069053
16.875 81.875 0.55526
16.875 82.125 0.40995
17.125 73.375 0.65777
17.125 73.625 0.89654
17.125 73.875 0.22333
17.125 74.125 -0.18941
17.125 74.375 0.213
17.125 74.625 0.74075
17.125 74.875 0.40429
17.125 75.125 0.51909
17.125 75.375 1.0128
17.125 75.625 0.91173
17.125 75.875 -0.12593
17.125 76.125 0.18976
17.125 76.375 0.19297
17.125 76.625 0.21125
17.125 76.875 0.52362
17.125 77.125 0.62138
17.125 77.375 1.4744
17.125 77.625 0.39489
17.125 77.875 0.46205
17.125 78.125 0.11153
17.125 78.375 0.73612
17.125 78.625 0.048701
17.125 78.875 0.63758
17.125 79.125 1.2197
17.125 79.375 0.59315
17.125 79.625 0.14158
17.125 79.875 -0.14772
17.125 80.125 0.28323
17.125 80.375 0.2608
17.125 80.625 0.61317
17.125 80.875 0.77447
17.125 81.125 1.0353
17.125 81.375 0.76169
17.125 81.625 0.40343
17.125 81.875 0.75022
17.125 82.125 0.36591
17.125 82.375 0.26603
17.375 73.375 0.29938
17.375 73.625 0.87225
17.375 73.875 1.009
17.375 74.125 0.78188
17.375 74.375 0.38208
17.375 74.625 0.69652
17.375 74.875 0.18425
17.375 75.125 0.43544
17.375 75.375 0.60463
17.375 75.625 0.37837
17.375 75.875 -0.93288
17.375 76.125 -0.22685
17.375 76.375 0.53041
17.375 76.625 0.11191
17.375 76.875 0.38635
17.375 77.125 0.088625
17.375 77.375 1.2404
17.375 77.625 0.73735
17.375 77.875 -0.61395
17.375 78.125 1.0161
17.375 78.375 0.67648
17.375 78.625 -0.42083
17.375 78.875 1.6845
17.375 79.125 1.7454
17.375 79.375 0.8669
17.375 79.625 0.61341
17.375 79.875 0.301
17.375 80.125 0.84185
17.375 80.375 0.66105
17.375 80.625 0.33219
17.375 80.875 0.27691
17.375 81.125 0.3171
17.375 81.375 -0.035361
17.375 81.625 0.15993
17.375 81.875 0.33375
17.375 82.125 0.12011
17.375 82.375 -0.067696
17.375 82.625 NaN
17.625 73.375 0.5468
17.625 73.625 0.080234
17.625 73.875 0.68579
17.625 74.125 1.2266
17.625 74.375 0.56391
17.625 74.625 0.3338
17.625 74.875 0.40279
17.625 75.125 0.57981
17.625 75.375 0.49516
17.625 75.625 0.62288
17.625 75.875 -0.21121
17.625 76.125 0.53102
17.625 76.375 1.1042
17.625 76.625 0.73638
17.625 76.875 0.45357
17.625 77.125 0.61505
17.625 77.375 0.68876
17.625 77.625 1.0032
17.625 77.875 -0.1547
17.625 78.125 0.41957
17.625 78.375 0.49794
17.625 78.625 0.42959
17.625 78.875 1.2575
17.625 79.125 0.77757
17.625 79.375 0.87607
17.625 79.625 1.4465
17.625 79.875 1.067
17.625 80.125 0.79677
17.625 80.375 0.78122
17.625 80.625 0.44135
17.625 80.875 0.4686
17.625 81.125 0.28163
17.625 81.375 0.088581
17.625 81.625 0.032756
17.625 81.875 -0.24001
17.625 82.125 -0.1668
17.625 82.375 -0.21491
17.625 82.625 -0.22829
17.625 82.875 -0.28819
17.625 83.125 0.20305
17.875 73.375 0.30529
17.875 73.625 0.02932
17.875 73.875 0.85898
17.875 74.125 1.171
17.875 74.375 0.88429
17.875 74.625 0.52101
17.875 74.875 0.81264
17.875 75.125 0.58915
17.875 75.375 0.30141
17.875 75.625 0.75856
17.875 75.875 0.97558
17.875 76.125 0.79753
17.875 76.375 1.296
17.875 76.625 1.4213
17.875 76.875 0.65289
17.875 77.125 0.40168
17.875 77.375 0.18753
17.875 77.625 0.48475
17.875 77.875 0.46438
17.875 78.125 0.62352
17.875 78.375 0.65044
17.875 78.625 0.68223
17.875 78.875 1.1415
17.875 79.125 1.7387
17.875 79.375 0.10938
17.875 79.625 0.35006
17.875 79.875 1.5412
17.875 80.125 0.32367
17.875 80.375 0.43503
17.875 80.625 0.59958
17.875 80.875 0.62423
17.875 81.125 0.23849
17.875 81.375 -0.01157
17.875 81.625 -0.0051088
17.875 81.875 -0.22452
17.875 82.125 -0.39028
17.875 82.375 -0.2738
17.875 82.625 0.66423
17.875 82.875 0.31778
17.875 83.125 0.33406
17.875 83.375 0.27904
18.125 73.125 NaN
18.125 73.375 0.28029
18.125 73.625 0.75457
18.125 73.875 1.3183
18.125 74.125 0.97823
18.125 74.375 0.87085
18.125 74.625 1.2438
18.125 74.875 1.3747
18.125 75.125 1.0219
18.125 75.375 -0.29065
18.125 75.625 0.56018
18.125 75.875 0.83686
18.125 76.125 1.2824
18.125 76.375 1.4599
18.125 76.625 1.3622
18.125 76.875 0.87967
18.125 77.125 0.9001
18.125 77.375 1.0488
18.125 77.625 0.94374
18.125 77.875 0.90882
18.125 78.125 0.90572
18.125 78.375 1.2475
18.125 78.625 0.89557
18.125 78.875 0.87532
18.125 79.125 0.67039
18.125 79.375 1.2642
18.125 79.625 0.8987
18.125 79.875 1.2179
18.125 80.125 -0.41447
18.125 80.375 -0.14665
18.125 80.625 1.4268
18.125 80.875 0.95766
18.125 81.125 -0.15031
18.125 81.375 -0.079735
18.125 81.625 -0.11947
18.125 81.875 -0.28993
18.125 82.125 -0.22962
18.125 82.375 -0.17187
18.125 82.625 0.074464
18.125 82.875 0.26822
18.125 83.125 0.18546
18.125 83.375 0.47954
18.125 83.625 0.39995
18.375 73.125 -0.14426
18.375 73.375 0.51368
18.375 73.625 1.0502
18.375 73.875 1.2588
18.375 74.125 0.93602
18.375 74.375 0.35221
18.375 74.625 1.4884
18.375 74.875 1.6144
18.375 75.125 1.0442
18.375 75.375 1.3223
18.375 75.625 0.98356
18.375 75.875 0.75277
18.375 76.125 1.1181
18.375 76.375 1.0501
18.375 76.625 0.42398
18.375 76.875 0.88379
18.375 77.125 0.73294
18.375 77.375 0.3497
18.375 77.625 0.59742
18.375 77.875 0.78107
18.375 78.125 1.2607
18.375 78.375 1.1828
18.375 78.625 1.5407
18.375 78.875 1.3892
18.375 79.125 -1.5871
18.375 79.375 0.21412
18.375 79.625 0.5212
18.375 79.875 0.12668
18.375 80.125 -0.37559
18.375 80.375 0.72837
18.375 80.625 1.0015
18.375 80.875 0.1491
18.375 81.125 -0.2457
18.375 81.375 -0.15117
18.375 81.625 -0.13796
18.375 81.875 0.2015
18.375 82.125 0.68516
18.375 82.375 0.34245
18.375 82.625 0.62359
18.375 82.875 0.39806
18.375 83.125 0.5302
18.375 83.375 -0.097525
18.375 83.625 0.079481
18.375 83.875 0.15388
18.625 73.125 1.0693
18.625 73.375 0.39632
18.625 73.625 0.085795
18.625 73.875 0.91127
18.625 74.125 1.5904
18.625 74.375 1.1341
18.625 74.625 1.7044
18.625 74.875 2.4275
18.625 75.125 0.85692
18.625 75.375 0.91925
18.625 75.625 0.67025
18.625 75.875 0.42823
18.625 76.125 0.66573
18.625 76.375 0.185
18.625 76.625 0.16323
18.625 76.875 -0.040934
18.625 77.125 0.46932
18.625 77.375 0.49814
18.625 77.625 1.106
18.625 77.875 1.2144
18.625 78.125 1.3994
18.625 78.375 1.4993
18.625 78.625 0.97304
18.625 78.875 1.0574
18.625 79.125 0.81079
18.625 79.375 0.49329
18.625 79.625 1.1041
18.625 79.875 0.51694
18.625 80.125 0.31349
18.625 80.375 0.29904
18.625 80.625 0.42038
18.625 80.875 -0.28612
18.625 81.125 -0.33219
18.625 81.375 -0.065238
18.625 81.625 0.43102
18.625 81.875 0.93684
18.625 82.125 0.83845
18.625 82.375 1.0024
18.625 82.625 0.68303
18.625 82.875 0.8377
18.625 83.125 0.51704
18.625 83.375 -0.026446
18.625 83.625 -0.013943
18.625 83.875 0.54451
18.625 84.125 0.45771
18.875 73.125 1.0751
18.875 73.375 0.12001
18.875 73.625 1.2399
18.875 73.875 1.152
18.875 74.125 1.5117
18.875 74.375 1.8404
18.875 74.625 0.7261
18.875 74.875 0.96443
18.875 75.125 -0.25124
18.875 75.375 -0.032136
18.875 75.625 0.29911
18.875 75.875 0.19695
18.875 76.125 0.5277
18.875 76.375 0.27997
18.875 76.625 0.29657
18.875 76.875 0.1272
18.875 77.125 0.44261
18.875 77.375 0.91984
18.875 77.625 1.2011
18.875 77.875 1.5728
18.875 78.125 1.7441
18.875 78.375 1.9378
18.875 78.625 1.085
18.875 78.875 1.0269
18.875 79.125 0.92698
18.875 79.375 0.99049
18.875 79.625 1.1536
18.875 79.875 0.84227
18.875 80.125 0.46131
18.875 80.375 0.093882
18.875 80.625 0.0015215
18.875 80.875 -0.22912
18.875 81.125 -0.14056
18.875 81.375 0.41359
18.875 81.625 1.0068
18.875 81.875 0.74289
18.875 82.125 0.82271
18.875 82.375 0.92317
18.875 82.625 0.037827
18.875 82.875 0.016151
18.875 83.125 -0.058447
18.875 83.375 -0.21919
18.875 83.625 1.0941
18.875 83.875 1.1209
18.875 84.125 -0.17672
18.875 84.375 -0.24729
19.125 73.125 1.1879
19.125 73.375 1.8549
19.125 73.625 2.671
19.125 73.875 2.4738
19.125 74.125 1.758
19.125 74.375 2.1801
19.125 74.625 1.1415
19.125 74.875 0.80635
19.125 75.125 0.44682
19.125 75.375 0.0027798
19.125 75.625 0.55122
19.125 75.875 0.37063
19.125 76.125 0.042749
19.125 76.375 0.21691
19.125 76.625 0.19145
19.125 76.875 -0.23858
19.125 77.125 0.43267
19.125 77.375 0.83952
19.125 77.625 0.94662
19.125 77.875 1.3908
19.125 78.125 1.6908
19.125 78.375 1.4187
19.125 78.625 1.2923
19.125 78.875 1.1006
19.125 79.125 0.90648
19.125 79.375 0.76176
19.125 79.625 1.0697
19.125 79.875 0.83027
19.125 80.125 0.47528
19.125 80.375 0.33801
19.125 80.625 0.066846
19.125 80.875 -0.13778
19.125 81.125 -0.059843
19.125 81.375 0.05227
19.125 81.625 0.87503
19.125 81.875 0.482
19.125 82.125 0.34877
19.125 82.375 -0.11384
19.125 82.625 -0.59535
19.125 82.875 -0.36502
19.125 83.125 -0.10372
19.125 83.375 0.13282
19.125 83.625 1.2704
19.125 83.875 1.0356
19.125 84.125 0.1333
19.125 84.375 0.28062
19.125 84.625 0.18969
19.375 72.875 0.75736
19.375 73.125 1.4304
19.375 73.375 2.3262
19.375 73.625 2.9234
19.375 73.875 2.3531
19.375 74.125 2.7423
19.375 74.375 2.4475
19.375 74.625 1.9368
19.375 74.875 1.9815
19.375 75.125 0.9185
19.375 75.375 0.57279
19.375 75.625 0.97378
19.375 75.875 0.221
19.375 76.125 -0.18764
19.375 76.375 -0.27249
19.375 76.625 -0.57206
19.375 76.875 -0.47152
19.375 77.125 -0.057892
19.375 77.375 0.42873
19.375 77.625 0.68355
19.375 77.875 1.2348
19.375 78.125 1.1732
19.375 78.375 1.062
19.375 78.625 0.96129
19.375 78.875 0.76365
19.375 79.125 0.64867
19.375 79.375 0.50824
19.375 79.625 0.89576
19.375 79.875 0.62792
19.375 80.125 0.44174
19.375 80.375 0.32189
19.375 80.625 0.058268
19.375 80.875 0.12296
19.375 81.125 -0.32881
19.375 81.375 -0.62975
19.375 81.625 -0.056957
19.375 81.875 0.83682
19.375 82.125 1.5063
19.375 82.375 -0.30324
19.375 82.625 -0.37322
19.375 82.875 -0.12186
19.375 83.125 -0.59158
19.375 83.375 -0.018594
19.375 83.625 0.67299
19.375 83.875 0.45642
19.375 84.125 0.2471
19.375 84.375 0.23173
19.375 84.625 0.1035
19.375 84.875 0.06775
19.625 72.875 0.37364
19.625 73.125 1.439
19.625 73.375 2.3151
19.625 73.625 3.3253
19.625 73.875 3.0263
19.625 74.125 3.0252
19.625 74.375 2.9895
19.625 74.625 2.013
19.625 74.875 2.0549
19.625 75.125 1.0266
19.625 75.375 0.093586
19.625 75.625 -0.35042
19.625 75.875 0.077142
19.625 76.125 0.029202
19.625 76.375 -0.35907
19.625 76.625 -0.73174
19.625 76.875 -0.43411
19.625 77.125 -0.37792
19.625 77.375 0.28521
19.625 77.625 1.7367
19.625 77.875 1.2891
19.625 78.125 0.80981
19.625 78.375 0.67737
19.625 78.625 0.50573
19.625 78.875 0.38828
19.625 79.125 0.11269
19.625 79.375 0.16853
19.625 79.625 0.74068
19.625 79.875 0.58425
19.625 80.125 0.41025
19.625 80.375 0.27606
19.625 80.625 0.15505
19.625 80.875 0.31709
19.625 81.125 -0.18988
19.625 81.375 -0.51173
19.625 81.625 0.053527
19.625 81.875 0.46965
19.625 82.125 0.0027449
19.625 82.375 0.28475
19.625 82.625 -0.095478
19.625 82.875 0.25727
19.625 83.125 0.45422
19.625 83.375 0.9356
19.625 83.625 1.2398
19.625 83.875 1.1479
19.625 84.125 0.57287
19.625 84.375 0.40703
19.625 84.625 0.36985
19.625 84.875 0.18575
19.625 85.125 0.0095727
19.625 85.375 -0.52996
19.875 72.875 1.0002
19.875 73.125 1.2098
19.875 73.375 2.4433
19.875 73.625 2.3165
19.875 73.875 1.5268
19.875 74.125 1.9105
19.875 74.375 1.6196
19.875 74.625 1.5629
19.875 74.875 1.5191
19.875 75.125 0.64001
19.875 75.375 0.052738
19.875 75.625 0.24054
19.875 75.875 0.97767
19.875 76.125 0.38295
19.875 76.375 0.15677
19.875 76.625 0.13954
19.875 76.875 0.29869
19.875 77.125 0.13263
19.875 77.375 0.56556
19.875 77.625 2.1422
19.875 77.875 1.3043
19.875 78.125 0.64969
19.875 78.375 0.70642
19.875 78.625 0.75695
19.875 78.875 0.4306
19.875 79.125 0.42687
19.875 79.375 0.96206
19.875 79.625 0.70735
19.875 79.875 0.59112
19.875 80.125 0.51337
19.875 80.375 0.28666
19.875 80.625 0.16925
19.875 80.875 0.18507
19.875 81.125 -0.04333
19.875 81.375 -0.051371
19.875 81.625 -0.09031
19.875 81.875 0.17927
19.875 82.125 -0.65155
19.875 82.375 0.18456
19.875 82.625 -0.32323
19.875 82.875 -0.28928
19.875 83.125 0.65693
19.875 83.375 0.93956
19.875 83.625 1.2816
19.875 83.875 1.1322
19.875 84.125 0.62741
19.875 84.375 0.44802
19.875 84.625 0.20112
19.875 84.875 -0.3378
19.875 85.125 -0.51649
19.875 85.375 -0.50785
19.875 85.625 NaN
19.875 85.875 NaN
19.875 86.125 NaN
20.125 72.875 1.598
20.125 73.125 2.2207
20.125 73.375 0.97569
20.125 73.625 1.9068
20.125 73.875 1.4662
20.125 74.125 1.3488
20.125 74.375 1.1587
20.125 74.625 1.1472
20.125 74.875 1.2862
20.125 75.125 0.84539
20.125 75.375 0.95534
20.125 75.625 0.62259
20.125 75.875 0.87136
20.125 76.125 0.47719
20.125 76.375 0.27284
20.125 76.625 0.14716
20.125 76.875 0.31377
20.125 77.125 0.72941
20.125 77.375 0.85624
20.125 77.625 1.5198
20.125 77.875 1.1725
20.125 78.125 0.82614
20.125 78.375 0.74919
20.125 78.625 0.47227
20.125 78.875 0.38578
20.125 79.125 0.40286
20.125 79.375 0.01326
20.125 79.625 0.64774
20.125 79.875 0.55989
20.125 80.125 0.59345
20.125 80.375 0.45446
20.125 80.625 0.31324
20.125 80.875 0.24621
20.125 81.125 0.13617
20.125 81.375 0.28728
20.125 81.625 0.36324
20.125 81.875 -0.18089
20.125 82.125 -0.17257
20.125 82.375 -0.28071
20.125 82.625 -0.26692
20.125 82.875 -0.70938
20.125 83.125 0.45212
20.125 83.375 0.95874
20.125 83.625 1.3565
20.125 83.875 1.4066
20.125 84.125 1.4447
20.125 84.375 0.82607
20.125 84.625 0.22925
20.125 84.875 0.051294
20.125 85.125 0.074663
20.125 85.375 -0.13281
20.125 85.625 0.1584
20.125 85.875 -0.2746
20.125 86.125 -0.054114
20.125 86.375 NaN
20.375 73.125 1.6368
20.375 73.375 1.0365
20.375 73.625 1.5208
20.375 73.875 1.2762
20.375 74.125 0.95451
20.375 74.375 0.66674
20.375 74.625 1.1632
20.375 74.875 1.1783
20.375 75.125 1.1435
20.375 75.375 0.85334
20.375 75.625 0.90742
20.375 75.875 1.3902
20.375 76.125 0.74648
20.375 76.375 0.30365
20.375 76.625 0.10943
20.375 76.875 0.36019
20.375 77.125 0.4575
20.375 77.375 1.0939
20.375 77.625 1.1673
20.375 77.875 0.95715
20.375 78.125 1.0303
20.375 78.375 0.97717
20.375 78.625 1.0043
20.375 78.875 0.47042
20.375 79.125 0.17371
20.375 79.375 0.14819
20.375 79.625 0.62478
20.375 79.875 0.51081
20.375 80.125 0.74939
20.375 80.375 0.66934
20.375 80.625 0.45017
20.375 80.875 0.46681
20.375 81.125 0.73149
20.375 81.375 0.62758
20.375 81.625 0.26564
20.375 81.875 0.0658
20.375 82.125 -0.48603
20.375 82.375 -0.39405
20.375 82.625 0.47376
20.375 82.875 0.35057
20.375 83.125 -0.069514
20.375 83.375 -0.045579
20.375 83.625 1.5055
20.375 83.875 1.1938
20.375 84.125 0.8685
20.375 84.375 1.0842
20.375 84.625 0.5126
20.375 84.875 0.21721
20.375 85.125 -0.42039
20.375 85.375 -0.55036
20.375 85.625 -0.49926
20.375 85.875 -0.24719
20.375 86.125 -0.24922
20.375 86.375 -0.56078
20.375 86.625 NaN
20.625 73.125 0.52591
20.625 73.375 0.47621
20.625 73.625 -0.14554
20.625 73.875 0.015995
20.625 74.125 1.0274
20.625 74.375 1.7908
20.625 74.625 1.3885
20.625 74.875 0.3814
20.625 75.125 1.3401
20.625 75.375 1.1037
20.625 75.625 0.6552
20.625 75.875 -0.1317
20.625 76.125 -0.07095
20.625 76.375 0.11997
20.625 76.625 0.4133
20.625 76.875 0.23565
20.625 77.125 -0.19322
20.625 77.375 0.67049
20.625 77.625 1.0008
20.625 77.875 1.2881
20.625 78.125 1.5423
20.625 78.375 1.4685
20.625 78.625 1.4339
20.625 78.875 1.0112
20.625 79.125 0.84119
20.625 79.375 0.42189
20.625 79.625 0.74242
20.625 79.875 0.73587
20.625 80.125 1.1659
20.625 80.375 0.30442
20.625 80.625 0.46888
20.625 80.875 0.65701
20.625 81.125 1.0303
20.625 81.375 0.96707
20.625 81.625 0.2781
20.625 81.875 0.056827
20.625 82.125 -0.39098
20.625 82.375 -0.31307
20.625 82.625 -0.62074
20.625 82.875 -0.34876
20.625 83.125 -0.30163
20.625 83.375 -0.42405
20.625 83.625 -0.48443
20.625 83.875 0.32162
20.625 84.125 -0.21396
20.625 84.375 0.51597
20.625 84.625 -0.084336
20.625 84.875 0.092662
20.625 85.125 -0.20755
20.625 85.375 -0.012453
20.625 85.625 -0.97716
20.625 85.875 -0.19993
20.625 86.125 -0.34617
20.625 86.375 -0.53224
20.625 86.625 -0.59075
20.625 86.875 NaN
20.875 70.625 0.086596
20.875 70.875 0.081198
20.875 71.125 0.069914
20.875 71.375 0.037948
20.875 72.875 1.0304
20.875 73.125 0.74047
20.875 73.375 0.11589
20.875 73.625 -0.39908
20.875 73.875 0.38553
20.875 74.125 1.6645
20.875 74.375 1.872
20.875 74.625 1.4995
20.875 74.875 0.45193
20.875 75.125 1.1913
20.875 75.375 0.71925
20.875 75.625 0.23522
20.875 75.875 -0.24848
20.875 76.125 -0.21958
20.875 76.375 0.58757
20.875 76.625 0.70438
20.875 76.875 0.3734
20.875 77.125 0.42071
20.875 77.375 0.7444
20.875 77.625 1.4795
20.875 77.875 1.1336
20.875 78.125 1.7245
20.875 78.375 1.8793
20.875 78.625 1.4855
20.875 78.875 1.6854
20.875 79.125 1.8475
20.875 79.375 1
20.875 79.625 0.82224
20.875 79.875 0.81266
20.875 80.125 0.79372
20.875 80.375 0.32391
20.875 80.625 0.264
20.875 80.875 0.54397
20.875 81.125 0.47141
20.875 81.375 0.24144
20.875 81.625 0.17414
20.875 81.875 0.087324
20.875 82.125 -0.5821
20.875 82.375 0.16898
20.875 82.625 -0.77066
20.875 82.875 -0.42274
20.875 83.125 -0.7573
20.875 83.375 -1.0423
20.875 83.625 -0.59014
20.875 83.875 -0.56715
20.875 84.125 -0.84569
20.875 84.375 0.16876
20.875 84.625 -0.31249
20.875 84.875 -0.57317
20.875 85.125 -0.029842
20.875 85.375 -0.23334
20.875 85.625 -0.6429
20.875 85.875 -0.67724
20.875 86.125 -0.79113
20.875 86.375 -0.59237
20.875 86.625 -0.29378
21.125 70.375 0.53236
21.125 70.625 0.51379
21.125 70.875 -0.19214
21.125 71.125 0.1321
21.125 71.375 -0.062971
21.125 71.625 NaN
21.125 71.875 NaN
21.125 72.875 0.5868
21.125 73.125 0.16844
21.125 73.375 0.46299
21.125 73.625 0.2
21.125 73.875 1.1245
21.125 74.125 1.4432
21.125 74.375 0.17455
21.125 74.625 0.28964
21.125 74.875 -0.04131
21.125 75.125 -0.36035
21.125 75.375 0.82011
21.125 75.625 0.46673
21.125 75.875 0.27559
21.125 76.125 1.2283
21.125 76.375 1.3794
21.125 76.625 0.43891
21.125 76.875 0.22204
21.125 77.125 0.6434
21.125 77.375 1.4143
21.125 77.625 1.6643
21.125 77.875 1.6636
21.125 78.125 2.0044
21.125 78.375 1.9531
21.125 78.625 1.2222
21.125 78.875 1.9681
21.125 79.125 1.4555
21.125 79.375 1.7074
21.125 79.625 1.2372
21.125 79.875 1.2482
21.125 80.125 0.77365
21.125 80.375 0.35619
21.125 80.625 0.4502
21.125 80.875 0.55496
21.125 81.125 0.13276
21.125 81.375 0.1115
21.125 81.625 -0.27977
21.125 81.875 0.13101
21.125 82.125 -0.27906
21.125 82.375 0.1576
21.125 82.625 0.043199
21.125 82.875 -0.20057
21.125 83.125 -0.41519
21.125 83.375 -0.68149
21.125 83.625 0.070243
21.125 83.875 -0.056961
21.125 84.125 0.17271
21.125 84.375 0.17813
21.125 84.625 -0.63367
21.125 84.875 -0.68219
21.125 85.125 -0.68517
21.125 85.375 -0.18617
21.125 85.625 -0.2708
21.125 85.875 -0.42931
21.125 86.125 -0.24694
21.125 86.375 -0.36619
21.125 86.625 -0.34213
21.375 70.125 0.30061
21.375 70.375 0.077668
21.375 70.625 0.12369
21.375 70.875 -0.12255
21.375 71.125 0.077572
21.375 71.375 -0.33497
21.375 71.625 -0.52711
21.375 71.875 -0.57341
21.375 72.875 0.40654
21.375 73.125 1.2612
21.375 73.375 1.2967
21.375 73.625 1.4283
21.375 73.875 1.0121
21.375 74.125 0.4989
21.375 74.375 0.19665
21.375 74.625 0.21457
21.375 74.875 1.0326
21.375 75.125 0.69743
21.375 75.375 0.45535
21.375 75.625 0.57188
21.375 75.875 0.62855
21.375 76.125 1.5154
21.375 76.375 1.1336
21.375 76.625 0.64637
21.375 76.875 0.15392
21.375 77.125 0.7053
21.375 77.375 2.1362
21.375 77.625 1.6399
21.375 77.875 1.5241
21.375 78.125 1.8018
21.375 78.375 2.7324
21.375 78.625 2.568
21.375 78.875 2.3312
21.375 79.125 2.1072
21.375 79.375 1.9303
21.375 79.625 1.7667
21.375 79.875 1.3523
21.375 80.125 -0.27452
21.375 80.375 -0.052246
21.375 80.625 0.084527
21.375 80.875 0.041891
21.375 81.125 -0.12004
21.375 81.375 0.037168
21.375 81.625 0.62384
21.375 81.875 1.1835
21.375 82.125 0.60349
21.375 82.375 0.5357
21.375 82.625 0.52563
21.375 82.875 0.29875
21.375 83.125 -0.4025
21.375 83.375 -0.24359
21.375 83.625 -0.079175
21.375 83.875 -0.097851
21.375 84.125 -0.10954
21.375 84.375 -0.042976
21.375 84.625 0.034721
21.375 84.875 -0.43747
21.375 85.125 -0.44238
21.375 85.375 -0.52492
21.375 85.625 -0.46893
21.375 85.875 -0.3428
21.375 86.125 0.42742
21.375 86.375 -0.58418
21.375 86.625 -0.45093
21.375 86.875 -0.52987
21.625 69.875 0.35374
21.625 70.125 -0.06293
21.625 70.375 0.076616
21.625 70.625 0.1244
21.625 70.875 0.19095
21.625 71.125 0.14241
21.625 71.375 0.33714
21.625 71.625 -0.043873
21.625 71.875 -0.21867
21.625 72.125 -0.21036
21.625 72.875 -0.0072787
21.625 73.125 0.059455
21.625 73.375 0.47398
21.625 73.625 0.59725
21.625 73.875 0.18349
21.625 74.125 0.31556
21.625 74.375 0.42173
21.625 74.625 1.2615
21.625 74.875 1.4027
21.625 75.125 0.82817
21.625 75.375 0.25517
21.625 75.625 0.59342
21.625 75.875 0.73592
21.625 76.125 0.7724
21.625 76.375 0.76738
21.625 76.625 0.4356
21.625 76.875 0.92165
21.625 77.125 1.4646
21.625 77.375 2.0565
21.625 77.625 1.1568
21.625 77.875 1.3187
21.625 78.125 1.6456
21.625 78.375 2.6921
21.625 78.625 3.0936
21.625 78.875 2.8323
21.625 79.125 2.0898
21.625 79.375 1.1833
21.625 79.625 1.7309
21.625 79.875 0.74155
21.625 80.125 -0.037733
21.625 80.375 0.47888
21.625 80.625 0.20595
21.625 80.875 -0.033046
21.625 81.125 -0.23007
21.625 81.375 -0.18156
21.625 81.625 0.66967
21.625 81.875 1.1781
21.625 82.125 1.1685
21.625 82.375 0.85649
21.625 82.625 0.48104
21.625 82.875 NaN
21.625 83.125 0.19002
21.625 83.375 -0.22027
21.625 83.625 -0.32392
21.625 83.875 -0.36327
21.625 84.125 -0.55319
21.625 84.375 -0.66262
21.625 84.625 -0.23815
21.625 84.875 -0.31282
21.625 85.125 -0.60129
21.625 85.375 -0.48326
21.625 85.625 -0.31642
21.625 85.875 0.15861
21.625 86.125 -0.12857
21.625 86.375 -0.17617
21.625 86.625 -0.63595
21.625 86.875 -0.35757
21.625 87.125 -0.39218
21.625 87.375 NaN
21.875 69.375 NaN
21.875 69.625 0.26738
21.875 69.875 0.11908
21.875 70.125 0.075102
21.875 70.375 0.25974
21.875 70.625 0.13291
21.875 70.875 -0.24309
21.875 71.125 -0.11139
21.875 71.375 0.25026
21.875 71.625 0.11567
21.875 71.875 -0.032107
21.875 72.125 -0.021623
21.875 72.625 NaN
21.875 72.875 0.55839
21.875 73.125 0.28409
21.875 73.375 0.01642
21.875 73.625 -0.2719
21.875 73.875 0.038115
21.875 74.125 0.12215
21.875 74.375 0.84396
21.875 74.625 1.7776
21.875 74.875 1.3608
21.875 75.125 -0.14048
21.875 75.375 -0.29688
21.875 75.625 0.63726
21.875 75.875 0.69718
21.875 76.125 0.54203
21.875 76.375 0.71387
21.875 76.625 0.52859
21.875 76.875 0.34123
21.875 77.125 1.4051
21.875 77.375 1.5378
21.875 77.625 1.374
21.875 77.875 1.1353
21.875 78.125 1.5112
21.875 78.375 2.2765
21.875 78.625 2.4201
21.875 78.875 2.3199
21.875 79.125 1.4593
21.875 79.375 0.99343
21.875 79.625 1.3563
21.875 79.875 0.94829
21.875 80.125 0.92655
21.875 80.375 1.1458
21.875 80.625 0.49152
21.875 80.875 0.37706
21.875 81.125 0.18493
21.875 81.375 0.12242
21.875 81.625 0.50685
21.875 81.875 0.64463
21.875 82.125 0.64162
21.875 82.375 1.0761
21.875 82.625 -0.14791
21.875 82.875 -0.12889
21.875 83.125 0.13614
21.875 83.375 0.57189
21.875 83.625 -0.036531
21.875 83.875 -0.12309
21.875 84.125 -0.28204
21.875 84.375 -0.31976
21.875 84.625 -0.16988
21.875 84.875 -0.37773
21.875 85.125 -0.52028
21.875 85.375 -0.50568
21.875 85.625 -0.28963
21.875 85.875 0.31793
21.875 86.125 -0.19667
21.875 86.375 -0.25671
21.875 86.625 -0.35863
21.875 86.875 -0.39975
21.875 87.125 -0.45625
21.875 87.375 -0.35913
21.875 87.625 -0.66461
21.875 87.875 -1.2919
21.875 88.375 -0.692
21.875 88.625 NaN
21.875 88.875 NaN
22.125 69.125 0.69558
22.125 69.375 0.87636
22.125 69.625 0.63356
22.125 69.875 -0.10898
22.125 70.125 0.028602
22.125 70.375 0.13915
22.125 70.625 0.4369
22.125 70.875 0.15756
22.125 71.125 0.30273
22.125 71.375 0.023417
22.125 71.625 -0.016232
22.125 71.875 -0.10432
22.125 72.125 -0.15726
22.125 72.625 NaN
22.125 72.875 -0.24229
22.125 73.125 -0.24344
22.125 73.375 0.066867
22.125 73.625 -0.036541
22.125 73.875 -0.16326
22.125 74.125 -0.049779
22.125 74.375 0.18772
22.125 74.625 1.0129
22.125 74.875 0.52849
22.125 75.125 -0.19196
22.125 75.375 -0.28001
22.125 75.625 0.50764
22.125 75.875 0.71204
22.125 76.125 0.92306
22.125 76.375 0.84573
22.125 76.625 0.56111
22.125 76.875 0.53529
22.125 77.125 1.0758
22.125 77.375 1.4753
22.125 77.625 1.6195
22.125 77.875 1.5605
22.125 78.125 1.2949
22.125 78.375 1.0738
22.125 78.625 1.2635
22.125 78.875 0.51839
22.125 79.125 0.79135
22.125 79.375 0.78696
22.125 79.625 0.73971
22.125 79.875 1.2002
22.125 80.125 1.0168
22.125 80.375 0.88472
22.125 80.625 0.47619
22.125 80.875 0.34066
22.125 81.125 0.82175
22.125 81.375 0.49884
22.125 81.625 0.573
22.125 81.875 0.59095
22.125 82.125 0.11137
22.125 82.375 -0.31314
22.125 82.625 -0.060201
22.125 82.875 -0.19898
22.125 83.125 -0.086283
22.125 83.375 0.12724
22.125 83.625 -0.37159
22.125 83.875 -0.45073
22.125 84.125 -0.12228
22.125 84.375 -0.12405
22.125 84.625 0.02988
22.125 84.875 -0.0691
22.125 85.125 -0.3613
22.125 85.375 -0.37556
22.125 85.625 -0.12914
22.125 85.875 -0.1408
22.125 86.125 -0.22641
22.125 86.375 -0.088694
22.125 86.625 -0.17877
22.125 86.875 -0.25702
22.125 87.125 -0.44828
22.125 87.375 -0.83305
22.125 87.625 -0.82202
22.125 87.875 -0.76918
22.125 88.125 -0.38174
22.125 88.375 -0.43589
22.125 92.875 NaN
22.375 69.125 0.81759
22.375 69.875 0.010217
22.375 70.125 0.22277
22.375 70.375 -0.30921
22.375 70.625 0.033777
22.375 70.875 -0.10562
22.375 71.125 -0.041757
22.375 71.375 -0.019891
22.375 71.625 -0.34371
22.375 71.875 -0.17186
22.375 72.125 -0.44048
22.375 72.625 NaN
22.375 72.875 -0.65765
22.375 73.125 -0.39612
22.375 73.375 -0.34597
22.375 73.625 0.34899
22.375 73.875 -0.73837
22.375 74.125 -0.19911
22.375 74.375 -0.043815
22.375 74.625 0.06765
22.375 74.875 0.0539
22.375 75.125 0.036124
22.375 75.375 0.31831
22.375 75.625 0.37292
22.375 75.875 0.71951
22.375 76.125 1.195
22.375 76.375 1.2146
22.375 76.625 1.4144
22.375 76.875 0.7979
22.375 77.125 1.0036
22.375 77.375 1.5054
22.375 77.625 1.9879
22.375 77.875 1.8356
22.375 78.125 1.1418
22.375 78.375 0.94192
22.375 78.625 0.78707
22.375 78.875 1.1154
22.375 79.125 1.3689
22.375 79.375 1.3954
22.375 79.625 0.66199
22.375 79.875 0.62151
22.375 80.125 0.7839
22.375 80.375 0.95996
22.375 80.625 0.84194
22.375 80.875 0.96251
22.375 81.125 1.5333
22.375 81.375 1.6851
22.375 81.625 1.1205
22.375 81.875 0.42017
22.375 82.125 0.058709
22.375 82.375 -0.22426
22.375 82.625 -0.32166
22.375 82.875 -0.050605
22.375 83.125 0.085485
22.375 83.375 -0.089678
22.375 83.625 -0.29355
22.375 83.875 -0.32066
22.375 84.125 -0.15133
22.375 84.375 -0.31308
22.375 84.625 -0.23258
22.375 84.875 -0.15182
22.375 85.125 -0.28478
22.375 85.375 -0.13526
22.375 85.625 -0.089178
22.375 85.875 -0.16437
22.375 86.125 -0.34017
22.375 86.375 -0.14613
22.375 86.625 -0.19911
22.375 86.875 -0.45351
22.375 87.125 -0.43684
22.375 87.375 -0.83851
22.375 87.625 -0.97936
22.375 87.875 -0.81688
22.375 88.125 -1.068
22.375 88.375 -0.79956
22.375 88.625 -0.75982
22.375 88.875 -0.75098
22.375 92.875 1.4907
22.625 70.375 0.59552
22.625 70.625 0.57931
22.625 70.875 -0.0055931
22.625 71.125 -0.14995
22.625 71.375 -0.073091
22.625 71.625 -0.19403
22.625 71.875 -0.7446
22.625 72.125 -0.84431
22.625 72.375 -0.30652
22.625 72.625 0.22059
22.625 72.875 -0.41875
22.625 73.125 -0.4411
22.625 73.375 -0.021708
22.625 73.625 -0.52481
22.625 73.875 -0.79788
22.625 74.125 -0.64066
22.625 74.375 -0.21045
22.625 74.625 -0.071332
22.625 74.875 0.064756
22.625 75.125 0.15367
22.625 75.375 0.37143
22.625 75.625 0.37916
22.625 75.875 1.4061
22.625 76.125 1.2885
22.625 76.375 1.1345
22.625 76.625 1.4116
22.625 76.875 0.90651
22.625 77.125 1.0304
22.625 77.375 1.7588
22.625 77.625 1.8052
22.625 77.875 1.977
22.625 78.125 1.5855
22.625 78.375 1.0349
22.625 78.625 0.65131
22.625 78.875 1.1442
22.625 79.125 1.2972
22.625 79.375 1.2258
22.625 79.625 0.55835
22.625 79.875 0.48121
22.625 80.125 0.5064
22.625 80.375 0.78378
22.625 80.625 1.341
22.625 80.875 1.549
22.625 81.125 1.5304
22.625 81.375 1.8064
22.625 81.625 0.91262
22.625 81.875 0.44016
22.625 82.125 0.0085925
22.625 82.375 -0.10594
22.625 82.625 0.24412
22.625 82.875 0.34013
22.625 83.125 0.16372
22.625 83.375 0.091804
22.625 83.625 0.08232
22.625 83.875 -0.13136
22.625 84.125 -0.39616
22.625 84.375 -0.58671
22.625 84.625 -0.4628
22.625 84.875 -0.091624
22.625 85.125 -0.38039
22.625 85.375 -0.29985
22.625 85.625 0.27569
22.625 85.875 0.7331
22.625 86.125 -0.40447
22.625 86.375 -0.45688
22.625 86.625 -0.32421
22.625 86.875 -0.34977
22.625 87.125 -0.30067
22.625 87.375 -0.81746
22.625 87.625 -0.7677
22.625 87.875 -1.0902
22.625 88.125 -0.96466
22.625 88.375 -0.8641
22.625 88.625 -0.7681
22.625 88.875 -0.74621
22.625 92.625 0.019727
22.625 92.875 1.1669
22.875 69.375 NaN
22.875 69.625 NaN
22.875 69.875 NaN
22.875 70.625 0.49767
22.875 70.875 0.10499
22.875 71.125 -0.22466
22.875 71.375 -0.43698
22.875 71.625 -0.42336
22.875 71.875 -1.0207
22.875 72.125 -0.76717
22.875 72.375 -0.41396
22.875 72.625 0.7356
22.875 72.875 -0.33587
22.875 73.125 -0.12658
22.875 73.375 -0.072716
22.875 73.625 0.089862
22.875 73.875 -0.58177
22.875 74.125 -0.21783
22.875 74.375 -0.11874
22.875 74.625 -0.18806
22.875 74.875 0.33337
22.875 75.125 0.42779
22.875 75.375 0.53134
22.875 75.625 0.66025
22.875 75.875 1.5484
22.875 76.125 1.8855
22.875 76.375 1.4389
22.875 76.625 1.5087
22.875 76.875 1.4341
22.875 77.125 1.6972
22.875 77.375 1.73
22.875 77.625 1.8842
22.875 77.875 1.8871
22.875 78.125 2.0023
22.875 78.375 1.1586
22.875 78.625 0.61486
22.875 78.875 0.82329
22.875 79.125 1.118
22.875 79.375 0.67872
22.875 79.625 0.55042
22.875 79.875 0.32904
22.875 80.125 0.16382
22.875 80.375 0.49567
22.875 80.625 1.5587
22.875 80.875 1.5128
22.875 81.125 1.39
22.875 81.375 1.2836
22.875 81.625 0.1603
22.875 81.875 -0.36739
22.875 82.125 -0.35888
22.875 82.375 0.17715
22.875 82.625 0.51426
22.875 82.875 0.51605
22.875 83.125 0.38117
22.875 83.375 0.34479
22.875 83.625 0.10173
22.875 83.875 0.083575
22.875 84.125 -0.43232
22.875 84.375 -0.83361
22.875 84.625 -0.56375
22.875 84.875 -0.66041
22.875 85.125 -0.23989
22.875 85.375 -0.4703
22.875 85.625 -0.55517
22.875 85.875 -0.1524
22.875 86.125 -0.51438
22.875 86.375 -0.97835
22.875 86.625 -0.49239
22.875 86.875 -0.3521
22.875 87.125 -0.59465
22.875 87.375 -0.85837
22.875 87.625 -0.82671
22.875 87.875 -0.81511
22.875 88.125 -1.0728
22.875 88.375 -0.88888
22.875 88.625 -0.90792
22.875 92.625 -0.25705
22.875 92.875 0.68899
23.125 68.875 1.0763
23.125 69.125 0.97523
23.125 69.375 1.1225
23.125 69.625 1.1753
23.125 69.875 0.9678
23.125 70.125 0.5114
23.125 70.875 -0.004153
23.125 71.125 -0.20349
23.125 71.375 -0.54594
23.125 71.625 -0.44688
23.125 71.875 -0.89874
23.125 72.125 -0.24907
23.125 72.375 -0.19211
23.125 72.625 0.17353
23.125 72.875 -0.25815
23.125 73.125 -0.20655
23.125 73.375 0.12864
23.125 73.625 0.38257
23.125 73.875 0.060399
23.125 74.125 0.16575
23.125 74.375 0.12108
23.125 74.625 0.46212
23.125 74.875 0.6456
23.125 75.125 0.59129
23.125 75.375 0.90112
23.125 75.625 0.88209
23.125 75.875 0.97922
23.125 76.125 1.832
23.125 76.375 1.4453
23.125 76.625 1.2518
23.125 76.875 1.6058
23.125 77.125 2.117
23.125 77.375 1.9021
23.125 77.625 1.7651
23.125 77.875 1.6692
23.125 78.125 1.314
23.125 78.375 1.2149
23.125 78.625 0.5466
23.125 78.875 0.86623
23.125 79.125 0.87675
23.125 79.375 0.71722
23.125 79.625 0.4089
23.125 79.875 0.36627
23.125 80.125 0.21145
23.125 80.375 0.2229
23.125 80.625 0.92818
23.125 80.875 1.1176
23.125 81.125 1.038
23.125 81.375 0.18683
23.125 81.625 0.14653
23.125 81.875 -1.0184
23.125 82.125 -0.17208
23.125 82.375 0.32549
23.125 82.625 0.41873
23.125 82.875 0.4903
23.125 83.125 0.036245
23.125 83.375 -0.020545
23.125 83.625 0.040851
23.125 83.875 0.2853
23.125 84.125 -0.38406
23.125 84.375 -0.2732
23.125 84.625 -0.47537
23.125 84.875 -0.57554
23.125 85.125 -0.48751
23.125 85.375 0.37261
23.125 85.625 0.70131
23.125 85.875 0.001425
23.125 86.125 -0.2617
23.125 86.375 -0.54713
23.125 86.625 -0.49489
23.125 86.875 -0.21487
23.125 87.125 -0.51263
23.125 87.375 -0.78376
23.125 87.625 -0.82284
23.125 87.875 -1.1988
23.125 88.125 -1.5784
23.125 88.375 -1.4054
23.125 88.625 -1.2207
23.125 91.625 NaN
23.125 92.625 -0.61935
23.125 92.875 -0.35507
23.125 93.125 NaN
23.375 68.875 1.2187
23.375 69.125 1.0437
23.375 69.375 1.0791
23.375 69.625 1.0541
23.375 69.875 0.78539
23.375 70.125 0.45828
23.375 70.375 0.33043
23.375 70.625 0.27769
23.375 70.875 0.15615
23.375 71.125 0.17674
23.375 71.375 0.17218
23.375 71.625 0.16974
23.375 71.875 0.48791
23.375 72.125 0.3557
23.375 72.375 -0.033909
23.375 72.625 0.010558
23.375 72.875 0.27388
23.375 73.125 0.25763
23.375 73.375 0.64087
23.375 73.625 0.55348
23.375 73.875 0.21855
23.375 74.125 0.18723
23.375 74.375 0.61916
23.375 74.625 1.0568
23.375 74.875 1.3324
23.375 75.125 1.1162
23.375 75.375 1.3307
23.375 75.625 1.1584
23.375 75.875 1.0473
23.375 76.125 1.3561
23.375 76.375 1.4875
23.375 76.625 2.0715
23.375 76.875 2.6298
23.375 77.125 2.4512
23.375 77.375 1.6793
23.375 77.625 1.2753
23.375 77.875 1.5485
23.375 78.125 1.7857
23.375 78.375 1.4234
23.375 78.625 1.2044
23.375 78.875 1.0956
23.375 79.125 0.80483
23.375 79.375 0.70187
23.375 79.625 0.7465
23.375 79.875 0.70059
23.375 80.125 0.26758
23.375 80.375 -0.39167
23.375 80.625 -0.42098
23.375 80.875 0.23591
23.375 81.125 0.28093
23.375 81.375 0.023874
23.375 81.625 -0.067765
23.375 81.875 -0.29294
23.375 82.125 -0.10008
23.375 82.375 0.13303
23.375 82.625 0.27778
23.375 82.875 0.14494
23.375 83.125 -0.58569
23.375 83.375 -0.91113
23.375 83.625 -0.72187
23.375 83.875 -0.087201
23.375 84.125 -0.085126
23.375 84.375 0.2574
23.375 84.625 -0.37896
23.375 84.875 -0.8727
23.375 85.125 -0.5599
23.375 85.375 0.49107
23.375 85.625 0.99183
23.375 85.875 0.34058
23.375 86.125 -0.16916
23.375 86.375 -0.3724
23.375 86.625 -0.87346
23.375 86.875 -0.1422
23.375 87.125 -0.56305
23.375 87.375 -0.77423
23.375 87.625 -0.82362
23.375 87.875 -1.4047
23.375 88.125 -1.6214
23.375 88.375 -1.5432
23.375 88.625 -1.5249
23.375 91.375 -0.74764
23.375 91.625 -0.75033
23.375 92.625 -0.83144
23.375 92.875 -0.67007
23.375 93.125 -0.48895
23.625 68.625 1.5449
23.625 68.875 1.5029
23.625 69.125 1.2313
23.625 69.375 1.1426
23.625 69.625 0.91702
23.625 69.875 0.78927
23.625 70.125 0.55942
23.625 70.375 0.42812
23.625 70.625 0.36603
23.625 70.875 0.56089
23.625 71.125 0.73128
23.625 71.375 0.83186
23.625 71.625 -0.049477
23.625 71.875 0.11312
23.625 72.125 0.36572
23.625 72.375 -0.18968
23.625 72.625 0.52199
23.625 72.875 0.69995
23.625 73.125 0.47874
23.625 73.375 0.38561
23.625 73.625 0.33675
23.625 73.875 0.15148
23.625 74.125 0.50024
23.625 74.375 0.59031
23.625 74.625 1.1492
23.625 74.875 1.7388
23.625 75.125 1.5186
23.625 75.375 1.4995
23.625 75.625 1.6706
23.625 75.875 1.9602
23.625 76.125 1.8339
23.625 76.375 2.2638
23.625 76.625 3.1238
23.625 76.875 2.8256
23.625 77.125 2.5925
23.625 77.375 1.4048
23.625 77.625 1.0633
23.625 77.875 1.3698
23.625 78.125 1.5494
23.625 78.375 1.3815
23.625 78.625 1.1616
23.625 78.875 1.1094
23.625 79.125 0.74731
23.625 79.375 0.86242
23.625 79.625 1.0429
23.625 79.875 0.84847
23.625 80.125 0.11001
23.625 80.375 -0.2632
23.625 80.625 -0.36751
23.625 80.875 -0.19958
23.625 81.125 0.091682
23.625 81.375 0.021535
23.625 81.625 -0.045969
23.625 81.875 -0.10048
23.625 82.125 0.082437
23.625 82.375 -0.037297
23.625 82.625 -0.26362
23.625 82.875 -0.89408
23.625 83.125 -1.1539
23.625 83.375 -1.1808
23.625 83.625 -1.0952
23.625 83.875 -0.14383
23.625 84.125 0.55849
23.625 84.375 -0.40947
23.625 84.625 -0.60832
23.625 84.875 -0.81169
23.625 85.125 -0.90681
23.625 85.375 0.1801
23.625 85.625 -0.34388
23.625 85.875 -0.56179
23.625 86.125 -0.91958
23.625 86.375 -0.71044
23.625 86.625 -1.0183
23.625 86.875 -0.94235
23.625 87.125 -0.92732
23.625 87.375 -0.97885
23.625 87.625 -1.2953
23.625 87.875 -1.5458
23.625 88.125 -1.6631
23.625 88.375 -1.7059
23.625 91.375 -0.28182
23.625 91.625 -0.54545
23.625 91.875 NaN
23.625 92.375 -1.3491
23.625 92.625 -0.9482
23.625 92.875 -0.71537
23.625 93.125 -0.51384
23.875 68.875 1.5185
23.875 69.125 1.4332
23.875 69.375 1.3695
23.875 69.625 1.0291
23.875 69.875 0.72384
23.875 70.125 0.58647
23.875 70.375 0.46388
23.875 70.625 0.42026
23.875 70.875 0.54964
23.875 71.125 0.74234
23.875 71.375 0.61664
23.875 71.625 0.90172
23.875 71.875 0.8571
23.875 72.125 1.0908
23.875 72.375 0.45615
23.875 72.625 0.4835
23.875 72.875 0.72163
23.875 73.125 0.44222
23.875 73.375 0.63179
23.875 73.625 0.49968
23.875 73.875 0.82884
23.875 74.125 0.89927
23.875 74.375 0.87387
23.875 74.625 1.0061
23.875 74.875 1.4447
23.875 75.125 1.2532
23.875 75.375 1.1407
23.875 75.625 2.071
23.875 75.875 1.6069
23.875 76.125 2.1082
23.875 76.375 2.3479
23.875 76.625 3.1639
23.875 76.875 2.6697
23.875 77.125 2.3874
23.875 77.375 1.7234
23.875 77.625 1.3271
23.875 77.875 0.86725
23.875 78.125 0.73237
23.875 78.375 1.15
23.875 78.625 0.82786
23.875 78.875 0.59425
23.875 79.125 0.50495
23.875 79.375 0.9059
23.875 79.625 0.93298
23.875 79.875 0.7045
23.875 80.125 0.24794
23.875 80.375 -0.17543
23.875 80.625 -0.27253
23.875 80.875 -0.31768
23.875 81.125 -0.20386
23.875 81.375 -0.10273
23.875 81.625 -0.035108
23.875 81.875 0.077935
23.875 82.125 0.087549
23.875 82.375 -0.19924
23.875 82.625 -0.74041
23.875 82.875 -1.1271
23.875 83.125 -1.3191
23.875 83.375 -1.4587
23.875 83.625 -1.652
23.875 83.875 -0.66581
23.875 84.125 -0.98507
23.875 84.375 -0.62111
23.875 84.625 -0.37184
23.875 84.875 -0.48746
23.875 85.125 -0.61055
23.875 85.375 -0.6993
23.875 85.625 -0.024276
23.875 85.875 -1.0861
23.875 86.125 -1.6524
23.875 86.375 -1.0769
23.875 86.625 -0.98721
23.875 86.875 -0.87513
23.875 87.125 -0.79407
23.875 87.375 -1.1024
23.875 87.625 -1.5366
23.875 87.875 -1.8778
23.875 88.125 -1.7867
23.875 88.375 -1.8356
23.875 91.375 -0.23663
23.875 91.625 -0.46811
23.875 91.875 -0.4393
23.875 92.125 -1.0595
23.875 92.375 -1.2105
23.875 92.625 -0.90828
23.875 92.875 -0.40391
23.875 93.125 -0.36123
23.875 93.375 -0.3661
24.125 68.875 1.5472
24.125 69.125 1.6461
24.125 69.375 1.5299
24.125 69.625 0.97465
24.125 69.875 0.67972
24.125 70.125 0.5238
24.125 70.375 0.41489
24.125 70.625 0.30242
24.125 70.875 0.43496
24.125 71.125 0.33934
24.125 71.375 0.31051
24.125 71.625 0.53092
24.125 71.875 1.0877
24.125 72.125 1.1972
24.125 72.375 0.93416
24.125 72.625 1.0252
24.125 72.875 1.0238
24.125 73.125 0.394
24.125 73.375 0.38369
24.125 73.625 1.1734
24.125 73.875 1.0246
24.125 74.125 0.54774
24.125 74.375 0.61195
24.125 74.625 1.2543
24.125 74.875 1.5422
24.125 75.125 1.4601
24.125 75.375 1.788
24.125 75.625 1.8338
24.125 75.875 1.6766
24.125 76.125 1.8654
24.125 76.375 1.6294
24.125 76.625 1.6161
24.125 76.875 2.231
24.125 77.125 2.1843
24.125 77.375 1.8429
24.125 77.625 1.4525
24.125 77.875 1.1271
24.125 78.125 0.80614
24.125 78.375 0.39
24.125 78.625 0.3563
24.125 78.875 0.081902
24.125 79.125 0.17603
24.125 79.375 0.7376
24.125 79.625 0.95412
24.125 79.875 0.42527
24.125 80.125 0.24321
24.125 80.375 -0.37905
24.125 80.625 -0.33808
24.125 80.875 -0.25592
24.125 81.125 -0.34673
24.125 81.375 -0.28151
24.125 81.625 -0.093401
24.125 81.875 0.051566
24.125 82.125 0.22586
24.125 82.375 -0.30053
24.125 82.625 -0.86488
24.125 82.875 -0.98135
24.125 83.125 -1.2808
24.125 83.375 -1.8228
24.125 83.625 -1.7766
24.125 83.875 -1.1922
24.125 84.125 -0.95047
24.125 84.375 -1.2817
24.125 84.625 -0.8017
24.125 84.875 -0.45692
24.125 85.125 -0.62009
24.125 85.375 -0.025681
24.125 85.625 0.23572
24.125 85.875 -0.28377
24.125 86.125 -1.233
24.125 86.375 -1.2819
24.125 86.625 -0.73676
24.125 86.875 -0.24111
24.125 87.125 -0.57038
24.125 87.375 -0.93775
24.125 87.625 -1.6908
24.125 87.875 -2.0304
24.125 88.125 -1.7574
24.125 88.375 -1.7126
24.125 91.875 0.092528
24.125 92.125 -0.014511
24.125 92.375 -0.18516
24.125 92.625 -0.10627
24.125 92.875 0.037074
24.125 93.125 -0.34737
24.125 93.375 -0.81931
24.125 93.625 -0.88667
24.125 93.875 -0.9251
24.125 94.125 NaN
24.375 71.375 0.37275
24.375 71.625 0.51263
24.375 71.875 0.68597
24.375 72.125 0.84918
24.375 72.375 0.15471
24.375 72.625 0.49321
24.375 72.875 0.87552
24.375 73.125 0.70501
24.375 73.375 0.52991
24.375 73.625 0.54182
24.375 73.875 0.61938
24.375 74.125 0.41313
24.375 74.375 0.35489
24.375 74.625 1.413
24.375 74.875 1.1936
24.375 75.125 1.4974
24.375 75.375 1.6981
24.375 75.625 1.6258
24.375 75.875 1.4085
24.375 76.125 1.8215
24.375 76.375 1.0623
24.375 76.625 1.106
24.375 76.875 1.2842
24.375 77.125 1.9473
24.375 77.375 1.6235
24.375 77.625 1.4065
24.375 77.875 1.171
24.375 78.125 0.61976
24.375 78.375 0.47205
24.375 78.625 0.29992
24.375 78.875 0.23802
24.375 79.125 0.28093
24.375 79.375 0.53605
24.375 79.625 0.758
24.375 79.875 0.77335
24.375 80.125 0.92522
24.375 80.375 0.57129
24.375 80.625 0.086922
24.375 80.875 -0.038882
24.375 81.125 -0.32517
24.375 81.375 -0.37181
24.375 81.625 -0.15724
24.375 81.875 -0.18558
24.375 82.125 -0.016488
24.375 82.375 -0.043328
24.375 82.625 -0.088988
24.375 82.875 -0.57915
24.375 83.125 -1.3565
24.375 83.375 -1.1815
24.375 83.625 -0.52355
24.375 83.875 -0.82142
24.375 84.125 -1.0635
24.375 84.375 -1.1532
24.375 84.625 -1.0193
24.375 84.875 0.071557
24.375 85.125 -0.15447
24.375 85.375 -0.37431
24.375 85.625 -0.15609
24.375 85.875 -1.1406
24.375 86.125 -1.2781
24.375 86.375 -0.97347
24.375 86.625 -0.8866
24.375 86.875 -0.75662
24.375 87.125 -1.364
24.375 87.375 -2.3209
24.375 87.625 -1.5597
24.375 87.875 -2.0905
24.375 88.125 -2.0786
24.375 92.375 -0.39171
24.375 92.625 -0.26018
24.375 92.875 0.021412
24.375 93.125 -0.47098
24.375 93.375 -0.88554
24.375 93.625 -0.917
24.375 93.875 -0.93463
24.375 94.125 -0.76203
24.625 71.125 0.17967
24.625 71.375 0.31254
24.625 71.625 0.34706
24.625 71.875 0.92625
24.625 72.125 0.76532
24.625 72.375 0.32789
24.625 72.625 -0.043763
24.625 72.875 0.38037
24.625 73.125 0.8439
24.625 73.375 1.2397
24.625 73.625 0.72117
24.625 73.875 0.60821
24.625 74.125 0.27872
24.625 74.375 0.62866
24.625 74.625 1.4783
24.625 74.875 1.0735
24.625 75.125 1.1958
24.625 75.375 1.4857
24.625 75.625 1.4422
24.625 75.875 1.3396
24.625 76.125 1.381
24.625 76.375 1.1217
24.625 76.625 1.3068
24.625 76.875 0.78411
24.625 77.125 1.2591
24.625 77.375 1.5712
24.625 77.625 1.6651
24.625 77.875 1.3018
24.625 78.125 0.58311
24.625 78.375 0.50798
24.625 78.625 0.35046
24.625 78.875 0.30713
24.625 79.125 0.32354
24.625 79.375 0.60533
24.625 79.625 0.78546
24.625 79.875 0.81132
24.625 80.125 0.80093
24.625 80.375 0.73545
24.625 80.625 2.6802
24.625 80.875 1.305
24.625 81.125 -0.26297
24.625 81.375 -0.42095
24.625 81.625 0.25916
24.625 81.875 0.090086
24.625 82.125 -0.3571
24.625 82.375 0.01639
24.625 82.625 -0.074656
24.625 82.875 -0.076041
24.625 83.125 -0.85067
24.625 83.375 -1.1705
24.625 83.625 -1.138
24.625 83.875 -0.99884
24.625 84.125 -0.77627
24.625 84.375 -1.0219
24.625 84.625 -1.1788
24.625 84.875 -0.020407
24.625 85.125 -0.63812
24.625 85.375 -0.34007
24.625 85.625 -0.74114
24.625 85.875 -1.6781
24.625 86.125 -1.1101
24.625 86.375 -0.72604
24.625 86.625 -0.75095
24.625 86.875 -1.23
24.625 87.125 -1.6932
24.625 87.375 -1.8924
24.625 87.625 -1.649
24.625 87.875 -1.6154
24.625 92.375 -0.33205
24.625 92.625 -0.35267
24.625 92.875 -0.34921
24.625 93.125 -0.58479
24.625 93.375 -0.86301
24.625 93.625 -1.0448
24.625 93.875 -0.94821
24.625 94.125 -0.46871
24.625 94.375 NaN
24.875 71.125 0.22653
24.875 71.375 -0.037462
24.875 71.625 0.084261
24.875 71.875 0.35131
24.875 72.125 0.94843
24.875 72.375 0.70845
24.875 72.625 0.10441
24.875 72.875 0.10254
24.875 73.125 -0.31233
24.875 73.375 0.27606
24.875 73.625 0.49526
24.875 73.875 0.35694
24.875 74.125 -0.038634
24.875 74.375 0.50956
24.875 74.625 0.87371
24.875 74.875 0.72699
24.875 75.125 1.0361
24.875 75.375 1.1613
24.875 75.625 1.7694
24.875 75.875 1.5867
24.875 76.125 1.4422
24.875 76.375 1.1876
24.875 76.625 1.3852
24.875 76.875 1.4593
24.875 77.125 1.5494
24.875 77.375 1.7538
24.875 77.625 1.8156
24.875 77.875 1.442
24.875 78.125 1.2853
24.875 78.375 1.5065
24.875 78.625 1.1035
24.875 78.875 0.42214
24.875 79.125 0.32719
24.875 79.375 0.73368
24.875 79.625 0.64685
24.875 79.875 0.86913
24.875 80.125 -0.55402
24.875 80.375 1.0254
24.875 80.625 3.3077
24.875 80.875 2.837
24.875 81.125 -0.32199
24.875 81.375 -1.0154
24.875 81.625 -1.0039
24.875 81.875 -0.71956
24.875 82.125 -0.94801
24.875 82.375 -0.87713
24.875 82.625 -0.4628
24.875 82.875 0.35112
24.875 83.125 -0.3527
24.875 83.375 -1.071
24.875 83.625 -1.2953
24.875 83.875 -1.0735
24.875 84.125 -0.80514
24.875 84.375 -1.4187
24.875 84.625 -1.2938
24.875 84.875 -0.046551
24.875 85.125 -0.8495
24.875 85.375 -1.2175
24.875 85.625 -0.87655
24.875 85.875 -1.1285
24.875 86.125 -0.91078
24.875 86.375 -0.80244
24.875 86.625 -1.1385
24.875 86.875 -0.92835
24.875 87.125 -1.5664
24.875 87.375 -1.2036
24.875 87.625 -1.2111
24.875 87.875 -1.4408
24.875 88.125 -1.5606
24.875 92.625 -0.85283
24.875 92.875 -0.41661
24.875 93.125 -0.49715
24.875 93.375 -0.86194
24.875 93.625 -0.76159
24.875 93.875 -0.59306
24.875 94.125 -0.358
24.875 94.375 -0.34729
25.125 71.125 0.5281
25.125 71.375 0.26627
25.125 71.625 0.18506
25.125 71.875 0.065833
25.125 72.125 0.44278
25.125 72.375 0.55116
25.125 72.625 0.11368
25.125 72.875 -0.042414
25.125 73.125 -0.34403
25.125 73.375 -0.027692
25.125 73.625 -0.11174
25.125 73.875 -0.050673
25.125 74.125 0.10748
25.125 74.375 0.81629
25.125 74.625 0.48165
25.125 74.875 0.53488
25.125 75.125 0.94132
25.125 75.375 0.90728
25.125 75.625 1.3922
25.125 75.875 0.33092
25.125 76.125 1.4565
25.125 76.375 1.2126
25.125 76.625 1.314
25.125 76.875 1.3091
25.125 77.125 1.5782
25.125 77.375 1.6564
25.125 77.625 1.4246
25.125 77.875 1.2626
25.125 78.125 1.8546
25.125 78.375 2.0989
25.125 78.625 1.0676
25.125 78.875 0.68843
25.125 79.125 0.34465
25.125 79.375 0.24421
25.125 79.625 0.056546
25.125 79.875 -0.3554
25.125 80.125 -0.80966
25.125 80.375 0.86592
25.125 80.625 3.8722
25.125 80.875 3.0855
25.125 81.125 0.0019859
25.125 81.375 -0.46678
25.125 81.625 -0.83241
25.125 81.875 -0.71149
25.125 82.125 -0.46367
25.125 82.375 -1.081
25.125 82.625 0.91104
25.125 82.875 -0.7593
25.125 83.125 -1.0131
25.125 83.375 -0.8137
25.125 83.625 -0.73499
25.125 83.875 -0.9281
25.125 84.125 -0.78115
25.125 84.375 -0.80291
25.125 84.625 -0.69981
25.125 84.875 -0.1429
25.125 85.125 -0.90575
25.125 85.375 -1.3316
25.125 85.625 -1.3463
25.125 85.875 -1.287
25.125 86.125 -0.87455
25.125 86.375 -0.94961
25.125 86.625 -1.7329
25.125 86.875 -1.5608
25.125 87.125 -1.4324
25.125 87.375 -1.1654
25.125 87.625 -1.1511
25.125 87.875 -1.6481
25.125 88.125 -2.363
25.125 88.375 -2.5311
25.125 92.375 -0.96318
25.125 92.625 -1.0008
25.125 92.875 -0.75868
25.125 93.125 -0.39134
25.125 93.375 -0.37064
25.125 93.625 -0.10858
25.125 93.875 -0.32587
25.125 94.125 -0.43045
25.125 94.375 -0.49096
25.375 70.875 1.4845
25.375 71.125 1.32
25.375 71.375 1.0818
25.375 71.625 0.70989
25.375 71.875 0.53898
25.375 72.125 0.36413
25.375 72.375 0.45435
25.375 72.625 0.22219
25.375 72.875 -0.14396
25.375 73.125 -0.17075
25.375 73.375 0.074309
25.375 73.625 0.0040172
25.375 73.875 -0.0012751
25.375 74.125 -0.1272
25.375 74.375 -0.10825
25.375 74.625 0.16908
25.375 74.875 0.48136
25.375 75.125 1.0668
25.375 75.375 1.2068
25.375 75.625 1.4817
25.375 75.875 1.27
25.375 76.125 1.4967
25.375 76.375 1.2851
25.375 76.625 1.1673
25.375 76.875 1.0799
25.375 77.125 1.4766
25.375 77.375 1.4567
25.375 77.625 1.1081
25.375 77.875 0.98224
25.375 78.125 1.325
25.375 78.375 1.6606
25.375 78.625 0.9373
25.375 78.875 -0.35482
25.375 79.125 -0.39066
25.375 79.375 -0.00080533
25.375 79.625 0.74791
25.375 79.875 0.80281
25.375 80.125 0.21355
25.375 80.375 -0.51164
25.375 80.625 1.7215
25.375 80.875 0.083697
25.375 81.125 0.88092
25.375 81.375 -0.30495
25.375 81.625 -0.55445
25.375 81.875 -0.96307
25.375 82.125 -0.36775
25.375 82.375 -0.57023
25.375 82.625 -0.9521
25.375 82.875 -0.034853
25.375 83.125 -1.1613
25.375 83.375 -0.60343
25.375 83.625 -1.0552
25.375 83.875 -0.75197
25.375 84.125 -0.78804
25.375 84.375 -0.9861
25.375 84.625 -0.61186
25.375 84.875 -0.7259
25.375 85.125 -0.24957
25.375 85.375 -0.12461
25.375 85.625 -0.81854
25.375 85.875 -0.66214
25.375 86.125 -0.37459
25.375 86.375 -0.99484
25.375 86.625 -1.2644
25.375 86.875 -1.3559
25.375 87.125 -0.6034
25.375 87.375 -0.58445
25.375 87.625 -0.9983
25.375 87.875 -1.5328
25.375 88.125 -2.2417
25.375 88.375 -2.5793
25.375 88.625 -2.124
25.375 90.125 2.2863
25.375 90.375 2.3144
25.375 90.625 1.574
25.375 90.875 1.259
25.375 91.125 0.96966
25.375 91.375 0.68614
25.375 91.625 0.23517
25.375 91.875 0.28426
25.375 92.125 -0.01042
25.375 92.375 -0.127
25.375 92.625 -0.58882
25.375 92.875 -0.94744
25.375 93.125 -0.77053
25.375 93.375 -0.24189
25.375 93.625 0.13768
25.375 93.875 -0.35643
25.375 94.125 -0.43954
25.375 94.375 -0.60033
25.625 70.875 1.093
25.625 71.125 1.2952
25.625 71.375 1.2816
25.625 71.625 1.0781
25.625 71.875 0.48721
25.625 72.125 0.12308
25.625 72.375 0.10201
25.625 72.625 -0.25348
25.625 72.875 -0.38139
25.625 73.125 -0.21277
25.625 73.375 0.18046
25.625 73.625 0.23198
25.625 73.875 -0.25834
25.625 74.125 -0.0096959
25.625 74.375 0.12535
25.625 74.625 -0.0064082
25.625 74.875 0.27435
25.625 75.125 0.31578
25.625 75.375 1.7318
25.625 75.625 2.1132
25.625 75.875 1.8236
25.625 76.125 1.6687
25.625 76.375 1.3577
25.625 76.625 0.92448
25.625 76.875 0.8661
25.625 77.125 1.3178
25.625 77.375 1.4485
25.625 77.625 0.82227
25.625 77.875 0.91349
25.625 78.125 0.77217
25.625 78.375 0.30258
25.625 78.625 0.073731
25.625 78.875 -0.34136
25.625 79.125 0.37169
25.625 79.375 0.78868
25.625 79.625 1.8884
25.625 79.875 1.8575
25.625 80.125 1.2057
25.625 80.375 1.9485
25.625 80.625 0.49854
25.625 80.875 -0.36438
25.625 81.125 2.5657
25.625 81.375 1.3319
25.625 81.625 0.49392
25.625 81.875 0.22145
25.625 82.125 -0.26898
25.625 82.375 -0.1388
25.625 82.625 -0.977
25.625 82.875 -1.1106
25.625 83.125 -0.89034
25.625 83.375 -0.76695
25.625 83.625 -0.97334
25.625 83.875 -0.56175
25.625 84.125 -0.98322
25.625 84.375 -1.7363
25.625 84.625 -1.0247
25.625 84.875 -0.61267
25.625 85.125 -1.1551
25.625 85.375 -0.71724
25.625 85.625 -0.34601
25.625 85.875 -0.47513
25.625 86.125 -0.40838
25.625 86.375 -0.85314
25.625 86.625 -1.7557
25.625 86.875 -0.67687
25.625 87.125 0.062062
25.625 87.375 -0.18344
25.625 87.625 -0.43453
25.625 87.875 -0.1995
25.625 88.125 -1.7241
25.625 90.125 2.993
25.625 90.375 2.2141
25.625 90.625 0.97983
25.625 90.875 0.91703
25.625 91.125 0.16096
25.625 91.375 0.4965
25.625 91.625 0.52361
25.625 91.875 0.045738
25.625 92.125 -0.25843
25.625 92.375 -0.11386
25.625 92.625 -0.89819
25.625 92.875 -0.76883
25.625 93.125 -0.85134
25.625 93.375 -0.59024
25.625 93.625 -0.21365
25.625 93.875 -0.58641
25.625 94.125 -0.90401
25.625 94.375 -0.96706
25.625 94.625 NaN
25.625 94.875 NaN
25.875 70.375 1.483
25.875 70.625 1.25
25.875 70.875 0.91513
25.875 71.125 0.86304
25.875 71.375 1.1971
25.875 71.625 1.2371
25.875 71.875 0.50238
25.875 72.125 0.33996
25.875 72.375 0.18161
25.875 72.625 0.077478
25.875 72.875 -0.28407
25.875 73.125 0.013183
25.875 73.375 0.67138
25.875 73.625 0.43648
25.875 73.875 0.22072
25.875 74.125 0.099604
25.875 74.375 0.13919
25.875 74.625 0.42545
25.875 74.875 0.54464
25.875 75.125 0.57582
25.875 75.375 1.0986
25.875 75.625 1.9514
25.875 75.875 1.6102
25.875 76.125 1.0608
25.875 76.375 1.6479
25.875 76.625 1.3194
25.875 76.875 1.5126
25.875 77.125 1.5308
25.875 77.375 1.8474
25.875 77.625 1.3886
25.875 77.875 0.97975
25.875 78.125 0.64579
25.875 78.375 0.32519
25.875 78.625 0.38243
25.875 78.875 0.10212
25.875 79.125 1.1907
25.875 79.375 0.85692
25.875 79.625 0.29385
25.875 79.875 0.69686
25.875 80.125 0.81192
25.875 80.375 2.5814
25.875 80.625 1.1263
25.875 80.875 0.099752
25.875 81.125 -0.25388
25.875 81.375 -0.51012
25.875 81.625 0.41074
25.875 81.875 0.15184
25.875 82.125 -0.52436
25.875 82.375 -0.61573
25.875 82.625 -0.34873
25.875 82.875 0.16415
25.875 83.125 -0.54551
25.875 83.375 -0.61139
25.875 83.625 -0.30314
25.875 83.875 -0.92246
25.875 84.125 -0.4712
25.875 84.375 -1.4147
25.875 84.625 -1.1677
25.875 84.875 -0.141
25.875 85.125 -0.22602
25.875 85.375 -0.59494
25.875 85.625 -0.37832
25.875 85.875 -0.26063
25.875 86.125 -0.49946
25.875 86.375 -0.55739
25.875 86.625 -1.1391
25.875 86.875 0.1523
25.875 87.125 0.24023
25.875 87.375 -0.47933
25.875 87.625 -0.68463
25.875 87.875 -0.96959
25.875 90.125 0.96514
25.875 90.375 0.6996
25.875 90.625 0.47991
25.875 90.875 0.82517
25.875 91.125 0.40597
25.875 91.375 1.2532
25.875 91.625 0.39585
25.875 91.875 -0.83608
25.875 92.125 -0.46091
25.875 92.375 0.46892
25.875 92.625 0.4231
25.875 92.875 -0.67161
25.875 93.125 -1.2146
25.875 93.375 -1.2797
25.875 93.625 -0.83973
25.875 93.875 -0.54049
25.875 94.125 -0.8633
25.875 94.375 -0.83599
25.875 94.625 -0.52177
25.875 94.875 -0.32299
26.125 70.375 1.7442
26.125 70.625 1.5004
26.125 70.875 1.2986
26.125 71.125 0.55252
26.125 71.375 1.1177
26.125 71.625 1.116
26.125 71.875 0.85042
26.125 72.125 0.79316
26.125 72.375 0.88821
26.125 72.625 0.82769
26.125 72.875 0.73921
26.125 73.125 0.5836
26.125 73.375 0.43836
26.125 73.625 0.57761
26.125 73.875 0.32775
26.125 74.125 -0.14882
26.125 74.375 0.2021
26.125 74.625 0.43584
26.125 74.875 0.30337
26.125 75.125 0.64995
26.125 75.375 1.1175
26.125 75.625 1.0394
26.125 75.875 1.1272
26.125 76.125 1.2118
26.125 76.375 0.9916
26.125 76.625 0.77631
26.125 76.875 1.6761
26.125 77.125 1.4722
26.125 77.375 1.8679
26.125 77.625 1.7182
26.125 77.875 0.562
26.125 78.125 0.73268
26.125 78.375 0.55468
26.125 78.625 0.95212
26.125 78.875 0.68893
26.125 79.125 1.2025
26.125 79.375 1.3843
26.125 79.625 -0.62188
26.125 79.875 -0.3315
26.125 80.125 0.80414
26.125 80.375 0.3484
26.125 80.625 0.28507
26.125 80.875 0.11254
26.125 81.125 -0.043808
26.125 81.375 -0.43735
26.125 81.625 -0.12425
26.125 81.875 -0.11579
26.125 82.125 -0.38341
26.125 82.375 -0.38896
26.125 82.625 -0.25465
26.125 82.875 0.0021641
26.125 83.125 -0.30062
26.125 83.375 0.55973
26.125 83.625 -0.043133
26.125 83.875 -0.59641
26.125 84.125 -0.48372
26.125 84.375 -0.89928
26.125 84.625 -0.89581
26.125 84.875 -0.5544
26.125 85.125 -0.31495
26.125 85.375 -0.86986
26.125 85.625 -0.56443
26.125 85.875 0.036371
26.125 86.125 -0.19214
26.125 86.375 -0.4668
26.125 86.625 0.27956
26.125 86.875 1.0721
26.125 87.125 0.415
26.125 87.375 0.16035
26.125 87.625 -0.55855
26.125 87.875 0.065647
26.125 88.125 0.42409
26.125 89.375 -0.050801
26.125 89.875 0.27408
26.125 90.125 0.56107
26.125 90.375 0.81983
26.125 90.625 1.0413
26.125 90.875 0.2264
26.125 91.125 0.78282
26.125 91.375 2.571
26.125 91.625 -0.22554
26.125 91.875 -0.82256
26.125 92.125 -0.21328
26.125 92.375 0.92563
26.125 92.625 1.3201
26.125 92.875 -0.28101
26.125 93.125 -1.0574
26.125 93.375 -0.9448
26.125 93.625 -1.0461
26.125 93.875 -0.23924
26.125 94.125 -0.236
26.125 94.375 -0.14358
26.125 94.625 -0.45431
26.125 94.875 -0.48617
26.375 70.375 1.4123
26.375 70.625 1.541
26.375 70.875 1.8808
26.375 71.125 1.6209
26.375 71.375 1.2492
26.375 71.625 1.1349
26.375 71.875 0.83731
26.375 72.125 0.76897
26.375 72.375 0.9429
26.375 72.625 0.83744
26.375 72.875 0.90814
26.375 73.125 0.42235
26.375 73.375 0.24027
26.375 73.625 0.59006
26.375 73.875 0.48716
26.375 74.125 -0.063011
26.375 74.375 0.35377
26.375 74.625 -0.65003
26.375 74.875 -0.21651
26.375 75.125 0.89148
26.375 75.375 0.80259
26.375 75.625 0.35873
26.375 75.875 0.96165
26.375 76.125 1.0454
26.375 76.375 0.79624
26.375 76.625 0.4885
26.375 76.875 0.85939
26.375 77.125 0.68333
26.375 77.375 1.329
26.375 77.625 1.6832
26.375 77.875 0.40034
26.375 78.125 0.74036
26.375 78.375 0.93707
26.375 78.625 0.88396
26.375 78.875 1.175
26.375 79.125 1.8715
26.375 79.375 -0.33621
26.375 79.625 -0.80861
26.375 79.875 0.60448
26.375 80.125 1.0249
26.375 80.375 -0.42224
26.375 80.625 -0.6222
26.375 80.875 1.3474
26.375 81.125 1.9623
26.375 81.375 -0.48558
26.375 81.625 -0.6727
26.375 81.875 -0.15412
26.375 82.125 -0.1743
26.375 82.375 -0.11572
26.375 82.625 -0.33452
26.375 82.875 -0.044846
26.375 83.125 0.41133
26.375 83.375 1.7187
26.375 83.625 -0.11629
26.375 83.875 -0.62144
26.375 84.125 -0.76713
26.375 84.375 -0.70136
26.375 84.625 -0.19885
26.375 84.875 -1.0368
26.375 85.125 -0.92382
26.375 85.375 -1.06
26.375 85.625 0.56552
26.375 85.875 0.14588
26.375 86.125 -0.88128
26.375 86.375 0.020882
26.375 86.625 0.25876
26.375 86.875 0.74448
26.375 87.125 0.12856
26.375 87.625 -0.55788
26.375 87.875 0.24115
26.375 88.125 -0.0095628
26.375 88.375 -0.017977
26.375 88.875 -0.19976
26.375 89.375 0.0050953
26.375 89.625 0.3784
26.375 89.875 0.28351
26.375 90.125 0.56789
26.375 90.375 0.8774
26.375 90.625 1.0685
26.375 90.875 0.39986
26.375 91.125 0.72422
26.375 91.375 0.76966
26.375 91.625 0.14482
26.375 91.875 0.22838
26.375 92.125 0.14857
26.375 92.375 0.11174
26.375 92.625 0.93179
26.375 92.875 0.14175
26.375 93.125 -0.32594
26.375 93.375 -0.55601
26.375 93.625 -0.22898
26.375 93.875 -0.03217
26.375 94.125 -0.05097
26.375 94.375 -0.022358
26.375 94.625 -0.19575
26.375 94.875 0.21323
26.625 69.875 1.2811
26.625 70.125 1.2021
26.625 70.375 1.0895
26.625 70.625 1.0239
26.625 70.875 1.4168
26.625 71.125 1.6179
26.625 71.375 1.1018
26.625 71.625 0.85907
26.625 71.875 0.74321
26.625 72.125 1.0416
26.625 72.375 1.1101
26.625 72.625 0.85248
26.625 72.875 0.49434
26.625 73.125 0.23512
26.625 73.375 0.14992
26.625 73.625 0.35405
26.625 73.875 0.32074
26.625 74.125 -0.232
26.625 74.375 0.67721
26.625 74.625 0.27957
26.625 74.875 0.72982
26.625 75.125 1.3384
26.625 75.375 1.2095
26.625 75.625 0.9788
26.625 75.875 1.1752
26.625 76.125 1.6498
26.625 76.375 1.7238
26.625 76.625 1.2922
26.625 76.875 1.2725
26.625 77.125 1.4223
26.625 77.375 1.2493
26.625 77.625 1.7224
26.625 77.875 0.14602
26.625 78.125 -0.10024
26.625 78.375 0.098578
26.625 78.625 0.5381
26.625 78.875 -0.011703
26.625 79.125 -0.16616
26.625 79.375 -0.51178
26.625 79.625 -0.64049
26.625 79.875 -0.74858
26.625 80.125 -0.65735
26.625 80.375 0.24369
26.625 80.625 -0.28025
26.625 80.875 1.2447
26.625 81.125 1.9293
26.625 81.375 0.29436
26.625 81.625 0.042103
26.625 81.875 1.6542
26.625 82.125 0.88936
26.625 82.375 0.024393
26.625 82.625 -0.7092
26.625 82.875 -0.44347
26.625 83.125 -0.19639
26.625 83.375 -0.70257
26.625 83.625 -0.78789
26.625 83.875 -1.1426
26.625 84.125 -0.77193
26.625 84.375 -0.5131
26.625 84.625 -0.83996
26.625 84.875 -1.6158
26.625 85.125 -1.5734
26.625 85.375 -1.2887
26.625 85.625 0.094189
26.625 86.125 -0.76125
26.625 88.375 1.0234
26.625 88.625 0.40275
26.625 88.875 -0.20669
26.625 89.125 -0.39593
26.625 89.375 -0.041685
26.625 89.625 0.15958
26.625 89.875 0.043563
26.625 90.125 0.43842
26.625 90.375 0.64453
26.625 90.625 0.73563
26.625 90.875 0.68786
26.625 91.125 0.71418
26.625 91.375 0.61318
26.625 91.625 -0.087883
26.625 91.875 1.1148
26.625 92.125 0.062682
26.625 92.375 0.4263
26.625 92.625 1.5581
26.625 92.875 1.4384
26.625 93.125 0.49133
26.625 93.375 0.25522
26.625 93.625 0.031309
26.625 93.875 -0.11398
26.625 94.125 -0.050669
26.625 94.375 0.061899
26.625 94.625 0.32766
26.625 94.875 1.014
26.625 95.125 1.0023
26.875 69.625 1.3739
26.875 69.875 1.2998
26.875 70.125 1.3524
26.875 70.375 1.2334
26.875 70.625 1.0347
26.875 70.875 1.0481
26.875 71.125 1.2239
26.875 71.375 1.0148
26.875 71.625 0.78874
26.875 71.875 0.56545
26.875 72.125 0.6757
26.875 72.375 0.78594
26.875 72.625 0.79046
26.875 72.875 0.34747
26.875 73.125 -0.21621
26.875 73.375 -0.26516
26.875 73.625 -0.16572
26.875 73.875 -0.24402
26.875 74.125 -0.23294
26.875 74.375 1.1597
26.875 74.625 0.94757
26.875 74.875 0.69144
26.875 75.125 1.0217
26.875 75.375 0.78806
26.875 75.625 -0.054239
26.875 75.875 1.2876
26.875 76.125 1.6903
26.875 76.375 1.0931
26.875 76.625 1.4139
26.875 76.875 1.3472
26.875 77.125 1.9022
26.875 77.375 1.0177
26.875 77.625 1.0093
26.875 77.875 0.79869
26.875 78.125 0.46239
26.875 78.375 0.31563
26.875 78.625 0.075611
26.875 78.875 0.0011919
26.875 79.125 -0.26496
26.875 79.375 -0.45603
26.875 79.625 -0.17817
26.875 79.875 -0.75277
26.875 80.125 -0.16642
26.875 80.375 0.4404
26.875 80.625 -0.33693
26.875 80.875 0.68418
26.875 81.125 1.2639
26.875 81.375 0.90603
26.875 81.625 -0.14143
26.875 81.875 0.19296
26.875 82.125 2.0617
26.875 82.375 0.23937
26.875 82.625 -0.17557
26.875 82.875 -0.69253
26.875 83.125 -0.14939
26.875 83.375 -0.72064
26.875 83.625 -0.816
26.875 83.875 -1.1715
26.875 84.125 -0.74222
26.875 84.375 -0.42576
26.875 84.625 -0.8238
26.875 84.875 -1.4668
26.875 88.375 1.1105
26.875 88.625 0.30183
26.875 88.875 -0.12879
26.875 92.375 1.2115
26.875 92.625 1.437
26.875 92.875 1.8438
26.875 93.125 1.4715
26.875 93.375 0.44598
26.875 93.625 0.22173
26.875 93.875 -0.099841
26.875 94.125 -0.096525
26.875 94.375 0.14581
26.875 94.625 0.44399
26.875 94.875 0.79417
26.875 95.125 0.94557
26.875 95.375 0.95674
26.875 95.625 0.68631
27.125 69.875 1.4226
27.125 70.125 1.3607
27.125 70.375 1.4583
27.125 70.625 1.1758
27.125 70.875 0.96396
27.125 71.125 1.014
27.125 71.375 0.79046
27.125 71.625 0.6706
27.125 71.875 0.43205
27.125 72.125 0.58536
27.125 72.375 0.56112
27.125 72.625 0.60242
27.125 72.875 0.11443
27.125 73.125 -0.12591
27.125 73.375 -0.24834
27.125 73.625 -0.30207
27.125 73.875 -0.32152
27.125 74.125 -0.11019
27.125 74.375 1.1913
27.125 74.625 1.1523
27.125 74.875 -0.19281
27.125 75.125 0.2808
27.125 75.375 1.2879
27.125 75.625 2.9502
27.125 75.875 2.3143
27.125 76.125 0.91661
27.125 76.375 0.91738
27.125 76.625 -0.037192
27.125 76.875 0.40135
27.125 77.125 1.5067
27.125 77.375 1.0902
27.125 77.625 1.6498
27.125 77.875 1.8136
27.125 78.125 1.7216
27.125 78.375 1.6359
27.125 78.625 0.12387
27.125 78.875 -0.25177
27.125 79.125 -0.55678
27.125 79.375 -0.92362
27.125 79.625 -0.68057
27.125 79.875 -0.02824
27.125 80.125 0.073055
27.125 80.375 0.27685
27.125 80.625 -0.50575
27.125 80.875 -0.30554
27.125 81.125 1.6166
27.125 81.375 1.7951
27.125 81.625 0.94939
27.125 81.875 1.405
27.125 82.125 1.3788
27.125 82.375 -0.20704
27.125 82.625 0.11225
27.125 82.875 -0.39256
27.125 83.125 0.010185
27.125 83.375 -0.11352
27.125 83.625 0.5338
27.125 83.875 0.37872
27.125 84.125 -0.11261
27.125 84.375 -0.27296
27.125 84.625 -0.73138
27.125 88.125 0.96609
27.125 88.375 1.1265
27.125 88.625 0.89166
27.125 92.125 0.54371
27.125 92.375 0.59983
27.125 92.625 0.86364
27.125 92.875 1.3743
27.125 93.125 1.3319
27.125 93.375 0.72946
27.125 93.625 0.81573
27.125 93.875 1.0095
27.125 94.125 0.051804
27.125 94.375 0.13083
27.125 94.625 0.39824
27.125 94.875 0.5589
27.125 95.125 1.0649
27.125 95.375 0.94482
27.125 95.625 0.70939
27.125 95.875 0.63236
27.375 70.125 1.4142
27.375 70.375 1.3781
27.375 70.625 1.1432
27.375 70.875 1.1021
27.375 71.125 0.98374
27.375 71.375 0.74907
27.375 71.625 0.60452
27.375 71.875 0.39392
27.375 72.125 0.21109
27.375 72.375 0.32587
27.375 72.625 0.42666
27.375 72.875 0.19837
27.375 73.125 0.099161
27.375 73.375 -0.021781
27.375 73.625 -0.19122
27.375 73.875 -0.15573
27.375 74.125 0.012663
27.375 74.375 0.93087
27.375 74.625 0.53032
27.375 74.875 0.3934
27.375 75.125 0.74026
27.375 75.375 0.99269
27.375 75.625 3.0616
27.375 75.875 1.9341
27.375 76.125 0.78733
27.375 76.375 0.55195
27.375 76.625 0.82233
27.375 76.875 1.849
27.375 77.125 1.215
27.375 77.375 0.49905
27.375 77.625 1.4365
27.375 77.875 1.973
27.375 78.125 2.1891
27.375 78.375 2.56
27.375 78.625 0.76987
27.375 78.875 0.1929
27.375 79.125 -0.98927
27.375 79.375 -1.1917
27.375 79.625 -0.74335
27.375 79.875 0.13069
27.375 80.125 -0.43921
27.375 80.375 -0.44705
27.375 80.625 -0.50226
27.375 80.875 -0.46802
27.375 81.125 0.84661
27.375 81.375 1.2435
27.375 81.625 1.9206
27.375 81.875 1.2275
27.375 82.125 0.98684
27.375 82.375 0.4794
27.375 82.625 -0.19756
27.375 82.875 -0.17866
27.375 83.125 0.077451
27.375 83.625 0.73247
27.375 84.125 0.35371
27.375 84.375 -0.19214
27.375 88.125 2.1136
27.375 88.375 1.1319
27.375 88.625 0.69383
27.375 92.125 0.26102
27.375 92.375 0.44136
27.375 92.625 0.8579
27.375 92.875 0.76866
27.375 93.125 1.2279
27.375 93.375 0.45547
27.375 93.625 0.59497
27.375 93.875 1.1605
27.375 94.125 -0.17354
27.375 94.375 0.006242
27.375 94.625 0.28015
27.375 94.875 0.085672
27.375 95.125 0.47415
27.375 95.375 0.53737
27.375 95.625 0.60656
27.375 95.875 0.48047
27.375 96.125 0.42315
27.375 96.375 0.72939
27.375 96.625 1.1945
27.375 96.875 1.0896
27.625 70.125 1.4859
27.625 70.375 1.3676
27.625 70.625 1.2989
27.625 70.875 1.2185
27.625 71.125 1.0932
27.625 71.375 0.54913
27.625 71.625 0.48798
27.625 71.875 0.44836
27.625 72.125 0.30772
27.625 72.375 0.35679
27.625 72.625 0.144
27.625 72.875 0.29783
27.625 73.125 0.24601
27.625 73.375 0.19774
27.625 73.625 0.67868
27.625 73.875 0.41156
27.625 74.125 0.10051
27.625 74.375 0.23481
27.625 74.625 0.42199
27.625 74.875 0.29378
27.625 75.125 -0.26863
27.625 75.375 0.3825
27.625 75.625 0.24819
27.625 75.875 -0.22778
27.625 76.125 0.6035
27.625 76.375 1.9218
27.625 76.625 1.0142
27.625 76.875 1.3521
27.625 77.125 0.38052
27.625 77.375 0.15155
27.625 77.625 0.4096
27.625 77.875 1.3629
27.625 78.125 1.3002
27.625 78.375 1.3311
27.625 78.625 0.19489
27.625 78.875 -0.41758
27.625 79.125 -0.64588
27.625 79.375 -0.94521
27.625 79.625 -1.0788
27.625 79.875 -0.28776
27.625 80.125 -0.37113
27.625 80.375 0.41017
27.625 80.625 0.46988
27.625 80.875 1.4932
27.625 81.125 0.67787
27.625 81.375 1.1936
27.625 81.625 2.2328
27.625 81.875 2.0697
27.625 82.125 1.4483
27.625 82.375 0.65721
27.625 82.625 -0.31113
27.625 88.375 1.3077
27.625 88.625 1.2346
27.625 91.625 -0.29313
27.625 91.875 -0.24099
27.625 92.125 0.30429
27.625 92.375 0.50036
27.625 92.625 0.94237
27.625 92.875 0.35646
27.625 93.125 0.17568
27.625 93.375 -0.20523
27.625 93.625 -0.36481
27.625 93.875 0.24326
27.625 94.125 0.63234
27.625 94.375 0.38945
27.625 94.625 -0.0020584
27.625 94.875 0.20365
27.625 95.125 -0.019401
27.625 95.375 0.38538
27.625 95.625 0.51335
27.625 95.875 0.3123
27.625 96.125 0.30436
27.625 96.375 0.85052
27.625 96.625 1.0389
27.625 96.875 1.0588
27.875 70.375 1.4508
27.875 71.875 0.57014
27.875 72.125 0.47134
27.875 72.375 0.45519
27.875 72.625 0.28888
27.875 72.875 0.37072
27.875 73.125 0.31615
27.875 73.375 0.45248
27.875 73.625 1.2606
27.875 73.875 1.2722
27.875 74.125 0.79306
27.875 74.375 0.90659
27.875 74.625 0.44114
27.875 74.875 0.13421
27.875 75.125 -0.2558
27.875 75.375 0.26624
27.875 75.625 0.40951
27.875 75.875 0.92801
27.875 76.125 1.1966
27.875 76.375 2.3052
27.875 76.625 0.88189
27.875 76.875 1.0067
27.875 77.125 1.559
27.875 77.375 0.34406
27.875 77.625 0.82123
27.875 77.875 0.94651
27.875 78.125 0.73463
27.875 78.375 2.1703
27.875 78.625 0.89019
27.875 78.875 0.47932
27.875 79.125 0.25704
27.875 79.375 -0.72696
27.875 79.625 -0.95249
27.875 79.875 -0.22836
27.875 80.125 0.27395
27.875 80.375 1.3592
27.875 80.625 2.5844
27.875 80.875 2.6458
27.875 81.125 0.85545
27.875 81.375 0.98709
27.875 81.625 1.4827
27.875 88.375 NaN
27.875 88.625 NaN
27.875 92.875 0.36341
27.875 93.125 0.30763
27.875 93.375 -0.014043
27.875 93.625 -0.25878
27.875 93.875 0.42239
27.875 94.125 0.8491
27.875 94.375 0.59371
27.875 94.625 0.55156
27.875 94.875 0.91493
27.875 95.125 0.94294
27.875 95.375 1.0693
27.875 95.625 0.65481
27.875 95.875 0.32833
27.875 96.125 0.15158
27.875 96.375 0.76884
27.875 96.625 1.0225
27.875 96.875 0.99093
27.875 97.125 1.0215
28.125 72.125 0.97599
28.125 72.375 1.1457
28.125 72.625 0.49125
28.125 72.875 0.33696
28.125 73.125 0.28051
28.125 73.375 0.33002
28.125 73.625 0.90884
28.125 73.875 0.87206
28.125 74.125 0.56793
28.125 74.375 0.6894
28.125 74.625 0.35378
28.125 74.875 0.34588
28.125 75.125 0.013421
28.125 75.375 0.24082
28.125 75.625 1.0001
28.125 75.875 1.2353
28.125 76.125 1.4637
28.125 76.375 1.2737
28.125 76.625 2.0683
28.125 76.875 2.1284
28.125 77.125 1.424
28.125 77.375 0.086625
28.125 77.625 -0.0027555
28.125 77.875 0.1557
28.125 78.125 0.72229
28.125 78.375 1.1682
28.125 78.625 -0.59426
28.125 78.875 -0.16036
28.125 79.125 -0.049247
28.125 79.375 -0.59572
28.125 79.625 -0.73589
28.125 79.875 -0.21805
28.125 80.125 0.94378
28.125 80.375 1.4622
28.125 80.625 1.4457
28.125 80.875 1.736
28.125 81.125 1.6526
28.125 81.375 1.5699
28.125 92.875 0.29106
28.125 93.125 0.35509
28.125 93.375 0.74277
28.125 93.625 1.0161
28.125 93.875 0.55707
28.125 94.125 0.6993
28.125 94.375 0.40504
28.125 94.625 -0.083849
28.125 94.875 0.72514
28.125 95.125 1.0496
28.125 95.375 1.0971
28.125 95.625 0.65224
28.125 95.875 0.34895
28.125 96.125 0.1086
28.125 96.375 0.75622
28.125 96.625 0.92264
28.125 96.875 0.97824
28.125 97.125 0.83132
28.375 72.375 1.6057
28.375 72.625 0.94746
28.375 72.875 0.36944
28.375 73.125 0.33596
28.375 73.375 0.21045
28.375 73.625 0.14793
28.375 73.875 0.32115
28.375 74.125 0.25105
28.375 74.375 0.1462
28.375 74.625 0.15738
28.375 74.875 0.45145
28.375 75.125 0.85083
28.375 75.375 0.20323
28.375 75.625 0.86778
28.375 75.875 0.22139
28.375 76.125 0.80519
28.375 76.375 1.6052
28.375 76.625 0.92388
28.375 76.875 0.60033
28.375 77.125 0.44165
28.375 77.375 -0.11964
28.375 77.625 -0.10451
28.375 77.875 -0.10711
28.375 78.125 0.4233
28.375 78.375 0.43316
28.375 78.625 -0.5749
28.375 78.875 -0.56715
28.375 79.125 0.22699
28.375 79.375 0.72693
28.375 79.625 0.12214
28.375 79.875 0.23853
28.375 80.125 1.0157
28.375 80.375 1.2641
28.375 80.625 1.3076
28.375 80.875 1.8139
28.375 81.125 1.8656
28.375 93.375 0.68177
28.375 93.625 0.98319
28.375 93.875 1.1633
28.375 94.125 1.4223
28.375 94.375 0.68584
28.375 94.625 0.56362
28.375 94.875 0.59446
28.375 95.125 0.42035
28.375 95.375 0.23072
28.375 95.625 0.1943
28.375 95.875 0.17567
28.375 96.125 -0.029143
28.375 96.625 0.83992
28.625 72.375 2.2389
28.625 72.625 1.7297
28.625 72.875 0.91872
28.625 73.125 0.43336
28.625 73.375 0.48199
28.625 73.625 0.31906
28.625 73.875 0.16148
28.625 74.125 -0.056285
28.625 74.375 -0.1415
28.625 74.625 0.073947
28.625 74.875 0.21874
28.625 75.125 0.83555
28.625 75.375 -0.16645
28.625 75.625 -0.75924
28.625 75.875 -0.16464
28.625 76.125 0.20406
28.625 76.375 0.9397
28.625 76.625 0.5175
28.625 76.875 0.66508
28.625 77.125 -0.091996
28.625 77.375 -0.21619
28.625 77.625 0.34063
28.625 77.875 0.17047
28.625 78.125 -0.073922
28.625 78.375 0.21817
28.625 78.625 -0.2061
28.625 78.875 -0.44222
28.625 79.125 1.8214
28.625 79.375 1.4829
28.625 79.625 1.5598
28.625 79.875 1.609
28.625 80.125 1.0913
28.625 80.375 1.2626
28.625 80.625 1.2933
28.625 93.625 1.3318
28.625 93.875 NaN
28.625 94.125 1.7197
28.625 94.375 1.6121
28.625 94.625 1.1077
28.625 94.875 0.30217
28.625 95.125 -0.026279
28.625 95.375 0.050457
28.625 95.625 0.12583
28.625 95.875 0.016287
28.625 96.125 -0.021588
28.625 96.375 0.20422
28.875 72.875 0.5047
28.875 73.125 0.94644
28.875 73.375 1.6378
28.875 73.625 1.1611
28.875 73.875 0.80692
28.875 74.125 0.28521
28.875 74.375 -0.21704
28.875 74.625 -0.23396
28.875 74.875 -0.088761
28.875 75.125 0.50911
28.875 75.375 -0.11205
28.875 75.625 -0.27769
28.875 75.875 -0.44554
28.875 76.125 -0.26864
28.875 76.375 1.0237
28.875 76.625 0.31644
28.875 76.875 -0.44376
28.875 77.125 -0.37601
28.875 77.375 0.34706
28.875 77.625 0.46516
28.875 77.875 0.18866
28.875 78.125 -0.14992
28.875 78.375 0.097864
28.875 78.625 -0.21373
28.875 78.875 -0.18203
28.875 79.125 1.0704
28.875 79.375 1.4918
28.875 79.625 1.2142
28.875 79.875 0.95156
28.875 94.125 1.9743
28.875 94.375 1.9337
28.875 94.625 1.2869
28.875 94.875 0.56859
28.875 95.125 0.074668
28.875 95.375 0.025789
28.875 95.625 0.096693
28.875 95.875 0.073645
28.875 96.125 0.54172
28.875 96.375 0.24286
29.125 73.125 0.47693
29.125 73.375 1.7318
29.125 73.625 0.88793
29.125 73.875 0.76177
29.125 74.125 1.1357
29.125 74.375 -0.078876
29.125 74.625 -0.25515
29.125 74.875 0.17026
29.125 75.125 1.6989
29.125 75.375 1.1224
29.125 75.625 0.3686
29.125 75.875 0.42386
29.125 76.125 0.17008
29.125 76.375 0.28906
29.125 76.625 0.57401
29.125 76.875 -0.18795
29.125 77.125 0.1143
29.125 77.375 -0.18341
29.125 77.625 0.43864
29.125 77.875 0.93601
29.125 78.125 0.57565
29.125 78.375 0.39237
29.125 78.625 0.91289
29.125 78.875 -0.091012
29.125 79.125 1.4207
29.125 79.375 1.2898
29.125 79.625 0.12506
29.125 79.875 0.02513
29.125 80.125 0.056992
29.125 94.375 1.7735
29.125 94.625 1.3832
29.125 94.875 0.59111
29.125 95.625 0.056622
29.125 95.875 0.97361
29.125 96.125 0.83344
29.375 73.375 0.9408
29.375 73.625 0.70069
29.375 73.875 0.41546
29.375 74.125 0.53752
29.375 74.375 0.18644
29.375 74.625 -0.26322
29.375 74.875 1.0642
29.375 75.125 1.6968
29.375 75.375 1.8446
29.375 75.625 0.88951
29.375 75.875 0.40351
29.375 76.125 1.6641
29.375 76.375 1.5051
29.375 76.625 1.1184
29.375 76.875 0.073378
29.375 77.125 -0.05995
29.375 77.375 -0.068431
29.375 77.625 0.25228
29.375 77.875 0.59596
29.375 78.125 -0.03695
29.375 78.375 0.33209
29.375 78.625 -0.16682
29.375 78.875 -0.11916
29.375 79.125 0.42286
29.375 79.375 0.32277
29.375 79.625 0.21029
29.375 79.875 0.46385
29.375 80.125 0.77771
29.375 96.125 0.21453
29.625 73.375 0.96965
29.625 73.625 1.8205
29.625 73.875 0.79094
29.625 74.125 0.78172
29.625 74.375 0.19438
29.625 74.625 -0.53361
29.625 74.875 0.22302
29.625 75.125 0.80848
29.625 75.375 1.3084
29.625 75.625 0.95614
29.625 75.875 0.60286
29.625 76.125 0.21878
29.625 76.375 0.90034
29.625 76.625 1.8476
29.625 76.875 1.395
29.625 77.125 -0.11419
29.625 77.375 -0.54511
29.625 77.625 -0.9626
29.625 77.875 -0.21476
29.625 78.125 0.7268
29.625 78.375 -0.55658
29.625 78.625 -0.14235
29.625 78.875 -0.055027
29.625 79.125 -0.22196
29.625 79.375 0.32153
29.625 79.625 0.23345
29.625 79.875 0.48735
29.625 80.125 1.3143
29.875 73.625 1.9926
29.875 73.875 0.43648
29.875 74.125 0.28633
29.875 74.375 -0.53642
29.875 74.625 -0.51381
29.875 74.875 -0.32509
29.875 75.125 0.1091
29.875 75.375 0.5339
29.875 75.625 0.32458
29.875 75.875 0.56617
29.875 76.125 0.60108
29.875 76.375 0.70679
29.875 76.625 0.47046
29.875 76.875 0.49201
29.875 77.125 -0.47775
29.875 77.375 -0.81604
29.875 77.625 -0.58396
29.875 77.875 0.19575
29.875 78.125 0.53339
29.875 78.375 -0.39607
29.875 78.625 0.0068309
29.875 78.875 0.90364
29.875 79.125 0.78298
29.875 79.375 1.5026
29.875 79.625 1.1812
29.875 79.875 0.56199
29.875 80.125 1.2643
29.875 80.375 1.2457
30.125 74.125 -0.16651
30.125 74.375 -0.2625
30.125 74.625 0.31295
30.125 74.875 0.32631
30.125 75.125 0.275
30.125 75.375 0.11299
30.125 75.625 0.3086
30.125 75.875 0.27547
30.125 76.125 0.87852
30.125 76.375 0.47009
30.125 76.625 0.076292
30.125 76.875 -0.5115
30.125 77.125 0.6437
30.125 77.375 0.12119
30.125 77.625 0.36222
30.125 77.875 0.346
30.125 78.125 0.84061
30.125 78.375 0.009366
30.125 78.625 0.46109
30.125 78.875 1.8942
30.125 79.125 1.9439
30.125 79.375 2.1073
30.125 79.625 0.88056
30.125 79.875 0.6535
30.125 80.125 0.75661
30.125 80.375 1.0901
30.125 80.625 1.0734
30.375 74.125 -0.25938
30.375 74.375 0.14698
30.375 74.625 0.51468
30.375 74.875 0.62238
30.375 75.125 0.4776
30.375 75.375 0.061958
30.375 75.625 -0.090853
30.375 75.875 0.18058
30.375 76.125 0.47362
30.375 76.375 0.45759
30.375 76.625 -0.32511
30.375 76.875 -0.27525
30.375 77.125 0.092594
30.375 77.375 -0.074078
30.375 77.625 0.24711
30.375 77.875 0.71383
30.375 78.125 0.22001
30.375 78.375 0.20005
30.375 78.625 1.328
30.375 78.875 1.6392
30.375 79.125 1.3201
30.375 79.375 1.0597
30.375 79.625 1.0586
30.375 79.875 0.80341
30.375 80.125 0.93156
30.375 80.375 1.1452
30.375 80.625 1.1809
30.625 74.375 0.10932
30.625 74.625 0.050478
30.625 74.875 0.4536
30.625 75.125 0.72093
30.625 75.375 0.4897
30.625 75.625 0.41934
30.625 75.875 0.34974
30.625 76.125 0.20221
30.625 76.375 0.128
30.625 76.625 0.21762
30.625 76.875 0.90875
30.625 77.125 0.30768
30.625 77.375 0.20121
30.625 77.625 0.045206
30.625 77.875 0.47003
30.625 78.125 1.0617
30.625 78.375 0.20154
30.625 78.625 0.73354
30.625 78.875 1.423
30.625 79.125 1.1848
30.625 79.375 1.0204
30.625 79.625 1.3369
30.625 79.875 1.368
30.625 80.125 0.81772
30.875 74.625 -0.19491
30.875 74.875 0.83085
30.875 75.125 0.93233
30.875 75.375 0.053563
30.875 75.625 0.34276
30.875 75.875 -0.19736
30.875 76.125 -0.52135
30.875 76.375 0.2546
30.875 76.625 0.39416
30.875 76.875 0.70509
30.875 77.125 1.0123
30.875 77.375 1.4249
30.875 77.625 0.53503
30.875 77.875 0.5315
30.875 78.125 0.71541
30.875 78.375 0.62401
30.875 78.625 0.63695
30.875 78.875 1.435
30.875 79.125 1.4392
30.875 79.375 NaN
30.875 79.625 NaN
30.875 79.875 NaN
31.125 74.875 1.3596
31.125 75.125 1.78
31.125 75.375 -0.099269
31.125 75.625 -0.55043
31.125 75.875 -0.75698
31.125 76.125 0.10868
31.125 76.375 0.19133
31.125 76.625 -0.29025
31.125 76.875 0.86549
31.125 77.125 1.1336
31.125 77.375 1.1504
31.125 77.625 0.95549
31.125 77.875 -0.017501
31.125 78.125 -0.12319
31.125 78.375 0.46996
31.125 78.625 0.31089
31.125 78.875 NaN
31.125 79.125 NaN
31.375 74.875 0.13255
31.375 75.125 1.332
31.375 75.375 -0.15435
31.375 75.625 -0.99975
31.375 75.875 -0.45986
31.375 76.125 0.0223
31.375 76.375 0.46226
31.375 76.625 -0.2918
31.375 76.875 0.10016
31.375 77.125 1.0506
31.375 77.375 0.91785
31.375 77.625 -0.13562
31.375 77.875 -0.080719
31.375 78.125 -0.2855
31.375 78.375 -0.51431
31.375 78.625 -0.23692
31.625 74.875 -0.50369
31.625 75.125 -0.42119
31.625 75.375 -0.38449
31.625 75.625 -0.6744
31.625 75.875 -1.6458
31.625 76.125 -0.85646
31.625 76.375 0.15452
31.625 76.625 0.29148
31.625 76.875 0.51041
31.625 77.125 1.0942
31.625 77.375 0.97114
31.625 77.625 0.2422
31.625 77.875 -0.34693
31.625 78.125 -0.64025
31.625 78.375 -0.68433
31.625 78.625 -0.30639
31.875 74.875 -0.30324
31.875 75.125 -0.12361
31.875 75.375 -0.34426
31.875 75.625 -0.21985
31.875 75.875 -0.57255
31.875 76.125 0.01645
31.875 76.375 0.27503
31.875 76.625 0.33852
31.875 76.875 1.0819
31.875 77.125 0.94358
31.875 77.375 0.44274
31.875 77.625 0.34958
31.875 77.875 -0.52246
31.875 78.125 -0.52102
31.875 78.375 -0.34213
31.875 78.625 -0.078038
32.125 75.375 0.22136
32.125 75.625 0.18163
32.125 75.875 -0.13082
32.125 76.125 0.77787
32.125 76.375 0.15232
32.125 76.625 0.77411
32.125 76.875 0.83353
32.125 77.125 0.56898
32.125 77.375 0.7135
32.125 77.625 0.27904
32.125 77.875 -0.58869
32.125 78.125 -0.743
32.125 78.375 -0.19063
32.375 75.375 0.7772
32.375 75.625 0.88463
32.375 75.875 0.11887
32.375 76.125 -0.52605
32.375 76.375 -0.33734
32.375 76.625 -0.0040066
32.375 76.875 0.26599
32.375 77.125 0.47507
32.375 77.375 0.53542
32.375 77.625 0.56658
32.375 77.875 -0.59339
32.375 78.125 -0.48462
32.375 78.375 0.056319
32.625 74.875 0.92179
32.625 75.125 0.85472
32.625 75.375 0.83767
32.625 75.625 0.92406
32.625 75.875 0.49922
32.625 76.125 0.16149
32.625 76.375 0.052582
32.625 76.625 0.46061
32.625 76.875 0.55425
32.625 77.125 0.74694
32.625 77.375 0.77785
32.625 77.625 0.68682
32.625 77.875 0.2813
32.625 78.125 -0.47647
32.625 78.375 -0.14018
32.625 78.625 -0.18051
32.625 78.875 0.26632
32.625 79.125 0.052622
32.625 79.375 -0.11845
32.875 74.375 1.6036
32.875 74.625 1.6151
32.875 74.875 1.5029
32.875 75.125 1.0806
32.875 75.375 0.92984
32.875 75.625 0.74929
32.875 75.875 0.82526
32.875 76.125 1.1929
32.875 76.375 1.8039
32.875 76.625 1.7111
32.875 76.875 1.1865
32.875 77.125 0.80212
32.875 77.375 0.87045
32.875 77.625 0.96551
32.875 77.875 0.5753
32.875 78.125 -0.25545
32.875 78.375 0.087589
32.875 78.625 -0.51251
32.875 78.875 0.080078
32.875 79.125 -0.31758
32.875 79.375 -0.45546
33.125 73.875 0.92392
33.125 74.125 0.75796
33.125 74.375 1.5595
33.125 74.625 1.9467
33.125 74.875 1.7194
33.125 75.125 1.1033
33.125 75.375 0.47779
33.125 75.625 0.38897
33.125 75.875 0.95888
33.125 76.125 1.5755
33.125 76.375 2.3311
33.125 76.625 2.0706
33.125 76.875 1.7271
33.125 77.125 1.3317
33.125 77.375 0.41409
33.125 77.625 0.38551
33.125 77.875 0.53502
33.125 78.125 0.66309
33.125 78.375 -0.45064
33.125 78.625 -0.19735
33.125 78.875 -0.52104
33.125 79.125 -0.35281
33.375 73.875 1.0461
33.375 74.125 1.1179
33.375 74.375 1.6835
33.375 74.625 1.3501
33.375 74.875 0.82587
33.375 75.125 0.17658
33.375 75.375 0.16126
33.375 75.625 0.42792
33.375 75.875 1.2083
33.375 76.125 2.2603
33.375 76.375 2.6718
33.375 76.625 2.3459
33.375 76.875 1.7743
33.375 77.125 0.57322
33.375 77.375 -0.093422
33.375 77.625 0.22604
33.375 77.875 0.071143
33.375 78.125 -0.04193
33.375 78.375 0.50604
33.375 78.625 0.15189
33.375 78.875 0.10527
33.625 73.875 0.96087
33.625 74.125 1.2325
33.625 74.375 1.1253
33.625 74.625 0.80716
33.625 74.875 0.56231
33.625 75.125 0.37717
33.625 75.375 0.16692
33.625 75.625 0.36713
33.625 75.875 0.63559
33.625 76.125 1.57
33.625 76.375 2.6297
33.625 76.625 1.7301
33.625 76.875 0.51532
33.625 77.125 -0.163
33.625 77.375 0.037427
33.625 77.625 0.041655
33.625 77.875 -0.0097971
33.625 78.125 0.034448
33.625 78.375 0.49126
33.625 78.625 0.48193
33.625 78.875 0.17113
33.875 73.875 0.75073
33.875 74.125 1.0777
33.875 74.375 1.2644
33.875 74.625 1.4024
33.875 74.875 0.52125
33.875 75.125 0.62478
33.875 75.375 0.59063
33.875 75.625 0.10518
33.875 75.875 -0.21221
33.875 76.125 -0.57898
33.875 76.375 -0.36437
33.875 76.625 -0.1244
33.875 76.875 -0.016187
33.875 77.125 -0.2529
33.875 77.375 -0.2767
33.875 77.625 -0.14488
33.875 77.875 -0.0008783
33.875 78.125 -0.16063
33.875 78.375 0.015182
33.875 78.625 0.098547
33.875 78.875 0.94077
34.125 73.625 0.23362
34.125 73.875 0.28304
34.125 74.125 0.69385
34.125 74.375 0.54851
34.125 74.625 1.1374
34.125 74.875 0.22386
34.125 75.125 0.34249
34.125 75.375 0.49887
34.125 75.625 -0.57834
34.125 75.875 -1.0677
34.125 76.125 -1.0983
34.125 76.375 -0.60444
34.125 76.625 -0.38217
34.125 76.875 -0.19661
34.125 77.125 -0.25869
34.125 77.375 -0.25754
34.125 77.625 -0.23524
34.125 77.875 -0.13388
34.125 78.125 -0.14768
34.125 78.375 -0.20303
34.125 78.625 0.1415
34.125 78.875 0.023138
34.125 79.125 -0.069533
34.125 79.375 -0.13428
34.375 73.625 0.0065819
34.375 73.875 -0.19814
34.375 74.125 -0.305
34.375 74.375 -0.40655
34.375 74.625 -0.071049
34.375 74.875 0.29417
34.375 75.125 0.54772
34.375 75.375 -0.40918
34.375 75.625 -1.1341
34.375 75.875 -1.1468
34.375 76.125 -1.0182
34.375 76.375 -0.3373
34.375 76.625 -0.49885
34.375 76.875 -0.52864
34.375 77.125 -0.45346
34.375 77.375 -0.34586
34.375 77.625 -0.21326
34.375 77.875 -0.23542
34.375 78.125 -0.33623
34.375 78.375 0.2778
34.375 78.625 0.23915
34.375 78.875 0.1297
34.375 79.125 -0.56855
34.375 79.375 -0.49873
34.625 73.875 -0.19566
34.625 74.125 -0.51101
34.625 74.375 -0.38037
34.625 74.625 -0.21957
34.625 74.875 0.17431
34.625 75.125 0.55456
34.625 75.375 -0.62828
34.625 75.625 -0.86598
34.625 75.875 -0.88511
34.625 76.125 -0.53101
34.625 76.375 -0.58445
34.625 76.625 -0.64303
34.625 76.875 -0.65301
34.625 77.125 -0.58037
34.625 77.375 -0.57593
34.625 77.625 -0.41239
34.625 77.875 -0.48961
34.625 78.125 -0.59564
34.625 78.375 -0.54512
34.625 78.625 -0.016919
34.625 78.875 -0.076969
34.625 79.125 -0.44752
34.625 79.375 -0.68683
34.625 79.625 -0.7032
34.875 74.125 0.0098475
34.875 74.375 -0.37847
34.875 74.625 -0.1873
34.875 74.875 -0.00053989
34.875 75.125 -0.23384
34.875 75.375 -0.87503
34.875 75.625 -0.94226
34.875 75.875 -0.90865
34.875 76.125 -0.52842
34.875 76.375 -0.62223
34.875 76.625 -0.64807
34.875 76.875 -0.6012
34.875 77.125 -0.66936
34.875 77.375 -0.70428
34.875 77.625 -0.80816
34.875 77.875 -0.61783
34.875 78.125 -0.60884
34.875 78.375 -0.62831
34.875 78.625 -0.022241
34.875 78.875 -0.31623
34.875 79.125 -0.48067
34.875 79.375 -0.6807
34.875 79.625 -0.65175
34.875 79.875 -0.62519
35.125 74.375 -0.6744
35.125 74.625 -0.63764
35.125 74.875 -0.33902
35.125 75.125 -0.68354
35.125 75.375 -1.1397
35.125 75.625 -1.018
35.125 75.875 -0.60661
35.125 76.125 -0.75498
35.125 76.375 -0.41023
35.125 76.625 -0.51741
35.125 76.875 -0.87024
35.125 77.125 -0.84766
35.125 77.375 -0.89902
35.125 77.625 -0.67945
35.125 77.875 -0.82161
35.125 78.125 -0.46166
35.125 78.375 -0.54621
35.125 78.625 -0.39234
35.125 78.875 -0.071081
35.125 79.125 -0.30693
35.125 79.375 -0.58333
35.125 79.625 -0.79647
35.125 79.875 -0.30146
35.375 73.875 -0.34849
35.375 74.125 -0.49695
35.375 74.375 -0.59076
35.375 74.625 -0.73038
35.375 74.875 -0.29077
35.375 75.125 -0.73297
35.375 75.375 -1.0066
35.375 75.625 -0.93808
35.375 75.875 -0.70998
35.375 76.125 -0.34335
35.375 76.375 -0.54717
35.375 76.625 -0.87425
35.375 76.875 -0.78822
35.375 77.125 -0.90349
35.375 77.375 -0.64658
35.375 77.625 -0.72094
35.375 77.875 -0.67025
35.375 78.125 -0.65941
35.375 78.375 -0.83354
35.375 78.625 -0.74888
35.375 78.875 -0.37635
35.375 79.125 -0.20901
35.375 79.375 -0.57751
35.375 79.625 -0.74296
35.375 79.875 -0.782
35.375 80.125 NaN
35.625 73.375 -0.108
35.625 73.625 -0.35838
35.625 73.875 -0.33518
35.625 74.125 -0.64801
35.625 74.375 -0.73567
35.625 74.625 -0.56858
35.625 74.875 -0.21548
35.625 75.125 -0.74854
35.625 75.375 -0.89563
35.625 75.625 -0.88672
35.625 75.875 -0.84445
35.625 76.125 -0.4587
35.625 76.375 -0.97273
35.625 76.625 -0.67209
35.625 76.875 -0.60043
35.625 77.125 -0.96444
35.625 78.375 -1.0791
35.625 78.625 -0.72683
35.625 78.875 -0.42088
35.625 79.125 -0.2515
35.625 79.375 -0.2369
35.625 79.625 -0.27033
35.625 79.875 -0.49567
35.625 80.125 -0.26135
35.875 73.125 1.5011
35.875 73.375 0.82904
35.875 73.625 0.2378
35.875 73.875 -0.038868
35.875 74.125 -0.22652
35.875 74.375 -0.22152
35.875 74.625 -0.29331
35.875 74.875 -0.17518
35.875 75.125 -0.41713
35.875 75.375 -0.81867
35.875 75.625 -1.0966
35.875 75.875 -0.89552
35.875 76.125 -0.83241
35.875 76.375 -1.0368
35.875 76.625 -0.9587
35.875 79.375 -0.36559
36.125 72.625 1.0988
36.125 72.875 NaN
36.125 73.125 NaN
36.125 73.375 1.162
36.125 73.625 0.9768
36.125 73.875 0.70049
36.125 74.125 0.37944
36.125 74.375 0.33787
36.125 74.625 0.093124
36.125 74.875 -0.048763
36.125 75.125 -0.21523
36.125 75.375 -0.81693
36.125 75.625 -0.95312
36.125 75.875 -1.1178
36.125 76.125 -1.2124
36.125 76.375 -1.2907
36.125 76.625 -1.1723
36.375 73.125 1.4671
36.375 73.375 1.606
36.375 73.625 1.6912
36.375 73.875 1.2842
36.375 74.125 0.74126
36.375 74.375 0.72859
36.375 74.625 0.25871
36.375 74.875 0.063563
36.375 75.125 -0.56738
36.375 75.375 -0.85507
36.375 75.625 -1.0486
36.375 75.875 -1.2353
36.375 76.125 -1.4335
36.625 73.375 1.5952
36.625 73.625 1.4562
36.625 73.875 1.2971
36.625 74.125 0.79988
36.625 74.375 1.2285
36.625 74.625 0.604
36.625 74.875 0.24206
36.625 75.125 -0.44676
36.625 75.375 -0.66718
36.625 75.625 -0.81814
36.875 73.875 1.4958
36.875 74.375 1.6926
36.875 74.625 0.61654
36.875 74.875 0.28044
36.875 75.125 -0.12931
36.875 75.375 -0.0016782
