8.125 77.375 -0.52922
8.375 77.125 -0.74015
8.375 77.375 -0.53478
8.375 77.625 -0.23394
8.375 77.875 -0.24282
8.625 76.875 -0.46913
8.625 77.125 -0.69089
8.625 77.375 -0.26897
8.625 77.625 -0.61018
8.625 77.875 -0.37889
8.875 76.875 0.12738
8.875 77.125 -0.18435
8.875 77.375 -0.54063
8.875 77.625 -0.77122
8.875 77.875 -0.83297
9.125 76.625 0.50377
9.125 76.875 0.31313
9.125 77.125 0.082209
9.125 77.375 -0.43714
9.125 77.625 -0.309
9.125 77.875 -0.61532
9.125 78.125 -0.60515
9.125 78.375 NaN
9.375 76.625 -0.024145
9.375 76.875 0.65345
9.375 77.125 0.17265
9.375 77.375 -0.044237
9.375 77.625 -0.15822
9.375 77.875 -0.36876
9.375 78.125 -0.22027
9.375 78.375 -0.52291
9.375 78.625 -0.60281
9.375 78.875 NaN
9.625 76.375 0.013231
9.625 76.625 0.28135
9.625 76.875 0.88462
9.625 77.125 0.58049
9.625 77.375 0.14597
9.625 77.625 0.085058
9.625 77.875 0.56732
9.625 78.125 -0.36303
9.625 78.375 -0.25129
9.625 78.625 -0.087957
9.875 76.625 0.46203
9.875 76.875 0.68817
9.875 77.125 0.16951
9.875 77.375 0.50153
9.875 77.625 0.22736
9.875 77.875 0.018018
9.875 78.125 0.045781
9.875 78.375 0.3998
9.875 78.625 0.21782
9.875 78.875 0.16832
10.125 76.375 0.030453
10.125 76.625 0.84197
10.125 76.875 1.7833
10.125 77.125 0.85153
10.125 77.375 0.31143
10.125 77.625 0.78699
10.125 77.875 0.49024
10.125 78.125 0.23584
10.125 78.375 0.42958
10.125 78.625 -0.031095
10.125 78.875 -0.030344
10.125 79.125 -0.054636
10.375 76.375 -0.63891
10.375 76.625 0.17151
10.375 76.875 0.7811
10.375 77.125 0.098953
10.375 77.375 0.20825
10.375 77.625 0.87091
10.375 77.875 0.0062963
10.375 78.125 -0.092215
10.375 78.375 -0.39382
10.375 78.625 -0.27878
10.375 78.875 -0.33599
10.375 79.125 -0.22132
10.375 79.375 NaN
10.375 79.625 NaN
10.625 76.125 -0.17924
10.625 76.375 0.5673
10.625 76.625 0.077778
10.625 76.875 0.14654
10.625 77.125 -0.36745
10.625 77.375 -0.30354
10.625 77.625 0.38593
10.625 77.875 0.10364
10.625 78.125 -0.9796
10.625 78.375 -0.48674
10.625 78.625 0.46542
10.625 78.875 1.17
10.625 79.125 1.3275
10.625 79.375 0.084275
10.625 79.625 -0.14981
10.875 76.125 0.3051
10.875 76.375 0.74399
10.875 76.625 -0.12247
10.875 76.875 -0.48659
10.875 77.125 0.44328
10.875 77.375 0.33551
10.875 77.625 0.93528
10.875 77.875 0.0035338
10.875 78.125 -0.076718
10.875 78.375 -0.039863
10.875 78.625 -0.044833
10.875 78.875 0.67947
10.875 79.125 -0.25723
10.875 79.375 -0.17728
10.875 79.625 -0.12973
11.125 76.125 0.29963
11.125 76.375 0.51333
11.125 76.625 -0.39289
11.125 76.875 0.89358
11.125 77.125 0.94057
11.125 77.375 0.7215
11.125 77.625 0.68381
11.125 77.875 0.4983
11.125 78.125 -0.024064
11.125 78.375 0.26263
11.125 78.625 0.6043
11.125 78.875 -0.37192
11.125 79.125 0.1823
11.125 79.375 0.68747
11.125 79.625 -0.0016689
11.375 75.875 0.15222
11.375 76.125 0.57417
11.375 76.375 1.0545
11.375 76.625 2.3941e-05
11.375 76.875 0.94446
11.375 77.125 2.1865
11.375 77.375 1.4459
11.375 77.625 0.59059
11.375 77.875 1.1156
11.375 78.125 0.24275
11.375 78.375 0.85924
11.375 78.625 0.38245
11.375 78.875 0.48853
11.375 79.125 0.12501
11.375 79.375 0.10412
11.375 79.625 0.0022779
11.625 75.875 1.3973
11.625 76.125 2.1238
11.625 76.375 1.7966
11.625 76.625 1.8494
11.625 76.875 0.74477
11.625 77.125 1.1766
11.625 77.375 2.0714
11.625 77.625 1.9471
11.625 77.875 1.1288
11.625 78.125 -0.17348
11.625 78.375 -0.50786
11.625 78.625 0.091033
11.625 78.875 0.33654
11.625 79.125 0.15581
11.625 79.375 0.12035
11.625 79.625 NaN
11.875 75.625 NaN
11.875 75.875 -0.16992
11.875 76.125 0.82594
11.875 76.375 2.6186
11.875 76.625 2.4831
11.875 76.875 0.24417
11.875 77.125 1.5047
11.875 77.375 2.1142
11.875 77.625 1.731
11.875 77.875 0.22649
11.875 78.125 0.8751
11.875 78.375 0.10973
11.875 78.625 0.1028
11.875 78.875 -0.55509
11.875 79.125 -0.15697
11.875 79.375 -0.40543
11.875 79.625 -0.28621
12.125 75.375 -0.24048
12.125 75.625 0.20576
12.125 75.875 1.8691
12.125 76.125 2.0661
12.125 76.375 1.6085
12.125 76.625 2.7227
12.125 76.875 1.0594
12.125 77.125 1.6436
12.125 77.375 2.0995
12.125 77.625 1.9141
12.125 77.875 0.23699
12.125 78.125 1.3286
12.125 78.375 1.0271
12.125 78.625 0.51317
12.125 78.875 0.33545
12.125 79.125 0.10225
12.125 79.375 -0.38007
12.125 79.625 0.029632
12.375 75.125 -0.38943
12.375 75.375 -0.074053
12.375 75.625 0.1578
12.375 75.875 1.1005
12.375 76.125 1.0802
12.375 76.375 1.8369
12.375 76.625 2.0335
12.375 76.875 1.0407
12.375 77.125 1.5757
12.375 77.375 1.3463
12.375 77.625 1.8824
12.375 77.875 1.4802
12.375 78.125 1.7333
12.375 78.375 1.5209
12.375 78.625 1.1666
12.375 78.875 1.2926
12.375 79.125 0.60453
12.375 79.375 0.5307
12.375 79.625 0.092126
12.375 79.875 0.079443
12.625 75.125 -1.4175
12.625 75.375 -0.85926
12.625 75.625 0.17329
12.625 75.875 0.96479
12.625 76.125 1.2064
12.625 76.375 1.7837
12.625 76.625 1.8512
12.625 76.875 2.1868
12.625 77.125 2.5754
12.625 77.375 1.4873
12.625 77.625 2.8711
12.625 77.875 2.6548
12.625 78.125 1.7071
12.625 78.375 1.5418
12.625 78.625 1.4197
12.625 78.875 1.1783
12.625 79.125 1.1618
12.625 79.375 0.75213
12.625 79.625 0.22743
12.625 79.875 -0.25207
12.875 75.125 0.041567
12.875 75.375 0.54297
12.875 75.625 0.39588
12.875 75.875 2.3101
12.875 76.125 1.6291
12.875 76.375 1.6816
12.875 76.625 1.812
12.875 76.875 1.2115
12.875 77.125 1.6772
12.875 77.375 2.5029
12.875 77.625 2.9773
12.875 77.875 2.4601
12.875 78.125 2.922
12.875 78.375 2.0791
12.875 78.625 1.3279
12.875 78.875 0.6995
12.875 79.125 2.2306
12.875 79.375 1.502
12.875 79.625 0.67356
12.875 79.875 1.2301
13.125 74.875 NaN
13.125 75.125 -0.23254
13.125 75.375 -0.38899
13.125 75.625 0.43514
13.125 75.875 1.676
13.125 76.125 1.2164
13.125 76.375 1.9099
13.125 76.625 2.015
13.125 76.875 1.4311
13.125 77.125 1.7523
13.125 77.375 1.8747
13.125 77.625 4.0713
13.125 77.875 4.6362
13.125 78.125 3.1936
13.125 78.375 2.2902
13.125 78.625 1.1544
13.125 78.875 0.75839
13.125 79.125 1.9411
13.125 79.375 1.5586
13.125 79.625 1.5173
13.125 79.875 0.63327
13.125 80.125 0.6162
13.375 74.875 NaN
13.375 75.125 0.5088
13.375 75.375 0.21884
13.375 75.625 0.21221
13.375 75.875 0.84273
13.375 76.125 1.5491
13.375 76.375 1.279
13.375 76.625 1.9068
13.375 76.875 2.4466
13.375 77.125 2.7978
13.375 77.375 1.8098
13.375 77.625 2.9523
13.375 77.875 3.532
13.375 78.125 2.2981
13.375 78.375 2.5038
13.375 78.625 1.9383
13.375 78.875 1.2165
13.375 79.125 1.2538
13.375 79.375 1.5826
13.375 79.625 1.6778
13.375 79.875 1.0129
13.375 80.125 0.85567
13.625 74.875 -0.53511
13.625 75.125 0.91685
13.625 75.375 0.28404
13.625 75.625 0.42041
13.625 75.875 0.85613
13.625 76.125 1.348
13.625 76.375 1.595
13.625 76.625 1.653
13.625 76.875 2.7187
13.625 77.125 2.0948
13.625 77.375 1.6282
13.625 77.625 2.3507
13.625 77.875 2.8545
13.625 78.125 1.8587
13.625 78.375 2.4281
13.625 78.625 1.8012
13.625 78.875 1.4362
13.625 79.125 2.0983
13.625 79.375 1.5237
13.625 79.625 1.4428
13.625 79.875 1.4112
13.625 80.125 0.86911
13.875 74.875 0.39916
13.875 75.125 0.62381
13.875 75.375 0.66867
13.875 75.625 0.96905
13.875 75.875 1.1819
13.875 76.125 0.97429
13.875 76.375 2.1252
13.875 76.625 2.5837
13.875 76.875 2.4749
13.875 77.125 1.7832
13.875 77.375 1.4958
13.875 77.625 1.8285
13.875 77.875 2.3042
13.875 78.125 3.4473
13.875 78.375 2.5265
13.875 78.625 1.4955
13.875 78.875 1.1468
13.875 79.125 0.79748
13.875 79.375 1.3247
13.875 79.625 1.3007
13.875 79.875 1.3029
14.125 74.625 -0.81703
14.125 74.875 -0.19571
14.125 75.125 0.31331
14.125 75.375 3.2031
14.125 75.625 0.69456
14.125 75.875 1.5388
14.125 76.125 0.61474
14.125 76.375 0.97477
14.125 76.625 1.4935
14.125 76.875 2.4956
14.125 77.125 1.5811
14.125 77.375 2.0734
14.125 77.625 2.1236
14.125 77.875 2.8956
14.125 78.125 3.2924
14.125 78.375 2.2682
14.125 78.625 2.7741
14.125 78.875 2.5245
14.125 79.125 1.708
14.125 79.375 1.6416
14.125 79.625 1.3167
14.125 79.875 1.4563
14.375 74.625 -0.60076
14.375 74.875 0.0054549
14.375 75.125 0.22076
14.375 75.375 0.55928
14.375 75.625 1.2164
14.375 75.875 1.7774
14.375 76.125 1.2784
14.375 76.375 1.0018
14.375 76.625 1.7723
14.375 76.875 2.7315
14.375 77.125 1.5606
14.375 77.375 2.5244
14.375 77.625 2.6883
14.375 77.875 3.374
14.375 78.125 3.3336
14.375 78.375 2.5863
14.375 78.625 1.879
14.375 78.875 1.4429
14.375 79.125 2.3867
14.375 79.375 2.2543
14.375 79.625 1.5318
14.375 79.875 1.5532
14.625 74.375 NaN
14.625 74.625 -0.82604
14.625 74.875 -0.59937
14.625 75.125 -0.12288
14.625 75.375 1.0727
14.625 75.625 1.8964
14.625 75.875 1.9956
14.625 76.125 1.8377
14.625 76.375 1.8259
14.625 76.625 1.9243
14.625 76.875 1.5587
14.625 77.125 1.937
14.625 77.375 3.8245
14.625 77.625 2.6261
14.625 77.875 2.8128
14.625 78.125 3.4653
14.625 78.375 2.5435
14.625 78.625 1.4026
14.625 78.875 1.197
14.625 79.125 1.5778
14.625 79.375 2.0075
14.625 79.625 0.83153
14.625 79.875 0.9844
14.875 74.375 -0.39837
14.875 74.625 -0.72639
14.875 74.875 -0.063488
14.875 75.125 1.0295
14.875 75.375 0.43088
14.875 75.625 1.0986
14.875 75.875 2.4209
14.875 76.125 0.8127
14.875 76.375 0.7629
14.875 76.625 1.6295
14.875 76.875 1.6479
14.875 77.125 3.1757
14.875 77.375 3.6945
14.875 77.625 1.5063
14.875 77.875 1.2571
14.875 78.125 3.5104
14.875 78.375 2.6428
14.875 78.625 1.2534
14.875 78.875 0.90675
14.875 79.125 0.95558
14.875 79.375 1.3337
14.875 79.625 0.83564
14.875 79.875 0.81357
15.125 74.125 -0.11022
15.125 74.375 0.1916
15.125 74.625 0.52605
15.125 74.875 0.76779
15.125 75.125 1.2042
15.125 75.375 1.5393
15.125 75.625 1.2229
15.125 75.875 2.0305
15.125 76.125 1.3906
15.125 76.375 1.0366
15.125 76.625 1.6829
15.125 76.875 1.3771
15.125 77.125 1.2892
15.125 77.375 1.0438
15.125 77.625 1.223
15.125 77.875 1.2012
15.125 78.125 2.8418
15.125 78.375 2.5569
15.125 78.625 1.0501
15.125 78.875 0.42235
15.125 79.125 0.18497
15.125 79.375 1.1861
15.125 79.625 1.2775
15.125 79.875 0.79238
15.375 73.875 -0.6972
15.375 74.125 -0.03772
15.375 74.375 0.33064
15.375 74.625 0.13991
15.375 74.875 0.67311
15.375 75.125 0.62088
15.375 75.375 1.3635
15.375 75.625 0.87097
15.375 75.875 1.428
15.375 76.125 0.65498
15.375 76.375 1.0723
15.375 76.625 0.48756
15.375 76.875 0.80171
15.375 77.125 1.2198
15.375 77.375 0.58507
15.375 77.625 0.65111
15.375 77.875 1.1843
15.375 78.125 1.1127
15.375 78.375 1.2454
15.375 78.625 0.19565
15.375 78.875 0.56577
15.375 79.125 -0.023944
15.375 79.375 -0.087521
15.375 79.625 0.33841
15.375 79.875 0.51835
15.625 73.875 -0.59173
15.625 74.125 -0.72303
15.625 74.375 -0.5832
15.625 74.625 0.38468
15.625 74.875 0.75586
15.625 75.125 0.69938
15.625 75.375 0.68897
15.625 75.625 0.38013
15.625 75.875 1.1582
15.625 76.125 0.8378
15.625 76.375 0.16443
15.625 76.625 0.33482
15.625 76.875 0.42315
15.625 77.125 0.57171
15.625 77.375 0.11102
15.625 77.625 0.51087
15.625 77.875 0.31831
15.625 78.125 2.2535
15.625 78.375 1.5159
15.625 78.625 -0.21356
15.625 78.875 1.8458
15.625 79.125 0.40648
15.625 79.375 0.48607
15.625 79.625 0.86338
15.625 79.875 0.8259
15.625 80.125 0.39269
15.875 73.875 0.21534
15.875 74.125 -0.12029
15.875 74.375 0.038187
15.875 74.625 0.57046
15.875 74.875 1.0386
15.875 75.125 1.4974
15.875 75.375 1.6096
15.875 75.625 0.66042
15.875 75.875 0.34471
15.875 76.125 1.3448
15.875 76.375 0.92906
15.875 76.625 1.0764
15.875 76.875 0.89667
15.875 77.125 0.29722
15.875 77.375 0.66863
15.875 77.625 0.73354
15.875 77.875 1.2476
15.875 78.125 0.89167
15.875 78.375 1.1055
15.875 78.625 0.60575
15.875 78.875 0.32647
15.875 79.125 0.23742
15.875 79.375 1.6628
15.875 79.625 1.3723
15.875 79.875 1.1404
15.875 80.125 0.49968
15.875 80.375 0.40906
15.875 80.625 NaN
15.875 80.875 1.3386
16.125 73.625 0.20032
16.125 73.875 1.0158
16.125 74.125 -0.13737
16.125 74.375 0.71308
16.125 74.625 1.3564
16.125 74.875 0.97805
16.125 75.125 0.90153
16.125 75.375 0.79089
16.125 75.625 0.26055
16.125 75.875 0.011006
16.125 76.125 0.95279
16.125 76.375 0.54627
16.125 76.625 0.71681
16.125 76.875 0.84185
16.125 77.125 1.5206
16.125 77.375 1.6056
16.125 77.625 1.8659
16.125 77.875 1.6153
16.125 78.125 0.90063
16.125 78.375 1.2129
16.125 78.625 0.35327
16.125 78.875 0.30725
16.125 79.125 0.44501
16.125 79.375 1.3749
16.125 79.625 1.3271
16.125 79.875 0.78862
16.125 80.125 1.0804
16.125 80.375 0.76713
16.125 80.625 2.1321
16.125 80.875 1.3265
16.375 73.625 -0.019
16.375 73.875 0.43042
16.375 74.125 1.0279
16.375 74.375 1.3343
16.375 74.625 3.9719
16.375 74.875 1.2868
16.375 75.125 1.289
16.375 75.375 0.56495
16.375 75.625 0.40428
16.375 75.875 1.3777
16.375 76.125 0.9905
16.375 76.375 0.56129
16.375 76.625 1.0662
16.375 76.875 1.874
16.375 77.125 1.2869
16.375 77.375 2.5088
16.375 77.625 2.3135
16.375 77.875 0.30578
16.375 78.125 1.2003
16.375 78.375 1.5714
16.375 78.625 1.3776
16.375 78.875 -0.33437
16.375 79.125 0.73498
16.375 79.375 1.5061
16.375 79.625 1.2432
16.375 79.875 0.73487
16.375 80.125 0.50199
16.375 80.375 0.21343
16.375 80.625 1.6287
16.375 80.875 1.1057
16.375 81.125 1.1969
16.375 81.375 NaN
16.375 81.625 NaN
16.625 73.625 0.17902
16.625 73.875 0.97351
16.625 74.125 0.61423
16.625 74.375 2.0895
16.625 74.625 0.96469
16.625 74.875 1.2124
16.625 75.125 0.92361
16.625 75.375 0.27289
16.625 75.625 0.76074
16.625 75.875 1.4695
16.625 76.125 0.95915
16.625 76.375 1.2739
16.625 76.625 2.0841
16.625 76.875 2.1061
16.625 77.125 2.0934
16.625 77.375 2.4522
16.625 77.625 2.4614
16.625 77.875 1.6821
16.625 78.125 2.5378
16.625 78.375 2.8776
16.625 78.625 1.7876
16.625 78.875 -0.0049538
16.625 79.125 -0.46713
16.625 79.375 0.53153
16.625 79.625 1.5004
16.625 79.875 0.51829
16.625 80.125 0.69037
16.625 80.375 1.5242
16.625 80.625 1.4974
16.625 80.875 0.43067
16.625 81.125 0.90844
16.625 81.375 0.54209
16.625 81.625 2.4367
16.625 81.875 3.3549
16.625 82.125 3.3053
16.875 73.375 0.61818
16.875 73.625 0.95671
16.875 73.875 1.0188
16.875 74.125 -1.0953
16.875 74.375 -0.020838
16.875 74.625 0.39097
16.875 74.875 0.29954
16.875 75.125 0.53471
16.875 75.375 1.438
16.875 75.625 0.65723
16.875 75.875 1.1626
16.875 76.125 0.59939
16.875 76.375 0.0078068
16.875 76.625 0.36096
16.875 76.875 1.2604
16.875 77.125 2.0082
16.875 77.375 2.4852
16.875 77.625 1.7083
16.875 77.875 2.5818
16.875 78.125 2.0138
16.875 78.375 2.0042
16.875 78.625 1.6781
16.875 78.875 0.61985
16.875 79.125 -0.056049
16.875 79.375 0.30931
16.875 79.625 0.29131
16.875 79.875 1.2331
16.875 80.125 2.0264
16.875 80.375 3.1659
16.875 80.625 2.8346
16.875 80.875 2.624
16.875 81.125 0.68768
16.875 81.375 0.13508
16.875 81.625 1.1877
16.875 81.875 1.593
16.875 82.125 1.4527
17.125 73.375 0.50093
17.125 73.625 0.67165
17.125 73.875 -0.14384
17.125 74.125 -0.48057
17.125 74.375 -0.2031
17.125 74.625 0.20416
17.125 74.875 -0.061203
17.125 75.125 0.071511
17.125 75.375 0.52426
17.125 75.625 0.29519
17.125 75.875 -0.0055112
17.125 76.125 0.95805
17.125 76.375 0.15122
17.125 76.625 0.26237
17.125 76.875 0.82028
17.125 77.125 1.6914
17.125 77.375 2.14
17.125 77.625 2.3821
17.125 77.875 3.3493
17.125 78.125 1.0687
17.125 78.375 1.1853
17.125 78.625 1.2283
17.125 78.875 1.9496
17.125 79.125 1.5608
17.125 79.375 1.4434
17.125 79.625 2.016
17.125 79.875 1.9736
17.125 80.125 3.8694
17.125 80.375 3.4137
17.125 80.625 3.7804
17.125 80.875 3.4821
17.125 81.125 1.5338
17.125 81.375 1.378
17.125 81.625 1.3334
17.125 81.875 2.1614
17.125 82.125 1.2556
17.125 82.375 1.275
17.375 73.375 0.18576
17.375 73.625 0.59056
17.375 73.875 0.549
17.375 74.125 0.46638
17.375 74.375 0.060277
17.375 74.625 0.30632
17.375 74.875 -0.18204
17.375 75.125 0.012591
17.375 75.375 0.099267
17.375 75.625 0.021393
17.375 75.875 -0.68069
17.375 76.125 -0.10597
17.375 76.375 0.41569
17.375 76.625 1.0617
17.375 76.875 0.57789
17.375 77.125 1.3631
17.375 77.375 3.6505
17.375 77.625 4.1341
17.375 77.875 2.1673
17.375 78.125 2.5232
17.375 78.375 2.1202
17.375 78.625 2.1671
17.375 78.875 3.5724
17.375 79.125 3.9282
17.375 79.375 3.2915
17.375 79.625 2.4117
17.375 79.875 1.7655
17.375 80.125 3.3323
17.375 80.375 4.0218
17.375 80.625 3.7303
17.375 80.875 4.2505
17.375 81.125 2.5047
17.375 81.375 1.2254
17.375 81.625 1.1369
17.375 81.875 1.5249
17.375 82.125 0.91571
17.375 82.375 1.0626
17.375 82.625 NaN
17.625 73.375 0.51028
17.625 73.625 -0.20507
17.625 73.875 0.4268
17.625 74.125 0.9025
17.625 74.375 0.29859
17.625 74.625 0.069329
17.625 74.875 -0.017549
17.625 75.125 0.1198
17.625 75.375 0.12479
17.625 75.625 0.14728
17.625 75.875 -0.32447
17.625 76.125 0.42642
17.625 76.375 0.74031
17.625 76.625 1.6449
17.625 76.875 1.1391
17.625 77.125 2.9567
17.625 77.375 3.0917
17.625 77.625 3.0764
17.625 77.875 0.55404
17.625 78.125 1.1931
17.625 78.375 1.2887
17.625 78.625 2.2406
17.625 78.875 2.958
17.625 79.125 2.172
17.625 79.375 2.807
17.625 79.625 4.018
17.625 79.875 2.4412
17.625 80.125 2.8232
17.625 80.375 4.418
17.625 80.625 3.9765
17.625 80.875 4.1386
17.625 81.125 2.6956
17.625 81.375 2.1146
17.625 81.625 0.93351
17.625 81.875 0.21456
17.625 82.125 0.52803
17.625 82.375 0.39935
17.625 82.625 0.40948
17.625 82.875 0.36547
17.625 83.125 0.59687
17.875 73.375 0.37036
17.875 73.625 -0.39647
17.875 73.875 0.25226
17.875 74.125 0.43094
17.875 74.375 0.33084
17.875 74.625 0.20783
17.875 74.875 0.29259
17.875 75.125 0.12642
17.875 75.375 -0.0223
17.875 75.625 0.36108
17.875 75.875 0.49847
17.875 76.125 0.54248
17.875 76.375 1.3145
17.875 76.625 1.3334
17.875 76.875 1.2464
17.875 77.125 1.5339
17.875 77.375 0.98984
17.875 77.625 1.1323
17.875 77.875 1.7763
17.875 78.125 2.765
17.875 78.375 1.8973
17.875 78.625 2.147
17.875 78.875 3.052
17.875 79.125 1.4596
17.875 79.375 1.656
17.875 79.625 2.9569
17.875 79.875 4.0904
17.875 80.125 3.3687
17.875 80.375 3.387
17.875 80.625 4.3548
17.875 80.875 4.7969
17.875 81.125 3.8225
17.875 81.375 3.3803
17.875 81.625 1.4649
17.875 81.875 0.49164
17.875 82.125 0.29061
17.875 82.375 0.05307
17.875 82.625 1.6597
17.875 82.875 1.1161
17.875 83.125 0.63115
17.875 83.375 0.60371
18.125 73.125 NaN
18.125 73.375 0.77521
18.125 73.625 0.28163
18.125 73.875 0.36747
18.125 74.125 0.28462
18.125 74.375 0.3944
18.125 74.625 0.80791
18.125 74.875 0.86952
18.125 75.125 0.54447
18.125 75.375 -0.42727
18.125 75.625 0.28453
18.125 75.875 0.3742
18.125 76.125 0.87891
18.125 76.375 0.96064
18.125 76.625 1.1917
18.125 76.875 1.5218
18.125 77.125 2.1475
18.125 77.375 1.2059
18.125 77.625 1.908
18.125 77.875 1.3868
18.125 78.125 2.7398
18.125 78.375 1.8031
18.125 78.625 2.0882
18.125 78.875 2.9278
18.125 79.125 2.7772
18.125 79.375 2.8411
18.125 79.625 2.4775
18.125 79.875 3.9152
18.125 80.125 2.9243
18.125 80.375 2.8116
18.125 80.625 3.5529
18.125 80.875 3.6593
18.125 81.125 3.927
18.125 81.375 3.4468
18.125 81.625 3.244
18.125 81.875 2.8931
18.125 82.125 0.74069
18.125 82.375 0.71767
18.125 82.625 1.1289
18.125 82.875 1.3236
18.125 83.125 0.79367
18.125 83.375 2.1477
18.125 83.625 2.1495
18.375 73.125 0.30153
18.375 73.375 0.99544
18.375 73.625 0.86344
18.375 73.875 0.57938
18.375 74.125 0.26874
18.375 74.375 -0.034817
18.375 74.625 1.1234
18.375 74.875 1.2509
18.375 75.125 0.56048
18.375 75.375 0.84651
18.375 75.625 0.3755
18.375 75.875 0.096518
18.375 76.125 0.47646
18.375 76.375 0.39286
18.375 76.625 0.27798
18.375 76.875 1.0696
18.375 77.125 0.692
18.375 77.375 0.72062
18.375 77.625 0.7013
18.375 77.875 1.0988
18.375 78.125 1.2165
18.375 78.375 1.8501
18.375 78.625 2.4887
18.375 78.875 2.2624
18.375 79.125 2.059
18.375 79.375 2.1115
18.375 79.625 2.394
18.375 79.875 3.333
18.375 80.125 2.7826
18.375 80.375 2.6673
18.375 80.625 2.4029
18.375 80.875 1.5837
18.375 81.125 3.2493
18.375 81.375 3.2869
18.375 81.625 2.7356
18.375 81.875 3.6853
18.375 82.125 2.9143
18.375 82.375 2.3868
18.375 82.625 1.6087
18.375 82.875 1.0337
18.375 83.125 1.5168
18.375 83.375 0.88838
18.375 83.625 0.817
18.375 83.875 0.83911
18.625 73.125 2.2331
18.625 73.375 2.3987
18.625 73.625 0.46518
18.625 73.875 0.82179
18.625 74.125 0.84219
18.625 74.375 0.32499
18.625 74.625 1.1214
18.625 74.875 1.9927
18.625 75.125 0.34948
18.625 75.375 0.30152
18.625 75.625 0.18912
18.625 75.875 0.028001
18.625 76.125 0.14532
18.625 76.375 -0.035725
18.625 76.625 -0.072857
18.625 76.875 -0.09204
18.625 77.125 0.16916
18.625 77.375 0.092829
18.625 77.625 0.92528
18.625 77.875 0.8782
18.625 78.125 0.89531
18.625 78.375 1.2157
18.625 78.625 1.5126
18.625 78.875 2.2175
18.625 79.125 1.2117
18.625 79.375 1.1784
18.625 79.625 1.5971
18.625 79.875 1.4049
18.625 80.125 1.5937
18.625 80.375 2.0568
18.625 80.625 2.3409
18.625 80.875 2.005
18.625 81.125 2.1128
18.625 81.375 1.9456
18.625 81.625 1.7808
18.625 81.875 2.6459
18.625 82.125 1.834
18.625 82.375 3.4768
18.625 82.625 2.6241
18.625 82.875 1.1006
18.625 83.125 0.9913
18.625 83.375 0.66851
18.625 83.625 0.65875
18.625 83.875 0.84525
18.625 84.125 0.78609
18.875 73.125 3.0688
18.875 73.375 1.4542
18.875 73.625 2.0261
18.875 73.875 1.4257
18.875 74.125 1.1098
18.875 74.375 1.6919
18.875 74.625 0.33432
18.875 74.875 0.63248
18.875 75.125 0.29242
18.875 75.375 -0.13063
18.875 75.625 -0.084485
18.875 75.875 -0.10297
18.875 76.125 0.91865
18.875 76.375 0.3617
18.875 76.625 0.95642
18.875 76.875 -0.073689
18.875 77.125 0.19814
18.875 77.375 0.39998
18.875 77.625 1.2258
18.875 77.875 1.7108
18.875 78.125 1.3296
18.875 78.375 1.6163
18.875 78.625 1.2854
18.875 78.875 0.84126
18.875 79.125 0.87751
18.875 79.375 2.0764
18.875 79.625 1.6354
18.875 79.875 1.757
18.875 80.125 1.7904
18.875 80.375 2.0772
18.875 80.625 1.8525
18.875 80.875 1.9984
18.875 81.125 1.9523
18.875 81.375 1.5518
18.875 81.625 1.2127
18.875 81.875 1.7442
18.875 82.125 1.5003
18.875 82.375 2.3461
18.875 82.625 1.1002
18.875 82.875 0.19298
18.875 83.125 0.30389
18.875 83.375 -0.22348
18.875 83.625 1.036
18.875 83.875 0.98966
18.875 84.125 -0.35732
18.875 84.375 -0.44843
19.125 73.125 0.70364
19.125 73.375 1.1153
19.125 73.625 1.711
19.125 73.875 1.5844
19.125 74.125 1.4956
19.125 74.375 2.0551
19.125 74.625 0.97091
19.125 74.875 0.26341
19.125 75.125 0.44262
19.125 75.375 0.07183
19.125 75.625 0.1004
19.125 75.875 0.15445
19.125 76.125 0.31569
19.125 76.375 0.2732
19.125 76.625 0.28449
19.125 76.875 -0.3222
19.125 77.125 0.18729
19.125 77.375 0.38388
19.125 77.625 0.63313
19.125 77.875 1.1884
19.125 78.125 1.423
19.125 78.375 0.96735
19.125 78.625 0.8678
19.125 78.875 0.83401
19.125 79.125 0.71285
19.125 79.375 0.86944
19.125 79.625 0.69942
19.125 79.875 1.2658
19.125 80.125 2.1736
19.125 80.375 1.4225
19.125 80.625 1.1209
19.125 80.875 0.82929
19.125 81.125 1.1326
19.125 81.375 1.4059
19.125 81.625 1.3067
19.125 81.875 1.5832
19.125 82.125 1.4225
19.125 82.375 0.12402
19.125 82.625 0.23917
19.125 82.875 -0.12881
19.125 83.125 -0.11387
19.125 83.375 -0.064576
19.125 83.625 0.48898
19.125 83.875 0.35745
19.125 84.125 -0.35372
19.125 84.375 0.032842
19.125 84.625 0.059922
19.375 72.875 2.6575
19.375 73.125 0.63704
19.375 73.375 1.4633
19.375 73.625 1.6955
19.375 73.875 1.4246
19.375 74.125 1.8592
19.375 74.375 2.0455
19.375 74.625 1.4119
19.375 74.875 1.3757
19.375 75.125 0.85379
19.375 75.375 0.39389
19.375 75.625 0.15676
19.375 75.875 -0.089494
19.375 76.125 0.13265
19.375 76.375 -0.12408
19.375 76.625 -0.68994
19.375 76.875 -0.59239
19.375 77.125 -0.21868
19.375 77.375 0.031955
19.375 77.625 0.11579
19.375 77.875 0.88129
19.375 78.125 0.91299
19.375 78.375 0.59678
19.375 78.625 0.513
19.375 78.875 0.42363
19.375 79.125 0.40506
19.375 79.375 0.28406
19.375 79.625 0.55817
19.375 79.875 0.30179
19.375 80.125 0.5712
19.375 80.375 0.76088
19.375 80.625 0.47667
19.375 80.875 0.43727
19.375 81.125 0.53267
19.375 81.375 0.57992
19.375 81.625 1.2135
19.375 81.875 1.5789
19.375 82.125 1.5849
19.375 82.375 -0.42535
19.375 82.625 -0.17705
19.375 82.875 0.31369
19.375 83.125 0.43192
19.375 83.375 -0.23688
19.375 83.625 -0.128
19.375 83.875 -0.29634
19.375 84.125 -0.19261
19.375 84.375 -0.10469
19.375 84.625 -0.099682
19.375 84.875 -0.091896
19.625 72.875 4.0474
19.625 73.125 2.2696
19.625 73.375 1.5365
19.625 73.625 1.9616
19.625 73.875 1.6558
19.625 74.125 1.7282
19.625 74.375 1.7878
19.625 74.625 1.645
19.625 74.875 2.1225
19.625 75.125 1.5017
19.625 75.375 0.20428
19.625 75.625 -0.39054
19.625 75.875 -0.18276
19.625 76.125 -0.19129
19.625 76.375 -0.35683
19.625 76.625 -0.93169
19.625 76.875 -0.62507
19.625 77.125 -0.42843
19.625 77.375 0.3537
19.625 77.625 0.66894
19.625 77.875 0.58352
19.625 78.125 0.25848
19.625 78.375 0.17128
19.625 78.625 0.17565
19.625 78.875 0.15791
19.625 79.125 -0.061352
19.625 79.375 -0.018361
19.625 79.625 0.57443
19.625 79.875 0.35589
19.625 80.125 0.77377
19.625 80.375 1.0039
19.625 80.625 0.61155
19.625 80.875 0.51372
19.625 81.125 0.46199
19.625 81.375 0.17167
19.625 81.625 1.0497
19.625 81.875 1.5431
19.625 82.125 -0.11605
19.625 82.375 0.44219
19.625 82.625 0.0509
19.625 82.875 0.6853
19.625 83.125 0.38108
19.625 83.375 0.82288
19.625 83.625 1.4315
19.625 83.875 1.2514
19.625 84.125 0.33085
19.625 84.375 0.039472
19.625 84.625 0.39418
19.625 84.875 0.88487
19.625 85.125 0.64663
19.625 85.375 -0.69875
19.875 72.875 4.0309
19.875 73.125 3.0429
19.875 73.375 2.1073
19.875 73.625 2.4629
19.875 73.875 1.4694
19.875 74.125 1.1811
19.875 74.375 0.95185
19.875 74.625 1.2463
19.875 74.875 1.4023
19.875 75.125 1.043
19.875 75.375 0.14952
19.875 75.625 -0.14055
19.875 75.875 0.39257
19.875 76.125 0.0053834
19.875 76.375 -0.16122
19.875 76.625 -0.10295
19.875 76.875 0.1586
19.875 77.125 0.27923
19.875 77.375 0.73999
19.875 77.625 1.2328
19.875 77.875 0.52771
19.875 78.125 0.11953
19.875 78.375 0.11499
19.875 78.625 0.070105
19.875 78.875 -0.011752
19.875 79.125 0.29065
19.875 79.375 0.60106
19.875 79.625 0.56901
19.875 79.875 0.58416
19.875 80.125 1.2728
19.875 80.375 1.6403
19.875 80.625 0.60466
19.875 80.875 0.58221
19.875 81.125 0.715
19.875 81.375 -0.14767
19.875 81.625 0.093965
19.875 81.875 0.010743
19.875 82.125 -0.37313
19.875 82.375 0.31333
19.875 82.625 0.035979
19.875 82.875 -0.10446
19.875 83.125 0.16228
19.875 83.375 0.8164
19.875 83.625 1.0243
19.875 83.875 0.51744
19.875 84.125 0.4035
19.875 84.375 0.089376
19.875 84.625 -0.34809
19.875 84.875 -0.43973
19.875 85.125 -0.67426
19.875 85.375 -0.73013
19.875 85.625 NaN
19.875 85.875 NaN
19.875 86.125 NaN
20.125 72.875 2.8603
20.125 73.125 3.7017
20.125 73.375 1.4189
20.125 73.625 1.5416
20.125 73.875 1.6179
20.125 74.125 1.3067
20.125 74.375 0.90743
20.125 74.625 0.71569
20.125 74.875 0.70354
20.125 75.125 0.74116
20.125 75.375 0.463
20.125 75.625 0.13155
20.125 75.875 0.18357
20.125 76.125 -0.015305
20.125 76.375 -0.074323
20.125 76.625 -0.20418
20.125 76.875 0.0028611
20.125 77.125 0.52005
20.125 77.375 0.84691
20.125 77.625 0.93886
20.125 77.875 0.30209
20.125 78.125 0.14168
20.125 78.375 0.053976
20.125 78.625 -0.15828
20.125 78.875 -0.21288
20.125 79.125 -0.0085708
20.125 79.375 -0.29762
20.125 79.625 0.33146
20.125 79.875 0.45789
20.125 80.125 0.95942
20.125 80.375 1.4385
20.125 80.625 0.41637
20.125 80.875 0.42614
20.125 81.125 0.31744
20.125 81.375 0.69495
20.125 81.625 1.3229
20.125 81.875 -0.19976
20.125 82.125 -0.1226
20.125 82.375 -0.050722
20.125 82.625 -0.16801
20.125 82.875 -0.39334
20.125 83.125 0.13309
20.125 83.375 0.53933
20.125 83.625 1.0185
20.125 83.875 1.3039
20.125 84.125 1.2039
20.125 84.375 0.27434
20.125 84.625 -0.16443
20.125 84.875 -0.20066
20.125 85.125 -0.49705
20.125 85.375 0.04212
20.125 85.625 -0.10789
20.125 85.875 -0.27263
20.125 86.125 -0.39718
20.125 86.375 NaN
20.375 73.125 3.2524
20.375 73.375 1.9598
20.375 73.625 2.2667
20.375 73.875 1.3695
20.375 74.125 0.88169
20.375 74.375 0.34205
20.375 74.625 0.41369
20.375 74.875 0.42809
20.375 75.125 0.4235
20.375 75.375 0.41104
20.375 75.625 0.44283
20.375 75.875 0.82179
20.375 76.125 0.25806
20.375 76.375 -0.040254
20.375 76.625 -0.26955
20.375 76.875 -0.021232
20.375 77.125 0.25074
20.375 77.375 0.65551
20.375 77.625 0.2942
20.375 77.875 0.091565
20.375 78.125 0.10771
20.375 78.375 0.051308
20.375 78.625 0.060621
20.375 78.875 -0.18173
20.375 79.125 -0.27875
20.375 79.375 -0.37387
20.375 79.625 0.20273
20.375 79.875 -0.020701
20.375 80.125 0.51013
20.375 80.375 0.67218
20.375 80.625 0.48342
20.375 80.875 0.60648
20.375 81.125 0.84863
20.375 81.375 0.85251
20.375 81.625 0.80867
20.375 81.875 0.59676
20.375 82.125 0.48117
20.375 82.375 0.75427
20.375 82.625 0.45052
20.375 82.875 0.13764
20.375 83.125 -0.095806
20.375 83.375 -0.097035
20.375 83.625 1.0302
20.375 83.875 0.70805
20.375 84.125 0.45929
20.375 84.375 0.34747
20.375 84.625 0.40369
20.375 84.875 0.31604
20.375 85.125 -0.58919
20.375 85.375 -0.64872
20.375 85.625 -0.63239
20.375 85.875 -0.2071
20.375 86.125 -0.025243
20.375 86.375 -0.40351
20.375 86.625 NaN
20.625 73.125 3.4996
20.625 73.375 4.1208
20.625 73.625 4.1415
20.625 73.875 -0.25606
20.625 74.125 0.85671
20.625 74.375 1.9888
20.625 74.625 1.8449
20.625 74.875 -0.022173
20.625 75.125 0.39735
20.625 75.375 0.45056
20.625 75.625 0.056164
20.625 75.875 -0.47308
20.625 76.125 -0.19421
20.625 76.375 -0.065735
20.625 76.625 0.041859
20.625 76.875 -0.093683
20.625 77.125 -0.38399
20.625 77.375 0.037661
20.625 77.625 0.098052
20.625 77.875 0.27134
20.625 78.125 0.30331
20.625 78.375 0.3108
20.625 78.625 0.2995
20.625 78.875 0.071545
20.625 79.125 -0.03456
20.625 79.375 -0.34973
20.625 79.625 0.15302
20.625 79.875 0.29255
20.625 80.125 0.64554
20.625 80.375 -0.15107
20.625 80.625 0.25157
20.625 80.875 0.43424
20.625 81.125 1.3156
20.625 81.375 1.3925
20.625 81.625 0.78587
20.625 81.875 0.92581
20.625 82.125 0.79371
20.625 82.375 0.66645
20.625 82.625 -0.2974
20.625 82.875 -0.17175
20.625 83.125 -0.2252
20.625 83.375 -0.3712
20.625 83.625 -0.51977
20.625 83.875 0.33779
20.625 84.125 -0.26086
20.625 84.375 -0.039271
20.625 84.625 -0.48118
20.625 84.875 -0.13598
20.625 85.125 -0.56286
20.625 85.375 -0.34857
20.625 85.625 -1.2735
20.625 85.875 -0.35558
20.625 86.125 -0.51088
20.625 86.375 -0.41571
20.625 86.625 -0.32786
20.625 86.875 NaN
20.875 70.625 2.1759
20.875 70.875 2.1813
20.875 71.125 2.1782
20.875 71.375 1.8896
20.875 72.875 3.9695
20.875 73.125 1.1637
20.875 73.375 4.5141
20.875 73.625 3.4481
20.875 73.875 0.41453
20.875 74.125 1.4056
20.875 74.375 2.3014
20.875 74.625 2.0177
20.875 74.875 0.091306
20.875 75.125 0.56565
20.875 75.375 1.0975
20.875 75.625 -0.16937
20.875 75.875 -0.38227
20.875 76.125 -0.058565
20.875 76.375 0.5448
20.875 76.625 0.43215
20.875 76.875 0.13808
20.875 77.125 0.20434
20.875 77.375 0.091214
20.875 77.625 0.38747
20.875 77.875 0.14267
20.875 78.125 0.39767
20.875 78.375 0.3936
20.875 78.625 0.19414
20.875 78.875 0.31753
20.875 79.125 0.46617
20.875 79.375 0.25859
20.875 79.625 0.53674
20.875 79.875 0.54491
20.875 80.125 0.33039
20.875 80.375 0.23726
20.875 80.625 0.2451
20.875 80.875 0.78122
20.875 81.125 1.3597
20.875 81.375 0.30966
20.875 81.625 0.69453
20.875 81.875 0.99133
20.875 82.125 -0.026015
20.875 82.375 1.2064
20.875 82.625 0.33387
20.875 82.875 0.50899
20.875 83.125 -0.45266
20.875 83.375 -0.36768
20.875 83.625 -0.18574
20.875 83.875 -0.38412
20.875 84.125 -0.88459
20.875 84.375 -0.34744
20.875 84.625 -0.24542
20.875 84.875 -0.76289
20.875 85.125 -0.37949
20.875 85.375 -0.40644
20.875 85.625 -0.81011
20.875 85.875 -0.57819
20.875 86.125 -0.23776
20.875 86.375 0.35545
20.875 86.625 0.32158
21.125 70.375 1.0219
21.125 70.625 2.3359
21.125 70.875 1.2833
21.125 71.125 4.2896
21.125 71.375 1.7581
21.125 71.625 NaN
21.125 71.875 NaN
21.125 72.875 0.58236
21.125 73.125 2.7263
21.125 73.375 0.38874
21.125 73.625 0.71415
21.125 73.875 2.5323
21.125 74.125 2.3054
21.125 74.375 0.39873
21.125 74.625 0.61568
21.125 74.875 0.2166
21.125 75.125 -0.42038
21.125 75.375 0.51843
21.125 75.625 0.63241
21.125 75.875 0.99586
21.125 76.125 2.1095
21.125 76.375 1.7443
21.125 76.625 0.6431
21.125 76.875 0.49588
21.125 77.125 0.8077
21.125 77.375 0.79999
21.125 77.625 0.58391
21.125 77.875 0.44988
21.125 78.125 0.46276
21.125 78.375 0.53395
21.125 78.625 0.40101
21.125 78.875 0.63576
21.125 79.125 0.37442
21.125 79.375 0.78797
21.125 79.625 0.90788
21.125 79.875 0.65422
21.125 80.125 0.1878
21.125 80.375 0.35107
21.125 80.625 0.34682
21.125 80.875 0.83936
21.125 81.125 0.50547
21.125 81.375 -0.26623
21.125 81.625 -0.30144
21.125 81.875 0.28198
21.125 82.125 -0.20168
21.125 82.375 0.28343
21.125 82.625 0.32431
21.125 82.875 0.31483
21.125 83.125 -0.20153
21.125 83.375 -0.4357
21.125 83.625 -0.27711
21.125 83.875 -0.31724
21.125 84.125 -0.29101
21.125 84.375 -0.19017
21.125 84.625 -0.84169
21.125 84.875 -0.9156
21.125 85.125 -0.82788
21.125 85.375 -0.66278
21.125 85.625 -0.067032
21.125 85.875 -0.33148
21.125 86.125 0.3287
21.125 86.375 0.39704
21.125 86.625 0.25221
21.375 70.125 3.5526
21.375 70.375 1.1641
21.375 70.625 3.6423
21.375 70.875 4.4449
21.375 71.125 2.2607
21.375 71.375 2.468
21.375 71.625 0.83208
21.375 71.875 0.66804
21.375 72.875 1.0808
21.375 73.125 2.7589
21.375 73.375 4.6228
21.375 73.625 4.5846
21.375 73.875 3.2698
21.375 74.125 2.6381
21.375 74.375 0.78191
21.375 74.625 1.1061
21.375 74.875 2.1417
21.375 75.125 1.4592
21.375 75.375 1.7177
21.375 75.625 1.496
21.375 75.875 1.2664
21.375 76.125 2.1462
21.375 76.375 1.6841
21.375 76.625 0.77256
21.375 76.875 0.62155
21.375 77.125 1.0238
21.375 77.375 1.459
21.375 77.625 1.0061
21.375 77.875 0.71799
21.375 78.125 0.48959
21.375 78.375 1.2504
21.375 78.625 0.99394
21.375 78.875 1.0066
21.375 79.125 0.95693
21.375 79.375 1.0032
21.375 79.625 1.1346
21.375 79.875 0.73011
21.375 80.125 -0.46037
21.375 80.375 -0.32323
21.375 80.625 -0.061835
21.375 80.875 0.44719
21.375 81.125 -0.19081
21.375 81.375 -0.1934
21.375 81.625 -0.012888
21.375 81.875 0.33923
21.375 82.125 0.17293
21.375 82.375 0.19263
21.375 82.625 0.10743
21.375 82.875 -0.024144
21.375 83.125 -0.45008
21.375 83.375 -0.25884
21.375 83.625 -0.34075
21.375 83.875 -0.44053
21.375 84.125 -0.43825
21.375 84.375 -0.5132
21.375 84.625 -0.415
21.375 84.875 -0.6995
21.375 85.125 -0.56909
21.375 85.375 -0.92942
21.375 85.625 -1.1022
21.375 85.875 -0.68898
21.375 86.125 1.1653
21.375 86.375 -0.26258
21.375 86.625 -0.33501
21.375 86.875 -0.39064
21.625 69.875 0.3257
21.625 70.125 0.36299
21.625 70.375 2.4969
21.625 70.625 3.0312
21.625 70.875 4.7466
21.625 71.125 3.7236
21.625 71.375 2.6798
21.625 71.625 1.9368
21.625 71.875 3.4413
21.625 72.125 3.3813
21.625 72.875 2.1394
21.625 73.125 3.2463
21.625 73.375 3.4507
21.625 73.625 2.4326
21.625 73.875 1.6392
21.625 74.125 2.1541
21.625 74.375 0.9936
21.625 74.625 1.5493
21.625 74.875 2.3254
21.625 75.125 1.7891
21.625 75.375 1.6005
21.625 75.625 1.5415
21.625 75.875 0.70016
21.625 76.125 0.7398
21.625 76.375 0.58685
21.625 76.625 0.43311
21.625 76.875 0.89764
21.625 77.125 1.1914
21.625 77.375 1.4196
21.625 77.625 0.66542
21.625 77.875 0.93593
21.625 78.125 0.90074
21.625 78.375 1.1117
21.625 78.625 1.0658
21.625 78.875 1.007
21.625 79.125 0.53898
21.625 79.375 0.94407
21.625 79.625 0.72436
21.625 79.875 -0.12412
21.625 80.125 -0.33743
21.625 80.375 0.6458
21.625 80.625 0.59757
21.625 80.875 0.43888
21.625 81.125 0.0077689
21.625 81.375 -0.046225
21.625 81.625 0.2707
21.625 81.875 0.54052
21.625 82.125 0.77163
21.625 82.375 0.46451
21.625 82.625 0.060292
21.625 82.875 NaN
21.625 83.125 -0.026951
21.625 83.375 -0.3793
21.625 83.625 -0.57006
21.625 83.875 -0.45001
21.625 84.125 -0.60717
21.625 84.375 -0.6754
21.625 84.625 -0.40348
21.625 84.875 -0.49492
21.625 85.125 -0.86688
21.625 85.375 -0.92078
21.625 85.625 -0.8779
21.625 85.875 -0.49859
21.625 86.125 -0.227
21.625 86.375 -0.40001
21.625 86.625 -0.95811
21.625 86.875 -0.82576
21.625 87.125 -0.73151
21.625 87.375 NaN
21.875 69.375 NaN
21.875 69.625 0.26907
21.875 69.875 0.47368
21.875 70.125 0.27415
21.875 70.375 3.7641
21.875 70.625 3.8
21.875 70.875 4.4848
21.875 71.125 4.1973
21.875 71.375 4.691
21.875 71.625 4.48
21.875 71.875 3.1195
21.875 72.125 3.0111
21.875 72.625 NaN
21.875 72.875 0.56745
21.875 73.125 0.97753
21.875 73.375 0.48048
21.875 73.625 1.1174
21.875 73.875 1.3875
21.875 74.125 0.46789
21.875 74.375 0.7077
21.875 74.625 1.9959
21.875 74.875 1.4446
21.875 75.125 0.01654
21.875 75.375 -0.020564
21.875 75.625 1.067
21.875 75.875 0.75214
21.875 76.125 0.61663
21.875 76.375 0.90729
21.875 76.625 0.65683
21.875 76.875 0.31335
21.875 77.125 1.064
21.875 77.375 1.2978
21.875 77.625 0.95338
21.875 77.875 0.88107
21.875 78.125 0.86151
21.875 78.375 0.87685
21.875 78.625 0.592
21.875 78.875 0.56018
21.875 79.125 0.079782
21.875 79.375 0.85295
21.875 79.625 0.39588
21.875 79.875 -0.057383
21.875 80.125 0.86511
21.875 80.375 0.50344
21.875 80.625 0.71184
21.875 80.875 -0.020382
21.875 81.125 0.20125
21.875 81.375 0.52405
21.875 81.625 1.0418
21.875 81.875 1.0374
21.875 82.125 0.46647
21.875 82.375 0.70965
21.875 82.625 -0.18568
21.875 82.875 -0.31459
21.875 83.125 -0.019121
21.875 83.375 0.36266
21.875 83.625 -0.71369
21.875 83.875 -0.57713
21.875 84.125 -0.45222
21.875 84.375 -0.45866
21.875 84.625 -0.39363
21.875 84.875 -0.51821
21.875 85.125 -0.71494
21.875 85.375 -0.59177
21.875 85.625 -0.59033
21.875 85.875 -0.17646
21.875 86.125 -0.46867
21.875 86.375 -0.77431
21.875 86.625 -0.78066
21.875 86.875 -0.94605
21.875 87.125 -0.65053
21.875 87.375 -0.4205
21.875 87.625 -0.26646
21.875 87.875 -0.78931
21.875 88.375 -0.76366
21.875 88.625 NaN
21.875 88.875 NaN
22.125 69.125 0.45321
22.125 69.375 0.61901
22.125 69.625 0.79774
22.125 69.875 0.87114
22.125 70.125 0.19144
22.125 70.375 1.4506
22.125 70.625 3.2185
22.125 70.875 3.4992
22.125 71.125 4.0558
22.125 71.375 4.1704
22.125 71.625 4.6457
22.125 71.875 1.2404
22.125 72.125 0.311
22.125 72.625 NaN
22.125 72.875 1.8701
22.125 73.125 1.161
22.125 73.375 0.95431
22.125 73.625 3.3978
22.125 73.875 1.9504
22.125 74.125 0.054659
22.125 74.375 0.19638
22.125 74.625 0.7508
22.125 74.875 0.39891
22.125 75.125 -0.24973
22.125 75.375 -0.45212
22.125 75.625 0.30329
22.125 75.875 0.60956
22.125 76.125 0.82194
22.125 76.375 1.1652
22.125 76.625 0.73704
22.125 76.875 0.45531
22.125 77.125 0.74337
22.125 77.375 1.3866
22.125 77.625 1.741
22.125 77.875 1.1424
22.125 78.125 0.50577
22.125 78.375 0.13975
22.125 78.625 0.098716
22.125 78.875 0.39422
22.125 79.125 0.053236
22.125 79.375 -0.0099742
22.125 79.625 -0.048314
22.125 79.875 0.18257
22.125 80.125 0.60192
22.125 80.375 0.68467
22.125 80.625 0.28368
22.125 80.875 -0.050085
22.125 81.125 0.2412
22.125 81.375 -0.024175
22.125 81.625 -0.08955
22.125 81.875 0.34001
22.125 82.125 -0.092153
22.125 82.375 -0.17719
22.125 82.625 -0.14788
22.125 82.875 -0.61934
22.125 83.125 -0.60501
22.125 83.375 -0.53691
22.125 83.625 -0.80803
22.125 83.875 -0.87285
22.125 84.125 0.46179
22.125 84.375 0.43219
22.125 84.625 0.41332
22.125 84.875 -0.13323
22.125 85.125 -0.64012
22.125 85.375 -0.54358
22.125 85.625 -0.55095
22.125 85.875 -0.42835
22.125 86.125 -0.2949
22.125 86.375 -0.27151
22.125 86.625 -0.65621
22.125 86.875 -0.59479
22.125 87.125 -0.67286
22.125 87.375 -0.87592
22.125 87.625 -0.66607
22.125 87.875 -0.72362
22.125 88.125 -0.77594
22.125 88.375 -0.68715
22.125 92.875 NaN
22.375 69.125 0.54265
22.375 69.875 -0.015752
22.375 70.125 0.32264
22.375 70.375 0.23764
22.375 70.625 1.2509
22.375 70.875 0.62035
22.375 71.125 0.45433
22.375 71.375 0.60465
22.375 71.625 0.83737
22.375 71.875 2.2502
22.375 72.125 -0.26531
22.375 72.625 NaN
22.375 72.875 0.1232
22.375 73.125 0.33625
22.375 73.375 2.4319
22.375 73.625 3.2429
22.375 73.875 1.0462
22.375 74.125 0.085819
22.375 74.375 0.15258
22.375 74.625 -0.01248
22.375 74.875 -0.1132
22.375 75.125 -0.039749
22.375 75.375 0.34032
22.375 75.625 0.33302
22.375 75.875 0.93186
22.375 76.125 1.4579
22.375 76.375 1.4391
22.375 76.625 1.4126
22.375 76.875 0.65338
22.375 77.125 0.68024
22.375 77.375 1.3486
22.375 77.625 1.4371
22.375 77.875 1.1946
22.375 78.125 0.40491
22.375 78.375 0.14074
22.375 78.625 -0.046577
22.375 78.875 0.037693
22.375 79.125 0.29658
22.375 79.375 0.20184
22.375 79.625 -0.067705
22.375 79.875 0.018389
22.375 80.125 0.21935
22.375 80.375 0.34978
22.375 80.625 0.035145
22.375 80.875 0.058388
22.375 81.125 0.50818
22.375 81.375 0.64364
22.375 81.625 0.064751
22.375 81.875 -0.32341
22.375 82.125 -0.33324
22.375 82.375 -0.2878
22.375 82.625 -0.52991
22.375 82.875 -0.54682
22.375 83.125 -0.55919
22.375 83.375 -0.80956
22.375 83.625 -0.81137
22.375 83.875 -0.73867
22.375 84.125 -0.34281
22.375 84.375 -0.13193
22.375 84.625 -0.26111
22.375 84.875 -0.35808
22.375 85.125 -0.35848
22.375 85.375 -0.68625
22.375 85.625 -0.702
22.375 85.875 -0.45152
22.375 86.125 -0.39464
22.375 86.375 -0.0069709
22.375 86.625 -0.69009
22.375 86.875 -0.65704
22.375 87.125 -0.64388
22.375 87.375 -1.2555
22.375 87.625 -1.3734
22.375 87.875 -1.1733
22.375 88.125 -0.94862
22.375 88.375 -0.37747
22.375 88.625 -0.41591
22.375 88.875 -0.53981
22.375 92.875 1.3551
22.625 70.375 1.649
22.625 70.625 1.0162
22.625 70.875 1.6977
22.625 71.125 1.0279
22.625 71.375 0.36251
22.625 71.625 2.2416
22.625 71.875 2.7529
22.625 72.125 -0.30466
22.625 72.375 -0.25434
22.625 72.625 0.67589
22.625 72.875 0.21084
22.625 73.125 -0.34618
22.625 73.375 2.5299
22.625 73.625 1.343
22.625 73.875 2.2262
22.625 74.125 1.9845
22.625 74.375 0.087945
22.625 74.625 -0.034891
22.625 74.875 -0.041184
22.625 75.125 0.11469
22.625 75.375 0.21281
22.625 75.625 0.42313
22.625 75.875 1.429
22.625 76.125 1.5775
22.625 76.375 1.7543
22.625 76.625 1.8864
22.625 76.875 0.8347
22.625 77.125 0.67744
22.625 77.375 0.99924
22.625 77.625 1.1667
22.625 77.875 1.3623
22.625 78.125 0.85629
22.625 78.375 0.59807
22.625 78.625 0.21579
22.625 78.875 0.014268
22.625 79.125 0.16089
22.625 79.375 0.06191
22.625 79.625 -0.11241
22.625 79.875 -0.098288
22.625 80.125 -0.32766
22.625 80.375 -0.32805
22.625 80.625 0.083796
22.625 80.875 0.27919
22.625 81.125 0.37323
22.625 81.375 0.49153
22.625 81.625 0.5092
22.625 81.875 0.083764
22.625 82.125 -0.49875
22.625 82.375 -0.82791
22.625 82.625 -0.48023
22.625 82.875 -0.55175
22.625 83.125 -0.46932
22.625 83.375 -0.8023
22.625 83.625 -0.67541
22.625 83.875 -0.63604
22.625 84.125 -0.73781
22.625 84.375 -0.90206
22.625 84.625 -0.98032
22.625 84.875 -0.45341
22.625 85.125 -0.28445
22.625 85.375 -0.51816
22.625 85.625 -0.12384
22.625 85.875 0.027088
22.625 86.125 -0.53532
22.625 86.375 0.006959
22.625 86.625 0.51251
22.625 86.875 -0.25584
22.625 87.125 -0.73627
22.625 87.375 -1.2803
22.625 87.625 -1.2258
22.625 87.875 -0.99001
22.625 88.125 -0.76518
22.625 88.375 -0.31154
22.625 88.625 -0.45398
22.625 88.875 -0.54282
22.625 92.625 -0.36816
22.625 92.875 0.97963
22.875 69.375 NaN
22.875 69.625 NaN
22.875 69.875 NaN
22.875 70.625 0.87769
22.875 70.875 1.1942
22.875 71.125 0.93467
22.875 71.375 0.55159
22.875 71.625 2.824
22.875 71.875 2.4813
22.875 72.125 1.3751
22.875 72.375 0.39222
22.875 72.625 2.0633
22.875 72.875 1.9358
22.875 73.125 3.0699
22.875 73.375 4.1483
22.875 73.625 2.2943
22.875 73.875 3.2819
22.875 74.125 2.751
22.875 74.375 0.80271
22.875 74.625 0.70035
22.875 74.875 0.41559
22.875 75.125 0.79415
22.875 75.375 1.2821
22.875 75.625 1.7247
22.875 75.875 1.3482
22.875 76.125 1.5191
22.875 76.375 1.4356
22.875 76.625 2.2441
22.875 76.875 1.1244
22.875 77.125 1.4595
22.875 77.375 2.3266
22.875 77.625 1.9486
22.875 77.875 1.596
22.875 78.125 1.2474
22.875 78.375 0.50866
22.875 78.625 0.1897
22.875 78.875 0.12065
22.875 79.125 0.2261
22.875 79.375 -0.10261
22.875 79.625 -0.41806
22.875 79.875 -0.51534
22.875 80.125 -0.35409
22.875 80.375 -0.14797
22.875 80.625 0.29488
22.875 80.875 0.26634
22.875 81.125 0.191
22.875 81.375 0.20069
22.875 81.625 -0.3186
22.875 81.875 -0.66029
22.875 82.125 -0.94694
22.875 82.375 -0.73869
22.875 82.625 -0.3311
22.875 82.875 -0.52439
22.875 83.125 -0.59857
22.875 83.375 -0.41631
22.875 83.625 -0.17326
22.875 83.875 -0.34697
22.875 84.125 -0.77193
22.875 84.375 -1.2648
22.875 84.625 -1.0837
22.875 84.875 -1.1669
22.875 85.125 -0.11965
22.875 85.375 -0.25315
22.875 85.625 -0.67345
22.875 85.875 -0.59198
22.875 86.125 -0.90347
22.875 86.375 -0.7616
22.875 86.625 0.12331
22.875 86.875 0.35147
22.875 87.125 -0.66676
22.875 87.375 -1.2832
22.875 87.625 -1.128
22.875 87.875 -0.92951
22.875 88.125 -1.2641
22.875 88.375 -0.87816
22.875 88.625 -0.7196
22.875 92.625 -0.39114
22.875 92.875 0.43245
23.125 68.875 1.0368
23.125 69.125 1.3135
23.125 69.375 2.9942
23.125 69.625 4.2869
23.125 69.875 4.8157
23.125 70.125 1.3226
23.125 70.875 0.73701
23.125 71.125 0.60824
23.125 71.375 0.30386
23.125 71.625 3.8141
23.125 71.875 4.2161
23.125 72.125 4.4481
23.125 72.375 2.6672
23.125 72.625 2.5951
23.125 72.875 3.1893
23.125 73.125 2.6041
23.125 73.375 2.5146
23.125 73.625 1.6577
23.125 73.875 2.5692
23.125 74.125 3.2223
23.125 74.375 1.8569
23.125 74.625 0.75088
23.125 74.875 0.74438
23.125 75.125 0.70356
23.125 75.375 0.68188
23.125 75.625 0.98975
23.125 75.875 0.81313
23.125 76.125 1.6205
23.125 76.375 1.3421
23.125 76.625 1.2411
23.125 76.875 2.0666
23.125 77.125 2.104
23.125 77.375 2.9715
23.125 77.625 2.3136
23.125 77.875 1.5249
23.125 78.125 1.3006
23.125 78.375 0.48789
23.125 78.625 0.037106
23.125 78.875 0.075184
23.125 79.125 0.17729
23.125 79.375 0.027091
23.125 79.625 -0.53361
23.125 79.875 -0.33758
23.125 80.125 -0.40908
23.125 80.375 -0.13966
23.125 80.625 0.22533
23.125 80.875 0.18241
23.125 81.125 -0.24532
23.125 81.375 -0.53436
23.125 81.625 -0.47411
23.125 81.875 -1.359
23.125 82.125 -0.46489
23.125 82.375 -0.32886
23.125 82.625 -0.16085
23.125 82.875 -0.61052
23.125 83.125 -0.6922
23.125 83.375 0.81993
23.125 83.625 1.6701
23.125 83.875 0.6489
23.125 84.125 -0.84108
23.125 84.375 -0.76051
23.125 84.625 -0.68255
23.125 84.875 -1.0485
23.125 85.125 -0.99122
23.125 85.375 -0.033046
23.125 85.625 0.24804
23.125 85.875 -0.21217
23.125 86.125 -0.48702
23.125 86.375 -0.27548
23.125 86.625 -0.06861
23.125 86.875 0.24714
23.125 87.125 -0.36685
23.125 87.375 -0.99075
23.125 87.625 -0.94994
23.125 87.875 -1.5197
23.125 88.125 -1.9101
23.125 88.375 -1.7728
23.125 88.625 -1.3535
23.125 91.625 NaN
23.125 92.625 -1.1091
23.125 92.875 -0.83598
23.125 93.125 NaN
23.375 68.875 1.407
23.375 69.125 1.5571
23.375 69.375 3.409
23.375 69.625 4.8165
23.375 69.875 3.8527
23.375 70.125 2.1151
23.375 70.375 2.0169
23.375 70.625 1.6276
23.375 70.875 0.91779
23.375 71.125 1.449
23.375 71.375 2.1861
23.375 71.625 2.3822
23.375 71.875 4.0919
23.375 72.125 2.3245
23.375 72.375 3.0566
23.375 72.625 3.4855
23.375 72.875 4.6963
23.375 73.125 3.8738
23.375 73.375 3.4025
23.375 73.625 1.567
23.375 73.875 1.8146
23.375 74.125 2.2763
23.375 74.375 1.8422
23.375 74.625 1.4892
23.375 74.875 2.5511
23.375 75.125 1.0854
23.375 75.375 1.3716
23.375 75.625 0.98229
23.375 75.875 0.89953
23.375 76.125 1.1727
23.375 76.375 1.4002
23.375 76.625 1.9732
23.375 76.875 2.7382
23.375 77.125 2.4513
23.375 77.375 2.6498
23.375 77.625 2.0069
23.375 77.875 1.2007
23.375 78.125 1.4352
23.375 78.375 0.87512
23.375 78.625 0.24381
23.375 78.875 0.23397
23.375 79.125 0.1026
23.375 79.375 -0.011976
23.375 79.625 -0.20577
23.375 79.875 -0.24984
23.375 80.125 -0.45192
23.375 80.375 -0.95452
23.375 80.625 -0.52338
23.375 80.875 -0.32512
23.375 81.125 -0.4216
23.375 81.375 -0.52585
23.375 81.625 -0.67571
23.375 81.875 -0.76242
23.375 82.125 -0.62136
23.375 82.375 -0.71525
23.375 82.625 -0.37182
23.375 82.875 -0.2491
23.375 83.125 -0.9063
23.375 83.375 -0.17329
23.375 83.625 0.65419
23.375 83.875 0.25095
23.375 84.125 -0.4836
23.375 84.375 -0.40054
23.375 84.625 -0.49077
23.375 84.875 -1.2496
23.375 85.125 -1.0772
23.375 85.375 0.056832
23.375 85.625 0.38913
23.375 85.875 -0.056769
23.375 86.125 -0.045448
23.375 86.375 0.41391
23.375 86.625 0.12295
23.375 86.875 0.24443
23.375 87.125 -0.33288
23.375 87.375 -0.64878
23.375 87.625 -0.77589
23.375 87.875 -1.6381
23.375 88.125 -1.8614
23.375 88.375 -1.9667
23.375 88.625 -1.8083
23.375 91.375 -0.93611
23.375 91.625 -0.96558
23.375 92.625 -1.2932
23.375 92.875 -1.1114
23.375 93.125 -1.021
23.625 68.625 1.3972
23.625 68.875 1.5536
23.625 69.125 1.7956
23.625 69.375 4.5516
23.625 69.625 4.3571
23.625 69.875 3.602
23.625 70.125 2.6734
23.625 70.375 1.8635
23.625 70.625 2.1013
23.625 70.875 1.5855
23.625 71.125 2.3104
23.625 71.375 3.5505
23.625 71.625 1.4041
23.625 71.875 2.0777
23.625 72.125 1.8846
23.625 72.375 2.1985
23.625 72.625 4.0574
23.625 72.875 2.9287
23.625 73.125 2.2972
23.625 73.375 2.5813
23.625 73.625 2.6843
23.625 73.875 1.7997
23.625 74.125 2.2272
23.625 74.375 2.4941
23.625 74.625 2.549
23.625 74.875 3.2849
23.625 75.125 1.5641
23.625 75.375 1.781
23.625 75.625 2.0435
23.625 75.875 2.0022
23.625 76.125 1.5791
23.625 76.375 2.2965
23.625 76.625 2.5417
23.625 76.875 2.2783
23.625 77.125 1.7699
23.625 77.375 1.9025
23.625 77.625 1.5364
23.625 77.875 1.5568
23.625 78.125 1.283
23.625 78.375 0.73875
23.625 78.625 0.66578
23.625 78.875 0.67398
23.625 79.125 0.26341
23.625 79.375 0.451
23.625 79.625 0.64319
23.625 79.875 0.3847
23.625 80.125 -0.10391
23.625 80.375 -0.87894
23.625 80.625 -0.61295
23.625 80.875 -0.4724
23.625 81.125 -0.50988
23.625 81.375 -0.62111
23.625 81.625 -0.47338
23.625 81.875 -0.1259
23.625 82.125 0.18122
23.625 82.375 -0.37512
23.625 82.625 -0.71433
23.625 82.875 -1.2058
23.625 83.125 -1.3761
23.625 83.375 -0.87289
23.625 83.625 -0.65151
23.625 83.875 -0.024448
23.625 84.125 0.2011
23.625 84.375 -0.64163
23.625 84.625 -0.88442
23.625 84.875 -1.101
23.625 85.125 -0.53186
23.625 85.375 -0.40555
23.625 85.625 -0.55096
23.625 85.875 -0.22363
23.625 86.125 -1.1799
23.625 86.375 -0.68251
23.625 86.625 0.25606
23.625 86.875 -0.39262
23.625 87.125 -0.65838
23.625 87.375 -0.77312
23.625 87.625 -0.94301
23.625 87.875 -1.2132
23.625 88.125 -1.604
23.625 88.375 -1.8511
23.625 91.375 -0.72657
23.625 91.625 -0.88846
23.625 91.875 NaN
23.625 92.375 -1.4499
23.625 92.625 -1.3328
23.625 92.875 -1.1565
23.625 93.125 -1.0873
23.875 68.875 1.4491
23.875 69.125 1.8104
23.875 69.375 4.2999
23.875 69.625 3.8409
23.875 69.875 2.9896
23.875 70.125 2.7023
23.875 70.375 2.0633
23.875 70.625 1.9066
23.875 70.875 1.8551
23.875 71.125 2.878
23.875 71.375 2.3188
23.875 71.625 2.7149
23.875 71.875 4.0355
23.875 72.125 3.8349
23.875 72.375 1.7657
23.875 72.625 2.154
23.875 72.875 1.4815
23.875 73.125 1.7034
23.875 73.375 4.411
23.875 73.625 2.3287
23.875 73.875 2.3087
23.875 74.125 3.4008
23.875 74.375 1.8809
23.875 74.625 1.9855
23.875 74.875 2.5229
23.875 75.125 1.8473
23.875 75.375 1.2024
23.875 75.625 2.0131
23.875 75.875 1.3844
23.875 76.125 2.5027
23.875 76.375 2.241
23.875 76.625 2.496
23.875 76.875 2.3307
23.875 77.125 1.8077
23.875 77.375 1.5704
23.875 77.625 1.9785
23.875 77.875 1.4679
23.875 78.125 0.96755
23.875 78.375 1.0738
23.875 78.625 0.90661
23.875 78.875 0.73919
23.875 79.125 0.18537
23.875 79.375 0.34094
23.875 79.625 0.21
23.875 79.875 -0.010684
23.875 80.125 -0.17495
23.875 80.375 -0.51054
23.875 80.625 -0.71217
23.875 80.875 -0.056291
23.875 81.125 0.075057
23.875 81.375 -0.49832
23.875 81.625 -0.47881
23.875 81.875 0.28777
23.875 82.125 0.34251
23.875 82.375 -0.20492
23.875 82.625 -1.0965
23.875 82.875 -1.3442
23.875 83.125 -1.5268
23.875 83.375 -1.2906
23.875 83.625 -1.0384
23.875 83.875 -0.408
23.875 84.125 -1.2327
23.875 84.375 -0.83498
23.875 84.625 -0.50152
23.875 84.875 0.060167
23.875 85.125 -0.37728
23.875 85.375 -0.19178
23.875 85.625 0.016345
23.875 85.875 -0.51813
23.875 86.125 -1.3297
23.875 86.375 -0.89138
23.875 86.625 0.15931
23.875 86.875 0.69588
23.875 87.125 -0.49463
23.875 87.375 -0.78618
23.875 87.625 -1.0945
23.875 87.875 -1.2944
23.875 88.125 -1.3824
23.875 88.375 -1.4936
23.875 91.375 -0.62414
23.875 91.625 -0.90648
23.875 91.875 -0.95765
23.875 92.125 -1.1902
23.875 92.375 -1.2312
23.875 92.625 -1.2164
23.875 92.875 -0.89959
23.875 93.125 -0.91061
23.875 93.375 -0.93957
24.125 68.875 1.52
24.125 69.125 1.7546
24.125 69.375 3.7903
24.125 69.625 3.0769
24.125 69.875 2.6441
24.125 70.125 1.9361
24.125 70.375 1.8777
24.125 70.625 1.2127
24.125 70.875 1.535
24.125 71.125 2.1338
24.125 71.375 1.4691
24.125 71.625 2.4733
24.125 71.875 2.6907
24.125 72.125 3.3978
24.125 72.375 3.1907
24.125 72.625 3.8199
24.125 72.875 2.4753
24.125 73.125 2.1595
24.125 73.375 3.1419
24.125 73.625 3.9803
24.125 73.875 3.3154
24.125 74.125 1.7842
24.125 74.375 1.2653
24.125 74.625 3.1041
24.125 74.875 3.2897
24.125 75.125 1.9874
24.125 75.375 2.0419
24.125 75.625 1.8823
24.125 75.875 1.2575
24.125 76.125 1.6612
24.125 76.375 1.2041
24.125 76.625 1.2971
24.125 76.875 1.8708
24.125 77.125 1.5775
24.125 77.375 1.5604
24.125 77.625 1.463
24.125 77.875 1.0987
24.125 78.125 0.72112
24.125 78.375 0.34522
24.125 78.625 0.434
24.125 78.875 0.086035
24.125 79.125 0.042766
24.125 79.375 0.28031
24.125 79.625 -0.1157
24.125 79.875 -0.08747
24.125 80.125 -0.15598
24.125 80.375 -0.82855
24.125 80.625 -0.83646
24.125 80.875 -0.61267
24.125 81.125 -0.24556
24.125 81.375 -0.46063
24.125 81.625 -0.40546
24.125 81.875 0.47665
24.125 82.125 -0.13333
24.125 82.375 -0.44536
24.125 82.625 -1.194
24.125 82.875 -0.8028
24.125 83.125 -1.4126
24.125 83.375 -1.572
24.125 83.625 -1.6155
24.125 83.875 -1.2392
24.125 84.125 -1.2605
24.125 84.375 -1.2901
24.125 84.625 -0.37358
24.125 84.875 0.58316
24.125 85.125 -0.1282
24.125 85.375 1.0157
24.125 85.625 0.20339
24.125 85.875 -0.3507
24.125 86.125 -0.78517
24.125 86.375 -0.2947
24.125 86.625 0.16702
24.125 86.875 0.89074
24.125 87.125 -0.39007
24.125 87.375 -0.68755
24.125 87.625 -1.0485
24.125 87.875 -1.2397
24.125 88.125 -1.1393
24.125 88.375 -1.2652
24.125 91.875 -0.65118
24.125 92.125 -0.6983
24.125 92.375 -0.70074
24.125 92.625 -0.51475
24.125 92.875 -0.51101
24.125 93.125 -0.92296
24.125 93.375 -1.2587
24.125 93.625 -1.3917
24.125 93.875 -1.3454
24.125 94.125 NaN
24.375 71.375 1.3381
24.375 71.625 1.8254
24.375 71.875 1.9594
24.375 72.125 3.2239
24.375 72.375 2.8819
24.375 72.625 3.6523
24.375 72.875 3.03
24.375 73.125 3.2023
24.375 73.375 3.0011
24.375 73.625 2.8971
24.375 73.875 2.2338
24.375 74.125 1.8158
24.375 74.375 1.3373
24.375 74.625 2.3954
24.375 74.875 2.655
24.375 75.125 2.484
24.375 75.375 1.9748
24.375 75.625 2.2442
24.375 75.875 1.128
24.375 76.125 1.8427
24.375 76.375 1.1296
24.375 76.625 1.422
24.375 76.875 0.87747
24.375 77.125 1.1641
24.375 77.375 1.1502
24.375 77.625 1.2342
24.375 77.875 0.61199
24.375 78.125 0.23395
24.375 78.375 -0.047324
24.375 78.625 -0.10429
24.375 78.875 0.62466
24.375 79.125 0.91786
24.375 79.375 0.57128
24.375 79.625 0.34942
24.375 79.875 0.27205
24.375 80.125 0.38329
24.375 80.375 -0.25945
24.375 80.625 -0.62316
24.375 80.875 -0.082875
24.375 81.125 0.5121
24.375 81.375 -0.064471
24.375 81.625 -0.28593
24.375 81.875 -0.30666
24.375 82.125 -0.71141
24.375 82.375 -0.80262
24.375 82.625 -0.9075
24.375 82.875 -1.1016
24.375 83.125 -1.0591
24.375 83.375 -0.90947
24.375 83.625 -0.83169
24.375 83.875 -1.1017
24.375 84.125 -1.2354
24.375 84.375 -1.1091
24.375 84.625 -1.0525
24.375 84.875 0.54104
24.375 85.125 -0.11682
24.375 85.375 0.41787
24.375 85.625 0.013104
24.375 85.875 -0.86005
24.375 86.125 -0.37766
24.375 86.375 -0.33516
24.375 86.625 0.39128
24.375 86.875 -0.063607
24.375 87.125 -0.36748
24.375 87.375 -1.202
24.375 87.625 -1.1199
24.375 87.875 -1.1928
24.375 88.125 -1.3184
24.375 92.375 -0.81727
24.375 92.625 -0.73172
24.375 92.875 -0.5313
24.375 93.125 -0.96822
24.375 93.375 -1.2768
24.375 93.625 -1.3011
24.375 93.875 -1.2822
24.375 94.125 -1.0575
24.625 71.125 0.83673
24.625 71.375 0.65629
24.625 71.625 0.49086
24.625 71.875 2.594
24.625 72.125 2.8471
24.625 72.375 3.0855
24.625 72.625 2.5798
24.625 72.875 3.2993
24.625 73.125 3.4752
24.625 73.375 3.3342
24.625 73.625 2.3721
24.625 73.875 2.0511
24.625 74.125 2.347
24.625 74.375 2.0615
24.625 74.625 2.3045
24.625 74.875 2.0097
24.625 75.125 2.6345
24.625 75.375 2.6883
24.625 75.625 3.186
24.625 75.875 1.2965
24.625 76.125 1.8859
24.625 76.375 1.3625
24.625 76.625 1.7585
24.625 76.875 0.83352
24.625 77.125 1.3768
24.625 77.375 1.9336
24.625 77.625 1.9213
24.625 77.875 1.2201
24.625 78.125 0.27412
24.625 78.375 -0.026063
24.625 78.625 -0.19965
24.625 78.875 0.055552
24.625 79.125 0.8742
24.625 79.375 1.0013
24.625 79.625 0.89026
24.625 79.875 0.35369
24.625 80.125 0.67575
24.625 80.375 -0.10355
24.625 80.625 1.2194
24.625 80.875 0.44357
24.625 81.125 0.24142
24.625 81.375 0.66702
24.625 81.625 0.52716
24.625 81.875 0.13558
24.625 82.125 -0.35386
24.625 82.375 -0.54921
24.625 82.625 -0.86374
24.625 82.875 -0.836
24.625 83.125 -0.41198
24.625 83.375 -0.9658
24.625 83.625 -1.3271
24.625 83.875 -1.2921
24.625 84.125 -1.1576
24.625 84.375 -1.1425
24.625 84.625 -1.1541
24.625 84.875 -0.60473
24.625 85.125 -0.70249
24.625 85.375 -0.49076
24.625 85.625 -0.56642
24.625 85.875 -1.5508
24.625 86.125 -0.4954
24.625 86.375 -0.61159
24.625 86.625 -0.81601
24.625 86.875 -0.68227
24.625 87.125 0.045453
24.625 87.375 -0.74218
24.625 87.625 -0.74871
24.625 87.875 -0.53707
24.625 92.375 -0.97816
24.625 92.625 -0.74234
24.625 92.875 -0.88198
24.625 93.125 -0.96967
24.625 93.375 -1.1329
24.625 93.625 -1.3333
24.625 93.875 -1.1072
24.625 94.125 -0.84039
24.625 94.375 NaN
24.875 71.125 0.58762
24.875 71.375 0.32497
24.875 71.625 0.18166
24.875 71.875 0.63334
24.875 72.125 1.4728
24.875 72.375 1.8981
24.875 72.625 1.531
24.875 72.875 2.7319
24.875 73.125 1.6486
24.875 73.375 2.5726
24.875 73.625 3.2721
24.875 73.875 2.4871
24.875 74.125 1.9609
24.875 74.375 1.8896
24.875 74.625 2.0381
24.875 74.875 1.6066
24.875 75.125 2.4881
24.875 75.375 3.0436
24.875 75.625 3.8318
24.875 75.875 2.9942
24.875 76.125 2.1792
24.875 76.375 1.9915
24.875 76.625 1.7209
24.875 76.875 1.6668
24.875 77.125 2.1216
24.875 77.375 2.3473
24.875 77.625 1.869
24.875 77.875 0.61052
24.875 78.125 0.48374
24.875 78.375 0.5856
24.875 78.625 0.24889
24.875 78.875 -0.10234
24.875 79.125 -0.17458
24.875 79.375 0.77319
24.875 79.625 1.1875
24.875 79.875 0.60278
24.875 80.125 -0.54955
24.875 80.375 0.24906
24.875 80.625 1.5912
24.875 80.875 1.6365
24.875 81.125 0.53064
24.875 81.375 -0.13157
24.875 81.625 -0.82634
24.875 81.875 -0.78785
24.875 82.125 -0.95149
24.875 82.375 -0.18144
24.875 82.625 0.14882
24.875 82.875 -0.088051
24.875 83.125 -0.56934
24.875 83.375 -1.0222
24.875 83.625 -1.437
24.875 83.875 -1.3702
24.875 84.125 -1.1189
24.875 84.375 -1.3991
24.875 84.625 -1.3484
24.875 84.875 0.11597
24.875 85.125 -0.60623
24.875 85.375 -0.68064
24.875 85.625 -0.83645
24.875 85.875 -0.87289
24.875 86.125 -0.67813
24.875 86.375 -0.84708
24.875 86.625 -1.0032
24.875 86.875 -0.59139
24.875 87.125 -0.34866
24.875 87.375 0.084218
24.875 87.625 -0.43708
24.875 87.875 -0.39639
24.875 88.125 -0.37619
24.875 92.625 -0.93956
24.875 92.875 -0.91873
24.875 93.125 -0.9058
24.875 93.375 -0.98591
24.875 93.625 -0.93009
24.875 93.875 -0.87338
24.875 94.125 -0.71511
24.875 94.375 -0.63958
25.125 71.125 0.53814
25.125 71.375 0.60369
25.125 71.625 0.36286
25.125 71.875 -0.062335
25.125 72.125 0.63729
25.125 72.375 1.5264
25.125 72.625 1.8313
25.125 72.875 2.0997
25.125 73.125 1.3406
25.125 73.375 2.6029
25.125 73.625 3.5144
25.125 73.875 2.5821
25.125 74.125 1.977
25.125 74.375 1.7121
25.125 74.625 1.4956
25.125 74.875 1.3026
25.125 75.125 1.4099
25.125 75.375 1.7908
25.125 75.625 1.6796
25.125 75.875 0.90685
25.125 76.125 1.766
25.125 76.375 2.0604
25.125 76.625 2.215
25.125 76.875 1.041
25.125 77.125 2.0089
25.125 77.375 2.1531
25.125 77.625 1.2944
25.125 77.875 0.85936
25.125 78.125 0.69151
25.125 78.375 0.90386
25.125 78.625 0.40721
25.125 78.875 -0.10936
25.125 79.125 -0.15321
25.125 79.375 -0.21952
25.125 79.625 0.20241
25.125 79.875 0.99696
25.125 80.125 -0.9737
25.125 80.375 0.29084
25.125 80.625 1.789
25.125 80.875 1.3343
25.125 81.125 0.080155
25.125 81.375 -0.37882
25.125 81.625 -0.85534
25.125 81.875 -0.39462
25.125 82.125 0.20551
25.125 82.375 0.30999
25.125 82.625 2.4245
25.125 82.875 -0.5493
25.125 83.125 -0.69857
25.125 83.375 -0.62127
25.125 83.625 -0.70972
25.125 83.875 -0.95711
25.125 84.125 -0.89898
25.125 84.375 -0.67185
25.125 84.625 -0.8133
25.125 84.875 0.54181
25.125 85.125 -0.81283
25.125 85.375 -1.0905
25.125 85.625 -0.75813
25.125 85.875 -0.32433
25.125 86.125 -0.94133
25.125 86.375 0.0017084
25.125 86.625 -0.28051
25.125 86.875 -0.82783
25.125 87.125 -1.2489
25.125 87.375 -0.46498
25.125 87.625 0.0354
25.125 87.875 -0.028093
25.125 88.125 0.10117
25.125 88.375 -0.28803
25.125 92.375 -0.75618
25.125 92.625 -0.85401
25.125 92.875 -0.85874
25.125 93.125 -0.73836
25.125 93.375 -0.52407
25.125 93.625 -0.5375
25.125 93.875 -0.78841
25.125 94.125 -0.63654
25.125 94.375 -0.63461
25.375 70.875 0.70475
25.375 71.125 0.85799
25.375 71.375 0.85093
25.375 71.625 2.3093
25.375 71.875 1.5848
25.375 72.125 0.23153
25.375 72.375 1.1003
25.375 72.625 1.3539
25.375 72.875 2.1472
25.375 73.125 2.2425
25.375 73.375 2.8847
25.375 73.625 3.5671
25.375 73.875 3.2258
25.375 74.125 2.0541
25.375 74.375 0.78246
25.375 74.625 1.3117
25.375 74.875 1.6314
25.375 75.125 2.1206
25.375 75.375 2.194
25.375 75.625 2.0498
25.375 75.875 1.5572
25.375 76.125 2.594
25.375 76.375 3.0762
25.375 76.625 2.8423
25.375 76.875 2.4548
25.375 77.125 1.6832
25.375 77.375 1.6951
25.375 77.625 1.3889
25.375 77.875 1.1207
25.375 78.125 0.5836
25.375 78.375 0.75375
25.375 78.625 0.17221
25.375 78.875 -0.96805
25.375 79.125 -0.93709
25.375 79.375 -0.61239
25.375 79.625 0.41033
25.375 79.875 0.60043
25.375 80.125 -0.023491
25.375 80.375 -0.75451
25.375 80.625 0.64299
25.375 80.875 -0.62126
25.375 81.125 0.031967
25.375 81.375 -0.21362
25.375 81.625 -0.72869
25.375 81.875 -0.77486
25.375 82.125 -0.26519
25.375 82.375 0.59957
25.375 82.625 0.65645
25.375 82.875 0.58487
25.375 83.125 -0.57538
25.375 83.375 -0.44944
25.375 83.625 -0.98639
25.375 83.875 -0.69815
25.375 84.125 -0.8358
25.375 84.375 -0.72673
25.375 84.625 -0.46565
25.375 84.875 -0.48295
25.375 85.125 -0.27537
25.375 85.375 -0.13713
25.375 85.625 0.90062
25.375 85.875 1.1749
25.375 86.125 0.45687
25.375 86.375 -0.30089
25.375 86.625 -0.92517
25.375 86.875 -1.1875
25.375 87.125 -0.70835
25.375 87.375 -0.80856
25.375 87.625 1.157
25.375 87.875 0.64673
25.375 88.125 0.20335
25.375 88.375 -0.46272
25.375 88.625 -1.1285
25.375 90.125 2.8259
25.375 90.375 3.0139
25.375 90.625 1.6769
25.375 90.875 0.98435
25.375 91.125 0.90568
25.375 91.375 1.1564
25.375 91.625 0.34544
25.375 91.875 0.37591
25.375 92.125 0.21537
25.375 92.375 0.41705
25.375 92.625 -0.3448
25.375 92.875 -0.75372
25.375 93.125 -0.41685
25.375 93.375 -0.28936
25.375 93.625 -0.0040494
25.375 93.875 -0.64266
25.375 94.125 -0.50429
25.375 94.375 -0.57771
25.625 70.875 0.42073
25.625 71.125 0.9766
25.625 71.375 1.0659
25.625 71.625 1.7781
25.625 71.875 1.0345
25.625 72.125 -0.11247
25.625 72.375 0.024291
25.625 72.625 0.043066
25.625 72.875 0.74481
25.625 73.125 2.4911
25.625 73.375 1.9884
25.625 73.625 2.8306
25.625 73.875 2.1742
25.625 74.125 2.0841
25.625 74.375 1.5304
25.625 74.625 1.0363
25.625 74.875 1.2186
25.625 75.125 0.70824
25.625 75.375 2.26
25.625 75.625 3.0394
25.625 75.875 2.3692
25.625 76.125 2.3961
25.625 76.375 2.5104
25.625 76.625 2.6641
25.625 76.875 2.5228
25.625 77.125 3.1518
25.625 77.375 2.5197
25.625 77.625 1.2833
25.625 77.875 0.26582
25.625 78.125 0.48023
25.625 78.375 -0.15752
25.625 78.625 -0.52592
25.625 78.875 -0.92105
25.625 79.125 -0.34317
25.625 79.375 0.1081
25.625 79.625 0.86871
25.625 79.875 0.99552
25.625 80.125 0.59576
25.625 80.375 0.59841
25.625 80.625 -0.32933
25.625 80.875 -1.0626
25.625 81.125 0.90944
25.625 81.375 0.2793
25.625 81.625 0.33097
25.625 81.875 -0.063145
25.625 82.125 -0.63243
25.625 82.375 0.46299
25.625 82.625 -0.95651
25.625 82.875 -0.98762
25.625 83.125 -0.66661
25.625 83.375 -0.93345
25.625 83.625 -1.0071
25.625 83.875 -0.79688
25.625 84.125 -0.96683
25.625 84.375 -1.5215
25.625 84.625 -0.6111
25.625 84.875 -0.12504
25.625 85.125 -1.2668
25.625 85.375 -0.46742
25.625 85.625 -0.30252
25.625 85.875 -0.055453
25.625 86.125 -0.21392
25.625 86.375 -0.62096
25.625 86.625 -1.5436
25.625 86.875 -0.75641
25.625 87.125 -0.29708
25.625 87.375 -0.056425
25.625 87.625 0.85884
25.625 87.875 1.2528
25.625 88.125 -0.21412
25.625 90.125 2.9695
25.625 90.375 2.7915
25.625 90.625 2.7672
25.625 90.875 2.5043
25.625 91.125 2.2225
25.625 91.375 1.4729
25.625 91.625 1.1956
25.625 91.875 -0.035855
25.625 92.125 0.46314
25.625 92.375 -0.27775
25.625 92.625 -0.98279
25.625 92.875 -0.51957
25.625 93.125 -0.58344
25.625 93.375 -0.25567
25.625 93.625 -0.16398
25.625 93.875 -0.65404
25.625 94.125 -0.64034
25.625 94.375 -0.77145
25.625 94.625 NaN
25.625 94.875 NaN
25.875 70.375 0.80525
25.875 70.625 0.74065
25.875 70.875 0.85103
25.875 71.125 0.86858
25.875 71.375 0.9614
25.875 71.625 1.3478
25.875 71.875 0.7587
25.875 72.125 0.65937
25.875 72.375 0.21053
25.875 72.625 0.21149
25.875 72.875 -0.12339
25.875 73.125 1.6627
25.875 73.375 2.1784
25.875 73.625 3.3194
25.875 73.875 3.9266
25.875 74.125 2.0583
25.875 74.375 1.6858
25.875 74.625 2.4366
25.875 74.875 2.1293
25.875 75.125 0.90491
25.875 75.375 1.1682
25.875 75.625 2.3146
25.875 75.875 2.0677
25.875 76.125 1.854
25.875 76.375 2.0971
25.875 76.625 2.6461
25.875 76.875 2.3905
25.875 77.125 2.0875
25.875 77.375 2.895
25.875 77.625 2.7013
25.875 77.875 0.18086
25.875 78.125 0.55777
25.875 78.375 -0.12178
25.875 78.625 -0.19915
25.875 78.875 -0.52491
25.875 79.125 0.28709
25.875 79.375 0.33138
25.875 79.625 -0.2679
25.875 79.875 -0.10172
25.875 80.125 -0.097809
25.875 80.375 0.73611
25.875 80.625 0.34654
25.875 80.875 -0.42104
25.875 81.125 -0.42418
25.875 81.375 -0.66169
25.875 81.625 0.53077
25.875 81.875 -0.02081
25.875 82.125 -0.45834
25.875 82.375 0.21722
25.875 82.625 -0.65231
25.875 82.875 -0.22455
25.875 83.125 -0.71063
25.875 83.375 -0.81601
25.875 83.625 -0.11832
25.875 83.875 -0.74689
25.875 84.125 -0.31438
25.875 84.375 -1.0587
25.875 84.625 -0.58462
25.875 84.875 0.34111
25.875 85.125 0.51192
25.875 85.375 -0.20554
25.875 85.625 0.024289
25.875 85.875 -0.19542
25.875 86.125 -0.78478
25.875 86.375 0.82246
25.875 86.625 -0.99711
25.875 86.875 -0.35427
25.875 87.125 -0.15042
25.875 87.375 0.040773
25.875 87.625 -0.30384
25.875 87.875 0.35036
25.875 90.125 1.8124
25.875 90.375 1.5634
25.875 90.625 1.8913
25.875 90.875 1.9852
25.875 91.125 1.6229
25.875 91.375 2.2348
25.875 91.625 1.1015
25.875 91.875 -0.4473
25.875 92.125 -0.41475
25.875 92.375 0.2884
25.875 92.625 0.26101
25.875 92.875 -0.344
25.875 93.125 -1.2147
25.875 93.375 -1.3988
25.875 93.625 -0.91657
25.875 93.875 -0.3069
25.875 94.125 -0.63431
25.875 94.375 -0.79583
25.875 94.625 -0.73628
25.875 94.875 -0.80687
26.125 70.375 1.4319
26.125 70.625 2.7835
26.125 70.875 2.7355
26.125 71.125 1.149
26.125 71.375 1.7723
26.125 71.625 1.2537
26.125 71.875 0.81347
26.125 72.125 0.59465
26.125 72.375 1.0272
26.125 72.625 1.1842
26.125 72.875 1.2137
26.125 73.125 1.3578
26.125 73.375 1.6128
26.125 73.625 2.2778
26.125 73.875 2.706
26.125 74.125 1.1968
26.125 74.375 1.7416
26.125 74.625 2.4611
26.125 74.875 2.4423
26.125 75.125 1.8084
26.125 75.375 1.6649
26.125 75.625 1.9484
26.125 75.875 2.4012
26.125 76.125 2.5385
26.125 76.375 3.1646
26.125 76.625 2.8218
26.125 76.875 2.5153
26.125 77.125 1.5636
26.125 77.375 1.9957
26.125 77.625 2.1715
26.125 77.875 0.3765
26.125 78.125 0.36006
26.125 78.375 0.0058177
26.125 78.625 0.35717
26.125 78.875 -0.10738
26.125 79.125 0.14675
26.125 79.375 0.5123
26.125 79.625 -0.8945
26.125 79.875 -0.64353
26.125 80.125 -0.01886
26.125 80.375 -0.5077
26.125 80.625 -0.38202
26.125 80.875 -0.040766
26.125 81.125 0.061324
26.125 81.375 -0.61574
26.125 81.625 -0.37199
26.125 81.875 -0.2413
26.125 82.125 -0.26929
26.125 82.375 -0.62824
26.125 82.625 -0.22663
26.125 82.875 -0.14609
26.125 83.125 -0.43294
26.125 83.375 0.04473
26.125 83.625 -0.11872
26.125 83.875 -0.64743
26.125 84.125 -0.32687
26.125 84.375 0.00023461
26.125 84.625 0.2798
26.125 84.875 0.4373
26.125 85.125 -0.093751
26.125 85.375 0.59354
26.125 85.625 -0.557
26.125 85.875 -0.22794
26.125 86.125 0.94639
26.125 86.375 0.085959
26.125 86.625 0.079978
26.125 86.875 0.46869
26.125 87.125 -0.011493
26.125 87.375 0.11807
26.125 87.625 0.99844
26.125 87.875 1.4534
26.125 88.125 1.6824
26.125 89.375 1.7374
26.125 89.875 0.81204
26.125 90.125 1.2239
26.125 90.375 1.3304
26.125 90.625 1.3463
26.125 90.875 0.67095
26.125 91.125 1.0237
26.125 91.375 2.1718
26.125 91.625 0.33747
26.125 91.875 -0.4397
26.125 92.125 0.6484
26.125 92.375 1.157
26.125 92.625 1.1071
26.125 92.875 -0.11444
26.125 93.125 -1.2508
26.125 93.375 -0.85648
26.125 93.625 -1.003
26.125 93.875 -0.33396
26.125 94.125 -0.68576
26.125 94.375 -0.65681
26.125 94.625 -0.69271
26.125 94.875 -0.84873
26.375 70.375 1.2636
26.375 70.625 2.8114
26.375 70.875 3.7257
26.375 71.125 3.3995
26.375 71.375 2.3359
26.375 71.625 1.0676
26.375 71.875 0.67468
26.375 72.125 0.55886
26.375 72.375 1.4804
26.375 72.625 2.3946
26.375 72.875 1.7161
26.375 73.125 0.74984
26.375 73.375 0.93893
26.375 73.625 2.2804
26.375 73.875 2.3895
26.375 74.125 1.6068
26.375 74.375 2.4208
26.375 74.625 0.61227
26.375 74.875 1.9055
26.375 75.125 1.8445
26.375 75.375 1.4176
26.375 75.625 1.6198
26.375 75.875 2.0215
26.375 76.125 1.5656
26.375 76.375 1.7645
26.375 76.625 1.3615
26.375 76.875 1.7483
26.375 77.125 1.7239
26.375 77.375 1.511
26.375 77.625 1.7786
26.375 77.875 0.20748
26.375 78.125 0.64178
26.375 78.375 0.55109
26.375 78.625 0.20581
26.375 78.875 0.46322
26.375 79.125 0.62218
26.375 79.375 -0.89351
26.375 79.625 -1.1192
26.375 79.875 0.21663
26.375 80.125 0.37941
26.375 80.375 -0.96647
26.375 80.625 -0.88384
26.375 80.875 0.54938
26.375 81.125 0.84412
26.375 81.375 -1.0216
26.375 81.625 -1.0629
26.375 81.875 -0.19871
26.375 82.125 -0.2156
26.375 82.375 -0.40635
26.375 82.625 -0.57715
26.375 82.875 0.056973
26.375 83.125 0.048546
26.375 83.375 0.93174
26.375 83.625 0.71322
26.375 83.875 0.061606
26.375 84.125 -0.13115
26.375 84.375 0.2202
26.375 84.625 0.84863
26.375 84.875 -0.75419
26.375 85.125 -0.47645
26.375 85.375 -1.1795
26.375 85.625 0.37296
26.375 85.875 0.25479
26.375 86.125 -0.1045
26.375 86.375 -0.11457
26.375 86.625 -0.10863
26.375 86.875 0.3854
26.375 87.125 0.0769
26.375 87.625 -0.37363
26.375 87.875 1.5448
26.375 88.125 1.1821
26.375 88.375 1.2052
26.375 88.875 0.98404
26.375 89.375 1.6516
26.375 89.625 0.9307
26.375 89.875 0.77042
26.375 90.125 1.2186
26.375 90.375 1.1925
26.375 90.625 1.1212
26.375 90.875 0.59195
26.375 91.125 0.55462
26.375 91.375 0.046418
26.375 91.625 0.45308
26.375 91.875 0.24978
26.375 92.125 1.1353
26.375 92.375 0.69252
26.375 92.625 1.0144
26.375 92.875 0.10785
26.375 93.125 -0.3705
26.375 93.375 -0.79953
26.375 93.625 -0.34074
26.375 93.875 0.11092
26.375 94.125 -0.18195
26.375 94.375 -0.45602
26.375 94.625 -0.6052
26.375 94.875 0.24012
26.625 69.875 0.63459
26.625 70.125 0.56809
26.625 70.375 0.32572
26.625 70.625 0.86508
26.625 70.875 2.0741
26.625 71.125 2.9033
26.625 71.375 1.3561
26.625 71.625 0.44617
26.625 71.875 0.3435
26.625 72.125 0.49355
26.625 72.375 1.9106
26.625 72.625 2.6504
26.625 72.875 2.0697
26.625 73.125 0.32491
26.625 73.375 0.3477
26.625 73.625 1.8115
26.625 73.875 2.0245
26.625 74.125 1.2262
26.625 74.375 4.0648
26.625 74.625 2.7796
26.625 74.875 1.8358
26.625 75.125 1.9177
26.625 75.375 2.1187
26.625 75.625 1.9786
26.625 75.875 1.6273
26.625 76.125 2.5335
26.625 76.375 1.6133
26.625 76.625 1.431
26.625 76.875 1.5223
26.625 77.125 1.3946
26.625 77.375 1.4953
26.625 77.625 2.2854
26.625 77.875 -0.056949
26.625 78.125 0.17959
26.625 78.375 0.32001
26.625 78.625 -0.089599
26.625 78.875 -0.16732
26.625 79.125 -0.63859
26.625 79.375 -0.85986
26.625 79.625 -1.0284
26.625 79.875 -1.1182
26.625 80.125 -1.0004
26.625 80.375 -0.18447
26.625 80.625 -0.51204
26.625 80.875 1.1071
26.625 81.125 0.7129
26.625 81.375 -0.32098
26.625 81.625 -0.32474
26.625 81.875 0.85992
26.625 82.125 0.25247
26.625 82.375 -0.48305
26.625 82.625 -1.3606
26.625 82.875 -0.68642
26.625 83.125 -0.39611
26.625 83.375 -1.023
26.625 83.625 -0.51802
26.625 83.875 -0.6863
26.625 84.125 -0.45775
26.625 84.375 -0.080981
26.625 84.625 -0.039035
26.625 84.875 -1.6181
26.625 85.125 -1.5564
26.625 85.375 -1.3064
26.625 85.625 0.073294
26.625 86.125 -0.11399
26.625 88.375 2.8241
26.625 88.625 1.4636
26.625 88.875 0.50683
26.625 89.125 0.11537
26.625 89.375 0.88559
26.625 89.625 1.1448
26.625 89.875 1.1297
26.625 90.125 1.3191
26.625 90.375 1.2046
26.625 90.625 0.69556
26.625 90.875 0.55438
26.625 91.125 0.59047
26.625 91.375 0.10439
26.625 91.625 0.99126
26.625 91.875 0.64208
26.625 92.125 0.21353
26.625 92.375 0.6884
26.625 92.625 1.0641
26.625 92.875 1.1398
26.625 93.125 0.49944
26.625 93.375 0.32897
26.625 93.625 0.1477
26.625 93.875 0.17089
26.625 94.125 -0.039945
26.625 94.375 0.14822
26.625 94.625 0.7284
26.625 94.875 1.3921
26.625 95.125 1.2139
26.875 69.625 0.97422
26.875 69.875 0.89599
26.875 70.125 0.73197
26.875 70.375 0.48016
26.875 70.625 0.69301
26.875 70.875 1.1034
26.875 71.125 1.8736
26.875 71.375 0.79613
26.875 71.625 0.3093
26.875 71.875 0.32531
26.875 72.125 0.48106
26.875 72.375 0.99156
26.875 72.625 1.6839
26.875 72.875 1.1276
26.875 73.125 -0.28718
26.875 73.375 0.0060536
26.875 73.625 0.74139
26.875 73.875 0.99062
26.875 74.125 1.1524
26.875 74.375 4.091
26.875 74.625 3.2633
26.875 74.875 1.7306
26.875 75.125 1.6621
26.875 75.375 1.5586
26.875 75.625 0.70772
26.875 75.875 2.8084
26.875 76.125 2.601
26.875 76.375 1.4556
26.875 76.625 1.6899
26.875 76.875 1.7318
26.875 77.125 2.1587
26.875 77.375 0.67739
26.875 77.625 0.88003
26.875 77.875 0.7192
26.875 78.125 0.0066183
26.875 78.375 0.26107
26.875 78.625 0.056249
26.875 78.875 -0.15934
26.875 79.125 -0.30707
26.875 79.375 -0.62582
26.875 79.625 -0.36357
26.875 79.875 -0.89062
26.875 80.125 -0.075618
26.875 80.375 0.54189
26.875 80.625 -0.28954
26.875 80.875 1.1055
26.875 81.125 0.37161
26.875 81.375 0.21342
26.875 81.625 -0.45289
26.875 81.875 0.93612
26.875 82.125 1.0247
26.875 82.375 -0.25134
26.875 82.625 -0.69451
26.875 82.875 -0.97322
26.875 83.125 -0.54883
26.875 83.375 -1.0558
26.875 83.625 -0.98156
26.875 83.875 -1.7389
26.875 84.125 -0.68197
26.875 84.375 -1.049
26.875 84.625 -1.0457
26.875 84.875 -1.5044
26.875 88.375 2.9959
26.875 88.625 1.3608
26.875 88.875 0.96142
26.875 92.375 0.55744
26.875 92.625 0.71978
26.875 92.875 1.2995
26.875 93.125 1.1177
26.875 93.375 0.77046
26.875 93.625 0.52654
26.875 93.875 0.75237
26.875 94.125 0.20631
26.875 94.375 0.9876
26.875 94.625 1.2349
26.875 94.875 1.0462
26.875 95.125 0.67608
26.875 95.375 0.87376
26.875 95.625 0.062379
27.125 69.875 1.0167
27.125 70.125 1.0452
27.125 70.375 1.1752
27.125 70.625 0.82161
27.125 70.875 0.67504
27.125 71.125 0.99426
27.125 71.375 0.27633
27.125 71.625 0.35435
27.125 71.875 0.27813
27.125 72.125 0.44634
27.125 72.375 0.48133
27.125 72.625 1.0031
27.125 72.875 0.85173
27.125 73.125 0.17534
27.125 73.375 0.30459
27.125 73.625 0.4178
27.125 73.875 0.67564
27.125 74.125 0.8176
27.125 74.375 2.1431
27.125 74.625 2.8676
27.125 74.875 0.11825
27.125 75.125 0.57744
27.125 75.375 1.684
27.125 75.625 3.0897
27.125 75.875 3.0135
27.125 76.125 1.1782
27.125 76.375 0.95854
27.125 76.625 0.57882
27.125 76.875 1.3275
27.125 77.125 2.2979
27.125 77.375 1.0327
27.125 77.625 1.4293
27.125 77.875 0.87541
27.125 78.125 0.77727
27.125 78.375 1.6026
27.125 78.625 0.124
27.125 78.875 -0.35024
27.125 79.125 -0.33717
27.125 79.375 -0.79834
27.125 79.625 -0.38302
27.125 79.875 0.01931
27.125 80.125 -0.17665
27.125 80.375 0.026137
27.125 80.625 -0.17815
27.125 80.875 1.002
27.125 81.125 2.9363
27.125 81.375 1.6671
27.125 81.625 0.19324
27.125 81.875 0.85139
27.125 82.125 0.38649
27.125 82.375 -0.7088
27.125 82.625 -0.48072
27.125 82.875 -0.81876
27.125 83.125 -0.46044
27.125 83.375 -0.33186
27.125 83.625 0.056722
27.125 83.875 0.44028
27.125 84.125 0.41089
27.125 84.375 -0.48363
27.125 84.625 -1.052
27.125 88.125 2.5516
27.125 88.375 1.5438
27.125 88.625 1.721
27.125 92.125 -0.31357
27.125 92.375 -0.23384
27.125 92.625 0.0040451
27.125 92.875 0.74703
27.125 93.125 0.92123
27.125 93.375 0.56753
27.125 93.625 0.45109
27.125 93.875 0.41477
27.125 94.125 0.28047
27.125 94.375 1.0789
27.125 94.625 0.96091
27.125 94.875 0.89334
27.125 95.125 0.70282
27.125 95.375 0.51919
27.125 95.625 0.15169
27.125 95.875 0.16524
27.375 70.125 1.1293
27.375 70.375 1.0866
27.375 70.625 0.90354
27.375 70.875 0.78799
27.375 71.125 0.58471
27.375 71.375 0.367
27.375 71.625 0.32558
27.375 71.875 0.1775
27.375 72.125 0.13045
27.375 72.375 0.22277
27.375 72.625 0.21619
27.375 72.875 0.61991
27.375 73.125 0.78609
27.375 73.375 0.66319
27.375 73.625 0.63825
27.375 73.875 0.68748
27.375 74.125 0.77755
27.375 74.375 0.94264
27.375 74.625 0.81701
27.375 74.875 0.82591
27.375 75.125 0.82133
27.375 75.375 0.79355
27.375 75.625 2.8704
27.375 75.875 1.7733
27.375 76.125 0.79801
27.375 76.375 0.5011
27.375 76.625 1.1207
27.375 76.875 1.8183
27.375 77.125 1.4848
27.375 77.375 0.41411
27.375 77.625 2.2866
27.375 77.875 1.5643
27.375 78.125 0.80984
27.375 78.375 1.2132
27.375 78.625 0.03584
27.375 78.875 -0.13154
27.375 79.125 -1.1674
27.375 79.375 -1.068
27.375 79.625 -0.66341
27.375 79.875 0.071161
27.375 80.125 -0.72898
27.375 80.375 -0.78992
27.375 80.625 0.18591
27.375 80.875 -0.25444
27.375 81.125 0.72981
27.375 81.375 0.56267
27.375 81.625 0.54417
27.375 81.875 0.25847
27.375 82.125 0.12271
27.375 82.375 -0.20585
27.375 82.625 -0.80165
27.375 82.875 -0.67527
27.375 83.125 -0.55719
27.375 83.625 0.1597
27.375 84.125 0.49597
27.375 84.375 -0.5409
27.375 88.125 2.7715
27.375 88.375 2.2321
27.375 88.625 2.3163
27.375 92.125 -0.53735
27.375 92.375 -0.32348
27.375 92.625 0.0086151
27.375 92.875 0.43838
27.375 93.125 0.48184
27.375 93.375 0.036602
27.375 93.625 -0.034617
27.375 93.875 0.25721
27.375 94.125 0.073894
27.375 94.375 0.65421
27.375 94.625 0.68304
27.375 94.875 0.56193
27.375 95.125 0.44408
27.375 95.375 0.29496
27.375 95.625 0.055953
27.375 95.875 -0.12597
27.375 96.125 -0.32626
27.375 96.375 0.30824
27.375 96.625 0.47689
27.375 96.875 0.48469
27.625 70.125 1.2029
27.625 70.375 1.005
27.625 70.625 1.0189
27.625 70.875 0.94917
27.625 71.125 0.66961
27.625 71.375 0.086901
27.625 71.625 0.14833
27.625 71.875 0.10661
27.625 72.125 0.037193
27.625 72.375 0.066336
27.625 72.625 0.40567
27.625 72.875 0.46137
27.625 73.125 0.56862
27.625 73.375 0.83399
27.625 73.625 1.2729
27.625 73.875 1.2008
27.625 74.125 0.77736
27.625 74.375 0.86002
27.625 74.625 0.85482
27.625 74.875 0.8108
27.625 75.125 0.051576
27.625 75.375 0.72893
27.625 75.625 0.69076
27.625 75.875 -0.063685
27.625 76.125 0.52154
27.625 76.375 1.462
27.625 76.625 0.77874
27.625 76.875 2.1723
27.625 77.125 1.3945
27.625 77.375 0.72771
27.625 77.625 1.8689
27.625 77.875 1.347
27.625 78.125 0.32565
27.625 78.375 0.30185
27.625 78.625 -0.44283
27.625 78.875 -0.6893
27.625 79.125 -0.81307
27.625 79.375 -1.0775
27.625 79.625 -0.67893
27.625 79.875 -0.030656
27.625 80.125 -0.33552
27.625 80.375 0.41562
27.625 80.625 0.55529
27.625 80.875 1.2671
27.625 81.125 0.39148
27.625 81.375 0.71981
27.625 81.625 0.87553
27.625 81.875 0.71443
27.625 82.125 0.46157
27.625 82.375 -0.19644
27.625 82.625 -0.96597
27.625 88.375 2.5682
27.625 88.625 2.4137
27.625 91.625 -0.66374
27.625 91.875 -0.6454
27.625 92.125 -0.24914
27.625 92.375 0.33305
27.625 92.625 0.77835
27.625 92.875 0.73128
27.625 93.125 0.19065
27.625 93.375 -0.45949
27.625 93.625 -0.9566
27.625 93.875 -0.71358
27.625 94.125 -0.082193
27.625 94.375 0.39258
27.625 94.625 0.37915
27.625 94.875 0.39911
27.625 95.125 0.11729
27.625 95.375 0.3279
27.625 95.625 0.13368
27.625 95.875 -0.20142
27.625 96.125 -0.015231
27.625 96.375 0.31007
27.625 96.625 0.33452
27.625 96.875 0.41573
27.875 70.375 1.0606
27.875 71.875 0.28705
27.875 72.125 0.25014
27.875 72.375 0.26862
27.875 72.625 0.52118
27.875 72.875 0.37547
27.875 73.125 0.44242
27.875 73.375 0.63873
27.875 73.625 1.2462
27.875 73.875 1.2376
27.875 74.125 1.157
27.875 74.375 1.0819
27.875 74.625 0.4849
27.875 74.875 0.32516
27.875 75.125 -0.048483
27.875 75.375 0.40011
27.875 75.625 0.38448
27.875 75.875 1.5719
27.875 76.125 2.8134
27.875 76.375 2.5663
27.875 76.625 0.56896
27.875 76.875 0.91515
27.875 77.125 2.4908
27.875 77.375 0.2803
27.875 77.625 -0.055491
27.875 77.875 0.31247
27.875 78.125 0.40272
27.875 78.375 0.86003
27.875 78.625 0.33146
27.875 78.875 0.27596
27.875 79.125 0.082476
27.875 79.375 0.40285
27.875 79.625 -0.29503
27.875 79.875 0.083645
27.875 80.125 0.40236
27.875 80.375 1.3263
27.875 80.625 2.3483
27.875 80.875 2.1504
27.875 81.125 0.44379
27.875 81.375 0.24111
27.875 81.625 0.59388
27.875 88.375 NaN
27.875 88.625 NaN
27.875 92.875 0.64812
27.875 93.125 0.35648
27.875 93.375 -0.3534
27.875 93.625 -0.8437
27.875 93.875 -0.86332
27.875 94.125 0.0093998
27.875 94.375 0.079208
27.875 94.625 0.27294
27.875 94.875 0.7767
27.875 95.125 1.025
27.875 95.375 0.87539
27.875 95.625 0.44037
27.875 95.875 -0.11433
27.875 96.125 -0.15135
27.875 96.375 0.27487
27.875 96.625 0.40504
27.875 96.875 0.43307
27.875 97.125 0.45474
28.125 72.125 0.93154
28.125 72.375 0.98628
28.125 72.625 0.69528
28.125 72.875 0.43831
28.125 73.125 0.30917
28.125 73.375 0.36482
28.125 73.625 0.88184
28.125 73.875 0.84591
28.125 74.125 0.3888
28.125 74.375 0.67155
28.125 74.625 -0.014185
28.125 74.875 0.092738
28.125 75.125 -0.12015
28.125 75.375 0.57561
28.125 75.625 0.85995
28.125 75.875 1.7572
28.125 76.125 2.2981
28.125 76.375 1.7973
28.125 76.625 2.5519
28.125 76.875 2.4379
28.125 77.125 0.77938
28.125 77.375 -0.19208
28.125 77.625 -0.46291
28.125 77.875 -0.46138
28.125 78.125 0.56471
28.125 78.375 0.66086
28.125 78.625 -0.85942
28.125 78.875 -0.087977
28.125 79.125 0.73543
28.125 79.375 0.4692
28.125 79.625 0.29187
28.125 79.875 0.22388
28.125 80.125 1.435
28.125 80.375 1.685
28.125 80.625 1.3044
28.125 80.875 1.5293
28.125 81.125 1.1452
28.125 81.375 0.64519
28.125 92.875 0.47335
28.125 93.125 0.28462
28.125 93.375 -0.13889
28.125 93.625 -0.52856
28.125 93.875 -0.56391
28.125 94.125 -0.25467
28.125 94.375 0.19271
28.125 94.625 -0.16452
28.125 94.875 0.51602
28.125 95.125 0.86274
28.125 95.375 0.78807
28.125 95.625 0.46354
28.125 95.875 0.08262
28.125 96.125 -0.16076
28.125 96.375 0.34388
28.125 96.625 0.40551
28.125 96.875 0.49233
28.125 97.125 0.47203
28.375 72.375 1.1025
28.375 72.625 0.58263
28.375 72.875 0.29027
28.375 73.125 0.32377
28.375 73.375 0.44162
28.375 73.625 0.32056
28.375 73.875 0.25053
28.375 74.125 -0.0078787
28.375 74.375 -0.18009
28.375 74.625 -0.1834
28.375 74.875 -0.014409
28.375 75.125 0.19904
28.375 75.375 -0.22944
28.375 75.625 0.42575
28.375 75.875 1.3296
28.375 76.125 1.7845
28.375 76.375 1.9356
28.375 76.625 1.8611
28.375 76.875 0.79545
28.375 77.125 -0.14984
28.375 77.375 -0.52269
28.375 77.625 -0.32062
28.375 77.875 -0.67564
28.375 78.125 1.3333
28.375 78.375 0.60704
28.375 78.625 -0.50473
28.375 78.875 0.56135
28.375 79.125 1.1597
28.375 79.375 1.7715
28.375 79.625 1.1792
28.375 79.875 1.2156
28.375 80.125 1.7854
28.375 80.375 2.1219
28.375 80.625 1.7093
28.375 80.875 1.7477
28.375 81.125 1.3377
28.375 93.375 -0.14044
28.375 93.625 -0.27995
28.375 93.875 0.16537
28.375 94.125 0.79443
28.375 94.375 0.61958
28.375 94.625 0.59455
28.375 94.875 0.26313
28.375 95.125 0.052054
28.375 95.375 0.0041594
28.375 95.625 0.074751
28.375 95.875 -0.051166
28.375 96.125 -0.25885
28.375 96.625 0.44565
28.625 72.375 1.35
28.625 72.625 1.02
28.625 72.875 0.57708
28.625 73.125 0.22038
28.625 73.375 0.49508
28.625 73.625 0.39702
28.625 73.875 0.19584
28.625 74.125 -0.083851
28.625 74.375 -0.18942
28.625 74.625 -0.19948
28.625 74.875 -0.27857
28.625 75.125 0.12355
28.625 75.375 -0.68586
28.625 75.625 -1.271
28.625 75.875 -0.4644
28.625 76.125 0.71047
28.625 76.375 1.2825
28.625 76.625 1.4438
28.625 76.875 0.64106
28.625 77.125 -0.44716
28.625 77.375 -0.66188
28.625 77.625 0.071826
28.625 77.875 -0.74853
28.625 78.125 -0.39116
28.625 78.375 0.6591
28.625 78.625 -0.50089
28.625 78.875 -0.15903
28.625 79.125 1.3774
28.625 79.375 1.725
28.625 79.625 1.6669
28.625 79.875 1.4538
28.625 80.125 1.6976
28.625 80.375 2.0601
28.625 80.625 1.6593
28.625 93.625 0.67997
28.625 93.875 NaN
28.625 94.125 1.0252
28.625 94.375 0.77557
28.625 94.625 0.60027
28.625 94.875 0.10866
28.625 95.125 -0.12424
28.625 95.375 -0.15898
28.625 95.625 -0.31115
28.625 95.875 -0.33291
28.625 96.125 -0.18357
28.625 96.375 3.7971
28.875 72.875 -0.25504
28.875 73.125 0.1962
28.875 73.375 0.90631
28.875 73.625 0.63451
28.875 73.875 0.64047
28.875 74.125 0.38191
28.875 74.375 0.12493
28.875 74.625 0.0064482
28.875 74.875 -0.46596
28.875 75.125 -0.14615
28.875 75.375 -0.66872
28.875 75.625 -0.8391
28.875 75.875 -0.78623
28.875 76.125 -0.3962
28.875 76.375 0.94392
28.875 76.625 1.5567
28.875 76.875 -0.28156
28.875 77.125 -0.52046
28.875 77.375 0.41589
28.875 77.625 0.9305
28.875 77.875 0.44431
28.875 78.125 -0.23881
28.875 78.375 0.19104
28.875 78.625 0.11978
28.875 78.875 -0.26346
28.875 79.125 0.88821
28.875 79.375 1.2672
28.875 79.625 1.0455
28.875 79.875 0.75504
28.875 94.125 1.082
28.875 94.375 1.0637
28.875 94.625 0.73819
28.875 94.875 0.20203
28.875 95.125 -0.0031949
28.875 95.375 -0.13786
28.875 95.625 -0.23903
28.875 95.875 -0.19367
28.875 96.125 0.34635
28.875 96.375 3.5449
29.125 73.125 -0.038861
29.125 73.375 0.96467
29.125 73.625 0.55
29.125 73.875 0.51516
29.125 74.125 0.87179
29.125 74.375 0.151
29.125 74.625 0.21481
29.125 74.875 0.18598
29.125 75.125 0.59848
29.125 75.375 0.24843
29.125 75.625 -0.42382
29.125 75.875 -0.082767
29.125 76.125 -0.047581
29.125 76.375 -0.23191
29.125 76.625 0.047028
29.125 76.875 -0.39082
29.125 77.125 -0.1673
29.125 77.375 -0.24018
29.125 77.625 0.76352
29.125 77.875 0.58356
29.125 78.125 0.58415
29.125 78.375 -0.10853
29.125 78.625 0.076835
29.125 78.875 -0.5445
29.125 79.125 0.72145
29.125 79.375 0.40782
29.125 79.625 -0.56914
29.125 79.875 -0.34481
29.125 80.125 -0.36766
29.125 94.375 1.1451
29.125 94.625 0.73231
29.125 94.875 0.36097
29.125 95.625 0.40157
29.125 95.875 0.83605
29.125 96.125 3.4205
29.375 73.375 0.37454
29.375 73.625 0.099879
29.375 73.875 -0.063275
29.375 74.125 0.82611
29.375 74.375 -0.046342
29.375 74.625 -0.13221
29.375 74.875 0.18339
29.375 75.125 0.86063
29.375 75.375 0.78019
29.375 75.625 0.13448
29.375 75.875 -0.2761
29.375 76.125 1.0246
29.375 76.375 0.41836
29.375 76.625 0.75784
29.375 76.875 -0.54751
29.375 77.125 -0.68597
29.375 77.375 -0.35729
29.375 77.625 -0.18794
29.375 77.875 0.25656
29.375 78.125 -0.3535
29.375 78.375 -0.007649
29.375 78.625 -0.83269
29.375 78.875 -0.68304
29.375 79.125 -0.35201
29.375 79.375 -0.43196
29.375 79.625 -0.61655
29.375 79.875 -0.35274
29.375 80.125 -0.20227
29.375 96.125 3.1824
29.625 73.375 0.22141
29.625 73.625 0.76889
29.625 73.875 -0.024818
29.625 74.125 0.71185
29.625 74.375 0.34239
29.625 74.625 -0.52407
29.625 74.875 -0.4925
29.625 75.125 -0.0081243
29.625 75.375 0.18098
29.625 75.625 0.18331
29.625 75.875 -0.3097
29.625 76.125 -0.090423
29.625 76.375 0.82647
29.625 76.625 1.0573
29.625 76.875 0.76632
29.625 77.125 -0.33961
29.625 77.375 -0.75475
29.625 77.625 -1.1757
29.625 77.875 -0.91791
29.625 78.125 0.34136
29.625 78.375 -0.96363
29.625 78.625 -0.94467
29.625 78.875 -0.73047
29.625 79.125 -0.67635
29.625 79.375 -0.47025
29.625 79.625 -0.56983
29.625 79.875 -0.45834
29.625 80.125 0.037772
29.875 73.625 0.75208
29.875 73.875 -0.60995
29.875 74.125 -0.14823
29.875 74.375 -0.44844
29.875 74.625 -0.84441
29.875 74.875 -0.9651
29.875 75.125 -0.70013
29.875 75.375 -0.26318
29.875 75.625 -0.17117
29.875 75.875 0.99815
29.875 76.125 1.502
29.875 76.375 0.62466
29.875 76.625 0.84187
29.875 76.875 -0.69951
29.875 77.125 -0.81954
29.875 77.375 -0.64837
29.875 77.625 -0.62424
29.875 77.875 0.012477
29.875 78.125 -0.73952
29.875 78.375 -1.2209
29.875 78.625 -0.96356
29.875 78.875 -0.58226
29.875 79.125 -0.48103
29.875 79.375 -0.173
29.875 79.625 -0.066937
29.875 79.875 -0.30561
29.875 80.125 -0.15657
29.875 80.375 -0.069433
30.125 74.125 -0.77611
30.125 74.375 -0.69291
30.125 74.625 -0.21308
30.125 74.875 -0.37244
30.125 75.125 -0.2823
30.125 75.375 -0.11579
30.125 75.625 -0.017231
30.125 75.875 0.10663
30.125 76.125 0.85809
30.125 76.375 0.37479
30.125 76.625 -1.0833
30.125 76.875 -1.2132
30.125 77.125 -0.093577
30.125 77.375 -0.51924
30.125 77.625 -0.10412
30.125 77.875 -0.28714
30.125 78.125 0.30244
30.125 78.375 -0.97985
30.125 78.625 -0.48093
30.125 78.875 0.051614
30.125 79.125 -0.059278
30.125 79.375 -0.092628
30.125 79.625 -0.33463
30.125 79.875 -0.32398
30.125 80.125 -0.32743
30.125 80.375 -0.20951
30.125 80.625 -0.14396
30.375 74.125 -0.68461
30.375 74.375 -0.2806
30.375 74.625 -0.1928
30.375 74.875 -0.24587
30.375 75.125 0.2007
30.375 75.375 0.063942
30.375 75.625 -0.056851
30.375 75.875 0.21222
30.375 76.125 0.16085
30.375 76.375 0.053662
30.375 76.625 -1.2869
30.375 76.875 -1.1547
30.375 77.125 -0.46237
30.375 77.375 -0.57599
30.375 77.625 -0.20833
30.375 77.875 0.67057
30.375 78.125 -0.52485
30.375 78.375 -0.41147
30.375 78.625 -0.24465
30.375 78.875 -0.24279
30.375 79.125 -0.39585
30.375 79.375 -0.62985
30.375 79.625 -0.48602
30.375 79.875 0.54321
30.375 80.125 0.28571
30.375 80.375 0.32487
30.375 80.625 0.48817
30.625 74.375 -0.20119
30.625 74.625 -0.54989
30.625 74.875 -0.62264
30.625 75.125 0.34221
30.625 75.375 1.4738
30.625 75.625 0.26148
30.625 75.875 -0.39155
30.625 76.125 0.36407
30.625 76.375 -0.28416
30.625 76.625 -0.48573
30.625 76.875 -0.059105
30.625 77.125 -0.06224
30.625 77.375 0.33171
30.625 77.625 -0.30857
30.625 77.875 -0.23368
30.625 78.125 0.31096
30.625 78.375 -0.43367
30.625 78.625 -0.42859
30.625 78.875 -0.46322
30.625 79.125 -0.50073
30.625 79.375 -0.04887
30.625 79.625 -0.086136
30.625 79.875 0.65631
30.625 80.125 0.6477
30.875 74.625 -0.75535
30.875 74.875 -0.15772
30.875 75.125 0.49435
30.875 75.375 -0.55661
30.875 75.625 -0.25239
30.875 75.875 -0.51404
30.875 76.125 -0.72867
30.875 76.375 -0.52141
30.875 76.625 -0.70697
30.875 76.875 -0.28563
30.875 77.125 -0.2522
30.875 77.375 -0.28527
30.875 77.625 -0.38415
30.875 77.875 -0.053117
30.875 78.125 -0.018773
30.875 78.375 -0.31785
30.875 78.625 -0.43972
30.875 78.875 0.29412
30.875 79.125 0.28972
30.875 79.375 NaN
30.875 79.625 NaN
30.875 79.875 NaN
31.125 74.875 -0.39313
31.125 75.125 0.676
31.125 75.375 -0.75966
31.125 75.625 -1.1593
31.125 75.875 -1.0632
31.125 76.125 -0.95972
31.125 76.375 -1.0593
31.125 76.625 -1.0048
31.125 76.875 -0.14257
31.125 77.125 -0.028559
31.125 77.375 -0.25745
31.125 77.625 -0.087904
31.125 77.875 -0.59775
31.125 78.125 -0.61652
31.125 78.375 -0.29049
31.125 78.625 -0.23358
31.125 78.875 NaN
31.125 79.125 NaN
31.375 74.875 -1.0861
31.375 75.125 0.15333
31.375 75.375 -0.75301
31.375 75.625 -1.1868
31.375 75.875 -0.87535
31.375 76.125 -0.81651
31.375 76.375 -0.61374
31.375 76.625 -1.1838
31.375 76.875 -0.7752
31.375 77.125 -0.035636
31.375 77.375 -0.1472
31.375 77.625 -0.7926
31.375 77.875 -0.68325
31.375 78.125 -0.15434
31.375 78.375 -0.36773
31.375 78.625 -0.70158
31.625 74.875 -1.3708
31.625 75.125 -1.3115
31.625 75.375 -1.0233
31.625 75.625 -1.0548
31.625 75.875 -1.7812
31.625 76.125 -0.75234
31.625 76.375 -0.92073
31.625 76.625 -0.53325
31.625 76.875 -0.82489
31.625 77.125 -0.25787
31.625 77.375 -0.21204
31.625 77.625 -0.60343
31.625 77.875 -0.39517
31.625 78.125 -0.51552
31.625 78.375 -0.51974
31.625 78.625 -0.30868
31.875 74.875 -1.2906
31.875 75.125 -1.279
31.875 75.375 -1.2199
31.875 75.625 -0.83015
31.875 75.875 -1.0483
31.875 76.125 -0.68642
31.875 76.375 -0.53506
31.875 76.625 -0.58903
31.875 76.875 -0.40064
31.875 77.125 -0.49772
31.875 77.375 -0.72689
31.875 77.625 -0.32319
31.875 77.875 -0.5912
31.875 78.125 -0.439
31.875 78.375 -0.29237
31.875 78.625 -0.055106
32.125 75.375 -0.84972
32.125 75.625 -1.0104
32.125 75.875 -0.66257
32.125 76.125 -0.057829
32.125 76.375 -0.68112
32.125 76.625 -0.68052
32.125 76.875 -0.25156
32.125 77.125 -0.39257
32.125 77.375 -0.29566
32.125 77.625 -0.71288
32.125 77.875 -0.69412
32.125 78.125 -0.67171
32.125 78.375 -0.17741
32.375 75.375 -0.56753
32.375 75.625 -0.30783
32.375 75.875 -0.72546
32.375 76.125 -1.4965
32.375 76.375 -1.1917
32.375 76.625 -1.0191
32.375 76.875 -0.58068
32.375 77.125 -0.3657
32.375 77.375 -0.61279
32.375 77.625 -0.65252
32.375 77.875 -0.9142
32.375 78.125 -0.56316
32.375 78.375 -0.18202
32.625 74.875 -0.77544
32.625 75.125 -0.35916
32.625 75.375 -0.3428
32.625 75.625 -0.40824
32.625 75.875 -0.89124
32.625 76.125 -0.98474
32.625 76.375 -1.0337
32.625 76.625 -0.55383
32.625 76.875 -0.48247
32.625 77.125 -0.3137
32.625 77.375 -0.4105
32.625 77.625 -0.51664
32.625 77.875 -0.51237
32.625 78.125 -0.55178
32.625 78.375 -0.063837
32.625 78.625 -0.10591
32.625 78.875 -0.047381
32.625 79.125 0.034356
32.625 79.375 -0.00091146
32.875 74.375 -0.57436
32.875 74.625 -0.56661
32.875 74.875 -0.22679
32.875 75.125 -0.25
32.875 75.375 -0.31347
32.875 75.625 -0.26467
32.875 75.875 -0.40675
32.875 76.125 -0.28232
32.875 76.375 0.3445
32.875 76.625 0.035578
32.875 76.875 -0.17124
32.875 77.125 -0.30218
32.875 77.375 -0.35794
32.875 77.625 -0.40134
32.875 77.875 -0.70793
32.875 78.125 -0.1553
32.875 78.375 -0.1516
32.875 78.625 -0.24276
32.875 78.875 0.085728
32.875 79.125 -0.19417
32.875 79.375 -0.32689
33.125 73.875 -0.71499
33.125 74.125 -0.77327
33.125 74.375 -0.50569
33.125 74.625 -0.3324
33.125 74.875 -0.12557
33.125 75.125 -0.17613
33.125 75.375 -0.79024
33.125 75.625 -0.73593
33.125 75.875 -0.32095
33.125 76.125 0.28122
33.125 76.375 0.4493
33.125 76.625 0.16753
33.125 76.875 0.033511
33.125 77.125 -0.016219
33.125 77.375 -0.23718
33.125 77.625 0.1722
33.125 77.875 0.49509
33.125 78.125 0.75104
33.125 78.375 -0.3781
33.125 78.625 -0.08823
33.125 78.875 -0.3034
33.125 79.125 -0.25035
33.375 73.875 -0.68387
33.375 74.125 -0.61763
33.375 74.375 -0.36189
33.375 74.625 -0.11701
33.375 74.875 -0.30359
33.375 75.125 -0.61584
33.375 75.375 -0.76041
33.375 75.625 -0.60607
33.375 75.875 0.2698
33.375 76.125 0.7129
33.375 76.375 0.87882
33.375 76.625 0.58431
33.375 76.875 0.033346
33.375 77.125 -0.022098
33.375 77.375 -0.19345
33.375 77.625 0.29301
33.375 77.875 0.18425
33.375 78.125 0.073581
33.375 78.375 0.39073
33.375 78.625 0.1436
33.375 78.875 -0.29929
33.625 73.875 -0.5343
33.625 74.125 -0.25971
33.625 74.375 -0.39483
33.625 74.625 -0.62977
33.625 74.875 -0.41852
33.625 75.125 -0.33493
33.625 75.375 -0.29549
33.625 75.625 -0.021687
33.625 75.875 0.21823
33.625 76.125 0.32199
33.625 76.375 0.7214
33.625 76.625 0.13105
33.625 76.875 0.20171
33.625 77.125 -0.19788
33.625 77.375 -0.21317
33.625 77.625 -0.25859
33.625 77.875 -0.0083019
33.625 78.125 -0.042244
33.625 78.375 0.4119
33.625 78.625 0.38548
33.625 78.875 -0.33878
33.875 73.875 -0.56436
33.875 74.125 -0.062769
33.875 74.375 -0.31784
33.875 74.625 -0.55902
33.875 74.875 -0.49821
33.875 75.125 0.29358
33.875 75.375 0.10632
33.875 75.625 -0.084219
33.875 75.875 -0.58771
33.875 76.125 -0.92657
33.875 76.375 -0.63773
33.875 76.625 -0.33786
33.875 76.875 -0.090066
33.875 77.125 -0.21061
33.875 77.375 -0.38044
33.875 77.625 -0.18553
33.875 77.875 -0.025354
33.875 78.125 -0.22695
33.875 78.375 -0.077429
33.875 78.625 0.07439
33.875 78.875 0.17573
34.125 73.625 -0.96478
34.125 73.875 -0.80812
34.125 74.125 -0.25038
34.125 74.375 -1.044
34.125 74.625 -0.7342
34.125 74.875 -0.69729
34.125 75.125 -0.19217
34.125 75.375 0.053069
34.125 75.625 -0.72685
34.125 75.875 -1.1833
34.125 76.125 -1.1778
34.125 76.375 -0.6844
34.125 76.625 -0.38414
34.125 76.875 -0.3483
34.125 77.125 -0.36322
34.125 77.375 -0.28494
34.125 77.625 -0.24037
34.125 77.875 -0.10701
34.125 78.125 -0.12691
34.125 78.375 -0.32892
34.125 78.625 0.076313
34.125 78.875 -0.042345
34.125 79.125 -0.15771
34.125 79.375 -0.11221
34.375 73.625 -1.1891
34.375 73.875 -1.1449
34.375 74.125 -1.2262
34.375 74.375 -1.1897
34.375 74.625 -1.2109
34.375 74.875 -0.96852
34.375 75.125 -0.35283
34.375 75.375 -0.68757
34.375 75.625 -0.87314
34.375 75.875 -1.046
34.375 76.125 -0.84767
34.375 76.375 -0.32145
34.375 76.625 -0.53117
34.375 76.875 -0.45517
34.375 77.125 -0.46071
34.375 77.375 -0.41998
34.375 77.625 -0.31529
34.375 77.875 -0.30579
34.375 78.125 -0.33781
34.375 78.375 -0.25625
34.375 78.625 0.13576
34.375 78.875 -0.061546
34.375 79.125 -0.46257
34.375 79.375 -0.40438
34.625 73.875 -1.1392
34.625 74.125 -1.3135
34.625 74.375 -1.3478
34.625 74.625 -1.3375
34.625 74.875 -0.924
34.625 75.125 -0.27659
34.625 75.375 -0.9895
34.625 75.625 -0.98763
34.625 75.875 -0.87108
34.625 76.125 -0.413
34.625 76.375 -0.4262
34.625 76.625 -0.35645
34.625 76.875 -0.46105
34.625 77.125 -0.62591
34.625 77.375 -0.65351
34.625 77.625 -0.51925
34.625 77.875 -0.61024
34.625 78.125 -0.57213
34.625 78.375 -0.56405
34.625 78.625 -0.21393
34.625 78.875 -0.33983
34.625 79.125 -0.71089
34.625 79.375 -1.0823
34.625 79.625 -0.59271
34.875 74.125 -0.84522
34.875 74.375 -1.298
34.875 74.625 -1.3159
34.875 74.875 -1.1711
34.875 75.125 -0.98517
34.875 75.375 -1.2732
34.875 75.625 -1.0821
34.875 75.875 -0.89988
34.875 76.125 -0.35475
34.875 76.375 -0.60887
34.875 76.625 -0.59917
34.875 76.875 -0.62515
34.875 77.125 -0.67655
34.875 77.375 -0.69178
34.875 77.625 -0.90922
34.875 77.875 -0.65399
34.875 78.125 -0.6782
34.875 78.375 -0.53338
34.875 78.625 0.015537
34.875 78.875 -0.45236
34.875 79.125 -0.72614
34.875 79.375 -0.5434
34.875 79.625 -0.89147
34.875 79.875 -0.59346
35.125 74.375 -1.1738
35.125 74.625 -1.5921
35.125 74.875 -1.2908
35.125 75.125 -1.1714
35.125 75.375 -1.3296
35.125 75.625 -0.97732
35.125 75.875 -0.38052
35.125 76.125 -0.73655
35.125 76.375 -0.44137
35.125 76.625 -0.61984
35.125 76.875 -0.94237
35.125 77.125 -0.90866
35.125 77.375 -0.95453
35.125 77.625 -0.71575
35.125 77.875 -0.88229
35.125 78.125 -0.5314
35.125 78.375 -0.58476
35.125 78.625 -0.42757
35.125 78.875 -0.26394
35.125 79.125 -0.4125
35.125 79.375 -0.42409
35.125 79.625 -0.79165
35.125 79.875 -0.60671
35.375 73.875 -1.3872
35.375 74.125 -1.346
35.375 74.375 -1.4637
35.375 74.625 -1.5891
35.375 74.875 -1.0982
35.375 75.125 -1.0726
35.375 75.375 -0.96484
35.375 75.625 -0.9219
35.375 75.875 -0.72594
35.375 76.125 -0.37761
35.375 76.375 -0.5172
35.375 76.625 -0.91349
35.375 76.875 -0.86537
35.375 77.125 -0.9543
35.375 77.375 -0.74264
35.375 77.625 -0.70541
35.375 77.875 -0.69466
35.375 78.125 -0.68594
35.375 78.375 -0.64162
35.375 78.625 -0.78351
35.375 78.875 -0.72851
35.375 79.125 -0.30389
35.375 79.375 -0.69352
35.375 79.625 -0.67193
35.375 79.875 -0.53041
35.375 80.125 NaN
35.625 73.375 -1.0597
35.625 73.625 -1.3357
35.625 73.875 -1.3476
35.625 74.125 -1.4877
35.625 74.375 -1.4738
35.625 74.625 -1.5085
35.625 74.875 -0.92048
35.625 75.125 -0.91918
35.625 75.375 -0.73614
35.625 75.625 -0.65475
35.625 75.875 -0.90071
35.625 76.125 -0.72315
35.625 76.375 -0.9975
35.625 76.625 -0.7942
35.625 76.875 -0.70744
35.625 77.125 -0.99897
35.625 78.375 -0.96625
35.625 78.625 -0.88205
35.625 78.875 -0.73965
35.625 79.125 -0.53943
35.625 79.375 -0.63981
35.625 79.625 -0.58231
35.625 79.875 -0.54523
35.625 80.125 -0.37503
35.875 73.125 1.2267
35.875 73.375 0.16354
35.875 73.625 -0.57378
35.875 73.875 -1.0029
35.875 74.125 -0.84793
35.875 74.375 -0.93927
35.875 74.625 -0.95139
35.875 74.875 -0.79803
35.875 75.125 -0.78748
35.875 75.375 -0.979
35.875 75.625 -1.0626
35.875 75.875 -0.97689
35.875 76.125 -0.8914
35.875 76.375 -1.1265
35.875 76.625 -0.96375
35.875 79.375 -0.36144
36.125 72.625 2.0832
36.125 72.875 NaN
36.125 73.125 NaN
36.125 73.375 0.936
36.125 73.625 0.019877
36.125 73.875 -0.43785
36.125 74.125 -0.47646
36.125 74.375 -0.53325
36.125 74.625 -0.8886
36.125 74.875 -0.78385
36.125 75.125 -1.0758
36.125 75.375 -1.1823
36.125 75.625 -1.2185
36.125 75.875 -1.2714
36.125 76.125 -1.2638
36.125 76.375 -1.1575
36.125 76.625 -1.2409
36.375 73.125 2.2571
36.375 73.375 1.0166
36.375 73.625 0.9555
36.375 73.875 0.093917
36.375 74.125 -0.32123
36.375 74.375 -0.23247
36.375 74.625 -0.70565
36.375 74.875 -1.1165
36.375 75.125 -1.493
36.375 75.375 -1.5443
36.375 75.625 -1.8208
36.375 75.875 -1.4361
36.375 76.125 -1.4097
36.625 73.375 1.7834
36.625 73.625 1.4096
36.625 73.875 0.51498
36.625 74.125 -0.15969
36.625 74.375 0.85465
36.625 74.625 -0.35015
36.625 74.875 -1.1466
36.625 75.125 -1.6626
36.625 75.375 -1.733
36.625 75.625 -1.1636
36.875 73.875 0.77417
36.875 74.375 0.51804
36.875 74.625 -0.32857
36.875 74.875 -0.8422
36.875 75.125 -1.1083
36.875 75.375 -1.1564
