8.125 77.375 0.71412
8.375 77.125 -0.43531
8.375 77.375 0.96032
8.375 77.625 1.4131
8.375 77.875 0.74701
8.625 76.875 -0.32659
8.625 77.125 0.53437
8.625 77.375 0.50049
8.625 77.625 0.19216
8.625 77.875 0.33472
8.875 76.875 0.43585
8.875 77.125 0.49822
8.875 77.375 0.098131
8.875 77.625 -0.23979
8.875 77.875 -0.55802
9.125 76.625 0.82728
9.125 76.875 0.46229
9.125 77.125 0.27418
9.125 77.375 -0.0029832
9.125 77.625 -0.21167
9.125 77.875 -0.14383
9.125 78.125 0.025807
9.125 78.375 NaN
9.375 76.625 0.58122
9.375 76.875 0.46683
9.375 77.125 0.040339
9.375 77.375 -0.040698
9.375 77.625 -0.35272
9.375 77.875 -0.55302
9.375 78.125 -0.1415
9.375 78.375 0.096125
9.375 78.625 -0.24678
9.375 78.875 NaN
9.625 76.375 1.1332
9.625 76.625 1.0768
9.625 76.875 0.73303
9.625 77.125 0.2718
9.625 77.375 -0.28835
9.625 77.625 -0.76878
9.625 77.875 -0.15493
9.625 78.125 -0.78718
9.625 78.375 -0.30086
9.625 78.625 -0.18402
9.875 76.625 0.77777
9.875 76.875 0.72104
9.875 77.125 0.24837
9.875 77.375 -0.30376
9.875 77.625 -0.48072
9.875 77.875 -0.39698
9.875 78.125 -0.61564
9.875 78.375 -0.12782
9.875 78.625 0.41058
9.875 78.875 -0.10925
10.125 76.375 0.37509
10.125 76.625 1.0928
10.125 76.875 2.9933
10.125 77.125 0.14624
10.125 77.375 -0.48196
10.125 77.625 -0.16882
10.125 77.875 -0.33995
10.125 78.125 0.1123
10.125 78.375 -0.43629
10.125 78.625 -0.59539
10.125 78.875 -0.19084
10.125 79.125 0.41524
10.375 76.375 0.28882
10.375 76.625 0.18106
10.375 76.875 1.0647
10.375 77.125 0.54229
10.375 77.375 -0.20191
10.375 77.625 -0.37782
10.375 77.875 -0.48415
10.375 78.125 -0.31124
10.375 78.375 -0.40989
10.375 78.625 -0.24462
10.375 78.875 -0.33076
10.375 79.125 0.23056
10.375 79.375 NaN
10.375 79.625 NaN
10.625 76.125 0.48897
10.625 76.375 0.95547
10.625 76.625 0.2795
10.625 76.875 0.75341
10.625 77.125 -0.18457
10.625 77.375 -0.43521
10.625 77.625 -0.15182
10.625 77.875 -0.12024
10.625 78.125 -0.44872
10.625 78.375 -0.62702
10.625 78.625 -0.18032
10.625 78.875 -0.026153
10.625 79.125 1.26
10.625 79.375 1.0294
10.625 79.625 0.7302
10.875 76.125 0.65976
10.875 76.375 1.2969
10.875 76.625 0.62862
10.875 76.875 0.38427
10.875 77.125 -0.35089
10.875 77.375 -0.11014
10.875 77.625 -0.55499
10.875 77.875 -0.44801
10.875 78.125 -0.58312
10.875 78.375 -0.11498
10.875 78.625 0.57145
10.875 78.875 0.5588
10.875 79.125 0.33783
10.875 79.375 0.2655
10.875 79.625 0.90884
11.125 76.125 -0.67387
11.125 76.375 1.1804
11.125 76.625 5.4622
11.125 76.875 -0.91606
11.125 77.125 -0.28259
11.125 77.375 -0.30447
11.125 77.625 -0.2772
11.125 77.875 -0.053282
11.125 78.125 -0.42759
11.125 78.375 0.79814
11.125 78.625 0.60316
11.125 78.875 0.93971
11.125 79.125 0.79554
11.125 79.375 0.81221
11.125 79.625 0.65026
11.375 75.875 0.49621
11.375 76.125 0.2594
11.375 76.375 1.3154
11.375 76.625 2.9904
11.375 76.875 3.518
11.375 77.125 0.078625
11.375 77.375 -0.37586
11.375 77.625 -0.087342
11.375 77.875 0.44368
11.375 78.125 0.56953
11.375 78.375 -0.0085764
11.375 78.625 -0.46241
11.375 78.875 0.13928
11.375 79.125 -0.29008
11.375 79.375 0.95653
11.375 79.625 0.99695
11.625 75.875 0.56256
11.625 76.125 1.5807
11.625 76.375 0.8733
11.625 76.625 1.6927
11.625 76.875 -1.1846
11.625 77.125 -1.0157
11.625 77.375 0.19183
11.625 77.625 -0.090814
11.625 77.875 -0.20064
11.625 78.125 -0.36024
11.625 78.375 -0.12118
11.625 78.625 0.82495
11.625 78.875 -0.078854
11.625 79.125 0.90653
11.625 79.375 0.092241
11.625 79.625 NaN
11.875 75.625 NaN
11.875 75.875 -0.55322
11.875 76.125 0.42673
11.875 76.375 0.54939
11.875 76.625 0.17992
11.875 76.875 -0.88072
11.875 77.125 0.19727
11.875 77.375 0.081307
11.875 77.625 0.26197
11.875 77.875 -0.15281
11.875 78.125 0.64871
11.875 78.375 0.47333
11.875 78.625 -0.0060127
11.875 78.875 -0.28884
11.875 79.125 0.96719
11.875 79.375 0.13987
11.875 79.625 0.32919
12.125 75.375 -0.16174
12.125 75.625 0.39885
12.125 75.875 0.042457
12.125 76.125 0.49968
12.125 76.375 0.32921
12.125 76.625 0.74564
12.125 76.875 -0.30866
12.125 77.125 0.24231
12.125 77.375 0.25786
12.125 77.625 0.20694
12.125 77.875 -0.076259
12.125 78.125 0.90919
12.125 78.375 1.8189
12.125 78.625 0.57518
12.125 78.875 -0.24068
12.125 79.125 0.47489
12.125 79.375 0.093295
12.125 79.625 0.15705
12.375 75.125 0.48815
12.375 75.375 0.39763
12.375 75.625 0.31488
12.375 75.875 0.39188
12.375 76.125 0.35786
12.375 76.375 0.92842
12.375 76.625 2.881
12.375 76.875 -0.17364
12.375 77.125 -0.78655
12.375 77.375 -0.11329
12.375 77.625 -0.031475
12.375 77.875 0.31306
12.375 78.125 0.57984
12.375 78.375 1.5344
12.375 78.625 0.89128
12.375 78.875 -0.0348
12.375 79.125 0.50131
12.375 79.375 0.23261
12.375 79.625 0.26554
12.375 79.875 0.10107
12.625 75.125 0.4893
12.625 75.375 0.24516
12.625 75.625 0.15349
12.625 75.875 0.51236
12.625 76.125 0.3625
12.625 76.375 2.5162
12.625 76.625 2.4695
12.625 76.875 0.97171
12.625 77.125 0.12177
12.625 77.375 0.12302
12.625 77.625 0.36985
12.625 77.875 0.15701
12.625 78.125 0.5375
12.625 78.375 2.1153
12.625 78.625 1.2312
12.625 78.875 1.4469
12.625 79.125 1.3744
12.625 79.375 -0.17124
12.625 79.625 0.42214
12.625 79.875 -0.69478
12.875 75.125 1.0055
12.875 75.375 1.4328
12.875 75.625 -0.79665
12.875 75.875 0.032157
12.875 76.125 0.21525
12.875 76.375 1.7994
12.875 76.625 0.98396
12.875 76.875 0.15961
12.875 77.125 0.54201
12.875 77.375 0.78863
12.875 77.625 0.31082
12.875 77.875 0.84085
12.875 78.125 1.4766
12.875 78.375 1.5269
12.875 78.625 0.64139
12.875 78.875 1.6291
12.875 79.125 1.3183
12.875 79.375 1.2997
12.875 79.625 0.62636
12.875 79.875 -0.082057
13.125 74.875 NaN
13.125 75.125 0.56394
13.125 75.375 0.53122
13.125 75.625 0.96303
13.125 75.875 0.3116
13.125 76.125 0.76813
13.125 76.375 1.4703
13.125 76.625 1.1117
13.125 76.875 0.55705
13.125 77.125 1.2415
13.125 77.375 1.0535
13.125 77.625 0.49029
13.125 77.875 0.88041
13.125 78.125 1.5203
13.125 78.375 1.6988
13.125 78.625 1.7292
13.125 78.875 1.5116
13.125 79.125 1.6487
13.125 79.375 1.8076
13.125 79.625 1.9722
13.125 79.875 1.4188
13.125 80.125 1.1983
13.375 74.875 NaN
13.375 75.125 0.41437
13.375 75.375 0.098718
13.375 75.625 -0.0093819
13.375 75.875 0.3914
13.375 76.125 1.2925
13.375 76.375 1.3693
13.375 76.625 1.7097
13.375 76.875 1.0807
13.375 77.125 1.9687
13.375 77.375 0.93855
13.375 77.625 1.187
13.375 77.875 1.6375
13.375 78.125 1.032
13.375 78.375 1.3355
13.375 78.625 1.895
13.375 78.875 1.4052
13.375 79.125 0.60963
13.375 79.375 0.53522
13.375 79.625 1.1983
13.375 79.875 1.3841
13.375 80.125 1.6079
13.625 74.875 -0.017945
13.625 75.125 0.82352
13.625 75.375 0.13815
13.625 75.625 0.42011
13.625 75.875 0.64317
13.625 76.125 1.0088
13.625 76.375 1.8797
13.625 76.625 0.89157
13.625 76.875 1.0278
13.625 77.125 1.4623
13.625 77.375 1.2573
13.625 77.625 1.8402
13.625 77.875 1.6795
13.625 78.125 1.2667
13.625 78.375 1.4788
13.625 78.625 1.6283
13.625 78.875 1.3864
13.625 79.125 1.5723
13.625 79.375 1.3912
13.625 79.625 0.45474
13.625 79.875 0.88839
13.625 80.125 1.5566
13.875 74.875 0.48793
13.875 75.125 0.79915
13.875 75.375 0.36083
13.875 75.625 0.050713
13.875 75.875 1.3188
13.875 76.125 1.0311
13.875 76.375 2.0885
13.875 76.625 2.5733
13.875 76.875 1.4265
13.875 77.125 1.2391
13.875 77.375 2.2413
13.875 77.625 1.5725
13.875 77.875 1.3204
13.875 78.125 0.44859
13.875 78.375 1.9399
13.875 78.625 1.4621
13.875 78.875 0.76228
13.875 79.125 0.82141
13.875 79.375 0.42834
13.875 79.625 -0.20696
13.875 79.875 0.14019
14.125 74.625 0.5751
14.125 74.875 0.27287
14.125 75.125 0.51546
14.125 75.375 1.0431
14.125 75.625 -0.057054
14.125 75.875 1.702
14.125 76.125 2.4706
14.125 76.375 3.1132
14.125 76.625 2.7965
14.125 76.875 1.7461
14.125 77.125 0.79603
14.125 77.375 1.6878
14.125 77.625 1.4923
14.125 77.875 1.0335
14.125 78.125 0.1873
14.125 78.375 0.56168
14.125 78.625 0.41748
14.125 78.875 0.35502
14.125 79.125 0.19592
14.125 79.375 0.013006
14.125 79.625 -0.14816
14.125 79.875 -0.082038
14.375 74.625 -0.11838
14.375 74.875 0.53886
14.375 75.125 0.59764
14.375 75.375 0.21385
14.375 75.625 1.7593
14.375 75.875 2.7477
14.375 76.125 3.986
14.375 76.375 3.3593
14.375 76.625 2.0542
14.375 76.875 2.1037
14.375 77.125 1.5446
14.375 77.375 1.6885
14.375 77.625 2.1958
14.375 77.875 0.74442
14.375 78.125 0.28716
14.375 78.375 0.47066
14.375 78.625 0.044253
14.375 78.875 0.10471
14.375 79.125 0.38944
14.375 79.375 0.51153
14.375 79.625 0.028131
14.375 79.875 0.28484
14.625 74.375 NaN
14.625 74.625 -0.28514
14.625 74.875 0.74061
14.625 75.125 0.77756
14.625 75.375 0.98534
14.625 75.625 2.1615
14.625 75.875 2.5805
14.625 76.125 2.9022
14.625 76.375 2.5522
14.625 76.625 2.1775
14.625 76.875 1.8999
14.625 77.125 2.0792
14.625 77.375 1.0104
14.625 77.625 1.4821
14.625 77.875 0.93398
14.625 78.125 0.075133
14.625 78.375 0.094373
14.625 78.625 0.093823
14.625 78.875 0.45583
14.625 79.125 0.94483
14.625 79.375 0.31544
14.625 79.625 0.019033
14.625 79.875 0.10708
14.875 74.375 1.0128
14.875 74.625 -0.26306
14.875 74.875 0.32178
14.875 75.125 0.80287
14.875 75.375 0.27049
14.875 75.625 1.8215
14.875 75.875 2.1326
14.875 76.125 1.8856
14.875 76.375 1.7945
14.875 76.625 2.5794
14.875 76.875 2.1976
14.875 77.125 2.1197
14.875 77.375 1.0196
14.875 77.625 1.3028
14.875 77.875 0.76657
14.875 78.125 0.12616
14.875 78.375 0.31603
14.875 78.625 -0.0062216
14.875 78.875 0.6822
14.875 79.125 0.82214
14.875 79.375 -0.48363
14.875 79.625 -0.00014061
14.875 79.875 0.017954
15.125 74.125 1.9164
15.125 74.375 1.383
15.125 74.625 0.57407
15.125 74.875 1.011
15.125 75.125 1.4658
15.125 75.375 2.1583
15.125 75.625 2.9409
15.125 75.875 2.4394
15.125 76.125 1.7301
15.125 76.375 1.5314
15.125 76.625 1.4888
15.125 76.875 1.4054
15.125 77.125 1.4144
15.125 77.375 0.97849
15.125 77.625 0.61607
15.125 77.875 0.218
15.125 78.125 0.31695
15.125 78.375 0.72186
15.125 78.625 0.39162
15.125 78.875 0.2091
15.125 79.125 0.082851
15.125 79.375 0.067462
15.125 79.625 0.44437
15.125 79.875 0.24242
15.375 73.875 0.1597
15.375 74.125 1.3224
15.375 74.375 0.93455
15.375 74.625 0.71426
15.375 74.875 1.2923
15.375 75.125 2.2009
15.375 75.375 3.6726
15.375 75.625 2.0375
15.375 75.875 1.5752
15.375 76.125 2.0761
15.375 76.375 1.481
15.375 76.625 1.1005
15.375 76.875 1.0362
15.375 77.125 0.84306
15.375 77.375 0.96733
15.375 77.625 0.76747
15.375 77.875 0.64334
15.375 78.125 0.29418
15.375 78.375 0.24561
15.375 78.625 0.44753
15.375 78.875 0.50888
15.375 79.125 0.11027
15.375 79.375 -0.12249
15.375 79.625 0.051274
15.375 79.875 0.33095
15.625 73.875 -0.24696
15.625 74.125 -0.20337
15.625 74.375 -0.24271
15.625 74.625 1.0463
15.625 74.875 2.0988
15.625 75.125 3.0081
15.625 75.375 2.5943
15.625 75.625 1.4022
15.625 75.875 2.2041
15.625 76.125 3.2265
15.625 76.375 1.452
15.625 76.625 1.3147
15.625 76.875 1.5745
15.625 77.125 1.3616
15.625 77.375 1.0048
15.625 77.625 1.3106
15.625 77.875 0.869
15.625 78.125 0.13981
15.625 78.375 0.25222
15.625 78.625 0.96723
15.625 78.875 1.1295
15.625 79.125 0.85812
15.625 79.375 0.41978
15.625 79.625 0.21072
15.625 79.875 0.89051
15.625 80.125 1.1334
15.875 73.875 0.88509
15.875 74.125 0.57585
15.875 74.375 0.42872
15.875 74.625 1.1141
15.875 74.875 1.6154
15.875 75.125 2.7156
15.875 75.375 2.5507
15.875 75.625 2.9204
15.875 75.875 2.4571
15.875 76.125 1.5779
15.875 76.375 1.6844
15.875 76.625 1.4693
15.875 76.875 1.4389
15.875 77.125 1.1362
15.875 77.375 1.2858
15.875 77.625 1.0418
15.875 77.875 1.9296
15.875 78.125 1.4632
15.875 78.375 1.3702
15.875 78.625 2.2599
15.875 78.875 1.7596
15.875 79.125 2.2956
15.875 79.375 0.90286
15.875 79.625 -0.54503
15.875 79.875 0.68164
15.875 80.125 1.4765
15.875 80.375 0.51784
15.875 80.625 NaN
15.875 80.875 -0.12045
16.125 73.625 2.114
16.125 73.875 1.6376
16.125 74.125 1.0172
16.125 74.375 0.85828
16.125 74.625 1.928
16.125 74.875 1.8218
16.125 75.125 1.1099
16.125 75.375 2.2058
16.125 75.625 2.8999
16.125 75.875 3.6295
16.125 76.125 2.0894
16.125 76.375 2.0931
16.125 76.625 1.4681
16.125 76.875 1.472
16.125 77.125 1.6309
16.125 77.375 1.6142
16.125 77.625 1.4072
16.125 77.875 2.385
16.125 78.125 2.1854
16.125 78.375 2.085
16.125 78.625 2.2601
16.125 78.875 1.9068
16.125 79.125 1.8271
16.125 79.375 0.49884
16.125 79.625 -0.41858
16.125 79.875 0.62595
16.125 80.125 1.7232
16.125 80.375 0.67434
16.125 80.625 0.46299
16.125 80.875 -0.060868
16.375 73.625 0.76987
16.375 73.875 1.8993
16.375 74.125 1.306
16.375 74.375 1.5863
16.375 74.625 0.87452
16.375 74.875 1.2746
16.375 75.125 1.5116
16.375 75.375 2.9507
16.375 75.625 2.8616
16.375 75.875 3.2627
16.375 76.125 2.9534
16.375 76.375 2.3495
16.375 76.625 1.467
16.375 76.875 1.7913
16.375 77.125 2.4584
16.375 77.375 2.1918
16.375 77.625 1.9371
16.375 77.875 2.9128
16.375 78.125 3.1686
16.375 78.375 2.7381
16.375 78.625 1.8703
16.375 78.875 1.0692
16.375 79.125 1.6225
16.375 79.375 0.23893
16.375 79.625 0.54383
16.375 79.875 0.55815
16.375 80.125 0.76587
16.375 80.375 0.28817
16.375 80.625 0.65653
16.375 80.875 0.2084
16.375 81.125 0.073554
16.375 81.375 NaN
16.375 81.625 NaN
16.625 73.625 1.4519
16.625 73.875 0.47382
16.625 74.125 1.0195
16.625 74.375 -0.27668
16.625 74.625 1.4763
16.625 74.875 1.7994
16.625 75.125 2.4422
16.625 75.375 3.5707
16.625 75.625 3.0373
16.625 75.875 2.0641
16.625 76.125 1.9128
16.625 76.375 2.3879
16.625 76.625 0.61731
16.625 76.875 0.76055
16.625 77.125 2.1369
16.625 77.375 2.2024
16.625 77.625 1.8861
16.625 77.875 3.3621
16.625 78.125 3.8854
16.625 78.375 3.0527
16.625 78.625 1.4228
16.625 78.875 0.92398
16.625 79.125 0.34143
16.625 79.375 0.43397
16.625 79.625 0.77528
16.625 79.875 1.0755
16.625 80.125 1.6029
16.625 80.375 -0.05223
16.625 80.625 -0.22466
16.625 80.875 0.15091
16.625 81.125 0.35191
16.625 81.375 0.7431
16.625 81.625 0.063769
16.625 81.875 0.13574
16.625 82.125 -0.064514
16.875 73.375 1.4952
16.875 73.625 1.3948
16.875 73.875 0.57046
16.875 74.125 -0.27751
16.875 74.375 0.50954
16.875 74.625 -0.034537
16.875 74.875 1.8502
16.875 75.125 2.4944
16.875 75.375 3.3881
16.875 75.625 2.3621
16.875 75.875 1.7058
16.875 76.125 1.2704
16.875 76.375 1.0969
16.875 76.625 1.6608
16.875 76.875 1.478
16.875 77.125 1.4328
16.875 77.375 2.1553
16.875 77.625 1.5393
16.875 77.875 2.0552
16.875 78.125 1.4559
16.875 78.375 0.93682
16.875 78.625 0.74935
16.875 78.875 0.87507
16.875 79.125 0.77216
16.875 79.375 0.66646
16.875 79.625 1.9268
16.875 79.875 1.1524
16.875 80.125 1.6424
16.875 80.375 0.83571
16.875 80.625 0.87588
16.875 80.875 0.40187
16.875 81.125 0.36948
16.875 81.375 0.35043
16.875 81.625 0.65112
16.875 81.875 -0.55825
16.875 82.125 -0.082034
17.125 73.375 1.5767
17.125 73.625 0.31619
17.125 73.875 0.48356
17.125 74.125 0.25526
17.125 74.375 0.0062459
17.125 74.625 0.079443
17.125 74.875 0.35885
17.125 75.125 0.072405
17.125 75.375 1.4567
17.125 75.625 1.7236
17.125 75.875 1.6638
17.125 76.125 1.8786
17.125 76.375 1.2223
17.125 76.625 1.184
17.125 76.875 1.7692
17.125 77.125 1.6547
17.125 77.375 1.2221
17.125 77.625 2.121
17.125 77.875 1.7804
17.125 78.125 0.76057
17.125 78.375 0.85607
17.125 78.625 1.5497
17.125 78.875 2.3037
17.125 79.125 2.3133
17.125 79.375 1.4444
17.125 79.625 1.5854
17.125 79.875 1.3548
17.125 80.125 1.2364
17.125 80.375 1.4509
17.125 80.625 1.3354
17.125 80.875 0.47726
17.125 81.125 -0.032743
17.125 81.375 0.20119
17.125 81.625 -0.1712
17.125 81.875 -0.035194
17.125 82.125 0.75
17.125 82.375 0.95273
17.375 73.375 0.81326
17.375 73.625 -0.19344
17.375 73.875 1.1573
17.375 74.125 -0.41148
17.375 74.375 -0.71463
17.375 74.625 -0.032524
17.375 74.875 -0.26365
17.375 75.125 -0.81021
17.375 75.375 -0.17342
17.375 75.625 1.2322
17.375 75.875 0.3577
17.375 76.125 0.88056
17.375 76.375 1.3423
17.375 76.625 0.74056
17.375 76.875 1.8611
17.375 77.125 1.925
17.375 77.375 0.85135
17.375 77.625 1.4735
17.375 77.875 0.44189
17.375 78.125 1.2844
17.375 78.375 1.5725
17.375 78.625 3.8113
17.375 78.875 2.2979
17.375 79.125 1.1667
17.375 79.375 1.0654
17.375 79.625 0.60399
17.375 79.875 1.252
17.375 80.125 2.0123
17.375 80.375 1.3337
17.375 80.625 0.37398
17.375 80.875 0.22692
17.375 81.125 0.11501
17.375 81.375 0.36836
17.375 81.625 -0.20661
17.375 81.875 0.1626
17.375 82.125 1.0681
17.375 82.375 0.88904
17.375 82.625 NaN
17.625 73.375 0.80126
17.625 73.625 -0.97187
17.625 73.875 0.67803
17.625 74.125 -0.10865
17.625 74.375 -0.64503
17.625 74.625 -0.37333
17.625 74.875 0.021529
17.625 75.125 0.19897
17.625 75.375 0.2479
17.625 75.625 0.87741
17.625 75.875 0.46403
17.625 76.125 0.82464
17.625 76.375 1.2618
17.625 76.625 1.5946
17.625 76.875 1.5946
17.625 77.125 1.8874
17.625 77.375 1.236
17.625 77.625 1.4665
17.625 77.875 2.4158
17.625 78.125 2.0723
17.625 78.375 2.6718
17.625 78.625 1.5845
17.625 78.875 1.1184
17.625 79.125 0.31187
17.625 79.375 0.85814
17.625 79.625 1.4592
17.625 79.875 1.6749
17.625 80.125 1.6735
17.625 80.375 1.1813
17.625 80.625 0.63981
17.625 80.875 0.29587
17.625 81.125 0.31837
17.625 81.375 0.41528
17.625 81.625 0.28546
17.625 81.875 0.36697
17.625 82.125 0.68032
17.625 82.375 1.562
17.625 82.625 1.9792
17.625 82.875 0.67205
17.625 83.125 1.2615
17.875 73.375 0.75964
17.875 73.625 -0.26397
17.875 73.875 0.32897
17.875 74.125 1.3044
17.875 74.375 0.79945
17.875 74.625 -0.035762
17.875 74.875 0.25251
17.875 75.125 -0.23992
17.875 75.375 0.00069018
17.875 75.625 0.40009
17.875 75.875 0.65228
17.875 76.125 1.4159
17.875 76.375 1.6572
17.875 76.625 1.6178
17.875 76.875 1.0087
17.875 77.125 2.3734
17.875 77.375 1.6134
17.875 77.625 3.222
17.875 77.875 2.7668
17.875 78.125 3.1777
17.875 78.375 2.0091
17.875 78.625 1.3968
17.875 78.875 0.61719
17.875 79.125 0.398
17.875 79.375 0.52765
17.875 79.625 1.5829
17.875 79.875 2.202
17.875 80.125 1.1709
17.875 80.375 0.079208
17.875 80.625 0.78713
17.875 80.875 0.42316
17.875 81.125 0.14704
17.875 81.375 0.89214
17.875 81.625 0.57423
17.875 81.875 0.41746
17.875 82.125 0.77501
17.875 82.375 1.3519
17.875 82.625 2.3908
17.875 82.875 2.3909
17.875 83.125 1.5003
17.875 83.375 1.2061
18.125 73.125 NaN
18.125 73.375 -0.10431
18.125 73.625 0.14136
18.125 73.875 0.16873
18.125 74.125 0.67772
18.125 74.375 0.70968
18.125 74.625 0.84422
18.125 74.875 0.3428
18.125 75.125 -0.30662
18.125 75.375 0.68153
18.125 75.625 1.3475
18.125 75.875 2.8462
18.125 76.125 1.8512
18.125 76.375 1.3706
18.125 76.625 1.227
18.125 76.875 1.285
18.125 77.125 2.8882
18.125 77.375 1.2447
18.125 77.625 2.6604
18.125 77.875 3.2265
18.125 78.125 2.9795
18.125 78.375 1.3261
18.125 78.625 1.427
18.125 78.875 0.89119
18.125 79.125 0.47168
18.125 79.375 0.76909
18.125 79.625 1.2451
18.125 79.875 2.1279
18.125 80.125 1.5937
18.125 80.375 0.12642
18.125 80.625 -0.054402
18.125 80.875 -0.10627
18.125 81.125 -0.43264
18.125 81.375 0.7261
18.125 81.625 1.0472
18.125 81.875 1.1801
18.125 82.125 1.1596
18.125 82.375 0.72398
18.125 82.625 1.1405
18.125 82.875 0.65874
18.125 83.125 0.40268
18.125 83.375 1.0798
18.125 83.625 1.3972
18.375 73.125 0.42857
18.375 73.375 0.00221
18.375 73.625 0.26533
18.375 73.875 0.19394
18.375 74.125 0.33733
18.375 74.375 1.2963
18.375 74.625 1.5744
18.375 74.875 1.036
18.375 75.125 0.77885
18.375 75.375 2.6705
18.375 75.625 2.1026
18.375 75.875 0.90934
18.375 76.125 1.4676
18.375 76.375 1.1512
18.375 76.625 1.3556
18.375 76.875 1.2542
18.375 77.125 1.3083
18.375 77.375 0.52395
18.375 77.625 1.256
18.375 77.875 1.8078
18.375 78.125 2.0024
18.375 78.375 0.53321
18.375 78.625 0.080936
18.375 78.875 -0.009978
18.375 79.125 0.48705
18.375 79.375 0.11027
18.375 79.625 0.52884
18.375 79.875 0.57763
18.375 80.125 0.13034
18.375 80.375 0.55267
18.375 80.625 0.40249
18.375 80.875 -0.54714
18.375 81.125 0.082216
18.375 81.375 0.80841
18.375 81.625 0.90029
18.375 81.875 0.90214
18.375 82.125 1.5802
18.375 82.375 1.7172
18.375 82.625 0.62098
18.375 82.875 -0.82211
18.375 83.125 0.61235
18.375 83.375 0.25624
18.375 83.625 0.86444
18.375 83.875 0.60937
18.625 73.125 1.6667
18.625 73.375 0.58491
18.625 73.625 0.16965
18.625 73.875 0.24878
18.625 74.125 -0.016266
18.625 74.375 0.31154
18.625 74.625 0.78086
18.625 74.875 0.62983
18.625 75.125 0.98307
18.625 75.375 1.1601
18.625 75.625 0.9598
18.625 75.875 0.75291
18.625 76.125 1.2506
18.625 76.375 0.12807
18.625 76.625 1.3212
18.625 76.875 1.9698
18.625 77.125 1.8011
18.625 77.375 -0.33587
18.625 77.625 0.34529
18.625 77.875 0.081002
18.625 78.125 0.089468
18.625 78.375 0.95076
18.625 78.625 -0.82326
18.625 78.875 -0.1164
18.625 79.125 -0.41008
18.625 79.375 -0.30512
18.625 79.625 -0.83553
18.625 79.875 -0.71356
18.625 80.125 -0.5146
18.625 80.375 0.72558
18.625 80.625 0.79361
18.625 80.875 -0.23665
18.625 81.125 -0.28551
18.625 81.375 1.2894
18.625 81.625 2.0804
18.625 81.875 1.3711
18.625 82.125 1.3557
18.625 82.375 1.0688
18.625 82.625 1.4027
18.625 82.875 0.62753
18.625 83.125 -0.70724
18.625 83.375 -0.10398
18.625 83.625 0.17793
18.625 83.875 -0.28904
18.625 84.125 -0.56136
18.875 73.125 1.5988
18.875 73.375 0.75701
18.875 73.625 0.23181
18.875 73.875 0.20428
18.875 74.125 -0.29773
18.875 74.375 0.5157
18.875 74.625 0.75208
18.875 74.875 0.6308
18.875 75.125 0.33139
18.875 75.375 0.56219
18.875 75.625 0.4284
18.875 75.875 0.029248
18.875 76.125 1.1882
18.875 76.375 0.12803
18.875 76.625 0.64886
18.875 76.875 1.5767
18.875 77.125 1.6531
18.875 77.375 0.89431
18.875 77.625 1.8557
18.875 77.875 1.0401
18.875 78.125 0.50504
18.875 78.375 -1.1529
18.875 78.625 0.57556
18.875 78.875 0.37596
18.875 79.125 0.76933
18.875 79.375 0.29943
18.875 79.625 -0.72081
18.875 79.875 -0.46414
18.875 80.125 -0.24812
18.875 80.375 0.56204
18.875 80.625 0.93929
18.875 80.875 0.54916
18.875 81.125 0.58721
18.875 81.375 1.8084
18.875 81.625 0.74546
18.875 81.875 2.5095
18.875 82.125 1.1082
18.875 82.375 1.0206
18.875 82.625 0.11466
18.875 82.875 0.38159
18.875 83.125 0.23671
18.875 83.375 -0.50253
18.875 83.625 -0.4233
18.875 83.875 -0.5527
18.875 84.125 -0.25489
18.875 84.375 -0.66817
19.125 73.125 1.8075
19.125 73.375 1.3393
19.125 73.625 0.20235
19.125 73.875 0.21014
19.125 74.125 -0.15611
19.125 74.375 0.2519
19.125 74.625 0.54376
19.125 74.875 0.78456
19.125 75.125 0.38406
19.125 75.375 0.90531
19.125 75.625 0.67419
19.125 75.875 0.2091
19.125 76.125 0.83176
19.125 76.375 0.38246
19.125 76.625 0.3193
19.125 76.875 -0.063771
19.125 77.125 1.342
19.125 77.375 0.92672
19.125 77.625 1.6517
19.125 77.875 0.03139
19.125 78.125 -0.10742
19.125 78.375 0.11833
19.125 78.625 0.54392
19.125 78.875 1.32
19.125 79.125 1.9698
19.125 79.375 0.53506
19.125 79.625 0.31252
19.125 79.875 0.22295
19.125 80.125 0.1584
19.125 80.375 0.7098
19.125 80.625 0.88854
19.125 80.875 0.69426
19.125 81.125 0.42026
19.125 81.375 -0.24278
19.125 81.625 0.65162
19.125 81.875 -0.39147
19.125 82.125 0.20806
19.125 82.375 -0.50932
19.125 82.625 -0.86441
19.125 82.875 -0.36677
19.125 83.125 -0.42817
19.125 83.375 -1.1603
19.125 83.625 -0.82838
19.125 83.875 -0.57292
19.125 84.125 -0.070516
19.125 84.375 -0.54688
19.125 84.625 -0.35593
19.375 72.875 0.67104
19.375 73.125 -0.017521
19.375 73.375 1.2835
19.375 73.625 0.74305
19.375 73.875 0.25495
19.375 74.125 0.53456
19.375 74.375 0.38879
19.375 74.625 0.35225
19.375 74.875 0.32883
19.375 75.125 0.0090686
19.375 75.375 -0.086234
19.375 75.625 -0.34081
19.375 75.875 -0.19747
19.375 76.125 0.37984
19.375 76.375 -0.18456
19.375 76.625 -0.58297
19.375 76.875 -0.78136
19.375 77.125 0.21467
19.375 77.375 0.22878
19.375 77.625 1.4339
19.375 77.875 1.0516
19.375 78.125 1.3698
19.375 78.375 0.81888
19.375 78.625 0.95109
19.375 78.875 1.4527
19.375 79.125 1.1638
19.375 79.375 0.89528
19.375 79.625 0.23013
19.375 79.875 0.89239
19.375 80.125 0.91861
19.375 80.375 0.96081
19.375 80.625 0.68365
19.375 80.875 0.51125
19.375 81.125 -0.44736
19.375 81.375 -0.77331
19.375 81.625 -1.1455
19.375 81.875 -0.51134
19.375 82.125 0.1631
19.375 82.375 -0.90322
19.375 82.625 -0.8
19.375 82.875 -0.54207
19.375 83.125 -0.82253
19.375 83.375 -1.0623
19.375 83.625 -0.84717
19.375 83.875 -0.3838
19.375 84.125 0.041271
19.375 84.375 0.095182
19.375 84.625 -0.25525
19.375 84.875 -0.25979
19.625 72.875 0.71743
19.625 73.125 1.2724
19.625 73.375 1.3194
19.625 73.625 0.74578
19.625 73.875 0.4095
19.625 74.125 -0.13494
19.625 74.375 -0.048696
19.625 74.625 -0.020228
19.625 74.875 -0.32028
19.625 75.125 0.087431
19.625 75.375 -0.2345
19.625 75.625 -0.14298
19.625 75.875 0.13937
19.625 76.125 0.088011
19.625 76.375 0.080725
19.625 76.625 -0.15896
19.625 76.875 -0.92677
19.625 77.125 -0.41304
19.625 77.375 0.67283
19.625 77.625 0.36262
19.625 77.875 0.8008
19.625 78.125 1.0381
19.625 78.375 1.1286
19.625 78.625 1.5329
19.625 78.875 1.2699
19.625 79.125 0.66304
19.625 79.375 0.19734
19.625 79.625 0.42331
19.625 79.875 0.72015
19.625 80.125 0.39364
19.625 80.375 0.19618
19.625 80.625 0.188
19.625 80.875 0.34828
19.625 81.125 0.53279
19.625 81.375 -0.89132
19.625 81.625 -1.2356
19.625 81.875 -0.73365
19.625 82.125 -0.62454
19.625 82.375 -0.64513
19.625 82.625 -0.82797
19.625 82.875 -0.71227
19.625 83.125 -1.1318
19.625 83.375 -0.37838
19.625 83.625 -0.052567
19.625 83.875 -0.15873
19.625 84.125 0.15704
19.625 84.375 -0.16053
19.625 84.625 -0.30148
19.625 84.875 -0.51839
19.625 85.125 -1.4379
19.625 85.375 -1.1754
19.875 72.875 0.65412
19.875 73.125 1.1767
19.875 73.375 1.6811
19.875 73.625 0.8015
19.875 73.875 0.36686
19.875 74.125 -0.20294
19.875 74.375 0.17824
19.875 74.625 0.25479
19.875 74.875 0.1795
19.875 75.125 -0.13051
19.875 75.375 -0.10172
19.875 75.625 0.3541
19.875 75.875 0.60461
19.875 76.125 1.1673
19.875 76.375 1.3066
19.875 76.625 0.75041
19.875 76.875 0.69974
19.875 77.125 0.55127
19.875 77.375 0.51786
19.875 77.625 0.5201
19.875 77.875 0.44104
19.875 78.125 0.45644
19.875 78.375 0.62936
19.875 78.625 1.0118
19.875 78.875 0.90488
19.875 79.125 0.80127
19.875 79.375 0.35897
19.875 79.625 0.50884
19.875 79.875 0.47385
19.875 80.125 -0.12069
19.875 80.375 -0.49587
19.875 80.625 0.44334
19.875 80.875 0.57278
19.875 81.125 1.1697
19.875 81.375 -0.95718
19.875 81.625 -0.93997
19.875 81.875 -0.57702
19.875 82.125 -0.93834
19.875 82.375 -0.65674
19.875 82.625 -0.89641
19.875 82.875 -0.90593
19.875 83.125 -0.66602
19.875 83.375 -0.76634
19.875 83.625 -0.29311
19.875 83.875 -0.25705
19.875 84.125 0.068958
19.875 84.375 -0.31682
19.875 84.625 -0.52217
19.875 84.875 -0.55658
19.875 85.125 -1.1292
19.875 85.375 -1.0432
19.875 85.625 NaN
19.875 85.875 NaN
19.875 86.125 NaN
20.125 72.875 0.66131
20.125 73.125 0.08438
20.125 73.375 -0.071094
20.125 73.625 2.445
20.125 73.875 0.50867
20.125 74.125 -0.064169
20.125 74.375 0.84515
20.125 74.625 0.39457
20.125 74.875 0.11554
20.125 75.125 -0.13429
20.125 75.375 0.011539
20.125 75.625 -0.02642
20.125 75.875 0.14114
20.125 76.125 1.1137
20.125 76.375 1.3211
20.125 76.625 1.4676
20.125 76.875 0.93978
20.125 77.125 0.623
20.125 77.375 0.77671
20.125 77.625 0.85173
20.125 77.875 0.63242
20.125 78.125 0.37874
20.125 78.375 0.57631
20.125 78.625 0.33374
20.125 78.875 0.38603
20.125 79.125 0.68186
20.125 79.375 0.57365
20.125 79.625 0.53966
20.125 79.875 0.52421
20.125 80.125 0.35189
20.125 80.375 0.0098174
20.125 80.625 0.62672
20.125 80.875 0.24486
20.125 81.125 -0.54253
20.125 81.375 -0.49071
20.125 81.625 -0.71252
20.125 81.875 -0.65168
20.125 82.125 -0.70024
20.125 82.375 -1.393
20.125 82.625 -1.1439
20.125 82.875 -1.4112
20.125 83.125 -0.38044
20.125 83.375 -0.91905
20.125 83.625 -1.0646
20.125 83.875 0.51898
20.125 84.125 1.1329
20.125 84.375 -0.76792
20.125 84.625 -0.29728
20.125 84.875 0.11295
20.125 85.125 0.37773
20.125 85.375 -0.11179
20.125 85.625 -0.21306
20.125 85.875 -0.50676
20.125 86.125 -0.58838
20.125 86.375 NaN
20.375 73.125 0.97435
20.375 73.375 0.39294
20.375 73.625 0.54452
20.375 73.875 -0.6777
20.375 74.125 -0.36111
20.375 74.375 0.64112
20.375 74.625 0.12416
20.375 74.875 0.080374
20.375 75.125 0.44953
20.375 75.375 0.50042
20.375 75.625 0.022291
20.375 75.875 -0.12454
20.375 76.125 0.25597
20.375 76.375 0.24897
20.375 76.625 0.41879
20.375 76.875 0.20129
20.375 77.125 0.45065
20.375 77.375 0.47079
20.375 77.625 0.1872
20.375 77.875 0.084022
20.375 78.125 0.41438
20.375 78.375 0.47362
20.375 78.625 0.25132
20.375 78.875 0.50493
20.375 79.125 0.59198
20.375 79.375 0.76554
20.375 79.625 0.73097
20.375 79.875 1.0497
20.375 80.125 0.89097
20.375 80.375 0.12758
20.375 80.625 0.13846
20.375 80.875 0.3866
20.375 81.125 -0.051244
20.375 81.375 -0.33592
20.375 81.625 -0.43011
20.375 81.875 -0.47998
20.375 82.125 -0.29621
20.375 82.375 -0.35307
20.375 82.625 -0.96223
20.375 82.875 -1.1646
20.375 83.125 -1.1321
20.375 83.375 -0.69729
20.375 83.625 -0.23437
20.375 83.875 -0.35792
20.375 84.125 -0.43594
20.375 84.375 -1.7399
20.375 84.625 -1.145
20.375 84.875 -1.182
20.375 85.125 -1.0109
20.375 85.375 -0.85851
20.375 85.625 -0.57157
20.375 85.875 -0.35664
20.375 86.125 0.29349
20.375 86.375 -0.21224
20.375 86.625 NaN
20.625 73.125 0.49771
20.625 73.375 0.55034
20.625 73.625 0.88838
20.625 73.875 1.729
20.625 74.125 0.1757
20.625 74.375 0.85313
20.625 74.625 0.50465
20.625 74.875 0.19628
20.625 75.125 0.42947
20.625 75.375 0.064607
20.625 75.625 -0.37945
20.625 75.875 -0.36903
20.625 76.125 -0.11215
20.625 76.375 -0.045153
20.625 76.625 0.12427
20.625 76.875 0.20729
20.625 77.125 0.59143
20.625 77.375 0.16067
20.625 77.625 0.332
20.625 77.875 0.84527
20.625 78.125 0.79099
20.625 78.375 0.41732
20.625 78.625 0.18488
20.625 78.875 0.47172
20.625 79.125 0.53087
20.625 79.375 0.37722
20.625 79.625 0.97977
20.625 79.875 0.98125
20.625 80.125 1.0867
20.625 80.375 0.11306
20.625 80.625 0.18867
20.625 80.875 0.75647
20.625 81.125 0.34098
20.625 81.375 -0.26173
20.625 81.625 -0.6027
20.625 81.875 -0.36504
20.625 82.125 0.76245
20.625 82.375 -0.40753
20.625 82.625 -0.81674
20.625 82.875 -0.51375
20.625 83.125 -0.76231
20.625 83.375 -0.36678
20.625 83.625 -0.3189
20.625 83.875 -0.45795
20.625 84.125 -0.69652
20.625 84.375 -0.78524
20.625 84.625 -0.37183
20.625 84.875 -0.56107
20.625 85.125 -0.46306
20.625 85.375 0.30089
20.625 85.625 -1.2414
20.625 85.875 0.06605
20.625 86.125 0.51121
20.625 86.375 0.4124
20.625 86.625 0.33182
20.625 86.875 NaN
20.875 70.625 0.90038
20.875 70.875 0.20064
20.875 71.125 0.022343
20.875 71.375 0.75997
20.875 72.875 0.70862
20.875 73.125 1.7876
20.875 73.375 0.62343
20.875 73.625 0.94383
20.875 73.875 0.5896
20.875 74.125 0.95596
20.875 74.375 0.62956
20.875 74.625 0.40183
20.875 74.875 -0.032119
20.875 75.125 0.73614
20.875 75.375 -0.3151
20.875 75.625 -0.79227
20.875 75.875 -0.54807
20.875 76.125 -0.16355
20.875 76.375 -0.31991
20.875 76.625 0.1724
20.875 76.875 0.53769
20.875 77.125 0.42973
20.875 77.375 0.15389
20.875 77.625 0.87292
20.875 77.875 1.4916
20.875 78.125 1.5578
20.875 78.375 0.94473
20.875 78.625 0.025894
20.875 78.875 0.56041
20.875 79.125 0.63149
20.875 79.375 -0.35894
20.875 79.625 -0.24116
20.875 79.875 -0.064575
20.875 80.125 0.26102
20.875 80.375 -0.10164
20.875 80.625 0.18118
20.875 80.875 0.65283
20.875 81.125 0.48144
20.875 81.375 -0.46568
20.875 81.625 -0.83332
20.875 81.875 -1.1
20.875 82.125 -0.73011
20.875 82.375 -0.29798
20.875 82.625 -0.82517
20.875 82.875 -0.87164
20.875 83.125 -0.5347
20.875 83.375 -0.75712
20.875 83.625 -0.35134
20.875 83.875 -0.25193
20.875 84.125 -0.38544
20.875 84.375 1.4149
20.875 84.625 -0.58863
20.875 84.875 -0.011227
20.875 85.125 0.14077
20.875 85.375 0.32292
20.875 85.625 -0.19256
20.875 85.875 0.43189
20.875 86.125 -0.12662
20.875 86.375 -0.51087
20.875 86.625 0.011291
21.125 70.375 0.89594
21.125 70.625 0.24895
21.125 70.875 -0.16169
21.125 71.125 0.42125
21.125 71.375 0.3859
21.125 71.625 NaN
21.125 71.875 NaN
21.125 72.875 -0.55802
21.125 73.125 0.28922
21.125 73.375 0.99078
21.125 73.625 -0.030755
21.125 73.875 0.60878
21.125 74.125 0.27283
21.125 74.375 -0.57581
21.125 74.625 -0.28741
21.125 74.875 0.50349
21.125 75.125 -0.043389
21.125 75.375 0.76081
21.125 75.625 0.074201
21.125 75.875 -0.38512
21.125 76.125 0.26979
21.125 76.375 0.18513
21.125 76.625 -0.048186
21.125 76.875 -0.017898
21.125 77.125 -0.38884
21.125 77.375 0.1609
21.125 77.625 0.63468
21.125 77.875 1.001
21.125 78.125 0.096067
21.125 78.375 -0.039577
21.125 78.625 -0.27307
21.125 78.875 0.66881
21.125 79.125 0.32145
21.125 79.375 -0.38719
21.125 79.625 -0.43879
21.125 79.875 -0.18961
21.125 80.125 -0.62081
21.125 80.375 -0.29306
21.125 80.625 0.13091
21.125 80.875 0.26577
21.125 81.125 -0.897
21.125 81.375 -0.51802
21.125 81.625 -0.99088
21.125 81.875 -1.0601
21.125 82.125 -0.38039
21.125 82.375 -0.96197
21.125 82.625 -0.92282
21.125 82.875 -0.58232
21.125 83.125 -0.75601
21.125 83.375 -0.56141
21.125 83.625 -0.14957
21.125 83.875 -0.10401
21.125 84.125 -0.29907
21.125 84.375 -0.50344
21.125 84.625 0.46023
21.125 84.875 0.82309
21.125 85.125 0.75846
21.125 85.375 0.79019
21.125 85.625 1.4364
21.125 85.875 1.9799
21.125 86.125 -0.30304
21.125 86.375 -0.23848
21.125 86.625 0.16601
21.375 70.125 1.1649
21.375 70.375 0.72793
21.375 70.625 0.60221
21.375 70.875 0.007209
21.375 71.125 -0.14373
21.375 71.375 0.39206
21.375 71.625 0.73727
21.375 71.875 0.50507
21.375 72.875 0.78865
21.375 73.125 1.7228
21.375 73.375 1.8078
21.375 73.625 0.72779
21.375 73.875 0.8082
21.375 74.125 -0.22992
21.375 74.375 -0.19204
21.375 74.625 0.15174
21.375 74.875 1.4452
21.375 75.125 0.80225
21.375 75.375 0.4992
21.375 75.625 -0.034111
21.375 75.875 -0.49225
21.375 76.125 1.0371
21.375 76.375 -0.039598
21.375 76.625 -0.73034
21.375 76.875 -0.68388
21.375 77.125 -0.49138
21.375 77.375 0.07223
21.375 77.625 0.26912
21.375 77.875 0.12153
21.375 78.125 0.40917
21.375 78.375 1.8877
21.375 78.625 1.1393
21.375 78.875 0.58936
21.375 79.125 0.16871
21.375 79.375 -0.33902
21.375 79.625 -1.1962
21.375 79.875 0.078469
21.375 80.125 -0.92668
21.375 80.375 -0.98063
21.375 80.625 -0.43269
21.375 80.875 -0.84084
21.375 81.125 -1.762
21.375 81.375 -1.0179
21.375 81.625 -0.91717
21.375 81.875 -0.71103
21.375 82.125 -0.69086
21.375 82.375 -0.751
21.375 82.625 -0.44459
21.375 82.875 -0.29874
21.375 83.125 -0.12611
21.375 83.375 -0.64256
21.375 83.625 -0.76184
21.375 83.875 -0.15432
21.375 84.125 -0.18774
21.375 84.375 0.0053566
21.375 84.625 0.046189
21.375 84.875 0.54922
21.375 85.125 0.8865
21.375 85.375 0.84427
21.375 85.625 1.8363
21.375 85.875 1.0385
21.375 86.125 1.3868
21.375 86.375 0.31757
21.375 86.625 -0.023538
21.375 86.875 -0.40332
21.625 69.875 0.48503
21.625 70.125 -0.042499
21.625 70.375 0.74306
21.625 70.625 0.91427
21.625 70.875 0.023231
21.625 71.125 -0.077274
21.625 71.375 1.0297
21.625 71.625 1.7285
21.625 71.875 0.67824
21.625 72.125 0.28381
21.625 72.875 0.52558
21.625 73.125 0.70641
21.625 73.375 0.40316
21.625 73.625 0.3008
21.625 73.875 0.046323
21.625 74.125 -0.26017
21.625 74.375 -0.32629
21.625 74.625 0.49615
21.625 74.875 1.4892
21.625 75.125 0.28726
21.625 75.375 0.20387
21.625 75.625 -0.42247
21.625 75.875 -0.46987
21.625 76.125 0.3679
21.625 76.375 0.0047927
21.625 76.625 -0.67852
21.625 76.875 -0.22432
21.625 77.125 0.42768
21.625 77.375 0.36176
21.625 77.625 -0.70013
21.625 77.875 0.046249
21.625 78.125 0.39022
21.625 78.375 1.8701
21.625 78.625 0.74981
21.625 78.875 0.23996
21.625 79.125 -0.284
21.625 79.375 -0.022855
21.625 79.625 -0.31529
21.625 79.875 -0.10803
21.625 80.125 -0.0308
21.625 80.375 -0.15042
21.625 80.625 -0.91283
21.625 80.875 -0.8261
21.625 81.125 -1.4743
21.625 81.375 -1.701
21.625 81.625 -0.81704
21.625 81.875 -0.95271
21.625 82.125 -0.63138
21.625 82.375 -0.91053
21.625 82.625 0.10537
21.625 82.875 NaN
21.625 83.125 0.19419
21.625 83.375 -0.3771
21.625 83.625 0.035468
21.625 83.875 0.48436
21.625 84.125 0.31173
21.625 84.375 1.0477
21.625 84.625 1.0164
21.625 84.875 1.8688
21.625 85.125 1.2522
21.625 85.375 1.1861
21.625 85.625 1.0198
21.625 85.875 1.271
21.625 86.125 0.77126
21.625 86.375 0.9306
21.625 86.625 -0.61214
21.625 86.875 -0.45737
21.625 87.125 -0.22218
21.625 87.375 NaN
21.875 69.375 NaN
21.875 69.625 0.59399
21.875 69.875 0.49106
21.875 70.125 0.44349
21.875 70.375 0.69972
21.875 70.625 0.76644
21.875 70.875 -0.10369
21.875 71.125 -0.3244
21.875 71.375 0.76024
21.875 71.625 1.2841
21.875 71.875 0.47083
21.875 72.125 0.1194
21.875 72.625 NaN
21.875 72.875 0.076516
21.875 73.125 0.048871
21.875 73.375 -0.19306
21.875 73.625 -0.33217
21.875 73.875 -0.25191
21.875 74.125 -0.3775
21.875 74.375 -0.72647
21.875 74.625 0.085452
21.875 74.875 -0.097426
21.875 75.125 0.1909
21.875 75.375 -0.68597
21.875 75.625 -0.49373
21.875 75.875 0.44035
21.875 76.125 0.23823
21.875 76.375 -0.21759
21.875 76.625 -0.37381
21.875 76.875 0.09584
21.875 77.125 0.61481
21.875 77.375 0.11651
21.875 77.625 -0.49075
21.875 77.875 -0.45224
21.875 78.125 -0.49305
21.875 78.375 -0.40391
21.875 78.625 0.21704
21.875 78.875 0.22789
21.875 79.125 0.011262
21.875 79.375 0.18407
21.875 79.625 0.018041
21.875 79.875 0.43409
21.875 80.125 0.50496
21.875 80.375 0.23385
21.875 80.625 -0.28411
21.875 80.875 -0.72029
21.875 81.125 -1.356
21.875 81.375 -0.88408
21.875 81.625 -0.62315
21.875 81.875 -0.76151
21.875 82.125 0.20437
21.875 82.375 0.11624
21.875 82.625 -0.31984
21.875 82.875 -0.03749
21.875 83.125 0.26199
21.875 83.375 0.007872
21.875 83.625 0.25969
21.875 83.875 1.2601
21.875 84.125 0.50159
21.875 84.375 1.1261
21.875 84.625 1.2286
21.875 84.875 1.2693
21.875 85.125 1.2292
21.875 85.375 1.543
21.875 85.625 0.84543
21.875 85.875 1.6334
21.875 86.125 1.2231
21.875 86.375 1.2685
21.875 86.625 -0.28304
21.875 86.875 -0.27227
21.875 87.125 -0.13009
21.875 87.375 -0.28752
21.875 87.625 0.34832
21.875 87.875 0.74451
21.875 88.375 1.1858
21.875 88.625 NaN
21.875 88.875 NaN
22.125 69.125 1.2886
22.125 69.375 0.40988
22.125 69.625 0.078756
22.125 69.875 0.046531
22.125 70.125 0.25976
22.125 70.375 0.26174
22.125 70.625 0.28557
22.125 70.875 0.45089
22.125 71.125 -0.29054
22.125 71.375 0.40239
22.125 71.625 0.44606
22.125 71.875 -0.07828
22.125 72.125 0.10282
22.125 72.625 NaN
22.125 72.875 -0.39987
22.125 73.125 -0.43682
22.125 73.375 0.27249
22.125 73.625 0.14715
22.125 73.875 0.57376
22.125 74.125 1.5214
22.125 74.375 -0.27541
22.125 74.625 -0.30549
22.125 74.875 -0.052048
22.125 75.125 0.093209
22.125 75.375 -0.51316
22.125 75.625 0.76196
22.125 75.875 1.0394
22.125 76.125 0.050384
22.125 76.375 -0.19627
22.125 76.625 -0.106
22.125 76.875 -0.094703
22.125 77.125 0.30122
22.125 77.375 0.13812
22.125 77.625 -0.23959
22.125 77.875 -0.0059423
22.125 78.125 -0.36668
22.125 78.375 -0.9081
22.125 78.625 -0.40833
22.125 78.875 0.11294
22.125 79.125 0.36162
22.125 79.375 0.33978
22.125 79.625 0.58451
22.125 79.875 1.1673
22.125 80.125 0.97419
22.125 80.375 0.85708
22.125 80.625 0.33893
22.125 80.875 -0.99841
22.125 81.125 -1.7483
22.125 81.375 0.39973
22.125 81.625 -0.70917
22.125 81.875 -0.27314
22.125 82.125 -0.38468
22.125 82.375 -0.31698
22.125 82.625 -0.51166
22.125 82.875 -0.2446
22.125 83.125 -0.43437
22.125 83.375 -0.47131
22.125 83.625 0.37901
22.125 83.875 0.002154
22.125 84.125 0.54054
22.125 84.375 0.32675
22.125 84.625 0.87893
22.125 84.875 1.8465
22.125 85.125 1.4026
22.125 85.375 1.5699
22.125 85.625 1.1632
22.125 85.875 1.3329
22.125 86.125 1.3164
22.125 86.375 1.3373
22.125 86.625 0.50341
22.125 86.875 0.44502
22.125 87.125 0.37048
22.125 87.375 0.40455
22.125 87.625 0.39274
22.125 87.875 0.76869
22.125 88.125 1.4318
22.125 88.375 1.398
22.125 92.875 NaN
22.375 69.125 0.96543
22.375 69.875 0.017427
22.375 70.125 -0.1131
22.375 70.375 -0.51439
22.375 70.625 -0.032261
22.375 70.875 0.10164
22.375 71.125 0.59243
22.375 71.375 0.48888
22.375 71.625 -0.11782
22.375 71.875 -0.049239
22.375 72.125 0.26427
22.375 72.625 NaN
22.375 72.875 -0.0097118
22.375 73.125 0.0065757
22.375 73.375 -0.1175
22.375 73.625 0.26594
22.375 73.875 1.5717
22.375 74.125 1.2195
22.375 74.375 0.11866
22.375 74.625 -0.19887
22.375 74.875 0.14511
22.375 75.125 0.2348
22.375 75.375 0.077127
22.375 75.625 -0.39133
22.375 75.875 0.020696
22.375 76.125 0.22887
22.375 76.375 0.67979
22.375 76.625 0.36065
22.375 76.875 0.045213
22.375 77.125 -0.028469
22.375 77.375 0.22421
22.375 77.625 0.18679
22.375 77.875 0.66101
22.375 78.125 0.44709
22.375 78.375 -0.28317
22.375 78.625 -0.029039
22.375 78.875 0.60817
22.375 79.125 0.80999
22.375 79.375 0.99433
22.375 79.625 1.4275
22.375 79.875 1.0169
22.375 80.125 1.121
22.375 80.375 1.4508
22.375 80.625 0.10207
22.375 80.875 -0.57183
22.375 81.125 -0.93069
22.375 81.375 0.099477
22.375 81.625 -0.2685
22.375 81.875 0.09555
22.375 82.125 -0.64883
22.375 82.375 -0.5844
22.375 82.625 -0.99568
22.375 82.875 -0.93099
22.375 83.125 -1.0345
22.375 83.375 -1.1437
22.375 83.625 -0.8975
22.375 83.875 -0.089696
22.375 84.125 0.2403
22.375 84.375 0.52059
22.375 84.625 0.92577
22.375 84.875 1.2545
22.375 85.125 1.0174
22.375 85.375 1.6787
22.375 85.625 1.183
22.375 85.875 2.6423
22.375 86.125 4.3943
22.375 86.375 1.2963
22.375 86.625 0.68255
22.375 86.875 0.49492
22.375 87.125 0.44275
22.375 87.375 0.39562
22.375 87.625 0.40257
22.375 87.875 0.51468
22.375 88.125 -0.1433
22.375 88.375 0.95755
22.375 88.625 1.0632
22.375 88.875 1.1717
22.375 92.875 1.4584
22.625 70.375 0.26662
22.625 70.625 0.12196
22.625 70.875 0.0013839
22.625 71.125 0.15431
22.625 71.375 0.27932
22.625 71.625 -0.085675
22.625 71.875 -0.21238
22.625 72.125 -0.06699
22.625 72.375 0.13455
22.625 72.625 1.4232
22.625 72.875 0.10305
22.625 73.125 -0.40626
22.625 73.375 0.442
22.625 73.625 -0.5366
22.625 73.875 -0.61568
22.625 74.125 -0.02606
22.625 74.375 0.35727
22.625 74.625 0.091451
22.625 74.875 0.12147
22.625 75.125 0.22318
22.625 75.375 0.1646
22.625 75.625 -0.3886
22.625 75.875 -0.33982
22.625 76.125 -0.15215
22.625 76.375 0.11913
22.625 76.625 0.24998
22.625 76.875 0.18487
22.625 77.125 0.39914
22.625 77.375 0.55004
22.625 77.625 0.60404
22.625 77.875 1.1739
22.625 78.125 1.2463
22.625 78.375 0.84381
22.625 78.625 0.84247
22.625 78.875 0.65125
22.625 79.125 0.89638
22.625 79.375 1.0511
22.625 79.625 1.1423
22.625 79.875 0.91405
22.625 80.125 1.3203
22.625 80.375 0.56765
22.625 80.625 -0.87886
22.625 80.875 -0.85068
22.625 81.125 0.37424
22.625 81.375 -0.048472
22.625 81.625 0.5677
22.625 81.875 0.18252
22.625 82.125 -0.65696
22.625 82.375 -1.1017
22.625 82.625 -1.4661
22.625 82.875 -1.4338
22.625 83.125 -1.2889
22.625 83.375 -0.79543
22.625 83.625 -0.23162
22.625 83.875 -0.61433
22.625 84.125 0.22903
22.625 84.375 0.45706
22.625 84.625 1.3909
22.625 84.875 1.9265
22.625 85.125 1.0439
22.625 85.375 0.91969
22.625 85.625 2.3777
22.625 85.875 2.8086
22.625 86.125 3.7114
22.625 86.375 1.4175
22.625 86.625 1.5184
22.625 86.875 1.109
22.625 87.125 0.76759
22.625 87.375 0.54664
22.625 87.625 0.69605
22.625 87.875 0.76597
22.625 88.125 0.47389
22.625 88.375 1.2972
22.625 88.625 1.2051
22.625 88.875 1.3275
22.625 92.625 -0.15062
22.625 92.875 1.2045
22.875 69.375 NaN
22.875 69.625 NaN
22.875 69.875 NaN
22.875 70.625 0.19719
22.875 70.875 -0.071466
22.875 71.125 -0.23044
22.875 71.375 -0.43371
22.875 71.625 -0.3992
22.875 71.875 -0.43925
22.875 72.125 -0.51091
22.875 72.375 0.32808
22.875 72.625 0.91902
22.875 72.875 -0.045315
22.875 73.125 0.50771
22.875 73.375 0.56714
22.875 73.625 -0.28556
22.875 73.875 -0.2387
22.875 74.125 0.14398
22.875 74.375 -0.36634
22.875 74.625 0.17239
22.875 74.875 0.40533
22.875 75.125 -0.066139
22.875 75.375 -1.1244
22.875 75.625 -1.1086
22.875 75.875 -0.61831
22.875 76.125 -0.63242
22.875 76.375 -0.55644
22.875 76.625 0.12329
22.875 76.875 0.88541
22.875 77.125 0.61517
22.875 77.375 0.81784
22.875 77.625 0.86299
22.875 77.875 1.3235
22.875 78.125 1.9034
22.875 78.375 1.2614
22.875 78.625 1.1913
22.875 78.875 0.91894
22.875 79.125 0.51985
22.875 79.375 0.32847
22.875 79.625 -0.0030261
22.875 79.875 1.1372
22.875 80.125 0.43942
22.875 80.375 0.40847
22.875 80.625 -0.5281
22.875 80.875 -0.30435
22.875 81.125 0.30892
22.875 81.375 0.64621
22.875 81.625 -0.27959
22.875 81.875 -0.37941
22.875 82.125 -0.58596
22.875 82.375 -0.3059
22.875 82.625 -0.86995
22.875 82.875 -0.57507
22.875 83.125 -1.2728
22.875 83.375 -0.36971
22.875 83.625 0.038397
22.875 83.875 0.23895
22.875 84.125 0.23723
22.875 84.375 0.40309
22.875 84.625 1.8742
22.875 84.875 1.7338
22.875 85.125 2.5234
22.875 85.375 2.2728
22.875 85.625 1.8978
22.875 85.875 1.547
22.875 86.125 0.57136
22.875 86.375 0.82786
22.875 86.625 2.1786
22.875 86.875 2.4898
22.875 87.125 1.5526
22.875 87.375 1.1983
22.875 87.625 0.68134
22.875 87.875 -0.43199
22.875 88.125 1.1554
22.875 88.375 1.3995
22.875 88.625 1.4384
22.875 92.625 -0.093625
22.875 92.875 0.83173
23.125 68.875 0.30132
23.125 69.125 0.61034
23.125 69.375 0.57395
23.125 69.625 0.46727
23.125 69.875 0.16802
23.125 70.125 -0.17514
23.125 70.875 -0.012698
23.125 71.125 -0.081313
23.125 71.375 -0.38614
23.125 71.625 -0.15907
23.125 71.875 -0.40443
23.125 72.125 -0.21544
23.125 72.375 -0.45242
23.125 72.625 0.60067
23.125 72.875 0.23124
23.125 73.125 -0.23749
23.125 73.375 0.5086
23.125 73.625 0.27276
23.125 73.875 0.53143
23.125 74.125 0.10555
23.125 74.375 0.30101
23.125 74.625 1.5372
23.125 74.875 0.93569
23.125 75.125 0.14794
23.125 75.375 -0.067407
23.125 75.625 -0.38559
23.125 75.875 -0.232
23.125 76.125 -0.71558
23.125 76.375 -0.69518
23.125 76.625 -0.74696
23.125 76.875 -0.71937
23.125 77.125 -0.14818
23.125 77.375 0.62429
23.125 77.625 0.71307
23.125 77.875 1.0195
23.125 78.125 1.218
23.125 78.375 1.2213
23.125 78.625 1.1789
23.125 78.875 0.92575
23.125 79.125 0.31694
23.125 79.375 0.54735
23.125 79.625 -0.32008
23.125 79.875 -0.00034305
23.125 80.125 0.047305
23.125 80.375 0.078204
23.125 80.625 0.033246
23.125 80.875 0.45751
23.125 81.125 0.17265
23.125 81.375 -0.45616
23.125 81.625 -0.37827
23.125 81.875 -0.37582
23.125 82.125 -0.29199
23.125 82.375 0.32121
23.125 82.625 0.5697
23.125 82.875 -0.26929
23.125 83.125 -0.66098
23.125 83.375 1.8082
23.125 83.625 3.4566
23.125 83.875 2.0718
23.125 84.125 0.78768
23.125 84.375 1.6293
23.125 84.625 1.9428
23.125 84.875 1.9011
23.125 85.125 1.6535
23.125 85.375 2.4364
23.125 85.625 1.8602
23.125 85.875 1.3186
23.125 86.125 1.8066
23.125 86.375 1.9579
23.125 86.625 1.7926
23.125 86.875 2.3575
23.125 87.125 1.7514
23.125 87.375 1.7371
23.125 87.625 1.7165
23.125 87.875 0.39294
23.125 88.125 -0.1965
23.125 88.375 0.42582
23.125 88.625 0.86593
23.125 91.625 NaN
23.125 92.625 -0.098575
23.125 92.875 -0.060911
23.125 93.125 NaN
23.375 68.875 0.47959
23.375 69.125 0.61944
23.375 69.375 0.64324
23.375 69.625 0.40651
23.375 69.875 0.099152
23.375 70.125 -0.30448
23.375 70.375 -0.557
23.375 70.625 -0.46258
23.375 70.875 -0.18225
23.375 71.125 -0.011604
23.375 71.375 -0.13601
23.375 71.625 -0.60707
23.375 71.875 -0.20295
23.375 72.125 -0.11128
23.375 72.375 -0.082301
23.375 72.625 0.20289
23.375 72.875 0.70401
23.375 73.125 0.64447
23.375 73.375 0.55987
23.375 73.625 0.058753
23.375 73.875 -0.2836
23.375 74.125 0.19056
23.375 74.375 0.40926
23.375 74.625 2.1141
23.375 74.875 1.5066
23.375 75.125 0.17574
23.375 75.375 -0.40034
23.375 75.625 -0.57784
23.375 75.875 -0.31013
23.375 76.125 -0.52658
23.375 76.375 -0.58214
23.375 76.625 -0.57696
23.375 76.875 -0.33889
23.375 77.125 -0.35313
23.375 77.375 0.54152
23.375 77.625 -0.069208
23.375 77.875 0.63944
23.375 78.125 0.52769
23.375 78.375 0.7009
23.375 78.625 0.87163
23.375 78.875 0.61269
23.375 79.125 0.24454
23.375 79.375 0.33345
23.375 79.625 0.23148
23.375 79.875 -0.23073
23.375 80.125 -0.44306
23.375 80.375 0.14355
23.375 80.625 0.27014
23.375 80.875 0.20909
23.375 81.125 -0.034902
23.375 81.375 -0.47256
23.375 81.625 -0.20267
23.375 81.875 -0.065098
23.375 82.125 0.63022
23.375 82.375 -0.2906
23.375 82.625 -0.12042
23.375 82.875 -0.20463
23.375 83.125 1.1456
23.375 83.375 2.4893
23.375 83.625 3.0266
23.375 83.875 1.445
23.375 84.125 1.2729
23.375 84.375 2.3188
23.375 84.625 1.4821
23.375 84.875 0.82253
23.375 85.125 1.0951
23.375 85.375 0.9036
23.375 85.625 1.3012
23.375 85.875 0.86061
23.375 86.125 0.94177
23.375 86.375 1.4783
23.375 86.625 0.84405
23.375 86.875 1.3872
23.375 87.125 1.2057
23.375 87.375 0.90535
23.375 87.625 1.6393
23.375 87.875 -0.051558
23.375 88.125 -0.4797
23.375 88.375 0.022728
23.375 88.625 0.24523
23.375 91.375 -0.89633
23.375 91.625 -0.89177
23.375 92.625 -0.06787
23.375 92.875 -0.18053
23.375 93.125 -0.48736
23.625 68.625 0.17568
23.625 68.875 0.29153
23.625 69.125 0.45037
23.625 69.375 0.51312
23.625 69.625 0.45839
23.625 69.875 0.11468
23.625 70.125 -0.25606
23.625 70.375 -0.43268
23.625 70.625 -0.46896
23.625 70.875 -0.24795
23.625 71.125 -0.096544
23.625 71.375 0.17951
23.625 71.625 -0.5294
23.625 71.875 -0.32164
23.625 72.125 0.31843
23.625 72.375 0.054773
23.625 72.625 0.83012
23.625 72.875 1.5189
23.625 73.125 0.96023
23.625 73.375 0.71274
23.625 73.625 0.67715
23.625 73.875 0.22873
23.625 74.125 0.67419
23.625 74.375 0.92388
23.625 74.625 1.1783
23.625 74.875 1.0186
23.625 75.125 -0.42682
23.625 75.375 0.09452
23.625 75.625 0.53869
23.625 75.875 0.22168
23.625 76.125 -0.095924
23.625 76.375 0.52244
23.625 76.625 1.4124
23.625 76.875 1.0752
23.625 77.125 0.38888
23.625 77.375 0.25845
23.625 77.625 -0.54777
23.625 77.875 0.37877
23.625 78.125 0.308
23.625 78.375 0.2662
23.625 78.625 0.10765
23.625 78.875 0.24108
23.625 79.125 -0.001466
23.625 79.375 0.27919
23.625 79.625 0.37102
23.625 79.875 0.99903
23.625 80.125 -0.041269
23.625 80.375 0.22417
23.625 80.625 1.0117
23.625 80.875 0.77289
23.625 81.125 -0.44875
23.625 81.375 0.11006
23.625 81.625 0.50233
23.625 81.875 0.69491
23.625 82.125 0.61322
23.625 82.375 0.66109
23.625 82.625 0.95642
23.625 82.875 1.2093
23.625 83.125 1.5823
23.625 83.375 0.99331
23.625 83.625 1.3445
23.625 83.875 1.0072
23.625 84.125 1.047
23.625 84.375 1.2206
23.625 84.625 0.77659
23.625 84.875 0.48271
23.625 85.125 0.077862
23.625 85.375 0.99361
23.625 85.625 0.96267
23.625 85.875 2.577
23.625 86.125 -0.93289
23.625 86.375 1.4878
23.625 86.625 0.69616
23.625 86.875 1.0152
23.625 87.125 0.96966
23.625 87.375 1.3008
23.625 87.625 0.53315
23.625 87.875 0.081056
23.625 88.125 -0.34691
23.625 88.375 -0.26426
23.625 91.375 -0.65789
23.625 91.625 -0.74761
23.625 91.875 NaN
23.625 92.375 -0.65936
23.625 92.625 -0.18878
23.625 92.875 -0.54819
23.625 93.125 -0.49876
23.875 68.875 0.16245
23.875 69.125 0.29527
23.875 69.375 0.45108
23.875 69.625 0.50523
23.875 69.875 -0.0094837
23.875 70.125 -0.28536
23.875 70.375 -0.421
23.875 70.625 -0.46824
23.875 70.875 -0.26428
23.875 71.125 -0.4363
23.875 71.375 0.18731
23.875 71.625 0.20662
23.875 71.875 0.54775
23.875 72.125 0.84265
23.875 72.375 0.96743
23.875 72.625 1.3637
23.875 72.875 2.5184
23.875 73.125 1.6982
23.875 73.375 2.0314
23.875 73.625 0.8607
23.875 73.875 0.73008
23.875 74.125 0.40729
23.875 74.375 0.64546
23.875 74.625 0.60798
23.875 74.875 0.22444
23.875 75.125 0.0088488
23.875 75.375 -0.013349
23.875 75.625 0.37336
23.875 75.875 0.14342
23.875 76.125 1.041
23.875 76.375 1.2192
23.875 76.625 2.2984
23.875 76.875 1.6166
23.875 77.125 0.55616
23.875 77.375 0.50047
23.875 77.625 0.28187
23.875 77.875 0.76061
23.875 78.125 0.52231
23.875 78.375 -0.0091102
23.875 78.625 -0.073803
23.875 78.875 0.36497
23.875 79.125 -0.19069
23.875 79.375 -0.089805
23.875 79.625 0.41567
23.875 79.875 0.35189
23.875 80.125 0.021995
23.875 80.375 -0.21818
23.875 80.625 0.33454
23.875 80.875 0.14355
23.875 81.125 0.076819
23.875 81.375 0.65229
23.875 81.625 0.63918
23.875 81.875 0.82249
23.875 82.125 1.1761
23.875 82.375 1.3761
23.875 82.625 1.0313
23.875 82.875 0.69965
23.875 83.125 0.41615
23.875 83.375 -0.22633
23.875 83.625 0.43792
23.875 83.875 1.3437
23.875 84.125 2.0175
23.875 84.375 1.0008
23.875 84.625 0.62265
23.875 84.875 0.054399
23.875 85.125 -0.22196
23.875 85.375 0.76245
23.875 85.625 0.33429
23.875 85.875 0.68341
23.875 86.125 0.60017
23.875 86.375 1.8748
23.875 86.625 1.3902
23.875 86.875 1.4466
23.875 87.125 0.96388
23.875 87.375 0.85117
23.875 87.625 0.41395
23.875 87.875 0.47393
23.875 88.125 0.31428
23.875 88.375 -0.21379
23.875 91.375 -0.61148
23.875 91.625 -0.92924
23.875 91.875 0.17326
23.875 92.125 0.07742
23.875 92.375 -0.40798
23.875 92.625 -0.07765
23.875 92.875 -1.0606
23.875 93.125 -0.86316
23.875 93.375 -0.49453
24.125 68.875 0.13925
24.125 69.125 0.19693
24.125 69.375 0.44097
24.125 69.625 0.51002
24.125 69.875 -0.15282
24.125 70.125 -0.39441
24.125 70.375 -0.41365
24.125 70.625 -0.32425
24.125 70.875 -0.33217
24.125 71.125 -0.45224
24.125 71.375 -0.19418
24.125 71.625 0.11042
24.125 71.875 0.64294
24.125 72.125 1.1747
24.125 72.375 1.1067
24.125 72.625 1.3628
24.125 72.875 0.86224
24.125 73.125 1.1733
24.125 73.375 0.78309
24.125 73.625 0.46242
24.125 73.875 0.085036
24.125 74.125 -0.00087016
24.125 74.375 0.30564
24.125 74.625 -0.16647
24.125 74.875 -0.41973
24.125 75.125 -0.44252
24.125 75.375 0.01866
24.125 75.625 -0.095905
24.125 75.875 0.12748
24.125 76.125 0.84073
24.125 76.375 1.206
24.125 76.625 1.4211
24.125 76.875 1.7115
24.125 77.125 1.3367
24.125 77.375 0.89785
24.125 77.625 1.1223
24.125 77.875 0.84572
24.125 78.125 0.32505
24.125 78.375 0.39775
24.125 78.625 0.077417
24.125 78.875 -0.14368
24.125 79.125 -0.16871
24.125 79.375 0.0030467
24.125 79.625 -0.46016
24.125 79.875 0.40287
24.125 80.125 -0.38413
24.125 80.375 -0.15365
24.125 80.625 0.019256
24.125 80.875 0.04905
24.125 81.125 0.11503
24.125 81.375 0.88928
24.125 81.625 0.97745
24.125 81.875 0.61877
24.125 82.125 1.2657
24.125 82.375 1.456
24.125 82.625 0.42142
24.125 82.875 -0.10852
24.125 83.125 0.20983
24.125 83.375 -0.83376
24.125 83.625 -0.22654
24.125 83.875 0.91975
24.125 84.125 1.5022
24.125 84.375 1.1016
24.125 84.625 0.57858
24.125 84.875 0.19523
24.125 85.125 -0.29009
24.125 85.375 0.21822
24.125 85.625 -0.054206
24.125 85.875 0.34766
24.125 86.125 0.045615
24.125 86.375 -0.30703
24.125 86.625 0.26044
24.125 86.875 0.62174
24.125 87.125 0.24227
24.125 87.375 0.36853
24.125 87.625 0.29399
24.125 87.875 0.54711
24.125 88.125 0.30243
24.125 88.375 0.15613
24.125 91.875 -0.654
24.125 92.125 -0.3356
24.125 92.375 -0.82036
24.125 92.625 -0.31042
24.125 92.875 -0.98475
24.125 93.125 -0.97546
24.125 93.375 0.070949
24.125 93.625 0.025026
24.125 93.875 0.071367
24.125 94.125 NaN
24.375 71.375 -0.11042
24.375 71.625 0.29206
24.375 71.875 0.63982
24.375 72.125 0.88607
24.375 72.375 0.22991
24.375 72.625 0.40932
24.375 72.875 0.38916
24.375 73.125 0.75693
24.375 73.375 0.98236
24.375 73.625 0.54141
24.375 73.875 0.073276
24.375 74.125 -0.38487
24.375 74.375 0.48756
24.375 74.625 0.96808
24.375 74.875 0.57949
24.375 75.125 0.24377
24.375 75.375 1.3166
24.375 75.625 1.7556
24.375 75.875 1.2589
24.375 76.125 1.0379
24.375 76.375 1.6803
24.375 76.625 1.9805
24.375 76.875 1.6634
24.375 77.125 1.5397
24.375 77.375 1.7758
24.375 77.625 2.1929
24.375 77.875 2.0324
24.375 78.125 1.0725
24.375 78.375 1.3772
24.375 78.625 0.36502
24.375 78.875 0.83991
24.375 79.125 1.2887
24.375 79.375 1.0132
24.375 79.625 0.59529
24.375 79.875 0.32865
24.375 80.125 -0.51529
24.375 80.375 0.22555
24.375 80.625 0.33331
24.375 80.875 0.60891
24.375 81.125 0.86586
24.375 81.375 0.9942
24.375 81.625 1.2072
24.375 81.875 1.099
24.375 82.125 1.4224
24.375 82.375 1.2688
24.375 82.625 0.90497
24.375 82.875 0.87193
24.375 83.125 0.30417
24.375 83.375 0.17031
24.375 83.625 0.52986
24.375 83.875 0.50869
24.375 84.125 0.37783
24.375 84.375 1.1519
24.375 84.625 0.65164
24.375 84.875 0.17872
24.375 85.125 0.46197
24.375 85.375 0.42318
24.375 85.625 0.26099
24.375 85.875 -0.51194
24.375 86.125 -0.48514
24.375 86.375 -0.42677
24.375 86.625 0.18415
24.375 86.875 -0.16968
24.375 87.125 -0.42251
24.375 87.375 1.0184
24.375 87.625 -0.39655
24.375 87.875 -0.032153
24.375 88.125 0.0097866
24.375 92.375 -1.7791
24.375 92.625 -1.2538
24.375 92.875 -1.0286
24.375 93.125 -0.81917
24.375 93.375 0.035427
24.375 93.625 -0.0052377
24.375 93.875 0.10814
24.375 94.125 0.39546
24.625 71.125 -0.22859
24.625 71.375 0.11277
24.625 71.625 0.34003
24.625 71.875 0.88789
24.625 72.125 0.42815
24.625 72.375 0.1263
24.625 72.625 0.56094
24.625 72.875 0.37759
24.625 73.125 0.71357
24.625 73.375 1.0387
24.625 73.625 0.6973
24.625 73.875 0.3389
24.625 74.125 0.086053
24.625 74.375 0.74318
24.625 74.625 1.381
24.625 74.875 0.73175
24.625 75.125 1.0239
24.625 75.375 1.9715
24.625 75.625 1.8545
24.625 75.875 1.2316
24.625 76.125 1.901
24.625 76.375 2.6638
24.625 76.625 2.3724
24.625 76.875 1.8853
24.625 77.125 1.9157
24.625 77.375 2.3689
24.625 77.625 2.0943
24.625 77.875 2.4388
24.625 78.125 1.0553
24.625 78.375 1.6156
24.625 78.625 0.93503
24.625 78.875 1.378
24.625 79.125 1.7034
24.625 79.375 1.606
24.625 79.625 0.96379
24.625 79.875 0.61599
24.625 80.125 0.45261
24.625 80.375 0.68745
24.625 80.625 0.69811
24.625 80.875 -0.46634
24.625 81.125 -0.26633
24.625 81.375 1.6579
24.625 81.625 2.0157
24.625 81.875 1.7494
24.625 82.125 0.22666
24.625 82.375 0.74188
24.625 82.625 0.91806
24.625 82.875 1.0218
24.625 83.125 0.1731
24.625 83.375 -0.017176
24.625 83.625 0.19512
24.625 83.875 0.18916
24.625 84.125 0.17115
24.625 84.375 0.29466
24.625 84.625 -0.0018994
24.625 84.875 -0.20683
24.625 85.125 -0.088748
24.625 85.375 0.33459
24.625 85.625 -0.15941
24.625 85.875 -0.92339
24.625 86.125 -0.059296
24.625 86.375 0.092597
24.625 86.625 0.34435
24.625 86.875 -0.03813
24.625 87.125 0.114
24.625 87.375 0.31037
24.625 87.625 -0.33296
24.625 87.875 -0.42754
24.625 92.375 -1.3827
24.625 92.625 -1.4322
24.625 92.875 -1.0991
24.625 93.125 0.04032
24.625 93.375 0.07786
24.625 93.625 -0.031983
24.625 93.875 0.34493
24.625 94.125 0.52227
24.625 94.375 NaN
24.875 71.125 -0.25594
24.875 71.375 -0.35376
24.875 71.625 -0.066238
24.875 71.875 0.30004
24.875 72.125 0.33579
24.875 72.375 0.23535
24.875 72.625 0.52822
24.875 72.875 0.60525
24.875 73.125 0.753
24.875 73.375 1.1404
24.875 73.625 0.89955
24.875 73.875 0.16166
24.875 74.125 -0.14358
24.875 74.375 0.7649
24.875 74.625 0.95985
24.875 74.875 0.58239
24.875 75.125 1.5895
24.875 75.375 1.1957
24.875 75.625 1.1088
24.875 75.875 2.0178
24.875 76.125 2.1685
24.875 76.375 3.3343
24.875 76.625 3.2857
24.875 76.875 2.6167
24.875 77.125 2.5685
24.875 77.375 2.892
24.875 77.625 2.3938
24.875 77.875 1.7071
24.875 78.125 1.8134
24.875 78.375 2.6479
24.875 78.625 1.2906
24.875 78.875 3.0055
24.875 79.125 2.1064
24.875 79.375 1.7576
24.875 79.625 1.6743
24.875 79.875 0.83703
24.875 80.125 0.7463
24.875 80.375 1.3613
24.875 80.625 1.3487
24.875 80.875 -0.12766
24.875 81.125 -0.84841
24.875 81.375 -0.38741
24.875 81.625 0.53349
24.875 81.875 -0.07103
24.875 82.125 -0.4529
24.875 82.375 -0.20517
24.875 82.625 1.7033
24.875 82.875 -0.48797
24.875 83.125 -0.58672
24.875 83.375 -0.50481
24.875 83.625 -0.34952
24.875 83.875 -0.14217
24.875 84.125 -0.72348
24.875 84.375 -1.4881
24.875 84.625 -0.91892
24.875 84.875 -0.40274
24.875 85.125 0.45879
24.875 85.375 -0.36266
24.875 85.625 -0.24617
24.875 85.875 0.36915
24.875 86.125 -0.24414
24.875 86.375 0.12739
24.875 86.625 0.2401
24.875 86.875 -0.68869
24.875 87.125 -0.14721
24.875 87.375 0.38155
24.875 87.625 -0.28064
24.875 87.875 -0.20695
24.875 88.125 0.13395
24.875 92.625 -0.84882
24.875 92.875 -0.43244
24.875 93.125 0.21236
24.875 93.375 -0.0099014
24.875 93.625 0.3177
24.875 93.875 0.34741
24.875 94.125 0.37538
24.875 94.375 0.35377
25.125 71.125 -0.23625
25.125 71.375 -0.38155
25.125 71.625 -0.245
25.125 71.875 0.27697
25.125 72.125 0.75886
25.125 72.375 1.912
25.125 72.625 1.4326
25.125 72.875 0.83578
25.125 73.125 1.0421
25.125 73.375 1.3788
25.125 73.625 1.4971
25.125 73.875 0.45951
25.125 74.125 0.20121
25.125 74.375 1.0563
25.125 74.625 1.7662
25.125 74.875 1.9281
25.125 75.125 3.1571
25.125 75.375 1.5952
25.125 75.625 2.6621
25.125 75.875 1.8431
25.125 76.125 2.7415
25.125 76.375 3.3182
25.125 76.625 2.9457
25.125 76.875 2.4098
25.125 77.125 2.3315
25.125 77.375 2.1974
25.125 77.625 2.6005
25.125 77.875 2.7227
25.125 78.125 2.6822
25.125 78.375 1.9693
25.125 78.625 0.90399
25.125 78.875 0.78618
25.125 79.125 1.4509
25.125 79.375 0.91895
25.125 79.625 0.88268
25.125 79.875 1.9052
25.125 80.125 0.87861
25.125 80.375 1.9799
25.125 80.625 1.664
25.125 80.875 0.5482
25.125 81.125 -0.73871
25.125 81.375 0.14189
25.125 81.625 -0.71293
25.125 81.875 -0.25148
25.125 82.125 0.72843
25.125 82.375 1.2373
25.125 82.625 0.94411
25.125 82.875 -1.1073
25.125 83.125 -0.74164
25.125 83.375 -0.78785
25.125 83.625 -0.6165
25.125 83.875 -0.76072
25.125 84.125 -0.64029
25.125 84.375 -0.80768
25.125 84.625 -0.47022
25.125 84.875 -0.63156
25.125 85.125 0.85085
25.125 85.375 0.95137
25.125 85.625 -0.31255
25.125 85.875 0.48893
25.125 86.125 -0.84064
25.125 86.375 -0.32541
25.125 86.625 -0.49027
25.125 86.875 -1.0111
25.125 87.125 -0.54949
25.125 87.375 0.0055138
25.125 87.625 -0.16481
25.125 87.875 -0.48258
25.125 88.125 -0.14662
25.125 88.375 -0.061056
25.125 92.375 -1.5263
25.125 92.625 -1.2347
25.125 92.875 -0.18904
25.125 93.125 0.15649
25.125 93.375 0.039124
25.125 93.625 0.024655
25.125 93.875 -0.16822
25.125 94.125 -0.15411
25.125 94.375 -0.13159
25.375 70.875 0.056976
25.375 71.125 0.2303
25.375 71.375 0.30567
25.375 71.625 1.0561
25.375 71.875 1.1054
25.375 72.125 1.3943
25.375 72.375 1.916
25.375 72.625 1.5706
25.375 72.875 1.5276
25.375 73.125 1.6958
25.375 73.375 1.8268
25.375 73.625 1.9938
25.375 73.875 0.71394
25.375 74.125 0.76196
25.375 74.375 0.96341
25.375 74.625 1.6507
25.375 74.875 2.1503
25.375 75.125 2.2464
25.375 75.375 2.1491
25.375 75.625 3.2419
25.375 75.875 2.7416
25.375 76.125 3.6349
25.375 76.375 4.4081
25.375 76.625 3.2298
25.375 76.875 2.5506
25.375 77.125 2.6428
25.375 77.375 2.3615
25.375 77.625 3.7015
25.375 77.875 3.2718
25.375 78.125 2.6719
25.375 78.375 2.3481
25.375 78.625 -0.32943
25.375 78.875 -0.42404
25.375 79.125 0.12977
25.375 79.375 1.2587
25.375 79.625 1.0325
25.375 79.875 1.2565
25.375 80.125 0.95331
25.375 80.375 1.0734
25.375 80.625 1.056
25.375 80.875 -0.64915
25.375 81.125 -0.56851
25.375 81.375 0.44657
25.375 81.625 0.059519
25.375 81.875 -1.2498
25.375 82.125 -0.80968
25.375 82.375 0.082507
25.375 82.625 -0.045623
25.375 82.875 -1.0915
25.375 83.125 -0.81678
25.375 83.375 -0.16501
25.375 83.625 -0.45738
25.375 83.875 -0.65399
25.375 84.125 -0.54953
25.375 84.375 -0.72038
25.375 84.625 -0.34526
25.375 84.875 -0.010997
25.375 85.125 -0.28226
25.375 85.375 0.15381
25.375 85.625 0.30723
25.375 85.875 0.60598
25.375 86.125 0.72178
25.375 86.375 0.065775
25.375 86.625 -0.76186
25.375 86.875 -1.0881
25.375 87.125 -0.86275
25.375 87.375 -0.62724
25.375 87.625 -0.45407
25.375 87.875 -0.63937
25.375 88.125 -0.27343
25.375 88.375 -0.33559
25.375 88.625 -0.73119
25.375 90.125 -0.020518
25.375 90.375 -0.13954
25.375 90.625 -0.22713
25.375 90.875 -0.28443
25.375 91.125 -0.0379
25.375 91.375 -0.1011
25.375 91.625 -0.58915
25.375 91.875 -0.71352
25.375 92.125 -1.1601
25.375 92.375 -1.4442
25.375 92.625 -1.1591
25.375 92.875 -0.20274
25.375 93.125 -0.54288
25.375 93.375 -0.388
25.375 93.625 0.10943
25.375 93.875 -0.314
25.375 94.125 -0.1976
25.375 94.375 0.033395
25.625 70.875 0.056745
25.625 71.125 0.39761
25.625 71.375 0.47664
25.625 71.625 0.88439
25.625 71.875 1.6293
25.625 72.125 1.3143
25.625 72.375 1.4923
25.625 72.625 0.74062
25.625 72.875 1.124
25.625 73.125 2.0258
25.625 73.375 1.8959
25.625 73.625 1.6935
25.625 73.875 1.1922
25.625 74.125 1.1069
25.625 74.375 1.6431
25.625 74.625 1.8947
25.625 74.875 2.528
25.625 75.125 2.3131
25.625 75.375 3.4616
25.625 75.625 4.3075
25.625 75.875 3.9739
25.625 76.125 3.6781
25.625 76.375 4.0916
25.625 76.625 3.3731
25.625 76.875 2.1378
25.625 77.125 2.3286
25.625 77.375 3.1973
25.625 77.625 3.831
25.625 77.875 2.668
25.625 78.125 1.9095
25.625 78.375 0.62565
25.625 78.625 -0.14723
25.625 78.875 -0.50407
25.625 79.125 0.82687
25.625 79.375 1.5839
25.625 79.625 1.5619
25.625 79.875 1.1983
25.625 80.125 1.1885
25.625 80.375 0.55351
25.625 80.625 -0.90947
25.625 80.875 -1.0126
25.625 81.125 -0.51179
25.625 81.375 -0.43801
25.625 81.625 -0.16188
25.625 81.875 0.15717
25.625 82.125 -0.99132
25.625 82.375 0.96147
25.625 82.625 -0.71861
25.625 82.875 -1.5274
25.625 83.125 -0.85755
25.625 83.375 -0.91894
25.625 83.625 -0.08241
25.625 83.875 -0.45923
25.625 84.125 -1.4781
25.625 84.375 -1.4673
25.625 84.625 -0.20312
25.625 84.875 -0.44609
25.625 85.125 -0.97451
25.625 85.375 -0.91927
25.625 85.625 0.04564
25.625 85.875 -0.51784
25.625 86.125 -1.1918
25.625 86.375 -1.4917
25.625 86.625 -1.7629
25.625 86.875 -1.129
25.625 87.125 -0.8142
25.625 87.375 -0.82334
25.625 87.625 -0.88078
25.625 87.875 -0.99717
25.625 88.125 -0.94916
25.625 90.125 -0.051083
25.625 90.375 0.088296
25.625 90.625 -0.2485
25.625 90.875 -0.3333
25.625 91.125 0.46428
25.625 91.375 -0.14792
25.625 91.625 -0.52642
25.625 91.875 -0.62683
25.625 92.125 -1.0583
25.625 92.375 -0.89274
25.625 92.625 -1.0783
25.625 92.875 -1.0052
25.625 93.125 -1.2162
25.625 93.375 -0.94098
25.625 93.625 -0.16047
25.625 93.875 0.045786
25.625 94.125 0.58623
25.625 94.375 0.56471
25.625 94.625 NaN
25.625 94.875 NaN
25.875 70.375 0.23186
25.875 70.625 0.21125
25.875 70.875 0.35939
25.875 71.125 0.47404
25.875 71.375 0.40965
25.875 71.625 0.5026
25.875 71.875 1.6119
25.875 72.125 1.757
25.875 72.375 1.725
25.875 72.625 0.74481
25.875 72.875 0.76276
25.875 73.125 1.8908
25.875 73.375 2.4671
25.875 73.625 2.3221
25.875 73.875 1.9332
25.875 74.125 1.1837
25.875 74.375 1.8564
25.875 74.625 2.489
25.875 74.875 2.1164
25.875 75.125 2.0155
25.875 75.375 2.2393
25.875 75.625 3.2726
25.875 75.875 3.8583
25.875 76.125 3.0883
25.875 76.375 3.1337
25.875 76.625 2.1805
25.875 76.875 1.5507
25.875 77.125 1.7193
25.875 77.375 1.7548
25.875 77.625 2.0086
25.875 77.875 1.813
25.875 78.125 1.8419
25.875 78.375 0.73372
25.875 78.625 0.30291
25.875 78.875 -0.061005
25.875 79.125 0.44238
25.875 79.375 -0.0038717
25.875 79.625 0.034953
25.875 79.875 0.5238
25.875 80.125 0.29707
25.875 80.375 -0.377
25.875 80.625 -0.68854
25.875 80.875 -0.92761
25.875 81.125 -0.78622
25.875 81.375 0.1769
25.875 81.625 0.35169
25.875 81.875 0.47505
25.875 82.125 -0.79744
25.875 82.375 -0.76064
25.875 82.625 -1.2711
25.875 82.875 -0.68093
25.875 83.125 -1.0009
25.875 83.375 -1.5638
25.875 83.625 -0.75552
25.875 83.875 -1.3079
25.875 84.125 -0.67723
25.875 84.375 -1.6211
25.875 84.625 -1.5884
25.875 84.875 -1.2993
25.875 85.125 -1.2376
25.875 85.375 -0.953
25.875 85.625 -0.52529
25.875 85.875 -0.85778
25.875 86.125 -0.7209
25.875 86.375 -1.2412
25.875 86.625 -1.4891
25.875 86.875 -0.90119
25.875 87.125 -0.94951
25.875 87.375 -1.2244
25.875 87.625 -1.4425
25.875 87.875 -1.4631
25.875 90.125 -0.92059
25.875 90.375 -0.8035
25.875 90.625 -0.79442
25.875 90.875 -0.45371
25.875 91.125 -0.74186
25.875 91.375 -0.98732
25.875 91.625 -0.79198
25.875 91.875 -1.1361
25.875 92.125 -0.98577
25.875 92.375 -1.0615
25.875 92.625 -1.0618
25.875 92.875 -1.2623
25.875 93.125 -2.3048
25.875 93.375 -2.0553
25.875 93.625 -0.80056
25.875 93.875 0.3432
25.875 94.125 0.51825
25.875 94.375 0.73455
25.875 94.625 0.45429
25.875 94.875 0.18922
26.125 70.375 0.25424
26.125 70.625 0.30469
26.125 70.875 0.37233
26.125 71.125 0.24755
26.125 71.375 0.37644
26.125 71.625 1.1795
26.125 71.875 1.6446
26.125 72.125 1.5722
26.125 72.375 1.5633
26.125 72.625 1.0003
26.125 72.875 0.82988
26.125 73.125 1.4595
26.125 73.375 2.0273
26.125 73.625 1.611
26.125 73.875 1.7456
26.125 74.125 1.5497
26.125 74.375 2.7404
26.125 74.625 3.0257
26.125 74.875 2.8165
26.125 75.125 3.2432
26.125 75.375 2.7555
26.125 75.625 3.1635
26.125 75.875 2.7486
26.125 76.125 3.3325
26.125 76.375 2.4541
26.125 76.625 1.8002
26.125 76.875 1.6628
26.125 77.125 1.2276
26.125 77.375 1.1347
26.125 77.625 1.9809
26.125 77.875 2.8325
26.125 78.125 1.7886
26.125 78.375 1.6459
26.125 78.625 1.1897
26.125 78.875 0.32038
26.125 79.125 0.48588
26.125 79.375 0.27087
26.125 79.625 -0.63051
26.125 79.875 -0.44634
26.125 80.125 0.76203
26.125 80.375 0.46029
26.125 80.625 -0.84876
26.125 80.875 0.59831
26.125 81.125 0.08368
26.125 81.375 -0.85111
26.125 81.625 -0.062204
26.125 81.875 -0.16841
26.125 82.125 -0.94194
26.125 82.375 -1.0974
26.125 82.625 -1.1797
26.125 82.875 -1.0806
26.125 83.125 -1.0969
26.125 83.375 -1.6881
26.125 83.625 -1.6949
26.125 83.875 -1.1455
26.125 84.125 -0.86557
26.125 84.375 -1.5596
26.125 84.625 -1.3668
26.125 84.875 -1.5453
26.125 85.125 -1.3849
26.125 85.375 -1.5201
26.125 85.625 -1.0415
26.125 85.875 0.46048
26.125 86.125 -1.1267
26.125 86.375 -1.4933
26.125 86.625 -1.5951
26.125 86.875 -1.0335
26.125 87.125 -0.75794
26.125 87.375 -0.74783
26.125 87.625 -1.119
26.125 87.875 -1.2207
26.125 88.125 -1.081
26.125 89.375 -1.3659
26.125 89.875 -0.81585
26.125 90.125 -1.1655
26.125 90.375 -1.3104
26.125 90.625 -1.0959
26.125 90.875 -1.1499
26.125 91.125 -1.6541
26.125 91.375 -1.357
26.125 91.625 -1.858
26.125 91.875 -1.4306
26.125 92.125 -1.0468
26.125 92.375 -0.63846
26.125 92.625 -0.27996
26.125 92.875 -1.3018
26.125 93.125 -2.0159
26.125 93.375 -0.98814
26.125 93.625 -0.52598
26.125 93.875 1.4992
26.125 94.125 1.1901
26.125 94.375 0.58955
26.125 94.625 0.2651
26.125 94.875 0.023581
26.375 70.375 -0.01628
26.375 70.625 0.1243
26.375 70.875 0.18661
26.375 71.125 0.13398
26.375 71.375 0.84797
26.375 71.625 1.9491
26.375 71.875 2.0244
26.375 72.125 1.7041
26.375 72.375 1.5428
26.375 72.625 0.97955
26.375 72.875 0.99742
26.375 73.125 1.4461
26.375 73.375 1.4892
26.375 73.625 1.7936
26.375 73.875 1.8885
26.375 74.125 1.8457
26.375 74.375 2.0521
26.375 74.625 0.50395
26.375 74.875 1.6993
26.375 75.125 2.5144
26.375 75.375 2.3873
26.375 75.625 2.9737
26.375 75.875 2.8161
26.375 76.125 2.5129
26.375 76.375 1.089
26.375 76.625 1.8175
26.375 76.875 2.2754
26.375 77.125 3.3047
26.375 77.375 2.0125
26.375 77.625 2.2894
26.375 77.875 1.5609
26.375 78.125 0.7629
26.375 78.375 0.079842
26.375 78.625 1.2619
26.375 78.875 1.3858
26.375 79.125 1.793
26.375 79.375 -0.65634
26.375 79.625 -0.96747
26.375 79.875 0.62528
26.375 80.125 1.2755
26.375 80.375 -0.38982
26.375 80.625 -0.72613
26.375 80.875 -0.054472
26.375 81.125 -0.50534
26.375 81.375 -1.1827
26.375 81.625 -1.1457
26.375 81.875 -0.74448
26.375 82.125 -1.0418
26.375 82.375 -0.82103
26.375 82.625 -1.1312
26.375 82.875 -0.97177
26.375 83.125 -1.07
26.375 83.375 -1.5748
26.375 83.625 -1.5353
26.375 83.875 -1.6102
26.375 84.125 -1.6387
26.375 84.375 -1.6528
26.375 84.625 -1.844
26.375 84.875 -0.92297
26.375 85.125 -1.5923
26.375 85.375 -1.7328
26.375 85.625 -1.3912
26.375 85.875 -1.27
26.375 86.125 -1.4056
26.375 86.375 -2.1816
26.375 86.625 -2.3074
26.375 86.875 -1.4388
26.375 87.125 -1.2187
26.375 87.625 -1.8987
26.375 87.875 -1.4902
26.375 88.125 -0.96871
26.375 88.375 -1.1516
26.375 88.875 -0.99278
26.375 89.375 -0.6662
26.375 89.625 -0.59937
26.375 89.875 -0.79429
26.375 90.125 -0.96433
26.375 90.375 -1.0937
26.375 90.625 -1.847
26.375 90.875 -1.5529
26.375 91.125 -2.3005
26.375 91.375 -1.6594
26.375 91.625 -1.2796
26.375 91.875 -1.0603
26.375 92.125 -0.5936
26.375 92.375 0.21024
26.375 92.625 0.089866
26.375 92.875 -0.73661
26.375 93.125 -1.1165
26.375 93.375 -1.0283
26.375 93.625 -0.58224
26.375 93.875 0.57944
26.375 94.125 0.64082
26.375 94.375 0.041806
26.375 94.625 -0.041879
26.375 94.875 -0.37373
26.625 69.875 -0.1095
26.625 70.125 -0.16877
26.625 70.375 -0.24915
26.625 70.625 0.035846
26.625 70.875 0.13324
26.625 71.125 0.1212
26.625 71.375 1.6474
26.625 71.625 2.2015
26.625 71.875 2.0707
26.625 72.125 1.1456
26.625 72.375 0.88912
26.625 72.625 0.98773
26.625 72.875 1.3511
26.625 73.125 1.9183
26.625 73.375 1.4783
26.625 73.625 1.8135
26.625 73.875 1.8915
26.625 74.125 1.71
26.625 74.375 2.5809
26.625 74.625 1.7527
26.625 74.875 2.2237
26.625 75.125 1.7584
26.625 75.375 1.9753
26.625 75.625 1.9539
26.625 75.875 1.8295
26.625 76.125 3.6263
26.625 76.375 2.621
26.625 76.625 1.762
26.625 76.875 1.2326
26.625 77.125 1.6347
26.625 77.375 2.1257
26.625 77.625 2.8263
26.625 77.875 1.0279
26.625 78.125 1.1419
26.625 78.375 0.54236
26.625 78.625 1.4623
26.625 78.875 0.14524
26.625 79.125 -0.80387
26.625 79.375 -0.27209
26.625 79.625 -0.0020378
26.625 79.875 0.037911
26.625 80.125 -0.17999
26.625 80.375 0.31373
26.625 80.625 -0.46658
26.625 80.875 0.1959
26.625 81.125 0.23815
26.625 81.375 -0.15917
26.625 81.625 -0.7771
26.625 81.875 0.68571
26.625 82.125 -0.3049
26.625 82.375 -0.3419
26.625 82.625 -1.5351
26.625 82.875 -1.1166
26.625 83.125 -0.94825
26.625 83.375 -1.367
26.625 83.625 -1.5638
26.625 83.875 -1.8546
26.625 84.125 -1.5434
26.625 84.375 -1.6771
26.625 84.625 -2.0455
26.625 84.875 -1.6534
26.625 85.125 -1.3418
26.625 85.375 -1.7499
26.625 85.625 -1.602
26.625 86.125 -1.8186
26.625 88.375 -0.42867
26.625 88.625 -0.13941
26.625 88.875 -1.3071
26.625 89.125 -0.74505
26.625 89.375 -0.53985
26.625 89.625 -0.48332
26.625 89.875 -1.1047
26.625 90.125 -1.3564
26.625 90.375 -1.1988
26.625 90.625 -1.9966
26.625 90.875 -1.8186
26.625 91.125 -1.6351
26.625 91.375 -0.80758
26.625 91.625 -1.0729
26.625 91.875 -0.81538
26.625 92.125 -0.675
26.625 92.375 -0.31643
26.625 92.625 -0.53633
26.625 92.875 0.058335
26.625 93.125 -0.92985
26.625 93.375 -1.4414
26.625 93.625 -0.87149
26.625 93.875 -0.13066
26.625 94.125 -1.834
26.625 94.375 -1.2254
26.625 94.625 -0.5339
26.625 94.875 -0.86761
26.625 95.125 -0.67262
26.875 69.625 -0.040285
26.875 69.875 -0.020084
26.875 70.125 -0.07704
26.875 70.375 -0.16029
26.875 70.625 0.014006
26.875 70.875 0.048163
26.875 71.125 0.2832
26.875 71.375 1.4954
26.875 71.625 2.0716
26.875 71.875 1.7995
26.875 72.125 0.55368
26.875 72.375 0.53466
26.875 72.625 0.84766
26.875 72.875 1.9002
26.875 73.125 1.6427
26.875 73.375 1.4674
26.875 73.625 1.5061
26.875 73.875 1.3478
26.875 74.125 1.5239
26.875 74.375 2.6261
26.875 74.625 2.3823
26.875 74.875 2.0332
26.875 75.125 1.9009
26.875 75.375 2.3244
26.875 75.625 0.50615
26.875 75.875 2.5229
26.875 76.125 3.6766
26.875 76.375 1.8984
26.875 76.625 2.404
26.875 76.875 1.1086
26.875 77.125 0.83114
26.875 77.375 -0.034423
26.875 77.625 1.9415
26.875 77.875 0.68912
26.875 78.125 -0.17244
26.875 78.375 0.24856
26.875 78.625 1.3919
26.875 78.875 0.10687
26.875 79.125 0.49576
26.875 79.375 0.53038
26.875 79.625 0.48442
26.875 79.875 0.18213
26.875 80.125 0.26252
26.875 80.375 0.48937
26.875 80.625 0.030247
26.875 80.875 0.50763
26.875 81.125 -0.32114
26.875 81.375 -0.38743
26.875 81.625 -1.2221
26.875 81.875 -0.78076
26.875 82.125 -0.42127
26.875 82.375 -1.4857
26.875 82.625 -1.8013
26.875 82.875 -1.4853
26.875 83.125 -1.1767
26.875 83.375 -1.7831
26.875 83.625 -1.6552
26.875 83.875 -1.6959
26.875 84.125 -1.5769
26.875 84.375 -1.4891
26.875 84.625 -1.6747
26.875 84.875 -1.6213
26.875 88.375 -0.23845
26.875 88.625 -0.46652
26.875 88.875 -0.9102
26.875 92.375 -1.2322
26.875 92.625 -0.81531
26.875 92.875 0.17156
26.875 93.125 0.32818
26.875 93.375 -1.4404
26.875 93.625 -0.53802
26.875 93.875 -0.13672
26.875 94.125 -2.6337
26.875 94.375 -0.33567
26.875 94.625 -0.51799
26.875 94.875 -1.7514
26.875 95.125 -1.6058
26.875 95.375 -1.64
26.875 95.625 -1.1757
27.125 69.875 0.030786
27.125 70.125 0.098718
27.125 70.375 0.073107
27.125 70.625 -0.05667
27.125 70.875 0.064444
27.125 71.125 0.54947
27.125 71.375 1.0675
27.125 71.625 1.1118
27.125 71.875 0.57684
27.125 72.125 0.28574
27.125 72.375 0.26945
27.125 72.625 0.7199
27.125 72.875 1.3054
27.125 73.125 1.4619
27.125 73.375 1.4067
27.125 73.625 1.4021
27.125 73.875 1.0164
27.125 74.125 1.2777
27.125 74.375 1.9111
27.125 74.625 2.4732
27.125 74.875 1.381
27.125 75.125 1.6281
27.125 75.375 2.9272
27.125 75.625 2.2843
27.125 75.875 1.4655
27.125 76.125 0.6499
27.125 76.375 0.93419
27.125 76.625 0.83696
27.125 76.875 0.19404
27.125 77.125 1.5115
27.125 77.375 0.38334
27.125 77.625 1.1917
27.125 77.875 0.41035
27.125 78.125 1.0319
27.125 78.375 1.5651
27.125 78.625 -0.41197
27.125 78.875 -0.31748
27.125 79.125 0.72066
27.125 79.375 -0.29332
27.125 79.625 -0.19035
27.125 79.875 -0.10428
27.125 80.125 -0.0014384
27.125 80.375 0.022691
27.125 80.625 -0.46242
27.125 80.875 1.3751
27.125 81.125 -0.29179
27.125 81.375 -0.41098
27.125 81.625 -0.49218
27.125 81.875 -0.94505
27.125 82.125 -0.84732
27.125 82.375 -1.4449
27.125 82.625 -0.65743
27.125 82.875 -0.7919
27.125 83.125 -1.0797
27.125 83.375 -0.84069
27.125 83.625 -0.79728
27.125 83.875 -1.1333
27.125 84.125 -1.4852
27.125 84.375 -1.5177
27.125 84.625 -1.6389
27.125 88.125 -0.17188
27.125 88.375 -0.062181
27.125 88.625 -0.014192
27.125 92.125 -1.3532
27.125 92.375 -1.0497
27.125 92.625 -0.92585
27.125 92.875 -0.32299
27.125 93.125 -0.14228
27.125 93.375 0.026553
27.125 93.625 0.058011
27.125 93.875 0.41703
27.125 94.125 0.21009
27.125 94.375 0.30237
27.125 94.625 -0.82226
27.125 94.875 -1.4086
27.125 95.125 -2.379
27.125 95.375 -1.888
27.125 95.625 -1.3385
27.125 95.875 -1.1035
27.375 70.125 0.08132
27.375 70.375 0.14764
27.375 70.625 0.077906
27.375 70.875 0.17012
27.375 71.125 0.85578
27.375 71.375 0.84877
27.375 71.625 0.85204
27.375 71.875 0.13604
27.375 72.125 -0.17025
27.375 72.375 0.022694
27.375 72.625 0.062215
27.375 72.875 0.72467
27.375 73.125 1.2529
27.375 73.375 1.3486
27.375 73.625 1.4636
27.375 73.875 1.8333
27.375 74.125 1.8103
27.375 74.375 1.652
27.375 74.625 1.9401
27.375 74.875 1.8608
27.375 75.125 2.0626
27.375 75.375 2.3017
27.375 75.625 2.5009
27.375 75.875 0.71384
27.375 76.125 0.53459
27.375 76.375 1.7832
27.375 76.625 0.97896
27.375 76.875 1.734
27.375 77.125 0.99504
27.375 77.375 0.027643
27.375 77.625 1.3688
27.375 77.875 1.845
27.375 78.125 1.9456
27.375 78.375 1.5714
27.375 78.625 0.4481
27.375 78.875 0.88554
27.375 79.125 -0.58539
27.375 79.375 -0.6495
27.375 79.625 -0.54499
27.375 79.875 -0.1121
27.375 80.125 -0.57259
27.375 80.375 -0.86869
27.375 80.625 -0.88492
27.375 80.875 -1.2202
27.375 81.125 -1.0878
27.375 81.375 -1.0618
27.375 81.625 -2.323
27.375 81.875 -1.2565
27.375 82.125 -0.7747
27.375 82.375 -1.0203
27.375 82.625 -0.56326
27.375 82.875 -1.1569
27.375 83.125 -1.3623
27.375 83.625 -0.85286
27.375 84.125 -1.2366
27.375 84.375 -1.5028
27.375 88.125 0.32697
27.375 88.375 -1.1316
27.375 88.625 -1.5984
27.375 92.125 -1.3535
27.375 92.375 -1.0847
27.375 92.625 -1.0312
27.375 92.875 -1.0409
27.375 93.125 -1.4958
27.375 93.375 -1.7498
27.375 93.625 -0.32553
27.375 93.875 -0.21862
27.375 94.125 0.17213
27.375 94.375 -0.9273
27.375 94.625 -0.46064
27.375 94.875 -1.2015
27.375 95.125 -1.8108
27.375 95.375 -1.7108
27.375 95.625 -1.5413
27.375 95.875 -1.2554
27.375 96.125 -1.251
27.375 96.375 -0.4515
27.375 96.625 0.037826
27.375 96.875 -0.026556
27.625 70.125 0.07187
27.625 70.375 0.087551
27.625 70.625 0.14483
27.625 70.875 0.40832
27.625 71.125 0.88663
27.625 71.375 0.86635
27.625 71.625 0.67108
27.625 71.875 0.17984
27.625 72.125 -0.18787
27.625 72.375 -0.17333
27.625 72.625 0.1777
27.625 72.875 0.44742
27.625 73.125 0.53998
27.625 73.375 1.1399
27.625 73.625 1.5973
27.625 73.875 1.9226
27.625 74.125 2.1896
27.625 74.375 2.1999
27.625 74.625 2.0796
27.625 74.875 1.9718
27.625 75.125 1.0808
27.625 75.375 2.3181
27.625 75.625 2.6553
27.625 75.875 1.935
27.625 76.125 0.51088
27.625 76.375 0.55058
27.625 76.625 1.8188
27.625 76.875 2.0873
27.625 77.125 0.20387
27.625 77.375 0.2314
27.625 77.625 -0.49111
27.625 77.875 1.0234
27.625 78.125 1.6041
27.625 78.375 1.7741
27.625 78.625 0.033382
27.625 78.875 -0.13964
27.625 79.125 -1.0344
27.625 79.375 -1.2542
27.625 79.625 -0.62782
27.625 79.875 0.50651
27.625 80.125 -0.073331
27.625 80.375 -0.21576
27.625 80.625 -0.63471
27.625 80.875 -1.6768
27.625 81.125 -1.1809
27.625 81.375 -0.83338
27.625 81.625 -1.4568
27.625 81.875 -1.5453
27.625 82.125 -1.046
27.625 82.375 -0.98131
27.625 82.625 -0.70364
27.625 88.375 -1.0126
27.625 88.625 -1.1934
27.625 91.625 -1.231
27.625 91.875 -1.2386
27.625 92.125 -1.3643
27.625 92.375 -1.2232
27.625 92.625 -1.3018
27.625 92.875 -1.4203
27.625 93.125 -1.4549
27.625 93.375 -1.6542
27.625 93.625 -1.6243
27.625 93.875 -2.1902
27.625 94.125 -1.5772
27.625 94.375 -0.86398
27.625 94.625 -1.3999
27.625 94.875 -1.7993
27.625 95.125 -1.9262
27.625 95.375 -1.8971
27.625 95.625 -1.6968
27.625 95.875 -1.6543
27.625 96.125 -1.3553
27.625 96.375 -0.48738
27.625 96.625 -0.17872
27.625 96.875 -0.043066
27.875 70.375 0.069967
27.875 71.875 0.15864
27.875 72.125 -0.15602
27.875 72.375 -0.12794
27.875 72.625 0.35036
27.875 72.875 0.45814
27.875 73.125 0.57939
27.875 73.375 1.0168
27.875 73.625 1.2926
27.875 73.875 1.218
27.875 74.125 1.8219
27.875 74.375 1.4694
27.875 74.625 1.6283
27.875 74.875 1.5695
27.875 75.125 1.0657
27.875 75.375 1.5951
27.875 75.625 1.2716
27.875 75.875 1.7391
27.875 76.125 0.71781
27.875 76.375 0.79696
27.875 76.625 0.88135
27.875 76.875 1.1027
27.875 77.125 0.853
27.875 77.375 0.17894
27.875 77.625 -0.21144
27.875 77.875 1.1521
27.875 78.125 1.5293
27.875 78.375 0.47739
27.875 78.625 0.55264
27.875 78.875 0.71617
27.875 79.125 -0.35742
27.875 79.375 -0.24708
27.875 79.625 -0.058409
27.875 79.875 1.061
27.875 80.125 1.1754
27.875 80.375 1.0554
27.875 80.625 -0.7851
27.875 80.875 -1.6083
27.875 81.125 -1.4139
27.875 81.375 -0.95368
27.875 81.625 -0.84153
27.875 88.375 NaN
27.875 88.625 NaN
27.875 92.875 -2.0302
27.875 93.125 -1.9977
27.875 93.375 -1.977
27.875 93.625 -2.1899
27.875 93.875 -2.7176
27.875 94.125 -1.8778
27.875 94.375 -1.3187
27.875 94.625 -1.3045
27.875 94.875 -1.2167
27.875 95.125 -0.93552
27.875 95.375 -1.5182
27.875 95.625 -1.6501
27.875 95.875 -1.9821
27.875 96.125 -1.0471
27.875 96.375 -0.78084
27.875 96.625 -0.18044
27.875 96.875 -0.087368
27.875 97.125 -0.093849
28.125 72.125 -0.031717
28.125 72.375 0.098229
28.125 72.625 0.45552
28.125 72.875 0.85867
28.125 73.125 1.1967
28.125 73.375 1.3834
28.125 73.625 1.2701
28.125 73.875 1.0331
28.125 74.125 0.89252
28.125 74.375 1.2628
28.125 74.625 2.5885
28.125 74.875 2.4058
28.125 75.125 1.1796
28.125 75.375 2.1585
28.125 75.625 0.92463
28.125 75.875 2.1608
28.125 76.125 2.8366
28.125 76.375 1.7207
28.125 76.625 2.1798
28.125 76.875 2.3115
28.125 77.125 1.1387
28.125 77.375 0.31484
28.125 77.625 0.048247
28.125 77.875 0.59448
28.125 78.125 2.713
28.125 78.375 0.97367
28.125 78.625 -0.14975
28.125 78.875 0.33959
28.125 79.125 0.26911
28.125 79.375 -0.82689
28.125 79.625 -1.0661
28.125 79.875 0.21467
28.125 80.125 0.81548
28.125 80.375 1.3469
28.125 80.625 1.418
28.125 80.875 -0.54429
28.125 81.125 -1.9311
28.125 81.375 -1.0126
28.125 92.875 -2.2503
28.125 93.125 -2.3356
28.125 93.375 -2.3405
28.125 93.625 -2.0886
28.125 93.875 -2.3444
28.125 94.125 -1.8617
28.125 94.375 -1.2038
28.125 94.625 -0.98312
28.125 94.875 -1.1859
28.125 95.125 -0.86856
28.125 95.375 -0.97845
28.125 95.625 -1.7011
28.125 95.875 -1.6858
28.125 96.125 -1.0208
28.125 96.375 -0.36626
28.125 96.625 -0.2572
28.125 96.875 -0.14472
28.125 97.125 0.19892
28.375 72.375 -0.051283
28.375 72.625 -0.047526
28.375 72.875 0.2617
28.375 73.125 0.88149
28.375 73.375 1.1501
28.375 73.625 1.2218
28.375 73.875 0.95488
28.375 74.125 0.64988
28.375 74.375 0.8058
28.375 74.625 1.9887
28.375 74.875 1.7461
28.375 75.125 1.2873
28.375 75.375 1.2708
28.375 75.625 1.3477
28.375 75.875 2.0497
28.375 76.125 1.6081
28.375 76.375 1.8765
28.375 76.625 1.7493
28.375 76.875 1.4527
28.375 77.125 0.38497
28.375 77.375 -0.29134
28.375 77.625 0.23094
28.375 77.875 -0.18483
28.375 78.125 1.6407
28.375 78.375 0.5995
28.375 78.625 -0.50117
28.375 78.875 -0.20156
28.375 79.125 0.63054
28.375 79.375 0.23325
28.375 79.625 -0.6866
28.375 79.875 -0.14015
28.375 80.125 0.28329
28.375 80.375 0.47478
28.375 80.625 0.81164
28.375 80.875 -0.024551
28.375 81.125 -0.60375
28.375 93.375 -2.4629
28.375 93.625 -1.8171
28.375 93.875 -1.3642
28.375 94.125 -1.3553
28.375 94.375 -1.0014
28.375 94.625 -0.7009
28.375 94.875 -0.69591
28.375 95.125 -0.69113
28.375 95.375 -0.9605
28.375 95.625 -0.88446
28.375 95.875 -0.70945
28.375 96.125 -1.0489
28.375 96.625 -0.31643
28.625 72.375 0.13104
28.625 72.625 0.36656
28.625 72.875 0.50077
28.625 73.125 0.75785
28.625 73.375 1.3921
28.625 73.625 1.6357
28.625 73.875 1.1614
28.625 74.125 0.88096
28.625 74.375 1.251
28.625 74.625 1.6901
28.625 74.875 1.4285
28.625 75.125 1.1814
28.625 75.375 0.38959
28.625 75.625 -0.49261
28.625 75.875 -0.05968
28.625 76.125 1.4028
28.625 76.375 1.4996
28.625 76.625 2.0617
28.625 76.875 0.9571
28.625 77.125 -0.54125
28.625 77.375 -0.69315
28.625 77.625 -0.84396
28.625 77.875 -0.89728
28.625 78.125 0.27763
28.625 78.375 0.57028
28.625 78.625 -0.41729
28.625 78.875 -0.2352
28.625 79.125 1.2797
28.625 79.375 0.30814
28.625 79.625 1.1302
28.625 79.875 0.76232
28.625 80.125 0.9022
28.625 80.375 0.92169
28.625 80.625 0.49205
28.625 93.625 -1.3166
28.625 93.875 NaN
28.625 94.125 -0.94486
28.625 94.375 -1.4383
28.625 94.625 -0.67246
28.625 94.875 -0.59807
28.625 95.125 -0.422
28.625 95.375 -0.51276
28.625 95.625 -0.79715
28.625 95.875 -0.86701
28.625 96.125 -0.88249
28.625 96.375 3.9366
28.875 72.875 0.64841
28.875 73.125 1.8669
28.875 73.375 3.4382
28.875 73.625 3.5935
28.875 73.875 3.0623
28.875 74.125 1.9786
28.875 74.375 1.5238
28.875 74.625 1.9338
28.875 74.875 1.92
28.875 75.125 0.96891
28.875 75.375 0.41351
28.875 75.625 0.67605
28.875 75.875 0.72778
28.875 76.125 1.3922
28.875 76.375 1.2084
28.875 76.625 1.0467
28.875 76.875 0.16217
28.875 77.125 0.88537
28.875 77.375 0.68122
28.875 77.625 0.28973
28.875 77.875 0.38108
28.875 78.125 0.2601
28.875 78.375 0.23341
28.875 78.625 -0.14364
28.875 78.875 -0.26919
28.875 79.125 1.9617
28.875 79.375 1.893
28.875 79.625 1.7863
28.875 79.875 1.7075
28.875 94.125 -0.83491
28.875 94.375 -1.0373
28.875 94.625 -0.84968
28.875 94.875 -0.4024
28.875 95.125 -0.17976
28.875 95.375 -0.41252
28.875 95.625 -0.54638
28.875 95.875 -0.67715
28.875 96.125 -0.45914
28.875 96.375 4.1255
29.125 73.125 1.8299
29.125 73.375 3.6547
29.125 73.625 3.5892
29.125 73.875 3.5159
29.125 74.125 1.7425
29.125 74.375 1.9613
29.125 74.625 1.8467
29.125 74.875 1.5458
29.125 75.125 0.55892
29.125 75.375 1.4414
29.125 75.625 1.3879
29.125 75.875 0.73272
29.125 76.125 0.47575
29.125 76.375 -0.051451
29.125 76.625 0.44393
29.125 76.875 0.46505
29.125 77.125 -0.25673
29.125 77.375 0.32532
29.125 77.625 0.94985
29.125 77.875 1.8974
29.125 78.125 1.2366
29.125 78.375 1.3976
29.125 78.625 1.052
29.125 78.875 -0.14117
29.125 79.125 1.6255
29.125 79.375 1.9717
29.125 79.625 0.025228
29.125 79.875 0.61704
29.125 80.125 0.75187
29.125 94.375 -0.70421
29.125 94.625 -0.77878
29.125 94.875 -0.52036
29.125 95.625 -0.14117
29.125 95.875 0.51852
29.125 96.125 3.5899
29.375 73.375 2.3137
29.375 73.625 3.3548
29.375 73.875 3.8714
29.375 74.125 3.575
29.375 74.375 1.2463
29.375 74.625 1.4818
29.375 74.875 1.9676
29.375 75.125 1.282
29.375 75.375 0.75392
29.375 75.625 1.0255
29.375 75.875 -0.19233
29.375 76.125 0.82058
29.375 76.375 0.082535
29.375 76.625 0.51245
29.375 76.875 -0.82145
29.375 77.125 -0.9041
29.375 77.375 0.87886
29.375 77.625 1.8485
29.375 77.875 2.3075
29.375 78.125 0.70706
29.375 78.375 1.2912
29.375 78.625 -0.37258
29.375 78.875 -0.23492
29.375 79.125 0.83876
29.375 79.375 1.8888
29.375 79.625 -0.58159
29.375 79.875 0.28675
29.375 80.125 0.75067
29.375 96.125 3.9604
29.625 73.375 2.093
29.625 73.625 2.5102
29.625 73.875 2.9167
29.625 74.125 2.9532
29.625 74.375 1.6533
29.625 74.625 0.83096
29.625 74.875 1.3364
29.625 75.125 0.70618
29.625 75.375 0.3889
29.625 75.625 2.0311
29.625 75.875 0.40331
29.625 76.125 -0.27501
29.625 76.375 0.99801
29.625 76.625 0.85584
29.625 76.875 1.3646
29.625 77.125 1.0101
29.625 77.375 -0.15876
29.625 77.625 1.5152
29.625 77.875 1.6397
29.625 78.125 1.2899
29.625 78.375 -0.013531
29.625 78.625 -0.76665
29.625 78.875 -0.43507
29.625 79.125 0.48318
29.625 79.375 1.1523
29.625 79.625 0.354
29.625 79.875 0.88991
29.625 80.125 1.0212
29.875 73.625 2.6155
29.875 73.875 2.2414
29.875 74.125 2.0572
29.875 74.375 0.54866
29.875 74.625 0.54521
29.875 74.875 0.84562
29.875 75.125 1.0793
29.875 75.375 1.1588
29.875 75.625 1.2109
29.875 75.875 0.033945
29.875 76.125 0.25089
29.875 76.375 0.35259
29.875 76.625 2.4925
29.875 76.875 0.29436
29.875 77.125 1.0964
29.875 77.375 0.91725
29.875 77.625 1.5253
29.875 77.875 3.1583
29.875 78.125 -1.1841
29.875 78.375 0.71492
29.875 78.625 0.49949
29.875 78.875 1.3473
29.875 79.125 0.38973
29.875 79.375 0.94725
29.875 79.625 3.4859
29.875 79.875 0.94778
29.875 80.125 1.144
29.875 80.375 0.96413
30.125 74.125 1.0373
30.125 74.375 0.27245
30.125 74.625 0.51146
30.125 74.875 1.116
30.125 75.125 1.5356
30.125 75.375 1.8276
30.125 75.625 1.6337
30.125 75.875 -0.19665
30.125 76.125 -0.37029
30.125 76.375 -0.56125
30.125 76.625 -0.089268
30.125 76.875 -0.14887
30.125 77.125 1.6086
30.125 77.375 -0.38573
30.125 77.625 1.4171
30.125 77.875 1.9155
30.125 78.125 1.6699
30.125 78.375 1.5197
30.125 78.625 2.3328
30.125 78.875 2.6574
30.125 79.125 1.9077
30.125 79.375 2.0507
30.125 79.625 3.4357
30.125 79.875 1.1156
30.125 80.125 0.8703
30.125 80.375 1.0752
30.125 80.625 0.89626
30.375 74.125 0.8919
30.375 74.375 0.56384
30.375 74.625 1.1235
30.375 74.875 1.1246
30.375 75.125 1.8269
30.375 75.375 1.5183
30.375 75.625 0.5834
30.375 75.875 0.32773
30.375 76.125 -0.14676
30.375 76.375 -0.10884
30.375 76.625 -1.1657
30.375 76.875 -0.20715
30.375 77.125 0.80294
30.375 77.375 0.83097
30.375 77.625 1.2438
30.375 77.875 1.0589
30.375 78.125 1.247
30.375 78.375 0.042098
30.375 78.625 2.2173
30.375 78.875 1.6454
30.375 79.125 2.0619
30.375 79.375 1.719
30.375 79.625 2.7316
30.375 79.875 2.3434
30.375 80.125 1.4621
30.375 80.375 0.65033
30.375 80.625 0.29798
30.625 74.375 0.63093
30.625 74.625 0.84467
30.625 74.875 0.56524
30.625 75.125 1.9533
30.625 75.375 1.442
30.625 75.625 0.92188
30.625 75.875 1.4827
30.625 76.125 0.03321
30.625 76.375 -0.87792
30.625 76.625 0.16915
30.625 76.875 2.1978
30.625 77.125 1.2238
30.625 77.375 1.1049
30.625 77.625 0.61939
30.625 77.875 1.0091
30.625 78.125 1.3688
30.625 78.375 0.43104
30.625 78.625 0.89223
30.625 78.875 1.8679
30.625 79.125 1.923
30.625 79.375 1.5851
30.625 79.625 3.0207
30.625 79.875 2.4381
30.625 80.125 1.9095
30.875 74.625 -0.0075417
30.875 74.875 1.3175
30.875 75.125 3.8863
30.875 75.375 1.0981
30.875 75.625 1.0727
30.875 75.875 1.0084
30.875 76.125 1.1178
30.875 76.375 1.9928
30.875 76.625 1.2063
30.875 76.875 1.7686
30.875 77.125 3.638
30.875 77.375 1.879
30.875 77.625 1.665
30.875 77.875 1.9532
30.875 78.125 1.5445
30.875 78.375 0.92238
30.875 78.625 0.82555
30.875 78.875 1.4629
30.875 79.125 1.505
30.875 79.375 NaN
30.875 79.625 NaN
30.875 79.875 NaN
31.125 74.875 0.83349
31.125 75.125 3.4383
31.125 75.375 0.79277
31.125 75.625 0.51266
31.125 75.875 1.1786
31.125 76.125 3.449
31.125 76.375 1.7991
31.125 76.625 0.92226
31.125 76.875 3.4047
31.125 77.125 3.8226
31.125 77.375 1.799
31.125 77.625 3.0069
31.125 77.875 1.6074
31.125 78.125 0.15041
31.125 78.375 0.39449
31.125 78.625 0.43364
31.125 78.875 NaN
31.125 79.125 NaN
31.375 74.875 0.63863
31.375 75.125 1.1717
31.375 75.375 0.42079
31.375 75.625 1.8761
31.375 75.875 3.4656
31.375 76.125 2.3448
31.375 76.375 2.5059
31.375 76.625 1.6324
31.375 76.875 3.7288
31.375 77.125 3.5423
31.375 77.375 2.2385
31.375 77.625 1.6924
31.375 77.875 0.62569
31.375 78.125 -0.17989
31.375 78.375 -0.062903
31.375 78.625 0.29365
31.625 74.875 0.84654
31.625 75.125 1.3416
31.625 75.375 0.96004
31.625 75.625 1.4237
31.625 75.875 1.1919
31.625 76.125 2.3025
31.625 76.375 2.0309
31.625 76.625 2.6429
31.625 76.875 2.6469
31.625 77.125 3.5431
31.625 77.375 3.0815
31.625 77.625 1.9155
31.625 77.875 0.59075
31.625 78.125 -0.56726
31.625 78.375 -0.24032
31.625 78.625 0.027419
31.875 74.875 1.9415
31.875 75.125 2.0305
31.875 75.375 0.58065
31.875 75.625 0.25508
31.875 75.875 0.69356
31.875 76.125 1.5958
31.875 76.375 1.3069
31.875 76.625 1.7785
31.875 76.875 2.9522
31.875 77.125 2.4196
31.875 77.375 2.7264
31.875 77.625 1.9929
31.875 77.875 0.27652
31.875 78.125 -0.48358
31.875 78.375 -0.37406
31.875 78.625 -0.33705
32.125 75.375 1.9217
32.125 75.625 1.4526
32.125 75.875 0.42014
32.125 76.125 -0.51985
32.125 76.375 0.53326
32.125 76.625 1.9828
32.125 76.875 1.6778
32.125 77.125 2.3565
32.125 77.375 0.90507
32.125 77.625 -0.248
32.125 77.875 -0.47762
32.125 78.125 -0.90915
32.125 78.375 -0.83063
32.375 75.375 3.1384
32.375 75.625 2.7266
32.375 75.875 1.3866
32.375 76.125 -0.71742
32.375 76.375 -0.17258
32.375 76.625 1.1244
32.375 76.875 1.4844
32.375 77.125 1.9258
32.375 77.375 0.41725
32.375 77.625 -0.34321
32.375 77.875 -0.72131
32.375 78.125 -1.1542
32.375 78.375 -1.1607
32.625 74.875 2.3763
32.625 75.125 1.4265
32.625 75.375 1.8736
32.625 75.625 2.1917
32.625 75.875 1.6518
32.625 76.125 0.32525
32.625 76.375 0.34702
32.625 76.625 1.0042
32.625 76.875 1.7167
32.625 77.125 1.7849
32.625 77.375 0.88739
32.625 77.625 0.14059
32.625 77.875 -0.24819
32.625 78.125 -1.2529
32.625 78.375 -1.1215
32.625 78.625 -0.97819
32.625 78.875 -0.89408
32.625 79.125 -0.72882
32.625 79.375 -0.83876
32.875 74.375 3.1984
32.875 74.625 3.1956
32.875 74.875 3.2648
32.875 75.125 1.6022
32.875 75.375 1.1349
32.875 75.625 1.0248
32.875 75.875 0.85723
32.875 76.125 0.94197
32.875 76.375 0.44087
32.875 76.625 0.95189
32.875 76.875 1.7059
32.875 77.125 1.5356
32.875 77.375 1.044
32.875 77.625 0.32111
32.875 77.875 -0.128
32.875 78.125 -0.79133
32.875 78.375 -0.82065
32.875 78.625 -0.72839
32.875 78.875 -0.63488
32.875 79.125 -0.55247
32.875 79.375 -0.42749
33.125 73.875 1.3552
33.125 74.125 1.5101
33.125 74.375 3.3705
33.125 74.625 4.2121
33.125 74.875 3.7586
33.125 75.125 1.6135
33.125 75.375 0.63694
33.125 75.625 0.4327
33.125 75.875 0.52273
33.125 76.125 0.79619
33.125 76.375 0.78788
33.125 76.625 0.68361
33.125 76.875 1.1885
33.125 77.125 0.5288
33.125 77.375 0.1416
33.125 77.625 -0.24513
33.125 77.875 -0.37036
33.125 78.125 -0.22935
33.125 78.375 -0.27469
33.125 78.625 -0.49365
33.125 78.875 -0.48348
33.125 79.125 -0.41967
33.375 73.875 1.9072
33.375 74.125 2.2858
33.375 74.375 1.5054
33.375 74.625 0.7717
33.375 74.875 0.94522
33.375 75.125 0.1103
33.375 75.375 0.41408
33.375 75.625 0.76066
33.375 75.875 1.012
33.375 76.125 0.73664
33.375 76.375 0.74992
33.375 76.625 -0.078778
33.375 76.875 -0.1504
33.375 77.125 0.093743
33.375 77.375 -0.19851
33.375 77.625 -0.4345
33.375 77.875 -0.4061
33.375 78.125 -0.35185
33.375 78.375 -0.28552
33.375 78.625 -0.39935
33.375 78.875 -0.74288
33.625 73.875 0.46495
33.625 74.125 0.31652
33.625 74.375 -0.46919
33.625 74.625 -0.94364
33.625 74.875 0.73675
33.625 75.125 0.20645
33.625 75.375 0.43114
33.625 75.625 0.58633
33.625 75.875 0.38841
33.625 76.125 -0.075004
33.625 76.375 -0.30474
33.625 76.625 -0.5385
33.625 76.875 -0.21896
33.625 77.125 -0.1089
33.625 77.375 0.041163
33.625 77.625 -0.18616
33.625 77.875 -0.16425
33.625 78.125 -0.16163
33.625 78.375 -0.38379
33.625 78.625 -0.50462
33.625 78.875 -0.55048
33.875 73.875 0.18853
33.875 74.125 0.0018352
33.875 74.375 -0.18788
33.875 74.625 0.58978
33.875 74.875 0.47976
33.875 75.125 0.51995
33.875 75.375 0.81635
33.875 75.625 0.3288
33.875 75.875 -0.033803
33.875 76.125 -0.11021
33.875 76.375 -0.26599
33.875 76.625 -0.40146
33.875 76.875 -0.60448
33.875 77.125 -0.36492
33.875 77.375 0.071295
33.875 77.625 0.032286
33.875 77.875 -0.051906
33.875 78.125 -0.19462
33.875 78.375 -0.6302
33.875 78.625 -0.3305
33.875 78.875 -0.50304
34.125 73.625 -0.55141
34.125 73.875 -0.43144
34.125 74.125 -0.1264
34.125 74.375 -0.6056
34.125 74.625 -0.2592
34.125 74.875 -0.23138
34.125 75.125 0.079034
34.125 75.375 0.27722
34.125 75.625 -0.32143
34.125 75.875 -0.13336
34.125 76.125 -0.015216
34.125 76.375 -0.21006
34.125 76.625 -0.36565
34.125 76.875 -0.58338
34.125 77.125 -0.33367
34.125 77.375 -0.13225
34.125 77.625 -0.20258
34.125 77.875 -0.19201
34.125 78.125 -0.40018
34.125 78.375 -0.60793
34.125 78.625 -0.56493
34.125 78.875 -0.35074
34.125 79.125 -0.24894
34.125 79.375 -0.18597
34.375 73.625 -0.63333
34.375 73.875 -0.901
34.375 74.125 -1.2227
34.375 74.375 -0.56255
34.375 74.625 -0.24306
34.375 74.875 -0.11193
34.375 75.125 0.14357
34.375 75.375 -0.52655
34.375 75.625 -0.84709
34.375 75.875 -1.0202
34.375 76.125 -0.98962
34.375 76.375 -0.52706
34.375 76.625 -0.49921
34.375 76.875 -0.54421
34.375 77.125 -0.68898
34.375 77.375 -0.55187
34.375 77.625 -0.40399
34.375 77.875 -0.32637
34.375 78.125 -0.38024
34.375 78.375 -0.33938
34.375 78.625 -0.30015
34.375 78.875 -0.24175
34.375 79.125 -0.093943
34.375 79.375 -0.14721
34.625 73.875 -0.9835
34.625 74.125 -1.0978
34.625 74.375 -0.80919
34.625 74.625 -0.48674
34.625 74.875 -0.2188
34.625 75.125 0.19989
34.625 75.375 -0.75839
34.625 75.625 -1.1423
34.625 75.875 -1.082
34.625 76.125 -1.0698
34.625 76.375 -0.60456
34.625 76.625 -0.73879
34.625 76.875 -0.83882
34.625 77.125 -0.71548
34.625 77.375 -0.63127
34.625 77.625 -0.54325
34.625 77.875 -0.67059
34.625 78.125 -0.35576
34.625 78.375 -0.25327
34.625 78.625 -0.32581
34.625 78.875 -0.32508
34.625 79.125 -0.13724
34.625 79.375 0.1879
34.625 79.625 0.40103
34.875 74.125 -0.76441
34.875 74.375 -0.71465
34.875 74.625 -0.2745
34.875 74.875 -0.09888
34.875 75.125 -0.22301
34.875 75.375 -0.58849
34.875 75.625 -0.7219
34.875 75.875 -0.92145
34.875 76.125 -0.83819
34.875 76.375 -0.58479
34.875 76.625 -0.63878
34.875 76.875 -0.69431
34.875 77.125 -0.65144
34.875 77.375 -0.69008
34.875 77.625 -0.71548
34.875 77.875 -0.55045
34.875 78.125 -0.4064
34.875 78.375 -0.37084
34.875 78.625 -0.24061
34.875 78.875 -0.24637
34.875 79.125 -0.067632
34.875 79.375 0.095927
34.875 79.625 0.41226
34.875 79.875 0.43123
35.125 74.375 0.03715
35.125 74.625 0.37017
35.125 74.875 0.32838
35.125 75.125 -0.19189
35.125 75.375 -0.5254
35.125 75.625 -0.56631
35.125 75.875 -0.48807
35.125 76.125 -0.82802
35.125 76.375 -0.86756
35.125 76.625 -0.68316
35.125 76.875 -0.74657
35.125 77.125 -0.78167
35.125 77.375 -0.80081
35.125 77.625 -0.75044
35.125 77.875 -0.74958
35.125 78.125 -0.66515
35.125 78.375 -0.61889
35.125 78.625 -0.13494
35.125 78.875 0.020362
35.125 79.125 -0.21353
35.125 79.375 0.17187
35.125 79.625 0.31414
35.125 79.875 1.2799
35.375 73.875 -0.15818
35.375 74.125 0.054757
35.375 74.375 0.37829
35.375 74.625 0.60699
35.375 74.875 0.33301
35.375 75.125 -0.31615
35.375 75.375 -0.53327
35.375 75.625 -0.83323
35.375 75.875 -0.81835
35.375 76.125 -0.95021
35.375 76.375 -1.0034
35.375 76.625 -0.87067
35.375 76.875 -0.85523
35.375 77.125 -0.7622
35.375 77.375 -0.70857
35.375 77.625 -0.80945
35.375 77.875 -0.76015
35.375 78.125 -0.78536
35.375 78.375 -0.48459
35.375 78.625 -0.16145
35.375 78.875 -0.034858
35.375 79.125 -0.0057133
35.375 79.375 0.12793
35.375 79.625 0.24195
35.375 79.875 0.07035
35.375 80.125 NaN
35.625 73.375 -0.82989
35.625 73.625 -0.84312
35.625 73.875 -0.61227
35.625 74.125 -0.49564
35.625 74.375 -0.37068
35.625 74.625 -0.062699
35.625 74.875 -0.15216
35.625 75.125 -0.9211
35.625 75.375 -1.3409
35.625 75.625 -1.4227
35.625 75.875 -1.2149
35.625 76.125 -1.3106
35.625 76.375 -0.98944
35.625 76.625 -0.98427
35.625 76.875 -0.92987
35.625 77.125 -0.99726
35.625 78.375 -0.30811
35.625 78.625 -0.33153
35.625 78.875 -0.33779
35.625 79.125 -0.15986
35.625 79.375 -0.032815
35.625 79.625 -0.085921
35.625 79.875 -0.25931
35.625 80.125 0.10192
35.875 73.125 -0.68332
35.875 73.375 -0.65103
35.875 73.625 -0.79147
35.875 73.875 -0.94454
35.875 74.125 -0.96152
35.875 74.375 -0.93269
35.875 74.625 -0.70043
35.875 74.875 -0.5051
35.875 75.125 -0.91764
35.875 75.375 -1.4213
35.875 75.625 -1.5271
35.875 75.875 -1.4907
35.875 76.125 -1.323
35.875 76.375 -1.3131
35.875 76.625 -1.2969
35.875 79.375 -0.19913
36.125 72.625 -0.17117
36.125 72.875 NaN
36.125 73.125 NaN
36.125 73.375 -0.55991
36.125 73.625 -0.62478
36.125 73.875 -0.75525
36.125 74.125 -1.0129
36.125 74.375 -1.0809
36.125 74.625 -1.0067
36.125 74.875 -0.55368
36.125 75.125 -0.54516
36.125 75.375 -1.0985
36.125 75.625 -1.8784
36.125 75.875 -1.5052
36.125 76.125 -0.92608
36.125 76.375 -0.94041
36.125 76.625 -1.2627
36.375 73.125 -0.60943
36.375 73.375 -0.60707
36.375 73.625 -0.62272
36.375 73.875 -0.53766
36.375 74.125 -0.83336
36.375 74.375 -1.1235
36.375 74.625 -1.2677
36.375 74.875 -1.085
36.375 75.125 -0.9191
36.375 75.375 -1.4117
36.375 75.625 -1.9296
36.375 75.875 -1.2648
36.375 76.125 -0.18242
36.625 73.375 -0.71504
36.625 73.625 -0.64358
36.625 73.875 -0.50876
36.625 74.125 -0.46049
36.625 74.375 -1.3639
36.625 74.625 -1.0644
36.625 74.875 -1.3847
36.625 75.125 -1.253
36.625 75.375 -1.5348
36.625 75.625 -1.4915
36.875 73.875 -0.42296
36.875 74.375 -0.38021
36.875 74.625 -1.0711
36.875 74.875 -1.2443
36.875 75.125 -1.1794
36.875 75.375 -1.0412
