8.125 77.375 1.5595
8.375 77.125 -0.13224
8.375 77.375 2.022
8.375 77.625 2.5745
8.375 77.875 2.4179
8.625 76.875 -0.39275
8.625 77.125 0.9274
8.625 77.375 0.79334
8.625 77.625 0.73181
8.625 77.875 1.6943
8.875 76.875 0.22819
8.875 77.125 1.4358
8.875 77.375 0.6357
8.875 77.625 -0.099831
8.875 77.875 -0.16082
9.125 76.625 0.48208
9.125 76.875 0.81748
9.125 77.125 1.0011
9.125 77.375 0.96699
9.125 77.625 0.051784
9.125 77.875 -0.16784
9.125 78.125 0.53784
9.125 78.375 NaN
9.375 76.625 0.61378
9.375 76.875 0.71211
9.375 77.125 0.91155
9.375 77.375 0.4468
9.375 77.625 0.17621
9.375 77.875 0.18371
9.375 78.125 0.46385
9.375 78.375 0.37662
9.375 78.625 0.57199
9.375 78.875 NaN
9.625 76.375 0.79341
9.625 76.625 0.92009
9.625 76.875 1.0612
9.625 77.125 0.35716
9.625 77.375 0.21465
9.625 77.625 -0.52425
9.625 77.875 0.20781
9.625 78.125 -0.4078
9.625 78.375 -0.27639
9.625 78.625 -0.066204
9.875 76.625 0.54721
9.875 76.875 0.47771
9.875 77.125 0.55983
9.875 77.375 -0.89743
9.875 77.625 -0.74089
9.875 77.875 -0.51941
9.875 78.125 -0.8191
9.875 78.375 0.30199
9.875 78.625 0.95546
9.875 78.875 0.90696
10.125 76.375 -0.27158
10.125 76.625 0.65565
10.125 76.875 2.3205
10.125 77.125 -0.01777
10.125 77.375 -0.85185
10.125 77.625 0.35504
10.125 77.875 -0.46531
10.125 78.125 0.014865
10.125 78.375 0.045236
10.125 78.625 -0.38883
10.125 78.875 0.23606
10.125 79.125 0.64524
10.375 76.375 -0.017724
10.375 76.625 -0.15469
10.375 76.875 0.91472
10.375 77.125 0.23341
10.375 77.375 -0.57443
10.375 77.625 -0.11695
10.375 77.875 -0.33918
10.375 78.125 -0.26751
10.375 78.375 0.082142
10.375 78.625 -0.23488
10.375 78.875 0.14002
10.375 79.125 0.16322
10.375 79.375 NaN
10.375 79.625 NaN
10.625 76.125 -0.1948
10.625 76.375 0.64784
10.625 76.625 0.17832
10.625 76.875 0.68038
10.625 77.125 -0.4977
10.625 77.375 -1.0103
10.625 77.625 -0.13572
10.625 77.875 -0.25149
10.625 78.125 -0.57705
10.625 78.375 -0.49128
10.625 78.625 -0.0023486
10.625 78.875 0.54927
10.625 79.125 2.8874
10.625 79.375 1.7063
10.625 79.625 1.7255
10.875 76.125 0.0465
10.875 76.375 1.0888
10.875 76.625 0.33349
10.875 76.875 0.1615
10.875 77.125 -0.5414
10.875 77.375 -0.56823
10.875 77.625 -0.74389
10.875 77.875 -0.25408
10.875 78.125 -1.0217
10.875 78.375 0.32485
10.875 78.625 1.5295
10.875 78.875 1.1037
10.875 79.125 1.4834
10.875 79.375 1.1478
10.875 79.625 1.6289
11.125 76.125 0.14303
11.125 76.375 1.0694
11.125 76.625 3.7546
11.125 76.875 -1.0609
11.125 77.125 -0.033654
11.125 77.375 -0.44627
11.125 77.625 -0.011082
11.125 77.875 0.42025
11.125 78.125 -0.50401
11.125 78.375 0.96441
11.125 78.625 0.5078
11.125 78.875 0.73947
11.125 79.125 1.4437
11.125 79.375 2.329
11.125 79.625 1.6851
11.375 75.875 0.24946
11.375 76.125 0.10106
11.375 76.375 0.72484
11.375 76.625 1.3021
11.375 76.875 2.6605
11.375 77.125 -0.035322
11.375 77.375 -0.081981
11.375 77.625 0.27544
11.375 77.875 0.81953
11.375 78.125 0.46619
11.375 78.375 -0.057285
11.375 78.625 -0.37656
11.375 78.875 0.23006
11.375 79.125 0.20031
11.375 79.375 2.0904
11.375 79.625 2.122
11.625 75.875 0.37298
11.625 76.125 0.92644
11.625 76.375 0.10747
11.625 76.625 0.90599
11.625 76.875 -1.0322
11.625 77.125 -0.65664
11.625 77.375 0.32918
11.625 77.625 -0.095971
11.625 77.875 0.41866
11.625 78.125 -0.1942
11.625 78.375 -0.3363
11.625 78.625 0.62398
11.625 78.875 -0.15236
11.625 79.125 2.4387
11.625 79.375 2.4381
11.625 79.625 NaN
11.875 75.625 NaN
11.875 75.875 -0.63002
11.875 76.125 0.18261
11.875 76.375 0.19051
11.875 76.625 -0.23665
11.875 76.875 -0.99815
11.875 77.125 0.20886
11.875 77.375 0.40292
11.875 77.625 0.81299
11.875 77.875 -0.29586
11.875 78.125 0.33148
11.875 78.375 0.6153
11.875 78.625 0.54925
11.875 78.875 0.29679
11.875 79.125 3.5524
11.875 79.375 1.3856
11.875 79.625 1.5283
12.125 75.375 -0.50425
12.125 75.625 0.1647
12.125 75.875 0.11553
12.125 76.125 0.27799
12.125 76.375 -0.0045177
12.125 76.625 -0.15672
12.125 76.875 -0.59414
12.125 77.125 0.19383
12.125 77.375 0.20262
12.125 77.625 0.79637
12.125 77.875 -0.31573
12.125 78.125 1.258
12.125 78.375 2.1844
12.125 78.625 0.64621
12.125 78.875 -0.12911
12.125 79.125 1.8707
12.125 79.375 1.2507
12.125 79.625 0.84175
12.375 75.125 0.29846
12.375 75.375 0.11516
12.375 75.625 0.12524
12.375 75.875 0.61268
12.375 76.125 0.45904
12.375 76.375 0.74388
12.375 76.625 1.407
12.375 76.875 -0.37812
12.375 77.125 -0.79847
12.375 77.375 -0.48809
12.375 77.625 0.26748
12.375 77.875 1.2712
12.375 78.125 1.3219
12.375 78.375 2.3536
12.375 78.625 1.4385
12.375 78.875 0.53748
12.375 79.125 1.1175
12.375 79.375 0.50674
12.375 79.625 0.43178
12.375 79.875 0.39965
12.625 75.125 0.17847
12.625 75.375 0.046503
12.625 75.625 0.53988
12.625 75.875 1.0322
12.625 76.125 0.65137
12.625 76.375 2.1025
12.625 76.625 2.1022
12.625 76.875 0.52337
12.625 77.125 -0.32224
12.625 77.375 -0.16453
12.625 77.625 0.82155
12.625 77.875 0.83579
12.625 78.125 1.5975
12.625 78.375 2.0863
12.625 78.625 2.3703
12.625 78.875 2.1433
12.625 79.125 1.7384
12.625 79.375 -0.021973
12.625 79.625 0.2047
12.625 79.875 -0.68439
12.875 75.125 0.95193
12.875 75.375 1.5797
12.875 75.625 -0.36773
12.875 75.875 0.17161
12.875 76.125 0.1879
12.875 76.375 1.4934
12.875 76.625 0.8631
12.875 76.875 0.01254
12.875 77.125 -0.13069
12.875 77.375 0.12716
12.875 77.625 0.53687
12.875 77.875 1.4017
12.875 78.125 2.1069
12.875 78.375 2.3359
12.875 78.625 2.2882
12.875 78.875 2.6211
12.875 79.125 1.7707
12.875 79.375 1.4276
12.875 79.625 1.5893
12.875 79.875 0.28276
13.125 74.875 NaN
13.125 75.125 0.65028
13.125 75.375 0.45157
13.125 75.625 1.0599
13.125 75.875 0.44767
13.125 76.125 0.6025
13.125 76.375 0.67934
13.125 76.625 0.82849
13.125 76.875 0.37397
13.125 77.125 0.2561
13.125 77.375 0.64823
13.125 77.625 0.92933
13.125 77.875 1.2631
13.125 78.125 2.0106
13.125 78.375 2.018
13.125 78.625 1.9496
13.125 78.875 1.4905
13.125 79.125 1.9111
13.125 79.375 1.5295
13.125 79.625 1.965
13.125 79.875 1.6043
13.125 80.125 1.2705
13.375 74.875 NaN
13.375 75.125 0.60558
13.375 75.375 -0.021248
13.375 75.625 0.22833
13.375 75.875 0.67494
13.375 76.125 1.1932
13.375 76.375 0.68228
13.375 76.625 0.80875
13.375 76.875 0.31601
13.375 77.125 1.1483
13.375 77.375 0.47975
13.375 77.625 0.90114
13.375 77.875 1.6986
13.375 78.125 0.96777
13.375 78.375 1.3421
13.375 78.625 2.1995
13.375 78.875 2.0332
13.375 79.125 0.72015
13.375 79.375 0.38836
13.375 79.625 1.8274
13.375 79.875 2.4294
13.375 80.125 2.2354
13.625 74.875 -0.34646
13.625 75.125 0.76846
13.625 75.375 0.26301
13.625 75.625 0.51815
13.625 75.875 0.35531
13.625 76.125 0.50244
13.625 76.375 0.3834
13.625 76.625 0.028301
13.625 76.875 -0.175
13.625 77.125 -0.041865
13.625 77.375 -0.16801
13.625 77.625 1.0441
13.625 77.875 1.1103
13.625 78.125 1.676
13.625 78.375 1.5028
13.625 78.625 1.4172
13.625 78.875 1.9505
13.625 79.125 2.3708
13.625 79.375 2.4938
13.625 79.625 1.1325
13.625 79.875 1.5596
13.625 80.125 2.311
13.875 74.875 0.22057
13.875 75.125 0.6344
13.875 75.375 0.32755
13.875 75.625 0.40838
13.875 75.875 0.18112
13.875 76.125 0.1955
13.875 76.375 0.52788
13.875 76.625 0.6639
13.875 76.875 -0.21443
13.875 77.125 0.066374
13.875 77.375 1.0411
13.875 77.625 0.82433
13.875 77.875 0.31046
13.875 78.125 0.39006
13.875 78.375 1.245
13.875 78.625 0.984
13.875 78.875 1.234
13.875 79.125 1.425
13.875 79.375 1.0011
13.875 79.625 -0.068729
13.875 79.875 0.67754
14.125 74.625 0.95767
14.125 74.875 -0.056102
14.125 75.125 0.14726
14.125 75.375 0.10423
14.125 75.625 -0.26836
14.125 75.875 0.49918
14.125 76.125 0.83962
14.125 76.375 1.0092
14.125 76.625 0.42661
14.125 76.875 0.41349
14.125 77.125 -0.066711
14.125 77.375 0.064999
14.125 77.625 0.29941
14.125 77.875 0.30055
14.125 78.125 0.28372
14.125 78.375 0.37333
14.125 78.625 0.23792
14.125 78.875 0.34965
14.125 79.125 0.80321
14.125 79.375 0.62192
14.125 79.625 0.58718
14.125 79.875 0.57976
14.375 74.625 -0.3058
14.375 74.875 0.28611
14.375 75.125 -0.0007649
14.375 75.375 -0.3004
14.375 75.625 0.22103
14.375 75.875 0.88964
14.375 76.125 1.266
14.375 76.375 1.1202
14.375 76.625 0.00853
14.375 76.875 0.17335
14.375 77.125 0.269
14.375 77.375 0.23612
14.375 77.625 0.26729
14.375 77.875 0.48652
14.375 78.125 0.32547
14.375 78.375 0.18727
14.375 78.625 0.47817
14.375 78.875 0.72847
14.375 79.125 1.5456
14.375 79.375 1.8577
14.375 79.625 1.0093
14.375 79.875 1.0024
14.625 74.375 NaN
14.625 74.625 -0.42977
14.625 74.875 0.15225
14.625 75.125 -0.12635
14.625 75.375 -0.054894
14.625 75.625 0.074455
14.625 75.875 0.6092
14.625 76.125 0.81338
14.625 76.375 0.16201
14.625 76.625 -0.20058
14.625 76.875 0.23407
14.625 77.125 0.63018
14.625 77.375 0.021126
14.625 77.625 0.076238
14.625 77.875 0.36146
14.625 78.125 0.26494
14.625 78.375 0.22271
14.625 78.625 0.29945
14.625 78.875 0.52509
14.625 79.125 1.133
14.625 79.375 1.4141
14.625 79.625 0.34353
14.625 79.875 0.50062
14.875 74.375 1.0519
14.875 74.625 -0.47231
14.875 74.875 -0.41628
14.875 75.125 -0.017264
14.875 75.375 -0.54952
14.875 75.625 -0.13631
14.875 75.875 0.35938
14.875 76.125 0.12089
14.875 76.375 -0.39947
14.875 76.625 0.17732
14.875 76.875 0.55612
14.875 77.125 0.61733
14.875 77.375 0.0053181
14.875 77.625 -0.010861
14.875 77.875 -0.016909
14.875 78.125 0.12826
14.875 78.375 0.3966
14.875 78.625 -0.1807
14.875 78.875 0.31002
14.875 79.125 0.60937
14.875 79.375 -0.11806
14.875 79.625 0.13931
14.875 79.875 0.19751
15.125 74.125 1.1989
15.125 74.375 0.73701
15.125 74.625 -0.082462
15.125 74.875 -0.016459
15.125 75.125 0.087341
15.125 75.375 0.50634
15.125 75.625 0.92142
15.125 75.875 0.92726
15.125 76.125 0.50879
15.125 76.375 0.088005
15.125 76.625 0.3597
15.125 76.875 0.78146
15.125 77.125 0.57564
15.125 77.375 0.38994
15.125 77.625 0.45927
15.125 77.875 0.048399
15.125 78.125 0.12167
15.125 78.375 0.91657
15.125 78.625 0.033983
15.125 78.875 0.17717
15.125 79.125 0.30513
15.125 79.375 0.19054
15.125 79.625 0.64078
15.125 79.875 0.51538
15.375 73.875 -0.38028
15.375 74.125 0.71835
15.375 74.375 0.43651
15.375 74.625 0.018531
15.375 74.875 0.42629
15.375 75.125 0.95154
15.375 75.375 2.039
15.375 75.625 0.91202
15.375 75.875 0.54197
15.375 76.125 0.56283
15.375 76.375 0.37767
15.375 76.625 0.55014
15.375 76.875 0.55657
15.375 77.125 1.1739
15.375 77.375 0.53821
15.375 77.625 0.745
15.375 77.875 0.41649
15.375 78.125 0.58824
15.375 78.375 0.4041
15.375 78.625 -0.16609
15.375 78.875 -0.24476
15.375 79.125 0.13709
15.375 79.375 -0.45335
15.375 79.625 0.4944
15.375 79.875 0.42341
15.625 73.875 -0.51742
15.625 74.125 -0.78846
15.625 74.375 -0.79691
15.625 74.625 0.69212
15.625 74.875 0.83287
15.625 75.125 1.121
15.625 75.375 1.2199
15.625 75.625 0.40958
15.625 75.875 1.0703
15.625 76.125 2.0655
15.625 76.375 0.88244
15.625 76.625 0.97475
15.625 76.875 1.2034
15.625 77.125 1.2357
15.625 77.375 0.92949
15.625 77.625 1.1683
15.625 77.875 0.53649
15.625 78.125 0.22968
15.625 78.375 0.44728
15.625 78.625 0.11263
15.625 78.875 0.37612
15.625 79.125 0.29298
15.625 79.375 0.77488
15.625 79.625 -0.2339
15.625 79.875 0.10105
15.625 80.125 0.34468
15.875 73.875 0.3782
15.875 74.125 -0.061924
15.875 74.375 -0.12654
15.875 74.625 0.5521
15.875 74.875 0.84524
15.875 75.125 1.1685
15.875 75.375 1.3572
15.875 75.625 1.2434
15.875 75.875 1.2443
15.875 76.125 1.0086
15.875 76.375 1.1275
15.875 76.625 1.1375
15.875 76.875 0.72212
15.875 77.125 0.97845
15.875 77.375 1.113
15.875 77.625 0.68241
15.875 77.875 1.7779
15.875 78.125 1.492
15.875 78.375 1.5133
15.875 78.625 1.6539
15.875 78.875 0.90948
15.875 79.125 1.3416
15.875 79.375 0.39468
15.875 79.625 -0.88159
15.875 79.875 -0.10296
15.875 80.125 0.75253
15.875 80.375 -0.1102
15.875 80.625 NaN
15.875 80.875 -0.58949
16.125 73.625 1.2795
16.125 73.875 1.0411
16.125 74.125 0.48643
16.125 74.375 0.2159
16.125 74.625 0.79738
16.125 74.875 0.53277
16.125 75.125 0.1326
16.125 75.375 0.74393
16.125 75.625 1.2242
16.125 75.875 1.8525
16.125 76.125 0.8276
16.125 76.375 1.1773
16.125 76.625 0.61075
16.125 76.875 0.43747
16.125 77.125 0.97587
16.125 77.375 1.4086
16.125 77.625 0.96299
16.125 77.875 2.2472
16.125 78.125 2.0342
16.125 78.375 1.4164
16.125 78.625 1.5225
16.125 78.875 1.8447
16.125 79.125 2.0042
16.125 79.375 0.28729
16.125 79.625 -0.56662
16.125 79.875 1.2333
16.125 80.125 2.7468
16.125 80.375 0.55491
16.125 80.625 0.13308
16.125 80.875 -0.27697
16.375 73.625 0.38409
16.375 73.875 1.2208
16.375 74.125 0.31176
16.375 74.375 0.60183
16.375 74.625 -0.042197
16.375 74.875 0.19553
16.375 75.125 0.33467
16.375 75.375 1.3122
16.375 75.625 1.4221
16.375 75.875 2.0935
16.375 76.125 2.4475
16.375 76.375 1.7566
16.375 76.625 0.84418
16.375 76.875 1.7388
16.375 77.125 1.5355
16.375 77.375 1.3639
16.375 77.625 1.641
16.375 77.875 2.1849
16.375 78.125 1.9581
16.375 78.375 1.6848
16.375 78.625 2.1216
16.375 78.875 2.0484
16.375 79.125 1.9995
16.375 79.375 0.90468
16.375 79.625 0.37439
16.375 79.875 1.0429
16.375 80.125 1.1702
16.375 80.375 0.50049
16.375 80.625 0.61033
16.375 80.875 0.80536
16.375 81.125 0.4069
16.375 81.375 NaN
16.375 81.625 NaN
16.625 73.625 1.0199
16.625 73.875 -0.16063
16.625 74.125 0.76587
16.625 74.375 -0.96852
16.625 74.625 0.49554
16.625 74.875 0.53889
16.625 75.125 0.92634
16.625 75.375 1.4379
16.625 75.625 1.7422
16.625 75.875 1.8158
16.625 76.125 1.7196
16.625 76.375 1.9192
16.625 76.625 0.47508
16.625 76.875 0.73435
16.625 77.125 1.1657
16.625 77.375 1.366
16.625 77.625 1.6831
16.625 77.875 2.3015
16.625 78.125 2.6522
16.625 78.375 2.1995
16.625 78.625 1.9935
16.625 78.875 1.6907
16.625 79.125 1.0236
16.625 79.375 0.40444
16.625 79.625 0.30155
16.625 79.875 0.576
16.625 80.125 1.2398
16.625 80.375 0.0096995
16.625 80.625 -0.17817
16.625 80.875 0.16279
16.625 81.125 0.16548
16.625 81.375 -0.51484
16.625 81.625 -0.43654
16.625 81.875 -0.08388
16.625 82.125 -0.27432
16.875 73.375 0.86605
16.875 73.625 0.79003
16.875 73.875 -0.07603
16.875 74.125 -0.83882
16.875 74.375 0.048271
16.875 74.625 -0.15263
16.875 74.875 0.58735
16.875 75.125 1.0195
16.875 75.375 1.9178
16.875 75.625 1.996
16.875 75.875 1.6829
16.875 76.125 1.1675
16.875 76.375 1.166
16.875 76.625 1.6813
16.875 76.875 0.96149
16.875 77.125 0.8163
16.875 77.375 1.6068
16.875 77.625 0.94411
16.875 77.875 1.2781
16.875 78.125 1.1902
16.875 78.375 0.83724
16.875 78.625 0.69091
16.875 78.875 0.52143
16.875 79.125 0.77058
16.875 79.375 0.36749
16.875 79.625 0.8237
16.875 79.875 0.54057
16.875 80.125 1.4581
16.875 80.375 1.0912
16.875 80.625 0.85896
16.875 80.875 0.89043
16.875 81.125 0.4091
16.875 81.375 -0.59901
16.875 81.625 -0.17992
16.875 81.875 -0.7911
16.875 82.125 -0.56023
17.125 73.375 0.86343
17.125 73.625 -0.066193
17.125 73.875 -0.15184
17.125 74.125 -0.32324
17.125 74.375 -0.42368
17.125 74.625 -0.34824
17.125 74.875 0.064923
17.125 75.125 0.12318
17.125 75.375 1.7595
17.125 75.625 1.9229
17.125 75.875 1.745
17.125 76.125 1.9891
17.125 76.375 1.466
17.125 76.625 1.3965
17.125 76.875 1.8813
17.125 77.125 1.2436
17.125 77.375 0.82101
17.125 77.625 1.9938
17.125 77.875 1.3772
17.125 78.125 1.3037
17.125 78.375 1.6083
17.125 78.625 1.4063
17.125 78.875 2.2543
17.125 79.125 1.5122
17.125 79.375 1.0678
17.125 79.625 0.87881
17.125 79.875 0.67284
17.125 80.125 0.90214
17.125 80.375 1.481
17.125 80.625 1.3997
17.125 80.875 0.87397
17.125 81.125 0.14232
17.125 81.375 0.027237
17.125 81.625 -0.66869
17.125 81.875 -0.92338
17.125 82.125 -0.193
17.125 82.375 0.20981
17.375 73.375 0.34055
17.375 73.625 -0.58265
17.375 73.875 0.29824
17.375 74.125 -0.87319
17.375 74.375 -1.1742
17.375 74.625 -0.39908
17.375 74.875 -0.061496
17.375 75.125 -0.15781
17.375 75.375 0.38556
17.375 75.625 1.5528
17.375 75.875 1.0304
17.375 76.125 1.5771
17.375 76.375 1.7231
17.375 76.625 1.3216
17.375 76.875 2.1113
17.375 77.125 1.5042
17.375 77.375 0.61613
17.375 77.625 1.7425
17.375 77.875 0.97257
17.375 78.125 1.5871
17.375 78.375 1.2562
17.375 78.625 2.737
17.375 78.875 3.1619
17.375 79.125 1.5277
17.375 79.375 1.7115
17.375 79.625 1.2327
17.375 79.875 1.4246
17.375 80.125 1.9131
17.375 80.375 1.4419
17.375 80.625 0.88049
17.375 80.875 0.229
17.375 81.125 -0.095838
17.375 81.375 0.0774
17.375 81.625 -0.68103
17.375 81.875 -0.72723
17.375 82.125 0.10038
17.375 82.375 0.42578
17.375 82.625 NaN
17.625 73.375 0.69517
17.625 73.625 -1.1924
17.625 73.875 0.0030226
17.625 74.125 -0.71495
17.625 74.375 -1.1199
17.625 74.625 -0.2804
17.625 74.875 0.27608
17.625 75.125 0.55744
17.625 75.375 0.52422
17.625 75.625 1.0865
17.625 75.875 0.97875
17.625 76.125 1.4806
17.625 76.375 1.7637
17.625 76.625 2.0544
17.625 76.875 1.8044
17.625 77.125 1.6004
17.625 77.375 0.93337
17.625 77.625 1.1165
17.625 77.875 2.5196
17.625 78.125 1.5283
17.625 78.375 2.2868
17.625 78.625 1.366
17.625 78.875 1.2216
17.625 79.125 1.304
17.625 79.375 1.8225
17.625 79.625 2.1636
17.625 79.875 1.9565
17.625 80.125 1.8326
17.625 80.375 1.5914
17.625 80.625 1.3992
17.625 80.875 0.74738
17.625 81.125 0.7041
17.625 81.375 0.63464
17.625 81.625 -0.19781
17.625 81.875 -0.32162
17.625 82.125 -0.00014306
17.625 82.375 0.57984
17.625 82.625 1.13
17.625 82.875 -0.074352
17.625 83.125 0.39081
17.875 73.375 0.88323
17.875 73.625 -0.57837
17.875 73.875 -0.14718
17.875 74.125 0.44317
17.875 74.375 0.19904
17.875 74.625 0.086514
17.875 74.875 0.61818
17.875 75.125 0.84771
17.875 75.375 0.67186
17.875 75.625 0.48281
17.875 75.875 0.52444
17.875 76.125 1.515
17.875 76.375 1.9233
17.875 76.625 2.0773
17.875 76.875 1.3915
17.875 77.125 2.2311
17.875 77.375 1.6535
17.875 77.625 3.3828
17.875 77.875 2.645
17.875 78.125 3.037
17.875 78.375 1.7893
17.875 78.625 1.7286
17.875 78.875 1.2057
17.875 79.125 1.1577
17.875 79.375 1.0187
17.875 79.625 2.2433
17.875 79.875 2.971
17.875 80.125 1.9292
17.875 80.375 0.89239
17.875 80.625 1.6166
17.875 80.875 1.4829
17.875 81.125 1.2885
17.875 81.375 1.8355
17.875 81.625 0.79578
17.875 81.875 -0.019625
17.875 82.125 0.22292
17.875 82.375 0.83802
17.875 82.625 1.1093
17.875 82.875 1.2855
17.875 83.125 0.71951
17.875 83.375 0.75743
18.125 73.125 NaN
18.125 73.375 -0.26953
18.125 73.625 -0.24555
18.125 73.875 -0.18316
18.125 74.125 0.22709
18.125 74.375 0.34004
18.125 74.625 0.8459
18.125 74.875 1.3029
18.125 75.125 0.89979
18.125 75.375 1.3132
18.125 75.625 1.4075
18.125 75.875 2.419
18.125 76.125 1.9154
18.125 76.375 1.862
18.125 76.625 2.0238
18.125 76.875 1.6098
18.125 77.125 2.8222
18.125 77.375 1.5492
18.125 77.625 2.8117
18.125 77.875 2.7157
18.125 78.125 2.7342
18.125 78.375 1.6319
18.125 78.625 1.0855
18.125 78.875 2.0933
18.125 79.125 1.3071
18.125 79.375 1.4175
18.125 79.625 2.1484
18.125 79.875 2.6594
18.125 80.125 2.4703
18.125 80.375 1.0325
18.125 80.625 0.83495
18.125 80.875 1.0981
18.125 81.125 0.80083
18.125 81.375 1.5562
18.125 81.625 1.9518
18.125 81.875 1.4101
18.125 82.125 1.0682
18.125 82.375 0.62975
18.125 82.625 0.6847
18.125 82.875 0.73718
18.125 83.125 1.0476
18.125 83.375 0.93653
18.125 83.625 1.7955
18.375 73.125 0.19816
18.375 73.375 -0.43342
18.375 73.625 0.15925
18.375 73.875 0.0014712
18.375 74.125 0.18723
18.375 74.375 0.66229
18.375 74.625 1.3072
18.375 74.875 1.2614
18.375 75.125 2.204
18.375 75.375 3.6574
18.375 75.625 3.3398
18.375 75.875 1.4047
18.375 76.125 1.6517
18.375 76.375 1.7956
18.375 76.625 1.8997
18.375 76.875 2.0511
18.375 77.125 1.6221
18.375 77.375 0.94483
18.375 77.625 1.4981
18.375 77.875 1.4449
18.375 78.125 1.9545
18.375 78.375 0.79113
18.375 78.625 0.17738
18.375 78.875 0.19106
18.375 79.125 1.2507
18.375 79.375 1.0035
18.375 79.625 1.5584
18.375 79.875 1.8549
18.375 80.125 1.3657
18.375 80.375 1.8151
18.375 80.625 1.574
18.375 80.875 0.20663
18.375 81.125 0.85094
18.375 81.375 1.5157
18.375 81.625 1.7731
18.375 81.875 1.6278
18.375 82.125 2.1554
18.375 82.375 1.8272
18.375 82.625 0.56504
18.375 82.875 -0.53815
18.375 83.125 1.0806
18.375 83.375 0.71514
18.375 83.625 1.1246
18.375 83.875 0.57692
18.625 73.125 1.2997
18.625 73.375 0.4158
18.625 73.625 0.058693
18.625 73.875 0.23037
18.625 74.125 0.039538
18.625 74.375 0.29215
18.625 74.625 0.99844
18.625 74.875 1.1002
18.625 75.125 2.227
18.625 75.375 2.9755
18.625 75.625 2.1286
18.625 75.875 1.8049
18.625 76.125 1.1332
18.625 76.375 0.80708
18.625 76.625 2.6055
18.625 76.875 2.6939
18.625 77.125 2.032
18.625 77.375 0.44408
18.625 77.625 1.121
18.625 77.875 0.38936
18.625 78.125 0.59868
18.625 78.375 1.1485
18.625 78.625 -0.99947
18.625 78.875 0.47265
18.625 79.125 -0.33675
18.625 79.375 0.77363
18.625 79.625 0.26321
18.625 79.875 0.72768
18.625 80.125 1.0433
18.625 80.375 2.236
18.625 80.625 2.1249
18.625 80.875 0.46352
18.625 81.125 0.31411
18.625 81.375 1.8739
18.625 81.625 2.4626
18.625 81.875 2.1013
18.625 82.125 1.8698
18.625 82.375 1.7365
18.625 82.625 1.6411
18.625 82.875 1.0865
18.625 83.125 -0.43465
18.625 83.375 0.095416
18.625 83.625 -0.10384
18.625 83.875 0.12404
18.625 84.125 0.19955
18.875 73.125 1.5594
18.875 73.375 0.98509
18.875 73.625 0.30067
18.875 73.875 0.25324
18.875 74.125 -0.074856
18.875 74.375 1.2706
18.875 74.625 0.97185
18.875 74.875 1.6355
18.875 75.125 1.7318
18.875 75.375 2.0994
18.875 75.625 1.7156
18.875 75.875 1.1449
18.875 76.125 1.559
18.875 76.375 1.2179
18.875 76.625 2.497
18.875 76.875 2.9922
18.875 77.125 1.8307
18.875 77.375 1.2534
18.875 77.625 2.1798
18.875 77.875 1.8653
18.875 78.125 1.2629
18.875 78.375 -1.0925
18.875 78.625 0.57706
18.875 78.875 0.86921
18.875 79.125 0.92489
18.875 79.375 1.9225
18.875 79.625 0.58885
18.875 79.875 0.67831
18.875 80.125 0.72165
18.875 80.375 1.6591
18.875 80.625 1.9768
18.875 80.875 1.3686
18.875 81.125 1.1192
18.875 81.375 2.2835
18.875 81.625 1.0672
18.875 81.875 2.6761
18.875 82.125 1.53
18.875 82.375 1.6004
18.875 82.625 1.0991
18.875 82.875 1.2128
18.875 83.125 0.36674
18.875 83.375 -0.22693
18.875 83.625 0.8293
18.875 83.875 0.82715
18.875 84.125 0.25086
18.875 84.375 -0.40664
19.125 73.125 2.267
19.125 73.375 1.7394
19.125 73.625 0.29449
19.125 73.875 0.28713
19.125 74.125 0.30423
19.125 74.375 1.2142
19.125 74.625 1.0453
19.125 74.875 2.6705
19.125 75.125 2.6188
19.125 75.375 2.0195
19.125 75.625 1.5563
19.125 75.875 1.1815
19.125 76.125 1.1235
19.125 76.375 1.2771
19.125 76.625 1.8315
19.125 76.875 1.3825
19.125 77.125 1.7833
19.125 77.375 1.1567
19.125 77.625 1.8591
19.125 77.875 0.8462
19.125 78.125 0.27897
19.125 78.375 0.62188
19.125 78.625 0.96647
19.125 78.875 1.6997
19.125 79.125 2.0085
19.125 79.375 0.91417
19.125 79.625 1.2046
19.125 79.875 0.90966
19.125 80.125 0.78737
19.125 80.375 1.2706
19.125 80.625 1.6777
19.125 80.875 1.3643
19.125 81.125 1.2905
19.125 81.375 1.3486
19.125 81.625 1.0362
19.125 81.875 -0.060283
19.125 82.125 0.99529
19.125 82.375 1.2894
19.125 82.625 -0.14619
19.125 82.875 0.28868
19.125 83.125 -0.036728
19.125 83.375 -0.64079
19.125 83.625 -0.071685
19.125 83.875 0.60698
19.125 84.125 0.17804
19.125 84.375 -0.24338
19.125 84.625 -0.57126
19.375 72.875 1.1688
19.375 73.125 0.43066
19.375 73.375 1.3023
19.375 73.625 0.65624
19.375 73.875 0.26851
19.375 74.125 0.89198
19.375 74.375 1.3811
19.375 74.625 1.2549
19.375 74.875 1.4272
19.375 75.125 2.7229
19.375 75.375 1.184
19.375 75.625 0.015142
19.375 75.875 -0.054365
19.375 76.125 1.0144
19.375 76.375 0.50117
19.375 76.625 0.67717
19.375 76.875 0.81475
19.375 77.125 1.2232
19.375 77.375 1.1926
19.375 77.625 1.7636
19.375 77.875 1.2451
19.375 78.125 1.5719
19.375 78.375 1.2846
19.375 78.625 1.2154
19.375 78.875 1.6372
19.375 79.125 1.3335
19.375 79.375 1.3993
19.375 79.625 1.0994
19.375 79.875 1.6794
19.375 80.125 1.6153
19.375 80.375 1.4774
19.375 80.625 1.3282
19.375 80.875 1.2031
19.375 81.125 0.89749
19.375 81.375 0.90073
19.375 81.625 0.76403
19.375 81.875 0.91304
19.375 82.125 1.2005
19.375 82.375 0.3659
19.375 82.625 0.022599
19.375 82.875 0.49132
19.375 83.125 0.28209
19.375 83.375 -0.43175
19.375 83.625 -0.15902
19.375 83.875 0.30242
19.375 84.125 0.23488
19.375 84.375 0.1865
19.375 84.625 -0.30108
19.375 84.875 -0.029685
19.625 72.875 1.4313
19.625 73.125 1.5628
19.625 73.375 1.2132
19.625 73.625 0.75787
19.625 73.875 0.50006
19.625 74.125 0.36861
19.625 74.375 1.2771
19.625 74.625 1.0721
19.625 74.875 0.48079
19.625 75.125 1.1923
19.625 75.375 0.65011
19.625 75.625 0.78854
19.625 75.875 0.47006
19.625 76.125 0.61273
19.625 76.375 0.63228
19.625 76.625 0.60115
19.625 76.875 -0.37892
19.625 77.125 0.35786
19.625 77.375 1.0831
19.625 77.625 0.92648
19.625 77.875 1.0896
19.625 78.125 1.464
19.625 78.375 1.44
19.625 78.625 1.4653
19.625 78.875 1.524
19.625 79.125 1.1835
19.625 79.375 1.1466
19.625 79.625 1.3513
19.625 79.875 1.6069
19.625 80.125 1.4672
19.625 80.375 1.2644
19.625 80.625 1.1816
19.625 80.875 1.0878
19.625 81.125 1.3583
19.625 81.375 0.51952
19.625 81.625 0.63294
19.625 81.875 1.1491
19.625 82.125 0.72834
19.625 82.375 0.91033
19.625 82.625 0.71589
19.625 82.875 0.6448
19.625 83.125 0.74155
19.625 83.375 0.87104
19.625 83.625 0.86538
19.625 83.875 0.69517
19.625 84.125 0.010727
19.625 84.375 -0.2899
19.625 84.625 -0.117
19.625 84.875 -0.14184
19.625 85.125 -1.0538
19.625 85.375 -0.59754
19.875 72.875 1.5826
19.875 73.125 1.6366
19.875 73.375 2.029
19.875 73.625 1.0881
19.875 73.875 0.70929
19.875 74.125 0.68669
19.875 74.375 1.5155
19.875 74.625 1.7118
19.875 74.875 1.3482
19.875 75.125 0.61202
19.875 75.375 0.70435
19.875 75.625 0.77281
19.875 75.875 1.0087
19.875 76.125 1.1211
19.875 76.375 1.1621
19.875 76.625 0.73223
19.875 76.875 0.82322
19.875 77.125 0.87637
19.875 77.375 0.95991
19.875 77.625 0.96286
19.875 77.875 0.67832
19.875 78.125 0.64519
19.875 78.375 0.80747
19.875 78.625 1.1711
19.875 78.875 1.3686
19.875 79.125 1.4476
19.875 79.375 1.1477
19.875 79.625 1.4429
19.875 79.875 1.5421
19.875 80.125 1.2117
19.875 80.375 0.99964
19.875 80.625 1.6247
19.875 80.875 1.6293
19.875 81.125 1.7551
19.875 81.375 -0.39448
19.875 81.625 0.55912
19.875 81.875 1.949
19.875 82.125 0.77376
19.875 82.375 0.63702
19.875 82.625 0.61139
19.875 82.875 0.41547
19.875 83.125 0.56843
19.875 83.375 0.17339
19.875 83.625 0.4034
19.875 83.875 0.52007
19.875 84.125 0.035021
19.875 84.375 -0.26087
19.875 84.625 -0.17827
19.875 84.875 -0.36822
19.875 85.125 -0.62907
19.875 85.375 -0.8899
19.875 85.625 NaN
19.875 85.875 NaN
19.875 86.125 NaN
20.125 72.875 1.5933
20.125 73.125 1.3101
20.125 73.375 0.99632
20.125 73.625 3.3479
20.125 73.875 0.73687
20.125 74.125 0.49865
20.125 74.375 2.693
20.125 74.625 1.6295
20.125 74.875 1.0271
20.125 75.125 0.71685
20.125 75.375 0.39241
20.125 75.625 -0.043896
20.125 75.875 -0.028803
20.125 76.125 0.75875
20.125 76.375 0.99635
20.125 76.625 1.3426
20.125 76.875 1.1069
20.125 77.125 0.96543
20.125 77.375 1.1393
20.125 77.625 1.0501
20.125 77.875 0.72937
20.125 78.125 0.62409
20.125 78.375 0.86631
20.125 78.625 1.1646
20.125 78.875 1.0696
20.125 79.125 1.1821
20.125 79.375 1.0091
20.125 79.625 1.5428
20.125 79.875 1.5759
20.125 80.125 1.4808
20.125 80.375 1.008
20.125 80.625 1.7406
20.125 80.875 1.5192
20.125 81.125 0.74422
20.125 81.375 0.77871
20.125 81.625 0.7224
20.125 81.875 1.8826
20.125 82.125 1.731
20.125 82.375 0.083731
20.125 82.625 0.04216
20.125 82.875 -0.28023
20.125 83.125 0.32093
20.125 83.375 -0.71385
20.125 83.625 -0.95064
20.125 83.875 1.058
20.125 84.125 1.3429
20.125 84.375 -0.31901
20.125 84.625 0.44674
20.125 84.875 0.33042
20.125 85.125 0.66442
20.125 85.375 -0.1656
20.125 85.625 0.031301
20.125 85.875 -0.69507
20.125 86.125 -0.55153
20.125 86.375 NaN
20.375 73.125 1.4982
20.375 73.375 1.3722
20.375 73.625 1.1148
20.375 73.875 -0.48957
20.375 74.125 -0.2749
20.375 74.375 1.1563
20.375 74.625 0.77378
20.375 74.875 0.7894
20.375 75.125 1.6187
20.375 75.375 1.2676
20.375 75.625 0.326
20.375 75.875 -0.15823
20.375 76.125 0.061207
20.375 76.375 0.086886
20.375 76.625 0.48605
20.375 76.875 0.37513
20.375 77.125 0.75797
20.375 77.375 0.84229
20.375 77.625 0.60149
20.375 77.875 0.15727
20.375 78.125 0.73049
20.375 78.375 0.94517
20.375 78.625 0.98897
20.375 78.875 1.044
20.375 79.125 0.89169
20.375 79.375 1.1455
20.375 79.625 1.4741
20.375 79.875 1.7666
20.375 80.125 1.957
20.375 80.375 1.0154
20.375 80.625 1.4577
20.375 80.875 1.5904
20.375 81.125 1.0294
20.375 81.375 0.80339
20.375 81.625 0.78532
20.375 81.875 1.1169
20.375 82.125 2.5584
20.375 82.375 2.1803
20.375 82.625 0.68149
20.375 82.875 0.04855
20.375 83.125 0.0029951
20.375 83.375 0.0069216
20.375 83.625 -0.14
20.375 83.875 -0.15858
20.375 84.125 -0.2567
20.375 84.375 -0.88518
20.375 84.625 -0.26833
20.375 84.875 -0.52661
20.375 85.125 -0.62362
20.375 85.375 -0.56356
20.375 85.625 0.11363
20.375 85.875 -0.35348
20.375 86.125 0.15702
20.375 86.375 -0.10734
20.375 86.625 NaN
20.625 73.125 0.29774
20.625 73.375 1.2683
20.625 73.625 1.4693
20.625 73.875 2.2153
20.625 74.125 0.28954
20.625 74.375 1.1648
20.625 74.625 0.93063
20.625 74.875 0.72424
20.625 75.125 1.7212
20.625 75.375 1.0383
20.625 75.625 0.25831
20.625 75.875 -0.24735
20.625 76.125 -0.17288
20.625 76.375 -0.10729
20.625 76.625 0.0093698
20.625 76.875 0.27595
20.625 77.125 0.50431
20.625 77.375 0.059846
20.625 77.625 0.18458
20.625 77.875 0.74202
20.625 78.125 0.936
20.625 78.375 0.88763
20.625 78.625 0.95114
20.625 78.875 0.94736
20.625 79.125 0.86521
20.625 79.375 0.72056
20.625 79.625 1.3213
20.625 79.875 1.4666
20.625 80.125 2.031
20.625 80.375 0.95081
20.625 80.625 0.7954
20.625 80.875 1.3919
20.625 81.125 0.99241
20.625 81.375 0.86889
20.625 81.625 0.69516
20.625 81.875 1.2032
20.625 82.125 3.4549
20.625 82.375 2.0102
20.625 82.625 1.0477
20.625 82.875 1.105
20.625 83.125 0.85251
20.625 83.375 0.18583
20.625 83.625 -0.12104
20.625 83.875 -0.39228
20.625 84.125 -0.93751
20.625 84.375 -0.66321
20.625 84.625 -0.08386
20.625 84.875 -0.012022
20.625 85.125 -0.47978
20.625 85.375 0.67477
20.625 85.625 -0.86952
20.625 85.875 0.065581
20.625 86.125 0.59996
20.625 86.375 0.33855
20.625 86.625 0.31653
20.625 86.875 NaN
20.875 70.625 1.2593
20.875 70.875 0.54602
20.875 71.125 0.24265
20.875 71.375 0.93877
20.875 72.875 0.41409
20.875 73.125 1.3411
20.875 73.375 0.90759
20.875 73.625 1.3962
20.875 73.875 1.0486
20.875 74.125 1.0135
20.875 74.375 1.0609
20.875 74.625 0.76599
20.875 74.875 0.085684
20.875 75.125 0.85592
20.875 75.375 -0.28961
20.875 75.625 -0.41635
20.875 75.875 0.018806
20.875 76.125 0.078844
20.875 76.375 -0.27893
20.875 76.625 0.083035
20.875 76.875 0.56571
20.875 77.125 0.37641
20.875 77.375 0.019337
20.875 77.625 0.4943
20.875 77.875 1.0488
20.875 78.125 1.3075
20.875 78.375 1.0159
20.875 78.625 0.45241
20.875 78.875 0.63628
20.875 79.125 0.61511
20.875 79.375 0.19444
20.875 79.625 0.42906
20.875 79.875 0.50216
20.875 80.125 0.81897
20.875 80.375 0.34844
20.875 80.625 0.80015
20.875 80.875 1.5548
20.875 81.125 1.7108
20.875 81.375 0.71953
20.875 81.625 1.4069
20.875 81.875 1.1059
20.875 82.125 1.7473
20.875 82.375 1.7724
20.875 82.625 0.20927
20.875 82.875 0.62816
20.875 83.125 1.002
20.875 83.375 -0.030759
20.875 83.625 0.14594
20.875 83.875 -0.002204
20.875 84.125 -0.3612
20.875 84.375 0.86891
20.875 84.625 -0.024308
20.875 84.875 0.36651
20.875 85.125 0.13755
20.875 85.375 0.98065
20.875 85.625 0.61095
20.875 85.875 0.57514
20.875 86.125 -0.12012
20.875 86.375 -0.70399
20.875 86.625 -0.12
21.125 70.375 1.0852
21.125 70.625 0.45861
21.125 70.875 -0.052147
21.125 71.125 0.17736
21.125 71.375 0.44607
21.125 71.625 NaN
21.125 71.875 NaN
21.125 72.875 -0.37432
21.125 73.125 0.13308
21.125 73.375 1.7062
21.125 73.625 0.24464
21.125 73.875 0.576
21.125 74.125 0.40521
21.125 74.375 0.20761
21.125 74.625 0.40119
21.125 74.875 0.68855
21.125 75.125 0.11169
21.125 75.375 1.2116
21.125 75.625 0.019748
21.125 75.875 -0.045436
21.125 76.125 0.89235
21.125 76.375 0.7918
21.125 76.625 0.0088692
21.125 76.875 0.07343
21.125 77.125 -0.26754
21.125 77.375 0.0021223
21.125 77.625 0.37464
21.125 77.875 0.70069
21.125 78.125 0.29558
21.125 78.375 0.26804
21.125 78.625 0.053607
21.125 78.875 0.68607
21.125 79.125 0.48867
21.125 79.375 0.094388
21.125 79.625 0.062973
21.125 79.875 0.4137
21.125 80.125 -0.045692
21.125 80.375 -0.13049
21.125 80.625 0.65775
21.125 80.875 0.60349
21.125 81.125 0.28453
21.125 81.375 0.90725
21.125 81.625 1.2842
21.125 81.875 1.2092
21.125 82.125 1.6709
21.125 82.375 0.91899
21.125 82.625 0.94137
21.125 82.875 1.246
21.125 83.125 0.68783
21.125 83.375 0.46248
21.125 83.625 0.79245
21.125 83.875 0.49265
21.125 84.125 -0.25867
21.125 84.375 -0.46069
21.125 84.625 0.66287
21.125 84.875 0.97198
21.125 85.125 0.83318
21.125 85.375 0.9782
21.125 85.625 1.4874
21.125 85.875 2.2872
21.125 86.125 -0.17261
21.125 86.375 -0.14158
21.125 86.625 0.2306
21.375 70.125 1.4092
21.375 70.375 0.82272
21.375 70.625 0.81584
21.375 70.875 0.17365
21.375 71.125 -0.18374
21.375 71.375 0.16399
21.375 71.625 0.084031
21.375 71.875 0.07506
21.375 72.875 0.77226
21.375 73.125 1.5703
21.375 73.375 1.7603
21.375 73.625 0.93904
21.375 73.875 0.71927
21.375 74.125 0.010505
21.375 74.375 0.075862
21.375 74.625 0.67681
21.375 74.875 1.4665
21.375 75.125 0.97417
21.375 75.375 0.5573
21.375 75.625 0.10899
21.375 75.875 0.091219
21.375 76.125 1.368
21.375 76.375 0.63061
21.375 76.625 -0.35705
21.375 76.875 -0.47986
21.375 77.125 -0.33965
21.375 77.375 0.10993
21.375 77.625 0.23189
21.375 77.875 0.095579
21.375 78.125 0.41991
21.375 78.375 1.4612
21.375 78.625 0.97733
21.375 78.875 0.53992
21.375 79.125 0.35315
21.375 79.375 -0.014528
21.375 79.625 -0.83008
21.375 79.875 0.53545
21.375 80.125 -0.5189
21.375 80.375 -0.39602
21.375 80.625 0.24561
21.375 80.875 -0.35151
21.375 81.125 -1.1467
21.375 81.375 0.10022
21.375 81.625 0.58883
21.375 81.875 1.2928
21.375 82.125 1.2302
21.375 82.375 1.2515
21.375 82.625 0.9347
21.375 82.875 1.1178
21.375 83.125 0.96668
21.375 83.375 1.0146
21.375 83.625 0.89306
21.375 83.875 0.59356
21.375 84.125 0.20463
21.375 84.375 0.25276
21.375 84.625 0.50699
21.375 84.875 0.73131
21.375 85.125 1.0106
21.375 85.375 1.0881
21.375 85.625 1.9443
21.375 85.875 1.1303
21.375 86.125 0.73473
21.375 86.375 0.44802
21.375 86.625 0.17683
21.375 86.875 0.17831
21.625 69.875 0.51857
21.625 70.125 0.1065
21.625 70.375 0.62178
21.625 70.625 0.8788
21.625 70.875 0.21773
21.625 71.125 0.065254
21.625 71.375 1.0101
21.625 71.625 0.90994
21.625 71.875 0.40634
21.625 72.125 0.1429
21.625 72.875 0.92892
21.625 73.125 1.0056
21.625 73.375 0.68941
21.625 73.625 0.562
21.625 73.875 0.43735
21.625 74.125 0.2187
21.625 74.375 0.017042
21.625 74.625 1.1682
21.625 74.875 1.9666
21.625 75.125 0.63196
21.625 75.375 0.2628
21.625 75.625 0.01621
21.625 75.875 0.14437
21.625 76.125 0.66849
21.625 76.375 0.011804
21.625 76.625 -0.38692
21.625 76.875 -0.062963
21.625 77.125 0.39034
21.625 77.375 0.3841
21.625 77.625 -0.098428
21.625 77.875 0.1444
21.625 78.125 0.32473
21.625 78.375 1.3266
21.625 78.625 0.42185
21.625 78.875 0.11311
21.625 79.125 0.065087
21.625 79.375 0.054814
21.625 79.625 -0.19952
21.625 79.875 -0.04939
21.625 80.125 -0.01592
21.625 80.375 0.28014
21.625 80.625 -0.39032
21.625 80.875 -0.55676
21.625 81.125 -1.0423
21.625 81.375 -0.88073
21.625 81.625 0.12678
21.625 81.875 1.0033
21.625 82.125 1.2588
21.625 82.375 0.69713
21.625 82.625 1.1366
21.625 82.875 NaN
21.625 83.125 1.2811
21.625 83.375 0.54208
21.625 83.625 0.79241
21.625 83.875 1.106
21.625 84.125 0.68162
21.625 84.375 0.96295
21.625 84.625 1.0136
21.625 84.875 1.7935
21.625 85.125 0.92784
21.625 85.375 1.2692
21.625 85.625 1.0704
21.625 85.875 1.3835
21.625 86.125 1.0134
21.625 86.375 1.0942
21.625 86.625 -0.42526
21.625 86.875 -0.18419
21.625 87.125 0.1762
21.625 87.375 NaN
21.875 69.375 NaN
21.875 69.625 0.73172
21.875 69.875 0.54266
21.875 70.125 0.37651
21.875 70.375 0.59311
21.875 70.625 0.65338
21.875 70.875 -0.10201
21.875 71.125 -0.27381
21.875 71.375 0.36048
21.875 71.625 0.60592
21.875 71.875 0.18939
21.875 72.125 0.13008
21.875 72.625 NaN
21.875 72.875 0.22784
21.875 73.125 0.32475
21.875 73.375 0.10865
21.875 73.625 -0.014673
21.875 73.875 0.20815
21.875 74.125 -0.072769
21.875 74.375 -0.35186
21.875 74.625 0.50195
21.875 74.875 0.29097
21.875 75.125 0.32574
21.875 75.375 -0.42199
21.875 75.625 -0.019761
21.875 75.875 0.7425
21.875 76.125 0.61881
21.875 76.375 0.24946
21.875 76.625 0.050238
21.875 76.875 0.44335
21.875 77.125 0.6356
21.875 77.375 0.22089
21.875 77.625 -0.032242
21.875 77.875 -0.27746
21.875 78.125 -0.46157
21.875 78.375 -0.4115
21.875 78.625 0.05856
21.875 78.875 0.26297
21.875 79.125 0.67949
21.875 79.375 0.72006
21.875 79.625 0.3656
21.875 79.875 0.58065
21.875 80.125 0.69742
21.875 80.375 0.61457
21.875 80.625 0.2483
21.875 80.875 -0.24238
21.875 81.125 -0.58604
21.875 81.375 -0.0073786
21.875 81.625 0.89758
21.875 81.875 -0.19491
21.875 82.125 1.2086
21.875 82.375 0.83036
21.875 82.625 0.19758
21.875 82.875 0.54367
21.875 83.125 0.77123
21.875 83.375 0.44551
21.875 83.625 0.71968
21.875 83.875 1.4837
21.875 84.125 0.59891
21.875 84.375 0.87859
21.875 84.625 1.1367
21.875 84.875 1.2299
21.875 85.125 1.2161
21.875 85.375 1.3449
21.875 85.625 0.34244
21.875 85.875 1.6658
21.875 86.125 1.1167
21.875 86.375 1.1732
21.875 86.625 -0.25549
21.875 86.875 -0.41845
21.875 87.125 0.14084
21.875 87.375 0.49295
21.875 87.625 0.30967
21.875 87.875 0.57309
21.875 88.375 0.63392
21.875 88.625 NaN
21.875 88.875 NaN
22.125 69.125 1.3911
22.125 69.375 0.69674
22.125 69.625 0.36322
22.125 69.875 0.093043
22.125 70.125 0.11776
22.125 70.375 0.17816
22.125 70.625 0.15188
22.125 70.875 0.3991
22.125 71.125 -0.35032
22.125 71.375 0.34018
22.125 71.625 0.37124
22.125 71.875 -0.04718
22.125 72.125 0.14062
22.125 72.625 NaN
22.125 72.875 -0.10236
22.125 73.125 -0.1552
22.125 73.375 0.42249
22.125 73.625 0.32353
22.125 73.875 0.41165
22.125 74.125 1.2636
22.125 74.375 -0.31934
22.125 74.625 -0.34263
22.125 74.875 0.057344
22.125 75.125 0.22797
22.125 75.375 0.034378
22.125 75.625 1.0521
22.125 75.875 1.0399
22.125 76.125 0.40984
22.125 76.375 0.35807
22.125 76.625 0.48919
22.125 76.875 0.62339
22.125 77.125 0.68579
22.125 77.375 0.30565
22.125 77.625 -0.11072
22.125 77.875 0.082013
22.125 78.125 -0.19685
22.125 78.375 -0.47687
22.125 78.625 -0.44086
22.125 78.875 -0.086374
22.125 79.125 0.41067
22.125 79.375 0.068266
22.125 79.625 0.56857
22.125 79.875 1.136
22.125 80.125 1.037
22.125 80.375 1.3756
22.125 80.625 1.005
22.125 80.875 -0.19362
22.125 81.125 -0.97508
22.125 81.375 1.305
22.125 81.625 0.20813
22.125 81.875 0.37653
22.125 82.125 0.45163
22.125 82.375 0.029857
22.125 82.625 -0.076905
22.125 82.875 0.069615
22.125 83.125 -0.06932
22.125 83.375 0.043605
22.125 83.625 0.72221
22.125 83.875 0.43446
22.125 84.125 0.49606
22.125 84.375 0.21484
22.125 84.625 0.61408
22.125 84.875 1.699
22.125 85.125 1.2268
22.125 85.375 1.1786
22.125 85.625 0.90479
22.125 85.875 1.152
22.125 86.125 1.006
22.125 86.375 0.95961
22.125 86.625 0.50467
22.125 86.875 0.41133
22.125 87.125 0.23152
22.125 87.375 -0.077206
22.125 87.625 0.017
22.125 87.875 0.71405
22.125 88.125 0.86492
22.125 88.375 0.75662
22.125 92.875 NaN
22.375 69.125 1.2488
22.375 69.875 0.22239
22.375 70.125 0.22656
22.375 70.375 -0.22794
22.375 70.625 0.17828
22.375 70.875 0.23418
22.375 71.125 0.39437
22.375 71.375 0.47475
22.375 71.625 -0.056167
22.375 71.875 -0.03396
22.375 72.125 0.18038
22.375 72.625 NaN
22.375 72.875 0.044848
22.375 73.125 0.22818
22.375 73.375 0.08964
22.375 73.625 0.52175
22.375 73.875 0.78358
22.375 74.125 0.54097
22.375 74.375 -0.16123
22.375 74.625 -0.33336
22.375 74.875 0.35854
22.375 75.125 0.38183
22.375 75.375 0.63578
22.375 75.625 0.68225
22.375 75.875 -0.031173
22.375 76.125 0.31835
22.375 76.375 0.56791
22.375 76.625 0.8828
22.375 76.875 0.77225
22.375 77.125 0.85799
22.375 77.375 0.81766
22.375 77.625 0.64233
22.375 77.875 0.78225
22.375 78.125 0.57838
22.375 78.375 0.211
22.375 78.625 -0.041057
22.375 78.875 0.50521
22.375 79.125 0.61689
22.375 79.375 0.92558
22.375 79.625 1.2452
22.375 79.875 0.96064
22.375 80.125 1.184
22.375 80.375 2.1459
22.375 80.625 0.79397
22.375 80.875 0.13336
22.375 81.125 -0.10975
22.375 81.375 0.69723
22.375 81.625 0.35541
22.375 81.875 0.67809
22.375 82.125 0.19099
22.375 82.375 -0.10228
22.375 82.625 -0.6262
22.375 82.875 -0.6012
22.375 83.125 -0.80393
22.375 83.375 -0.91562
22.375 83.625 -0.82801
22.375 83.875 -0.033251
22.375 84.125 0.0089468
22.375 84.375 0.35172
22.375 84.625 0.69071
22.375 84.875 1.1883
22.375 85.125 1.0053
22.375 85.375 1.0328
22.375 85.625 0.63906
22.375 85.875 1.762
22.375 86.125 3.0458
22.375 86.375 0.88003
22.375 86.625 0.70674
22.375 86.875 0.41536
22.375 87.125 0.36947
22.375 87.375 -0.035014
22.375 87.625 -0.074116
22.375 87.875 1.234
22.375 88.125 -0.54246
22.375 88.375 0.64423
22.375 88.625 0.70656
22.375 88.875 0.64761
22.375 92.875 1.6499
22.625 70.375 0.71774
22.625 70.625 0.87049
22.625 70.875 0.46776
22.625 71.125 0.51569
22.625 71.375 0.34271
22.625 71.625 0.0072112
22.625 71.875 -0.16679
22.625 72.125 -0.13253
22.625 72.375 0.14004
22.625 72.625 1.6915
22.625 72.875 0.010471
22.625 73.125 -0.29296
22.625 73.375 0.5729
22.625 73.625 -0.069263
22.625 73.875 -0.39153
22.625 74.125 0.21261
22.625 74.375 0.20659
22.625 74.625 0.018438
22.625 74.875 0.23867
22.625 75.125 0.30982
22.625 75.375 0.95418
22.625 75.625 0.78719
22.625 75.875 -0.057104
22.625 76.125 0.21234
22.625 76.375 0.26025
22.625 76.625 0.64933
22.625 76.875 0.8758
22.625 77.125 1.0634
22.625 77.375 1.1772
22.625 77.625 1.1362
22.625 77.875 1.438
22.625 78.125 1.3176
22.625 78.375 0.88425
22.625 78.625 0.87123
22.625 78.875 0.78103
22.625 79.125 0.9693
22.625 79.375 0.99168
22.625 79.625 0.88217
22.625 79.875 0.64953
22.625 80.125 1.0146
22.625 80.375 0.2575
22.625 80.625 -0.69292
22.625 80.875 -0.58422
22.625 81.125 0.55467
22.625 81.375 0.25709
22.625 81.625 0.59284
22.625 81.875 0.57946
22.625 82.125 0.0051834
22.625 82.375 -0.69439
22.625 82.625 -0.96443
22.625 82.875 -0.87302
22.625 83.125 -0.9621
22.625 83.375 -0.58607
22.625 83.625 -0.15483
22.625 83.875 -0.64947
22.625 84.125 -0.12444
22.625 84.375 0.23662
22.625 84.625 0.93852
22.625 84.875 1.549
22.625 85.125 1.1324
22.625 85.375 0.69924
22.625 85.625 1.3095
22.625 85.875 1.5895
22.625 86.125 2.385
22.625 86.375 0.73427
22.625 86.625 0.62061
22.625 86.875 0.58622
22.625 87.125 0.49366
22.625 87.375 0.24974
22.625 87.625 0.37677
22.625 87.875 0.61052
22.625 88.125 0.48505
22.625 88.375 0.88179
22.625 88.625 0.77936
22.625 88.875 0.74582
22.625 92.625 0.12384
22.625 92.875 1.3824
22.875 69.375 NaN
22.875 69.625 NaN
22.875 69.875 NaN
22.875 70.625 1.0679
22.875 70.875 0.58315
22.875 71.125 0.30553
22.875 71.375 -0.23807
22.875 71.625 -0.187
22.875 71.875 -0.3816
22.875 72.125 -0.096448
22.875 72.375 0.42144
22.875 72.625 1.1926
22.875 72.875 0.11653
22.875 73.125 0.67262
22.875 73.375 0.68001
22.875 73.625 -0.078151
22.875 73.875 -0.033893
22.875 74.125 0.17355
22.875 74.375 -0.36354
22.875 74.625 -0.0054913
22.875 74.875 0.50573
22.875 75.125 0.29031
22.875 75.375 -0.023936
22.875 75.625 -0.16548
22.875 75.875 -0.10476
22.875 76.125 -0.20633
22.875 76.375 -0.28977
22.875 76.625 0.071713
22.875 76.875 0.72407
22.875 77.125 0.74444
22.875 77.375 1.3381
22.875 77.625 1.2011
22.875 77.875 1.4327
22.875 78.125 1.8961
22.875 78.375 1.2927
22.875 78.625 1.2433
22.875 78.875 1.0672
22.875 79.125 0.56434
22.875 79.375 0.53335
22.875 79.625 -0.12545
22.875 79.875 0.57392
22.875 80.125 0.42273
22.875 80.375 0.56739
22.875 80.625 -0.13969
22.875 80.875 0.16764
22.875 81.125 0.49742
22.875 81.375 0.20778
22.875 81.625 -0.14303
22.875 81.875 0.095409
22.875 82.125 -0.17022
22.875 82.375 0.013063
22.875 82.625 -0.47009
22.875 82.875 -0.29485
22.875 83.125 -0.98745
22.875 83.375 -0.1881
22.875 83.625 0.34262
22.875 83.875 -0.090676
22.875 84.125 -0.22282
22.875 84.375 0.15676
22.875 84.625 1.2876
22.875 84.875 1.3149
22.875 85.125 1.9775
22.875 85.375 1.8307
22.875 85.625 1.3495
22.875 85.875 0.56398
22.875 86.125 0.14907
22.875 86.375 0.50836
22.875 86.625 1.2152
22.875 86.875 1.2606
22.875 87.125 0.75225
22.875 87.375 0.53607
22.875 87.625 -0.013784
22.875 87.875 -1.1055
22.875 88.125 -0.040208
22.875 88.375 0.41355
22.875 88.625 0.79584
22.875 92.625 0.22282
22.875 92.875 1.0048
23.125 68.875 0.41999
23.125 69.125 1.0049
23.125 69.375 1.2189
23.125 69.625 1.4009
23.125 69.875 1.4793
23.125 70.125 1.3071
23.125 70.875 0.54737
23.125 71.125 0.40437
23.125 71.375 -0.11152
23.125 71.625 0.0035033
23.125 71.875 -0.41729
23.125 72.125 -0.19424
23.125 72.375 -0.36389
23.125 72.625 1.1533
23.125 72.875 0.39425
23.125 73.125 -0.0063001
23.125 73.375 0.66285
23.125 73.625 0.632
23.125 73.875 0.48489
23.125 74.125 0.013635
23.125 74.375 0.091081
23.125 74.625 1.0685
23.125 74.875 0.61581
23.125 75.125 0.30593
23.125 75.375 0.077375
23.125 75.625 -0.10054
23.125 75.875 -0.070365
23.125 76.125 -0.42022
23.125 76.375 -0.51397
23.125 76.625 -0.60376
23.125 76.875 -0.33234
23.125 77.125 0.25682
23.125 77.375 0.9495
23.125 77.625 0.98661
23.125 77.875 1.0106
23.125 78.125 1.1292
23.125 78.375 1.2509
23.125 78.625 1.2053
23.125 78.875 0.82723
23.125 79.125 0.20355
23.125 79.375 0.59534
23.125 79.625 -0.10593
23.125 79.875 0.25396
23.125 80.125 0.29717
23.125 80.375 0.53948
23.125 80.625 1.0676
23.125 80.875 1.1838
23.125 81.125 0.89047
23.125 81.375 0.073227
23.125 81.625 -0.10671
23.125 81.875 0.10563
23.125 82.125 0.26932
23.125 82.375 0.53735
23.125 82.625 0.72385
23.125 82.875 -0.27905
23.125 83.125 -0.67321
23.125 83.375 1.671
23.125 83.625 2.9157
23.125 83.875 1.579
23.125 84.125 0.43006
23.125 84.375 1.162
23.125 84.625 1.3801
23.125 84.875 1.3385
23.125 85.125 1.1522
23.125 85.375 2.0151
23.125 85.625 0.808
23.125 85.875 -0.0011217
23.125 86.125 0.37372
23.125 86.375 1.1479
23.125 86.625 1.0449
23.125 86.875 1.177
23.125 87.125 0.72014
23.125 87.375 0.72691
23.125 87.625 0.53561
23.125 87.875 -0.3454
23.125 88.125 -0.67579
23.125 88.375 -0.31923
23.125 88.625 0.22177
23.125 91.625 NaN
23.125 92.625 0.025158
23.125 92.875 0.17023
23.125 93.125 NaN
23.375 68.875 0.72906
23.375 69.125 0.99612
23.375 69.375 1.2974
23.375 69.625 1.4894
23.375 69.875 1.4376
23.375 70.125 1.4885
23.375 70.375 1.6801
23.375 70.625 1.6153
23.375 70.875 1.1135
23.375 71.125 0.90836
23.375 71.375 0.22458
23.375 71.625 -0.25737
23.375 71.875 -0.13428
23.375 72.125 -0.22634
23.375 72.375 -0.11362
23.375 72.625 0.15973
23.375 72.875 0.78523
23.375 73.125 0.62631
23.375 73.375 0.39383
23.375 73.625 0.04835
23.375 73.875 -0.10868
23.375 74.125 -0.086364
23.375 74.375 0.11045
23.375 74.625 1.5325
23.375 74.875 1.0059
23.375 75.125 0.22476
23.375 75.375 0.22405
23.375 75.625 -0.19064
23.375 75.875 -0.24063
23.375 76.125 -0.16759
23.375 76.375 -0.37707
23.375 76.625 -0.42216
23.375 76.875 -0.13124
23.375 77.125 -0.23415
23.375 77.375 0.67327
23.375 77.625 0.1238
23.375 77.875 0.54453
23.375 78.125 0.35758
23.375 78.375 0.63354
23.375 78.625 0.76631
23.375 78.875 0.45317
23.375 79.125 -0.083064
23.375 79.375 0.080693
23.375 79.625 0.54398
23.375 79.875 0.43405
23.375 80.125 0.10586
23.375 80.375 0.40711
23.375 80.625 1.0718
23.375 80.875 0.9675
23.375 81.125 0.20659
23.375 81.375 -0.029051
23.375 81.625 0.42186
23.375 81.875 0.53057
23.375 82.125 1.274
23.375 82.375 0.058779
23.375 82.625 0.055269
23.375 82.875 -0.15534
23.375 83.125 1.399
23.375 83.375 2.4456
23.375 83.625 2.7495
23.375 83.875 1.1013
23.375 84.125 0.92181
23.375 84.375 1.4469
23.375 84.625 1.0183
23.375 84.875 0.40772
23.375 85.125 0.87805
23.375 85.375 0.88497
23.375 85.625 0.83092
23.375 85.875 0.1811
23.375 86.125 -0.052493
23.375 86.375 0.55695
23.375 86.625 0.23995
23.375 86.875 0.43838
23.375 87.125 0.53139
23.375 87.375 0.21122
23.375 87.625 0.5492
23.375 87.875 -0.47766
23.375 88.125 -0.73258
23.375 88.375 -0.46084
23.375 88.625 -0.25792
23.375 91.375 -0.47588
23.375 91.625 -0.59714
23.375 92.625 -0.071352
23.375 92.875 -0.20482
23.375 93.125 -0.77379
23.625 68.625 0.75442
23.625 68.875 0.7718
23.625 69.125 0.8289
23.625 69.375 1.1493
23.625 69.625 1.2969
23.625 69.875 1.3864
23.625 70.125 1.56
23.625 70.375 1.6289
23.625 70.625 1.6877
23.625 70.875 1.2137
23.625 71.125 1.1731
23.625 71.375 1.1483
23.625 71.625 -0.090996
23.625 71.875 -0.23352
23.625 72.125 0.092305
23.625 72.375 -0.15612
23.625 72.625 0.54365
23.625 72.875 1.1037
23.625 73.125 0.85392
23.625 73.375 0.59643
23.625 73.625 0.43737
23.625 73.875 0.036527
23.625 74.125 0.44967
23.625 74.375 0.44626
23.625 74.625 0.96054
23.625 74.875 0.68401
23.625 75.125 -0.49192
23.625 75.375 -0.061334
23.625 75.625 0.3679
23.625 75.875 0.35217
23.625 76.125 0.23173
23.625 76.375 0.33466
23.625 76.625 1.1295
23.625 76.875 1.0135
23.625 77.125 0.12533
23.625 77.375 0.1406
23.625 77.625 -0.31707
23.625 77.875 0.24482
23.625 78.125 0.25358
23.625 78.375 0.29125
23.625 78.625 0.090073
23.625 78.875 0.11647
23.625 79.125 -0.051062
23.625 79.375 0.10575
23.625 79.625 0.33316
23.625 79.875 1.1138
23.625 80.125 0.42844
23.625 80.375 0.48275
23.625 80.625 0.98845
23.625 80.875 0.76698
23.625 81.125 -0.24792
23.625 81.375 0.39782
23.625 81.625 0.89342
23.625 81.875 1.1247
23.625 82.125 1.0249
23.625 82.375 1.0137
23.625 82.625 1.2107
23.625 82.875 1.5064
23.625 83.125 1.7987
23.625 83.375 1.0991
23.625 83.625 1.2579
23.625 83.875 0.62236
23.625 84.125 0.60896
23.625 84.375 0.61087
23.625 84.625 0.36009
23.625 84.875 0.20272
23.625 85.125 0.4668
23.625 85.375 0.81008
23.625 85.625 0.67869
23.625 85.875 2.1697
23.625 86.125 -1.0495
23.625 86.375 0.5408
23.625 86.625 0.32269
23.625 86.875 0.089187
23.625 87.125 -0.14937
23.625 87.375 0.30994
23.625 87.625 0.016121
23.625 87.875 -0.3456
23.625 88.125 -0.55088
23.625 88.375 -0.57589
23.625 91.375 -0.41678
23.625 91.625 -0.59948
23.625 91.875 NaN
23.625 92.375 -0.39476
23.625 92.625 -0.22014
23.625 92.875 -0.52917
23.625 93.125 -0.79759
23.875 68.875 0.63255
23.875 69.125 0.6712
23.875 69.375 0.99092
23.875 69.625 1.2816
23.875 69.875 1.4857
23.875 70.125 1.4402
23.875 70.375 1.4032
23.875 70.625 1.3839
23.875 70.875 1.1714
23.875 71.125 1.3908
23.875 71.375 1.8692
23.875 71.625 0.84256
23.875 71.875 0.46898
23.875 72.125 0.73875
23.875 72.375 0.62563
23.875 72.625 0.8949
23.875 72.875 1.852
23.875 73.125 1.4889
23.875 73.375 1.9115
23.875 73.625 0.36609
23.875 73.875 0.72194
23.875 74.125 0.45493
23.875 74.375 0.58839
23.875 74.625 0.54179
23.875 74.875 0.048553
23.875 75.125 0.011146
23.875 75.375 -0.11648
23.875 75.625 0.14579
23.875 75.875 0.12671
23.875 76.125 0.97499
23.875 76.375 0.95624
23.875 76.625 1.8777
23.875 76.875 1.3463
23.875 77.125 0.26085
23.875 77.375 0.31632
23.875 77.625 0.14727
23.875 77.875 0.49534
23.875 78.125 0.25702
23.875 78.375 -0.091352
23.875 78.625 -0.0029789
23.875 78.875 0.27214
23.875 79.125 0.049465
23.875 79.375 0.10065
23.875 79.625 0.38276
23.875 79.875 0.42493
23.875 80.125 0.22602
23.875 80.375 -0.099004
23.875 80.625 0.7021
23.875 80.875 0.1531
23.875 81.125 -0.015064
23.875 81.375 0.73196
23.875 81.625 0.76815
23.875 81.875 1.1796
23.875 82.125 1.3996
23.875 82.375 1.4435
23.875 82.625 1.427
23.875 82.875 1.1498
23.875 83.125 1.1987
23.875 83.375 0.080554
23.875 83.625 0.35883
23.875 83.875 0.95843
23.875 84.125 1.3902
23.875 84.375 0.73202
23.875 84.625 0.61565
23.875 84.875 -0.12122
23.875 85.125 -0.51642
23.875 85.375 0.25481
23.875 85.625 0.27345
23.875 85.875 0.79006
23.875 86.125 0.44254
23.875 86.375 1.5084
23.875 86.625 0.72834
23.875 86.875 0.66013
23.875 87.125 -0.21948
23.875 87.375 -0.068259
23.875 87.625 -0.019339
23.875 87.875 -0.26742
23.875 88.125 -0.28638
23.875 88.375 -0.56709
23.875 91.375 -0.73944
23.875 91.625 -0.8503
23.875 91.875 0.27331
23.875 92.125 0.16737
23.875 92.375 -0.22144
23.875 92.625 -0.18477
23.875 92.875 -1.1762
23.875 93.125 -1.068
23.875 93.375 -0.89903
24.125 68.875 0.6813
24.125 69.125 0.66341
24.125 69.375 0.96165
24.125 69.625 1.3542
24.125 69.875 1.4109
24.125 70.125 1.4685
24.125 70.375 1.5409
24.125 70.625 1.3535
24.125 70.875 1.3243
24.125 71.125 1.4045
24.125 71.375 1.5382
24.125 71.625 0.66925
24.125 71.875 0.61442
24.125 72.125 0.88575
24.125 72.375 0.68746
24.125 72.625 1.0823
24.125 72.875 1.1277
24.125 73.125 1.1123
24.125 73.375 0.68976
24.125 73.625 0.54972
24.125 73.875 0.6327
24.125 74.125 0.69002
24.125 74.375 0.65264
24.125 74.625 -0.10751
24.125 74.875 -0.45966
24.125 75.125 -0.60314
24.125 75.375 -0.23386
24.125 75.625 -0.13955
24.125 75.875 0.10226
24.125 76.125 0.66435
24.125 76.375 0.86307
24.125 76.625 1.1954
24.125 76.875 1.7115
24.125 77.125 1.0339
24.125 77.375 0.62415
24.125 77.625 0.56776
24.125 77.875 0.11863
24.125 78.125 -0.21536
24.125 78.375 0.015497
24.125 78.625 0.043102
24.125 78.875 -0.15892
24.125 79.125 -0.083454
24.125 79.375 -0.037969
24.125 79.625 -0.74292
24.125 79.875 0.080137
24.125 80.125 -0.53057
24.125 80.375 -0.24151
24.125 80.625 0.47185
24.125 80.875 0.43152
24.125 81.125 0.11122
24.125 81.375 0.87247
24.125 81.625 0.97749
24.125 81.875 0.60238
24.125 82.125 1.1347
24.125 82.375 1.3126
24.125 82.625 1.0282
24.125 82.875 0.42768
24.125 83.125 0.95326
24.125 83.375 -0.45384
24.125 83.625 -0.48137
24.125 83.875 0.52893
24.125 84.125 1.0014
24.125 84.375 0.65977
24.125 84.625 0.55537
24.125 84.875 -0.20844
24.125 85.125 -0.7162
24.125 85.375 -0.076318
24.125 85.625 -0.13867
24.125 85.875 0.57088
24.125 86.125 0.086492
24.125 86.375 -0.73403
24.125 86.625 -0.29502
24.125 86.875 -0.15708
24.125 87.125 -0.66403
24.125 87.375 -0.63967
24.125 87.625 -0.77179
24.125 87.875 -0.61365
24.125 88.125 -0.39014
24.125 88.375 -0.43961
24.125 91.875 0.10142
24.125 92.125 0.12586
24.125 92.375 -0.65842
24.125 92.625 -0.34109
24.125 92.875 -1.01
24.125 93.125 -1.1924
24.125 93.375 -0.59288
24.125 93.625 -0.44016
24.125 93.875 -0.38665
24.125 94.125 NaN
24.375 71.375 1.3632
24.375 71.625 0.91377
24.375 71.875 0.76452
24.375 72.125 0.72849
24.375 72.375 0.086947
24.375 72.625 0.72568
24.375 72.875 0.77085
24.375 73.125 0.86726
24.375 73.375 1.1986
24.375 73.625 1.2428
24.375 73.875 0.7192
24.375 74.125 0.12226
24.375 74.375 0.78344
24.375 74.625 0.60682
24.375 74.875 0.22748
24.375 75.125 -0.10739
24.375 75.375 0.67819
24.375 75.625 1.3918
24.375 75.875 1.3701
24.375 76.125 0.81954
24.375 76.375 1.1189
24.375 76.625 1.6353
24.375 76.875 1.5967
24.375 77.125 1.2697
24.375 77.375 1.2439
24.375 77.625 1.2429
24.375 77.875 1.1637
24.375 78.125 0.63423
24.375 78.375 1.0937
24.375 78.625 0.09597
24.375 78.875 0.2833
24.375 79.125 0.40665
24.375 79.375 0.12947
24.375 79.625 -0.1245
24.375 79.875 -0.071271
24.375 80.125 -0.52382
24.375 80.375 0.19566
24.375 80.625 0.64111
24.375 80.875 0.72348
24.375 81.125 0.36686
24.375 81.375 0.77488
24.375 81.625 1.0083
24.375 81.875 1.5839
24.375 82.125 1.2536
24.375 82.375 1.1013
24.375 82.625 1.1535
24.375 82.875 1.337
24.375 83.125 0.86222
24.375 83.375 0.41542
24.375 83.625 0.055892
24.375 83.875 -0.00026459
24.375 84.125 0.013708
24.375 84.375 0.66394
24.375 84.625 0.40692
24.375 84.875 -0.07658
24.375 85.125 0.21135
24.375 85.375 0.25215
24.375 85.625 0.20542
24.375 85.875 -0.49556
24.375 86.125 -0.4488
24.375 86.375 -0.34075
24.375 86.625 -0.42228
24.375 86.875 -0.7715
24.375 87.125 -1.0902
24.375 87.375 -0.55974
24.375 87.625 -1.204
24.375 87.875 -0.96856
24.375 88.125 -0.78381
24.375 92.375 -1.3536
24.375 92.625 -0.64412
24.375 92.875 -0.90018
24.375 93.125 -1.1425
24.375 93.375 -0.66085
24.375 93.625 -0.51736
24.375 93.875 -0.36169
24.375 94.125 -0.14151
24.625 71.125 0.47574
24.625 71.375 1.1296
24.625 71.625 1.3318
24.625 71.875 1.1766
24.625 72.125 0.90376
24.625 72.375 0.68146
24.625 72.625 0.8653
24.625 72.875 1.0535
24.625 73.125 1.1772
24.625 73.375 1.4234
24.625 73.625 1.8028
24.625 73.875 1.3065
24.625 74.125 0.3226
24.625 74.375 0.59219
24.625 74.625 0.93097
24.625 74.875 0.61929
24.625 75.125 0.93254
24.625 75.375 1.4754
24.625 75.625 1.3132
24.625 75.875 1.0989
24.625 76.125 1.6149
24.625 76.375 2.045
24.625 76.625 1.6969
24.625 76.875 1.4394
24.625 77.125 1.3205
24.625 77.375 1.4191
24.625 77.625 1.2732
24.625 77.875 1.5422
24.625 78.125 0.76987
24.625 78.375 1.0486
24.625 78.625 0.32278
24.625 78.875 0.52761
24.625 79.125 0.65676
24.625 79.375 0.58622
24.625 79.625 0.35232
24.625 79.875 0.25805
24.625 80.125 0.39542
24.625 80.375 0.50541
24.625 80.625 0.65852
24.625 80.875 -0.14892
24.625 81.125 -0.66622
24.625 81.375 1.1246
24.625 81.625 1.4973
24.625 81.875 1.6933
24.625 82.125 -0.077619
24.625 82.375 0.1774
24.625 82.625 1.1621
24.625 82.875 1.4142
24.625 83.125 0.34461
24.625 83.375 -0.06055
24.625 83.625 0.68664
24.625 83.875 0.1687
24.625 84.125 0.47027
24.625 84.375 0.52122
24.625 84.625 -0.10895
24.625 84.875 -0.4048
24.625 85.125 -0.35998
24.625 85.375 -0.10076
24.625 85.625 -0.44795
24.625 85.875 -1.1472
24.625 86.125 -0.59889
24.625 86.375 -0.52148
24.625 86.625 -0.32468
24.625 86.875 -0.98357
24.625 87.125 -1.2545
24.625 87.375 -0.93496
24.625 87.625 -0.986
24.625 87.875 -0.87987
24.625 92.375 -0.50497
24.625 92.625 -0.84198
24.625 92.875 -0.74305
24.625 93.125 -0.14774
24.625 93.375 0.018699
24.625 93.625 -0.39837
24.625 93.875 -0.025048
24.625 94.125 0.052334
24.625 94.375 NaN
24.875 71.125 0.20345
24.875 71.375 0.30902
24.875 71.625 0.63895
24.875 71.875 0.38282
24.875 72.125 0.27625
24.875 72.375 0.76573
24.875 72.625 0.5365
24.875 72.875 0.48599
24.875 73.125 0.48082
24.875 73.375 1.164
24.875 73.625 1.4131
24.875 73.875 0.98612
24.875 74.125 0.36108
24.875 74.375 0.48968
24.875 74.625 0.76612
24.875 74.875 0.65245
24.875 75.125 1.5398
24.875 75.375 1.2055
24.875 75.625 0.47547
24.875 75.875 1.4008
24.875 76.125 1.8421
24.875 76.375 2.736
24.875 76.625 2.5975
24.875 76.875 1.8429
24.875 77.125 1.7032
24.875 77.375 1.7853
24.875 77.625 1.341
24.875 77.875 0.87553
24.875 78.125 1.0051
24.875 78.375 1.229
24.875 78.625 0.4173
24.875 78.875 2.0179
24.875 79.125 1.3778
24.875 79.375 0.86078
24.875 79.625 0.75381
24.875 79.875 0.5044
24.875 80.125 0.16685
24.875 80.375 0.70023
24.875 80.625 0.76148
24.875 80.875 -0.11505
24.875 81.125 -1.0054
24.875 81.375 -0.61896
24.875 81.625 0.35928
24.875 81.875 0.17545
24.875 82.125 -0.22495
24.875 82.375 -0.39097
24.875 82.625 1.4122
24.875 82.875 -0.03233
24.875 83.125 -0.4173
24.875 83.375 -0.55548
24.875 83.625 0.29452
24.875 83.875 -0.031973
24.875 84.125 0.13707
24.875 84.375 -1.1049
24.875 84.625 -0.73262
24.875 84.875 -0.12803
24.875 85.125 0.030844
24.875 85.375 -0.43926
24.875 85.625 -0.58189
24.875 85.875 -0.18775
24.875 86.125 -1.0732
24.875 86.375 -0.74623
24.875 86.625 -0.80969
24.875 86.875 -1.178
24.875 87.125 -1.277
24.875 87.375 -0.55106
24.875 87.625 -0.69465
24.875 87.875 -0.50654
24.875 88.125 0.009308
24.875 92.625 -0.47019
24.875 92.875 -0.14379
24.875 93.125 0.56759
24.875 93.375 -0.055721
24.875 93.625 0.15115
24.875 93.875 0.1808
24.875 94.125 0.061922
24.875 94.375 -0.0061526
25.125 71.125 0.5631
25.125 71.375 0.43441
25.125 71.625 0.33945
25.125 71.875 0.79257
25.125 72.125 0.8309
25.125 72.375 2.4246
25.125 72.625 1.8658
25.125 72.875 0.60576
25.125 73.125 0.82988
25.125 73.375 1.6235
25.125 73.625 1.319
25.125 73.875 0.49356
25.125 74.125 0.35133
25.125 74.375 0.92632
25.125 74.625 1.5495
25.125 74.875 1.5683
25.125 75.125 2.6558
25.125 75.375 1.2059
25.125 75.625 1.6811
25.125 75.875 1.3998
25.125 76.125 2.2817
25.125 76.375 2.7094
25.125 76.625 2.3487
25.125 76.875 1.853
25.125 77.125 1.658
25.125 77.375 1.4921
25.125 77.625 1.414
25.125 77.875 1.3149
25.125 78.125 1.2911
25.125 78.375 0.76967
25.125 78.625 0.30897
25.125 78.875 0.26164
25.125 79.125 0.90714
25.125 79.375 0.69488
25.125 79.625 0.43555
25.125 79.875 1.1927
25.125 80.125 0.20647
25.125 80.375 0.90057
25.125 80.625 0.64384
25.125 80.875 0.016277
25.125 81.125 -0.97257
25.125 81.375 -0.47854
25.125 81.625 -1.2608
25.125 81.875 -0.62471
25.125 82.125 0.312
25.125 82.375 1.2411
25.125 82.625 1.2642
25.125 82.875 -0.15791
25.125 83.125 -0.50656
25.125 83.375 -0.59023
25.125 83.625 -0.25211
25.125 83.875 0.046294
25.125 84.125 0.10893
25.125 84.375 -0.57334
25.125 84.625 -0.13643
25.125 84.875 -0.41653
25.125 85.125 0.26423
25.125 85.375 0.59158
25.125 85.625 -0.65808
25.125 85.875 -0.055024
25.125 86.125 -0.18675
25.125 86.375 -0.32816
25.125 86.625 -0.80359
25.125 86.875 -1.5283
25.125 87.125 -1.2358
25.125 87.375 -0.66717
25.125 87.625 -0.5473
25.125 87.875 -0.67803
25.125 88.125 -0.16819
25.125 88.375 -0.32203
25.125 92.375 -1.1196
25.125 92.625 -0.94841
25.125 92.875 0.095419
25.125 93.125 0.49685
25.125 93.375 0.17282
25.125 93.625 0.072545
25.125 93.875 -0.044788
25.125 94.125 -0.01911
25.125 94.375 -0.064856
25.375 70.875 -0.15333
25.375 71.125 -0.01564
25.375 71.375 0.24484
25.375 71.625 0.94063
25.375 71.875 1.0866
25.375 72.125 1.3105
25.375 72.375 2.3396
25.375 72.625 1.9971
25.375 72.875 1.4368
25.375 73.125 1.7299
25.375 73.375 2.0232
25.375 73.625 1.6135
25.375 73.875 0.7033
25.375 74.125 0.88368
25.375 74.375 1.1518
25.375 74.625 1.6868
25.375 74.875 2.1133
25.375 75.125 2.1573
25.375 75.375 2.0257
25.375 75.625 2.3111
25.375 75.875 2.0909
25.375 76.125 2.9736
25.375 76.375 3.2382
25.375 76.625 2.1978
25.375 76.875 1.5598
25.375 77.125 1.5222
25.375 77.375 1.6303
25.375 77.625 1.9193
25.375 77.875 1.7044
25.375 78.125 1.1391
25.375 78.375 1.0118
25.375 78.625 -0.66806
25.375 78.875 -0.76182
25.375 79.125 -0.29414
25.375 79.375 0.73001
25.375 79.625 0.77327
25.375 79.875 1.2105
25.375 80.125 0.86908
25.375 80.375 0.399
25.375 80.625 0.35926
25.375 80.875 -0.76704
25.375 81.125 -0.69767
25.375 81.375 -0.16281
25.375 81.625 -0.43263
25.375 81.875 -1.5073
25.375 82.125 -0.87762
25.375 82.375 -0.35408
25.375 82.625 -0.059048
25.375 82.875 -0.18572
25.375 83.125 -0.64504
25.375 83.375 -0.075487
25.375 83.625 0.011768
25.375 83.875 0.11959
25.375 84.125 0.32135
25.375 84.375 0.11685
25.375 84.625 -0.17821
25.375 84.875 0.18366
25.375 85.125 -0.21612
25.375 85.375 0.24672
25.375 85.625 0.50529
25.375 85.875 0.69685
25.375 86.125 1.1534
25.375 86.375 0.36907
25.375 86.625 -0.53718
25.375 86.875 -1.1194
25.375 87.125 -0.98956
25.375 87.375 -0.94768
25.375 87.625 -0.63703
25.375 87.875 -0.91015
25.375 88.125 -0.41411
25.375 88.375 -0.39525
25.375 88.625 -0.72607
25.375 90.125 0.20759
25.375 90.375 -0.13727
25.375 90.625 -0.22133
25.375 90.875 -0.24093
25.375 91.125 0.025969
25.375 91.375 0.1046
25.375 91.625 -0.3877
25.375 91.875 -0.48667
25.375 92.125 -0.97568
25.375 92.375 -1.487
25.375 92.625 -0.91574
25.375 92.875 0.25768
25.375 93.125 0.12793
25.375 93.375 -0.069261
25.375 93.625 0.57181
25.375 93.875 0.094893
25.375 94.125 0.23323
25.375 94.375 0.48757
25.625 70.875 -0.21639
25.625 71.125 0.14245
25.625 71.375 0.25208
25.625 71.625 0.67556
25.625 71.875 1.2875
25.625 72.125 0.97587
25.625 72.375 1.2113
25.625 72.625 0.56883
25.625 72.875 0.87142
25.625 73.125 1.909
25.625 73.375 1.8618
25.625 73.625 1.3418
25.625 73.875 1.4479
25.625 74.125 1.12
25.625 74.375 1.9007
25.625 74.625 1.9795
25.625 74.875 2.8032
25.625 75.125 2.0578
25.625 75.375 3.0012
25.625 75.625 3.6946
25.625 75.875 3.1768
25.625 76.125 2.9217
25.625 76.375 2.9553
25.625 76.625 2.079
25.625 76.875 1.1792
25.625 77.125 1.2145
25.625 77.375 1.7529
25.625 77.625 1.7921
25.625 77.875 1.193
25.625 78.125 0.67254
25.625 78.375 -0.28226
25.625 78.625 -0.59661
25.625 78.875 -0.8102
25.625 79.125 0.24918
25.625 79.375 0.93608
25.625 79.625 1.373
25.625 79.875 1.2017
25.625 80.125 1.1761
25.625 80.375 0.045882
25.625 80.625 -0.99362
25.625 80.875 -1.1921
25.625 81.125 -0.65989
25.625 81.375 -0.76353
25.625 81.625 -0.64029
25.625 81.875 -0.02088
25.625 82.125 -0.8016
25.625 82.375 0.64787
25.625 82.625 -0.59336
25.625 82.875 -1.2616
25.625 83.125 -0.68402
25.625 83.375 -0.72819
25.625 83.625 0.96136
25.625 83.875 0.53123
25.625 84.125 -0.49138
25.625 84.375 -0.53087
25.625 84.625 0.57629
25.625 84.875 0.27154
25.625 85.125 -0.56406
25.625 85.375 -0.53665
25.625 85.625 0.43327
25.625 85.875 -0.030449
25.625 86.125 -0.5951
25.625 86.375 -0.46508
25.625 86.625 -1.3373
25.625 86.875 -0.86248
25.625 87.125 -0.76772
25.625 87.375 -1.3356
25.625 87.625 -1.3555
25.625 87.875 -1.2419
25.625 88.125 -1.1578
25.625 90.125 0.19166
25.625 90.375 0.094918
25.625 90.625 -0.27232
25.625 90.875 -0.25415
25.625 91.125 0.60563
25.625 91.375 0.4047
25.625 91.625 -0.093172
25.625 91.875 -0.41914
25.625 92.125 -1.1888
25.625 92.375 -1.1316
25.625 92.625 -0.81021
25.625 92.875 -0.35522
25.625 93.125 -0.64549
25.625 93.375 -0.20994
25.625 93.625 0.46951
25.625 93.875 0.8274
25.625 94.125 1.3476
25.625 94.375 1.3722
25.625 94.625 NaN
25.625 94.875 NaN
25.875 70.375 -0.098031
25.875 70.625 -0.14231
25.875 70.875 -0.021951
25.875 71.125 0.075464
25.875 71.375 0.18051
25.875 71.625 0.30937
25.875 71.875 1.2586
25.875 72.125 1.3264
25.875 72.375 1.3178
25.875 72.625 0.47783
25.875 72.875 0.4729
25.875 73.125 1.7391
25.875 73.375 2.4218
25.875 73.625 1.9416
25.875 73.875 1.5819
25.875 74.125 1.2367
25.875 74.375 2.1856
25.875 74.625 3.5823
25.875 74.875 2.2581
25.875 75.125 2.2835
25.875 75.375 2.3302
25.875 75.625 2.7345
25.875 75.875 3.0413
25.875 76.125 2.6278
25.875 76.375 2.1766
25.875 76.625 1.2687
25.875 76.875 0.74274
25.875 77.125 0.77168
25.875 77.375 1.0307
25.875 77.625 0.96445
25.875 77.875 0.66424
25.875 78.125 0.86266
25.875 78.375 0.16006
25.875 78.625 -0.121
25.875 78.875 -0.43353
25.875 79.125 0.29066
25.875 79.375 -0.034199
25.875 79.625 -0.030744
25.875 79.875 0.56481
25.875 80.125 0.20826
25.875 80.375 -0.45388
25.875 80.625 -0.62361
25.875 80.875 -0.91614
25.875 81.125 -0.81477
25.875 81.375 -0.20143
25.875 81.625 -0.12988
25.875 81.875 0.012444
25.875 82.125 -1.1296
25.875 82.375 -0.99511
25.875 82.625 -1.2125
25.875 82.875 -0.64798
25.875 83.125 -1.1219
25.875 83.375 -1.2593
25.875 83.625 -0.077322
25.875 83.875 -0.57899
25.875 84.125 1.3668
25.875 84.375 -0.34502
25.875 84.625 -0.43495
25.875 84.875 -0.13404
25.875 85.125 -0.27134
25.875 85.375 -0.25853
25.875 85.625 0.21911
25.875 85.875 -0.4837
25.875 86.125 -0.39943
25.875 86.375 0.088487
25.875 86.625 -0.4983
25.875 86.875 -0.56951
25.875 87.125 -1.1396
25.875 87.375 -1.6594
25.875 87.625 -1.6084
25.875 87.875 -1.1654
25.875 90.125 -1.0136
25.875 90.375 -0.88625
25.875 90.625 -0.67397
25.875 90.875 -0.3879
25.875 91.125 -0.50914
25.875 91.375 -0.6192
25.875 91.625 -0.55473
25.875 91.875 -1.2497
25.875 92.125 -1.1173
25.875 92.375 -1.2105
25.875 92.625 -0.80822
25.875 92.875 -0.6986
25.875 93.125 -2.0696
25.875 93.375 -1.8937
25.875 93.625 -0.059281
25.875 93.875 1.3263
25.875 94.125 1.513
25.875 94.375 1.7312
25.875 94.625 1.2812
25.875 94.875 1.0168
26.125 70.375 -0.061887
26.125 70.625 -0.10328
26.125 70.875 -0.071653
26.125 71.125 -0.21007
26.125 71.375 0.066024
26.125 71.625 0.90522
26.125 71.875 1.3352
26.125 72.125 1.3023
26.125 72.375 1.2742
26.125 72.625 0.71061
26.125 72.875 0.51375
26.125 73.125 0.96868
26.125 73.375 1.4417
26.125 73.625 1.1398
26.125 73.875 1.4406
26.125 74.125 2.1843
26.125 74.375 3.145
26.125 74.625 3.8487
26.125 74.875 3.9164
26.125 75.125 2.7849
26.125 75.375 2.6161
26.125 75.625 2.6164
26.125 75.875 2.7505
26.125 76.125 2.6417
26.125 76.375 1.585
26.125 76.625 1.0932
26.125 76.875 1.2656
26.125 77.125 0.58381
26.125 77.375 1.0476
26.125 77.625 1.2034
26.125 77.875 1.7678
26.125 78.125 1.0161
26.125 78.375 0.9102
26.125 78.625 0.5677
26.125 78.875 0.19184
26.125 79.125 0.18037
26.125 79.375 0.26848
26.125 79.625 -0.72334
26.125 79.875 -0.60888
26.125 80.125 0.32233
26.125 80.375 0.028459
26.125 80.625 -0.84828
26.125 80.875 0.60364
26.125 81.125 -0.20515
26.125 81.375 -1.0849
26.125 81.625 -0.62188
26.125 81.875 -0.70809
26.125 82.125 -1.1319
26.125 82.375 -1.1189
26.125 82.625 -1.1206
26.125 82.875 -0.85172
26.125 83.125 -1.1426
26.125 83.375 -1.3559
26.125 83.625 -1.1625
26.125 83.875 0.15915
26.125 84.125 1.3718
26.125 84.375 -0.010749
26.125 84.625 -0.3732
26.125 84.875 -0.7662
26.125 85.125 -0.91805
26.125 85.375 -0.82857
26.125 85.625 -0.32725
26.125 85.875 1.8554
26.125 86.125 -0.016068
26.125 86.375 -0.45018
26.125 86.625 -0.093049
26.125 86.875 -0.060289
26.125 87.125 -0.8687
26.125 87.375 -0.90537
26.125 87.625 -0.54253
26.125 87.875 -0.58445
26.125 88.125 -0.43022
26.125 89.375 -0.81178
26.125 89.875 -1.0557
26.125 90.125 -1.1464
26.125 90.375 -1.1839
26.125 90.625 -0.95068
26.125 90.875 -0.95617
26.125 91.125 -1.4405
26.125 91.375 -1.5312
26.125 91.625 -1.6734
26.125 91.875 -1.416
26.125 92.125 -1.1059
26.125 92.375 -0.92049
26.125 92.625 -0.45387
26.125 92.875 -0.94734
26.125 93.125 -2.098
26.125 93.375 -1.3464
26.125 93.625 -0.28187
26.125 93.875 2.3977
26.125 94.125 2.2639
26.125 94.375 1.437
26.125 94.625 0.99708
26.125 94.875 0.62158
26.375 70.375 -0.23933
26.375 70.625 -0.19288
26.375 70.875 -0.19199
26.375 71.125 -0.20177
26.375 71.375 0.44951
26.375 71.625 1.5701
26.375 71.875 1.6318
26.375 72.125 1.411
26.375 72.375 1.3037
26.375 72.625 0.8131
26.375 72.875 0.73359
26.375 73.125 0.92362
26.375 73.375 0.96656
26.375 73.625 1.7403
26.375 73.875 2.1779
26.375 74.125 2.3307
26.375 74.375 2.1224
26.375 74.625 0.38064
26.375 74.875 2.3244
26.375 75.125 2.4306
26.375 75.375 2.3169
26.375 75.625 2.4195
26.375 75.875 2.5261
26.375 76.125 1.8985
26.375 76.375 0.7745
26.375 76.625 1.4843
26.375 76.875 2.0527
26.375 77.125 3.15
26.375 77.375 1.9763
26.375 77.625 1.6963
26.375 77.875 0.74698
26.375 78.125 0.37761
26.375 78.375 -0.15376
26.375 78.625 0.66399
26.375 78.875 0.35601
26.375 79.125 0.51892
26.375 79.375 -0.95707
26.375 79.625 -1.0763
26.375 79.875 0.16219
26.375 80.125 0.63468
26.375 80.375 -0.63257
26.375 80.625 -0.87262
26.375 80.875 -0.21945
26.375 81.125 -0.65978
26.375 81.375 -1.383
26.375 81.625 -1.2793
26.375 81.875 -1.118
26.375 82.125 -1.1261
26.375 82.375 -1.066
26.375 82.625 -1.1999
26.375 82.875 -0.56857
26.375 83.125 -0.897
26.375 83.375 -1.5038
26.375 83.625 -0.35698
26.375 83.875 0.218
26.375 84.125 0.18665
26.375 84.375 0.20806
26.375 84.625 -0.40169
26.375 84.875 0.86238
26.375 85.125 -0.21347
26.375 85.375 -0.51273
26.375 85.625 -0.12126
26.375 85.875 0.34251
26.375 86.125 -0.38152
26.375 86.375 -1.407
26.375 86.625 -1.4834
26.375 86.875 -0.50665
26.375 87.125 -1.2231
26.375 87.625 -1.5804
26.375 87.875 -0.92633
26.375 88.125 -0.27686
26.375 88.375 -0.46519
26.375 88.875 -0.14759
26.375 89.375 0.069231
26.375 89.625 -0.5623
26.375 89.875 -1.1839
26.375 90.125 -1.166
26.375 90.375 -1.0904
26.375 90.625 -1.7783
26.375 90.875 -1.4971
26.375 91.125 -1.9854
26.375 91.375 -1.7951
26.375 91.625 -1.2122
26.375 91.875 -0.92031
26.375 92.125 -0.58619
26.375 92.375 -0.014406
26.375 92.625 -0.17397
26.375 92.875 -0.58911
26.375 93.125 -0.70254
26.375 93.375 -0.47494
26.375 93.625 -0.11757
26.375 93.875 1.6828
26.375 94.125 1.6747
26.375 94.375 0.6827
26.375 94.625 0.28797
26.375 94.875 0.03847
26.625 69.875 -0.24715
26.625 70.125 -0.291
26.625 70.375 -0.40098
26.625 70.625 -0.20358
26.625 70.875 -0.14791
26.625 71.125 -0.20143
26.625 71.375 1.0616
26.625 71.625 1.7273
26.625 71.875 1.6228
26.625 72.125 1.1118
26.625 72.375 0.96067
26.625 72.625 0.94162
26.625 72.875 1.2961
26.625 73.125 1.8591
26.625 73.375 1.2721
26.625 73.625 2.0761
26.625 73.875 2.4392
26.625 74.125 2.4191
26.625 74.375 2.5092
26.625 74.625 1.8463
26.625 74.875 2.8132
26.625 75.125 2.1082
26.625 75.375 2.7629
26.625 75.625 2.7047
26.625 75.875 1.764
26.625 76.125 3.0851
26.625 76.375 2.2004
26.625 76.625 1.5487
26.625 76.875 1.3057
26.625 77.125 1.8425
26.625 77.375 2.3762
26.625 77.625 2.5746
26.625 77.875 0.46832
26.625 78.125 0.44774
26.625 78.375 0.22467
26.625 78.625 0.62441
26.625 78.875 -0.4099
26.625 79.125 -1.0187
26.625 79.375 -0.44559
26.625 79.625 -0.3036
26.625 79.875 -0.3447
26.625 80.125 -0.57516
26.625 80.375 -0.20918
26.625 80.625 -0.69944
26.625 80.875 -0.25212
26.625 81.125 -0.039607
26.625 81.375 -0.39569
26.625 81.625 -1.0934
26.625 81.875 -0.072818
26.625 82.125 -0.027232
26.625 82.375 -0.77817
26.625 82.625 -1.8183
26.625 82.875 -0.80446
26.625 83.125 -0.63954
26.625 83.375 -1.0071
26.625 83.625 -0.9847
26.625 83.875 -0.87316
26.625 84.125 1.0157
26.625 84.375 -0.21187
26.625 84.625 -0.76085
26.625 84.875 0.1163
26.625 85.125 -0.43848
26.625 85.375 -0.69503
26.625 85.625 -0.12771
26.625 86.125 -0.61018
26.625 88.375 0.21879
26.625 88.625 0.14461
26.625 88.875 -0.49575
26.625 89.125 -0.3407
26.625 89.375 -0.084262
26.625 89.625 -0.27189
26.625 89.875 -1.3593
26.625 90.125 -1.5217
26.625 90.375 -1.1875
26.625 90.625 -1.945
26.625 90.875 -1.7514
26.625 91.125 -1.8943
26.625 91.375 -1.1572
26.625 91.625 -0.97039
26.625 91.875 -0.76608
26.625 92.125 -0.632
26.625 92.375 -0.41907
26.625 92.625 -0.51113
26.625 92.875 0.24277
26.625 93.125 -0.38144
26.625 93.375 -0.87858
26.625 93.625 -0.59556
26.625 93.875 -0.038938
26.625 94.125 -1.4322
26.625 94.375 -1.0084
26.625 94.625 -0.55377
26.625 94.875 -0.24073
26.625 95.125 0.2007
26.875 69.625 -0.24739
26.875 69.875 -0.2532
26.875 70.125 -0.2571
26.875 70.375 -0.30823
26.875 70.625 -0.21699
26.875 70.875 -0.17169
26.875 71.125 2.66e-05
26.875 71.375 1.0224
26.875 71.625 1.5812
26.875 71.875 1.3828
26.875 72.125 0.65525
26.875 72.375 0.67515
26.875 72.625 0.98989
26.875 72.875 2.4094
26.875 73.125 2.6498
26.875 73.375 2.1277
26.875 73.625 2.2921
26.875 73.875 2.6039
26.875 74.125 2.5416
26.875 74.375 3.1586
26.875 74.625 3.6923
26.875 74.875 3.3982
26.875 75.125 2.4371
26.875 75.375 2.9408
26.875 75.625 0.89672
26.875 75.875 2.353
26.875 76.125 3.244
26.875 76.375 1.7882
26.875 76.625 2.3632
26.875 76.875 0.98531
26.875 77.125 0.94015
26.875 77.375 0.091784
26.875 77.625 1.3914
26.875 77.875 0.60623
26.875 78.125 -0.35241
26.875 78.375 -0.24143
26.875 78.625 0.62547
26.875 78.875 -0.39404
26.875 79.125 0.080538
26.875 79.375 0.27185
26.875 79.625 0.095973
26.875 79.875 -0.15309
26.875 80.125 -0.32116
26.875 80.375 -0.13954
26.875 80.625 -0.42819
26.875 80.875 -0.18065
26.875 81.125 -0.62738
26.875 81.375 -0.5898
26.875 81.625 -1.2561
26.875 81.875 -0.85922
26.875 82.125 -0.56494
26.875 82.375 -1.4823
26.875 82.625 -2.0977
26.875 82.875 -1.5536
26.875 83.125 -1.2788
26.875 83.375 -1.4611
26.875 83.625 -1.1549
26.875 83.875 -0.80391
26.875 84.125 1.0914
26.875 84.375 0.43536
26.875 84.625 0.14946
26.875 84.875 -0.12815
26.875 88.375 0.97381
26.875 88.625 0.16944
26.875 88.875 -0.39514
26.875 92.375 -1.226
26.875 92.625 -0.84225
26.875 92.875 0.11441
26.875 93.125 0.17561
26.875 93.375 -1.0847
26.875 93.625 -0.61711
26.875 93.875 -0.11387
26.875 94.125 -1.8844
26.875 94.375 -0.67852
26.875 94.625 -0.79655
26.875 94.875 -0.71196
26.875 95.125 -0.27922
26.875 95.375 -0.21343
26.875 95.625 -0.50176
27.125 69.875 -0.27308
27.125 70.125 -0.20233
27.125 70.375 -0.23185
27.125 70.625 -0.28833
27.125 70.875 -0.16694
27.125 71.125 0.42652
27.125 71.375 0.92414
27.125 71.625 0.93878
27.125 71.875 0.55758
27.125 72.125 0.38071
27.125 72.375 0.40116
27.125 72.625 0.97022
27.125 72.875 2.3138
27.125 73.125 2.4345
27.125 73.375 2.1392
27.125 73.625 2.0908
27.125 73.875 2.6637
27.125 74.125 2.5835
27.125 74.375 2.4058
27.125 74.625 3.5557
27.125 74.875 1.8985
27.125 75.125 2.2868
27.125 75.375 3.5268
27.125 75.625 3.1783
27.125 75.875 2.407
27.125 76.125 0.93045
27.125 76.375 0.74136
27.125 76.625 0.50061
27.125 76.875 0.14819
27.125 77.125 0.99953
27.125 77.375 0.23397
27.125 77.625 0.99213
27.125 77.875 0.13915
27.125 78.125 0.48852
27.125 78.375 0.88628
27.125 78.625 -0.86469
27.125 78.875 -0.67724
27.125 79.125 0.1874
27.125 79.375 -0.61204
27.125 79.625 -0.42722
27.125 79.875 -0.31074
27.125 80.125 -0.4274
27.125 80.375 -0.56085
27.125 80.625 -0.99747
27.125 80.875 0.22294
27.125 81.125 -0.30326
27.125 81.375 -0.37147
27.125 81.625 -0.86521
27.125 81.875 -0.79124
27.125 82.125 -0.8907
27.125 82.375 -1.4796
27.125 82.625 -0.85123
27.125 82.875 -0.66527
27.125 83.125 -1.0674
27.125 83.375 -0.22047
27.125 83.625 -0.03385
27.125 83.875 -0.025819
27.125 84.125 0.1759
27.125 84.375 0.42487
27.125 84.625 0.49826
27.125 88.125 0.1831
27.125 88.375 0.74091
27.125 88.625 0.64022
27.125 92.125 -1.3658
27.125 92.375 -1.1623
27.125 92.625 -1.1307
27.125 92.875 -0.57219
27.125 93.125 -0.39026
27.125 93.375 0.10615
27.125 93.625 0.48738
27.125 93.875 0.91536
27.125 94.125 0.25876
27.125 94.375 -0.36985
27.125 94.625 -1.0481
27.125 94.875 -1.121
27.125 95.125 -0.84365
27.125 95.375 -0.39176
27.125 95.625 -0.67206
27.125 95.875 -0.71381
27.375 70.125 -0.23412
27.375 70.375 -0.15305
27.375 70.625 -0.23891
27.375 70.875 0.026727
27.375 71.125 0.9253
27.375 71.375 0.86699
27.375 71.625 0.81334
27.375 71.875 0.31595
27.375 72.125 -0.06432
27.375 72.375 0.20549
27.375 72.625 0.35565
27.375 72.875 1.4509
27.375 73.125 2.3692
27.375 73.375 2.5037
27.375 73.625 2.5729
27.375 73.875 3.0915
27.375 74.125 2.9338
27.375 74.375 2.3838
27.375 74.625 2.7348
27.375 74.875 2.8591
27.375 75.125 2.9339
27.375 75.375 2.924
27.375 75.625 3.4555
27.375 75.875 2.1717
27.375 76.125 0.90241
27.375 76.375 1.3263
27.375 76.625 0.68372
27.375 76.875 1.1905
27.375 77.125 0.89391
27.375 77.375 0.01115
27.375 77.625 0.66708
27.375 77.875 0.86171
27.375 78.125 0.76349
27.375 78.375 0.3715
27.375 78.625 -0.3401
27.375 78.875 0.23815
27.375 79.125 -0.78287
27.375 79.375 -0.79485
27.375 79.625 -0.67565
27.375 79.875 -0.36024
27.375 80.125 -0.85179
27.375 80.375 -1.1243
27.375 80.625 -0.93961
27.375 80.875 -1.2068
27.375 81.125 -0.76631
27.375 81.375 -0.60403
27.375 81.625 -1.6876
27.375 81.875 -0.65199
27.375 82.125 -0.66151
27.375 82.375 -1.0301
27.375 82.625 -0.59593
27.375 82.875 -0.76872
27.375 83.125 -0.9276
27.375 83.625 -0.027021
27.375 84.125 0.25587
27.375 84.375 0.47866
27.375 88.125 0.34994
27.375 88.375 -0.71466
27.375 88.625 -1.0982
27.375 92.125 -1.4895
27.375 92.375 -1.3773
27.375 92.625 -1.3969
27.375 92.875 -1.3187
27.375 93.125 -1.5503
27.375 93.375 -1.776
27.375 93.625 0.30042
27.375 93.875 0.78107
27.375 94.125 1.0781
27.375 94.375 -0.43723
27.375 94.625 -0.33695
27.375 94.875 -0.83532
27.375 95.125 -0.83821
27.375 95.375 -0.8607
27.375 95.625 -1.0844
27.375 95.875 -0.93357
27.375 96.125 -1.0724
27.375 96.375 -0.5475
27.375 96.625 -0.05519
27.375 96.875 -0.10387
27.625 70.125 -0.20996
27.625 70.375 -0.19127
27.625 70.625 -0.12348
27.625 70.875 0.40559
27.625 71.125 1.0905
27.625 71.375 0.88255
27.625 71.625 0.67506
27.625 71.875 0.34837
27.625 72.125 -0.059534
27.625 72.375 -0.0053452
27.625 72.625 0.43265
27.625 72.875 0.84924
27.625 73.125 1.313
27.625 73.375 2.3307
27.625 73.625 2.6535
27.625 73.875 2.9644
27.625 74.125 3.2782
27.625 74.375 2.8448
27.625 74.625 2.7821
27.625 74.875 2.9703
27.625 75.125 2.25
27.625 75.375 2.6133
27.625 75.625 2.5706
27.625 75.875 1.9091
27.625 76.125 0.89432
27.625 76.375 0.33663
27.625 76.625 1.1002
27.625 76.875 1.6481
27.625 77.125 0.025907
27.625 77.375 0.19166
27.625 77.625 -0.57215
27.625 77.875 0.5653
27.625 78.125 0.28703
27.625 78.375 0.043219
27.625 78.625 -0.785
27.625 78.875 -0.62816
27.625 79.125 -1.0496
27.625 79.375 -1.193
27.625 79.625 -0.89162
27.625 79.875 -0.30951
27.625 80.125 -0.5709
27.625 80.375 -0.41578
27.625 80.625 -0.59703
27.625 80.875 -1.2731
27.625 81.125 -0.83422
27.625 81.375 -0.47892
27.625 81.625 -0.68084
27.625 81.875 -0.87633
27.625 82.125 -0.76657
27.625 82.375 -0.91668
27.625 82.625 -0.56376
27.625 88.375 -0.65651
27.625 88.625 -0.76072
27.625 91.625 -1.2049
27.625 91.875 -1.3503
27.625 92.125 -1.5059
27.625 92.375 -1.5214
27.625 92.625 -1.6234
27.625 92.875 -1.6332
27.625 93.125 -1.5432
27.625 93.375 -1.5792
27.625 93.625 -1.4683
27.625 93.875 -1.848
27.625 94.125 -1.0655
27.625 94.375 -0.15194
27.625 94.625 -0.89953
27.625 94.875 -1.4564
27.625 95.125 -1.6858
27.625 95.375 -1.5108
27.625 95.625 -1.6408
27.625 95.875 -1.5078
27.625 96.125 -1.2033
27.625 96.375 -0.59618
27.625 96.625 -0.28811
27.625 96.875 -0.2176
27.875 70.375 -0.17922
27.875 71.875 0.21255
27.875 72.125 -0.075472
27.875 72.375 -0.069275
27.875 72.625 0.52321
27.875 72.875 0.72999
27.875 73.125 0.76371
27.875 73.375 1.6354
27.875 73.625 1.9403
27.875 73.875 1.801
27.875 74.125 2.3645
27.875 74.375 1.6221
27.875 74.625 2.0981
27.875 74.875 2.3059
27.875 75.125 1.7159
27.875 75.375 2.0136
27.875 75.625 1.6547
27.875 75.875 1.753
27.875 76.125 1.0298
27.875 76.375 0.83797
27.875 76.625 0.45464
27.875 76.875 0.7804
27.875 77.125 0.59571
27.875 77.375 -0.066262
27.875 77.625 -0.51978
27.875 77.875 0.55061
27.875 78.125 0.57104
27.875 78.375 -0.32566
27.875 78.625 -0.16478
27.875 78.875 0.02786
27.875 79.125 -0.73074
27.875 79.375 -0.67621
27.875 79.625 -0.76121
27.875 79.875 0.016552
27.875 80.125 0.17347
27.875 80.375 0.32807
27.875 80.625 -0.73117
27.875 80.875 -1.1801
27.875 81.125 -1.0685
27.875 81.375 -0.57551
27.875 81.625 -0.44862
27.875 88.375 NaN
27.875 88.625 NaN
27.875 92.875 -2.1282
27.875 93.125 -1.9161
27.875 93.375 -1.7203
27.875 93.625 -1.9323
27.875 93.875 -2.3789
27.875 94.125 -1.4567
27.875 94.375 -1.01
27.875 94.625 -1.0445
27.875 94.875 -0.93217
27.875 95.125 -0.6406
27.875 95.375 -1.3042
27.875 95.625 -1.6804
27.875 95.875 -1.8483
27.875 96.125 -1.069
27.875 96.375 -0.97733
27.875 96.625 -0.39277
27.875 96.875 -0.25882
27.875 97.125 -0.37962
28.125 72.125 0.058412
28.125 72.375 0.35776
28.125 72.625 0.80538
28.125 72.875 1.1223
28.125 73.125 1.631
28.125 73.375 1.9531
28.125 73.625 1.8541
28.125 73.875 1.5417
28.125 74.125 1.0937
28.125 74.375 1.3002
28.125 74.625 2.113
28.125 74.875 2.1274
28.125 75.125 1.3538
28.125 75.375 2.4222
28.125 75.625 1.1082
28.125 75.875 2
28.125 76.125 2.4258
28.125 76.375 1.4432
28.125 76.625 1.3389
28.125 76.875 1.7977
28.125 77.125 0.89555
28.125 77.375 -0.055332
28.125 77.625 -0.32039
28.125 77.875 0.27254
28.125 78.125 2.0336
28.125 78.375 0.26506
28.125 78.625 -0.58949
28.125 78.875 -0.41021
28.125 79.125 -0.36036
28.125 79.375 -1.0608
28.125 79.625 -1.1662
28.125 79.875 -0.38378
28.125 80.125 0.027268
28.125 80.375 0.35393
28.125 80.625 0.34033
28.125 80.875 -0.74952
28.125 81.125 -1.3965
28.125 81.375 -0.5962
28.125 92.875 -2.373
28.125 93.125 -2.218
28.125 93.375 -2.105
28.125 93.625 -1.8846
28.125 93.875 -1.923
28.125 94.125 -1.6412
28.125 94.375 -1.0628
28.125 94.625 -0.95128
28.125 94.875 -0.97069
28.125 95.125 -0.57857
28.125 95.375 -0.64958
28.125 95.625 -1.6274
28.125 95.875 -1.6777
28.125 96.125 -1.1229
28.125 96.375 -0.49854
28.125 96.625 -0.42396
28.125 96.875 -0.33633
28.125 97.125 -0.22262
28.375 72.375 0.30374
28.375 72.625 0.5728
28.375 72.875 1.1783
28.375 73.125 1.5104
28.375 73.375 1.8244
28.375 73.625 1.8923
28.375 73.875 1.3765
28.375 74.125 0.89397
28.375 74.375 0.97125
28.375 74.625 2.1553
28.375 74.875 2.0606
28.375 75.125 1.353
28.375 75.375 1.5954
28.375 75.625 1.5361
28.375 75.875 2.0094
28.375 76.125 1.3932
28.375 76.375 1.6203
28.375 76.625 1.6056
28.375 76.875 1.566
28.375 77.125 0.28245
28.375 77.375 -0.40526
28.375 77.625 -0.060868
28.375 77.875 -0.33106
28.375 78.125 0.91153
28.375 78.375 0.27725
28.375 78.625 -0.92533
28.375 78.875 -0.78224
28.375 79.125 -0.14341
28.375 79.375 -0.38598
28.375 79.625 -0.8409
28.375 79.875 -0.47429
28.375 80.125 -0.31568
28.375 80.375 -0.26379
28.375 80.625 -0.075681
28.375 80.875 -0.55683
28.375 81.125 -0.71265
28.375 93.375 -2.3971
28.375 93.625 -1.7336
28.375 93.875 -1.2072
28.375 94.125 -1.2261
28.375 94.375 -0.82561
28.375 94.625 -0.68425
28.375 94.875 -0.62846
28.375 95.125 -0.65658
28.375 95.375 -0.93641
28.375 95.625 -0.8863
28.375 95.875 -0.77994
28.375 96.125 -1.285
28.375 96.625 -0.49334
28.625 72.375 0.59078
28.625 72.625 1.1776
28.625 72.875 1.842
28.625 73.125 1.6069
28.625 73.375 2.0638
28.625 73.625 2.1719
28.625 73.875 1.7401
28.625 74.125 1.5235
28.625 74.375 1.8793
28.625 74.625 2.4333
28.625 74.875 2.1689
28.625 75.125 1.3142
28.625 75.375 0.54991
28.625 75.625 -0.3963
28.625 75.875 -0.22857
28.625 76.125 1.0376
28.625 76.375 1.3516
28.625 76.625 2.4661
28.625 76.875 1.215
28.625 77.125 -0.4044
28.625 77.375 -0.39457
28.625 77.625 -0.63344
28.625 77.875 -0.72421
28.625 78.125 0.15652
28.625 78.375 0.18318
28.625 78.625 -0.85158
28.625 78.875 -0.78734
28.625 79.125 0.32461
28.625 79.375 -0.21583
28.625 79.625 0.31382
28.625 79.875 0.18613
28.625 80.125 0.138
28.625 80.375 0.040747
28.625 80.625 -0.25998
28.625 93.625 -1.1296
28.625 93.875 NaN
28.625 94.125 -0.8418
28.625 94.375 -1.367
28.625 94.625 -0.60015
28.625 94.875 -0.5171
28.625 95.125 -0.51962
28.625 95.375 -0.66612
28.625 95.625 -1.037
28.625 95.875 -1.1229
28.625 96.125 -1.1748
28.625 96.375 2.7005
28.875 72.875 2.2763
28.875 73.125 3.2832
28.875 73.375 4.3063
28.875 73.625 3.9763
28.875 73.875 3.9092
28.875 74.125 2.958
28.875 74.375 2.4445
28.875 74.625 2.6832
28.875 74.875 2.7921
28.875 75.125 1.2587
28.875 75.375 0.69277
28.875 75.625 0.71951
28.875 75.875 0.46501
28.875 76.125 1.0787
28.875 76.375 0.93739
28.875 76.625 0.77629
28.875 76.875 0.14204
28.875 77.125 0.91934
28.875 77.375 0.45692
28.875 77.625 0.2108
28.875 77.875 0.007319
28.875 78.125 -0.032981
28.875 78.375 -0.19986
28.875 78.625 -0.59733
28.875 78.875 -0.64325
28.875 79.125 1.0061
28.875 79.375 1.0531
28.875 79.625 0.71504
28.875 79.875 0.72739
28.875 94.125 -0.87995
28.875 94.375 -0.80443
28.875 94.625 -0.787
28.875 94.875 -0.40263
28.875 95.125 -0.34233
28.875 95.375 -0.67503
28.875 95.625 -0.9048
28.875 95.875 -1.0116
28.875 96.125 -0.77733
28.875 96.375 2.5607
29.125 73.125 3.3027
29.125 73.375 4.3991
29.125 73.625 4.0621
29.125 73.875 4.0875
29.125 74.125 3.008
29.125 74.375 2.6342
29.125 74.625 2.4401
29.125 74.875 2.0692
29.125 75.125 0.75
29.125 75.375 1.4541
29.125 75.625 1.3091
29.125 75.875 0.5409
29.125 76.125 0.18011
29.125 76.375 -0.32653
29.125 76.625 0.16091
29.125 76.875 0.16251
29.125 77.125 -0.28506
29.125 77.375 0.015906
29.125 77.625 0.43573
29.125 77.875 0.73922
29.125 78.125 0.59136
29.125 78.375 0.56154
29.125 78.625 0.33035
29.125 78.875 -0.3875
29.125 79.125 0.99568
29.125 79.375 1.1305
29.125 79.625 -0.36571
29.125 79.875 0.032952
29.125 80.125 0.15284
29.125 94.375 -0.67029
29.125 94.625 -0.61959
29.125 94.875 -0.47183
29.125 95.625 -0.23014
29.125 95.875 0.30855
29.125 96.125 1.9502
29.375 73.375 2.7593
29.375 73.625 3.6713
29.375 73.875 3.8826
29.375 74.125 3.8794
29.375 74.375 1.3385
29.375 74.625 1.2864
29.375 74.875 1.7996
29.375 75.125 1.2477
29.375 75.375 0.7297
29.375 75.625 0.64531
29.375 75.875 -0.2439
29.375 76.125 0.47798
29.375 76.375 -0.18542
29.375 76.625 0.21001
29.375 76.875 -0.75285
29.375 77.125 -0.93421
29.375 77.375 0.051833
29.375 77.625 0.7134
29.375 77.875 1.186
29.375 78.125 0.40296
29.375 78.375 0.57093
29.375 78.625 -0.64454
29.375 78.875 -0.38322
29.375 79.125 0.23263
29.375 79.375 0.50174
29.375 79.625 -0.70557
29.375 79.875 -0.054532
29.375 80.125 0.45028
29.375 96.125 3.2806
29.625 73.375 2.3186
29.625 73.625 2.4661
29.625 73.875 3.007
29.625 74.125 3.2242
29.625 74.375 1.5633
29.625 74.625 0.38807
29.625 74.875 0.93916
29.625 75.125 0.64802
29.625 75.375 0.36822
29.625 75.625 1.4434
29.625 75.875 0.13676
29.625 76.125 -0.17599
29.625 76.375 0.57523
29.625 76.625 0.33995
29.625 76.875 0.67817
29.625 77.125 0.17819
29.625 77.375 -0.70148
29.625 77.625 0.6525
29.625 77.875 0.85461
29.625 78.125 0.66467
29.625 78.375 -0.26646
29.625 78.625 -0.83358
29.625 78.875 -0.65578
29.625 79.125 -0.21924
29.625 79.375 0.19937
29.625 79.625 -0.0070442
29.625 79.875 0.88217
29.625 80.125 0.80375
29.875 73.625 2.4944
29.875 73.875 2.1016
29.875 74.125 1.9873
29.875 74.375 0.34143
29.875 74.625 0.20613
29.875 74.875 0.26108
29.875 75.125 0.65637
29.875 75.375 0.84964
29.875 75.625 0.69285
29.875 75.875 0.17913
29.875 76.125 0.32994
29.875 76.375 0.25206
29.875 76.625 1.2718
29.875 76.875 -0.12678
29.875 77.125 0.42494
29.875 77.375 0.25018
29.875 77.625 0.8656
29.875 77.875 2.6515
29.875 78.125 -1.2246
29.875 78.375 0.41667
29.875 78.625 0.076674
29.875 78.875 0.71979
29.875 79.125 -0.070279
29.875 79.375 0.22255
29.875 79.625 3.0395
29.875 79.875 0.86317
29.875 80.125 0.93625
29.875 80.375 0.74433
30.125 74.125 0.9602
30.125 74.375 0.32984
30.125 74.625 0.15526
30.125 74.875 0.65585
30.125 75.125 1.0867
30.125 75.375 1.2907
30.125 75.625 1.3309
30.125 75.875 -0.11849
30.125 76.125 -0.001825
30.125 76.375 -0.40994
30.125 76.625 -0.14372
30.125 76.875 -0.049427
30.125 77.125 0.83465
30.125 77.375 -0.57291
30.125 77.625 1.1836
30.125 77.875 1.3885
30.125 78.125 0.95988
30.125 78.375 0.96397
30.125 78.625 1.4777
30.125 78.875 1.9217
30.125 79.125 1.4888
30.125 79.375 1.7675
30.125 79.625 3.0965
30.125 79.875 0.93072
30.125 80.125 0.71075
30.125 80.375 0.92349
30.125 80.625 0.78878
30.375 74.125 0.8189
30.375 74.375 0.59071
30.375 74.625 0.94185
30.375 74.875 0.88284
30.375 75.125 1.3264
30.375 75.375 1.24
30.375 75.625 0.65384
30.375 75.875 0.010241
30.375 76.125 -0.27278
30.375 76.375 -0.35021
30.375 76.625 -0.78481
30.375 76.875 -0.30718
30.375 77.125 0.59391
30.375 77.375 0.63686
30.375 77.625 1.4195
30.375 77.875 0.7531
30.375 78.125 0.4953
30.375 78.375 -0.35167
30.375 78.625 1.7824
30.375 78.875 1.535
30.375 79.125 1.9191
30.375 79.375 1.2726
30.375 79.625 2.4881
30.375 79.875 2.1194
30.375 80.125 1.4176
30.375 80.375 0.5937
30.375 80.625 0.24926
30.625 74.375 0.46563
30.625 74.625 0.52838
30.625 74.875 0.52621
30.625 75.125 1.3607
30.625 75.375 1.3216
30.625 75.625 0.98513
30.625 75.875 0.68511
30.625 76.125 -0.34823
30.625 76.375 -0.89179
30.625 76.625 0.29177
30.625 76.875 1.7522
30.625 77.125 0.7663
30.625 77.375 0.6328
30.625 77.625 0.20269
30.625 77.875 0.50777
30.625 78.125 0.72275
30.625 78.375 -0.071421
30.625 78.625 0.23978
30.625 78.875 1.4698
30.625 79.125 1.49
30.625 79.375 1.1315
30.625 79.625 2.5679
30.625 79.875 2.1476
30.625 80.125 1.6758
30.875 74.625 -0.034796
30.875 74.875 1.2016
30.875 75.125 3.1396
30.875 75.375 0.86604
30.875 75.625 1.0052
30.875 75.875 0.57262
30.875 76.125 0.61267
30.875 76.375 1.1733
30.875 76.625 1.3438
30.875 76.875 1.2077
30.875 77.125 2.3211
30.875 77.375 0.97336
30.875 77.625 0.8151
30.875 77.875 1.23
30.875 78.125 0.84301
30.875 78.375 0.21794
30.875 78.625 0.21556
30.875 78.875 0.90673
30.875 79.125 1.3541
30.875 79.375 NaN
30.875 79.625 NaN
30.875 79.875 NaN
31.125 74.875 0.5664
31.125 75.125 2.4657
31.125 75.375 0.5504
31.125 75.625 0.26565
31.125 75.875 0.60511
31.125 76.125 2.8221
31.125 76.375 2.0509
31.125 76.625 1.4188
31.125 76.875 3.1937
31.125 77.125 2.9491
31.125 77.375 0.88776
31.125 77.625 1.8134
31.125 77.875 1.0863
31.125 78.125 -0.17674
31.125 78.375 -0.015574
31.125 78.625 -0.12964
31.125 78.875 NaN
31.125 79.125 NaN
31.375 74.875 0.37446
31.375 75.125 0.82021
31.375 75.375 0.39969
31.375 75.625 1.1878
31.375 75.875 2.2668
31.375 76.125 1.7226
31.375 76.375 2.7378
31.375 76.625 1.8489
31.375 76.875 3.0459
31.375 77.125 2.6559
31.375 77.375 1.7448
31.375 77.625 1.4087
31.375 77.875 0.32128
31.375 78.125 -0.45187
31.375 78.375 -0.29901
31.375 78.625 -0.022272
31.625 74.875 0.77043
31.625 75.125 1.1338
31.625 75.375 0.71895
31.625 75.625 1.1311
31.625 75.875 1.2014
31.625 76.125 1.7453
31.625 76.375 2.0744
31.625 76.625 2.5575
31.625 76.875 2.0062
31.625 77.125 2.5885
31.625 77.375 2.5078
31.625 77.625 1.6732
31.625 77.875 0.25111
31.625 78.125 -0.53742
31.625 78.375 -0.30811
31.625 78.625 -0.18682
31.875 74.875 1.7448
31.875 75.125 1.5213
31.875 75.375 0.63773
31.875 75.625 0.31273
31.875 75.875 0.69196
31.875 76.125 1.5095
31.875 76.375 1.1702
31.875 76.625 1.5271
31.875 76.875 2.0027
31.875 77.125 1.4845
31.875 77.375 1.6579
31.875 77.625 1.5494
31.875 77.875 0.14961
31.875 78.125 -0.47949
31.875 78.375 -0.44979
31.875 78.625 -0.42751
32.125 75.375 1.7849
32.125 75.625 1.5272
32.125 75.875 0.73119
32.125 76.125 -0.096399
32.125 76.375 0.53022
32.125 76.625 1.3892
32.125 76.875 1.062
32.125 77.125 1.3949
32.125 77.375 0.52321
32.125 77.625 0.048132
32.125 77.875 -0.30144
32.125 78.125 -0.84269
32.125 78.375 -0.93471
32.375 75.375 2.5683
32.375 75.625 2.2823
32.375 75.875 1.4973
32.375 76.125 -0.35291
32.375 76.375 -0.0083286
32.375 76.625 0.85385
32.375 76.875 0.9651
32.375 77.125 1.1814
32.375 77.375 0.27932
32.375 77.625 -0.37668
32.375 77.875 -0.64436
32.375 78.125 -1.1263
32.375 78.375 -1.2768
32.625 74.875 1.8213
32.625 75.125 1.3316
32.625 75.375 1.5026
32.625 75.625 1.7477
32.625 75.875 1.3043
32.625 76.125 0.33904
32.625 76.375 0.2749
32.625 76.625 0.74934
32.625 76.875 1.1818
32.625 77.125 0.97955
32.625 77.375 0.3954
32.625 77.625 -0.079087
32.625 77.875 -0.20904
32.625 78.125 -1.1214
32.625 78.375 -1.1087
32.625 78.625 -1.02
32.625 78.875 -0.86727
32.625 79.125 -0.36503
32.625 79.375 -0.49578
32.875 74.375 2.6592
32.875 74.625 2.5575
32.875 74.875 2.5373
32.875 75.125 1.4516
32.875 75.375 0.99907
32.875 75.625 0.72485
32.875 75.875 0.57876
32.875 76.125 0.7015
32.875 76.375 0.39604
32.875 76.625 0.76749
32.875 76.875 1.404
32.875 77.125 0.93687
32.875 77.375 0.55624
32.875 77.625 0.0015263
32.875 77.875 -0.26717
32.875 78.125 -0.7076
32.875 78.375 -0.95224
32.875 78.625 -0.827
32.875 78.875 -0.61286
32.875 79.125 -0.30437
32.875 79.375 -0.010321
33.125 73.875 1.0003
33.125 74.125 1.1607
33.125 74.375 2.6365
33.125 74.625 3.4035
33.125 74.875 3.0301
33.125 75.125 1.6204
33.125 75.375 0.49109
33.125 75.625 0.1648
33.125 75.875 0.47895
33.125 76.125 0.56255
33.125 76.375 0.72968
33.125 76.625 0.7797
33.125 76.875 1.1712
33.125 77.125 0.86305
33.125 77.375 0.27874
33.125 77.625 -0.099438
33.125 77.875 -0.28496
33.125 78.125 -0.23356
33.125 78.375 -0.44234
33.125 78.625 -0.60232
33.125 78.875 -0.53064
33.125 79.125 -0.22695
33.375 73.875 1.3794
33.375 74.125 1.7107
33.375 74.375 1.0726
33.375 74.625 0.88499
33.375 74.875 1.2663
33.375 75.125 0.40545
33.375 75.375 0.68995
33.375 75.625 0.47538
33.375 75.875 0.97761
33.375 76.125 0.9445
33.375 76.375 1.1374
33.375 76.625 0.60525
33.375 76.875 0.49973
33.375 77.125 0.76755
33.375 77.375 -0.0033309
33.375 77.625 -0.35207
33.375 77.875 -0.30682
33.375 78.125 -0.12307
33.375 78.375 -0.19844
33.375 78.625 -0.36423
33.375 78.875 -0.54084
33.625 73.875 0.091075
33.625 74.125 0.22704
33.625 74.375 -0.37252
33.625 74.625 -0.58061
33.625 74.875 1.0179
33.625 75.125 0.77422
33.625 75.375 0.86201
33.625 75.625 0.6237
33.625 75.875 0.54923
33.625 76.125 0.048041
33.625 76.375 0.34266
33.625 76.625 -0.032449
33.625 76.875 0.35955
33.625 77.125 0.091907
33.625 77.375 0.063214
33.625 77.625 -0.061193
33.625 77.875 -0.065888
33.625 78.125 -0.05912
33.625 78.375 -0.32816
33.625 78.625 -0.55536
33.625 78.875 -0.63249
33.875 73.875 0.11997
33.875 74.125 0.024283
33.875 74.375 -0.21194
33.875 74.625 0.51504
33.875 74.875 0.37768
33.875 75.125 0.72076
33.875 75.375 1.0565
33.875 75.625 0.50239
33.875 75.875 0.062607
33.875 76.125 -0.11842
33.875 76.375 0.012899
33.875 76.625 0.12303
33.875 76.875 -0.23793
33.875 77.125 -0.021621
33.875 77.375 0.054744
33.875 77.625 0.11503
33.875 77.875 0.11156
33.875 78.125 -0.19805
33.875 78.375 -0.62026
33.875 78.625 -0.47219
33.875 78.875 -0.46934
34.125 73.625 -0.36648
34.125 73.875 -0.27696
34.125 74.125 -0.081666
34.125 74.375 -0.66445
34.125 74.625 -0.14413
34.125 74.875 -0.3364
34.125 75.125 0.099898
34.125 75.375 0.23913
34.125 75.625 -0.03554
34.125 75.875 -0.38861
34.125 76.125 -0.40121
34.125 76.375 -0.076534
34.125 76.625 -0.0061361
34.125 76.875 -0.16416
34.125 77.125 -0.10749
34.125 77.375 -0.041544
34.125 77.625 0.13387
34.125 77.875 0.00011956
34.125 78.125 -0.40288
34.125 78.375 -0.64636
34.125 78.625 -0.56976
34.125 78.875 -0.40026
34.125 79.125 -0.18878
34.125 79.375 -0.21888
34.375 73.625 -0.4292
34.375 73.875 -0.75132
34.375 74.125 -1.0291
34.375 74.375 -0.8613
34.375 74.625 -0.49813
34.375 74.875 -0.20255
34.375 75.125 0.10315
34.375 75.375 -0.34521
34.375 75.625 -0.56851
34.375 75.875 -0.66958
34.375 76.125 -0.61516
34.375 76.375 -0.18979
34.375 76.625 -0.37362
34.375 76.875 -0.42728
34.375 77.125 -0.39219
34.375 77.375 -0.32225
34.375 77.625 -0.10326
34.375 77.875 -0.10495
34.375 78.125 -0.34275
34.375 78.375 -0.17192
34.375 78.625 -0.26444
34.375 78.875 -0.23403
34.375 79.125 -0.16723
34.375 79.375 -0.16357
34.625 73.875 -0.86101
34.625 74.125 -1.1285
34.625 74.375 -0.94441
34.625 74.625 -0.84803
34.625 74.875 -0.52493
34.625 75.125 0.021356
34.625 75.375 -0.63901
34.625 75.625 -0.80785
34.625 75.875 -0.76387
34.625 76.125 -0.6353
34.625 76.375 -0.5075
34.625 76.625 -0.58818
34.625 76.875 -0.66814
34.625 77.125 -0.58398
34.625 77.375 -0.53104
34.625 77.625 -0.34304
34.625 77.875 -0.4599
34.625 78.125 -0.40447
34.625 78.375 -0.35103
34.625 78.625 -0.38347
34.625 78.875 -0.32226
34.625 79.125 -0.18052
34.625 79.375 0.066132
34.625 79.625 0.05943
34.875 74.125 -0.93653
34.875 74.375 -0.95863
34.875 74.625 -0.75878
34.875 74.875 -0.55595
34.875 75.125 -0.63677
34.875 75.375 -0.85776
34.875 75.625 -0.81615
34.875 75.875 -0.88138
34.875 76.125 -0.74092
34.875 76.375 -0.59923
34.875 76.625 -0.63865
34.875 76.875 -0.69976
34.875 77.125 -0.7035
34.875 77.375 -0.71026
34.875 77.625 -0.73841
34.875 77.875 -0.5396
34.875 78.125 -0.47521
34.875 78.375 -0.41789
34.875 78.625 -0.091346
34.875 78.875 -0.25307
34.875 79.125 -0.10133
34.875 79.375 -0.084458
34.875 79.625 0.14565
34.875 79.875 0.24561
35.125 74.375 -0.46972
35.125 74.625 -0.39933
35.125 74.875 -0.40566
35.125 75.125 -0.77529
35.125 75.375 -0.77557
35.125 75.625 -0.86392
35.125 75.875 -0.77116
35.125 76.125 -0.86159
35.125 76.375 -0.84033
35.125 76.625 -0.7147
35.125 76.875 -0.87123
35.125 77.125 -0.89969
35.125 77.375 -0.90359
35.125 77.625 -0.9942
35.125 77.875 -0.78661
35.125 78.125 -0.69542
35.125 78.375 -0.47717
35.125 78.625 -0.013583
35.125 78.875 0.1028
35.125 79.125 -0.23328
35.125 79.375 -0.061996
35.125 79.625 -0.075175
35.125 79.875 0.86425
35.375 73.875 -0.70557
35.375 74.125 -0.56346
35.375 74.375 -0.29868
35.375 74.625 -0.40427
35.375 74.875 -0.421
35.375 75.125 -0.81042
35.375 75.375 -0.95488
35.375 75.625 -1.0377
35.375 75.875 -1.0195
35.375 76.125 -1.1867
35.375 76.375 -1.1765
35.375 76.625 -1.0021
35.375 76.875 -0.94065
35.375 77.125 -0.87005
35.375 77.375 -0.85917
35.375 77.625 -0.89264
35.375 77.875 -0.8933
35.375 78.125 -0.87617
35.375 78.375 -0.23559
35.375 78.625 -0.02998
35.375 78.875 -0.023559
35.375 79.125 -0.18942
35.375 79.375 -0.031994
35.375 79.625 -0.099102
35.375 79.875 -0.18619
35.375 80.125 NaN
35.625 73.375 -0.87038
35.625 73.625 -0.88584
35.625 73.875 -0.88942
35.625 74.125 -1.0006
35.625 74.375 -0.98806
35.625 74.625 -0.81911
35.625 74.875 -0.7264
35.625 75.125 -1.1972
35.625 75.375 -1.5011
35.625 75.625 -1.489
35.625 75.875 -1.3091
35.625 76.125 -1.5052
35.625 76.375 -1.0955
35.625 76.625 -1.1725
35.625 76.875 -1.1673
35.625 77.125 -1.0639
35.625 78.375 -0.24231
35.625 78.625 -0.44284
35.625 78.875 -0.46312
35.625 79.125 -0.19072
35.625 79.375 -0.036947
35.625 79.625 -0.13992
35.625 79.875 -0.31622
35.625 80.125 0.14232
35.875 73.125 -0.096771
35.875 73.375 -0.27479
35.875 73.625 -0.77479
35.875 73.875 -0.97416
35.875 74.125 -0.89395
35.875 74.375 -1.2732
35.875 74.625 -1.1858
35.875 74.875 -1.1487
35.875 75.125 -1.3211
35.875 75.375 -1.6696
35.875 75.625 -1.8035
35.875 75.875 -1.65
35.875 76.125 -1.6255
35.875 76.375 -1.5135
35.875 76.625 -1.4048
35.875 79.375 -0.20742
36.125 72.625 0.33947
36.125 72.875 NaN
36.125 73.125 NaN
36.125 73.375 -0.017915
36.125 73.625 -0.2301
36.125 73.875 -0.4996
36.125 74.125 -0.93712
36.125 74.375 -1.2213
36.125 74.625 -1.5745
36.125 74.875 -1.2468
36.125 75.125 -1.1958
36.125 75.375 -1.7577
36.125 75.625 -2.2059
36.125 75.875 -1.7528
36.125 76.125 -1.333
36.125 76.375 -1.3838
36.125 76.625 -1.3705
36.375 73.125 0.20221
36.375 73.375 0.18837
36.375 73.625 0.065562
36.375 73.875 -0.11593
36.375 74.125 -0.59152
36.375 74.375 -0.99091
36.375 74.625 -1.2526
36.375 74.875 -1.4942
36.375 75.125 -1.4389
36.375 75.375 -2.0658
36.375 75.625 -2.3745
36.375 75.875 -1.8281
36.375 76.125 -0.70251
36.625 73.375 0.15626
36.625 73.625 0.11476
36.625 73.875 -0.014826
36.625 74.125 -0.1972
36.625 74.375 -1.0227
36.625 74.625 -1.2732
36.625 74.875 -1.6967
36.625 75.125 -1.7083
36.625 75.375 -1.8851
36.625 75.625 -1.7942
36.875 73.875 0.040572
36.875 74.375 -0.062093
36.875 74.625 -0.79663
36.875 74.875 -1.2636
36.875 75.125 -1.3289
36.875 75.375 -1.49
