8.125 77.375 0.87924
8.375 77.125 -0.10498
8.375 77.375 1.0554
8.375 77.625 1.7745
8.375 77.875 1.0029
8.625 76.875 -0.02154
8.625 77.125 0.91152
8.625 77.375 1.1908
8.625 77.625 0.73057
8.625 77.875 1.1029
8.875 76.875 -0.66333
8.875 77.125 1.6994
8.875 77.375 0.24567
8.875 77.625 -0.02725
8.875 77.875 -0.73621
9.125 76.625 0.288
9.125 76.875 1.1381
9.125 77.125 1.1071
9.125 77.375 0.51243
9.125 77.625 0.26207
9.125 77.875 -0.5691
9.125 78.125 0.13685
NaN NaN NaN
9.375 76.625 -0.17092
9.375 76.875 0.4754
9.375 77.125 1.135
9.375 77.375 1.1415
9.375 77.625 0.27271
9.375 77.875 -0.033954
9.375 78.125 -0.039353
9.375 78.375 0.16978
9.375 78.625 -0.27154
NaN NaN NaN
9.625 76.375 -0.52113
9.625 76.625 -0.13918
9.625 76.875 0.88151
9.625 77.125 1.7116
9.625 77.375 0.94268
9.625 77.625 0.41845
9.625 77.875 0.65586
9.625 78.125 -0.35712
9.625 78.375 0.23755
9.625 78.625 0.3439
9.875 76.625 -0.015051
9.875 76.875 0.30301
9.875 77.125 2.0797
9.875 77.375 0.93212
9.875 77.625 0.8093
9.875 77.875 0.68904
9.875 78.125 -0.84049
9.875 78.375 0.48828
9.875 78.625 0.47618
9.875 78.875 0.7558
10.125 76.375 -0.20006
10.125 76.625 0.98026
10.125 76.875 2.3435
10.125 77.125 0.95985
10.125 77.375 0.2864
10.125 77.625 0.85513
10.125 77.875 0.84408
10.125 78.125 0.3146
10.125 78.375 0.79228
10.125 78.625 -0.046282
10.125 78.875 -0.34796
10.125 79.125 0.50473
10.375 76.375 -0.0062576
10.375 76.625 0.18014
10.375 76.875 1.3829
10.375 77.125 1.3205
10.375 77.375 1.0001
10.375 77.625 0.58513
10.375 77.875 -0.35104
10.375 78.125 0.32201
10.375 78.375 0.044899
10.375 78.625 0.031558
10.375 78.875 0.16252
10.375 79.125 0.92842
NaN NaN NaN
NaN NaN NaN
10.625 76.125 -0.18129
10.625 76.375 0.84097
10.625 76.625 0.77957
10.625 76.875 1.3081
10.625 77.125 0.59094
10.625 77.375 0.38291
10.625 77.625 0.68559
10.625 77.875 0.48932
10.625 78.125 -0.077278
10.625 78.375 -0.27747
10.625 78.625 0.48097
10.625 78.875 -0.089773
10.625 79.125 0.71707
10.625 79.375 1.1986
10.625 79.625 1.3036
10.875 76.125 0.55124
10.875 76.375 1.7701
10.875 76.625 1.3981
10.875 76.875 0.75998
10.875 77.125 0.90756
10.875 77.375 0.61248
10.875 77.625 0.036042
10.875 77.875 -0.39859
10.875 78.125 -0.52693
10.875 78.375 0.68891
10.875 78.625 1.8641
10.875 78.875 0.51156
10.875 79.125 -0.37529
10.875 79.375 0.27613
10.875 79.625 1.255
11.125 76.125 0.93271
11.125 76.375 1.3637
11.125 76.625 1.5701
11.125 76.875 -0.15608
11.125 77.125 0.8178
11.125 77.375 0.52148
11.125 77.625 0.76045
11.125 77.875 0.59987
11.125 78.125 -0.5677
11.125 78.375 1.2484
11.125 78.625 0.33645
11.125 78.875 0.67325
11.125 79.125 0.8498
11.125 79.375 0.70295
11.125 79.625 0.77278
11.375 75.875 0.028644
11.375 76.125 0.41308
11.375 76.375 1.3046
11.375 76.625 0.74537
11.375 76.875 1.2347
11.375 77.125 0.77103
11.375 77.375 0.4874
11.375 77.625 1.1582
11.375 77.875 0.074236
11.375 78.125 0.27408
11.375 78.375 -0.0095051
11.375 78.625 -0.40769
11.375 78.875 0.07722
11.375 79.125 0.3292
11.375 79.375 1.076
11.375 79.625 0.95713
11.625 75.875 0.88002
11.625 76.125 1.5888
11.625 76.375 0.85892
11.625 76.625 1.632
11.625 76.875 1.1784
11.625 77.125 0.49461
11.625 77.375 1.4257
11.625 77.625 0.82596
11.625 77.875 -0.63697
11.625 78.125 -0.27264
11.625 78.375 -0.26289
11.625 78.625 0.078184
11.625 78.875 0.24883
11.625 79.125 1.1159
11.625 79.375 0.55387
NaN NaN NaN
NaN NaN NaN
11.875 75.875 0.61739
11.875 76.125 1.2849
11.875 76.375 1.4389
11.875 76.625 1.0846
11.875 76.875 -0.44083
11.875 77.125 0.88376
11.875 77.375 1.2281
11.875 77.625 0.34411
11.875 77.875 -0.26653
11.875 78.125 0.15744
11.875 78.375 0.16658
11.875 78.625 0.74529
11.875 78.875 -0.20582
11.875 79.125 0.87482
11.875 79.375 0.24902
11.875 79.625 0.45352
12.125 75.375 -0.57488
12.125 75.625 0.42251
12.125 75.875 1.1528
12.125 76.125 1.3351
12.125 76.375 0.50019
12.125 76.625 0.309
12.125 76.875 -0.35901
12.125 77.125 0.45612
12.125 77.375 0.33421
12.125 77.625 -0.010686
12.125 77.875 -0.54553
12.125 78.125 0.26675
12.125 78.375 1.3793
12.125 78.625 0.52301
12.125 78.875 -0.18431
12.125 79.125 0.76774
12.125 79.375 -0.090881
12.125 79.625 0.29088
12.375 75.125 -0.55615
12.375 75.375 -0.14236
12.375 75.625 0.64683
12.375 75.875 1.3037
12.375 76.125 1.2228
12.375 76.375 0.70606
12.375 76.625 0.79297
12.375 76.875 0.12299
12.375 77.125 -1.2565
12.375 77.375 -0.45514
12.375 77.625 -0.25563
12.375 77.875 0.13694
12.375 78.125 0.43811
12.375 78.375 0.40877
12.375 78.625 0.62857
12.375 78.875 0.039838
12.375 79.125 0.16208
12.375 79.375 0.09082
12.375 79.625 -0.0038504
12.375 79.875 0.031918
12.625 75.125 -1.0238
12.625 75.375 -0.26864
12.625 75.625 0.75816
12.625 75.875 0.5139
12.625 76.125 0.244
12.625 76.375 1.2236
12.625 76.625 1.3804
12.625 76.875 0.39332
12.625 77.125 -1.0339
12.625 77.375 -0.7608
12.625 77.625 0.45552
12.625 77.875 0.016242
12.625 78.125 0.097839
12.625 78.375 1.628
12.625 78.625 1.1093
12.625 78.875 -0.031585
12.625 79.125 0.36571
12.625 79.375 -0.70852
12.625 79.625 -0.35607
12.625 79.875 -0.99977
12.875 75.125 -0.7607
12.875 75.375 0.34395
12.875 75.625 0.021066
12.875 75.875 0.39555
12.875 76.125 0.29127
12.875 76.375 1.2392
12.875 76.625 0.68687
12.875 76.875 0.031466
12.875 77.125 0.61386
12.875 77.375 0.42901
12.875 77.625 -0.60303
12.875 77.875 -1.2834
12.875 78.125 -0.0080246
12.875 78.375 1.1282
12.875 78.625 0.44637
12.875 78.875 -0.053961
12.875 79.125 0.62468
12.875 79.375 0.25395
12.875 79.625 0.063992
12.875 79.875 -0.15148
NaN NaN NaN
13.125 75.125 0.020854
13.125 75.375 0.016496
13.125 75.625 0.91519
13.125 75.875 0.69992
13.125 76.125 1.3544
13.125 76.375 1.871
13.125 76.625 2.2179
13.125 76.875 1.1246
13.125 77.125 0.75189
13.125 77.375 0.31707
13.125 77.625 0.24917
13.125 77.875 -0.55593
13.125 78.125 -0.032629
13.125 78.375 0.10176
13.125 78.625 -0.34201
13.125 78.875 -0.0018209
13.125 79.125 1.2319
13.125 79.375 0.54647
13.125 79.625 0.77935
13.125 79.875 0.4088
13.125 80.125 0.453
NaN NaN NaN
13.375 75.125 0.1855
13.375 75.375 0.63538
13.375 75.625 0.27813
13.375 75.875 0.19435
13.375 76.125 1.5229
13.375 76.375 1.3829
13.375 76.625 1.2119
13.375 76.875 0.95513
13.375 77.125 1.5144
13.375 77.375 0.97878
13.375 77.625 0.67478
13.375 77.875 0.86586
13.375 78.125 -0.10738
13.375 78.375 0.10964
13.375 78.625 0.36095
13.375 78.875 -0.19685
13.375 79.125 0.43935
13.375 79.375 0.25258
13.375 79.625 0.16014
13.375 79.875 0.60765
13.375 80.125 0.66724
13.625 74.875 -0.33507
13.625 75.125 0.66552
13.625 75.375 1.0225
13.625 75.625 0.40949
13.625 75.875 0.44982
13.625 76.125 0.31473
13.625 76.375 -0.24148
13.625 76.625 0.044671
13.625 76.875 -0.30136
13.625 77.125 0.15334
13.625 77.375 0.6438
13.625 77.625 1.0077
13.625 77.875 1.0098
13.625 78.125 -0.13897
13.625 78.375 1.1146
13.625 78.625 1.0336
13.625 78.875 0.19681
13.625 79.125 0.2484
13.625 79.375 0.55404
13.625 79.625 -0.028368
13.625 79.875 0.44837
13.625 80.125 0.66191
13.875 74.875 0.66038
13.875 75.125 1.366
13.875 75.375 1.0925
13.875 75.625 0.53844
13.875 75.875 0.48204
13.875 76.125 0.28338
13.875 76.375 -0.088954
13.875 76.625 0.33899
13.875 76.875 -0.66065
13.875 77.125 -0.28934
13.875 77.375 -0.098603
13.875 77.625 0.64762
13.875 77.875 0.76763
13.875 78.125 0.24252
13.875 78.375 1.1541
13.875 78.625 1.1592
13.875 78.875 0.29784
13.875 79.125 -0.44906
13.875 79.375 -0.1004
13.875 79.625 -0.40398
13.875 79.875 0.18176
14.125 74.625 0.13543
14.125 74.875 1.0361
14.125 75.125 0.92921
14.125 75.375 0.5459
14.125 75.625 0.64967
14.125 75.875 0.66313
14.125 76.125 0.69586
14.125 76.375 1.037
14.125 76.625 0.58445
14.125 76.875 0.79339
14.125 77.125 0.37311
14.125 77.375 0.52316
14.125 77.625 0.83312
14.125 77.875 1.1731
14.125 78.125 0.25971
14.125 78.375 0.6588
14.125 78.625 0.3729
14.125 78.875 -0.15594
14.125 79.125 0.14537
14.125 79.375 -0.032395
14.125 79.625 0.23419
14.125 79.875 0.44001
14.375 74.625 -0.48859
14.375 74.875 0.084194
14.375 75.125 0.45676
14.375 75.375 0.26942
14.375 75.625 0.75834
14.375 75.875 0.96517
14.375 76.125 1.1833
14.375 76.375 1.445
14.375 76.625 -0.66273
14.375 76.875 -0.42384
14.375 77.125 0.84964
14.375 77.375 0.78812
14.375 77.625 0.92734
14.375 77.875 0.7396
14.375 78.125 0.41569
14.375 78.375 0.67802
14.375 78.625 1.1463
14.375 78.875 0.47168
14.375 79.125 0.74521
14.375 79.375 1.1116
14.375 79.625 0.50349
14.375 79.875 0.70681
NaN NaN NaN
14.625 74.625 -0.1587
14.625 74.875 0.12765
14.625 75.125 0.61719
14.625 75.375 0.80457
14.625 75.625 0.42997
14.625 75.875 0.69766
14.625 76.125 0.9151
14.625 76.375 0.39654
14.625 76.625 -0.019653
14.625 76.875 -0.020901
14.625 77.125 0.46585
14.625 77.375 0.76123
14.625 77.625 0.53142
14.625 77.875 1.0105
14.625 78.125 1.0958
14.625 78.375 1.4669
14.625 78.625 -0.017487
14.625 78.875 0.57955
14.625 79.125 1.2605
14.625 79.375 0.97346
14.625 79.625 0.21474
14.625 79.875 0.37101
14.875 74.375 0.45915
14.875 74.625 0.17279
14.875 74.875 0.44157
14.875 75.125 0.21255
14.875 75.375 -0.38795
14.875 75.625 0.098688
14.875 75.875 -0.23925
14.875 76.125 -0.2799
14.875 76.375 -0.7583
14.875 76.625 0.45174
14.875 76.875 0.10756
14.875 77.125 -0.48901
14.875 77.375 0.013721
14.875 77.625 -0.13074
14.875 77.875 -0.30972
14.875 78.125 0.72009
14.875 78.375 1.3857
14.875 78.625 -0.39623
14.875 78.875 0.64107
14.875 79.125 0.95122
14.875 79.375 -0.10462
14.875 79.625 0.1933
14.875 79.875 0.29822
15.125 74.125 0.091047
15.125 74.375 0.64612
15.125 74.625 1.252
15.125 74.875 1.1567
15.125 75.125 0.64907
15.125 75.375 0.57147
15.125 75.625 0.22272
15.125 75.875 -0.35297
15.125 76.125 -0.24509
15.125 76.375 0.20397
15.125 76.625 -0.53697
15.125 76.875 -0.54332
15.125 77.125 -1.2907
15.125 77.375 -1.1139
15.125 77.625 -1.0508
15.125 77.875 -0.88685
15.125 78.125 0.37306
15.125 78.375 0.89199
15.125 78.625 0.56293
15.125 78.875 1.0149
15.125 79.125 1.0287
15.125 79.375 0.63304
15.125 79.625 0.70071
15.125 79.875 0.58175
15.375 73.875 -1.1731
15.375 74.125 -0.31113
15.375 74.375 0.036109
15.375 74.625 1.2238
15.375 74.875 1.4094
15.375 75.125 0.88347
15.375 75.375 1.8275
15.375 75.625 1.5135
15.375 75.875 0.58106
15.375 76.125 0.87616
15.375 76.375 0.83631
15.375 76.625 -0.25324
15.375 76.875 -0.42741
15.375 77.125 -0.26496
15.375 77.375 0.0081102
15.375 77.625 -0.66515
15.375 77.875 -0.73647
15.375 78.125 -0.29217
15.375 78.375 0.2546
15.375 78.625 0.88215
15.375 78.875 0.522
15.375 79.125 0.75491
15.375 79.375 0.39271
15.375 79.625 0.43427
15.375 79.875 0.24173
15.625 73.875 -1.2065
15.625 74.125 -0.57927
15.625 74.375 -0.47418
15.625 74.625 0.41578
15.625 74.875 0.14636
15.625 75.125 -0.11091
15.625 75.375 0.42186
15.625 75.625 0.95491
15.625 75.875 1.1922
15.625 76.125 1.7144
15.625 76.375 0.93282
15.625 76.625 0.59338
15.625 76.875 0.31393
15.625 77.125 0.25755
15.625 77.375 0.52809
15.625 77.625 0.14883
15.625 77.875 -0.21391
15.625 78.125 0.58314
15.625 78.375 0.19731
15.625 78.625 -0.13355
15.625 78.875 1.0876
15.625 79.125 0.34389
15.625 79.375 0.26936
15.625 79.625 -0.039999
15.625 79.875 0.0093295
15.625 80.125 -0.18215
15.875 73.875 -0.36511
15.875 74.125 -1.1057
15.875 74.375 -0.12835
15.875 74.625 0.40872
15.875 74.875 0.15923
15.875 75.125 -0.47697
15.875 75.375 -0.19405
15.875 75.625 0.75062
15.875 75.875 0.80226
15.875 76.125 0.80633
15.875 76.375 1.2717
15.875 76.625 0.85866
15.875 76.875 0.73131
15.875 77.125 0.70297
15.875 77.375 1.3012
15.875 77.625 -0.2371
15.875 77.875 1.0776
15.875 78.125 0.43306
15.875 78.375 0.39948
15.875 78.625 0.44974
15.875 78.875 0.87125
15.875 79.125 0.83157
15.875 79.375 0.59655
15.875 79.625 -0.63537
15.875 79.875 -0.17828
15.875 80.125 -0.25407
15.875 80.375 -0.37589
NaN NaN NaN
15.875 80.875 -0.059036
16.125 73.625 -0.012993
16.125 73.875 -0.21784
16.125 74.125 0.12032
16.125 74.375 -0.43358
16.125 74.625 0.21336
16.125 74.875 0.40371
16.125 75.125 -1.2322
16.125 75.375 -1.0688
16.125 75.625 0.43525
16.125 75.875 1.1318
16.125 76.125 0.99293
16.125 76.375 1.7694
16.125 76.625 1.9811
16.125 76.875 0.52004
16.125 77.125 0.53161
16.125 77.375 1.3533
16.125 77.625 0.53526
16.125 77.875 0.94757
16.125 78.125 1.0359
16.125 78.375 1.2773
16.125 78.625 1.0766
16.125 78.875 0.68822
16.125 79.125 0.54388
16.125 79.375 -0.38917
16.125 79.625 -0.95056
16.125 79.875 -0.18325
16.125 80.125 0.39165
16.125 80.375 0.58288
16.125 80.625 0.14501
16.125 80.875 0.11637
16.375 73.625 -0.74026
16.375 73.875 -0.095935
16.375 74.125 0.079679
16.375 74.375 0.56318
16.375 74.625 -0.87207
16.375 74.875 1.0572
16.375 75.125 0.35734
16.375 75.375 -0.48249
16.375 75.625 0.015531
16.375 75.875 1.1023
16.375 76.125 1.6578
16.375 76.375 2.0236
16.375 76.625 1.9612
16.375 76.875 1.1599
16.375 77.125 0.97317
16.375 77.375 1.3427
16.375 77.625 1.2092
16.375 77.875 0.76933
16.375 78.125 1.0618
16.375 78.375 1.2366
16.375 78.625 0.7453
16.375 78.875 0.48802
16.375 79.125 0.15943
16.375 79.375 0.12992
16.375 79.625 -0.13187
16.375 79.875 0.12922
16.375 80.125 0.45515
16.375 80.375 0.023291
16.375 80.625 0.18796
16.375 80.875 0.086486
16.375 81.125 0.093809
NaN NaN NaN
NaN NaN NaN
16.625 73.625 -0.8796
16.625 73.875 -0.78455
16.625 74.125 -0.71788
16.625 74.375 -1.5941
16.625 74.625 -0.72843
16.625 74.875 -0.44579
16.625 75.125 0.44399
16.625 75.375 -0.17904
16.625 75.625 0.10936
16.625 75.875 0.87153
16.625 76.125 1.3569
16.625 76.375 0.9554
16.625 76.625 0.2541
16.625 76.875 1.0083
16.625 77.125 1.4324
16.625 77.375 1.5165
16.625 77.625 1.1087
16.625 77.875 1.4985
16.625 78.125 1.4775
16.625 78.375 1.2648
16.625 78.625 0.95163
16.625 78.875 0.10075
16.625 79.125 -0.38456
16.625 79.375 -0.60252
16.625 79.625 -0.2595
16.625 79.875 0.089465
16.625 80.125 0.16765
16.625 80.375 -0.058104
16.625 80.625 -0.2114
16.625 80.875 -0.14719
16.625 81.125 -0.51961
16.625 81.375 -0.41234
16.625 81.625 -0.037556
16.625 81.875 -0.35243
16.625 82.125 -0.19749
16.875 73.375 -0.34687
16.875 73.625 -1.0901
16.875 73.875 -1.1431
16.875 74.125 -1.4907
16.875 74.375 -0.73139
16.875 74.625 -1.7967
16.875 74.875 -1.3241
16.875 75.125 -0.55537
16.875 75.375 0.84238
16.875 75.625 1.069
16.875 75.875 0.66791
16.875 76.125 0.32535
16.875 76.375 0.29526
16.875 76.625 0.91922
16.875 76.875 1.5662
16.875 77.125 1.3972
16.875 77.375 0.84296
16.875 77.625 0.37292
16.875 77.875 0.50941
16.875 78.125 0.66623
16.875 78.375 0.69909
16.875 78.625 0.082636
16.875 78.875 -0.4603
16.875 79.125 -0.57919
16.875 79.375 -0.68454
16.875 79.625 -0.27419
16.875 79.875 -0.12899
16.875 80.125 0.029054
16.875 80.375 -0.058697
16.875 80.625 0.095022
16.875 80.875 0.14306
16.875 81.125 -0.14956
16.875 81.375 -0.50823
16.875 81.625 -0.19109
16.875 81.875 -0.22138
16.875 82.125 -0.31132
17.125 73.375 -0.56978
17.125 73.625 -0.9906
17.125 73.875 -0.75089
17.125 74.125 -1.4013
17.125 74.375 -1.4346
17.125 74.625 -1.6515
17.125 74.875 -1.202
17.125 75.125 -1.0693
17.125 75.375 -0.071566
17.125 75.625 0.29266
17.125 75.875 0.0033552
17.125 76.125 -0.85816
17.125 76.375 -0.038978
17.125 76.625 0.24214
17.125 76.875 1.5078
17.125 77.125 0.63285
17.125 77.375 -0.18922
17.125 77.625 -0.078771
17.125 77.875 0.52333
17.125 78.125 0.54485
17.125 78.375 0.45737
17.125 78.625 0.11397
17.125 78.875 -0.041614
17.125 79.125 -0.22744
17.125 79.375 -0.46268
17.125 79.625 0.027195
17.125 79.875 -0.14917
17.125 80.125 0.068468
17.125 80.375 -0.090939
17.125 80.625 0.20416
17.125 80.875 0.44391
17.125 81.125 -0.29218
17.125 81.375 -0.5343
17.125 81.625 -0.75945
17.125 81.875 -0.68619
17.125 82.125 -0.44614
17.125 82.375 -0.4629
17.375 73.375 -0.66748
17.375 73.625 -1.4036
17.375 73.875 -1.331
17.375 74.125 -1.5632
17.375 74.375 -1.5023
17.375 74.625 -1.4453
17.375 74.875 -1.2374
17.375 75.125 -1.4307
17.375 75.375 -1.4348
17.375 75.625 -1.0272
17.375 75.875 -1.247
17.375 76.125 -0.91125
17.375 76.375 -0.20701
17.375 76.625 0.394
17.375 76.875 1.4203
17.375 77.125 1.041
17.375 77.375 0.13944
17.375 77.625 0.74503
17.375 77.875 0.39099
17.375 78.125 0.26669
17.375 78.375 0.15176
17.375 78.625 0.089165
17.375 78.875 0.47843
17.375 79.125 0.24811
17.375 79.375 0.32271
17.375 79.625 -0.11477
17.375 79.875 0.24446
17.375 80.125 0.45433
17.375 80.375 0.30018
17.375 80.625 0.16624
17.375 80.875 -0.23311
17.375 81.125 -0.57289
17.375 81.375 -0.70056
17.375 81.625 -0.91463
17.375 81.875 -0.75512
17.375 82.125 -0.34194
17.375 82.375 -0.46547
NaN NaN NaN
17.625 73.375 -0.62959
17.625 73.625 -1.9283
17.625 73.875 -1.2041
17.625 74.125 -1.6182
17.625 74.375 -1.5576
17.625 74.625 -1.4681
17.625 74.875 -1.6087
17.625 75.125 -1.1463
17.625 75.375 -1.6353
17.625 75.625 -1.3123
17.625 75.875 -1.1594
17.625 76.125 -1.3103
17.625 76.375 -0.94049
17.625 76.625 0.77503
17.625 76.875 1.0501
17.625 77.125 1.2192
17.625 77.375 0.70419
17.625 77.625 0.41725
17.625 77.875 0.80502
17.625 78.125 0.87111
17.625 78.375 0.6119
17.625 78.625 0.17277
17.625 78.875 0.14541
17.625 79.125 0.070412
17.625 79.375 0.17311
17.625 79.625 0.3363
17.625 79.875 0.40097
17.625 80.125 0.45761
17.625 80.375 0.36996
17.625 80.625 0.05755
17.625 80.875 0.41104
17.625 81.125 0.84274
17.625 81.375 -0.48769
17.625 81.625 -0.73673
17.625 81.875 -0.69007
17.625 82.125 -0.32936
17.625 82.375 -0.3551
17.625 82.625 -0.24809
17.625 82.875 -0.63394
17.625 83.125 -0.30842
17.875 73.375 -0.49327
17.875 73.625 -1.5197
17.875 73.875 -1.011
17.875 74.125 -1.4814
17.875 74.375 -1.4401
17.875 74.625 -1.2568
17.875 74.875 -0.75353
17.875 75.125 -1.4946
17.875 75.375 -1.6178
17.875 75.625 -1.4284
17.875 75.875 -1.3913
17.875 76.125 -1.103
17.875 76.375 -0.65603
17.875 76.625 0.19751
17.875 76.875 0.7523
17.875 77.125 1.4295
17.875 77.375 0.52399
17.875 77.625 0.81064
17.875 77.875 0.40737
17.875 78.125 0.62133
17.875 78.375 0.47555
17.875 78.625 0.65774
17.875 78.875 0.11951
17.875 79.125 0.084707
17.875 79.375 -0.16899
17.875 79.625 0.10136
17.875 79.875 0.27821
17.875 80.125 0.2495
17.875 80.375 -0.027983
17.875 80.625 0.24523
17.875 80.875 0.36115
17.875 81.125 0.09949
17.875 81.375 0.076652
17.875 81.625 -0.58161
17.875 81.875 -0.67272
17.875 82.125 -0.6531
17.875 82.375 -0.32891
17.875 82.625 0.12026
17.875 82.875 0.30718
17.875 83.125 -0.30228
17.875 83.375 -0.25977
NaN NaN NaN
18.125 73.375 -0.016503
18.125 73.625 -0.033646
18.125 73.875 -0.38857
18.125 74.125 -1.2604
18.125 74.375 -1.1546
18.125 74.625 -0.72431
18.125 74.875 -0.53827
18.125 75.125 -1.2916
18.125 75.375 -1.1285
18.125 75.625 -0.98808
18.125 75.875 -0.91228
18.125 76.125 -0.63347
18.125 76.375 -0.33475
18.125 76.625 -0.20293
18.125 76.875 0.62896
18.125 77.125 1.1903
18.125 77.375 0.17604
18.125 77.625 0.30874
18.125 77.875 0.30524
18.125 78.125 0.97042
18.125 78.375 0.53378
18.125 78.625 0.60595
18.125 78.875 0.35585
18.125 79.125 -0.12848
18.125 79.375 -0.40622
18.125 79.625 -0.30198
18.125 79.875 -0.017034
18.125 80.125 0.093811
18.125 80.375 0.093104
18.125 80.625 0.046261
18.125 80.875 -0.16904
18.125 81.125 -0.084494
18.125 81.375 0.23397
18.125 81.625 -0.34409
18.125 81.875 -0.6489
18.125 82.125 -0.32382
18.125 82.375 -0.22717
18.125 82.625 0.028811
18.125 82.875 -0.11822
18.125 83.125 0.082558
18.125 83.375 0.014702
18.125 83.625 0.26385
18.375 73.125 -0.086684
18.375 73.375 -0.15932
18.375 73.625 0.96602
18.375 73.875 -0.037814
18.375 74.125 -1.1015
18.375 74.375 -0.93625
18.375 74.625 -1.2582
18.375 74.875 -1.3506
18.375 75.125 -0.79861
18.375 75.375 0.002073
18.375 75.625 -0.35804
18.375 75.875 -0.72893
18.375 76.125 -0.55208
18.375 76.375 -0.14696
18.375 76.625 -0.19587
18.375 76.875 -0.23177
18.375 77.125 -0.35036
18.375 77.375 0.021686
18.375 77.625 -0.2781
18.375 77.875 0.099718
18.375 78.125 0.75622
18.375 78.375 0.18152
18.375 78.625 -0.27707
18.375 78.875 -0.28275
18.375 79.125 0.027067
18.375 79.375 -0.2827
18.375 79.625 -0.11651
18.375 79.875 -0.20267
18.375 80.125 -0.23066
18.375 80.375 -0.17026
18.375 80.625 0.048108
18.375 80.875 -0.49198
18.375 81.125 0.0047722
18.375 81.375 0.42293
18.375 81.625 -0.168
18.375 81.875 -0.20133
18.375 82.125 0.068528
18.375 82.375 0.23604
18.375 82.625 0.2224
18.375 82.875 -1.1678
18.375 83.125 0.29861
18.375 83.375 0.31467
18.375 83.625 -0.042404
18.375 83.875 -0.079423
18.625 73.125 0.59923
18.625 73.375 0.82135
18.625 73.625 0.71274
18.625 73.875 0.46489
18.625 74.125 -0.92246
18.625 74.375 -1.3485
18.625 74.625 -1.378
18.625 74.875 -1.3456
18.625 75.125 -0.67855
18.625 75.375 -0.27811
18.625 75.625 -0.56743
18.625 75.875 -0.36589
18.625 76.125 -0.58853
18.625 76.375 -0.37295
18.625 76.625 0.74067
18.625 76.875 0.040485
18.625 77.125 -0.12585
18.625 77.375 -0.52262
18.625 77.625 -0.30825
18.625 77.875 -0.12653
18.625 78.125 0.20302
18.625 78.375 -0.1472
18.625 78.625 -1.043
18.625 78.875 -0.54597
18.625 79.125 -0.86636
18.625 79.375 -0.521
18.625 79.625 -0.79051
18.625 79.875 -0.35814
18.625 80.125 -0.13103
18.625 80.375 -0.16189
18.625 80.625 0.36136
18.625 80.875 0.13761
18.625 81.125 -0.0056302
18.625 81.375 0.12867
18.625 81.625 0.33056
18.625 81.875 -0.025701
18.625 82.125 0.73658
18.625 82.375 0.97046
18.625 82.625 0.67615
18.625 82.875 0.03074
18.625 83.125 -0.7743
18.625 83.375 -0.72518
18.625 83.625 -0.15265
18.625 83.875 -0.47628
18.625 84.125 -0.46694
18.875 73.125 0.11499
18.875 73.375 0.57035
18.875 73.625 1.3991
18.875 73.875 0.54978
18.875 74.125 -1.3472
18.875 74.375 -0.73187
18.875 74.625 -0.1275
18.875 74.875 -0.19705
18.875 75.125 -0.83857
18.875 75.375 -0.37467
18.875 75.625 -0.5255
18.875 75.875 -0.87788
18.875 76.125 -0.2009
18.875 76.375 -0.43453
18.875 76.625 -0.19967
18.875 76.875 0.56386
18.875 77.125 1.1438
18.875 77.375 -0.28847
18.875 77.625 0.84863
18.875 77.875 0.46221
18.875 78.125 0.19893
18.875 78.375 -1.5395
18.875 78.625 -0.42475
18.875 78.875 -0.20241
18.875 79.125 -0.27635
18.875 79.375 -0.2396
18.875 79.625 -0.50661
18.875 79.875 -0.34027
18.875 80.125 -0.30274
18.875 80.375 0.27712
18.875 80.625 0.98352
18.875 80.875 0.87352
18.875 81.125 0.11414
18.875 81.375 0.41611
18.875 81.625 -0.30582
18.875 81.875 1.0285
18.875 82.125 0.81705
18.875 82.375 0.86081
18.875 82.625 0.21174
18.875 82.875 0.18821
18.875 83.125 -0.55219
18.875 83.375 -0.42823
18.875 83.625 0.21422
18.875 83.875 0.27357
18.875 84.125 -0.16246
18.875 84.375 -0.35317
19.125 73.125 -0.035858
19.125 73.375 -0.1711
19.125 73.625 0.34866
19.125 73.875 0.35961
19.125 74.125 -0.75164
19.125 74.375 0.035833
19.125 74.625 0.069785
19.125 74.875 0.013037
19.125 75.125 -0.21153
19.125 75.375 -0.47035
19.125 75.625 -0.63035
19.125 75.875 -0.79134
19.125 76.125 -0.30202
19.125 76.375 -0.6788
19.125 76.625 -0.44138
19.125 76.875 -0.1015
19.125 77.125 1.2286
19.125 77.375 -0.33393
19.125 77.625 0.24746
19.125 77.875 -0.067504
19.125 78.125 -0.33877
19.125 78.375 -0.096399
19.125 78.625 -0.098563
19.125 78.875 -0.011177
19.125 79.125 -0.070792
19.125 79.375 0.38804
19.125 79.625 0.55213
19.125 79.875 -0.22905
19.125 80.125 -0.48554
19.125 80.375 -0.11388
19.125 80.625 1.0525
19.125 80.875 0.80598
19.125 81.125 0.083708
19.125 81.375 -0.96879
19.125 81.625 -0.18119
19.125 81.875 -0.24204
19.125 82.125 0.81255
19.125 82.375 0.3334
19.125 82.625 -0.17474
19.125 82.875 -0.24367
19.125 83.125 -0.84068
19.125 83.375 -0.85882
19.125 83.625 -0.65831
19.125 83.875 -0.052303
19.125 84.125 -0.079812
19.125 84.375 -0.67975
19.125 84.625 -0.34164
19.375 72.875 0.0099364
19.375 73.125 -0.20064
19.375 73.375 -0.057929
19.375 73.625 0.17065
19.375 73.875 -0.26752
19.375 74.125 -0.073475
19.375 74.375 0.34503
19.375 74.625 -0.29942
19.375 74.875 -0.34533
19.375 75.125 -0.41917
19.375 75.375 -0.55591
19.375 75.625 -1.2565
19.375 75.875 -0.84182
19.375 76.125 -0.5196
19.375 76.375 -0.94266
19.375 76.625 -0.98372
19.375 76.875 -0.68428
19.375 77.125 0.2194
19.375 77.375 -0.33998
19.375 77.625 -0.12455
19.375 77.875 -0.040588
19.375 78.125 0.35023
19.375 78.375 0.2457
19.375 78.625 0.072054
19.375 78.875 -0.040765
19.375 79.125 0.058341
19.375 79.375 0.39236
19.375 79.625 0.18227
19.375 79.875 -0.52956
19.375 80.125 -0.41197
19.375 80.375 -0.24255
19.375 80.625 0.28549
19.375 80.875 0.55952
19.375 81.125 -0.16772
19.375 81.375 -0.93439
19.375 81.625 -0.8761
19.375 81.875 0.45915
19.375 82.125 0.72996
19.375 82.375 -0.61642
19.375 82.625 -0.026892
19.375 82.875 0.22971
19.375 83.125 -0.66398
19.375 83.375 -1.4385
19.375 83.625 -1.0575
19.375 83.875 -0.52726
19.375 84.125 -0.2059
19.375 84.375 -0.32769
19.375 84.625 -0.2516
19.375 84.875 -0.46953
19.625 72.875 0.027309
19.625 73.125 -0.0012386
19.625 73.375 0.33943
19.625 73.625 0.46881
19.625 73.875 0.53979
19.625 74.125 -0.10555
19.625 74.375 0.14593
19.625 74.625 -0.34336
19.625 74.875 -0.85637
19.625 75.125 -0.66526
19.625 75.375 -0.74251
19.625 75.625 -0.82046
19.625 75.875 -0.45865
19.625 76.125 -0.34707
19.625 76.375 -0.59335
19.625 76.625 -0.83159
19.625 76.875 -1.5738
19.625 77.125 -0.87633
19.625 77.375 -0.22372
19.625 77.625 -0.075437
19.625 77.875 -0.053805
19.625 78.125 0.18466
19.625 78.375 0.16017
19.625 78.625 0.87678
19.625 78.875 0.20095
19.625 79.125 -0.20941
19.625 79.375 -0.43139
19.625 79.625 -0.482
19.625 79.875 -0.43182
19.625 80.125 -0.6856
19.625 80.375 -0.53366
19.625 80.625 -0.12938
19.625 80.875 0.31538
19.625 81.125 0.19355
19.625 81.375 -0.8579
19.625 81.625 -0.71582
19.625 81.875 0.066181
19.625 82.125 0.2444
19.625 82.375 0.12089
19.625 82.625 -0.031644
19.625 82.875 0.11711
19.625 83.125 -0.16165
19.625 83.375 -0.31706
19.625 83.625 0.1596
19.625 83.875 0.14172
19.625 84.125 0.20484
19.625 84.375 0.099033
19.625 84.625 -0.46527
19.625 84.875 -0.75352
19.625 85.125 -1.459
19.625 85.375 -0.89952
19.875 72.875 0.10753
19.875 73.125 -0.023747
19.875 73.375 0.54006
19.875 73.625 1.5177
19.875 73.875 0.3167
19.875 74.125 -0.35238
19.875 74.375 0.072231
19.875 74.625 0.1251
19.875 74.875 -0.18585
19.875 75.125 -0.86756
19.875 75.375 -0.80028
19.875 75.625 -0.57814
19.875 75.875 -0.22685
19.875 76.125 0.11891
19.875 76.375 0.030368
19.875 76.625 -1.0972
19.875 76.875 -0.87242
19.875 77.125 -0.43536
19.875 77.375 -0.028405
19.875 77.625 0.090834
19.875 77.875 -0.15127
19.875 78.125 -0.23548
19.875 78.375 -0.29759
19.875 78.625 -0.12002
19.875 78.875 -0.043633
19.875 79.125 -0.049649
19.875 79.375 -0.4036
19.875 79.625 -0.088451
19.875 79.875 -0.15864
19.875 80.125 -0.50198
19.875 80.375 -0.74237
19.875 80.625 -0.41104
19.875 80.875 -0.072983
19.875 81.125 0.36892
19.875 81.375 -1.2511
19.875 81.625 -0.52668
19.875 81.875 0.15084
19.875 82.125 -0.13605
19.875 82.375 -0.209
19.875 82.625 -0.19015
19.875 82.875 -0.38796
19.875 83.125 -0.39471
19.875 83.375 -0.64801
19.875 83.625 -0.27241
19.875 83.875 -0.43414
19.875 84.125 0.47363
19.875 84.375 0.43535
19.875 84.625 0.03882
19.875 84.875 -0.65643
19.875 85.125 -1.1339
19.875 85.375 -1.4794
NaN NaN NaN
NaN NaN NaN
NaN NaN NaN
20.125 72.875 0.56576
20.125 73.125 0.13673
20.125 73.375 0.55675
20.125 73.625 0.38322
20.125 73.875 -0.10988
20.125 74.125 -0.2845
20.125 74.375 0.084653
20.125 74.625 0.050487
20.125 74.875 0.061238
20.125 75.125 -0.52097
20.125 75.375 -0.30517
20.125 75.625 -0.73469
20.125 75.875 -1.0115
20.125 76.125 -0.26111
20.125 76.375 -0.1588
20.125 76.625 -0.77623
20.125 76.875 -0.91393
20.125 77.125 -0.70466
20.125 77.375 -0.014556
20.125 77.625 0.18829
20.125 77.875 -0.034536
20.125 78.125 -0.37483
20.125 78.375 -0.53509
20.125 78.625 -0.2683
20.125 78.875 -0.19399
20.125 79.125 -0.3195
20.125 79.375 -0.3122
20.125 79.625 0.071159
20.125 79.875 -0.18172
20.125 80.125 -0.30274
20.125 80.375 -0.2092
20.125 80.625 -0.25447
20.125 80.875 0.11025
20.125 81.125 -0.813
20.125 81.375 -0.46114
20.125 81.625 0.27645
20.125 81.875 0.4615
20.125 82.125 0.10349
20.125 82.375 -0.72771
20.125 82.625 -0.57303
20.125 82.875 -0.99077
20.125 83.125 -0.57806
20.125 83.375 -1.4069
20.125 83.625 -1.5883
20.125 83.875 0.79268
20.125 84.125 0.65102
20.125 84.375 -0.86998
20.125 84.625 -0.58228
20.125 84.875 -0.59458
20.125 85.125 0.4274
20.125 85.375 -0.40994
20.125 85.625 -0.44838
20.125 85.875 -1.0516
20.125 86.125 -1.0849
NaN NaN NaN
20.375 73.125 0.21928
20.375 73.375 0.24656
20.375 73.625 -0.089062
20.375 73.875 -0.77179
20.375 74.125 -1.1476
20.375 74.375 -0.4879
20.375 74.625 -0.41276
20.375 74.875 -0.18672
20.375 75.125 0.79166
20.375 75.375 0.53937
20.375 75.625 -0.28394
20.375 75.875 -0.52977
20.375 76.125 -0.6887
20.375 76.375 -0.77049
20.375 76.625 -0.51374
20.375 76.875 -0.76921
20.375 77.125 -0.72342
20.375 77.375 -0.53411
20.375 77.625 -0.17598
20.375 77.875 -0.52011
20.375 78.125 -0.43821
20.375 78.375 -0.30432
20.375 78.625 -0.26043
20.375 78.875 -0.093681
20.375 79.125 -0.11352
20.375 79.375 -0.23146
20.375 79.625 -0.32241
20.375 79.875 -0.23966
20.375 80.125 0.090738
20.375 80.375 0.26568
20.375 80.625 0.37726
20.375 80.875 0.51786
20.375 81.125 -0.087275
20.375 81.375 -0.41723
20.375 81.625 0.56647
20.375 81.875 0.17181
20.375 82.125 0.45487
20.375 82.375 0.28795
20.375 82.625 0.10728
20.375 82.875 -0.39058
20.375 83.125 -0.48504
20.375 83.375 -0.54562
20.375 83.625 -0.21954
20.375 83.875 -0.38041
20.375 84.125 -0.50747
20.375 84.375 -1.3978
20.375 84.625 -0.86889
20.375 84.875 -0.80331
20.375 85.125 -0.61698
20.375 85.375 -0.6778
20.375 85.625 -0.18494
20.375 85.875 -0.88594
20.375 86.125 -0.47858
20.375 86.375 -0.18053
NaN NaN NaN
20.625 73.125 0.20953
20.625 73.375 0.28587
20.625 73.625 0.14214
20.625 73.875 0.25241
20.625 74.125 -0.031365
20.625 74.375 0.03859
20.625 74.625 0.2341
20.625 74.875 0.40115
20.625 75.125 0.74974
20.625 75.375 0.56173
20.625 75.625 -0.36569
20.625 75.875 -0.73181
20.625 76.125 -0.79936
20.625 76.375 -0.78073
20.625 76.625 -0.72786
20.625 76.875 -0.64676
20.625 77.125 -0.93818
20.625 77.375 -0.58302
20.625 77.625 -0.21014
20.625 77.875 -0.36227
20.625 78.125 -0.18863
20.625 78.375 -0.17272
20.625 78.625 -0.2909
20.625 78.875 0.56079
20.625 79.125 0.14006
20.625 79.375 -0.36594
20.625 79.625 -0.41888
20.625 79.875 -0.14074
20.625 80.125 0.24843
20.625 80.375 0.55893
20.625 80.625 0.54619
20.625 80.875 0.85609
20.625 81.125 0.25709
20.625 81.375 -0.035195
20.625 81.625 -0.014762
20.625 81.875 -0.30319
20.625 82.125 0.89984
20.625 82.375 0.68552
20.625 82.625 0.092414
20.625 82.875 0.019148
20.625 83.125 -0.66113
20.625 83.375 -0.098506
20.625 83.625 0.096259
20.625 83.875 -1.2116
20.625 84.125 -0.52705
20.625 84.375 -0.93537
20.625 84.625 -0.34126
20.625 84.875 -0.36447
20.625 85.125 -0.63616
20.625 85.375 -0.0047472
20.625 85.625 -1.2642
20.625 85.875 -0.27493
20.625 86.125 -0.19994
20.625 86.375 0.050578
20.625 86.625 0.060803
NaN NaN NaN
20.875 70.625 1.071
20.875 70.875 1.0382
20.875 71.125 0.8281
20.875 71.375 1.2155
20.875 72.875 0.91841
20.875 73.125 0.71896
20.875 73.375 0.35057
20.875 73.625 0.19565
20.875 73.875 0.75907
20.875 74.125 0.98125
20.875 74.375 0.71859
20.875 74.625 0.30319
20.875 74.875 -0.20988
20.875 75.125 -0.024394
20.875 75.375 -0.20925
20.875 75.625 -1.1204
20.875 75.875 -0.70929
20.875 76.125 -0.85833
20.875 76.375 -0.86666
20.875 76.625 -0.23348
20.875 76.875 0.16727
20.875 77.125 -0.3209
20.875 77.375 -0.64296
20.875 77.625 -0.017195
20.875 77.875 0.14694
20.875 78.125 0.026918
20.875 78.375 0.022237
20.875 78.625 -0.45011
20.875 78.875 -0.14558
20.875 79.125 -0.2973
20.875 79.375 -0.6584
20.875 79.625 -0.5237
20.875 79.875 -0.22989
20.875 80.125 0.26206
20.875 80.375 -0.24037
20.875 80.625 0.00096309
20.875 80.875 1.0197
20.875 81.125 1.6329
20.875 81.375 -0.47646
20.875 81.625 0.13672
20.875 81.875 -0.039777
20.875 82.125 0.30427
20.875 82.375 1.0677
20.875 82.625 -0.56234
20.875 82.875 -0.3486
20.875 83.125 -0.2466
20.875 83.375 -0.14594
20.875 83.625 0.56155
20.875 83.875 -0.49563
20.875 84.125 -0.81864
20.875 84.375 0.20718
20.875 84.625 -0.22371
20.875 84.875 -0.45114
20.875 85.125 -0.16138
20.875 85.375 0.068568
20.875 85.625 -0.094121
20.875 85.875 -0.22888
20.875 86.125 0.39356
20.875 86.375 0.0066894
20.875 86.625 -0.049799
21.125 70.375 1.5082
21.125 70.625 0.78032
21.125 70.875 0.10949
21.125 71.125 1.0993
21.125 71.375 1.1356
NaN NaN NaN
NaN NaN NaN
21.125 72.875 0.073392
21.125 73.125 0.14539
21.125 73.375 1.0152
21.125 73.625 -0.3412
21.125 73.875 -0.10574
21.125 74.125 0.19424
21.125 74.375 0.0058032
21.125 74.625 -0.056061
21.125 74.875 0.24378
21.125 75.125 -0.11139
21.125 75.375 -0.053344
21.125 75.625 0.3863
21.125 75.875 0.47164
21.125 76.125 1.0947
21.125 76.375 0.2687
21.125 76.625 -0.17474
21.125 76.875 0.1903
21.125 77.125 -0.54399
21.125 77.375 -0.3016
21.125 77.625 -0.19251
21.125 77.875 -0.23531
21.125 78.125 0.15485
21.125 78.375 0.081376
21.125 78.625 -0.32754
21.125 78.875 -0.034227
21.125 79.125 -0.19865
21.125 79.375 -0.58441
21.125 79.625 -0.27848
21.125 79.875 0.59814
21.125 80.125 0.89533
21.125 80.375 -0.53151
21.125 80.625 -0.49436
21.125 80.875 -0.090499
21.125 81.125 0.463
21.125 81.375 0.71195
21.125 81.625 -0.20056
21.125 81.875 -0.17394
21.125 82.125 1.1552
21.125 82.375 0.38162
21.125 82.625 -0.047594
21.125 82.875 -0.29955
21.125 83.125 -0.3319
21.125 83.375 -0.050557
21.125 83.625 0.58792
21.125 83.875 0.073387
21.125 84.125 -0.79237
21.125 84.375 -0.84627
21.125 84.625 0.4477
21.125 84.875 1.1427
21.125 85.125 0.62333
21.125 85.375 -0.099657
21.125 85.625 -0.35504
21.125 85.875 -0.22995
21.125 86.125 -0.41224
21.125 86.375 -0.45307
21.125 86.625 -0.31038
21.375 70.125 1.245
21.375 70.375 0.79922
21.375 70.625 1.1184
21.375 70.875 0.41716
21.375 71.125 0.66504
21.375 71.375 0.42851
21.375 71.625 0.89722
21.375 71.875 1.2465
21.375 72.875 0.78424
21.375 73.125 1.5831
21.375 73.375 0.71555
21.375 73.625 0.14511
21.375 73.875 -0.40447
21.375 74.125 -0.49767
21.375 74.375 -0.17993
21.375 74.625 0.17004
21.375 74.875 0.57484
21.375 75.125 0.19134
21.375 75.375 -0.079822
21.375 75.625 0.079294
21.375 75.875 0.39213
21.375 76.125 1.0551
21.375 76.375 0.88818
21.375 76.625 0.39295
21.375 76.875 -0.1102
21.375 77.125 0.49207
21.375 77.375 1.3409
21.375 77.625 1.1012
21.375 77.875 0.16883
21.375 78.125 0.69334
21.375 78.375 0.5687
21.375 78.625 -0.0061954
21.375 78.875 0.1488
21.375 79.125 -0.53674
21.375 79.375 -0.54832
21.375 79.625 -0.76388
21.375 79.875 -0.68441
21.375 80.125 -0.35643
21.375 80.375 -0.46165
21.375 80.625 -0.78797
21.375 80.875 -1.2329
21.375 81.125 -1.1529
21.375 81.375 -0.90066
21.375 81.625 -0.19659
21.375 81.875 0.5866
21.375 82.125 1.3722
21.375 82.375 0.4664
21.375 82.625 -0.71455
21.375 82.875 -0.72219
21.375 83.125 -0.048641
21.375 83.375 0.63331
21.375 83.625 0.647
21.375 83.875 0.66075
21.375 84.125 0.34099
21.375 84.375 0.55912
21.375 84.625 1.5667
21.375 84.875 0.87938
21.375 85.125 0.64149
21.375 85.375 0.08064
21.375 85.625 0.27507
21.375 85.875 -0.18178
21.375 86.125 -0.1386
21.375 86.375 -0.49525
21.375 86.625 -0.6711
21.375 86.875 -0.6597
21.625 69.875 0.55661
21.625 70.125 0.55414
21.625 70.375 0.77175
21.625 70.625 1.1138
21.625 70.875 0.42098
21.625 71.125 -0.17084
21.625 71.375 0.68471
21.625 71.625 1.5898
21.625 71.875 1.223
21.625 72.125 1.1785
21.625 72.875 0.6315
21.625 73.125 0.19056
21.625 73.375 0.013356
21.625 73.625 0.042747
21.625 73.875 -0.25825
21.625 74.125 -0.34556
21.625 74.375 0.58463
21.625 74.625 0.21559
21.625 74.875 0.52941
21.625 75.125 0.17914
21.625 75.375 0.0042211
21.625 75.625 -0.14151
21.625 75.875 -0.2089
21.625 76.125 -0.084294
21.625 76.375 0.037957
21.625 76.625 -0.020319
21.625 76.875 0.37072
21.625 77.125 1.0179
21.625 77.375 1.2861
21.625 77.625 0.5452
21.625 77.875 -0.047376
21.625 78.125 0.14337
21.625 78.375 0.51326
21.625 78.625 -0.36694
21.625 78.875 -0.51169
21.625 79.125 -0.61114
21.625 79.375 0.33396
21.625 79.625 0.15489
21.625 79.875 -0.41722
21.625 80.125 -0.62724
21.625 80.375 0.037705
21.625 80.625 -0.68624
21.625 80.875 -1.3085
21.625 81.125 -1.5799
21.625 81.375 -1.5376
21.625 81.625 0.48914
21.625 81.875 0.66094
21.625 82.125 0.98195
21.625 82.375 0.30124
21.625 82.625 -0.5945
21.625 82.875 -0.23713
21.625 83.125 -0.059918
21.625 83.375 0.56484
21.625 83.625 0.77226
21.625 83.875 1.3441
21.625 84.125 1.1366
21.625 84.375 1.8084
21.625 84.625 1.5549
21.625 84.875 1.3877
21.625 85.125 0.96773
21.625 85.375 1.0954
21.625 85.625 1.1788
21.625 85.875 0.49133
21.625 86.125 -0.11217
21.625 86.375 -0.20733
21.625 86.625 -1.0225
21.625 86.875 -0.79768
21.625 87.125 -0.36693
NaN NaN NaN
NaN NaN NaN
21.875 69.625 0.65956
21.875 69.875 0.64139
21.875 70.125 0.75057
21.875 70.375 0.7256
21.875 70.625 0.68428
21.875 70.875 -0.1594
21.875 71.125 -0.57441
21.875 71.375 0.30783
21.875 71.625 1.2767
21.875 71.875 1.5744
21.875 72.125 1.5544
NaN NaN NaN
21.875 72.875 -0.084001
21.875 73.125 -0.088467
21.875 73.375 -0.24856
21.875 73.625 -0.3808
21.875 73.875 0.47835
21.875 74.125 0.3566
21.875 74.375 1.0581
21.875 74.625 1.2428
21.875 74.875 NaN
21.875 75.125 0.84744
21.875 75.375 -0.41155
21.875 75.625 -0.36665
21.875 75.875 -0.33519
21.875 76.125 -0.10507
21.875 76.375 -0.18463
21.875 76.625 -0.019149
21.875 76.875 0.44453
21.875 77.125 1.0319
21.875 77.375 NaN
21.875 77.625 0.18128
21.875 77.875 0.050328
21.875 78.125 -0.26333
21.875 78.375 -0.30195
21.875 78.625 -0.49122
21.875 78.875 -0.40114
21.875 79.125 -0.47167
21.875 79.375 -0.17155
21.875 79.625 0.19544
21.875 79.875 0.026015
21.875 80.125 0.18525
21.875 80.375 0.26612
21.875 80.625 -0.10714
21.875 80.875 -1.0591
21.875 81.125 -1.2979
21.875 81.375 -0.31268
21.875 81.625 0.36038
21.875 81.875 -0.23139
21.875 82.125 1.0217
21.875 82.375 0.31626
21.875 82.625 -0.047875
21.875 82.875 0.39335
21.875 83.125 -0.015478
21.875 83.375 0.17644
21.875 83.625 0.23249
21.875 83.875 1.6313
21.875 84.125 1.6437
21.875 84.375 1.9435
21.875 84.625 1.6765
21.875 84.875 1.8635
21.875 85.125 1.6988
21.875 85.375 1.2196
21.875 85.625 0.89071
21.875 85.875 0.74262
21.875 86.125 0.37312
21.875 86.375 -0.12766
21.875 86.625 -0.93565
21.875 86.875 -0.66257
21.875 87.125 -0.25729
21.875 87.375 -0.36275
21.875 87.625 -0.25961
21.875 87.875 -0.27782
21.875 88.375 -0.076857
NaN NaN NaN
NaN NaN NaN
22.125 69.125 NaN
22.125 69.375 NaN
22.125 69.625 1.0476
22.125 69.875 0.81307
22.125 70.125 0.33414
22.125 70.375 0.28114
22.125 70.625 0.37037
22.125 70.875 0.25105
22.125 71.125 -1.1808
22.125 71.375 0.73739
22.125 71.625 1.6793
22.125 71.875 1.334
22.125 72.125 1.3174
NaN NaN NaN
22.125 72.875 0.12396
22.125 73.125 -0.0048646
22.125 73.375 0.070642
22.125 73.625 -0.22473
22.125 73.875 0.54051
22.125 74.125 0.80669
22.125 74.375 0.60898
22.125 74.625 0.63984
22.125 74.875 0.72798
22.125 75.125 -0.025131
22.125 75.375 -0.28372
22.125 75.625 -0.089297
22.125 75.875 0.28567
22.125 76.125 0.56359
22.125 76.375 0.0038491
22.125 76.625 0.63811
22.125 76.875 0.85945
22.125 77.125 0.63011
22.125 77.375 0.53632
22.125 77.625 0.28159
22.125 77.875 0.069216
22.125 78.125 -0.18591
22.125 78.375 -0.060516
22.125 78.625 -0.16746
22.125 78.875 0.28091
22.125 79.125 -0.17118
22.125 79.375 -0.49811
22.125 79.625 -0.051253
22.125 79.875 0.16839
22.125 80.125 0.29437
22.125 80.375 0.46925
22.125 80.625 0.64883
22.125 80.875 -0.83529
22.125 81.125 -1.4857
22.125 81.375 0.55969
22.125 81.625 0.93779
22.125 81.875 0.79283
22.125 82.125 0.53837
22.125 82.375 0.81718
22.125 82.625 0.059699
22.125 82.875 -0.12853
22.125 83.125 -0.3331
22.125 83.375 -0.57646
22.125 83.625 0.22992
22.125 83.875 0.56622
22.125 84.125 1.793
22.125 84.375 1.8716
22.125 84.625 2.2673
22.125 84.875 2.109
22.125 85.125 1.5776
22.125 85.375 1.0999
22.125 85.625 0.71703
22.125 85.875 0.46973
22.125 86.125 0.93613
22.125 86.375 0.8148
22.125 86.625 0.22051
22.125 86.875 0.21682
22.125 87.125 0.18176
22.125 87.375 -0.051477
22.125 87.625 -0.25035
22.125 87.875 -0.25905
22.125 88.125 0.056772
22.125 88.375 0.013918
NaN NaN NaN
22.375 69.125 NaN
22.375 69.875 0.033728
22.375 70.125 NaN
22.375 70.375 -0.37469
22.375 70.625 -0.095433
22.375 70.875 0.35995
22.375 71.125 0.85761
22.375 71.375 1.9285
22.375 71.625 0.98209
22.375 71.875 1.5884
22.375 72.125 0.66385
NaN NaN NaN
22.375 72.875 0.40683
22.375 73.125 0.50013
22.375 73.375 0.25851
22.375 73.625 0.83925
22.375 73.875 0.74954
22.375 74.125 0.81054
22.375 74.375 0.98499
22.375 74.625 0.399
22.375 74.875 0.15929
22.375 75.125 0.56099
22.375 75.375 0.66322
22.375 75.625 0.29199
22.375 75.875 0.0002028
22.375 76.125 0.14367
22.375 76.375 0.46312
22.375 76.625 1.1605
22.375 76.875 0.76098
22.375 77.125 0.5501
22.375 77.375 0.31993
22.375 77.625 0.13384
22.375 77.875 0.13095
22.375 78.125 -0.11399
22.375 78.375 0.25863
22.375 78.625 0.14492
22.375 78.875 0.074763
22.375 79.125 0.085305
22.375 79.375 0.1192
22.375 79.625 0.19757
22.375 79.875 -0.021162
22.375 80.125 0.11886
22.375 80.375 0.48926
22.375 80.625 0.33488
22.375 80.875 -0.011681
22.375 81.125 0.015053
22.375 81.375 1.1303
22.375 81.625 0.28065
22.375 81.875 -0.90793
22.375 82.125 -0.041689
22.375 82.375 0.22254
22.375 82.625 -0.83609
22.375 82.875 -1.1309
22.375 83.125 -1.1087
22.375 83.375 -1.4791
22.375 83.625 -1.9656
22.375 83.875 -0.44127
22.375 84.125 0.68748
22.375 84.375 1.1896
22.375 84.625 1.3241
22.375 84.875 1.0387
22.375 85.125 0.86683
22.375 85.375 0.79894
22.375 85.625 -0.07244
22.375 85.875 -0.74599
22.375 86.125 -0.61188
22.375 86.375 0.55263
22.375 86.625 0.11021
22.375 86.875 0.22869
22.375 87.125 0.22004
22.375 87.375 0.083374
22.375 87.625 -0.032393
22.375 87.875 0.32068
22.375 88.125 -0.44472
22.375 88.375 -0.13893
22.375 88.625 -0.17077
22.375 88.875 -0.22158
NaN NaN NaN
22.625 70.375 NaN
22.625 70.625 NaN
22.625 70.875 0.75963
22.625 71.125 1.2943
22.625 71.375 1.23
22.625 71.625 0.89218
22.625 71.875 0.13136
22.625 72.125 -0.023448
22.625 72.375 1.3282
22.625 72.625 1.7302
22.625 72.875 NaN
22.625 73.125 0.042217
22.625 73.375 NaN
22.625 73.625 0.25822
22.625 73.875 NaN
22.625 74.125 1.3473
22.625 74.375 1.4892
22.625 74.625 0.72352
22.625 74.875 0.23498
22.625 75.125 0.59395
22.625 75.375 0.44667
22.625 75.625 0.16523
22.625 75.875 -0.18759
22.625 76.125 -0.011479
22.625 76.375 0.30736
22.625 76.625 0.96146
22.625 76.875 0.94146
22.625 77.125 0.90819
22.625 77.375 0.53822
22.625 77.625 0.12768
22.625 77.875 0.37619
22.625 78.125 0.38167
22.625 78.375 0.41643
22.625 78.625 0.32696
22.625 78.875 0.075797
22.625 79.125 0.218
22.625 79.375 0.048268
22.625 79.625 0.13338
22.625 79.875 -0.18779
22.625 80.125 0.20545
22.625 80.375 -0.10586
22.625 80.625 -0.88923
22.625 80.875 -0.56323
22.625 81.125 0.54931
22.625 81.375 -0.012711
22.625 81.625 0.66966
22.625 81.875 0.49131
22.625 82.125 -0.039321
22.625 82.375 -1.0068
22.625 82.625 -1.8968
22.625 82.875 -2.1556
22.625 83.125 -2.528
22.625 83.375 -1.0633
22.625 83.625 -0.79598
22.625 83.875 -2.1075
22.625 84.125 0.28325
22.625 84.375 0.37031
22.625 84.625 -0.23785
22.625 84.875 0.16119
22.625 85.125 0.44826
22.625 85.375 0.23544
22.625 85.625 0.32184
22.625 85.875 0.15246
22.625 86.125 -0.62264
22.625 86.375 0.28529
22.625 86.625 0.36683
22.625 86.875 0.44767
22.625 87.125 0.32398
22.625 87.375 0.17233
22.625 87.625 0.024411
22.625 87.875 -0.17931
22.625 88.125 -0.0084306
22.625 88.375 -0.20761
22.625 88.625 -0.17537
22.625 88.875 -0.27336
22.625 92.625 -0.54655
22.625 92.875 NaN
NaN NaN NaN
NaN NaN NaN
NaN NaN NaN
22.875 70.625 NaN
22.875 70.875 1.3435
22.875 71.125 1.212
22.875 71.375 1.0072
22.875 71.625 0.89527
22.875 71.875 0.015123
22.875 72.125 0.19327
22.875 72.375 0.56078
22.875 72.625 0.83115
22.875 72.875 0.61752
22.875 73.125 1.289
22.875 73.375 1.5134
22.875 73.625 0.65289
22.875 73.875 NaN
22.875 74.125 NaN
22.875 74.375 NaN
22.875 74.625 1.3936
22.875 74.875 0.59597
22.875 75.125 0.17738
22.875 75.375 0.15653
22.875 75.625 0.16354
22.875 75.875 -0.10779
22.875 76.125 -0.41258
22.875 76.375 -0.0094928
22.875 76.625 0.59888
22.875 76.875 0.83592
22.875 77.125 0.42276
22.875 77.375 0.42087
22.875 77.625 0.24047
22.875 77.875 0.42368
22.875 78.125 0.74618
22.875 78.375 0.1988
22.875 78.625 0.1169
22.875 78.875 0.046246
22.875 79.125 0.18134
22.875 79.375 0.067047
22.875 79.625 -1.1993
22.875 79.875 -0.57536
22.875 80.125 -0.36246
22.875 80.375 0.23223
22.875 80.625 -0.43278
22.875 80.875 -0.1967
22.875 81.125 0.33194
22.875 81.375 0.11155
22.875 81.625 -0.50923
22.875 81.875 -0.59153
22.875 82.125 -0.45796
22.875 82.375 -0.43099
22.875 82.625 -1.2734
22.875 82.875 -0.87933
22.875 83.125 -2.2877
22.875 83.375 -0.57648
22.875 83.625 -0.17052
22.875 83.875 -1.0072
22.875 84.125 -0.86092
22.875 84.375 -0.56199
22.875 84.625 -0.31495
22.875 84.875 0.3919
22.875 85.125 0.52429
22.875 85.375 0.8756
22.875 85.625 0.93375
22.875 85.875 0.69266
22.875 86.125 0.20565
22.875 86.375 0.11883
22.875 86.625 0.87022
22.875 86.875 0.96519
22.875 87.125 1.1553
22.875 87.375 0.76602
22.875 87.625 0.31728
22.875 87.875 -0.93272
22.875 88.125 0.28626
22.875 88.375 0.29567
22.875 88.625 0.12547
22.875 92.625 -0.36663
22.875 92.875 0.59027
23.125 68.875 NaN
23.125 69.125 NaN
23.125 69.375 NaN
23.125 69.625 NaN
23.125 69.875 NaN
23.125 70.125 NaN
23.125 70.875 1.1585
23.125 71.125 0.92939
23.125 71.375 0.64303
23.125 71.625 0.70072
23.125 71.875 -0.022755
23.125 72.125 0.46818
23.125 72.375 0.9421
23.125 72.625 1.2242
23.125 72.875 1.1096
23.125 73.125 1.3215
23.125 73.375 1.0031
23.125 73.625 1.0143
23.125 73.875 NaN
23.125 74.125 NaN
23.125 74.375 NaN
23.125 74.625 0.80428
23.125 74.875 0.46042
23.125 75.125 0.26519
23.125 75.375 0.83667
23.125 75.625 0.63613
23.125 75.875 0.1661
23.125 76.125 0.17248
23.125 76.375 0.6083
23.125 76.625 0.4827
23.125 76.875 -0.17624
23.125 77.125 -0.40631
23.125 77.375 0.36105
23.125 77.625 0.29079
23.125 77.875 0.47477
23.125 78.125 1.0468
23.125 78.375 0.32345
23.125 78.625 0.2771
23.125 78.875 -0.089154
23.125 79.125 0.20346
23.125 79.375 0.21816
23.125 79.625 -1.0076
23.125 79.875 -0.61014
23.125 80.125 -0.41106
23.125 80.375 0.44769
23.125 80.625 0.243
23.125 80.875 0.24534
23.125 81.125 0.40215
23.125 81.375 0.092473
23.125 81.625 -0.57827
23.125 81.875 -0.035964
23.125 82.125 -0.45999
23.125 82.375 0.019955
23.125 82.625 0.51928
23.125 82.875 -0.23387
23.125 83.125 -1.6826
23.125 83.375 0.28057
23.125 83.625 0.9722
23.125 83.875 0.83914
23.125 84.125 -1.1707
23.125 84.375 -1.1262
23.125 84.625 0.35139
23.125 84.875 1.322
23.125 85.125 1.0975
23.125 85.375 1.3869
23.125 85.625 1.138
23.125 85.875 0.10471
23.125 86.125 0.26283
23.125 86.375 0.68949
23.125 86.625 0.9438
23.125 86.875 0.95478
23.125 87.125 0.82364
23.125 87.375 1.7573
23.125 87.625 1.06
23.125 87.875 0.056979
23.125 88.125 -0.10929
23.125 88.375 0.23956
23.125 88.625 0.17987
NaN NaN NaN
23.125 92.625 -0.43013
23.125 92.875 -0.28035
NaN NaN NaN
23.375 68.875 NaN
23.375 69.125 NaN
23.375 69.375 NaN
23.375 69.625 NaN
23.375 69.875 NaN
23.375 70.125 0.28988
23.375 70.375 NaN
23.375 70.625 0.24061
23.375 70.875 0.75472
23.375 71.125 1.0153
23.375 71.375 0.82153
23.375 71.625 0.2995
23.375 71.875 0.48256
23.375 72.125 0.22649
23.375 72.375 1.2714
23.375 72.625 0.36639
23.375 72.875 1.1428
23.375 73.125 1.0727
23.375 73.375 NaN
23.375 73.625 NaN
23.375 73.875 NaN
23.375 74.125 NaN
23.375 74.375 1.1058
23.375 74.625 0.59036
23.375 74.875 0.96726
23.375 75.125 0.49658
23.375 75.375 1.6469
23.375 75.625 1.0299
23.375 75.875 0.57391
23.375 76.125 1.2849
23.375 76.375 0.92623
23.375 76.625 0.72725
23.375 76.875 0.26238
23.375 77.125 -0.16279
23.375 77.375 0.25694
23.375 77.625 -0.12861
23.375 77.875 0.65738
23.375 78.125 1.1332
23.375 78.375 0.55699
23.375 78.625 0.36318
23.375 78.875 0.20162
23.375 79.125 0.26407
23.375 79.375 0.85096
23.375 79.625 0.81187
23.375 79.875 0.87496
23.375 80.125 -0.07237
23.375 80.375 -0.099087
23.375 80.625 0.21888
23.375 80.875 0.1989
23.375 81.125 0.16594
23.375 81.375 0.25647
23.375 81.625 0.61514
23.375 81.875 0.28533
23.375 82.125 0.1994
23.375 82.375 -0.60741
23.375 82.625 -0.55515
23.375 82.875 -0.87358
23.375 83.125 -0.27543
23.375 83.375 0.4774
23.375 83.625 0.77547
23.375 83.875 -0.49342
23.375 84.125 -1.133
23.375 84.375 -1.2357
23.375 84.625 0.20388
23.375 84.875 0.74047
23.375 85.125 0.51024
23.375 85.375 1.159
23.375 85.625 0.97732
23.375 85.875 -0.58732
23.375 86.125 -0.2131
23.375 86.375 0.77351
23.375 86.625 0.85425
23.375 86.875 0.32392
23.375 87.125 0.67344
23.375 87.375 0.55328
23.375 87.625 1.2257
23.375 87.875 -0.1299
23.375 88.125 -0.50233
23.375 88.375 -0.16361
23.375 88.625 -0.0088309
23.375 91.375 -0.16881
23.375 91.625 -0.25127
23.375 92.625 -0.29074
23.375 92.875 -0.54818
23.375 93.125 -1.4136
23.625 68.625 NaN
23.625 68.875 NaN
23.625 69.125 NaN
23.625 69.375 NaN
23.625 69.625 NaN
23.625 69.875 NaN
23.625 70.125 NaN
23.625 70.375 0.69042
23.625 70.625 0.65961
23.625 70.875 NaN
23.625 71.125 1.1007
23.625 71.375 1.2039
23.625 71.625 0.28068
23.625 71.875 1.0553
23.625 72.125 0.53578
23.625 72.375 0.33966
23.625 72.625 1.4952
23.625 72.875 1.3941
23.625 73.125 NaN
23.625 73.375 0.17449
23.625 73.625 0.27104
23.625 73.875 0.49408
23.625 74.125 NaN
23.625 74.375 1.2212
23.625 74.625 1.1309
23.625 74.875 1.4135
23.625 75.125 0.35874
23.625 75.375 0.82068
23.625 75.625 0.87766
23.625 75.875 1.588
23.625 76.125 1.6266
23.625 76.375 1.2197
23.625 76.625 1.2232
23.625 76.875 1.2298
23.625 77.125 0.41381
23.625 77.375 0.31956
23.625 77.625 -0.1164
23.625 77.875 0.61616
23.625 78.125 0.2634
23.625 78.375 0.16124
23.625 78.625 0.062838
23.625 78.875 0.39588
23.625 79.125 0.34102
23.625 79.375 0.58487
23.625 79.625 0.9296
23.625 79.875 1.2385
23.625 80.125 0.80107
23.625 80.375 -0.27026
23.625 80.625 0.38187
23.625 80.875 0.49431
23.625 81.125 0.26365
23.625 81.375 0.4438
23.625 81.625 0.77314
23.625 81.875 0.43311
23.625 82.125 -0.039354
23.625 82.375 0.0057165
23.625 82.625 0.12107
23.625 82.875 0.25673
23.625 83.125 -0.081993
23.625 83.375 0.15141
23.625 83.625 -0.20734
23.625 83.875 -0.23021
23.625 84.125 -1.3267
23.625 84.375 -0.85611
23.625 84.625 0.45276
23.625 84.875 1.0088
23.625 85.125 -0.0042954
23.625 85.375 0.67147
23.625 85.625 0.85088
23.625 85.875 1.0127
23.625 86.125 -1.5516
23.625 86.375 0.70848
23.625 86.625 1.1196
23.625 86.875 0.89891
23.625 87.125 0.90049
23.625 87.375 0.55661
23.625 87.625 -0.24327
23.625 87.875 0.049164
23.625 88.125 -0.60645
23.625 88.375 -0.53642
23.625 91.375 -0.45439
23.625 91.625 -0.7735
NaN NaN NaN
23.625 92.375 -0.71913
23.625 92.625 -0.36658
23.625 92.875 -0.83638
23.625 93.125 -1.4845
23.875 68.875 NaN
23.875 69.125 NaN
23.875 69.375 NaN
23.875 69.625 NaN
23.875 69.875 NaN
23.875 70.125 NaN
23.875 70.375 0.51073
23.875 70.625 NaN
23.875 70.875 NaN
23.875 71.125 NaN
23.875 71.375 NaN
23.875 71.625 1.4672
23.875 71.875 0.98712
23.875 72.125 0.57052
23.875 72.375 0.20553
23.875 72.625 NaN
23.875 72.875 1.456
23.875 73.125 0.96782
23.875 73.375 NaN
23.875 73.625 0.40052
23.875 73.875 1.4325
23.875 74.125 1.0179
23.875 74.375 1.0294
23.875 74.625 1.1497
23.875 74.875 1.2333
23.875 75.125 1.2027
23.875 75.375 0.6999
23.875 75.625 1.2555
23.875 75.875 1.2957
23.875 76.125 1.1871
23.875 76.375 0.90103
23.875 76.625 1.1268
23.875 76.875 1.3115
23.875 77.125 NaN
23.875 77.375 0.59539
23.875 77.625 0.52647
23.875 77.875 0.55877
23.875 78.125 0.3538
23.875 78.375 0.017532
23.875 78.625 0.22266
23.875 78.875 0.05901
23.875 79.125 0.30527
23.875 79.375 0.73015
23.875 79.625 0.87772
23.875 79.875 0.75375
23.875 80.125 0.53437
23.875 80.375 0.053892
23.875 80.625 0.14605
23.875 80.875 0.35156
23.875 81.125 0.039614
23.875 81.375 0.32309
23.875 81.625 0.55647
23.875 81.875 0.54946
23.875 82.125 -0.12007
23.875 82.375 0.28088
23.875 82.625 0.15796
23.875 82.875 -0.0089955
23.875 83.125 -0.48712
23.875 83.375 -1.0003
23.875 83.625 -0.46421
23.875 83.875 -0.10283
23.875 84.125 0.26231
23.875 84.375 -0.35171
23.875 84.625 -0.23433
23.875 84.875 -0.61883
23.875 85.125 -1.3203
23.875 85.375 -0.57935
23.875 85.625 -0.082136
23.875 85.875 0.90127
23.875 86.125 -0.10549
23.875 86.375 0.37866
23.875 86.625 0.33461
23.875 86.875 0.91069
23.875 87.125 1.1073
23.875 87.375 0.78978
23.875 87.625 -0.61172
23.875 87.875 0.017462
23.875 88.125 -0.35228
23.875 88.375 -0.42243
23.875 91.375 -0.61415
23.875 91.625 -0.44785
23.875 91.875 0.14041
23.875 92.125 -0.051232
23.875 92.375 -0.010748
23.875 92.625 -0.37818
23.875 92.875 -1.5707
23.875 93.125 -1.7666
23.875 93.375 -1.7075
24.125 68.875 NaN
24.125 69.125 NaN
24.125 69.375 NaN
24.125 69.625 NaN
24.125 69.875 NaN
24.125 70.125 NaN
24.125 70.375 NaN
24.125 70.625 NaN
24.125 70.875 NaN
24.125 71.125 NaN
24.125 71.375 NaN
24.125 71.625 NaN
24.125 71.875 1.2204
24.125 72.125 1.0158
24.125 72.375 0.85189
24.125 72.625 0.5501
24.125 72.875 1.0078
24.125 73.125 1.6096
24.125 73.375 1.4988
24.125 73.625 0.94126
24.125 73.875 1.2982
24.125 74.125 1.353
24.125 74.375 1.2611
24.125 74.625 2.1479
24.125 74.875 2.0154
24.125 75.125 1.156
24.125 75.375 1.0618
24.125 75.625 1.3455
24.125 75.875 0.9025
24.125 76.125 1.0401
24.125 76.375 1.3054
24.125 76.625 1.381
24.125 76.875 1.7173
24.125 77.125 0.99916
24.125 77.375 NaN
24.125 77.625 NaN
24.125 77.875 0.80643
24.125 78.125 0.55422
24.125 78.375 0.32903
24.125 78.625 0.33558
24.125 78.875 0.35974
24.125 79.125 0.29773
24.125 79.375 0.72677
24.125 79.625 0.22361
24.125 79.875 0.50273
24.125 80.125 0.31332
24.125 80.375 0.047653
24.125 80.625 0.45404
24.125 80.875 0.51221
24.125 81.125 0.33027
24.125 81.375 -0.10542
24.125 81.625 0.1684
24.125 81.875 1.0265
24.125 82.125 1.5538
24.125 82.375 0.98394
24.125 82.625 0.74985
24.125 82.875 -0.27068
24.125 83.125 -0.5183
24.125 83.375 -1.741
24.125 83.625 -1.2322
24.125 83.875 -0.48476
24.125 84.125 -0.036997
24.125 84.375 0.31045
24.125 84.625 0.14797
24.125 84.875 -0.85777
24.125 85.125 -1.3788
24.125 85.375 -0.024249
24.125 85.625 -0.85101
24.125 85.875 0.029153
24.125 86.125 -0.8949
24.125 86.375 -1.8298
24.125 86.625 -0.19443
24.125 86.875 0.2555
24.125 87.125 0.088139
24.125 87.375 0.8646
24.125 87.625 0.12411
24.125 87.875 0.07378
24.125 88.125 -0.27876
24.125 88.375 -0.34522
24.125 91.875 1.0375
24.125 92.125 0.99155
24.125 92.375 0.6433
24.125 92.625 -0.10971
24.125 92.875 -1.5842
24.125 93.125 -1.9768
24.125 93.375 -1.7527
24.125 93.625 -1.6239
24.125 93.875 -1.5976
NaN NaN NaN
24.375 71.375 1.6303
24.375 71.625 1.677
24.375 71.875 1.5047
24.375 72.125 0.48315
24.375 72.375 -0.11181
24.375 72.625 0.49091
24.375 72.875 0.87936
24.375 73.125 1.9745
24.375 73.375 1.2347
24.375 73.625 1.2121
24.375 73.875 1.4996
24.375 74.125 1.625
24.375 74.375 1.8634
24.375 74.625 2.3079
24.375 74.875 NaN
24.375 75.125 1.8388
24.375 75.375 1.8536
24.375 75.625 2.0267
24.375 75.875 0.63241
24.375 76.125 0.89006
24.375 76.375 1.2588
24.375 76.625 1.2689
24.375 76.875 1.365
24.375 77.125 0.99197
24.375 77.375 1.529
24.375 77.625 NaN
24.375 77.875 1.4788
24.375 78.125 1.1485
24.375 78.375 0.84655
24.375 78.625 1.0625
24.375 78.875 1.038
24.375 79.125 0.74176
24.375 79.375 0.55704
24.375 79.625 0.80266
24.375 79.875 0.96397
24.375 80.125 0.073929
24.375 80.375 1.0055
24.375 80.625 0.97289
24.375 80.875 0.46798
24.375 81.125 0.37615
24.375 81.375 -0.11641
24.375 81.625 0.44848
24.375 81.875 1.4534
24.375 82.125 1.828
24.375 82.375 1.8705
24.375 82.625 1.4999
24.375 82.875 0.64478
24.375 83.125 0.59654
24.375 83.375 0.17329
24.375 83.625 -0.13792
24.375 83.875 0.24072
24.375 84.125 1.0196
24.375 84.375 0.99006
24.375 84.625 0.87246
24.375 84.875 0.4451
24.375 85.125 -0.040765
24.375 85.375 0.90377
24.375 85.625 0.76205
24.375 85.875 0.64643
24.375 86.125 -0.54438
24.375 86.375 -0.76568
24.375 86.625 0.029391
24.375 86.875 -0.0046267
24.375 87.125 0.081038
24.375 87.375 -0.48413
24.375 87.625 -0.87853
24.375 87.875 -0.69221
24.375 88.125 -0.27127
24.375 92.375 0.25866
24.375 92.625 -0.33918
24.375 92.875 -1.8384
24.375 93.125 -1.964
24.375 93.375 -1.465
24.375 93.625 -1.1625
24.375 93.875 -1.0893
24.375 94.125 -1.1418
24.625 71.125 1.1172
24.625 71.375 1.2114
24.625 71.625 1.2119
24.625 71.875 0.91592
24.625 72.125 -0.1132
24.625 72.375 -0.18885
24.625 72.625 0.23215
24.625 72.875 0.53796
24.625 73.125 1.7817
24.625 73.375 1.7175
24.625 73.625 1.6542
24.625 73.875 2.0365
24.625 74.125 1.835
24.625 74.375 1.9615
24.625 74.625 2.1661
24.625 74.875 2.1149
24.625 75.125 1.9696
24.625 75.375 1.8679
24.625 75.625 2.1962
24.625 75.875 1.2109
24.625 76.125 1.4194
24.625 76.375 1.4898
24.625 76.625 1.3609
24.625 76.875 1.5004
24.625 77.125 1.6101
24.625 77.375 2.0279
24.625 77.625 1.6936
24.625 77.875 1.4511
24.625 78.125 1.8026
24.625 78.375 1.184
24.625 78.625 0.91439
24.625 78.875 1.1692
24.625 79.125 1.2325
24.625 79.375 1.2503
24.625 79.625 1.2744
24.625 79.875 0.85803
24.625 80.125 0.78084
24.625 80.375 1.2836
24.625 80.625 1.2817
24.625 80.875 0.037921
24.625 81.125 -0.81796
24.625 81.375 0.41879
24.625 81.625 1.011
24.625 81.875 1.4745
24.625 82.125 0.52561
24.625 82.375 -0.79607
24.625 82.625 1.0341
24.625 82.875 1.3877
24.625 83.125 1.2709
24.625 83.375 1.1671
24.625 83.625 1.3852
24.625 83.875 0.95904
24.625 84.125 1.1676
24.625 84.375 1.3152
24.625 84.625 0.93545
24.625 84.875 1.0655
24.625 85.125 0.67241
24.625 85.375 0.98062
24.625 85.625 0.14921
24.625 85.875 0.6436
24.625 86.125 0.5921
24.625 86.375 0.59817
24.625 86.625 0.89776
24.625 86.875 -0.20804
24.625 87.125 -1.3975
24.625 87.375 -1.2179
24.625 87.625 -0.58583
24.625 87.875 -0.27267
24.625 92.375 0.47504
24.625 92.625 0.11394
24.625 92.875 -1.1181
24.625 93.125 -0.41999
24.625 93.375 0.16055
24.625 93.625 -0.90224
24.625 93.875 -0.88305
24.625 94.125 -0.93115
NaN NaN NaN
24.875 71.125 0.94535
24.875 71.375 1.044
24.875 71.625 1.1457
24.875 71.875 0.32583
24.875 72.125 0.47197
24.875 72.375 -0.14781
24.875 72.625 0.50456
24.875 72.875 0.9421
24.875 73.125 1.486
24.875 73.375 1.4991
24.875 73.625 2.2464
24.875 73.875 2.0674
24.875 74.125 1.8772
24.875 74.375 2.0923
24.875 74.625 1.9898
24.875 74.875 2.2341
24.875 75.125 1.8742
24.875 75.375 1.7989
24.875 75.625 1.6483
24.875 75.875 2.0013
24.875 76.125 2.151
24.875 76.375 1.9411
24.875 76.625 1.9161
24.875 76.875 2.0875
24.875 77.125 2.287
24.875 77.375 2.4319
24.875 77.625 2.0964
24.875 77.875 1.9159
24.875 78.125 1.7019
24.875 78.375 1.7809
24.875 78.625 1.7833
24.875 78.875 2.0792
24.875 79.125 1.7082
24.875 79.375 1.3989
24.875 79.625 1.1088
24.875 79.875 1.4674
24.875 80.125 1.055
24.875 80.375 1.0625
24.875 80.625 1.0483
24.875 80.875 0.1527
24.875 81.125 -0.37793
24.875 81.375 -0.58419
24.875 81.625 1.4148
24.875 81.875 1.0587
24.875 82.125 -0.26187
24.875 82.375 -1.0175
24.875 82.625 0.92911
24.875 82.875 0.5134
24.875 83.125 0.47064
24.875 83.375 0.14029
24.875 83.625 0.48644
24.875 83.875 0.021092
24.875 84.125 0.57637
24.875 84.375 -0.97605
24.875 84.625 0.10269
24.875 84.875 0.86793
24.875 85.125 0.48826
24.875 85.375 0.051652
24.875 85.625 1.1902
24.875 85.875 1.1541
24.875 86.125 0.60549
24.875 86.375 0.79638
24.875 86.625 0.76358
24.875 86.875 -0.33309
24.875 87.125 -1.2912
24.875 87.375 -1.0518
24.875 87.625 0.35061
24.875 87.875 0.82446
24.875 88.125 2.2785
24.875 92.625 -0.1974
24.875 92.875 -0.36713
24.875 93.125 0.52357
24.875 93.375 -0.087166
24.875 93.625 -0.31517
24.875 93.875 -0.4417
24.875 94.125 -0.55415
24.875 94.375 -0.488
25.125 71.125 0.44298
25.125 71.375 0.43012
25.125 71.625 0.55466
25.125 71.875 0.15656
25.125 72.125 0.70304
25.125 72.375 0.97867
25.125 72.625 0.86537
25.125 72.875 0.96026
25.125 73.125 1.4764
25.125 73.375 1.3457
25.125 73.625 2.3212
25.125 73.875 1.6315
25.125 74.125 1.595
25.125 74.375 2.081
25.125 74.625 2.0784
25.125 74.875 1.7662
25.125 75.125 1.9505
25.125 75.375 2.0368
25.125 75.625 2.0254
25.125 75.875 1.7374
25.125 76.125 2.0693
25.125 76.375 1.987
25.125 76.625 2.47
25.125 76.875 2.4204
25.125 77.125 2.4163
25.125 77.375 2.3237
25.125 77.625 2.3949
25.125 77.875 2.1973
25.125 78.125 1.9979
25.125 78.375 2.0934
25.125 78.625 1.8117
25.125 78.875 1.2528
25.125 79.125 1.2199
25.125 79.375 1.0613
25.125 79.625 0.99932
25.125 79.875 1.7016
25.125 80.125 1.2445
25.125 80.375 0.76818
25.125 80.625 0.35187
25.125 80.875 0.053683
25.125 81.125 -0.14475
25.125 81.375 0.58539
25.125 81.625 -1.1562
25.125 81.875 0.22374
25.125 82.125 -0.097688
25.125 82.375 0.70371
25.125 82.625 0.3507
25.125 82.875 0.03041
25.125 83.125 -0.22656
25.125 83.375 0.078771
25.125 83.625 0.98036
25.125 83.875 0.3537
25.125 84.125 0.36514
25.125 84.375 -0.67673
25.125 84.625 0.93528
25.125 84.875 0.087159
25.125 85.125 0.064619
25.125 85.375 0.51953
25.125 85.625 0.1478
25.125 85.875 0.46431
25.125 86.125 0.81647
25.125 86.375 0.62176
25.125 86.625 0.8206
25.125 86.875 -0.52843
25.125 87.125 0.68668
25.125 87.375 -0.024141
25.125 87.625 0.57072
25.125 87.875 1.6058
25.125 88.125 2.2233
25.125 88.375 2.152
25.125 92.375 -0.85657
25.125 92.625 -0.65358
25.125 92.875 -0.16944
25.125 93.125 0.88857
25.125 93.375 0.090644
25.125 93.625 -0.15969
25.125 93.875 -0.34042
25.125 94.125 -0.1092
25.125 94.375 -0.15507
25.375 70.875 1.5387
25.375 71.125 0.99789
25.375 71.375 0.91953
25.375 71.625 0.32126
25.375 71.875 0.50277
25.375 72.125 0.44247
25.375 72.375 0.80116
25.375 72.625 0.77983
25.375 72.875 1.2777
25.375 73.125 1.3962
25.375 73.375 1.9791
25.375 73.625 2.2622
25.375 73.875 1.8064
25.375 74.125 1.9989
25.375 74.375 2.0669
25.375 74.625 2.112
25.375 74.875 2.2728
25.375 75.125 2.3154
25.375 75.375 2.084
25.375 75.625 2.1443
25.375 75.875 1.9304
25.375 76.125 2.0804
25.375 76.375 2.1171
25.375 76.625 1.6583
25.375 76.875 1.4825
25.375 77.125 2.4787
25.375 77.375 2.372
25.375 77.625 2.5272
25.375 77.875 2.5263
25.375 78.125 2.2192
25.375 78.375 2.1167
25.375 78.625 0.63201
25.375 78.875 0.22323
25.375 79.125 0.7408
25.375 79.375 1.1615
25.375 79.625 1.0246
25.375 79.875 1.4105
25.375 80.125 1.2447
25.375 80.375 0.39014
25.375 80.625 0.60891
25.375 80.875 -0.15721
25.375 81.125 0.19201
25.375 81.375 0.70352
25.375 81.625 -0.22082
25.375 81.875 -0.97735
25.375 82.125 -0.57024
25.375 82.375 -0.13458
25.375 82.625 0.12841
25.375 82.875 -0.58631
25.375 83.125 -0.0045233
25.375 83.375 0.95634
25.375 83.625 1.7373
25.375 83.875 1.4104
25.375 84.125 0.42869
25.375 84.375 0.097961
25.375 84.625 0.071978
25.375 84.875 0.68866
25.375 85.125 0.097802
25.375 85.375 0.33414
25.375 85.625 1.3457
25.375 85.875 1.2197
25.375 86.125 1.3865
25.375 86.375 0.56787
25.375 86.625 1.1689
25.375 86.875 0.14661
25.375 87.125 0.15175
25.375 87.375 0.54519
25.375 87.625 1.2352
25.375 87.875 1.6949
25.375 88.125 2.0918
25.375 88.375 1.8976
25.375 88.625 1.4682
25.375 90.125 0.38806
25.375 90.375 -0.30887
25.375 90.625 -0.46867
25.375 90.875 -0.75115
25.375 91.125 -0.37625
25.375 91.375 -0.53055
25.375 91.625 -0.74967
25.375 91.875 -0.89688
25.375 92.125 -0.96206
25.375 92.375 -0.9502
25.375 92.625 -0.58728
25.375 92.875 -0.18757
25.375 93.125 -0.42138
25.375 93.375 -0.34604
25.375 93.625 0.09653
25.375 93.875 -0.20068
25.375 94.125 0.26624
25.375 94.375 0.29873
25.625 70.875 0.91071
25.625 71.125 0.69725
25.625 71.375 0.94741
25.625 71.625 1.4223
25.625 71.875 0.44806
25.625 72.125 0.66019
25.625 72.375 0.73918
25.625 72.625 1.3655
25.625 72.875 1.4138
25.625 73.125 1.3394
25.625 73.375 2.2521
25.625 73.625 1.7511
25.625 73.875 NaN
25.625 74.125 1.5886
25.625 74.375 1.2767
25.625 74.625 2.0511
25.625 74.875 2.2609
25.625 75.125 1.9579
25.625 75.375 2.1533
25.625 75.625 2.076
25.625 75.875 2.1143
25.625 76.125 2.1955
25.625 76.375 2.1725
25.625 76.625 1.1442
25.625 76.875 1.1809
25.625 77.125 1.8933
25.625 77.375 2.4496
25.625 77.625 2.3189
25.625 77.875 2.5084
25.625 78.125 1.9454
25.625 78.375 0.42606
25.625 78.625 0.45193
25.625 78.875 0.45974
25.625 79.125 1.7708
25.625 79.375 1.6764
25.625 79.625 1.9026
25.625 79.875 1.8638
25.625 80.125 1.1793
25.625 80.375 0.27207
25.625 80.625 -0.61124
25.625 80.875 -0.62051
25.625 81.125 -0.44341
25.625 81.375 -0.45367
25.625 81.625 -0.48869
25.625 81.875 0.54853
25.625 82.125 -0.55072
25.625 82.375 0.82999
25.625 82.625 0.32376
25.625 82.875 -0.0845
25.625 83.125 -0.14376
25.625 83.375 0.69541
25.625 83.625 1.491
25.625 83.875 0.46061
25.625 84.125 -0.60035
25.625 84.375 -0.033667
25.625 84.625 1.4954
25.625 84.875 0.44582
25.625 85.125 0.11827
25.625 85.375 0.98623
25.625 85.625 1.1883
25.625 85.875 0.7585
25.625 86.125 0.19536
25.625 86.375 0.38791
25.625 86.625 -0.76091
25.625 86.875 0.71777
25.625 87.125 1.028
25.625 87.375 0.098019
25.625 87.625 0.64873
25.625 87.875 1.18
25.625 88.125 1.8635
25.625 90.125 1.3504
25.625 90.375 0.77214
25.625 90.625 0.20499
25.625 90.875 -0.40067
25.625 91.125 0.78066
25.625 91.375 0.27242
25.625 91.625 0.099164
25.625 91.875 -0.33175
25.625 92.125 -0.41124
25.625 92.375 -0.16725
25.625 92.625 -0.10456
25.625 92.875 -0.43444
25.625 93.125 -0.86612
25.625 93.375 -0.74397
25.625 93.625 -0.091081
25.625 93.875 0.51321
25.625 94.125 0.99627
25.625 94.375 0.61403
NaN NaN NaN
NaN NaN NaN
25.875 70.375 1.9704
25.875 70.625 1.8676
25.875 70.875 1.2838
25.875 71.125 1.1846
25.875 71.375 1.4589
25.875 71.625 2.2042
25.875 71.875 1.8668
25.875 72.125 1.0855
25.875 72.375 0.80367
25.875 72.625 0.89295
25.875 72.875 1.2378
25.875 73.125 1.6829
25.875 73.375 2.251
25.875 73.625 1.4537
25.875 73.875 0.56482
25.875 74.125 0.64708
25.875 74.375 0.92803
25.875 74.625 1.8519
25.875 74.875 2.0591
25.875 75.125 1.9878
25.875 75.375 1.9953
25.875 75.625 1.887
25.875 75.875 2.2069
25.875 76.125 2.0353
25.875 76.375 2.0791
25.875 76.625 1.6257
25.875 76.875 1.3749
25.875 77.125 2.3053
25.875 77.375 2.4075
25.875 77.625 2.4481
25.875 77.875 2.1715
25.875 78.125 2.178
25.875 78.375 2.0386
25.875 78.625 1.907
25.875 78.875 0.86044
25.875 79.125 1.6743
25.875 79.375 0.75664
25.875 79.625 0.73363
25.875 79.875 1.2374
25.875 80.125 0.63126
25.875 80.375 -0.47689
25.875 80.625 -0.53774
25.875 80.875 -0.84128
25.875 81.125 -0.8339
25.875 81.375 -0.74802
25.875 81.625 0.067654
25.875 81.875 0.61071
25.875 82.125 -0.21846
25.875 82.375 0.47097
25.875 82.625 -0.34425
25.875 82.875 0.60084
25.875 83.125 -0.82328
25.875 83.375 -0.45357
25.875 83.625 0.95509
25.875 83.875 -0.35463
25.875 84.125 1.476
25.875 84.375 -0.31809
25.875 84.625 -0.14228
25.875 84.875 0.74482
25.875 85.125 0.64478
25.875 85.375 1.9031
25.875 85.625 1.1816
25.875 85.875 0.74471
25.875 86.125 0.3531
25.875 86.375 0.47502
25.875 86.625 0.65319
25.875 86.875 1.0013
25.875 87.125 0.71881
25.875 87.375 0.17066
25.875 87.625 -0.10396
25.875 87.875 -0.7588
25.875 90.125 0.27547
25.875 90.375 0.42234
25.875 90.625 0.49011
25.875 90.875 0.23709
25.875 91.125 0.40645
25.875 91.375 0.22359
25.875 91.625 -0.64912
25.875 91.875 -0.72552
25.875 92.125 -0.9793
25.875 92.375 -0.29708
25.875 92.625 -0.12447
25.875 92.875 -0.26734
25.875 93.125 -1.4838
25.875 93.375 -1.4685
25.875 93.625 -0.40162
25.875 93.875 0.70304
25.875 94.125 0.62058
25.875 94.375 0.84333
25.875 94.625 0.43797
25.875 94.875 0.22122
26.125 70.375 1.0628
26.125 70.625 1.0787
26.125 70.875 1.1955
26.125 71.125 1.0645
26.125 71.375 1.4242
26.125 71.625 1.9285
26.125 71.875 1.3418
26.125 72.125 1.2646
26.125 72.375 1.1488
26.125 72.625 1.0673
26.125 72.875 1.25
26.125 73.125 1.569
26.125 73.375 1.8722
26.125 73.625 0.69363
26.125 73.875 0.27088
26.125 74.125 1.3245
26.125 74.375 1.5502
26.125 74.625 1.6398
26.125 74.875 1.9352
26.125 75.125 2.1676
26.125 75.375 1.8414
26.125 75.625 1.577
26.125 75.875 2.2253
26.125 76.125 2.3415
26.125 76.375 2.2808
26.125 76.625 2.2747
26.125 76.875 1.9201
26.125 77.125 1.6706
26.125 77.375 1.9586
26.125 77.625 2.2397
26.125 77.875 2.1324
26.125 78.125 2.1893
26.125 78.375 2.4911
26.125 78.625 1.7225
26.125 78.875 1.8612
26.125 79.125 1.6417
26.125 79.375 -0.018229
26.125 79.625 -0.48974
26.125 79.875 0.083873
26.125 80.125 0.53546
26.125 80.375 0.017374
26.125 80.625 -0.71629
26.125 80.875 0.7852
26.125 81.125 0.8872
26.125 81.375 -1.5397
26.125 81.625 1.3935
26.125 81.875 -0.19893
26.125 82.125 -0.4849
26.125 82.375 -0.52433
26.125 82.625 0.041002
26.125 82.875 0.14741
26.125 83.125 -0.8899
26.125 83.375 -0.45927
26.125 83.625 -0.049372
26.125 83.875 1.5674
26.125 84.125 1.2645
26.125 84.375 0.051057
26.125 84.625 0.74282
26.125 84.875 -0.040359
26.125 85.125 -0.0987
26.125 85.375 -1.4112
26.125 85.625 1.2259
26.125 85.875 2.5266
26.125 86.125 0.84716
26.125 86.375 0.63926
26.125 86.625 0.79463
26.125 86.875 1.1447
26.125 87.125 0.33503
26.125 87.375 -0.042813
26.125 87.625 -0.11701
26.125 87.875 -0.87803
26.125 88.125 0.36826
26.125 89.375 -0.23446
26.125 89.875 0.71856
26.125 90.125 0.23437
26.125 90.375 0.44187
26.125 90.625 0.35693
26.125 90.875 0.066942
26.125 91.125 -0.35004
26.125 91.375 -0.46148
26.125 91.625 -1.2416
26.125 91.875 -1.2704
26.125 92.125 -0.46815
26.125 92.375 0.33897
26.125 92.625 0.51672
26.125 92.875 0.010946
26.125 93.125 -0.95728
26.125 93.375 -0.01774
26.125 93.625 0.19669
26.125 93.875 1.1459
26.125 94.125 0.98474
26.125 94.375 0.51339
26.125 94.625 0.16575
26.125 94.875 0.20894
26.375 70.375 0.24714
26.375 70.625 0.56311
26.375 70.875 0.63031
26.375 71.125 0.71086
26.375 71.375 1.6636
26.375 71.625 1.9113
26.375 71.875 1.6955
26.375 72.125 1.2773
26.375 72.375 1.0919
26.375 72.625 0.74822
26.375 72.875 1.2211
26.375 73.125 0.86321
26.375 73.375 0.91794
26.375 73.625 1.6729
26.375 73.875 1.8716
26.375 74.125 1.6946
26.375 74.375 2.1124
26.375 74.625 0.43552
26.375 74.875 1.6941
26.375 75.125 1.8862
26.375 75.375 1.3678
26.375 75.625 1.5522
26.375 75.875 2.1633
26.375 76.125 2.1488
26.375 76.375 2.2473
26.375 76.625 2.1253
26.375 76.875 2.1334
26.375 77.125 2.0023
26.375 77.375 2.3325
26.375 77.625 2.1634
26.375 77.875 2.0516
26.375 78.125 2.0588
26.375 78.375 1.4364
26.375 78.625 1.7057
26.375 78.875 1.6436
26.375 79.125 1.3525
26.375 79.375 -0.75209
26.375 79.625 -0.5933
26.375 79.875 1.0021
26.375 80.125 0.72707
26.375 80.375 -0.071276
26.375 80.625 0.14743
26.375 80.875 1.1009
26.375 81.125 0.45295
26.375 81.375 -1.3346
26.375 81.625 -1.303
26.375 81.875 -0.52524
26.375 82.125 -0.48535
26.375 82.375 0.1132
26.375 82.625 -0.40341
26.375 82.875 -0.59483
26.375 83.125 -1.4061
26.375 83.375 0.063288
26.375 83.625 1.382
26.375 83.875 1.3859
26.375 84.125 -0.0019664
26.375 84.375 0.63951
26.375 84.625 -0.37297
26.375 84.875 0.21479
26.375 85.125 -0.045091
26.375 85.375 0.74557
26.375 85.625 0.75675
26.375 85.875 1.2654
26.375 86.125 0.59767
26.375 86.375 -1.6014
26.375 86.625 -1.1405
26.375 86.875 0.63034
26.375 87.125 0.12378
26.375 87.625 -2.0352
26.375 87.875 -0.56347
26.375 88.125 0.7162
26.375 88.375 0.69304
26.375 88.875 0.31209
26.375 89.375 -0.27684
26.375 89.625 -0.25172
26.375 89.875 -0.025843
26.375 90.125 0.13477
26.375 90.375 0.0093969
26.375 90.625 -0.05878
26.375 90.875 -0.3083
26.375 91.125 -0.84768
26.375 91.375 -0.38902
26.375 91.625 -1.5555
26.375 91.875 -1.4481
26.375 92.125 -0.21307
26.375 92.375 -0.14746
26.375 92.625 0.22847
26.375 92.875 0.26386
26.375 93.125 0.044678
26.375 93.375 -0.22036
26.375 93.625 -0.062088
26.375 93.875 0.5858
26.375 94.125 0.87889
26.375 94.375 0.093513
26.375 94.625 -0.033108
26.375 94.875 0.021186
26.625 69.875 0.79167
26.625 70.125 0.37026
26.625 70.375 0.035566
26.625 70.625 0.86185
26.625 70.875 0.51492
26.625 71.125 0.4594
26.625 71.375 1.8115
26.625 71.625 2.1587
26.625 71.875 2.218
26.625 72.125 1.6903
26.625 72.375 0.80596
26.625 72.625 0.52426
26.625 72.875 0.7161
26.625 73.125 0.83821
26.625 73.375 0.50459
26.625 73.625 1.6241
26.625 73.875 1.9589
26.625 74.125 1.7705
26.625 74.375 1.3528
26.625 74.625 0.98352
26.625 74.875 2.2051
26.625 75.125 1.3282
26.625 75.375 1.8208
26.625 75.625 1.8473
26.625 75.875 1.872
26.625 76.125 2.267
26.625 76.375 1.7697
26.625 76.625 1.5577
26.625 76.875 1.8594
26.625 77.125 2.184
26.625 77.375 2.1567
26.625 77.625 2.1925
26.625 77.875 1.4002
26.625 78.125 2.0456
26.625 78.375 1.2769
26.625 78.625 2.1329
26.625 78.875 1.843
26.625 79.125 0.64686
26.625 79.375 1.5519
26.625 79.625 1.6346
26.625 79.875 0.58007
26.625 80.125 0.30228
26.625 80.375 1.4344
26.625 80.625 0.6041
26.625 80.875 0.95194
26.625 81.125 1.0019
26.625 81.375 0.32088
26.625 81.625 -0.62186
26.625 81.875 0.37087
26.625 82.125 0.33704
26.625 82.375 -0.11084
26.625 82.625 -1.84
26.625 82.875 -0.45229
26.625 83.125 -0.50101
26.625 83.375 -1.1675
26.625 83.625 0.090904
26.625 83.875 0.13733
26.625 84.125 -0.31732
26.625 84.375 -0.21355
26.625 84.625 -0.79988
26.625 84.875 -0.7212
26.625 85.125 0.2464
26.625 85.375 0.42405
26.625 85.625 1.0799
26.625 86.125 0.14503
26.625 88.375 0.64609
26.625 88.625 0.33839
26.625 88.875 -0.93562
26.625 89.125 -0.88325
26.625 89.375 -0.47365
26.625 89.625 -0.50645
26.625 89.875 -0.21185
26.625 90.125 0.021218
26.625 90.375 -0.5547
26.625 90.625 -0.76489
26.625 90.875 -0.73364
26.625 91.125 -0.55451
26.625 91.375 -0.65612
26.625 91.625 -1.4784
26.625 91.875 -1.7589
26.625 92.125 -0.50002
26.625 92.375 -0.43474
26.625 92.625 -0.55581
26.625 92.875 0.83997
26.625 93.125 0.30758
26.625 93.375 0.84252
26.625 93.625 -0.050615
26.625 93.875 -0.34356
26.625 94.125 -0.089793
26.625 94.375 -0.29673
26.625 94.625 0.076121
26.625 94.875 0.14006
26.625 95.125 0.21316
26.875 69.625 1.1681
26.875 69.875 1.0006
26.875 70.125 0.69204
26.875 70.375 0.46417
26.875 70.625 0.72975
26.875 70.875 0.45609
26.875 71.125 0.70114
26.875 71.375 1.5676
26.875 71.625 1.7845
26.875 71.875 2.0524
26.875 72.125 1.2844
26.875 72.375 1.2798
26.875 72.625 1.0985
26.875 72.875 1.1179
26.875 73.125 1.4593
26.875 73.375 1.244
26.875 73.625 1.7285
26.875 73.875 1.9072
26.875 74.125 1.9716
26.875 74.375 1.1932
26.875 74.625 1.1643
26.875 74.875 1.8774
26.875 75.125 2.0508
26.875 75.375 1.9124
26.875 75.625 1.2139
26.875 75.875 1.5767
26.875 76.125 2.278
26.875 76.375 1.748
26.875 76.625 1.5816
26.875 76.875 2.1183
26.875 77.125 2.3766
26.875 77.375 1.2402
26.875 77.625 1.8549
26.875 77.875 0.96579
26.875 78.125 -0.062915
26.875 78.375 0.64841
26.875 78.625 0.86563
26.875 78.875 1.8659
26.875 79.125 2.3796
26.875 79.375 2.3984
26.875 79.625 2.0596
26.875 79.875 1.1543
26.875 80.125 1.1761
26.875 80.375 1.2274
26.875 80.625 0.46116
26.875 80.875 1.0578
26.875 81.125 0.89209
26.875 81.375 0.52055
26.875 81.625 -1.0333
26.875 81.875 0.87731
26.875 82.125 0.021613
26.875 82.375 -1.3872
26.875 82.625 -1.8568
26.875 82.875 -0.90731
26.875 83.125 -0.7687
26.875 83.375 -1.4966
26.875 83.625 -1.2047
26.875 83.875 -0.94961
26.875 84.125 -0.52039
26.875 84.375 -1.4518
26.875 84.625 -0.99448
26.875 84.875 -0.74544
26.875 88.375 0.84629
26.875 88.625 -0.21078
26.875 88.875 -0.46333
26.875 92.375 -0.40346
26.875 92.625 0.087763
26.875 92.875 0.75096
26.875 93.125 0.52837
26.875 93.375 0.92136
26.875 93.625 0.038385
26.875 93.875 0.13678
26.875 94.125 -0.57224
26.875 94.375 0.1014
26.875 94.625 -0.010672
26.875 94.875 -0.24728
26.875 95.125 0.0282
26.875 95.375 0.32882
26.875 95.625 0.16278
27.125 69.875 1.5696
27.125 70.125 1.7576
27.125 70.375 1.7858
27.125 70.625 1.345
27.125 70.875 0.81463
27.125 71.125 0.81811
27.125 71.375 1.3017
27.125 71.625 1.2489
27.125 71.875 0.93122
27.125 72.125 0.82231
27.125 72.375 1.0442
27.125 72.625 1.2084
27.125 72.875 0.78825
27.125 73.125 1.2304
27.125 73.375 1.4756
27.125 73.625 1.6999
27.125 73.875 1.9369
27.125 74.125 1.9124
27.125 74.375 1.4961
27.125 74.625 1.4659
27.125 74.875 1.3413
27.125 75.125 1.5585
27.125 75.375 2.078
27.125 75.625 2.4118
27.125 75.875 2.1805
27.125 76.125 1.5894
27.125 76.375 1.8942
27.125 76.625 1.4363
27.125 76.875 1.1987
27.125 77.125 2.7248
27.125 77.375 1.325
27.125 77.625 1.8267
27.125 77.875 0.84254
27.125 78.125 1.3006
27.125 78.375 0.64104
27.125 78.625 0.12319
27.125 78.875 1.1186
27.125 79.125 2.1842
27.125 79.375 0.40489
27.125 79.625 0.57001
27.125 79.875 1.1098
27.125 80.125 0.54789
27.125 80.375 0.24449
27.125 80.625 0.12686
27.125 80.875 1.4408
27.125 81.125 0.50724
27.125 81.375 0.50417
27.125 81.625 -0.0034451
27.125 81.875 0.017213
27.125 82.125 -0.58776
27.125 82.375 -0.90471
27.125 82.625 -0.2957
27.125 82.875 -0.34348
27.125 83.125 -0.87933
27.125 83.375 -0.71942
27.125 83.625 -0.10033
27.125 83.875 -0.25312
27.125 84.125 -0.54456
27.125 84.375 -0.86244
27.125 84.625 -1.3164
27.125 88.125 1.3451
27.125 88.375 0.74075
27.125 88.625 0.41106
27.125 92.125 -0.9006
27.125 92.375 -0.047683
27.125 92.625 0.093799
27.125 92.875 0.81152
27.125 93.125 0.29141
27.125 93.375 0.3851
27.125 93.625 0.13408
27.125 93.875 0.5728
27.125 94.125 0.66072
27.125 94.375 0.29743
27.125 94.625 -0.40037
27.125 94.875 -0.49973
27.125 95.125 -0.68
27.125 95.375 0.25202
27.125 95.625 0.16106
27.125 95.875 0.16354
27.375 70.125 1.7517
27.375 70.375 1.8053
27.375 70.625 1.4833
27.375 70.875 1.4141
27.375 71.125 1.0496
27.375 71.375 1.1288
27.375 71.625 0.6813
27.375 71.875 0.11343
27.375 72.125 -0.35293
27.375 72.375 0.74144
27.375 72.625 0.43386
27.375 72.875 0.069463
27.375 73.125 0.48494
27.375 73.375 0.58594
27.375 73.625 1.3466
27.375 73.875 1.8709
27.375 74.125 1.3692
27.375 74.375 1.3117
27.375 74.625 1.5799
27.375 74.875 1.6044
27.375 75.125 2.1075
27.375 75.375 1.9631
27.375 75.625 2.6731
27.375 75.875 2.0837
27.375 76.125 1.2192
27.375 76.375 1.5717
27.375 76.625 2.1738
27.375 76.875 2.3962
27.375 77.125 2.1006
27.375 77.375 0.38475
27.375 77.625 1.6332
27.375 77.875 1.7655
27.375 78.125 1.424
27.375 78.375 1.1072
27.375 78.625 0.86625
27.375 78.875 1.6473
27.375 79.125 -0.22123
27.375 79.375 -0.89745
27.375 79.625 0.044313
27.375 79.875 1
27.375 80.125 -0.50885
27.375 80.375 -0.90344
27.375 80.625 0.0019926
27.375 80.875 -0.75118
27.375 81.125 0.47773
27.375 81.375 0.63421
27.375 81.625 -0.70759
27.375 81.875 -0.35355
27.375 82.125 0.17982
27.375 82.375 -0.21928
27.375 82.625 -0.0346
27.375 82.875 -0.48074
27.375 83.125 -0.81335
27.375 83.625 -0.29582
27.375 84.125 -0.33856
27.375 84.375 -0.68494
27.375 88.125 2.2217
27.375 88.375 1.2188
27.375 88.625 0.20021
27.375 92.125 -0.5891
27.375 92.375 0.083447
27.375 92.625 0.33796
27.375 92.875 0.15082
27.375 93.125 -0.3442
27.375 93.375 -0.50104
27.375 93.625 0.43199
27.375 93.875 0.61621
27.375 94.125 1.1451
27.375 94.375 0.66983
27.375 94.625 -0.095762
27.375 94.875 -0.8967
27.375 95.125 -0.41867
27.375 95.375 -0.2456
27.375 95.625 -0.47082
27.375 95.875 -0.66699
27.375 96.125 -0.97366
27.375 96.375 -1.0443
NaN NaN NaN
27.375 96.875 -0.33228
27.625 70.125 1.8023
27.625 70.375 1.7164
27.625 70.625 1.6631
27.625 70.875 1.5711
27.625 71.125 1.0327
27.625 71.375 0.72032
27.625 71.625 0.60053
27.625 71.875 0.22294
27.625 72.125 -0.2613
27.625 72.375 -0.39663
27.625 72.625 -0.2642
27.625 72.875 0.0010418
27.625 73.125 0.1609
27.625 73.375 0.18227
27.625 73.625 1.0205
27.625 73.875 1.2347
27.625 74.125 1.3957
27.625 74.375 0.93324
27.625 74.625 1.3148
27.625 74.875 1.4186
27.625 75.125 1.6637
27.625 75.375 2.1553
27.625 75.625 1.9437
27.625 75.875 1.0328
27.625 76.125 1.0115
27.625 76.375 1.4695
27.625 76.625 1.614
27.625 76.875 1.7942
27.625 77.125 1.1069
27.625 77.375 0.13055
27.625 77.625 0.86373
27.625 77.875 0.54175
27.625 78.125 1.9708
27.625 78.375 1.4451
27.625 78.625 0.66277
27.625 78.875 0.31534
27.625 79.125 -1.0024
27.625 79.375 -1.478
27.625 79.625 -0.23629
27.625 79.875 0.61467
27.625 80.125 0.054971
27.625 80.375 0.13103
27.625 80.625 -0.24779
27.625 80.875 -0.59576
27.625 81.125 0.27313
27.625 81.375 0.15809
27.625 81.625 -0.21435
27.625 81.875 -0.27172
27.625 82.125 -0.19911
27.625 82.375 -0.31613
27.625 82.625 -0.17676
27.625 88.375 1.5379
27.625 88.625 1.1694
27.625 91.625 -0.92395
27.625 91.875 -1.0128
27.625 92.125 -0.70403
27.625 92.375 -0.28617
27.625 92.625 -0.082577
27.625 92.875 -0.077642
27.625 93.125 -0.15156
27.625 93.375 -0.1562
27.625 93.625 -0.82039
27.625 93.875 -1.1034
27.625 94.125 -0.026989
27.625 94.375 0.8729
27.625 94.625 -0.48355
27.625 94.875 -1.1186
27.625 95.125 -1.4707
27.625 95.375 -1.0277
27.625 95.625 -1.3888
27.625 95.875 -1.336
27.625 96.125 -1.2621
27.625 96.375 -1.1174
27.625 96.625 -0.3755
27.625 96.875 -0.38602
27.875 70.375 1.7036
27.875 71.875 -0.22993
27.875 72.125 -0.61218
27.875 72.375 -0.62127
27.875 72.625 -0.025637
27.875 72.875 0.058352
27.875 73.125 -0.074043
27.875 73.375 0.24236
27.875 73.625 0.83187
27.875 73.875 0.92344
27.875 74.125 0.84893
27.875 74.375 0.49001
27.875 74.625 1.1812
27.875 74.875 1.421
27.875 75.125 1.5308
27.875 75.375 1.4754
27.875 75.625 0.94514
27.875 75.875 0.7448
27.875 76.125 1.1041
27.875 76.375 1.7907
27.875 76.625 1.0078
27.875 76.875 1.3945
27.875 77.125 1.8035
27.875 77.375 -0.39115
27.875 77.625 -0.88474
27.875 77.875 1.2122
27.875 78.125 2.4594
27.875 78.375 1.683
27.875 78.625 1.5632
27.875 78.875 1.3857
27.875 79.125 0.75877
27.875 79.375 -0.45451
27.875 79.625 -0.50781
27.875 79.875 0.78858
27.875 80.125 0.78879
27.875 80.375 0.41829
27.875 80.625 -0.53658
27.875 80.875 -0.98279
27.875 81.125 -0.22785
27.875 81.375 0.12023
27.875 81.625 0.15796
NaN NaN NaN
NaN NaN NaN
27.875 92.875 -0.51413
27.875 93.125 -0.44915
27.875 93.375 -0.84709
27.875 93.625 -1.1488
27.875 93.875 -1.1582
27.875 94.125 -0.63944
27.875 94.375 -0.44871
27.875 94.625 -0.83538
27.875 94.875 -0.56068
27.875 95.125 -0.41027
27.875 95.375 -1.3543
27.875 95.625 -1.5266
27.875 95.875 -1.742
27.875 96.125 -1.5186
27.875 96.375 -1.7373
27.875 96.625 -0.44508
NaN NaN NaN
27.875 97.125 -0.2867
28.125 72.125 -0.76568
28.125 72.375 -0.65589
28.125 72.625 -0.24979
28.125 72.875 0.17284
28.125 73.125 0.53235
28.125 73.375 0.35609
28.125 73.625 0.63069
28.125 73.875 0.57921
28.125 74.125 0.47985
28.125 74.375 0.51441
28.125 74.625 1.0131
28.125 74.875 1.2013
28.125 75.125 1.0378
28.125 75.375 1.3501
28.125 75.625 0.80957
28.125 75.875 1.2894
28.125 76.125 1.6677
28.125 76.375 1.4946
28.125 76.625 1.3552
28.125 76.875 0.88494
28.125 77.125 0.49394
28.125 77.375 0.25468
28.125 77.625 0.11224
28.125 77.875 1.7268
28.125 78.125 2.6516
28.125 78.375 2.3215
28.125 78.625 0.50601
28.125 78.875 0.95697
28.125 79.125 0.24572
28.125 79.375 -0.82088
28.125 79.625 -1.1779
28.125 79.875 -0.11486
28.125 80.125 -0.049042
28.125 80.375 0.093588
28.125 80.625 0.051326
28.125 80.875 -0.74567
28.125 81.125 -0.82349
28.125 81.375 0.05349
28.125 92.875 -0.67709
28.125 93.125 -0.62808
28.125 93.375 -0.85493
28.125 93.625 -1.0704
28.125 93.875 -1.2243
28.125 94.125 -0.95065
28.125 94.375 -0.81277
28.125 94.625 -0.62799
28.125 94.875 -0.60881
28.125 95.125 -0.4921
28.125 95.375 -0.65675
28.125 95.625 -0.7063
28.125 95.875 -0.93401
28.125 96.125 -1.3065
28.125 96.375 -0.50209
NaN NaN NaN
NaN NaN NaN
NaN NaN NaN
28.375 72.375 -0.67299
28.375 72.625 -0.60015
28.375 72.875 -0.46445
28.375 73.125 0.0397
28.375 73.375 -0.19442
28.375 73.625 -0.35848
28.375 73.875 0.055776
28.375 74.125 0.30574
28.375 74.375 0.53371
28.375 74.625 0.87215
28.375 74.875 0.93953
28.375 75.125 0.87787
28.375 75.375 0.73065
28.375 75.625 0.67676
28.375 75.875 1.3905
28.375 76.125 1.2849
28.375 76.375 0.41981
28.375 76.625 0.07292
28.375 76.875 0.39185
28.375 77.125 -0.49772
28.375 77.375 0.40383
28.375 77.625 0.47348
28.375 77.875 0.31016
28.375 78.125 2.503
28.375 78.375 1.8946
28.375 78.625 -0.57056
28.375 78.875 -0.67326
28.375 79.125 0.10199
28.375 79.375 0.06893
28.375 79.625 -0.90974
28.375 79.875 -0.43208
28.375 80.125 -0.15919
28.375 80.375 -0.25442
28.375 80.625 -0.26365
28.375 80.875 -0.56589
28.375 81.125 -0.48273
28.375 93.375 -0.6485
28.375 93.625 -0.41252
28.375 93.875 -0.17276
28.375 94.125 0.31015
28.375 94.375 0.10833
28.375 94.625 -0.29606
28.375 94.875 -0.20911
28.375 95.125 -0.31891
28.375 95.375 -0.17273
28.375 95.625 0.059512
28.375 95.875 -0.34738
28.375 96.125 -0.79586
NaN NaN NaN
28.625 72.375 -0.43399
28.625 72.625 -0.19037
28.625 72.875 -0.20919
28.625 73.125 0.12381
28.625 73.375 -0.073464
28.625 73.625 -0.27973
28.625 73.875 -0.1558
28.625 74.125 0.33922
28.625 74.375 0.9337
28.625 74.625 0.76037
28.625 74.875 0.75504
28.625 75.125 1.0005
28.625 75.375 0.68668
28.625 75.625 -0.13364
28.625 75.875 -0.42701
28.625 76.125 0.55554
28.625 76.375 0.38446
28.625 76.625 0.85725
28.625 76.875 -0.10832
28.625 77.125 -1.5048
28.625 77.375 -1.3157
28.625 77.625 -1.3482
28.625 77.875 -0.97459
28.625 78.125 0.29554
28.625 78.375 0.66628
28.625 78.625 -1.2348
28.625 78.875 -0.57481
28.625 79.125 0.50408
28.625 79.375 -0.0028809
28.625 79.625 0.63792
28.625 79.875 0.43989
28.625 80.125 0.59318
28.625 80.375 0.080266
28.625 80.625 -0.27514
28.625 93.625 0.57612
NaN NaN NaN
28.625 94.125 0.65827
28.625 94.375 0.35566
28.625 94.625 0.35728
28.625 94.875 0.15967
28.625 95.125 -0.13314
28.625 95.375 0.062351
28.625 95.625 0.15608
28.625 95.875 -0.36248
28.625 96.125 -0.088244
NaN NaN NaN
28.875 72.875 0.021953
28.875 73.125 0.75485
28.875 73.375 0.85939
28.875 73.625 0.48047
28.875 73.875 0.6846
28.875 74.125 1.1476
28.875 74.375 0.94683
28.875 74.625 1.4054
28.875 74.875 1.1221
28.875 75.125 0.46176
28.875 75.375 0.44783
28.875 75.625 0.39789
28.875 75.875 -0.070082
28.875 76.125 -0.045934
28.875 76.375 0.42744
28.875 76.625 -0.61826
28.875 76.875 -0.72615
28.875 77.125 0.10729
28.875 77.375 0.096128
28.875 77.625 0.055784
28.875 77.875 0.33935
28.875 78.125 -0.069234
28.875 78.375 -0.12818
28.875 78.625 -0.40983
28.875 78.875 -0.25244
28.875 79.125 0.79531
28.875 79.375 0.61036
28.875 79.625 1.2565
28.875 79.875 1.231
28.875 94.125 0.42455
28.875 94.375 0.40373
28.875 94.625 0.10737
28.875 94.875 0.45429
28.875 95.125 0.32176
28.875 95.375 -0.32559
28.875 95.625 -0.029204
28.875 95.875 -0.21236
28.875 96.125 0.26058
NaN NaN NaN
29.125 73.125 0.81813
29.125 73.375 0.88291
29.125 73.625 0.68311
29.125 73.875 0.85135
29.125 74.125 0.71368
29.125 74.375 1.1273
29.125 74.625 1.3086
29.125 74.875 0.97525
29.125 75.125 -0.12423
29.125 75.375 0.60279
29.125 75.625 0.6119
29.125 75.875 -0.35566
29.125 76.125 -0.59898
29.125 76.375 -1.458
29.125 76.625 -0.14077
29.125 76.875 -0.24723
29.125 77.125 0.89536
29.125 77.375 0.23219
29.125 77.625 0.095976
29.125 77.875 0.61707
29.125 78.125 0.19786
29.125 78.375 0.2029
29.125 78.625 1.2954
29.125 78.875 0.29376
29.125 79.125 1.3364
29.125 79.375 1.3644
29.125 79.625 0.89199
29.125 79.875 0.84416
29.125 80.125 1.0714
29.125 94.375 0.36926
29.125 94.625 0.29164
29.125 94.875 0.61675
29.125 95.625 -0.01281
29.125 95.875 0.24158
29.125 96.125 NaN
29.375 73.375 0.53829
29.375 73.625 0.61943
29.375 73.875 0.89551
29.375 74.125 0.96731
29.375 74.375 0.35236
29.375 74.625 0.20306
29.375 74.875 0.17182
29.375 75.125 0.97706
29.375 75.375 -0.48781
29.375 75.625 -0.81288
29.375 75.875 -2.1472
29.375 76.125 -0.84558
29.375 76.375 -1.189
29.375 76.625 -0.022707
29.375 76.875 -1.5205
29.375 77.125 -1.4268
29.375 77.375 -0.7506
29.375 77.625 -0.14839
29.375 77.875 0.36774
29.375 78.125 0.34783
29.375 78.375 0.046668
29.375 78.625 -0.45954
29.375 78.875 0.029094
29.375 79.125 0.83536
29.375 79.375 1.4498
29.375 79.625 -0.31847
29.375 79.875 -0.00297
29.375 80.125 0.0013627
NaN NaN NaN
29.625 73.375 0.50006
29.625 73.625 0.45497
29.625 73.875 0.52789
29.625 74.125 1.4235
29.625 74.375 0.51062
29.625 74.625 -0.91849
29.625 74.875 -0.43695
29.625 75.125 -0.10128
29.625 75.375 -0.98301
29.625 75.625 0.51208
29.625 75.875 -1.4748
29.625 76.125 -1.2834
29.625 76.375 -0.0065017
29.625 76.625 0.27409
29.625 76.875 0.66203
29.625 77.125 -0.42877
29.625 77.375 -1.0785
29.625 77.625 -0.91294
29.625 77.875 -0.15484
29.625 78.125 0.28847
29.625 78.375 -0.068345
29.625 78.625 -1.4101
29.625 78.875 -0.38
29.625 79.125 0.60012
29.625 79.375 0.42859
29.625 79.625 -0.053873
29.625 79.875 -0.11347
29.625 80.125 -0.038264
29.875 73.625 0.46938
29.875 73.875 0.50712
29.875 74.125 0.99472
29.875 74.375 -0.41238
29.875 74.625 -1.3947
29.875 74.875 -1.3292
29.875 75.125 -0.36553
29.875 75.375 0.11876
29.875 75.625 0.89661
29.875 75.875 -0.54746
29.875 76.125 -0.62428
29.875 76.375 -0.26075
29.875 76.625 0.53784
29.875 76.875 -0.91584
29.875 77.125 -0.12117
29.875 77.375 -0.49798
29.875 77.625 -0.81766
29.875 77.875 0.5802
29.875 78.125 -0.47184
29.875 78.375 1.2643
29.875 78.625 0.57806
29.875 78.875 0.59265
29.875 79.125 -0.71672
29.875 79.375 -0.60326
29.875 79.625 0.38353
29.875 79.875 -0.50246
29.875 80.125 -0.30828
29.875 80.375 -0.30508
30.125 74.125 0.63953
30.125 74.375 -0.62336
30.125 74.625 -0.76433
30.125 74.875 -0.62965
30.125 75.125 0.22978
30.125 75.375 0.76273
30.125 75.625 0.78781
30.125 75.875 -0.20124
30.125 76.125 0.060579
30.125 76.375 -0.74041
30.125 76.625 -1.2444
30.125 76.875 -1.4564
30.125 77.125 -1.1985
30.125 77.375 -1.0493
30.125 77.625 1.4685
30.125 77.875 0.9436
30.125 78.125 1.0544
30.125 78.375 1.5599
30.125 78.625 1.0347
30.125 78.875 0.31568
30.125 79.125 -0.027999
30.125 79.375 -0.32148
30.125 79.625 0.12169
30.125 79.875 -0.5129
30.125 80.125 -0.59187
30.125 80.375 -0.42543
30.125 80.625 -0.32478
30.375 74.125 0.47894
30.375 74.375 -0.17428
30.375 74.625 0.20765
30.375 74.875 0.56624
30.375 75.125 1.2998
30.375 75.375 1.228
30.375 75.625 0.4219
30.375 75.875 -0.16819
30.375 76.125 -0.11761
30.375 76.375 -0.1844
30.375 76.625 -1.5644
30.375 76.875 -1.4355
30.375 77.125 0.14226
30.375 77.375 0.96535
30.375 77.625 1.107
30.375 77.875 1.0255
30.375 78.125 0.50483
30.375 78.375 -1.2916
30.375 78.625 0.37466
30.375 78.875 0.14502
30.375 79.125 0.20211
30.375 79.375 -0.10954
30.375 79.625 0.057888
30.375 79.875 -0.15559
30.375 80.125 -0.31089
30.375 80.375 -0.327
30.375 80.625 -0.41222
30.625 74.375 0.55898
30.625 74.625 0.57084
30.625 74.875 0.51464
30.625 75.125 1.1514
30.625 75.375 1.3786
30.625 75.625 1.5274
30.625 75.875 0.87502
30.625 76.125 -0.33528
30.625 76.375 -0.53346
30.625 76.625 0.47023
30.625 76.875 -0.090452
30.625 77.125 0.81868
30.625 77.375 1.0896
30.625 77.625 -0.0037345
30.625 77.875 0.0013211
30.625 78.125 0.28695
30.625 78.375 -1.0615
30.625 78.625 -0.23085
30.625 78.875 0.188
30.625 79.125 0.26472
30.625 79.375 0.036719
30.625 79.625 0.36319
30.625 79.875 -0.23633
30.625 80.125 0.02539
30.875 74.625 0.25559
30.875 74.875 0.63571
30.875 75.125 1.3591
30.875 75.375 0.65768
30.875 75.625 1.3224
30.875 75.875 1.1321
30.875 76.125 1.0959
30.875 76.375 0.88969
30.875 76.625 0.46541
30.875 76.875 0.90217
30.875 77.125 0.86535
30.875 77.375 0.27292
30.875 77.625 -0.055554
30.875 77.875 0.64052
30.875 78.125 -0.10512
30.875 78.375 -0.44309
30.875 78.625 -0.14907
30.875 78.875 0.55163
30.875 79.125 0.56021
NaN NaN NaN
NaN NaN NaN
NaN NaN NaN
31.125 74.875 0.35022
31.125 75.125 0.8133
31.125 75.375 -0.019053
31.125 75.625 0.11821
31.125 75.875 1.2493
31.125 76.125 1.8976
31.125 76.375 1.5188
31.125 76.625 0.46464
31.125 76.875 0.76454
31.125 77.125 0.92774
31.125 77.375 0.44992
31.125 77.625 1.2339
31.125 77.875 -0.032771
31.125 78.125 -0.81846
31.125 78.375 -0.69289
31.125 78.625 -0.22274
NaN NaN NaN
NaN NaN NaN
31.375 74.875 0.49018
31.375 75.125 -0.085045
31.375 75.375 -1.1135
31.375 75.625 1.0937
31.375 75.875 1.8027
31.375 76.125 1.4063
31.375 76.375 1.3273
31.375 76.625 0.56108
31.375 76.875 -0.012739
31.375 77.125 0.66241
31.375 77.375 1.3106
31.375 77.625 1.5192
31.375 77.875 -0.33913
31.375 78.125 -0.59247
31.375 78.375 -0.66299
31.375 78.625 -0.61441
31.625 74.875 0.92844
31.625 75.125 0.8748
31.625 75.375 0.37043
31.625 75.625 0.22607
31.625 75.875 -0.27781
31.625 76.125 0.41529
31.625 76.375 0.60228
31.625 76.625 0.5353
31.625 76.875 0.25167
31.625 77.125 -0.21257
31.625 77.375 1.9237
31.625 77.625 1.7409
31.625 77.875 0.034423
31.625 78.125 -0.56128
31.625 78.375 -0.68925
31.625 78.625 -0.79576
31.875 74.875 1.441
31.875 75.125 0.80084
31.875 75.375 -0.013909
31.875 75.625 -0.094595
31.875 75.875 0.42752
31.875 76.125 0.30754
31.875 76.375 0.22723
31.875 76.625 0.41222
31.875 76.875 -0.19547
31.875 77.125 0.10703
31.875 77.375 0.76228
31.875 77.625 1.1076
31.875 77.875 -0.24454
31.875 78.125 -0.58643
31.875 78.375 -0.73249
31.875 78.625 -0.94922
32.125 75.375 0.39535
32.125 75.625 0.83127
32.125 75.875 0.52743
32.125 76.125 -0.145
32.125 76.375 -0.20036
32.125 76.625 -0.49834
32.125 76.875 -0.29406
32.125 77.125 -0.23869
32.125 77.375 -0.96246
32.125 77.625 0.073635
32.125 77.875 -0.57605
32.125 78.125 -0.85818
32.125 78.375 -0.8895
32.375 75.375 -0.17966
32.375 75.625 -0.01291
32.375 75.875 -0.076295
32.375 76.125 -0.73097
32.375 76.375 -0.50214
32.375 76.625 -0.47422
32.375 76.875 -0.21356
32.375 77.125 0.0093159
32.375 77.375 -0.80584
32.375 77.625 -0.89551
32.375 77.875 -1.0681
32.375 78.125 -0.87527
32.375 78.375 -1.1669
32.625 74.875 0.065917
32.625 75.125 -0.025577
32.625 75.375 -0.47416
32.625 75.625 -0.60092
32.625 75.875 -0.75778
32.625 76.125 -0.51706
32.625 76.375 -0.73578
32.625 76.625 -0.70301
32.625 76.875 0.48851
32.625 77.125 0.27507
32.625 77.375 -0.62095
32.625 77.625 -1.0563
32.625 77.875 -1.0125
32.625 78.125 -1.2782
32.625 78.375 -1.117
32.625 78.625 -1.3804
32.625 78.875 -1.3714
32.625 79.125 -1.0383
32.625 79.375 -0.88311
32.875 74.375 0.57133
32.875 74.625 0.58636
32.875 74.875 0.42749
32.875 75.125 0.13876
32.875 75.375 -0.51097
32.875 75.625 -0.80178
32.875 75.875 -0.73975
32.875 76.125 -0.20404
32.875 76.375 -0.16167
32.875 76.625 -0.015971
32.875 76.875 0.2075
32.875 77.125 -0.24162
32.875 77.375 -0.74001
32.875 77.625 -1.2487
32.875 77.875 -1.5401
32.875 78.125 -0.6047
32.875 78.375 -0.74901
32.875 78.625 -1.0634
32.875 78.875 -1.2716
32.875 79.125 -1.2186
32.875 79.375 -1.0386
33.125 73.875 0.28042
33.125 74.125 0.38126
33.125 74.375 0.40067
33.125 74.625 0.16461
33.125 74.875 -0.00040551
33.125 75.125 -0.14058
33.125 75.375 -0.8758
33.125 75.625 -0.88476
33.125 75.875 -0.30192
33.125 76.125 0.063446
33.125 76.375 -0.022153
33.125 76.625 0.032084
33.125 76.875 -0.22482
33.125 77.125 -0.48951
33.125 77.375 -0.37452
33.125 77.625 -0.26499
33.125 77.875 -0.20704
33.125 78.125 0.19799
33.125 78.375 0.20616
33.125 78.625 -0.31444
33.125 78.875 -0.90635
33.125 79.125 -1.046
33.375 73.875 0.09106
33.375 74.125 0.014333
33.375 74.375 -0.62077
33.375 74.625 -0.93272
33.375 74.875 -1.1269
33.375 75.125 -1.5642
33.375 75.375 -1.2066
33.375 75.625 -1.069
33.375 75.875 -0.39335
33.375 76.125 0.092931
33.375 76.375 0.47271
33.375 76.625 0.1948
33.375 76.875 0.22382
33.375 77.125 0.58957
33.375 77.375 0.34143
33.375 77.625 0.14679
33.375 77.875 -0.24512
33.375 78.125 0.58832
33.375 78.375 0.65863
33.375 78.625 0.21002
33.375 78.875 -0.3937
33.625 73.875 -0.087303
33.625 74.125 0.28778
33.625 74.375 -1.0835
33.625 74.625 -1.3715
33.625 74.875 -0.81813
33.625 75.125 -1.3976
33.625 75.375 -1.0874
33.625 75.625 -0.82041
33.625 75.875 -0.39301
33.625 76.125 0.049537
33.625 76.375 0.41464
33.625 76.625 -0.232
33.625 76.875 0.25833
33.625 77.125 0.38369
33.625 77.375 0.46456
33.625 77.625 0.42102
33.625 77.875 0.507
33.625 78.125 0.45848
33.625 78.375 0.54088
33.625 78.625 0.48151
33.625 78.875 -0.41051
33.875 73.875 0.2082
33.875 74.125 -0.36786
33.875 74.375 -0.77397
33.875 74.625 -0.1778
33.875 74.875 -0.66219
33.875 75.125 -0.14741
33.875 75.375 -0.27417
33.875 75.625 -0.50934
33.875 75.875 -0.24937
33.875 76.125 -0.40049
33.875 76.375 0.067707
33.875 76.625 0.034041
33.875 76.875 0.051401
33.875 77.125 0.0031608
33.875 77.375 0.23329
33.875 77.625 0.16285
33.875 77.875 0.24294
33.875 78.125 0.42779
33.875 78.375 0.49235
33.875 78.625 0.30504
33.875 78.875 0.2416
34.125 73.625 -0.40521
34.125 73.875 -0.15381
34.125 74.125 0.060506
34.125 74.375 -0.75593
34.125 74.625 -0.96614
34.125 74.875 -0.34686
34.125 75.125 -0.019085
34.125 75.375 -0.26635
34.125 75.625 -0.68542
34.125 75.875 -0.70554
34.125 76.125 -0.75654
34.125 76.375 0.16843
34.125 76.625 0.18504
34.125 76.875 0.04771
34.125 77.125 -0.034923
34.125 77.375 0.033814
34.125 77.625 0.25739
34.125 77.875 0.26143
34.125 78.125 0.44606
34.125 78.375 0.51383
34.125 78.625 0.36777
34.125 78.875 0.29924
34.125 79.125 0.28077
34.125 79.375 -0.019418
34.375 73.625 -0.68132
34.375 73.875 -0.80934
34.375 74.125 -1.1448
34.375 74.375 -0.49888
34.375 74.625 -0.43831
34.375 74.875 -0.57817
34.375 75.125 -0.31013
34.375 75.375 -0.94606
34.375 75.625 -0.86227
34.375 75.875 -0.8438
34.375 76.125 -0.80329
34.375 76.375 0.050779
34.375 76.625 0.045313
34.375 76.875 0.046315
34.375 77.125 0.16268
34.375 77.375 -0.0036274
34.375 77.625 0.025749
34.375 77.875 0.214
34.375 78.125 0.37734
34.375 78.375 0.45012
34.375 78.625 0.54521
34.375 78.875 -0.20849
34.375 79.125 0.10002
34.375 79.375 -0.18393
34.625 73.875 -0.79042
34.625 74.125 -1.1127
34.625 74.375 -0.62923
34.625 74.625 -0.70021
34.625 74.875 -0.69976
34.625 75.125 -0.39071
34.625 75.375 -1.0896
34.625 75.625 -1.2878
34.625 75.875 -0.69394
34.625 76.125 -0.81691
34.625 76.375 -0.22323
34.625 76.625 0.014424
34.625 76.875 0.05733
34.625 77.125 0.21372
34.625 77.375 -0.017414
34.625 77.625 0.22073
34.625 77.875 0.1972
34.625 78.125 0.31652
34.625 78.375 0.55964
34.625 78.625 0.17024
34.625 78.875 -0.28697
34.625 79.125 -0.18469
34.625 79.375 -0.028232
34.625 79.625 -0.35616
34.875 74.125 -0.32759
34.875 74.375 -0.23987
34.875 74.625 -0.34997
34.875 74.875 -0.36228
34.875 75.125 -0.91697
34.875 75.375 -2.0383
34.875 75.625 -0.91164
34.875 75.875 -0.80812
34.875 76.125 -0.84783
34.875 76.375 -0.36953
34.875 76.625 -0.089105
34.875 76.875 0.089073
34.875 77.125 0.16238
34.875 77.375 0.1011
34.875 77.625 -0.018716
34.875 77.875 0.10027
34.875 78.125 0.26536
34.875 78.375 0.43452
34.875 78.625 -0.21937
34.875 78.875 -0.19844
34.875 79.125 -0.079395
34.875 79.375 0.18754
34.875 79.625 -0.48929
34.875 79.875 -0.45117
35.125 74.375 -0.32739
35.125 74.625 -0.59179
35.125 74.875 -0.4259
35.125 75.125 -1.6104
35.125 75.375 -1.5478
35.125 75.625 -0.76621
35.125 75.875 -0.75009
35.125 76.125 -0.87093
35.125 76.375 -0.038863
35.125 76.625 0.068707
35.125 76.875 -0.19993
35.125 77.125 0.12534
35.125 77.375 -0.080309
35.125 77.625 -0.42186
35.125 77.875 -0.049857
35.125 78.125 -0.34867
35.125 78.375 -0.44207
35.125 78.625 -0.18972
35.125 78.875 0.26235
35.125 79.125 0.1279
35.125 79.375 -0.2994
35.125 79.625 -0.54152
35.125 79.875 -0.13312
35.375 73.875 -0.52763
35.375 74.125 -0.57645
35.375 74.375 -0.48497
35.375 74.625 -0.511
35.375 74.875 -0.1363
35.375 75.125 -1.2509
35.375 75.375 -1.4348
35.375 75.625 -0.81531
35.375 75.875 -0.51842
35.375 76.125 -0.44407
35.375 76.375 -0.23902
35.375 76.625 -0.15998
35.375 76.875 -0.019024
35.375 77.125 -0.012877
35.375 77.375 -0.53329
35.375 77.625 -0.399
35.375 77.875 -0.45593
35.375 78.125 -0.59294
35.375 78.375 -0.30803
35.375 78.625 -0.024733
35.375 78.875 -0.080217
35.375 79.125 0.060937
35.375 79.375 -0.28033
35.375 79.625 -0.31511
35.375 79.875 -0.25544
NaN NaN NaN
35.625 73.375 -0.6372
35.625 73.625 -0.61734
35.625 73.875 -0.74899
35.625 74.125 -1.0476
35.625 74.375 -1.0966
35.625 74.625 -0.56415
35.625 74.875 -0.18407
35.625 75.125 -1.1185
35.625 75.375 -1.3997
35.625 75.625 -0.92966
35.625 75.875 -0.80828
35.625 76.125 -0.43931
35.625 76.375 -0.41754
35.625 76.625 -1.0223
35.625 76.875 -0.80567
35.625 77.125 -0.45305
35.625 78.375 -0.27784
35.625 78.625 -0.056672
35.625 78.875 -0.14949
35.625 79.125 -0.038577
35.625 79.375 0.27451
35.625 79.625 0.15264
35.625 79.875 0.24292
35.625 80.125 0.36341
35.875 73.125 2.4906
35.875 73.375 0.67536
35.875 73.625 -0.45701
35.875 73.875 -0.78195
35.875 74.125 -0.92839
35.875 74.375 -1.3172
35.875 74.625 -0.65994
35.875 74.875 -0.21564
35.875 75.125 -0.48852
35.875 75.375 -1.5481
35.875 75.625 -1.1016
35.875 75.875 -1.029
35.875 76.125 -0.7998
35.875 76.375 -0.48606
35.875 76.625 -1.135
35.875 79.375 0.65623
36.125 72.625 NaN
NaN NaN NaN
NaN NaN NaN
36.125 73.375 1.6407
36.125 73.625 0.61981
36.125 73.875 -0.11649
36.125 74.125 -0.68343
36.125 74.375 -0.95161
36.125 74.625 -0.48294
36.125 74.875 -0.39675
36.125 75.125 -0.2684
36.125 75.375 -1.2728
36.125 75.625 -1.9133
36.125 75.875 -1.1871
36.125 76.125 -1.155
36.125 76.375 -0.58078
36.125 76.625 -0.43864
36.375 73.125 2.4344
36.375 73.375 2.1073
36.375 73.625 1.479
36.375 73.875 0.49748
36.375 74.125 -0.25017
36.375 74.375 -0.41612
36.375 74.625 -0.77654
36.375 74.875 -0.62279
36.375 75.125 -0.51696
36.375 75.375 -0.88468
36.375 75.625 -1.3556
36.375 75.875 -1.2428
36.375 76.125 -0.95737
36.625 73.375 2.4373
36.625 73.625 2.092
36.625 73.875 0.88168
36.625 74.125 0.68107
36.625 74.375 -0.62216
36.625 74.625 -0.336
36.625 74.875 -0.74838
36.625 75.125 -0.94242
36.625 75.375 -0.94094
36.625 75.625 -0.67341
36.875 73.875 0.66412
36.875 74.375 -0.20735
36.875 74.625 -0.46709
36.875 74.875 -1.1235
36.875 75.125 -1.2855
36.875 75.375 -1.0929
