8.125 77.375 87.225
8.375 77.125 245.14
8.375 77.375 123.09
8.375 77.625 81.674
8.375 77.875 38.512
8.625 76.875 336.28
8.625 77.125 238.8
8.625 77.375 129.09
8.625 77.625 71.109
8.625 77.875 66.959
8.875 76.875 356.96
8.875 77.125 239.19
8.875 77.375 128.09
8.875 77.625 62.898
8.875 77.875 39.854
9.125 76.625 487.82
9.125 76.875 366.54
9.125 77.125 266.04
9.125 77.375 144.89
9.125 77.625 71.457
9.125 77.875 41.412
9.125 78.125 19.39
NaN NaN NaN
9.375 76.625 583.95
9.375 76.875 465.98
9.375 77.125 328.1
9.375 77.375 215.81
9.375 77.625 100.98
9.375 77.875 67.406
9.375 78.125 18.979
9.375 78.375 20.381
9.375 78.625 21.105
NaN NaN NaN
9.625 76.375 627.65
9.625 76.625 527.61
9.625 76.875 511.82
9.625 77.125 406.74
9.625 77.375 264.42
9.625 77.625 136.13
9.625 77.875 71.254
9.625 78.125 29.55
9.625 78.375 27.87
9.625 78.625 26.214
9.875 76.625 563.69
9.875 76.875 563.18
9.875 77.125 469.38
9.875 77.375 278.29
9.875 77.625 167.48
9.875 77.875 102.84
9.875 78.125 52.983
9.875 78.375 66.599
9.875 78.625 35.287
9.875 78.875 31.181
10.125 76.375 663.11
10.125 76.625 593.96
10.125 76.875 615.49
10.125 77.125 496.46
10.125 77.375 279.86
10.125 77.625 155.21
10.125 77.875 86.824
10.125 78.125 58.551
10.125 78.375 97.196
10.125 78.625 41.565
10.125 78.875 32.175
10.125 79.125 31.046
10.375 76.375 657.01
10.375 76.625 534.81
10.375 76.875 499.17
10.375 77.125 414.19
10.375 77.375 237.08
10.375 77.625 138.99
10.375 77.875 73.378
10.375 78.125 65.458
10.375 78.375 46.76
10.375 78.625 47.713
10.375 78.875 36.928
10.375 79.125 31.476
NaN NaN NaN
NaN NaN NaN
10.625 76.125 840.47
10.625 76.375 708.77
10.625 76.625 560.44
10.625 76.875 446.66
10.625 77.125 311.89
10.625 77.375 154.46
10.625 77.625 83.584
10.625 77.875 61.464
10.625 78.125 56.609
10.625 78.375 35.982
10.625 78.625 49.33
10.625 78.875 44.481
10.625 79.125 32.741
10.625 79.375 30.707
10.625 79.625 31.184
10.875 76.125 814.99
10.875 76.375 783.21
10.875 76.625 629.75
10.875 76.875 410.97
10.875 77.125 283.64
10.875 77.375 141.73
10.875 77.625 81.931
10.875 77.875 51.019
10.875 78.125 32.293
10.875 78.375 49.846
10.875 78.625 79.081
10.875 78.875 42.142
10.875 79.125 34.841
10.875 79.375 35.74
10.875 79.625 38.959
11.125 76.125 723.38
11.125 76.375 775.97
11.125 76.625 706.08
11.125 76.875 443.14
11.125 77.125 275.94
11.125 77.375 160.04
11.125 77.625 68.527
11.125 77.875 64.317
11.125 78.125 42.235
11.125 78.375 62.278
11.125 78.625 54.417
11.125 78.875 37.123
11.125 79.125 40.154
11.125 79.375 45.398
11.125 79.625 46.215
11.375 75.875 939.26
11.375 76.125 874.12
11.375 76.375 832.17
11.375 76.625 705.87
11.375 76.875 463.69
11.375 77.125 287.62
11.375 77.375 181.03
11.375 77.625 158.11
11.375 77.875 78.515
11.375 78.125 80.523
11.375 78.375 78.705
11.375 78.625 61.954
11.375 78.875 43.307
11.375 79.125 40.66
11.375 79.375 44.95
11.375 79.625 48.327
11.625 75.875 974.65
11.625 76.125 888.62
11.625 76.375 758.93
11.625 76.625 617.24
11.625 76.875 397.87
11.625 77.125 268.1
11.625 77.375 251.01
11.625 77.625 180.33
11.625 77.875 92.923
11.625 78.125 104
11.625 78.375 106.59
11.625 78.625 67.208
11.625 78.875 47.007
11.625 79.125 42.538
11.625 79.375 47.897
NaN NaN NaN
NaN NaN NaN
11.875 75.875 1009.6
11.875 76.125 818.78
11.875 76.375 556.64
11.875 76.625 388.45
11.875 76.875 291.63
11.875 77.125 238.28
11.875 77.375 194.64
11.875 77.625 159.47
11.875 77.875 141.36
11.875 78.125 105.47
11.875 78.375 100.56
11.875 78.625 87.989
11.875 78.875 47.609
11.875 79.125 43.114
11.875 79.375 49.692
11.875 79.625 55.239
12.125 75.375 1230.8
12.125 75.625 1151
12.125 75.875 994.7
12.125 76.125 758.24
12.125 76.375 446.84
12.125 76.625 267.17
12.125 76.875 227.97
12.125 77.125 201.15
12.125 77.375 187.19
12.125 77.625 161.29
12.125 77.875 132.56
12.125 78.125 115.52
12.125 78.375 120.46
12.125 78.625 81.332
12.125 78.875 51.207
12.125 79.125 47.924
12.125 79.375 53.713
12.125 79.625 57.775
12.375 75.125 1181.4
12.375 75.375 1221
12.375 75.625 1112.1
12.375 75.875 882.22
12.375 76.125 657.51
12.375 76.375 409.43
12.375 76.625 279.55
12.375 76.875 214.79
12.375 77.125 172.86
12.375 77.375 184.31
12.375 77.625 183
12.375 77.875 173.01
12.375 78.125 114.5
12.375 78.375 110.35
12.375 78.625 95.124
12.375 78.875 66.311
12.375 79.125 60.679
12.375 79.375 62.899
12.375 79.625 60.626
12.375 79.875 54.656
12.625 75.125 1101.8
12.625 75.375 1124
12.625 75.625 1023.9
12.625 75.875 784.85
12.625 76.125 560.14
12.625 76.375 425.48
12.625 76.625 307.38
12.625 76.875 197.7
12.625 77.125 166.57
12.625 77.375 180.48
12.625 77.625 187.51
12.625 77.875 154.8
12.625 78.125 119.67
12.625 78.375 133.14
12.625 78.625 101.03
12.625 78.875 68.742
12.625 79.125 64.196
12.625 79.375 67.277
12.625 79.625 61.055
12.625 79.875 55.121
12.875 75.125 1031.4
12.875 75.375 1053.9
12.875 75.625 916.67
12.875 75.875 651.45
12.875 76.125 460.23
12.875 76.375 380.09
12.875 76.625 271.91
12.875 76.875 223.41
12.875 77.125 207.76
12.875 77.375 206.59
12.875 77.625 167.79
12.875 77.875 126.39
12.875 78.125 127.6
12.875 78.375 125.22
12.875 78.625 95.32
12.875 78.875 71.113
12.875 79.125 74.403
12.875 79.375 66.046
12.875 79.625 63.282
12.875 79.875 61.237
NaN NaN NaN
13.125 75.125 1031.8
13.125 75.375 998.73
13.125 75.625 828.03
13.125 75.875 589.83
13.125 76.125 478.1
13.125 76.375 375.45
13.125 76.625 301.38
13.125 76.875 252.24
13.125 77.125 216.12
13.125 77.375 185.66
13.125 77.625 144.78
13.125 77.875 126.23
13.125 78.125 123.49
13.125 78.375 123.62
13.125 78.625 99.764
13.125 78.875 80.14
13.125 79.125 100.16
13.125 79.375 78.815
13.125 79.625 76.493
13.125 79.875 66.32
13.125 80.125 75.4
NaN NaN NaN
13.375 75.125 1007.5
13.375 75.375 923.03
13.375 75.625 731.31
13.375 75.875 495.76
13.375 76.125 404.72
13.375 76.375 336.19
13.375 76.625 262.88
13.375 76.875 249.88
13.375 77.125 241.21
13.375 77.375 172.91
13.375 77.625 142.15
13.375 77.875 129.86
13.375 78.125 122.5
13.375 78.375 114.8
13.375 78.625 101.76
13.375 78.875 90.494
13.375 79.125 117.25
13.375 79.375 108.67
13.375 79.625 79.659
13.375 79.875 79.395
13.375 80.125 82.905
13.625 74.875 1025.2
13.625 75.125 967.31
13.625 75.375 790.13
13.625 75.625 618.73
13.625 75.875 420.83
13.625 76.125 293.47
13.625 76.375 237.57
13.625 76.625 235.62
13.625 76.875 222.07
13.625 77.125 196.55
13.625 77.375 184.53
13.625 77.625 151.44
13.625 77.875 128.44
13.625 78.125 110.95
13.625 78.375 101.78
13.625 78.625 96.011
13.625 78.875 99.885
13.625 79.125 102.1
13.625 79.375 79.048
13.625 79.625 81.532
13.625 79.875 83.095
13.625 80.125 82.781
13.875 74.875 963.58
13.875 75.125 843.54
13.875 75.375 641.51
13.875 75.625 459.45
13.875 75.875 331.41
13.875 76.125 251.97
13.875 76.375 201.67
13.875 76.625 177.67
13.875 76.875 180.51
13.875 77.125 163.57
13.875 77.375 137.67
13.875 77.625 154.92
13.875 77.875 149.15
13.875 78.125 140.39
13.875 78.375 88.698
13.875 78.625 79.712
13.875 78.875 81.886
13.875 79.125 79.164
13.875 79.375 79.351
13.875 79.625 84.752
13.875 79.875 72.319
14.125 74.625 938.05
14.125 74.875 856.76
14.125 75.125 703.02
14.125 75.375 508.24
14.125 75.625 350.5
14.125 75.875 273.84
14.125 76.125 239.9
14.125 76.375 192.45
14.125 76.625 184.4
14.125 76.875 176.16
14.125 77.125 150.93
14.125 77.375 162.61
14.125 77.625 151.19
14.125 77.875 153.24
14.125 78.125 111.41
14.125 78.375 81.74
14.125 78.625 72.087
14.125 78.875 76.513
14.125 79.125 78.912
14.125 79.375 73.993
14.125 79.625 70.55
14.125 79.875 71.788
14.375 74.625 793.58
14.375 74.875 706.16
14.375 75.125 577.79
14.375 75.375 410.91
14.375 75.625 292.93
14.375 75.875 238.06
14.375 76.125 205.68
14.375 76.375 180.24
14.375 76.625 162.95
14.375 76.875 151.16
14.375 77.125 138
14.375 77.375 157.09
14.375 77.625 151.39
14.375 77.875 112.23
14.375 78.125 97.527
14.375 78.375 94.029
14.375 78.625 78.53
14.375 78.875 76.801
14.375 79.125 73.665
14.375 79.375 70.469
14.375 79.625 71.954
14.375 79.875 80.996
NaN NaN NaN
14.625 74.625 674.54
14.625 74.875 582.53
14.625 75.125 471.14
14.625 75.375 336.47
14.625 75.625 248.73
14.625 75.875 209.93
14.625 76.125 191.27
14.625 76.375 163.77
14.625 76.625 145.4
14.625 76.875 142.67
14.625 77.125 127.65
14.625 77.375 107.56
14.625 77.625 121.56
14.625 77.875 169.91
14.625 78.125 159.6
14.625 78.375 131.66
14.625 78.625 77.67
14.625 78.875 81.191
14.625 79.125 80.207
14.625 79.375 75.835
14.625 79.625 78.975
14.625 79.875 88.565
14.875 74.375 691.72
14.875 74.625 574.95
14.875 74.875 465.24
14.875 75.125 365.83
14.875 75.375 275.93
14.875 75.625 219.18
14.875 75.875 188.89
14.875 76.125 172.1
14.875 76.375 166.02
14.875 76.625 149.93
14.875 76.875 134.88
14.875 77.125 111.64
14.875 77.375 119.26
14.875 77.625 119.82
14.875 77.875 128.93
14.875 78.125 141.94
14.875 78.375 128.6
14.875 78.625 75.493
14.875 78.875 88.654
14.875 79.125 98.541
14.875 79.375 87.54
14.875 79.625 83.884
14.875 79.875 91.88
15.125 74.125 729.03
15.125 74.375 620.06
15.125 74.625 512.51
15.125 74.875 389.17
15.125 75.125 301.07
15.125 75.375 237.65
15.125 75.625 204.15
15.125 75.875 180.13
15.125 76.125 157.62
15.125 76.375 156.21
15.125 76.625 134.88
15.125 76.875 98.576
15.125 77.125 80.362
15.125 77.375 106.89
15.125 77.625 92.329
15.125 77.875 93.665
15.125 78.125 107.46
15.125 78.375 91.984
15.125 78.625 88.394
15.125 78.875 113.71
15.125 79.125 125.16
15.125 79.375 93.036
15.125 79.625 86.297
15.125 79.875 92.712
15.375 73.875 713.19
15.375 74.125 626.53
15.375 74.375 568.71
15.375 74.625 465.66
15.375 74.875 343.37
15.375 75.125 268.53
15.375 75.375 223.69
15.375 75.625 192.49
15.375 75.875 170.11
15.375 76.125 154.44
15.375 76.375 138.7
15.375 76.625 110.1
15.375 76.875 86.372
15.375 77.125 83.463
15.375 77.375 99.812
15.375 77.625 105.95
15.375 77.875 111.73
15.375 78.125 112.24
15.375 78.375 105.67
15.375 78.625 102.62
15.375 78.875 94.859
15.375 79.125 108.82
15.375 79.375 96.553
15.375 79.625 87.744
15.375 79.875 93.919
15.625 73.875 672.35
15.625 74.125 599.29
15.625 74.375 546.81
15.625 74.625 417.04
15.625 74.875 305.22
15.625 75.125 233.46
15.625 75.375 204.43
15.625 75.625 179.14
15.625 75.875 163.19
15.625 76.125 143.27
15.625 76.375 158.77
15.625 76.625 134.82
15.625 76.875 94.189
15.625 77.125 106.54
15.625 77.375 118.78
15.625 77.625 120.67
15.625 77.875 110.54
15.625 78.125 160.07
15.625 78.375 128.65
15.625 78.625 101.7
15.625 78.875 117.47
15.625 79.125 102.76
15.625 79.375 85.403
15.625 79.625 79.579
15.625 79.875 99.279
15.625 80.125 108.98
15.875 73.875 692.78
15.875 74.125 610.89
15.875 74.375 489.19
15.875 74.625 373.06
15.875 74.875 269.89
15.875 75.125 207.56
15.875 75.375 175.6
15.875 75.625 159.61
15.875 75.875 163.06
15.875 76.125 164.56
15.875 76.375 164.86
15.875 76.625 129.63
15.875 76.875 96.553
15.875 77.125 113.11
15.875 77.375 118.25
15.875 77.625 101.24
15.875 77.875 106.87
15.875 78.125 100.78
15.875 78.375 120.01
15.875 78.625 132.12
15.875 78.875 145.62
15.875 79.125 132.01
15.875 79.375 95.009
15.875 79.625 79.12
15.875 79.875 100.12
15.875 80.125 103.95
15.875 80.375 112.76
NaN NaN NaN
15.875 80.875 131.11
16.125 73.625 676.69
16.125 73.875 657.04
16.125 74.125 573.53
16.125 74.375 420.35
16.125 74.625 308.87
16.125 74.875 224.79
16.125 75.125 170.85
16.125 75.375 143.15
16.125 75.625 152.76
16.125 75.875 170.46
16.125 76.125 173.28
16.125 76.375 190.7
16.125 76.625 143.32
16.125 76.875 103.57
16.125 77.125 101.99
16.125 77.375 115.85
16.125 77.625 95.072
16.125 77.875 106.24
16.125 78.125 122.4
16.125 78.375 171.58
16.125 78.625 169.25
16.125 78.875 144.97
16.125 79.125 127.82
16.125 79.375 94.205
16.125 79.625 82.658
16.125 79.875 108.95
16.125 80.125 128.18
16.125 80.375 160.34
16.125 80.625 134.45
16.125 80.875 132.89
16.375 73.625 606.52
16.375 73.875 579.87
16.375 74.125 495.91
16.375 74.375 336.87
16.375 74.625 240.6
16.375 74.875 172.15
16.375 75.125 136.08
16.375 75.375 134.33
16.375 75.625 140.48
16.375 75.875 159.42
16.375 76.125 186.41
16.375 76.375 219.54
16.375 76.625 182.26
16.375 76.875 114.71
16.375 77.125 155.2
16.375 77.375 119.21
16.375 77.625 108.36
16.375 77.875 115.29
16.375 78.125 131.52
16.375 78.375 168.77
16.375 78.625 140.82
16.375 78.875 125.96
16.375 79.125 112.06
16.375 79.375 98.849
16.375 79.625 88.969
16.375 79.875 106.78
16.375 80.125 132.7
16.375 80.375 135.52
16.375 80.625 155.25
16.375 80.875 118.27
16.375 81.125 103
NaN NaN NaN
NaN NaN NaN
16.625 73.625 580.69
16.625 73.875 522.86
16.625 74.125 427.77
16.625 74.375 294.11
16.625 74.625 200.84
16.625 74.875 157.54
16.625 75.125 140.95
16.625 75.375 140.71
16.625 75.625 134.63
16.625 75.875 127.15
16.625 76.125 136.45
16.625 76.375 141.51
16.625 76.625 164.65
16.625 76.875 139.87
16.625 77.125 118.79
16.625 77.375 121.83
16.625 77.625 124.47
16.625 77.875 136.85
16.625 78.125 145.74
16.625 78.375 150.28
16.625 78.625 141.31
16.625 78.875 130.66
16.625 79.125 116.32
16.625 79.375 107.02
16.625 79.625 106.9
16.625 79.875 112.78
16.625 80.125 123.47
16.625 80.375 148.85
16.625 80.625 145.82
16.625 80.875 127.25
16.625 81.125 109.52
16.625 81.375 112.02
16.625 81.625 98.963
16.625 81.875 93.01
16.625 82.125 106.71
16.875 73.375 681.91
16.875 73.625 593.38
16.875 73.875 508.53
16.875 74.125 404.89
16.875 74.375 284.74
16.875 74.625 202.24
16.875 74.875 178.83
16.875 75.125 161.89
16.875 75.375 161.15
16.875 75.625 157.16
16.875 75.875 136.09
16.875 76.125 134.77
16.875 76.375 138.92
16.875 76.625 123.36
16.875 76.875 112.44
16.875 77.125 117.68
16.875 77.375 130.33
16.875 77.625 143.55
16.875 77.875 161.28
16.875 78.125 169.1
16.875 78.375 169.89
16.875 78.625 163.29
16.875 78.875 147.25
16.875 79.125 127.15
16.875 79.375 122.04
16.875 79.625 120.27
16.875 79.875 158.64
16.875 80.125 145.7
16.875 80.375 151.36
16.875 80.625 163.45
16.875 80.875 159
16.875 81.125 130.81
16.875 81.375 145.54
16.875 81.625 120.05
16.875 81.875 116.62
16.875 82.125 112.14
17.125 73.375 678.35
17.125 73.625 593.98
17.125 73.875 497.55
17.125 74.125 393.11
17.125 74.375 281.38
17.125 74.625 208.78
17.125 74.875 180.81
17.125 75.125 160.96
17.125 75.375 160.7
17.125 75.625 155.75
17.125 75.875 134.47
17.125 76.125 117.52
17.125 76.375 124.52
17.125 76.625 117.93
17.125 76.875 117.63
17.125 77.125 121.08
17.125 77.375 133.23
17.125 77.625 147.12
17.125 77.875 166.09
17.125 78.125 169.67
17.125 78.375 171.5
17.125 78.625 160.58
17.125 78.875 140.24
17.125 79.125 127.66
17.125 79.375 136.36
17.125 79.625 138.51
17.125 79.875 144.32
17.125 80.125 191.45
17.125 80.375 167.72
17.125 80.625 175.17
17.125 80.875 191.16
17.125 81.125 170.53
17.125 81.375 176.48
17.125 81.625 152.74
17.125 81.875 135.18
17.125 82.125 124.69
17.125 82.375 120.33
17.375 73.375 661.98
17.375 73.625 583.29
17.375 73.875 490.01
17.375 74.125 392.6
17.375 74.375 288.87
17.375 74.625 216
17.375 74.875 174.67
17.375 75.125 146.19
17.375 75.375 136.88
17.375 75.625 134.38
17.375 75.875 113.82
17.375 76.125 110.7
17.375 76.375 115.6
17.375 76.625 129.57
17.375 76.875 117.44
17.375 77.125 127.01
17.375 77.375 135.18
17.375 77.625 136.47
17.375 77.875 147.37
17.375 78.125 150.39
17.375 78.375 151.39
17.375 78.625 147.94
17.375 78.875 142.72
17.375 79.125 143.35
17.375 79.375 151.59
17.375 79.625 156.12
17.375 79.875 173.67
17.375 80.125 182.1
17.375 80.375 206.85
17.375 80.625 183.62
17.375 80.875 159.05
17.375 81.125 173
17.375 81.375 208.58
17.375 81.625 202.59
17.375 81.875 183.79
17.375 82.125 166.64
17.375 82.375 137.07
NaN NaN NaN
17.625 73.375 640.89
17.625 73.625 567.41
17.625 73.875 471.61
17.625 74.125 375.98
17.625 74.375 279.03
17.625 74.625 208.8
17.625 74.875 165.34
17.625 75.125 135.43
17.625 75.375 120.98
17.625 75.625 124.16
17.625 75.875 114.68
17.625 76.125 111.12
17.625 76.375 120.22
17.625 76.625 162.41
17.625 76.875 126.98
17.625 77.125 132.27
17.625 77.375 138.93
17.625 77.625 143.81
17.625 77.875 130.58
17.625 78.125 132.64
17.625 78.375 141.39
17.625 78.625 143.96
17.625 78.875 140.35
17.625 79.125 145.67
17.625 79.375 156.95
17.625 79.625 164.59
17.625 79.875 177.44
17.625 80.125 198.32
17.625 80.375 208.34
17.625 80.625 187.62
17.625 80.875 170.53
17.625 81.125 185.59
17.625 81.375 209.33
17.625 81.625 215.97
17.625 81.875 229.17
17.625 82.125 226.97
17.625 82.375 202.45
17.625 82.625 165.33
17.625 82.875 140.92
17.625 83.125 126.47
17.875 73.375 614.86
17.875 73.625 546.33
17.875 73.875 442.63
17.875 74.125 344.66
17.875 74.375 253.89
17.875 74.625 189.28
17.875 74.875 159.84
17.875 75.125 130.88
17.875 75.375 115.6
17.875 75.625 112.53
17.875 75.875 114.46
17.875 76.125 118.18
17.875 76.375 130.73
17.875 76.625 148.33
17.875 76.875 148.89
17.875 77.125 150.26
17.875 77.375 153.47
17.875 77.625 155.83
17.875 77.875 129.27
17.875 78.125 126.2
17.875 78.375 141.52
17.875 78.625 148.23
17.875 78.875 146.61
17.875 79.125 148.36
17.875 79.375 154.29
17.875 79.625 164.46
17.875 79.875 178.78
17.875 80.125 204.83
17.875 80.375 218.06
17.875 80.625 199.97
17.875 80.875 179.84
17.875 81.125 176.67
17.875 81.375 190.83
17.875 81.625 205.85
17.875 81.875 261.49
17.875 82.125 294.01
17.875 82.375 304.3
17.875 82.625 259.47
17.875 82.875 172.78
17.875 83.125 131.96
17.875 83.375 105
NaN NaN NaN
18.125 73.375 590.44
18.125 73.625 521.93
18.125 73.875 406.47
18.125 74.125 309.67
18.125 74.375 227.49
18.125 74.625 175.51
18.125 74.875 168.53
18.125 75.125 141.36
18.125 75.375 130.33
18.125 75.625 121.9
18.125 75.875 120.16
18.125 76.125 125.21
18.125 76.375 129.58
18.125 76.625 134.83
18.125 76.875 146.75
18.125 77.125 146.97
18.125 77.375 148.04
18.125 77.625 144.59
18.125 77.875 127.02
18.125 78.125 126.45
18.125 78.375 138.8
18.125 78.625 149.62
18.125 78.875 147.59
18.125 79.125 145.68
18.125 79.375 152.53
18.125 79.625 164.93
18.125 79.875 181.13
18.125 80.125 195.16
18.125 80.375 214.03
18.125 80.625 210.49
18.125 80.875 208.69
18.125 81.125 199.33
18.125 81.375 202.04
18.125 81.625 205.89
18.125 81.875 244.7
18.125 82.125 297.18
18.125 82.375 334.42
18.125 82.625 306.42
18.125 82.875 220.06
18.125 83.125 151.26
18.125 83.375 103.51
18.125 83.625 79.343
18.375 73.125 588.73
18.375 73.375 570.19
18.375 73.625 494.23
18.375 73.875 363.12
18.375 74.125 265.24
18.375 74.375 198.45
18.375 74.625 152.82
18.375 74.875 138.1
18.375 75.125 140.36
18.375 75.375 156.26
18.375 75.625 131.98
18.375 75.875 126.39
18.375 76.125 130.17
18.375 76.375 129.9
18.375 76.625 127.65
18.375 76.875 131.85
18.375 77.125 128.93
18.375 77.375 121.3
18.375 77.625 120.54
18.375 77.875 127.59
18.375 78.125 131.02
18.375 78.375 133.33
18.375 78.625 135.29
18.375 78.875 131.9
18.375 79.125 140.22
18.375 79.375 151.75
18.375 79.625 165
18.375 79.875 175.13
18.375 80.125 185.45
18.375 80.375 194.82
18.375 80.625 212.83
18.375 80.875 248.97
18.375 81.125 272.01
18.375 81.375 246.66
18.375 81.625 204.79
18.375 81.875 191.2
18.375 82.125 229.34
18.375 82.375 288.96
18.375 82.625 292.56
18.375 82.875 261.53
18.375 83.125 198.33
18.375 83.375 122.91
18.375 83.625 83.885
18.375 83.875 93.452
18.625 73.125 571.75
18.625 73.375 535.15
18.625 73.625 459.45
18.625 73.875 331.28
18.625 74.125 239.61
18.625 74.375 185.13
18.625 74.625 152.75
18.625 74.875 140.86
18.625 75.125 132.89
18.625 75.375 131.78
18.625 75.625 127.19
18.625 75.875 126.93
18.625 76.125 122.14
18.625 76.375 117.38
18.625 76.625 127.77
18.625 76.875 114.92
18.625 77.125 112.46
18.625 77.375 105.49
18.625 77.625 110.95
18.625 77.875 122.04
18.625 78.125 128.21
18.625 78.375 126.38
18.625 78.625 125.72
18.625 78.875 128.22
18.625 79.125 139.74
18.625 79.375 151.83
18.625 79.625 164.09
18.625 79.875 175.97
18.625 80.125 185.49
18.625 80.375 190.17
18.625 80.625 215.29
18.625 80.875 266.28
18.625 81.125 289.94
18.625 81.375 268.21
18.625 81.625 246.91
18.625 81.875 193.68
18.625 82.125 216.88
18.625 82.375 254.51
18.625 82.625 269.61
18.625 82.875 260.21
18.625 83.125 213.67
18.625 83.375 135.52
18.625 83.625 111.41
18.625 83.875 111.3
18.625 84.125 118.05
18.875 73.125 514.9
18.875 73.375 486.05
18.875 73.625 417.65
18.875 73.875 310.93
18.875 74.125 235.8
18.875 74.375 192.17
18.875 74.625 178.68
18.875 74.875 164.26
18.875 75.125 148.8
18.875 75.375 134.14
18.875 75.625 124.06
18.875 75.875 114.51
18.875 76.125 105.61
18.875 76.375 101.15
18.875 76.625 92.154
18.875 76.875 97.69
18.875 77.125 115.05
18.875 77.375 99.027
18.875 77.625 106.28
18.875 77.875 116.34
18.875 78.125 116.47
18.875 78.375 118.16
18.875 78.625 122.64
18.875 78.875 131.94
18.875 79.125 147.65
18.875 79.375 155.59
18.875 79.625 164.77
18.875 79.875 174.38
18.875 80.125 180.41
18.875 80.375 186.57
18.875 80.625 209.62
18.875 80.875 237.11
18.875 81.125 254.84
18.875 81.375 299.19
18.875 81.625 278.69
18.875 81.875 279.81
18.875 82.125 235.7
18.875 82.375 228.52
18.875 82.625 250.08
18.875 82.875 246.57
18.875 83.125 221.6
18.875 83.375 160.07
18.875 83.625 176.22
18.875 83.875 190.47
18.875 84.125 167.69
18.875 84.375 139.84
19.125 73.125 478.97
19.125 73.375 438.14
19.125 73.625 373.85
19.125 73.875 287.45
19.125 74.125 224.08
19.125 74.375 186.42
19.125 74.625 167.69
19.125 74.875 153.81
19.125 75.125 140.71
19.125 75.375 127.4
19.125 75.625 116.06
19.125 75.875 104.43
19.125 76.125 101.3
19.125 76.375 95.575
19.125 76.625 90.965
19.125 76.875 99.649
19.125 77.125 123.32
19.125 77.375 100.67
19.125 77.625 108.74
19.125 77.875 115.85
19.125 78.125 120.2
19.125 78.375 128.6
19.125 78.625 133.23
19.125 78.875 137.07
19.125 79.125 153.55
19.125 79.375 164.32
19.125 79.625 166.71
19.125 79.875 169.46
19.125 80.125 171.05
19.125 80.375 174.35
19.125 80.625 193.89
19.125 80.875 221.33
19.125 81.125 244.59
19.125 81.375 267.93
19.125 81.625 276.28
19.125 81.875 235.12
19.125 82.125 232.59
19.125 82.375 185.46
19.125 82.625 229.68
19.125 82.875 248.95
19.125 83.125 224.54
19.125 83.375 163.37
19.125 83.625 154.88
19.125 83.875 200.19
19.125 84.125 194.49
19.125 84.375 136.59
19.125 84.625 126.63
19.375 72.875 514.58
19.375 73.125 442.08
19.375 73.375 399.35
19.375 73.625 332.55
19.375 73.875 260.79
19.375 74.125 202.41
19.375 74.375 157.87
19.375 74.625 125.55
19.375 74.875 116.65
19.375 75.125 114.31
19.375 75.375 108.7
19.375 75.625 102.37
19.375 75.875 95.628
19.375 76.125 96.146
19.375 76.375 91.281
19.375 76.625 95.49
19.375 76.875 102.51
19.375 77.125 114.95
19.375 77.375 110.51
19.375 77.625 119.27
19.375 77.875 128.03
19.375 78.125 136.75
19.375 78.375 143.79
19.375 78.625 145.11
19.375 78.875 141.32
19.375 79.125 148.33
19.375 79.375 156.66
19.375 79.625 152.18
19.375 79.875 154.72
19.375 80.125 158.93
19.375 80.375 160.54
19.375 80.625 182.18
19.375 80.875 223.22
19.375 81.125 241.51
19.375 81.375 224.23
19.375 81.625 214.16
19.375 81.875 210.12
19.375 82.125 195.97
19.375 82.375 177.94
19.375 82.625 193.1
19.375 82.875 233.8
19.375 83.125 214.74
19.375 83.375 157.19
19.375 83.625 147.22
19.375 83.875 191.21
19.375 84.125 189.73
19.375 84.375 146.47
19.375 84.625 119.69
19.375 84.875 113.09
19.625 72.875 489.22
19.625 73.125 427.44
19.625 73.375 385.87
19.625 73.625 312.26
19.625 73.875 242.46
19.625 74.125 183.39
19.625 74.375 142.54
19.625 74.625 116.42
19.625 74.875 111.45
19.625 75.125 108.72
19.625 75.375 108.14
19.625 75.625 104.36
19.625 75.875 97.005
19.625 76.125 94.398
19.625 76.375 98.213
19.625 76.625 105.62
19.625 76.875 109.2
19.625 77.125 114.82
19.625 77.375 122.65
19.625 77.625 125.1
19.625 77.875 129.13
19.625 78.125 135.89
19.625 78.375 136.74
19.625 78.625 147.43
19.625 78.875 137.85
19.625 79.125 135.8
19.625 79.375 131.76
19.625 79.625 134.77
19.625 79.875 143.41
19.625 80.125 148.71
19.625 80.375 151.38
19.625 80.625 169.76
19.625 80.875 203.81
19.625 81.125 212.77
19.625 81.375 193.56
19.625 81.625 180.94
19.625 81.875 185.92
19.625 82.125 178.66
19.625 82.375 181.06
19.625 82.625 174.16
19.625 82.875 212.79
19.625 83.125 183.21
19.625 83.375 175.79
19.625 83.625 170.82
19.625 83.875 194.05
19.625 84.125 209.53
19.625 84.375 165.94
19.625 84.625 124.72
19.625 84.875 119.59
19.625 85.125 97.774
19.625 85.375 126.17
19.875 72.875 463.9
19.875 73.125 419.01
19.875 73.375 386.84
19.875 73.625 346.97
19.875 73.875 233.68
19.875 74.125 170.62
19.875 74.375 135.63
19.875 74.625 123.09
19.875 74.875 126.25
19.875 75.125 128.55
19.875 75.375 129.02
19.875 75.625 122.07
19.875 75.875 109.43
19.875 76.125 102.77
19.875 76.375 105.74
19.875 76.625 111.01
19.875 76.875 121.17
19.875 77.125 124.92
19.875 77.375 130.32
19.875 77.625 126.64
19.875 77.875 120.42
19.875 78.125 112.48
19.875 78.375 105.72
19.875 78.625 105.4
19.875 78.875 109.01
19.875 79.125 113.21
19.875 79.375 112.7
19.875 79.625 123.58
19.875 79.875 134.61
19.875 80.125 139.26
19.875 80.375 145.97
19.875 80.625 154.85
19.875 80.875 166.18
19.875 81.125 173.15
19.875 81.375 163.54
19.875 81.625 160.7
19.875 81.875 161.76
19.875 82.125 159.75
19.875 82.375 155.75
19.875 82.625 152.38
19.875 82.875 171.25
19.875 83.125 167.77
19.875 83.375 168.98
19.875 83.625 187.81
19.875 83.875 225.85
19.875 84.125 251.25
19.875 84.375 194.18
19.875 84.625 128.97
19.875 84.875 106.41
19.875 85.125 100.43
19.875 85.375 107.19
NaN NaN NaN
NaN NaN NaN
NaN NaN NaN
20.125 72.875 429.02
20.125 73.125 399.87
20.125 73.375 393.67
20.125 73.625 321.55
20.125 73.875 235.02
20.125 74.125 180.04
20.125 74.375 131.06
20.125 74.625 121.07
20.125 74.875 129.7
20.125 75.125 131.47
20.125 75.375 132.01
20.125 75.625 126.96
20.125 75.875 113.78
20.125 76.125 107.75
20.125 76.375 109.03
20.125 76.625 113.94
20.125 76.875 121.03
20.125 77.125 122.19
20.125 77.375 127.65
20.125 77.625 124.59
20.125 77.875 115.03
20.125 78.125 103.26
20.125 78.375 94.733
20.125 78.625 94.92
20.125 78.875 95.245
20.125 79.125 96.417
20.125 79.375 101.7
20.125 79.625 119.87
20.125 79.875 121.93
20.125 80.125 129.63
20.125 80.375 138.92
20.125 80.625 142.61
20.125 80.875 140.88
20.125 81.125 140.32
20.125 81.375 141.35
20.125 81.625 141.65
20.125 81.875 143.23
20.125 82.125 147.21
20.125 82.375 127.41
20.125 82.625 140.03
20.125 82.875 144.83
20.125 83.125 141.95
20.125 83.375 148.39
20.125 83.625 173.08
20.125 83.875 248.46
20.125 84.125 246.69
20.125 84.375 151.39
20.125 84.625 117.22
20.125 84.875 109.72
20.125 85.125 99.006
20.125 85.375 114.79
20.125 85.625 110.79
20.125 85.875 106.28
20.125 86.125 106.36
NaN NaN NaN
20.375 73.125 359.55
20.375 73.375 330.53
20.375 73.625 297.16
20.375 73.875 241.37
20.375 74.125 192.85
20.375 74.375 143.48
20.375 74.625 129.87
20.375 74.875 126.05
20.375 75.125 122.46
20.375 75.375 126.13
20.375 75.625 122.07
20.375 75.875 114.01
20.375 76.125 109.81
20.375 76.375 107.75
20.375 76.625 108.26
20.375 76.875 112.76
20.375 77.125 115.12
20.375 77.375 119.64
20.375 77.625 117.17
20.375 77.875 111.6
20.375 78.125 101.25
20.375 78.375 95.273
20.375 78.625 94.314
20.375 78.875 95.036
20.375 79.125 96.912
20.375 79.375 103.4
20.375 79.625 107.64
20.375 79.875 112.78
20.375 80.125 121.76
20.375 80.375 130.55
20.375 80.625 133.51
20.375 80.875 129.19
20.375 81.125 123.96
20.375 81.375 118.96
20.375 81.625 132.63
20.375 81.875 137.3
20.375 82.125 140.31
20.375 82.375 148.91
20.375 82.625 150.2
20.375 82.875 143.92
20.375 83.125 135.37
20.375 83.375 154.66
20.375 83.625 162.75
20.375 83.875 178.06
20.375 84.125 198.33
20.375 84.375 138.2
20.375 84.625 118.19
20.375 84.875 107.24
20.375 85.125 106.38
20.375 85.375 116.81
20.375 85.625 136.72
20.375 85.875 142.61
20.375 86.125 136.03
20.375 86.375 162.73
NaN NaN NaN
20.625 73.125 326.02
20.625 73.375 294.99
20.625 73.625 264.18
20.625 73.875 233.08
20.625 74.125 193.61
20.625 74.375 144.46
20.625 74.625 113.58
20.625 74.875 101.14
20.625 75.125 106.52
20.625 75.375 107.88
20.625 75.625 106.74
20.625 75.875 106.6
20.625 76.125 105.68
20.625 76.375 104.73
20.625 76.625 107.33
20.625 76.875 111.41
20.625 77.125 112.05
20.625 77.375 117.29
20.625 77.625 115.45
20.625 77.875 100.48
20.625 78.125 100.22
20.625 78.375 95.03
20.625 78.625 95.141
20.625 78.875 98.4
20.625 79.125 98.91
20.625 79.375 99.723
20.625 79.625 102.64
20.625 79.875 104.86
20.625 80.125 114.41
20.625 80.375 121.44
20.625 80.625 124.04
20.625 80.875 118.98
20.625 81.125 113.12
20.625 81.375 110.82
20.625 81.625 119.85
20.625 81.875 121.3
20.625 82.125 143.51
20.625 82.375 173.07
20.625 82.625 163.12
20.625 82.875 149.6
20.625 83.125 152.41
20.625 83.375 154.78
20.625 83.625 154.46
20.625 83.875 139.01
20.625 84.125 190.86
20.625 84.375 143.03
20.625 84.625 133.23
20.625 84.875 117.47
20.625 85.125 99.607
20.625 85.375 100.49
20.625 85.625 120.03
20.625 85.875 159.95
20.625 86.125 139.64
20.625 86.375 144.56
20.625 86.625 163.67
NaN NaN NaN
20.875 70.625 170.13
20.875 70.875 158.01
20.875 71.125 152.83
20.875 71.375 155.24
20.875 72.875 308.22
20.875 73.125 289.97
20.875 73.375 246.31
20.875 73.625 223.93
20.875 73.875 208.38
20.875 74.125 180
20.875 74.375 137.02
20.875 74.625 105.09
20.875 74.875 84.205
20.875 75.125 76.929
20.875 75.375 83.363
20.875 75.625 88.106
20.875 75.875 91.56
20.875 76.125 96.391
20.875 76.375 101.26
20.875 76.625 116.02
20.875 76.875 123.08
20.875 77.125 116.42
20.875 77.375 109.27
20.875 77.625 106.45
20.875 77.875 96.783
20.875 78.125 95.625
20.875 78.375 97.259
20.875 78.625 101.29
20.875 78.875 103.42
20.875 79.125 100.99
20.875 79.375 98.052
20.875 79.625 95.17
20.875 79.875 95.134
20.875 80.125 101.93
20.875 80.375 113.06
20.875 80.625 116.16
20.875 80.875 109.61
20.875 81.125 105.24
20.875 81.375 105.57
20.875 81.625 109.97
20.875 81.875 123.34
20.875 82.125 136.42
20.875 82.375 196.76
20.875 82.625 165.52
20.875 82.875 166.88
20.875 83.125 158.07
20.875 83.375 144.37
20.875 83.625 138.45
20.875 83.875 125.7
20.875 84.125 133.02
20.875 84.375 118.79
20.875 84.625 132.8
20.875 84.875 104.26
20.875 85.125 91.955
20.875 85.375 96.477
20.875 85.625 150.44
20.875 85.875 130.16
20.875 86.125 158.73
20.875 86.375 156.26
20.875 86.625 145.12
21.125 70.375 150.51
21.125 70.625 143.38
21.125 70.875 136.18
21.125 71.125 132.04
21.125 71.375 130.96
NaN NaN NaN
NaN NaN NaN
21.125 72.875 250.28
21.125 73.125 230.83
21.125 73.375 203.05
21.125 73.625 186.34
21.125 73.875 179.21
21.125 74.125 159.19
21.125 74.375 127.56
21.125 74.625 103.41
21.125 74.875 86.717
21.125 75.125 80.193
21.125 75.375 91.609
21.125 75.625 98.316
21.125 75.875 110.48
21.125 76.125 123.33
21.125 76.375 114.04
21.125 76.625 125.32
21.125 76.875 129.94
21.125 77.125 118.56
21.125 77.375 111.1
21.125 77.625 103.59
21.125 77.875 92.752
21.125 78.125 94.145
21.125 78.375 97.487
21.125 78.625 99.735
21.125 78.875 98.249
21.125 79.125 96.307
21.125 79.375 93.734
21.125 79.625 87.425
21.125 79.875 85.106
21.125 80.125 91.612
21.125 80.375 105.21
21.125 80.625 109.44
21.125 80.875 103.41
21.125 81.125 100.85
21.125 81.375 99.99
21.125 81.625 107.5
21.125 81.875 119.07
21.125 82.125 140.61
21.125 82.375 150.63
21.125 82.625 159
21.125 82.875 140.97
21.125 83.125 132.39
21.125 83.375 123.47
21.125 83.625 135.78
21.125 83.875 120.84
21.125 84.125 89.672
21.125 84.375 103.7
21.125 84.625 147.87
21.125 84.875 124.38
21.125 85.125 111.56
21.125 85.375 107.87
21.125 85.625 88.18
21.125 85.875 97.56
21.125 86.125 113.12
21.125 86.375 107.73
21.125 86.625 108.5
21.375 70.125 127.39
21.375 70.375 122.85
21.375 70.625 121.23
21.375 70.875 120.31
21.375 71.125 118.67
21.375 71.375 116.32
21.375 71.625 123.95
21.375 71.875 142.11
21.375 72.875 211.88
21.375 73.125 225.93
21.375 73.375 200.09
21.375 73.625 157.08
21.375 73.875 146.56
21.375 74.125 131.2
21.375 74.375 112.35
21.375 74.625 103.3
21.375 74.875 102.84
21.375 75.125 107.8
21.375 75.375 127.5
21.375 75.625 136.72
21.375 75.875 139.06
21.375 76.125 161.56
21.375 76.375 140.86
21.375 76.625 138.62
21.375 76.875 138.9
21.375 77.125 143.7
21.375 77.375 155.96
21.375 77.625 130.2
21.375 77.875 101.11
21.375 78.125 97.762
21.375 78.375 88.41
21.375 78.625 83.617
21.375 78.875 83.339
21.375 79.125 80.751
21.375 79.375 82.905
21.375 79.625 78.148
21.375 79.875 74.629
21.375 80.125 81.517
21.375 80.375 98.228
21.375 80.625 105.89
21.375 80.875 100.52
21.375 81.125 96.952
21.375 81.375 95.686
21.375 81.625 99.004
21.375 81.875 107.43
21.375 82.125 118.55
21.375 82.375 118.87
21.375 82.625 112.4
21.375 82.875 103.53
21.375 83.125 118.42
21.375 83.375 134.58
21.375 83.625 134.77
21.375 83.875 123.13
21.375 84.125 114.03
21.375 84.375 94.447
21.375 84.625 95.621
21.375 84.875 107.15
21.375 85.125 110.72
21.375 85.375 108.58
21.375 85.625 91.737
21.375 85.875 104.81
21.375 86.125 119.99
21.375 86.375 105.03
21.375 86.625 110.71
21.375 86.875 115.5
21.625 69.875 107.18
21.625 70.125 101.68
21.625 70.375 101.99
21.625 70.625 102.94
21.625 70.875 104.5
21.625 71.125 104.1
21.625 71.375 101.75
21.625 71.625 105.14
21.625 71.875 116.69
21.625 72.125 144.87
21.625 72.875 177.06
21.625 73.125 161.56
21.625 73.375 148.4
21.625 73.625 136.78
21.625 73.875 129.8
21.625 74.125 120.2
21.625 74.375 112.03
21.625 74.625 104.72
21.625 74.875 101.26
21.625 75.125 113
21.625 75.375 132.22
21.625 75.625 139.51
21.625 75.875 134.89
21.625 76.125 132.74
21.625 76.375 126.9
21.625 76.625 129.98
21.625 76.875 137.42
21.625 77.125 152.3
21.625 77.375 168.22
21.625 77.625 136.4
21.625 77.875 103.08
21.625 78.125 92.84
21.625 78.375 87.285
21.625 78.625 80.465
21.625 78.875 78.017
21.625 79.125 77.747
21.625 79.375 83.061
21.625 79.625 77.769
21.625 79.875 73.5
21.625 80.125 78.705
21.625 80.375 98.283
21.625 80.625 102.74
21.625 80.875 97.151
21.625 81.125 91.912
21.625 81.375 86.902
21.625 81.625 88.77
21.625 81.875 97.25
21.625 82.125 104.33
21.625 82.375 107.31
21.625 82.625 104.3
21.625 82.875 92.361
21.625 83.125 87.457
21.625 83.375 122.92
21.625 83.625 109.64
21.625 83.875 82.28
21.625 84.125 105.96
21.625 84.375 135.74
21.625 84.625 120.94
21.625 84.875 125.52
21.625 85.125 123.97
21.625 85.375 141.72
21.625 85.625 157.33
21.625 85.875 119.05
21.625 86.125 103.75
21.625 86.375 100.11
21.625 86.625 98.291
21.625 86.875 92.345
21.625 87.125 93.367
NaN NaN NaN
NaN NaN NaN
21.875 69.625 99.746
21.875 69.875 97.061
21.875 70.125 93.886
21.875 70.375 90.218
21.875 70.625 88.499
21.875 70.875 88.726
21.875 71.125 88.313
21.875 71.375 87.332
21.875 71.625 89.502
21.875 71.875 102.54
21.875 72.125 122.43
NaN NaN NaN
21.875 72.875 142.46
21.875 73.125 132.36
21.875 73.375 128.35
21.875 73.625 126.01
21.875 73.875 129.27
21.875 74.125 127.91
21.875 74.375 125.59
21.875 74.625 119.12
21.875 74.875 101.07
21.875 75.125 99.281
21.875 75.375 104.59
21.875 75.625 107.08
21.875 75.875 106.71
21.875 76.125 109.9
21.875 76.375 109.35
21.875 76.625 113.13
21.875 76.875 121.47
21.875 77.125 130.04
21.875 77.375 144.62
21.875 77.625 117.02
21.875 77.875 105.28
21.875 78.125 97.717
21.875 78.375 97.775
21.875 78.625 89.551
21.875 78.875 84.926
21.875 79.125 85.409
21.875 79.375 85.968
21.875 79.625 85.749
21.875 79.875 80.476
21.875 80.125 86.729
21.875 80.375 104.74
21.875 80.625 107.01
21.875 80.875 95.674
21.875 81.125 92.578
21.875 81.375 91.72
21.875 81.625 85.353
21.875 81.875 81.68
21.875 82.125 91.441
21.875 82.375 89.483
21.875 82.625 80.058
21.875 82.875 78.434
21.875 83.125 72.045
21.875 83.375 78.273
21.875 83.625 92.935
21.875 83.875 90.925
21.875 84.125 83.979
21.875 84.375 111.14
21.875 84.625 109.19
21.875 84.875 152.87
21.875 85.125 159.83
21.875 85.375 131.91
21.875 85.625 124.84
21.875 85.875 102.22
21.875 86.125 95.897
21.875 86.375 86.126
21.875 86.625 73.794
21.875 86.875 72.798
21.875 87.125 66.802
21.875 87.375 53.132
21.875 87.625 89.889
21.875 87.875 92.37
21.875 88.375 109.56
NaN NaN NaN
NaN NaN NaN
22.125 69.125 94.865
22.125 69.375 92.685
22.125 69.625 91.128
22.125 69.875 90.145
22.125 70.125 86.293
22.125 70.375 79.574
22.125 70.625 76.277
22.125 70.875 76.403
22.125 71.125 76.445
22.125 71.375 85.896
22.125 71.625 125.47
22.125 71.875 117.2
22.125 72.125 111.99
NaN NaN NaN
22.125 72.875 118.14
22.125 73.125 114.6
22.125 73.375 115.38
22.125 73.625 117.41
22.125 73.875 129.87
22.125 74.125 141.33
22.125 74.375 122.49
22.125 74.625 111.4
22.125 74.875 97.557
22.125 75.125 91.845
22.125 75.375 91.016
22.125 75.625 91.091
22.125 75.875 92.609
22.125 76.125 101.08
22.125 76.375 97.052
22.125 76.625 109.16
22.125 76.875 115.65
22.125 77.125 110.2
22.125 77.375 106.1
22.125 77.625 95.986
22.125 77.875 94.647
22.125 78.125 97.258
22.125 78.375 103.46
22.125 78.625 100.94
22.125 78.875 94.323
22.125 79.125 95.695
22.125 79.375 92.484
22.125 79.625 86.509
22.125 79.875 82.522
22.125 80.125 88.426
22.125 80.375 106.66
22.125 80.625 107.14
22.125 80.875 93.794
22.125 81.125 83.847
22.125 81.375 74.203
22.125 81.625 75.619
22.125 81.875 73.517
22.125 82.125 76.282
22.125 82.375 86.464
22.125 82.625 70.131
22.125 82.875 67.073
22.125 83.125 76.112
22.125 83.375 82.984
22.125 83.625 66.97
22.125 83.875 59.663
22.125 84.125 76.403
22.125 84.375 89.736
22.125 84.625 89.779
22.125 84.875 133.78
22.125 85.125 143.35
22.125 85.375 110.8
22.125 85.625 117.2
22.125 85.875 111.13
22.125 86.125 94.71
22.125 86.375 104.35
22.125 86.625 68.861
22.125 86.875 62.12
22.125 87.125 64.488
22.125 87.375 49.816
22.125 87.625 54.703
22.125 87.875 64.976
22.125 88.125 95.284
22.125 88.375 92.639
NaN NaN NaN
22.375 69.125 91.238
22.375 69.875 86.433
22.375 70.125 78.816
22.375 70.375 70.04
22.375 70.625 66.276
22.375 70.875 69.56
22.375 71.125 71.341
22.375 71.375 95.745
22.375 71.625 103.22
22.375 71.875 125.81
22.375 72.125 86.415
NaN NaN NaN
22.375 72.875 100.38
22.375 73.125 99.633
22.375 73.375 107.68
22.375 73.625 122.67
22.375 73.875 118.7
22.375 74.125 121.04
22.375 74.375 118.7
22.375 74.625 104.41
22.375 74.875 95.945
22.375 75.125 103.41
22.375 75.375 106.9
22.375 75.625 99.839
22.375 75.875 92.736
22.375 76.125 88.326
22.375 76.375 91.952
22.375 76.625 118.92
22.375 76.875 100.31
22.375 77.125 90.88
22.375 77.375 74.14
22.375 77.625 72.885
22.375 77.875 73.994
22.375 78.125 82.024
22.375 78.375 93.165
22.375 78.625 95.376
22.375 78.875 95.759
22.375 79.125 98.221
22.375 79.375 91.861
22.375 79.625 83.394
22.375 79.875 79.766
22.375 80.125 82.31
22.375 80.375 99.488
22.375 80.625 94.316
22.375 80.875 90.979
22.375 81.125 96.997
22.375 81.375 104.74
22.375 81.625 85.592
22.375 81.875 64.314
22.375 82.125 84.824
22.375 82.375 82.348
22.375 82.625 62.273
22.375 82.875 59.599
22.375 83.125 65.688
22.375 83.375 71.316
22.375 83.625 59.445
22.375 83.875 58.976
22.375 84.125 71.5
22.375 84.375 71.448
22.375 84.625 64.899
22.375 84.875 79.155
22.375 85.125 82.585
22.375 85.375 72.027
22.375 85.625 76.917
22.375 85.875 64.926
22.375 86.125 57.229
22.375 86.375 90.537
22.375 86.625 67.868
22.375 86.875 75.94
22.375 87.125 67.354
22.375 87.375 45.857
22.375 87.625 43.316
22.375 87.875 68.473
22.375 88.125 78.465
22.375 88.375 88.383
22.375 88.625 89.355
22.375 88.875 91.827
NaN NaN NaN
22.625 70.375 59.496
22.625 70.625 57.72
22.625 70.875 60.148
22.625 71.125 63.525
22.625 71.375 79.072
22.625 71.625 93.279
22.625 71.875 81.049
22.625 72.125 70.816
22.625 72.375 97.505
22.625 72.625 101.75
22.625 72.875 98.077
22.625 73.125 83.709
22.625 73.375 106.36
22.625 73.625 103.07
22.625 73.875 98.938
22.625 74.125 104.35
22.625 74.375 116.61
22.625 74.625 103.31
22.625 74.875 93.699
22.625 75.125 101.33
22.625 75.375 104.37
22.625 75.625 100.27
22.625 75.875 87.929
22.625 76.125 81.142
22.625 76.375 86.804
22.625 76.625 102.87
22.625 76.875 88.864
22.625 77.125 77.009
22.625 77.375 63.949
22.625 77.625 62.69
22.625 77.875 62.11
22.625 78.125 66.762
22.625 78.375 74.026
22.625 78.625 81.799
22.625 78.875 86.163
22.625 79.125 87.157
22.625 79.375 81.642
22.625 79.625 78.277
22.625 79.875 74.988
22.625 80.125 75.131
22.625 80.375 78.516
22.625 80.625 82.399
22.625 80.875 85.265
22.625 81.125 93.399
22.625 81.375 86.592
22.625 81.625 125.6
22.625 81.875 81.133
22.625 82.125 75.43
22.625 82.375 54.632
22.625 82.625 53.286
22.625 82.875 66.414
22.625 83.125 61.721
22.625 83.375 78.519
22.625 83.625 73.332
22.625 83.875 56.318
22.625 84.125 66.427
22.625 84.375 63.147
22.625 84.625 49.542
22.625 84.875 53.158
22.625 85.125 61.107
22.625 85.375 67.919
22.625 85.625 59.855
22.625 85.875 48.144
22.625 86.125 52.57
22.625 86.375 96.327
22.625 86.625 108.77
22.625 86.875 94.794
22.625 87.125 63.272
22.625 87.375 52.934
22.625 87.625 50.454
22.625 87.875 50.715
22.625 88.125 73.892
22.625 88.375 88.828
22.625 88.625 89.883
22.625 88.875 93.274
22.625 92.625 301.29
22.625 92.875 335.42
NaN NaN NaN
NaN NaN NaN
NaN NaN NaN
22.875 70.625 46.571
22.875 70.875 49.277
22.875 71.125 57.427
22.875 71.375 73.921
22.875 71.625 86.279
22.875 71.875 69.796
22.875 72.125 65.815
22.875 72.375 68.802
22.875 72.625 71.313
22.875 72.875 73.86
22.875 73.125 85.95
22.875 73.375 93.406
22.875 73.625 92.489
22.875 73.875 87.333
22.875 74.125 96.635
22.875 74.375 99.372
22.875 74.625 97.492
22.875 74.875 84.266
22.875 75.125 81.209
22.875 75.375 80.883
22.875 75.625 81.85
22.875 75.875 80.724
22.875 76.125 77.069
22.875 76.375 77.657
22.875 76.625 82.228
22.875 76.875 69.898
22.875 77.125 63.92
22.875 77.375 62.452
22.875 77.625 61.755
22.875 77.875 58.253
22.875 78.125 57.053
22.875 78.375 58.228
22.875 78.625 60.973
22.875 78.875 64.792
22.875 79.125 65.891
22.875 79.375 67.112
22.875 79.625 68.378
22.875 79.875 69.828
22.875 80.125 71.477
22.875 80.375 73.427
22.875 80.625 77.132
22.875 80.875 81.654
22.875 81.125 81.098
22.875 81.375 77.398
22.875 81.625 68.954
22.875 81.875 50.064
22.875 82.125 48.162
22.875 82.375 52.998
22.875 82.625 53.265
22.875 82.875 74.299
22.875 83.125 66.761
22.875 83.375 80.415
22.875 83.625 84.344
22.875 83.875 68.076
22.875 84.125 62.843
22.875 84.375 60.491
22.875 84.625 59.225
22.875 84.875 56.439
22.875 85.125 48.237
22.875 85.375 61.275
22.875 85.625 58.717
22.875 85.875 73.878
22.875 86.125 74.868
22.875 86.375 78.152
22.875 86.625 89.596
22.875 86.875 85.586
22.875 87.125 67.58
22.875 87.375 62.084
22.875 87.625 67.852
22.875 87.875 71.554
22.875 88.125 101.46
22.875 88.375 96.009
22.875 88.625 89.822
22.875 92.625 288.01
22.875 92.875 299.89
23.125 68.875 72.363
23.125 69.125 71.627
23.125 69.375 68.155
23.125 69.625 60.371
23.125 69.875 48.274
23.125 70.125 40.854
23.125 70.875 43.3
23.125 71.125 47.545
23.125 71.375 65.802
23.125 71.625 69.658
23.125 71.875 62.45
23.125 72.125 66.099
23.125 72.375 71.747
23.125 72.625 67.604
23.125 72.875 77.448
23.125 73.125 76.468
23.125 73.375 78.403
23.125 73.625 89.32
23.125 73.875 81.756
23.125 74.125 80.178
23.125 74.375 85.328
23.125 74.625 73.717
23.125 74.875 69.272
23.125 75.125 64.64
23.125 75.375 71.012
23.125 75.625 72.547
23.125 75.875 71.791
23.125 76.125 75.607
23.125 76.375 80.786
23.125 76.625 82.384
23.125 76.875 65.577
23.125 77.125 60.868
23.125 77.375 60.269
23.125 77.625 60.662
23.125 77.875 58.576
23.125 78.125 60.423
23.125 78.375 60.037
23.125 78.625 65.366
23.125 78.875 61.788
23.125 79.125 57.744
23.125 79.375 60.059
23.125 79.625 61.593
23.125 79.875 65.471
23.125 80.125 67.41
23.125 80.375 67.904
23.125 80.625 69.702
23.125 80.875 71.375
23.125 81.125 71.157
23.125 81.375 65.153
23.125 81.625 53.959
23.125 81.875 44.411
23.125 82.125 40.126
23.125 82.375 51.276
23.125 82.625 64.017
23.125 82.875 74.1
23.125 83.125 61.157
23.125 83.375 72.029
23.125 83.625 72.595
23.125 83.875 72.222
23.125 84.125 62.664
23.125 84.375 57.942
23.125 84.625 66.287
23.125 84.875 83.872
23.125 85.125 66.414
23.125 85.375 51.686
23.125 85.625 74.018
23.125 85.875 89.988
23.125 86.125 85.954
23.125 86.375 77.984
23.125 86.625 79.984
23.125 86.875 70.496
23.125 87.125 67.617
23.125 87.375 84.132
23.125 87.625 62.718
23.125 87.875 57.397
23.125 88.125 64.561
23.125 88.375 81.673
23.125 88.625 84.949
NaN NaN NaN
23.125 92.625 260.82
23.125 92.875 263.25
NaN NaN NaN
23.375 68.875 53.267
23.375 69.125 52.647
23.375 69.375 49.724
23.375 69.625 44.37
23.375 69.875 36.586
23.375 70.125 32.298
23.375 70.375 31.508
23.375 70.625 32.606
23.375 70.875 35.62
23.375 71.125 41.824
23.375 71.375 56.764
23.375 71.625 52.314
23.375 71.875 47.202
23.375 72.125 48.021
23.375 72.375 65.241
23.375 72.625 51.5
23.375 72.875 72.14
23.375 73.125 79.903
23.375 73.375 70.902
23.375 73.625 59.464
23.375 73.875 55.204
23.375 74.125 92.675
23.375 74.375 80.711
23.375 74.625 61.273
23.375 74.875 59.746
23.375 75.125 49.104
23.375 75.375 74.54
23.375 75.625 57.487
23.375 75.875 59.521
23.375 76.125 66.737
23.375 76.375 65.122
23.375 76.625 62.592
23.375 76.875 52.61
23.375 77.125 50.085
23.375 77.375 53.096
23.375 77.625 57.107
23.375 77.875 62.115
23.375 78.125 71.733
23.375 78.375 74.884
23.375 78.625 75.292
23.375 78.875 64.824
23.375 79.125 61.582
23.375 79.375 76.792
23.375 79.625 65.58
23.375 79.875 67.13
23.375 80.125 64.35
23.375 80.375 61.688
23.375 80.625 63.034
23.375 80.875 57.045
23.375 81.125 51.008
23.375 81.375 45.971
23.375 81.625 40.565
23.375 81.875 43.146
23.375 82.125 50.4
23.375 82.375 53.329
23.375 82.625 56.383
23.375 82.875 50.866
23.375 83.125 53.839
23.375 83.375 61.125
23.375 83.625 64.905
23.375 83.875 63.338
23.375 84.125 59.657
23.375 84.375 53.891
23.375 84.625 51.964
23.375 84.875 83.276
23.375 85.125 53.303
23.375 85.375 66.464
23.375 85.625 56.943
23.375 85.875 53.882
23.375 86.125 75.973
23.375 86.375 88.084
23.375 86.625 75.189
23.375 86.875 64.004
23.375 87.125 57.563
23.375 87.375 56.404
23.375 87.625 53.006
23.375 87.875 48.845
23.375 88.125 57.05
23.375 88.375 68.013
23.375 88.625 76.278
23.375 91.375 164.62
23.375 91.625 175.03
23.375 92.625 247.5
23.375 92.875 230.47
23.375 93.125 194.53
23.625 68.625 34.538
23.625 68.875 35.627
23.625 69.125 35.224
23.625 69.375 33.329
23.625 69.625 30.3
23.625 69.875 26.134
23.625 70.125 24.238
23.625 70.375 24.935
23.625 70.625 26.803
23.625 70.875 30.754
23.625 71.125 35.942
23.625 71.375 53.742
23.625 71.625 44.973
23.625 71.875 49.097
23.625 72.125 40.51
23.625 72.375 40.678
23.625 72.625 48.11
23.625 72.875 62.974
23.625 73.125 69.823
23.625 73.375 53.352
23.625 73.625 49.917
23.625 73.875 52.576
23.625 74.125 69.605
23.625 74.375 62.355
23.625 74.625 54.4
23.625 74.875 53.495
23.625 75.125 40.973
23.625 75.375 37.872
23.625 75.625 36.213
23.625 75.875 55.974
23.625 76.125 66.906
23.625 76.375 54.403
23.625 76.625 46.954
23.625 76.875 42.537
23.625 77.125 44.057
23.625 77.375 46.214
23.625 77.625 47.595
23.625 77.875 58.226
23.625 78.125 61.987
23.625 78.375 72.237
23.625 78.625 69.968
23.625 78.875 59.645
23.625 79.125 61.302
23.625 79.375 55.658
23.625 79.625 55.924
23.625 79.875 63.488
23.625 80.125 59.241
23.625 80.375 55.246
23.625 80.625 63.322
23.625 80.875 55.326
23.625 81.125 42.612
23.625 81.375 40.182
23.625 81.625 45.238
23.625 81.875 50.045
23.625 82.125 49.145
23.625 82.375 54.15
23.625 82.625 58.659
23.625 82.875 53.751
23.625 83.125 45.036
23.625 83.375 48.584
23.625 83.625 52.759
23.625 83.875 55.157
23.625 84.125 52.655
23.625 84.375 49.116
23.625 84.625 50.651
23.625 84.875 68.914
23.625 85.125 71.284
23.625 85.375 59.076
23.625 85.625 56.163
23.625 85.875 79.716
23.625 86.125 39.667
23.625 86.375 89.195
23.625 86.625 86.574
23.625 86.875 71.538
23.625 87.125 88.055
23.625 87.375 67.718
23.625 87.625 49.22
23.625 87.875 39.131
23.625 88.125 50.011
23.625 88.375 53.897
23.625 91.375 152.99
23.625 91.625 162.5
NaN NaN NaN
23.625 92.375 232.27
23.625 92.625 239.01
23.625 92.875 213.07
23.625 93.125 190.3
23.875 68.875 19.441
23.875 69.125 19.357
23.875 69.375 18.972
23.875 69.625 18.159
23.875 69.875 16.918
23.875 70.125 16.884
23.875 70.375 18.575
23.875 70.625 21.282
23.875 70.875 27.233
23.875 71.125 31.539
23.875 71.375 39.242
23.875 71.625 47.862
23.875 71.875 33.17
23.875 72.125 31.395
23.875 72.375 33.669
23.875 72.625 40.09
23.875 72.875 54.358
23.875 73.125 54.408
23.875 73.375 54.254
23.875 73.625 43.593
23.875 73.875 50.612
23.875 74.125 50.888
23.875 74.375 58.019
23.875 74.625 63.176
23.875 74.875 50.535
23.875 75.125 48.047
23.875 75.375 36.916
23.875 75.625 40.096
23.875 75.875 49.022
23.875 76.125 63.507
23.875 76.375 43.291
23.875 76.625 45.579
23.875 76.875 47.297
23.875 77.125 37.354
23.875 77.375 36.526
23.875 77.625 36.452
23.875 77.875 37.536
23.875 78.125 41.557
23.875 78.375 57.814
23.875 78.625 62.513
23.875 78.875 48.933
23.875 79.125 44.954
23.875 79.375 46.36
23.875 79.625 48.464
23.875 79.875 52.282
23.875 80.125 53.913
23.875 80.375 49.981
23.875 80.625 52.341
23.875 80.875 44.476
23.875 81.125 35.065
23.875 81.375 35.994
23.875 81.625 49.67
23.875 81.875 45.103
23.875 82.125 43.376
23.875 82.375 54.663
23.875 82.625 43.406
23.875 82.875 39.195
23.875 83.125 34.998
23.875 83.375 38.373
23.875 83.625 40.682
23.875 83.875 42.086
23.875 84.125 47.828
23.875 84.375 43.434
23.875 84.625 44.564
23.875 84.875 50.755
23.875 85.125 52.727
23.875 85.375 65.833
23.875 85.625 67.059
23.875 85.875 90.753
23.875 86.125 71.55
23.875 86.375 55.037
23.875 86.625 64.177
23.875 86.875 73.171
23.875 87.125 88.656
23.875 87.375 71.525
23.875 87.625 39.939
23.875 87.875 38.504
23.875 88.125 43.602
23.875 88.375 52.16
23.875 91.375 147.11
23.875 91.625 153.64
23.875 91.875 199.68
23.875 92.125 212.68
23.875 92.375 224.62
23.875 92.625 239.52
23.875 92.875 198.21
23.875 93.125 198.63
23.875 93.375 227.45
24.125 68.875 9.5817
24.125 69.125 9.6888
24.125 69.375 10.186
24.125 69.625 10.564
24.125 69.875 10.823
24.125 70.125 12.23
24.125 70.375 14.965
24.125 70.625 19.677
24.125 70.875 23.923
24.125 71.125 26.215
24.125 71.375 35.277
24.125 71.625 43.46
24.125 71.875 33.008
24.125 72.125 26.961
24.125 72.375 27.255
24.125 72.625 27.829
24.125 72.875 41.045
24.125 73.125 48.309
24.125 73.375 49.398
24.125 73.625 46.547
24.125 73.875 47.325
24.125 74.125 49.055
24.125 74.375 54.162
24.125 74.625 89.863
24.125 74.875 84.67
24.125 75.125 53.038
24.125 75.375 46.93
24.125 75.625 66.017
24.125 75.875 63.894
24.125 76.125 49.746
24.125 76.375 44.94
24.125 76.625 49.259
24.125 76.875 47.085
24.125 77.125 34.913
24.125 77.375 33.193
24.125 77.625 33.078
24.125 77.875 30.71
24.125 78.125 39.104
24.125 78.375 44.621
24.125 78.625 47.368
24.125 78.875 39.25
24.125 79.125 37.706
24.125 79.375 41.598
24.125 79.625 42.654
24.125 79.875 51.008
24.125 80.125 52.223
24.125 80.375 49.545
24.125 80.625 50.029
24.125 80.875 45.507
24.125 81.125 35.753
24.125 81.375 32.942
24.125 81.625 42.294
24.125 81.875 44.741
24.125 82.125 72.42
24.125 82.375 64.801
24.125 82.625 39.27
24.125 82.875 32.482
24.125 83.125 34.548
24.125 83.375 36.541
24.125 83.625 37.13
24.125 83.875 36.773
24.125 84.125 39.977
24.125 84.375 50.573
24.125 84.625 49.59
24.125 84.875 44.898
24.125 85.125 44.904
24.125 85.375 64.066
24.125 85.625 41.566
24.125 85.875 45.574
24.125 86.125 37.569
24.125 86.375 31.312
24.125 86.625 65.472
24.125 86.875 71.134
24.125 87.125 60.967
24.125 87.375 48.485
24.125 87.625 52.263
24.125 87.875 42.922
24.125 88.125 51.498
24.125 88.375 57.04
24.125 91.875 234.92
24.125 92.125 231.94
24.125 92.375 258.95
24.125 92.625 255.35
24.125 92.875 204.37
24.125 93.125 182.57
24.125 93.375 217.25
24.125 93.625 229.58
24.125 93.875 226.64
NaN NaN NaN
24.375 71.375 30.676
24.375 71.625 32.702
24.375 71.875 27.835
24.375 72.125 21.96
24.375 72.375 23.319
24.375 72.625 29.827
24.375 72.875 36.335
24.375 73.125 53.264
24.375 73.375 54.168
24.375 73.625 51.178
24.375 73.875 49.031
24.375 74.125 47.993
24.375 74.375 77.063
24.375 74.625 78.787
24.375 74.875 73.759
24.375 75.125 60.593
24.375 75.375 57.114
24.375 75.625 61.116
24.375 75.875 36.48
24.375 76.125 31.969
24.375 76.375 51.237
24.375 76.625 50.927
24.375 76.875 40.74
24.375 77.125 35.066
24.375 77.375 36.827
24.375 77.625 47.068
24.375 77.875 39.315
24.375 78.125 32.762
24.375 78.375 30.202
24.375 78.625 33.065
24.375 78.875 32.421
24.375 79.125 40.532
24.375 79.375 45.151
24.375 79.625 42.999
24.375 79.875 49.525
24.375 80.125 44.161
24.375 80.375 81.493
24.375 80.625 52.493
24.375 80.875 37.414
24.375 81.125 34.441
24.375 81.375 37.808
24.375 81.625 50.696
24.375 81.875 75.474
24.375 82.125 92.702
24.375 82.375 73.654
24.375 82.625 38.281
24.375 82.875 40.157
24.375 83.125 67.437
24.375 83.375 53.903
24.375 83.625 42.391
24.375 83.875 41.993
24.375 84.125 54.787
24.375 84.375 59.419
24.375 84.625 64.105
24.375 84.875 57.545
24.375 85.125 55.608
24.375 85.375 44.083
24.375 85.625 34.039
24.375 85.875 58.396
24.375 86.125 46.638
24.375 86.375 43.794
24.375 86.625 74.753
24.375 86.875 60.649
24.375 87.125 63.839
24.375 87.375 56.473
24.375 87.625 69.262
24.375 87.875 58.523
24.375 88.125 55.687
24.375 92.375 313.78
24.375 92.625 274.56
24.375 92.875 203.03
24.375 93.125 173.19
24.375 93.375 206.81
24.375 93.625 211.26
24.375 93.875 206.64
24.375 94.125 199.48
24.625 71.125 16.839
24.625 71.375 19.339
24.625 71.625 18.194
24.625 71.875 21.885
24.625 72.125 19.703
24.625 72.375 17.14
24.625 72.625 20.147
24.625 72.875 22.936
24.625 73.125 58.392
24.625 73.375 77.886
24.625 73.625 61.762
24.625 73.875 72.578
24.625 74.125 77.96
24.625 74.375 87.404
24.625 74.625 77.343
24.625 74.875 80.893
24.625 75.125 61.091
24.625 75.375 51.697
24.625 75.625 47.157
24.625 75.875 35.961
24.625 76.125 49.02
24.625 76.375 47.725
24.625 76.625 48.536
24.625 76.875 43.026
24.625 77.125 53.468
24.625 77.375 61.1
24.625 77.625 54.046
24.625 77.875 61.482
24.625 78.125 29.477
24.625 78.375 27.511
24.625 78.625 30.428
24.625 78.875 30.989
24.625 79.125 40.042
24.625 79.375 45.266
24.625 79.625 44.989
24.625 79.875 39.897
24.625 80.125 41.085
24.625 80.375 75.781
24.625 80.625 50.458
24.625 80.875 33.241
24.625 81.125 30.844
24.625 81.375 32.698
24.625 81.625 50.252
24.625 81.875 61.05
24.625 82.125 52.841
24.625 82.375 33.404
24.625 82.625 38.938
24.625 82.875 50.842
24.625 83.125 122.36
24.625 83.375 93.059
24.625 83.625 68.107
24.625 83.875 64.22
24.625 84.125 55.642
24.625 84.375 65.632
24.625 84.625 72.494
24.625 84.875 97.851
24.625 85.125 97.796
24.625 85.375 63.282
24.625 85.625 41.436
24.625 85.875 72.902
24.625 86.125 57.884
24.625 86.375 59.157
24.625 86.625 61.022
24.625 86.875 37.464
24.625 87.125 49.675
24.625 87.375 68.812
24.625 87.625 58.001
24.625 87.875 57.462
24.625 92.375 349.32
24.625 92.625 324.75
24.625 92.875 251.4
24.625 93.125 227.73
24.625 93.375 244.15
24.625 93.625 244.45
24.625 93.875 244.04
24.625 94.125 234.43
NaN NaN NaN
24.875 71.125 13.3
24.875 71.375 9.6532
24.875 71.625 11.688
24.875 71.875 15.936
24.875 72.125 21.188
24.875 72.375 15.8
24.875 72.625 16.463
24.875 72.875 20.892
24.875 73.125 32.316
24.875 73.375 56.603
24.875 73.625 62.755
24.875 73.875 99.969
24.875 74.125 66.218
24.875 74.375 97.652
24.875 74.625 84.745
24.875 74.875 78.748
24.875 75.125 43.147
24.875 75.375 40.616
24.875 75.625 33.465
24.875 75.875 41.102
24.875 76.125 51.743
24.875 76.375 48.656
24.875 76.625 46.913
24.875 76.875 51.896
24.875 77.125 70.438
24.875 77.375 76.936
24.875 77.625 58.672
24.875 77.875 57.484
24.875 78.125 41.768
24.875 78.375 30.975
24.875 78.625 36.99
24.875 78.875 41.138
24.875 79.125 40.584
24.875 79.375 38.82
24.875 79.625 39.806
24.875 79.875 32.23
24.875 80.125 44.368
24.875 80.375 51.018
24.875 80.625 40.815
24.875 80.875 29.785
24.875 81.125 31.035
24.875 81.375 28.383
24.875 81.625 61.863
24.875 81.875 57.551
24.875 82.125 47.248
24.875 82.375 39.473
24.875 82.625 41.977
24.875 82.875 49.786
24.875 83.125 63.371
24.875 83.375 70.949
24.875 83.625 68.218
24.875 83.875 52.653
24.875 84.125 60.603
24.875 84.375 56.15
24.875 84.625 78.62
24.875 84.875 66.909
24.875 85.125 98.686
24.875 85.375 57.74
24.875 85.625 48.974
24.875 85.875 47.164
24.875 86.125 56.067
24.875 86.375 67.732
24.875 86.625 68.563
24.875 86.875 33.07
24.875 87.125 34.344
24.875 87.375 40.026
24.875 87.625 52.638
24.875 87.875 55.907
24.875 88.125 70.223
24.875 92.625 418.48
24.875 92.875 351.32
24.875 93.125 315.93
24.875 93.375 311.56
24.875 93.625 310.5
24.875 93.875 311.39
24.875 94.125 302.49
24.875 94.375 315.59
25.125 71.125 11.429
25.125 71.375 6.4842
25.125 71.625 7.3366
25.125 71.875 9.6377
25.125 72.125 14.606
25.125 72.375 17.308
25.125 72.625 14.666
25.125 72.875 15.501
25.125 73.125 29.152
25.125 73.375 53.02
25.125 73.625 55.829
25.125 73.875 44.063
25.125 74.125 43.608
25.125 74.375 51.112
25.125 74.625 39.386
25.125 74.875 37.312
25.125 75.125 32.56
25.125 75.375 32.606
25.125 75.625 37.538
25.125 75.875 39.552
25.125 76.125 45.046
25.125 76.375 46.644
25.125 76.625 52.597
25.125 76.875 44.159
25.125 77.125 66.47
25.125 77.375 70.909
25.125 77.625 59.722
25.125 77.875 49.82
25.125 78.125 48.818
25.125 78.375 54.786
25.125 78.625 37.262
25.125 78.875 31.951
25.125 79.125 32.063
25.125 79.375 26.203
25.125 79.625 27.631
25.125 79.875 35.865
25.125 80.125 46.691
25.125 80.375 44.785
25.125 80.625 34.792
25.125 80.875 37.57
25.125 81.125 39.935
25.125 81.375 52.696
25.125 81.625 30.679
25.125 81.875 57.917
25.125 82.125 46.103
25.125 82.375 46.687
25.125 82.625 47.207
25.125 82.875 37.026
25.125 83.125 61.453
25.125 83.375 54.958
25.125 83.625 51.652
25.125 83.875 52.107
25.125 84.125 56.286
25.125 84.375 55.97
25.125 84.625 91.6
25.125 84.875 70.995
25.125 85.125 72.906
25.125 85.375 59.949
25.125 85.625 64.928
25.125 85.875 75.891
25.125 86.125 69.342
25.125 86.375 96.213
25.125 86.625 87.872
25.125 86.875 51.85
25.125 87.125 47.31
25.125 87.375 47.002
25.125 87.625 57.183
25.125 87.875 65.224
25.125 88.125 78.201
25.125 88.375 89.085
25.125 92.375 474.34
25.125 92.625 456.73
25.125 92.875 388.44
25.125 93.125 347.54
25.125 93.375 330.98
25.125 93.625 318.84
25.125 93.875 341.33
25.125 94.125 340.82
25.125 94.375 349.69
25.375 70.875 38.141
25.375 71.125 27.65
25.375 71.375 18.946
25.375 71.625 6.9671
25.375 71.875 7.9882
25.375 72.125 10.552
25.375 72.375 14.064
25.375 72.625 12.33
25.375 72.875 19.5
25.375 73.125 31.376
25.375 73.375 60.384
25.375 73.625 98.812
25.375 73.875 48.421
25.375 74.125 36.241
25.375 74.375 48.046
25.375 74.625 46.531
25.375 74.875 44.26
25.375 75.125 37.606
25.375 75.375 28.38
25.375 75.625 32.696
25.375 75.875 37.771
25.375 76.125 44.22
25.375 76.375 54.077
25.375 76.625 62.015
25.375 76.875 69.647
25.375 77.125 89.43
25.375 77.375 68.193
25.375 77.625 55.168
25.375 77.875 46.828
25.375 78.125 51.325
25.375 78.375 52.072
25.375 78.625 25.983
25.375 78.875 23.771
25.375 79.125 30.6
25.375 79.375 34.719
25.375 79.625 24.507
25.375 79.875 30.121
25.375 80.125 33.181
25.375 80.375 24.391
25.375 80.625 26.132
25.375 80.875 37.352
25.375 81.125 43.516
25.375 81.375 68.752
25.375 81.625 35.951
25.375 81.875 37.647
25.375 82.125 42.788
25.375 82.375 55.172
25.375 82.625 58.8
25.375 82.875 34.669
25.375 83.125 60.78
25.375 83.375 52.956
25.375 83.625 38.185
25.375 83.875 44.468
25.375 84.125 49.401
25.375 84.375 69.645
25.375 84.625 81.866
25.375 84.875 82.478
25.375 85.125 61.825
25.375 85.375 52.527
25.375 85.625 61.437
25.375 85.875 72.587
25.375 86.125 72.958
25.375 86.375 48.82
25.375 86.625 69.319
25.375 86.875 64.156
25.375 87.125 60.219
25.375 87.375 61.247
25.375 87.625 70.831
25.375 87.875 73.505
25.375 88.125 90.95
25.375 88.375 102.68
25.375 88.625 119.64
25.375 90.125 207.62
25.375 90.375 236.55
25.375 90.625 280.93
25.375 90.875 336.6
25.375 91.125 462.74
25.375 91.375 580.84
25.375 91.625 640.37
25.375 91.875 602.92
25.375 92.125 558.97
25.375 92.375 515.98
25.375 92.625 442.8
25.375 92.875 337.42
25.375 93.125 296.9
25.375 93.375 292.55
25.375 93.625 315.45
25.375 93.875 342.49
25.375 94.125 346.87
25.375 94.375 339.98
25.625 70.875 13.994
25.625 71.125 21.389
25.625 71.375 20.449
25.625 71.625 13.643
25.625 71.875 6.9415
25.625 72.125 7.2862
25.625 72.375 8.4337
25.625 72.625 19.101
25.625 72.875 24.503
25.625 73.125 26.914
25.625 73.375 37.44
25.625 73.625 30.775
25.625 73.875 24.715
25.625 74.125 18.511
25.625 74.375 19.225
25.625 74.625 47.559
25.625 74.875 39.23
25.625 75.125 22.196
25.625 75.375 27.475
25.625 75.625 28.054
25.625 75.875 26.546
25.625 76.125 34.273
25.625 76.375 48.701
25.625 76.625 59.505
25.625 76.875 74.031
25.625 77.125 68.404
25.625 77.375 62.538
25.625 77.625 53.661
25.625 77.875 63.094
25.625 78.125 35.722
25.625 78.375 20.931
25.625 78.625 25.924
25.625 78.875 27.429
25.625 79.125 52.523
25.625 79.375 53.835
25.625 79.625 38.016
25.625 79.875 33.534
25.625 80.125 30.419
25.625 80.375 23.443
25.625 80.625 23.977
25.625 80.875 26.054
25.625 81.125 27.732
25.625 81.375 30.918
25.625 81.625 30.039
25.625 81.875 38.961
25.625 82.125 39.189
25.625 82.375 61.128
25.625 82.625 82.808
25.625 82.875 58.537
25.625 83.125 50.871
25.625 83.375 51.407
25.625 83.625 42.105
25.625 83.875 46.173
25.625 84.125 61.983
25.625 84.375 92.571
25.625 84.625 88.699
25.625 84.875 74.779
25.625 85.125 65.935
25.625 85.375 70.637
25.625 85.625 56.176
25.625 85.875 59.444
25.625 86.125 62.426
25.625 86.375 70.06
25.625 86.625 89.158
25.625 86.875 92.513
25.625 87.125 93.35
25.625 87.375 84.671
25.625 87.625 92.932
25.625 87.875 104.72
25.625 88.125 124.15
25.625 90.125 272.32
25.625 90.375 299.22
25.625 90.625 330.87
25.625 90.875 371.18
25.625 91.125 478.75
25.625 91.375 588.22
25.625 91.625 636.99
25.625 91.875 609.88
25.625 92.125 550.57
25.625 92.375 484.1
25.625 92.625 404.36
25.625 92.875 305.44
25.625 93.125 257.68
25.625 93.375 252.71
25.625 93.625 299.19
25.625 93.875 314.83
25.625 94.125 325.84
25.625 94.375 317.12
NaN NaN NaN
NaN NaN NaN
25.875 70.375 28.301
25.875 70.625 25.15
25.875 70.875 24.628
25.875 71.125 32.24
25.875 71.375 17.731
25.875 71.625 15.007
25.875 71.875 8.5366
25.875 72.125 6.7188
25.875 72.375 7.2255
25.875 72.625 16.013
25.875 72.875 21.942
25.875 73.125 26.992
25.875 73.375 24.247
25.875 73.625 13.494
25.875 73.875 9.763
25.875 74.125 10.472
25.875 74.375 14.322
25.875 74.625 19.357
25.875 74.875 43.823
25.875 75.125 37.033
25.875 75.375 31.537
25.875 75.625 24.357
25.875 75.875 24.324
25.875 76.125 29.439
25.875 76.375 46.719
25.875 76.625 49.516
25.875 76.875 50.49
25.875 77.125 62.578
25.875 77.375 54.063
25.875 77.625 50.244
25.875 77.875 47.783
25.875 78.125 37.267
25.875 78.375 38.571
25.875 78.625 34.705
25.875 78.875 35.572
25.875 79.125 82.148
25.875 79.375 44.759
25.875 79.625 37.668
25.875 79.875 49.73
25.875 80.125 39.663
25.875 80.375 27.985
25.875 80.625 25.34
25.875 80.875 28.553
25.875 81.125 35.278
25.875 81.375 30.625
25.875 81.625 38.005
25.875 81.875 40.988
25.875 82.125 44.16
25.875 82.375 59.287
25.875 82.625 45.369
25.875 82.875 39.547
25.875 83.125 38.257
25.875 83.375 41.96
25.875 83.625 56.496
25.875 83.875 52.9
25.875 84.125 99.491
25.875 84.375 63.738
25.875 84.625 75.38
25.875 84.875 70.447
25.875 85.125 75.739
25.875 85.375 81.552
25.875 85.625 76.344
25.875 85.875 70.076
25.875 86.125 73.853
25.875 86.375 92.81
25.875 86.625 108.43
25.875 86.875 113.46
25.875 87.125 114.76
25.875 87.375 122.1
25.875 87.625 144.64
25.875 87.875 157.45
25.875 90.125 350.24
25.875 90.375 347.31
25.875 90.625 338.94
25.875 90.875 319.33
25.875 91.125 331.18
25.875 91.375 366.18
25.875 91.625 392.96
25.875 91.875 416.65
25.875 92.125 395.32
25.875 92.375 360.71
25.875 92.625 325.41
25.875 92.875 286.62
25.875 93.125 267.4
25.875 93.375 265.98
25.875 93.625 262.36
25.875 93.875 241.3
25.875 94.125 235.33
25.875 94.375 273.13
25.875 94.625 331.65
25.875 94.875 431.97
26.125 70.375 16.067
26.125 70.625 18.964
26.125 70.875 22.459
26.125 71.125 32.665
26.125 71.375 23.491
26.125 71.625 12.891
26.125 71.875 7.5249
26.125 72.125 6.4948
26.125 72.375 13.516
26.125 72.625 20.381
26.125 72.875 22.825
26.125 73.125 17.921
26.125 73.375 8.9849
26.125 73.625 6.8649
26.125 73.875 7.6602
26.125 74.125 16.992
26.125 74.375 21.426
26.125 74.625 17.525
26.125 74.875 25.123
26.125 75.125 95.603
26.125 75.375 29.311
26.125 75.625 25.509
26.125 75.875 21.556
26.125 76.125 28.244
26.125 76.375 49.539
26.125 76.625 55.52
26.125 76.875 45.223
26.125 77.125 48.672
26.125 77.375 49.786
26.125 77.625 42.933
26.125 77.875 42.153
26.125 78.125 50.95
26.125 78.375 57.817
26.125 78.625 33.772
26.125 78.875 38.381
26.125 79.125 44.756
26.125 79.375 23.726
26.125 79.625 25.825
26.125 79.875 28.176
26.125 80.125 29.518
26.125 80.375 31.786
26.125 80.625 26.827
26.125 80.875 36.149
26.125 81.125 47.984
26.125 81.375 30.895
26.125 81.625 83.445
26.125 81.875 48.628
26.125 82.125 35.848
26.125 82.375 37.344
26.125 82.625 44.152
26.125 82.875 40.876
26.125 83.125 38.276
26.125 83.375 44.105
26.125 83.625 46.904
26.125 83.875 98.283
26.125 84.125 115.02
26.125 84.375 60.531
26.125 84.625 73.97
26.125 84.875 74.802
26.125 85.125 66.891
26.125 85.375 65.599
26.125 85.625 81.16
26.125 85.875 85.227
26.125 86.125 90.426
26.125 86.375 97.385
26.125 86.625 107.62
26.125 86.875 124.66
26.125 87.125 127.32
26.125 87.375 151.37
26.125 87.625 164.8
26.125 87.875 186.15
26.125 88.125 210.06
26.125 89.375 355.87
26.125 89.875 416.32
26.125 90.125 376.49
26.125 90.375 370.97
26.125 90.625 354.57
26.125 90.875 324.84
26.125 91.125 298.95
26.125 91.375 278.65
26.125 91.625 283.5
26.125 91.875 312.42
26.125 92.125 311.79
26.125 92.375 295.58
26.125 92.625 288.41
26.125 92.875 278.55
26.125 93.125 281.34
26.125 93.375 285.9
26.125 93.625 256.38
26.125 93.875 238.81
26.125 94.125 214.85
26.125 94.375 241.53
26.125 94.625 313.37
26.125 94.875 419.94
26.375 70.375 4.0334
26.375 70.625 6.6071
26.375 70.875 10.943
26.375 71.125 15.371
26.375 71.375 24.639
26.375 71.625 19.291
26.375 71.875 14.332
26.375 72.125 8.3733
26.375 72.375 9.2303
26.375 72.625 11.186
26.375 72.875 17.669
26.375 73.125 10.839
26.375 73.375 6.7268
26.375 73.625 12.074
26.375 73.875 14.754
26.375 74.125 16.524
26.375 74.375 26.336
26.375 74.625 13.338
26.375 74.875 17.475
26.375 75.125 31.95
26.375 75.375 13.185
26.375 75.625 20.351
26.375 75.875 29.558
26.375 76.125 43.608
26.375 76.375 46.459
26.375 76.625 58.347
26.375 76.875 51.826
26.375 77.125 43.125
26.375 77.375 74.437
26.375 77.625 50.559
26.375 77.875 52.44
26.375 78.125 63.071
26.375 78.375 51.865
26.375 78.625 42.291
26.375 78.875 52.207
26.375 79.125 39.069
26.375 79.375 24.168
26.375 79.625 24.072
26.375 79.875 27.526
26.375 80.125 27.42
26.375 80.375 35.334
26.375 80.625 31.832
26.375 80.875 39.234
26.375 81.125 37.557
26.375 81.375 30.198
26.375 81.625 38.953
26.375 81.875 41.445
26.375 82.125 39.521
26.375 82.375 57.646
26.375 82.625 49.517
26.375 82.875 43.018
26.375 83.125 35.604
26.375 83.375 45.047
26.375 83.625 123.39
26.375 83.875 115.63
26.375 84.125 61.023
26.375 84.375 97.756
26.375 84.625 89.199
26.375 84.875 67.993
26.375 85.125 96.114
26.375 85.375 95.738
26.375 85.625 101.01
26.375 85.875 107
26.375 86.125 106.32
26.375 86.375 106.17
26.375 86.625 108.45
26.375 86.875 114.87
26.375 87.125 126.22
26.375 87.625 178.48
26.375 87.875 220.67
26.375 88.125 236.91
26.375 88.375 235.14
26.375 88.875 271.81
26.375 89.375 351.03
26.375 89.625 397.27
26.375 89.875 394.11
26.375 90.125 359.6
26.375 90.375 367.12
26.375 90.625 380.7
26.375 90.875 385.92
26.375 91.125 365.9
26.375 91.375 323.61
26.375 91.625 293.41
26.375 91.875 275.95
26.375 92.125 282.31
26.375 92.375 265.79
26.375 92.625 270.78
26.375 92.875 281.64
26.375 93.125 294.75
26.375 93.375 310.02
26.375 93.625 280.74
26.375 93.875 211.57
26.375 94.125 214.48
26.375 94.375 213.02
26.375 94.625 280.19
26.375 94.875 373.64
26.625 69.875 8.1049
26.625 70.125 4.5022
26.625 70.375 2.5149
26.625 70.625 6.9612
26.625 70.875 8.5618
26.625 71.125 11.645
26.625 71.375 27.161
26.625 71.625 28.53
26.625 71.875 23.61
26.625 72.125 14.432
26.625 72.375 9.3246
26.625 72.625 7.1419
26.625 72.875 7.5217
26.625 73.125 9.5386
26.625 73.375 9.0278
26.625 73.625 16.014
26.625 73.875 15.252
26.625 74.125 9.5368
26.625 74.375 22.131
26.625 74.625 18.843
26.625 74.875 43.666
26.625 75.125 17.346
26.625 75.375 17.291
26.625 75.625 22.521
26.625 75.875 41.125
26.625 76.125 54.435
26.625 76.375 60.531
26.625 76.625 43.495
26.625 76.875 45.37
26.625 77.125 71.629
26.625 77.375 70.941
26.625 77.625 59.459
26.625 77.875 48.639
26.625 78.125 66.152
26.625 78.375 47.027
26.625 78.625 66.857
26.625 78.875 64.65
26.625 79.125 43.061
26.625 79.375 54.716
26.625 79.625 47.554
26.625 79.875 27.913
26.625 80.125 35.882
26.625 80.375 68.408
26.625 80.625 29.168
26.625 80.875 33.071
26.625 81.125 34.862
26.625 81.375 33.866
26.625 81.625 37.46
26.625 81.875 39.248
26.625 82.125 39.129
26.625 82.375 56.553
26.625 82.625 40.253
26.625 82.875 41.07
26.625 83.125 41.679
26.625 83.375 40.113
26.625 83.625 71.099
26.625 83.875 79.378
26.625 84.125 73.112
26.625 84.375 107.84
26.625 84.625 97.694
26.625 84.875 69.187
26.625 85.125 87.888
26.625 85.375 104.38
26.625 85.625 110.72
26.625 86.125 119.79
26.625 88.375 236.38
26.625 88.625 243.65
26.625 88.875 305.82
26.625 89.125 375.68
26.625 89.375 468.16
26.625 89.625 505.42
26.625 89.875 468.19
26.625 90.125 451.1
26.625 90.375 485.43
26.625 90.625 507.93
26.625 90.875 528.53
26.625 91.125 515.02
26.625 91.375 462.63
26.625 91.625 457.16
26.625 91.875 501.13
26.625 92.125 488
26.625 92.375 406.25
26.625 92.625 350.8
26.625 92.875 336.26
26.625 93.125 350.99
26.625 93.375 419.58
26.625 93.625 400.77
26.625 93.875 271.19
26.625 94.125 195.2
26.625 94.375 180.91
26.625 94.625 220.01
26.625 94.875 320.42
26.625 95.125 412.26
26.875 69.625 13.757
26.875 69.875 13.197
26.875 70.125 10.049
26.875 70.375 5.3555
26.875 70.625 8.4355
26.875 70.875 8.6117
26.875 71.125 11.606
26.875 71.375 21.941
26.875 71.625 30.786
26.875 71.875 28.076
26.875 72.125 16.145
26.875 72.375 11.424
26.875 72.625 8.9039
26.875 72.875 11.349
26.875 73.125 17.017
26.875 73.375 23.481
26.875 73.625 31.142
26.875 73.875 20.025
26.875 74.125 12.543
26.875 74.375 20.575
26.875 74.625 20.086
26.875 74.875 46.943
26.875 75.125 41.593
26.875 75.375 17.353
26.875 75.625 23.129
26.875 75.875 39.628
26.875 76.125 60.661
26.875 76.375 45.659
26.875 76.625 42.473
26.875 76.875 41.305
26.875 77.125 52.548
26.875 77.375 42.779
26.875 77.625 45.756
26.875 77.875 42.503
26.875 78.125 31.161
26.875 78.375 30.139
26.875 78.625 25.206
26.875 78.875 55.547
26.875 79.125 57.795
26.875 79.375 85.737
26.875 79.625 54.355
26.875 79.875 27.013
26.875 80.125 35.383
26.875 80.375 47.772
26.875 80.625 20.789
26.875 80.875 26.293
26.875 81.125 34.157
26.875 81.375 40.528
26.875 81.625 35.137
26.875 81.875 33.026
26.875 82.125 36.464
26.875 82.375 45.527
26.875 82.625 47.359
26.875 82.875 47.772
26.875 83.125 60.219
26.875 83.375 57.321
26.875 83.625 62.061
26.875 83.875 71.731
26.875 84.125 95.242
26.875 84.375 104.5
26.875 84.625 118.47
26.875 84.875 103.96
26.875 88.375 247.13
26.875 88.625 271.07
26.875 88.875 404.63
26.875 92.375 720.53
26.875 92.625 534.49
26.875 92.875 423.96
26.875 93.125 455.4
26.875 93.375 607.68
26.875 93.625 583.56
26.875 93.875 379.1
26.875 94.125 251.67
26.875 94.375 179.63
26.875 94.625 168.2
26.875 94.875 231.77
26.875 95.125 342.81
26.875 95.375 502.35
26.875 95.625 581.44
27.125 69.875 22.051
27.125 70.125 27.153
27.125 70.375 31.066
27.125 70.625 19.648
27.125 70.875 14.6
27.125 71.125 10.424
27.125 71.375 14.283
27.125 71.625 16.312
27.125 71.875 14.832
27.125 72.125 15.118
27.125 72.375 11.636
27.125 72.625 11.422
27.125 72.875 9.0997
27.125 73.125 16.055
27.125 73.375 29.318
27.125 73.625 35.215
27.125 73.875 29.978
27.125 74.125 30.104
27.125 74.375 37.13
27.125 74.625 18.848
27.125 74.875 21.237
27.125 75.125 21.376
27.125 75.375 19.279
27.125 75.625 65.33
27.125 75.875 51.732
27.125 76.125 49.386
27.125 76.375 94.671
27.125 76.625 35.734
27.125 76.875 43.41
27.125 77.125 70.742
27.125 77.375 48.525
27.125 77.625 60.884
27.125 77.875 37.079
27.125 78.125 30.299
27.125 78.375 26.887
27.125 78.625 26.686
27.125 78.875 32.727
27.125 79.125 50.832
27.125 79.375 28.316
27.125 79.625 25.235
27.125 79.875 38.463
27.125 80.125 30.822
27.125 80.375 22.579
27.125 80.625 23.751
27.125 80.875 27.865
27.125 81.125 42.563
27.125 81.375 52.781
27.125 81.625 49.353
27.125 81.875 36.423
27.125 82.125 36.422
27.125 82.375 42.737
27.125 82.625 69.724
27.125 82.875 55.387
27.125 83.125 67.494
27.125 83.375 81.567
27.125 83.625 88.009
27.125 83.875 101.86
27.125 84.125 112.2
27.125 84.375 113.67
27.125 84.625 120.01
27.125 88.125 374.05
27.125 88.375 288.68
27.125 88.625 308.83
27.125 92.125 1125.1
27.125 92.375 876.54
27.125 92.625 667.19
27.125 92.875 510
27.125 93.125 544.68
27.125 93.375 766.15
27.125 93.625 793.87
27.125 93.875 624.96
27.125 94.125 447.65
27.125 94.375 297.57
27.125 94.625 220.78
27.125 94.875 214.44
27.125 95.125 298.55
27.125 95.375 434.38
27.125 95.625 487.42
27.125 95.875 493.46
27.375 70.125 28.764
27.375 70.375 30.68
27.375 70.625 24.362
27.375 70.875 16.757
27.375 71.125 8.7576
27.375 71.375 9.7691
27.375 71.625 10.378
27.375 71.875 9.5246
27.375 72.125 9.0046
27.375 72.375 10.403
27.375 72.625 7.7654
27.375 72.875 4.6843
27.375 73.125 8.053
27.375 73.375 9.9345
27.375 73.625 23.641
27.375 73.875 33.253
27.375 74.125 36.18
27.375 74.375 41.005
27.375 74.625 24.6
27.375 74.875 16.433
27.375 75.125 25.914
27.375 75.375 19.631
27.375 75.625 73.794
27.375 75.875 42.399
27.375 76.125 44.768
27.375 76.375 54.777
27.375 76.625 77.812
27.375 76.875 66.258
27.375 77.125 66.358
27.375 77.375 45.123
27.375 77.625 53.944
27.375 77.875 41.151
27.375 78.125 24.015
27.375 78.375 25.587
27.375 78.625 27.676
27.375 78.875 18.133
27.375 79.125 20.068
27.375 79.375 19.831
27.375 79.625 26.886
27.375 79.875 45.134
27.375 80.125 27.195
27.375 80.375 27.096
27.375 80.625 40.683
27.375 80.875 38.122
27.375 81.125 46.8
27.375 81.375 49.6
27.375 81.625 43.541
27.375 81.875 36.098
27.375 82.125 33.733
27.375 82.375 46.224
27.375 82.625 65.837
27.375 82.875 64.595
27.375 83.125 74.207
27.375 83.625 101.28
27.375 84.125 115.44
27.375 84.375 108.7
27.375 88.125 376.18
27.375 88.375 289.65
27.375 88.625 306.11
27.375 92.125 959.27
27.375 92.375 882.63
27.375 92.625 758.12
27.375 92.875 584.9
27.375 93.125 616.64
27.375 93.375 858.39
27.375 93.625 997.97
27.375 93.875 963.56
27.375 94.125 807.6
27.375 94.375 559.25
27.375 94.625 381.84
27.375 94.875 290.76
27.375 95.125 262.23
27.375 95.375 261.75
27.375 95.625 243.77
27.375 95.875 239.8
27.375 96.125 278.53
27.375 96.375 364.46
NaN NaN NaN
27.375 96.875 737.59
27.625 70.125 29.337
27.625 70.375 28.415
27.625 70.625 26.226
27.625 70.875 18.174
27.625 71.125 8.4693
27.625 71.375 8.9588
27.625 71.625 9.3496
27.625 71.875 9.188
27.625 72.125 9.5571
27.625 72.375 9.5182
27.625 72.625 5.4561
27.625 72.875 4.8563
27.625 73.125 4.6613
27.625 73.375 4.7178
27.625 73.625 23.175
27.625 73.875 31.712
27.625 74.125 34.531
27.625 74.375 30.167
27.625 74.625 23.045
27.625 74.875 18.673
27.625 75.125 38.006
27.625 75.375 49.806
27.625 75.625 55.706
27.625 75.875 34.62
27.625 76.125 41.614
27.625 76.375 62.523
27.625 76.625 57.734
27.625 76.875 59.989
27.625 77.125 33.195
27.625 77.375 34.63
27.625 77.625 35.845
27.625 77.875 20.051
27.625 78.125 29.937
27.625 78.375 17.887
27.625 78.625 34.487
27.625 78.875 28.456
27.625 79.125 26.189
27.625 79.375 19.467
27.625 79.625 25.949
27.625 79.875 28.085
27.625 80.125 29.149
27.625 80.375 34.863
27.625 80.625 40.945
27.625 80.875 47.376
27.625 81.125 57.838
27.625 81.375 61.067
27.625 81.625 49.003
27.625 81.875 39.51
27.625 82.125 38.477
27.625 82.375 49.834
27.625 82.625 73.873
27.625 88.375 282.22
27.625 88.625 280.71
27.625 91.625 355.64
27.625 91.875 588.83
27.625 92.125 742.71
27.625 92.375 812.34
27.625 92.625 774.03
27.625 92.875 625.28
27.625 93.125 626.93
27.625 93.375 772.57
27.625 93.625 887.87
27.625 93.875 952.61
27.625 94.125 887.87
27.625 94.375 689.81
27.625 94.625 537.95
27.625 94.875 422.17
27.625 95.125 318.28
27.625 95.375 226.77
27.625 95.625 151.76
27.625 95.875 127.51
27.625 96.125 164.97
27.625 96.375 279.28
27.625 96.625 427.94
27.625 96.875 609.84
27.875 70.375 31.239
27.875 71.875 8.0872
27.875 72.125 7.8836
27.875 72.375 6.9666
27.875 72.625 5.4274
27.875 72.875 5.0676
27.875 73.125 4.903
27.875 73.375 4.8033
27.875 73.625 25.069
27.875 73.875 28.536
27.875 74.125 21.025
27.875 74.375 9.915
27.875 74.625 29.539
27.875 74.875 33.02
27.875 75.125 42.124
27.875 75.375 36.678
27.875 75.625 28.681
27.875 75.875 41.535
27.875 76.125 40.2
27.875 76.375 50.708
27.875 76.625 48.763
27.875 76.875 44.195
27.875 77.125 38.716
27.875 77.375 25.261
27.875 77.625 21.871
27.875 77.875 29.364
27.875 78.125 52.076
27.875 78.375 63.6
27.875 78.625 61.133
27.875 78.875 61.594
27.875 79.125 65.419
27.875 79.375 27.565
27.875 79.625 30.016
27.875 79.875 34.01
27.875 80.125 36.296
27.875 80.375 39.059
27.875 80.625 38.687
27.875 80.875 41.908
27.875 81.125 56.376
27.875 81.375 58.78
27.875 81.625 60.81
27.875 88.375 496.72
27.875 88.625 489.34
27.875 92.875 624.92
27.875 93.125 541.59
27.875 93.375 465.56
27.875 93.625 496.89
27.875 93.875 636.26
27.875 94.125 711.38
27.875 94.375 719.92
27.875 94.625 690.46
27.875 94.875 637.14
27.875 95.125 519.78
27.875 95.375 348.45
27.875 95.625 236.46
27.875 95.875 167.57
27.875 96.125 162.5
27.875 96.375 223.36
27.875 96.625 343.67
NaN NaN NaN
27.875 97.125 626.7
28.125 72.125 6.9773
28.125 72.375 6.6285
28.125 72.625 5.6821
28.125 72.875 5.3578
28.125 73.125 5.2096
28.125 73.375 4.997
28.125 73.625 18.888
28.125 73.875 19.874
28.125 74.125 11.571
28.125 74.375 9.1911
28.125 74.625 22.872
28.125 74.875 28.596
28.125 75.125 41.14
28.125 75.375 41.428
28.125 75.625 22.254
28.125 75.875 32.833
28.125 76.125 45.889
28.125 76.375 52.271
28.125 76.625 32.554
28.125 76.875 29.199
28.125 77.125 34.255
28.125 77.375 30.993
28.125 77.625 21.548
28.125 77.875 47.732
28.125 78.125 93.843
28.125 78.375 74.501
28.125 78.625 37.463
28.125 78.875 41.857
28.125 79.125 36.595
28.125 79.375 28.116
28.125 79.625 28.139
28.125 79.875 32.189
28.125 80.125 34.646
28.125 80.375 36.566
28.125 80.625 37.147
28.125 80.875 42.54
28.125 81.125 54.184
28.125 81.375 61.173
28.125 92.875 520.43
28.125 93.125 432.65
28.125 93.375 287.68
28.125 93.625 298.31
28.125 93.875 474.32
28.125 94.125 609.92
28.125 94.375 708
28.125 94.625 751.08
28.125 94.875 781.61
28.125 95.125 744.84
28.125 95.375 662.48
28.125 95.625 543.21
28.125 95.875 378.16
28.125 96.125 296.19
28.125 96.375 296.09
NaN NaN NaN
NaN NaN NaN
NaN NaN NaN
28.375 72.375 6.8069
28.375 72.625 6.4809
28.375 72.875 5.6949
28.375 73.125 5.6515
28.375 73.375 5.3535
28.375 73.625 6.0878
28.375 73.875 9.5484
28.375 74.125 8.3921
28.375 74.375 9.347
28.375 74.625 18.414
28.375 74.875 27.928
28.375 75.125 45.348
28.375 75.375 33.836
28.375 75.625 29.303
28.375 75.875 33.96
28.375 76.125 35.024
28.375 76.375 22.366
28.375 76.625 26.338
28.375 76.875 30.311
28.375 77.125 30.863
28.375 77.375 43.808
28.375 77.625 27.838
28.375 77.875 34.232
28.375 78.125 68.909
28.375 78.375 50.142
28.375 78.625 34.203
28.375 78.875 33.206
28.375 79.125 35.453
28.375 79.375 26.217
28.375 79.625 26.009
28.375 79.875 28.564
28.375 80.125 30.861
28.375 80.375 32.297
28.375 80.625 34.805
28.375 80.875 40.219
28.375 81.125 47.897
28.375 93.375 254.79
28.375 93.625 312.01
28.375 93.875 475.9
28.375 94.125 595.65
28.375 94.375 672.16
28.375 94.625 765.37
28.375 94.875 886.24
28.375 95.125 1006.9
28.375 95.375 1149.7
28.375 95.625 1062.7
28.375 95.875 752.59
28.375 96.125 564.41
NaN NaN NaN
28.625 72.375 6.948
28.625 72.625 6.9473
28.625 72.875 6.4278
28.625 73.125 6.593
28.625 73.375 6.4597
28.625 73.625 6.0774
28.625 73.875 5.9267
28.625 74.125 7.5343
28.625 74.375 11.005
28.625 74.625 15.291
28.625 74.875 21.575
28.625 75.125 44.822
28.625 75.375 31.741
28.625 75.625 23.002
28.625 75.875 19.316
28.625 76.125 27.881
28.625 76.375 20.576
28.625 76.625 24.99
28.625 76.875 26.82
28.625 77.125 23.74
28.625 77.375 21.731
28.625 77.625 20.523
28.625 77.875 26.052
28.625 78.125 39.394
28.625 78.375 48.278
28.625 78.625 34.058
28.625 78.875 33.621
28.625 79.125 47.298
28.625 79.375 35.825
28.625 79.625 47.001
28.625 79.875 56.367
28.625 80.125 52.534
28.625 80.375 49.223
28.625 80.625 44.838
28.625 93.625 317.02
28.625 93.875 498.37
28.625 94.125 537.65
28.625 94.375 598.21
28.625 94.625 698.99
28.625 94.875 847.5
28.625 95.125 1036.7
28.625 95.375 1284.6
28.625 95.625 1229
28.625 95.875 862.9
28.625 96.125 642.23
NaN NaN NaN
28.875 72.875 7.4847
28.875 73.125 8.5409
28.875 73.375 8.7736
28.875 73.625 7.9207
28.875 73.875 6.8971
28.875 74.125 10.523
28.875 74.375 12.644
28.875 74.625 12.627
28.875 74.875 12.119
28.875 75.125 16.137
28.875 75.375 17.686
28.875 75.625 17.587
28.875 75.875 18.471
28.875 76.125 20.134
28.875 76.375 24.861
28.875 76.625 21.81
28.875 76.875 21.939
28.875 77.125 21.661
28.875 77.375 22.638
28.875 77.625 22.739
28.875 77.875 40.84
28.875 78.125 43.461
28.875 78.375 50.628
28.875 78.625 24.295
28.875 78.875 28.959
28.875 79.125 56.079
28.875 79.375 59.453
28.875 79.625 68.778
28.875 79.875 88.165
28.875 94.125 420.18
28.875 94.375 445.19
28.875 94.625 525.33
28.875 94.875 662.11
28.875 95.125 851.13
28.875 95.375 1074.5
28.875 95.625 1037.3
28.875 95.875 709.13
28.875 96.125 529.61
NaN NaN NaN
29.125 73.125 10.159
29.125 73.375 10.455
29.125 73.625 8.9923
29.125 73.875 8.211
29.125 74.125 8.2173
29.125 74.375 14.284
29.125 74.625 15.061
29.125 74.875 11.313
29.125 75.125 14.163
29.125 75.375 16.484
29.125 75.625 17.133
29.125 75.875 17.024
29.125 76.125 17.167
29.125 76.375 23.005
29.125 76.625 17.935
29.125 76.875 18.861
29.125 77.125 25.428
29.125 77.375 27.716
29.125 77.625 33.086
29.125 77.875 50.923
29.125 78.125 35.475
29.125 78.375 39.487
29.125 78.625 73.097
29.125 78.875 56.403
29.125 79.125 78.177
29.125 79.375 108.26
29.125 79.625 126.5
29.125 79.875 133.75
29.125 80.125 137.02
29.125 94.375 373.19
29.125 94.625 437.41
29.125 94.875 530.27
29.125 95.625 756.98
29.125 95.875 532.37
29.125 96.125 425.02
29.375 73.375 14.115
29.375 73.625 11.228
29.375 73.875 9.933
29.375 74.125 14.653
29.375 74.375 18.027
29.375 74.625 17.571
29.375 74.875 20.232
29.375 75.125 21.736
29.375 75.375 16.992
29.375 75.625 12.831
29.375 75.875 12.599
29.375 76.125 15.416
29.375 76.375 15.581
29.375 76.625 18.376
29.375 76.875 18.209
29.375 77.125 21.835
29.375 77.375 33.49
29.375 77.625 39.507
29.375 77.875 47.238
29.375 78.125 42.771
29.375 78.375 40.21
29.375 78.625 52.078
29.375 78.875 66.867
29.375 79.125 108.92
29.375 79.375 153.53
29.375 79.625 132.3
29.375 79.875 143.91
29.375 80.125 109.46
NaN NaN NaN
29.625 73.375 17.712
29.625 73.625 15.311
29.625 73.875 13.239
29.625 74.125 28.232
29.625 74.375 25.828
29.625 74.625 19.856
29.625 74.875 21.135
29.625 75.125 17.468
29.625 75.375 15.226
29.625 75.625 13.131
29.625 75.875 12.635
29.625 76.125 13.425
29.625 76.375 19.89
29.625 76.625 23.441
29.625 76.875 30.744
29.625 77.125 25.726
29.625 77.375 33.512
29.625 77.625 24.515
29.625 77.875 42.129
29.625 78.125 52.431
29.625 78.375 57.704
29.625 78.625 60.734
29.625 78.875 85.451
29.625 79.125 113.41
29.625 79.375 126.58
29.625 79.625 114.94
29.625 79.875 101.47
29.625 80.125 79.032
29.875 73.625 14.78
29.875 73.875 16.912
29.875 74.125 24.988
29.875 74.375 22.442
29.875 74.625 23.346
29.875 74.875 22.511
29.875 75.125 15.676
29.875 75.375 18.084
29.875 75.625 18.674
29.875 75.875 17.786
29.875 76.125 16.23
29.875 76.375 21.154
29.875 76.625 23.189
29.875 76.875 16.279
29.875 77.125 30.395
29.875 77.375 37.802
29.875 77.625 27.104
29.875 77.875 36.617
29.875 78.125 64.899
29.875 78.375 106.55
29.875 78.625 87.64
29.875 78.875 96.026
29.875 79.125 89.531
29.875 79.375 95.881
29.875 79.625 121.76
29.875 79.875 73.871
29.875 80.125 68.681
29.875 80.375 79.881
30.125 74.125 18.647
30.125 74.375 19.642
30.125 74.625 21.256
30.125 74.875 20.078
30.125 75.125 19.655
30.125 75.375 21.579
30.125 75.625 16.225
30.125 75.875 25.323
30.125 76.125 32.185
30.125 76.375 20.781
30.125 76.625 19.165
30.125 76.875 22.411
30.125 77.125 24.902
30.125 77.375 37.665
30.125 77.625 126.54
30.125 77.875 114.91
30.125 78.125 70.436
30.125 78.375 136.63
30.125 78.625 86.281
30.125 78.875 87.508
30.125 79.125 83.7
30.125 79.375 77.896
30.125 79.625 105.36
30.125 79.875 82.897
30.125 80.125 83.426
30.125 80.375 91.933
30.125 80.625 114.2
30.375 74.125 21.716
30.375 74.375 22.427
30.375 74.625 23.658
30.375 74.875 23.592
30.375 75.125 34.527
30.375 75.375 30.044
30.375 75.625 19.373
30.375 75.875 27.314
30.375 76.125 31.082
30.375 76.375 31.81
30.375 76.625 20.191
30.375 76.875 17.713
30.375 77.125 42.171
30.375 77.375 63.786
30.375 77.625 68.614
30.375 77.875 64.341
30.375 78.125 86.513
30.375 78.375 48.147
30.375 78.625 72.16
30.375 78.875 86.183
30.375 79.125 79.679
30.375 79.375 72.582
30.375 79.625 94.366
30.375 79.875 123.11
30.375 80.125 126.09
30.375 80.375 113.23
30.375 80.625 116.54
30.625 74.375 27.374
30.625 74.625 27.482
30.625 74.875 24.813
30.625 75.125 32.043
30.625 75.375 51.023
30.625 75.625 44.52
30.625 75.875 28.856
30.625 76.125 20.042
30.625 76.375 29.543
30.625 76.625 31.838
30.625 76.875 24.061
30.625 77.125 49.537
30.625 77.375 63.948
30.625 77.625 59.764
30.625 77.875 49.434
30.625 78.125 48.977
30.625 78.375 59.764
30.625 78.625 90.283
30.625 78.875 137.28
30.625 79.125 139.84
30.625 79.375 134.22
30.625 79.625 147.04
30.625 79.875 135.5
30.625 80.125 129.14
30.875 74.625 23.712
30.875 74.875 22.24
30.875 75.125 33.274
30.875 75.375 32.516
30.875 75.625 43.689
30.875 75.875 49.401
30.875 76.125 37.759
30.875 76.375 28.865
30.875 76.625 32.675
30.875 76.875 49.339
30.875 77.125 74.313
30.875 77.375 79.189
30.875 77.625 89.868
30.875 77.875 78.875
30.875 78.125 71.97
30.875 78.375 100.77
30.875 78.625 157.98
30.875 78.875 240.09
30.875 79.125 273.65
30.875 79.375 101.78
30.875 79.625 98.761
30.875 79.875 155.99
31.125 74.875 23.263
31.125 75.125 17.169
31.125 75.375 24.302
31.125 75.625 28.43
31.125 75.875 50.932
31.125 76.125 63.663
31.125 76.375 50.254
31.125 76.625 40.832
31.125 76.875 49.358
31.125 77.125 70.709
31.125 77.375 74.157
31.125 77.625 84.459
31.125 77.875 70.914
31.125 78.125 76.509
31.125 78.375 108.73
31.125 78.625 161.84
31.125 78.875 183.77
31.125 79.125 174.4
31.375 74.875 22.379
31.375 75.125 16.879
31.375 75.375 20.936
31.375 75.625 38.947
31.375 75.875 44.008
31.375 76.125 34.534
31.375 76.375 38.107
31.375 76.625 33.979
31.375 76.875 40.009
31.375 77.125 41.165
31.375 77.375 59.864
31.375 77.625 94.395
31.375 77.875 58.034
31.375 78.125 61.711
31.375 78.375 79.422
31.375 78.625 107.66
31.625 74.875 25.036
31.625 75.125 22.281
31.625 75.375 28.711
31.625 75.625 26.203
31.625 75.875 24.549
31.625 76.125 32.767
31.625 76.375 31.526
31.625 76.625 35.972
31.625 76.875 25.849
31.625 77.125 34.203
31.625 77.375 88.095
31.625 77.625 103.51
31.625 77.875 77.334
31.625 78.125 65.876
31.625 78.375 61.607
31.625 78.625 65.377
31.875 74.875 24.617
31.875 75.125 21.394
31.875 75.375 25.661
31.875 75.625 26.578
31.875 75.875 43.315
31.875 76.125 32.982
31.875 76.375 30.161
31.875 76.625 34.199
31.875 76.875 34.464
31.875 77.125 60.666
31.875 77.375 116.04
31.875 77.625 141.51
31.875 77.875 120.37
31.875 78.125 93.859
31.875 78.375 57.094
31.875 78.625 40.441
32.125 75.375 34.081
32.125 75.625 28.983
32.125 75.875 29.141
32.125 76.125 30.652
32.125 76.375 49.239
32.125 76.625 56.658
32.125 76.875 67.21
32.125 77.125 96.405
32.125 77.375 128.46
32.125 77.625 151.63
32.125 77.875 142.32
32.125 78.125 106.78
32.125 78.375 58.09
32.375 75.375 23.355
32.375 75.625 28.574
32.375 75.875 26.758
32.375 76.125 55.993
32.375 76.375 89.183
32.375 76.625 108.99
32.375 76.875 138.4
32.375 77.125 153.01
32.375 77.375 153.75
32.375 77.625 146.71
32.375 77.875 134.85
32.375 78.125 107.26
32.375 78.375 64.953
32.625 74.875 16.973
32.625 75.125 21.259
32.625 75.375 30.279
32.625 75.625 33.68
32.625 75.875 33.172
32.625 76.125 55.923
32.625 76.375 93.839
32.625 76.625 119.8
32.625 76.875 144.89
32.625 77.125 151.38
32.625 77.375 137.43
32.625 77.625 122.22
32.625 77.875 109.66
32.625 78.125 91.924
32.625 78.375 64.356
32.625 78.625 49.547
32.625 78.875 48.008
32.625 79.125 48.07
32.625 79.375 49.987
32.875 74.375 17.427
32.875 74.625 24.974
32.875 74.875 19.673
32.875 75.125 25.582
32.875 75.375 41.547
32.875 75.625 45.127
32.875 75.875 41.268
32.875 76.125 53.839
32.875 76.375 74.808
32.875 76.625 87.183
32.875 76.875 91.147
32.875 77.125 88.093
32.875 77.375 78.074
32.875 77.625 69.328
32.875 77.875 62.019
32.875 78.125 62.837
32.875 78.375 56.404
32.875 78.625 51.325
32.875 78.875 48.28
32.875 79.125 49.83
32.875 79.375 56.261
33.125 73.875 12.829
33.125 74.125 16.103
33.125 74.375 27.836
33.125 74.625 36.255
33.125 74.875 23.692
33.125 75.125 26.081
33.125 75.375 35.143
33.125 75.625 40.065
33.125 75.875 41.984
33.125 76.125 51.225
33.125 76.375 64.547
33.125 76.625 66.418
33.125 76.875 56.396
33.125 77.125 47.738
33.125 77.375 40.112
33.125 77.625 36.929
33.125 77.875 37.422
33.125 78.125 39.579
33.125 78.375 44.072
33.125 78.625 50.225
33.125 78.875 47.517
33.125 79.125 49.464
33.375 73.875 17.039
33.375 74.125 26.963
33.375 74.375 45.174
33.375 74.625 48.956
33.375 74.875 35.594
33.375 75.125 24.795
33.375 75.375 22.953
33.375 75.625 28.416
33.375 75.875 37.666
33.375 76.125 47.689
33.375 76.375 59.542
33.375 76.625 56.341
33.375 76.875 40.74
33.375 77.125 30.951
33.375 77.375 27.052
33.375 77.625 30.01
33.375 77.875 39.573
33.375 78.125 48.38
33.375 78.375 55.7
33.375 78.625 56.033
33.375 78.875 48.883
33.625 73.875 24.861
33.625 74.125 32.161
33.625 74.375 46.397
33.625 74.625 51.105
33.625 74.875 39.431
33.625 75.125 23.424
33.625 75.375 17.648
33.625 75.625 22.742
33.625 75.875 36.921
33.625 76.125 48.634
33.625 76.375 57.412
33.625 76.625 52.231
33.625 76.875 34.543
33.625 77.125 24.073
33.625 77.375 20.854
33.625 77.625 25.359
33.625 77.875 37.608
33.625 78.125 47.938
33.625 78.375 56.352
33.625 78.625 54.098
33.625 78.875 44.108
33.875 73.875 18.915
33.875 74.125 23.85
33.875 74.375 31.15
33.875 74.625 46.533
33.875 74.875 36.354
33.875 75.125 18.145
33.875 75.375 16.168
33.875 75.625 24.311
33.875 75.875 42.587
33.875 76.125 54.543
33.875 76.375 59.908
33.875 76.625 54.568
33.875 76.875 38.746
33.875 77.125 28.269
33.875 77.375 22.867
33.875 77.625 23.775
33.875 77.875 31.196
33.875 78.125 38.774
33.875 78.375 46.47
33.875 78.625 44.303
33.875 78.875 33.754
34.125 73.625 11.837
34.125 73.875 14.562
34.125 74.125 16.709
34.125 74.375 19.734
34.125 74.625 15.584
34.125 74.875 11.328
34.125 75.125 14.622
34.125 75.375 16.732
34.125 75.625 24.046
34.125 75.875 37.784
34.125 76.125 46.553
34.125 76.375 50.219
34.125 76.625 47.96
34.125 76.875 40.124
34.125 77.125 33.228
34.125 77.375 26.791
34.125 77.625 25.808
34.125 77.875 30.538
34.125 78.125 35.288
34.125 78.375 40.007
34.125 78.625 37.286
34.125 78.875 27.91
34.125 79.125 25.217
34.125 79.375 28.925
34.375 73.625 13.079
34.375 73.875 13.034
34.375 74.125 12.527
34.375 74.375 14.737
34.375 74.625 12.389
34.375 74.875 9.4065
34.375 75.125 13.713
34.375 75.375 19.841
34.375 75.625 22.444
34.375 75.875 22.745
34.375 76.125 24.116
34.375 76.375 27.067
34.375 76.625 31.418
34.375 76.875 37.818
34.375 77.125 37.929
34.375 77.375 31.989
34.375 77.625 31.398
34.375 77.875 35.617
34.375 78.125 37.46
34.375 78.375 36.937
34.375 78.625 33.048
34.375 78.875 26.212
34.375 79.125 24.826
34.375 79.375 28.839
34.625 73.875 32.141
34.625 74.125 32.365
34.625 74.375 31.543
34.625 74.625 31.192
34.625 74.875 30.299
34.625 75.125 31.239
34.625 75.375 29.591
34.625 75.625 24.924
34.625 75.875 16.332
34.625 76.125 12.375
34.625 76.375 14.142
34.625 76.625 21.085
34.625 76.875 33.627
34.625 77.125 37.705
34.625 77.375 33.447
34.625 77.625 33.279
34.625 77.875 37.138
34.625 78.125 37.848
34.625 78.375 35.345
34.625 78.625 31.462
34.625 78.875 26.269
34.625 79.125 24.601
34.625 79.375 26.52
34.625 79.625 30.588
34.875 74.125 73.813
34.875 74.375 72.741
34.875 74.625 72.218
34.875 74.875 71.102
34.875 75.125 62.937
34.875 75.375 44.987
34.875 75.625 30.723
34.875 75.875 17.659
34.875 76.125 11.389
34.875 76.375 11.581
34.875 76.625 16.702
34.875 76.875 27.183
34.875 77.125 31.876
34.875 77.375 30.767
34.875 77.625 31.945
34.875 77.875 35.393
34.875 78.125 36.386
34.875 78.375 34.936
34.875 78.625 32.197
34.875 78.875 27.826
34.875 79.125 24.322
34.875 79.375 21.826
34.875 79.625 21.69
34.875 79.875 23.889
35.125 74.375 73.216
35.125 74.625 73.878
35.125 74.875 74.187
35.125 75.125 63.628
35.125 75.375 43.095
35.125 75.625 28.533
35.125 75.875 16.17
35.125 76.125 11.74
35.125 76.375 13.482
35.125 76.625 19.795
35.125 76.875 31.052
35.125 77.125 37.063
35.125 77.375 37.789
35.125 77.625 37.593
35.125 77.875 36.459
35.125 78.125 35.268
35.125 78.375 34.061
35.125 78.625 32.292
35.125 78.875 29.562
35.125 79.125 26.526
35.125 79.375 23.304
35.125 79.625 22.911
35.125 79.875 25.376
35.375 73.875 27.974
35.375 74.125 30.307
35.375 74.375 32.462
35.375 74.625 35.794
35.375 74.875 39.553
35.375 75.125 34.705
35.375 75.375 23.743
35.375 75.625 18.171
35.375 75.875 12.065
35.375 76.125 13.391
35.375 76.375 19.837
35.375 76.625 30.358
35.375 76.875 45.293
35.375 77.125 53.368
35.375 77.375 54.566
35.375 77.625 50.244
35.375 77.875 40.403
35.375 78.125 34.622
35.375 78.375 32.899
35.375 78.625 31.919
35.375 78.875 31.579
35.375 79.125 31.219
35.375 79.375 30.896
35.375 79.625 34.179
35.375 79.875 41.116
NaN NaN NaN
35.625 73.375 30.964
35.625 73.625 19.724
35.625 73.875 14.638
35.625 74.125 13.02
35.625 74.375 14.435
35.625 74.625 21.195
35.625 74.875 32.697
35.625 75.125 34.295
35.625 75.375 33.232
35.625 75.625 32.168
35.625 75.875 27.009
35.625 76.125 27.768
35.625 76.375 34.188
35.625 76.625 44.017
35.625 76.875 57.279
35.625 77.125 64.273
35.625 78.375 35.5
35.625 78.625 39.254
35.625 78.875 47.959
35.625 79.125 58.38
35.625 79.375 70.544
35.625 79.625 80.908
35.625 79.875 89.52
35.625 80.125 100.11
35.875 73.125 72.601
35.875 73.375 57.706
35.875 73.625 43.33
35.875 73.875 29.418
35.875 74.125 19.616
35.875 74.375 19.576
35.875 74.625 28.556
35.875 74.875 52.435
35.875 75.125 66.977
35.875 75.375 73.891
35.875 75.625 71.965
35.875 75.875 60.232
35.875 76.125 55.196
35.875 76.375 56.89
35.875 76.625 60.773
35.875 79.375 142.23
36.125 72.625 58.793
36.125 72.875 0.12592
36.125 73.125 4.6379
36.125 73.375 63.275
36.125 73.625 52.229
36.125 73.875 39.694
36.125 74.125 30.586
36.125 74.375 27.737
36.125 74.625 37.532
36.125 74.875 60.789
36.125 75.125 78.988
36.125 75.375 92.599
36.125 75.625 92.657
36.125 75.875 79.337
36.125 76.125 72.457
36.125 76.375 71.865
36.125 76.625 73.844
36.375 73.125 48.704
36.375 73.375 47.7
36.375 73.625 46.499
36.375 73.875 45.07
36.375 74.125 44.021
36.375 74.375 44.761
36.375 74.625 49.539
36.375 74.875 58.057
36.375 75.125 70.86
36.375 75.375 87.917
36.375 75.625 92.132
36.375 75.875 83.914
36.375 76.125 79.516
36.625 73.375 40.698
36.625 73.625 44.767
36.625 73.875 49.829
36.625 74.125 54.156
36.625 74.375 58.443
36.625 74.625 61.038
36.625 74.875 61.612
36.625 75.125 72.877
36.625 75.375 94.604
36.625 75.625 102.16
36.875 73.875 53.988
36.875 74.375 68.447
36.875 74.625 72.041
36.875 74.875 71.622
36.875 75.125 85.339
36.875 75.375 112.93
