8.125 77.375 2.957
8.375 77.125 30.235
8.375 77.375 8.6069
8.375 77.625 29.046
8.375 77.875 9.1639
8.625 76.875 6.9536
8.625 77.125 0.052439
8.625 77.375 0
8.625 77.625 10.816
8.625 77.875 34.588
8.875 76.875 19.772
8.875 77.125 0
8.875 77.375 0
8.875 77.625 3.5864
8.875 77.875 6.9986
9.125 76.625 59.456
9.125 76.875 7.2581
9.125 77.125 1.2678
9.125 77.375 0.04983
9.125 77.625 2.8642
9.125 77.875 5.3795
9.125 78.125 0
NaN NaN NaN
9.375 76.625 164.36
9.375 76.875 70.396
9.375 77.125 12.606
9.375 77.375 36.476
9.375 77.625 12.84
9.375 77.875 25.503
9.375 78.125 0
9.375 78.375 1.0193
9.375 78.625 0
NaN NaN NaN
9.625 76.375 101.92
9.625 76.625 82.329
9.625 76.875 58.765
9.625 77.125 29.55
9.625 77.375 46.727
9.625 77.625 26.208
9.625 77.875 17.379
9.625 78.125 3.8925
9.625 78.375 2.6031
9.625 78.625 0
9.875 76.625 58.262
9.875 76.875 31.495
9.875 77.125 19.54
9.875 77.375 18.383
9.875 77.625 33.536
9.875 77.875 30.89
9.875 78.125 13.557
9.875 78.375 30.218
9.875 78.625 1.8182
9.875 78.875 0.49153
10.125 76.375 36.471
10.125 76.625 62.282
10.125 76.875 72.325
10.125 77.125 45.552
10.125 77.375 24.956
10.125 77.625 24.952
10.125 77.875 9.877
10.125 78.125 11.557
10.125 78.375 56.8
10.125 78.625 6.1409
10.125 78.875 0.093053
10.125 79.125 0
10.375 76.375 17.171
10.375 76.625 10.771
10.375 76.875 11.675
10.375 77.125 33.814
10.375 77.375 34.396
10.375 77.625 40.13
10.375 77.875 4.4996
10.375 78.125 17.095
10.375 78.375 9.4513
10.375 78.625 15.633
10.375 78.875 4.2521
10.375 79.125 0
NaN NaN NaN
NaN NaN NaN
10.625 76.125 52.508
10.625 76.375 42.073
10.625 76.625 9.9957
10.625 76.875 7.4415
10.625 77.125 4.7241
10.625 77.375 0.18766
10.625 77.625 13.18
10.625 77.875 5.903
10.625 78.125 13.443
10.625 78.375 2.7612
10.625 78.625 19.57
10.625 78.875 11.693
10.625 79.125 0
10.625 79.375 1.085
10.625 79.625 0
10.875 76.125 127.8
10.875 76.375 76.034
10.875 76.625 18.848
10.875 76.875 12.621
10.875 77.125 52.376
10.875 77.375 32.073
10.875 77.625 37.033
10.875 77.875 14.025
10.875 78.125 0.88862
10.875 78.375 21.716
10.875 78.625 50.613
10.875 78.875 9.7251
10.875 79.125 0
10.875 79.375 0
10.875 79.625 0
11.125 76.125 25.672
11.125 76.375 19.941
11.125 76.625 50.207
11.125 76.875 45.904
11.125 77.125 60.559
11.125 77.375 49.733
11.125 77.625 16.461
11.125 77.875 23.662
11.125 78.125 6.9472
11.125 78.375 26.312
11.125 78.625 18.239
11.125 78.875 1.2
11.125 79.125 2.6737
11.125 79.375 4.5485
11.125 79.625 1.5422
11.375 75.875 73.063
11.375 76.125 54.586
11.375 76.375 18.956
11.375 76.625 20.537
11.375 76.875 27.823
11.375 77.125 28.122
11.375 77.375 24.796
11.375 77.625 66.198
11.375 77.875 11.972
11.375 78.125 25.707
11.375 78.375 21.977
11.375 78.625 9.0625
11.375 78.875 0
11.375 79.125 0
11.375 79.375 0
11.375 79.625 0
11.625 75.875 31.855
11.625 76.125 39.137
11.625 76.375 22.979
11.625 76.625 33.088
11.625 76.875 3.803
11.625 77.125 11.374
11.625 77.375 78.891
11.625 77.625 66.799
11.625 77.875 11.965
11.625 78.125 38.377
11.625 78.375 39.086
11.625 78.625 5.9039
11.625 78.875 0
11.625 79.125 0
11.625 79.375 0
NaN NaN NaN
NaN NaN NaN
11.875 75.875 32.495
11.875 76.125 31.2
11.875 76.375 32.409
11.875 76.625 36.128
11.875 76.875 19.798
11.875 77.125 31.224
11.875 77.375 36.662
11.875 77.625 42.541
11.875 77.875 57.457
11.875 78.125 37.769
11.875 78.375 32.251
11.875 78.625 26.574
11.875 78.875 0.58662
11.875 79.125 0
11.875 79.375 0
11.875 79.625 0
12.125 75.375 53.341
12.125 75.625 42.128
12.125 75.875 46.168
12.125 76.125 44.784
12.125 76.375 43.204
12.125 76.625 35.737
12.125 76.875 31.154
12.125 77.125 32.349
12.125 77.375 39.811
12.125 77.625 40.548
12.125 77.875 43.679
12.125 78.125 43.699
12.125 78.375 50.903
12.125 78.625 18.757
12.125 78.875 0.32952
12.125 79.125 0
12.125 79.375 0
12.125 79.625 0.08945
12.375 75.125 60.7
12.375 75.375 68.727
12.375 75.625 47.563
12.375 75.875 25.001
12.375 76.125 30.411
12.375 76.375 35.254
12.375 76.625 58.074
12.375 76.875 45.768
12.375 77.125 30.877
12.375 77.375 43.969
12.375 77.625 58.026
12.375 77.875 77.112
12.375 78.125 36.514
12.375 78.375 39.095
12.375 78.625 30.343
12.375 78.875 7.7384
12.375 79.125 3.7134
12.375 79.375 2.9397
12.375 79.625 1.4366
12.375 79.875 0
12.625 75.125 45.419
12.625 75.375 38.076
12.625 75.625 42.257
12.625 75.875 41.224
12.625 76.125 31.02
12.625 76.375 87.346
12.625 76.625 89.921
12.625 76.875 30.592
12.625 77.125 24.399
12.625 77.375 37.802
12.625 77.625 56.866
12.625 77.875 48.718
12.625 78.125 31.409
12.625 78.375 55.945
12.625 78.625 32.509
12.625 78.875 6.5154
12.625 79.125 3.8807
12.625 79.375 4.4907
12.625 79.625 0
12.625 79.875 0
12.875 75.125 70.18
12.875 75.375 75.686
12.875 75.625 56.291
12.875 75.875 43.694
12.875 76.125 40.757
12.875 76.375 84.568
12.875 76.625 52.52
12.875 76.875 32.353
12.875 77.125 38.367
12.875 77.375 52.201
12.875 77.625 30.062
12.875 77.875 6.9644
12.875 78.125 24.957
12.875 78.375 37.835
12.875 78.625 21.531
12.875 78.875 9.2751
12.875 79.125 16.43
12.875 79.375 3.8526
12.875 79.625 0
12.875 79.875 0
NaN NaN NaN
13.125 75.125 111.29
13.125 75.375 93.36
13.125 75.625 57.329
13.125 75.875 73.371
13.125 76.125 131.1
13.125 76.375 113.13
13.125 76.625 88.084
13.125 76.875 52.331
13.125 77.125 34.305
13.125 77.375 26.651
13.125 77.625 5.2728
13.125 77.875 2.9238
13.125 78.125 14.591
13.125 78.375 27.325
13.125 78.625 16.706
13.125 78.875 10.963
13.125 79.125 36.449
13.125 79.375 12.156
13.125 79.625 8.964
13.125 79.875 0
13.125 80.125 0
NaN NaN NaN
13.375 75.125 73.455
13.375 75.375 55.627
13.375 75.625 18.667
13.375 75.875 26.053
13.375 76.125 93.051
13.375 76.375 97.656
13.375 76.625 63.684
13.375 76.875 56.207
13.375 77.125 61.756
13.375 77.375 16.373
13.375 77.625 6.1898
13.375 77.875 12.133
13.375 78.125 15.452
13.375 78.375 10.874
13.375 78.625 5.4353
13.375 78.875 6.2512
13.375 79.125 39.725
13.375 79.375 32.486
13.375 79.625 5.8626
13.375 79.875 9.024
13.375 80.125 5.7605
13.625 74.875 71.654
13.625 75.125 76.132
13.625 75.375 23.339
13.625 75.625 14.622
13.625 75.875 17.686
13.625 76.125 20.845
13.625 76.375 25.014
13.625 76.625 53.4
13.625 76.875 40.467
13.625 77.125 26.869
13.625 77.375 38.071
13.625 77.625 23.027
13.625 77.875 12.896
13.625 78.125 4.4625
13.625 78.375 0.53225
13.625 78.625 0.79937
13.625 78.875 11.517
13.625 79.125 19.784
13.625 79.375 2
13.625 79.625 9.1142
13.625 79.875 14.672
13.625 80.125 7.1438
13.875 74.875 50.259
13.875 75.125 51.536
13.875 75.375 37.981
13.875 75.625 14.337
13.875 75.875 14.637
13.875 76.125 22.101
13.875 76.375 17.26
13.875 76.625 15.311
13.875 76.875 16.803
13.875 77.125 11.05
13.875 77.375 8.8978
13.875 77.625 38.061
13.875 77.875 32.397
13.875 78.125 33.165
13.875 78.375 0.42712
13.875 78.625 0
13.875 78.875 0.33213
13.875 79.125 1.0958
13.875 79.375 10.096
13.875 79.625 21.361
13.875 79.875 11.842
14.125 74.625 28.485
14.125 74.875 27.005
14.125 75.125 15.488
14.125 75.375 25.355
14.125 75.625 9.9808
14.125 75.875 13.403
14.125 76.125 36.995
14.125 76.375 24.519
14.125 76.625 34.393
14.125 76.875 27.026
14.125 77.125 14.727
14.125 77.375 51.409
14.125 77.625 49.104
14.125 77.875 44.374
14.125 78.125 10.491
14.125 78.375 3.4862
14.125 78.625 2.5098
14.125 78.875 1.6187
14.125 79.125 5.1224
14.125 79.375 7.7283
14.125 79.625 7.5627
14.125 79.875 7.8328
14.375 74.625 13.349
14.375 74.875 3.288
14.375 75.125 0.030994
14.375 75.375 6.0293
14.375 75.625 2.5861
14.375 75.875 3.9114
14.375 76.125 13.931
14.375 76.375 17.107
14.375 76.625 17.773
14.375 76.875 13.275
14.375 77.125 17.27
14.375 77.375 63.362
14.375 77.625 67.279
14.375 77.875 20.36
14.375 78.125 9.9578
14.375 78.375 22.829
14.375 78.625 13.724
14.375 78.875 8.4122
14.375 79.125 4.1866
14.375 79.375 2.3932
14.375 79.625 0.75063
14.375 79.875 2.1367
NaN NaN NaN
14.625 74.625 6.7513
14.625 74.875 1.6394
14.625 75.125 0.89081
14.625 75.375 0.60706
14.625 75.625 0.21389
14.625 75.875 1.7276
14.625 76.125 11.793
14.625 76.375 1.4505
14.625 76.625 1.2942
14.625 76.875 17.844
14.625 77.125 23.465
14.625 77.375 25.384
14.625 77.625 46.335
14.625 77.875 86.579
14.625 78.125 78.472
14.625 78.375 63.065
14.625 78.625 12.789
14.625 78.875 11.203
14.625 79.125 7.6135
14.625 79.375 3.1361
14.625 79.625 1.4427
14.625 79.875 1.4705
14.875 74.375 16.124
14.875 74.625 2.717
14.875 74.875 1.4551
14.875 75.125 0.84136
14.875 75.375 0.084843
14.875 75.625 4.1316
14.875 75.875 6.2807
14.875 76.125 6.0052
14.875 76.375 0.52047
14.875 76.625 3.1319
14.875 76.875 24.904
14.875 77.125 25.083
14.875 77.375 42.73
14.875 77.625 44.394
14.875 77.875 45.676
14.875 78.125 60.345
14.875 78.375 58.165
14.875 78.625 5.6924
14.875 78.875 8.9659
14.875 79.125 15.409
14.875 79.375 7.4064
14.875 79.625 1.9081
14.875 79.875 3.2209
15.125 74.125 15.657
15.125 74.375 6.7649
15.125 74.625 9.0919
15.125 74.875 5.4224
15.125 75.125 6.4349
15.125 75.375 1.5731
15.125 75.625 10.747
15.125 75.875 13.513
15.125 76.125 4.7981
15.125 76.375 4.1984
15.125 76.625 1.5034
15.125 76.875 1.6779
15.125 77.125 0.88967
15.125 77.375 25.789
15.125 77.625 7.203
15.125 77.875 2.1014
15.125 78.125 18.695
15.125 78.375 15.262
15.125 78.625 12.791
15.125 78.875 28.301
15.125 79.125 37.283
15.125 79.375 10.031
15.125 79.625 3.587
15.125 79.875 5.7228
15.375 73.875 10.255
15.375 74.125 5.9203
15.375 74.375 14.089
15.375 74.625 4.3151
15.375 74.875 2.605
15.375 75.125 9.358
15.375 75.375 7.1294
15.375 75.625 8.9067
15.375 75.875 9.8967
15.375 76.125 14.799
15.375 76.375 16.853
15.375 76.625 6.2703
15.375 76.875 0.78015
15.375 77.125 0.52268
15.375 77.375 3.9319
15.375 77.625 1.6366
15.375 77.875 3.4832
15.375 78.125 9.6128
15.375 78.375 18.216
15.375 78.625 20.335
15.375 78.875 7.7209
15.375 79.125 22.003
15.375 79.375 15.239
15.375 79.625 8.0074
15.375 79.875 11.838
15.625 73.875 4.7113
15.625 74.125 13.821
15.625 74.375 37.537
15.625 74.625 2.1764
15.625 74.875 2.9792
15.625 75.125 5.3261
15.625 75.375 11.87
15.625 75.625 11.748
15.625 75.875 10.577
15.625 76.125 9.6227
15.625 76.375 48.264
15.625 76.625 40.635
15.625 76.875 9.513
15.625 77.125 19.831
15.625 77.375 18.508
15.625 77.625 13.224
15.625 77.875 2.2919
15.625 78.125 54.732
15.625 78.375 29.928
15.625 78.625 4.6719
15.625 78.875 17.195
15.625 79.125 7.009
15.625 79.375 1.9477
15.625 79.625 1.5424
15.625 79.875 19.787
15.625 80.125 21.268
15.875 73.875 4.029
15.875 74.125 2.9318
15.875 74.375 11.943
15.875 74.625 9.0734
15.875 74.875 1.7172
15.875 75.125 6.0235
15.875 75.375 11.529
15.875 75.625 14.784
15.875 75.875 19.266
15.875 76.125 29.705
15.875 76.375 46.872
15.875 76.625 25.202
15.875 76.875 2.4
15.875 77.125 22.344
15.875 77.375 23.983
15.875 77.625 6.7082
15.875 77.875 15.305
15.875 78.125 3.8753
15.875 78.375 9.4753
15.875 78.625 12.286
15.875 78.875 20.807
15.875 79.125 17.342
15.875 79.375 5.5809
15.875 79.625 1.5079
15.875 79.875 20.895
15.875 80.125 21.347
15.875 80.375 25.018
NaN NaN NaN
15.875 80.875 35.086
16.125 73.625 6.9065
16.125 73.875 0.053057
16.125 74.125 0
16.125 74.375 0.94824
16.125 74.625 5.715
16.125 74.875 0
16.125 75.125 0
16.125 75.375 1.8126
16.125 75.625 24.249
16.125 75.875 38.078
16.125 76.125 44.635
16.125 76.375 73.392
16.125 76.625 35.783
16.125 76.875 4.2293
16.125 77.125 6.7198
16.125 77.375 20.506
16.125 77.625 0.23419
16.125 77.875 12.476
16.125 78.125 19.943
16.125 78.375 50.661
16.125 78.625 38.268
16.125 78.875 12.343
16.125 79.125 7.7679
16.125 79.375 0.9402
16.125 79.625 1.7262
16.125 79.875 25.893
16.125 80.125 43.817
16.125 80.375 75.475
16.125 80.625 48.324
16.125 80.875 44.723
16.375 73.625 0.27892
16.375 73.875 7.5203
16.375 74.125 13.725
16.375 74.375 1.119
16.375 74.625 8.2138
16.375 74.875 0.050585
16.375 75.125 0
16.375 75.375 9.9796
16.375 75.625 22.039
16.375 75.875 41.059
16.375 76.125 71.382
16.375 76.375 111.08
16.375 76.625 78.735
16.375 76.875 14.486
16.375 77.125 54.983
16.375 77.375 15.725
16.375 77.625 0
16.375 77.875 0.45266
16.375 78.125 9.5049
16.375 78.375 38.866
16.375 78.625 10.349
16.375 78.875 2.2326
16.375 79.125 0.16216
16.375 79.375 3.8859
16.375 79.625 0.97191
16.375 79.875 15.786
16.375 80.125 39.678
16.375 80.375 41.46
16.375 80.625 60.677
16.375 80.875 23.703
16.375 81.125 8.1923
NaN NaN NaN
NaN NaN NaN
16.625 73.625 0
16.625 73.875 0
16.625 74.125 2.0282
16.625 74.375 4.7888
16.625 74.625 2.0953
16.625 74.875 3.5171
16.625 75.125 11.543
16.625 75.375 15.785
16.625 75.625 14.452
16.625 75.875 11.973
16.625 76.125 26.321
16.625 76.375 36.482
16.625 76.625 62.285
16.625 76.875 37.7
16.625 77.125 12.672
16.625 77.375 7.5999
16.625 77.625 0
16.625 77.875 0
16.625 78.125 1.6579
16.625 78.375 4.0959
16.625 78.625 2.0847
16.625 78.875 7.4501
16.625 79.125 4.8035
16.625 79.375 2.8829
16.625 79.625 5.8198
16.625 79.875 10.431
16.625 80.125 19.444
16.625 80.375 42.731
16.625 80.625 38.563
16.625 80.875 19.806
16.625 81.125 5.5998
16.625 81.375 15.341
16.625 81.625 6.969
16.625 81.875 3.1512
16.625 82.125 10.449
16.875 73.375 1.0421
16.875 73.625 0.26514
16.875 73.875 0
16.875 74.125 0.68911
16.875 74.375 4.6205
16.875 74.625 0
16.875 74.875 8.2713
16.875 75.125 11.05
16.875 75.375 18.082
16.875 75.625 23.425
16.875 75.875 13.257
16.875 76.125 20.843
16.875 76.375 31.926
16.875 76.625 19.286
16.875 76.875 7.2939
16.875 77.125 4.6967
16.875 77.375 2.7776
16.875 77.625 0.39965
16.875 77.875 1.4968
16.875 78.125 0.44994
16.875 78.375 0.11899
16.875 78.625 6.0486
16.875 78.875 16.185
16.875 79.125 8.2251
16.875 79.375 1.2418
16.875 79.625 0.075696
16.875 79.875 41.515
16.875 80.125 28.305
16.875 80.375 30.331
16.875 80.625 39.291
16.875 80.875 32.217
16.875 81.125 6.8174
16.875 81.375 29.745
16.875 81.625 12.573
16.875 81.875 17.563
16.875 82.125 12.327
17.125 73.375 0.11685
17.125 73.625 0
17.125 73.875 0
17.125 74.125 0.29037
17.125 74.375 1.5976
17.125 74.625 0.79216
17.125 74.875 3.369
17.125 75.125 4.5342
17.125 75.375 15.758
17.125 75.625 22.497
17.125 75.875 13.093
17.125 76.125 4.3761
17.125 76.375 15.961
17.125 76.625 10.948
17.125 76.875 9.2253
17.125 77.125 4.2669
17.125 77.375 1.023
17.125 77.625 0
17.125 77.875 4.5515
17.125 78.125 0
17.125 78.375 0
17.125 78.625 0.44104
17.125 78.875 4.6528
17.125 79.125 0
17.125 79.375 0
17.125 79.625 0.041798
17.125 79.875 10.314
17.125 80.125 58.152
17.125 80.375 31.371
17.125 80.625 36.584
17.125 80.875 51.169
17.125 81.125 29.137
17.125 81.375 33.675
17.125 81.625 14.281
17.125 81.875 6.8519
17.125 82.125 3.4231
17.125 82.375 3.057
17.375 73.375 0
17.375 73.625 0
17.375 73.875 0.087843
17.375 74.125 1.0081
17.375 74.375 0.55649
17.375 74.625 0
17.375 74.875 0
17.375 75.125 0
17.375 75.375 6.3259
17.375 75.625 15.629
17.375 75.875 3.0295
17.375 76.125 2.9269
17.375 76.375 5.8927
17.375 76.625 18.488
17.375 76.875 5.5241
17.375 77.125 9.3995
17.375 77.375 6.9943
17.375 77.625 0.12118
17.375 77.875 5.26
17.375 78.125 3.2653
17.375 78.375 0
17.375 78.625 0.01168
17.375 78.875 5.955
17.375 79.125 5.6249
17.375 79.375 0.76721
17.375 79.625 0.20754
17.375 79.875 20.671
17.375 80.125 30.378
17.375 80.375 54.778
17.375 80.625 33.106
17.375 80.875 12.001
17.375 81.125 16.884
17.375 81.375 30.843
17.375 81.625 17.671
17.375 81.875 6.1257
17.375 82.125 6.0311
17.375 82.375 3.3084
NaN NaN NaN
17.625 73.375 0.14427
17.625 73.625 0
17.625 73.875 0
17.625 74.125 0.56206
17.625 74.375 0.21362
17.625 74.625 0.13382
17.625 74.875 0.34641
17.625 75.125 0
17.625 75.375 0.9679
17.625 75.625 13.244
17.625 75.875 6.518
17.625 76.125 1.6584
17.625 76.375 5.4066
17.625 76.625 43.25
17.625 76.875 4.4755
17.625 77.125 4.7648
17.625 77.375 4.7461
17.625 77.625 8.6134
17.625 77.875 0.0071861
17.625 78.125 0
17.625 78.375 0
17.625 78.625 0
17.625 78.875 0
17.625 79.125 1.0361
17.625 79.375 0.15347
17.625 79.625 0.028598
17.625 79.875 9.5114
17.625 80.125 29.688
17.625 80.375 41.672
17.625 80.625 26.528
17.625 80.875 18.627
17.625 81.125 25.664
17.625 81.375 24.166
17.625 81.625 11.203
17.625 81.875 10.415
17.625 82.125 12.377
17.625 82.375 10.137
17.625 82.625 4.6503
17.625 82.875 21.208
17.625 83.125 25.738
17.875 73.375 0.33164
17.875 73.625 0
17.875 73.875 0
17.875 74.125 0.37233
17.875 74.375 2.599
17.875 74.625 3.2906
17.875 74.875 11.449
17.875 75.125 6.7173
17.875 75.375 2.2817
17.875 75.625 2.7822
17.875 75.875 0.98237
17.875 76.125 0
17.875 76.375 6.8642
17.875 76.625 17.136
17.875 76.875 8.7341
17.875 77.125 3.7688
17.875 77.375 3.2817
17.875 77.625 12.166
17.875 77.875 2.3441
17.875 78.125 0
17.875 78.375 0
17.875 78.625 0
17.875 78.875 0.27499
17.875 79.125 0
17.875 79.375 0
17.875 79.625 0.034361
17.875 79.875 0
17.875 80.125 20.817
17.875 80.375 37.933
17.875 80.625 29.657
17.875 80.875 25.27
17.875 81.125 23.852
17.875 81.375 25.75
17.875 81.625 7.8475
17.875 81.875 9.9122
17.875 82.125 10.796
17.875 82.375 11.384
17.875 82.625 4.3459
17.875 82.875 2.9413
17.875 83.125 16.499
17.875 83.375 13.015
NaN NaN NaN
18.125 73.375 0.082544
18.125 73.625 0
18.125 73.875 0
18.125 74.125 2.7677
18.125 74.375 4.2437
18.125 74.625 8.368
18.125 74.875 29.941
18.125 75.125 20.648
18.125 75.375 16.815
18.125 75.625 8.7966
18.125 75.875 0.69731
18.125 76.125 0.92247
18.125 76.375 1.9925
18.125 76.625 1.0197
18.125 76.875 3.7934
18.125 77.125 0.0039557
18.125 77.375 2.2154
18.125 77.625 5.8692
18.125 77.875 1.3863
18.125 78.125 0.78392
18.125 78.375 0
18.125 78.625 5.0587
18.125 78.875 4.6518
18.125 79.125 0.13836
18.125 79.375 0.15914
18.125 79.625 0.70362
18.125 79.875 0.015543
18.125 80.125 6.27
18.125 80.375 26.459
18.125 80.625 25.345
18.125 80.875 27.078
18.125 81.125 21.184
18.125 81.375 27.279
18.125 81.625 9.9718
18.125 81.875 3.0758
18.125 82.125 14.391
18.125 82.375 15.008
18.125 82.625 11.306
18.125 82.875 10.173
18.125 83.125 8.4343
18.125 83.375 9.6
18.125 83.625 4.4736
18.375 73.125 3.5706
18.375 73.375 1.9584
18.375 73.625 0.015656
18.375 73.875 0
18.375 74.125 1.9593
18.375 74.375 3.7579
18.375 74.625 0.70584
18.375 74.875 2.5216
18.375 75.125 15.275
18.375 75.375 35.632
18.375 75.625 11.013
18.375 75.875 0.28696
18.375 76.125 2.4007
18.375 76.375 3.9209
18.375 76.625 0.631
18.375 76.875 0.94526
18.375 77.125 0
18.375 77.375 0.21216
18.375 77.625 0.18313
18.375 77.875 0.86231
18.375 78.125 0
18.375 78.375 0.072341
18.375 78.625 2.3158
18.375 78.875 1.7385
18.375 79.125 4.036
18.375 79.375 0.70847
18.375 79.625 1.0455
18.375 79.875 0.18801
18.375 80.125 2.1641
18.375 80.375 5.8236
18.375 80.625 7.2513
18.375 80.875 15.921
18.375 81.125 36.087
18.375 81.375 32.476
18.375 81.625 6.2839
18.375 81.875 2.3125
18.375 82.125 16.028
18.375 82.375 17.165
18.375 82.625 11.923
18.375 82.875 21.671
18.375 83.125 15.512
18.375 83.375 13.4
18.375 83.625 9.4323
18.375 83.875 15.808
18.625 73.125 19.097
18.625 73.375 1.9075
18.625 73.625 0
18.625 73.875 0
18.625 74.125 0.061126
18.625 74.375 0.8659
18.625 74.625 1.3763
18.625 74.875 0
18.625 75.125 0.07103
18.625 75.375 4.5458
18.625 75.625 2.7921
18.625 75.875 2.6215
18.625 76.125 0.98284
18.625 76.375 2.4358
18.625 76.625 14.907
18.625 76.875 0
18.625 77.125 0
18.625 77.375 0
18.625 77.625 2.267
18.625 77.875 0
18.625 78.125 0.26762
18.625 78.375 0.0014356
18.625 78.625 0.060089
18.625 78.875 2.4239
18.625 79.125 5.2933
18.625 79.375 0.22895
18.625 79.625 0.075722
18.625 79.875 4.2914
18.625 80.125 6.0594
18.625 80.375 2.9224
18.625 80.625 4.8513
18.625 80.875 17.304
18.625 81.125 29.606
18.625 81.375 23.696
18.625 81.625 27.949
18.625 81.875 10.011
18.625 82.125 28.147
18.625 82.375 20.364
18.625 82.625 16.994
18.625 82.875 16.079
18.625 83.125 13.084
18.625 83.375 13.554
18.625 83.625 24.314
18.625 83.875 15.32
18.625 84.125 20.331
18.875 73.125 0.72029
18.875 73.375 0.64898
18.875 73.625 0
18.875 73.875 0
18.875 74.125 0.088292
18.875 74.375 0.18436
18.875 74.625 13.776
18.875 74.875 9.8213
18.875 75.125 4.8827
18.875 75.375 0.79402
18.875 75.625 0.66283
18.875 75.875 0.42852
18.875 76.125 1.1782
18.875 76.375 6.6832
18.875 76.625 0.82184
18.875 76.875 2.673
18.875 77.125 17.47
18.875 77.375 0
18.875 77.625 2.5813
18.875 77.875 4.7562
18.875 78.125 0.066615
18.875 78.375 0
18.875 78.625 0
18.875 78.875 2.0931
18.875 79.125 7.3234
18.875 79.375 1.5271
18.875 79.625 0.36594
18.875 79.875 3.0524
18.875 80.125 3.0983
18.875 80.375 4.2333
18.875 80.625 9.9272
18.875 80.875 7.7137
18.875 81.125 3.427
18.875 81.375 33.448
18.875 81.625 21.428
18.875 81.875 53.822
18.875 82.125 26.647
18.875 82.375 22.042
18.875 82.625 39.049
18.875 82.875 23.857
18.875 83.125 25.482
18.875 83.375 28.802
18.875 83.625 63.415
18.875 83.875 49.744
18.875 84.125 28.833
18.875 84.375 32.645
19.125 73.125 1.7527
19.125 73.375 0.95964
19.125 73.625 0.12924
19.125 73.875 0.62388
19.125 74.125 1.2941
19.125 74.375 4.8219
19.125 74.625 11.598
19.125 74.875 7.5494
19.125 75.125 4.2347
19.125 75.375 0.65901
19.125 75.625 0
19.125 75.875 0
19.125 76.125 6.761
19.125 76.375 9.1937
19.125 76.625 6.4969
19.125 76.875 10.849
19.125 77.125 29.114
19.125 77.375 0
19.125 77.625 1.6875
19.125 77.875 2.4988
19.125 78.125 2.4054
19.125 78.375 8.2226
19.125 78.625 7.4288
19.125 78.875 3.0216
19.125 79.125 11.327
19.125 79.375 14
19.125 79.625 8.678
19.125 79.875 4.1199
19.125 80.125 0.57262
19.125 80.375 0.92094
19.125 80.625 3.8445
19.125 80.875 0.98884
19.125 81.125 2.0333
19.125 81.375 11.214
19.125 81.625 22.547
19.125 81.875 1.5158
19.125 82.125 22.345
19.125 82.375 1.8147
19.125 82.625 47.121
19.125 82.875 41.951
19.125 83.125 32.734
19.125 83.375 26.383
19.125 83.625 29.722
19.125 83.875 43.87
19.125 84.125 43.374
19.125 84.375 27.058
19.125 84.625 35.258
19.375 72.875 0
19.375 73.125 0.33767
19.375 73.375 10.756
19.375 73.625 4.8867
19.375 73.875 1.8119
19.375 74.125 1.6269
19.375 74.375 4.7818
19.375 74.625 0.60914
19.375 74.875 0.31984
19.375 75.125 3.8205
19.375 75.375 1.2939
19.375 75.625 0
19.375 75.875 0.25196
19.375 76.125 4.6705
19.375 76.375 0.61131
19.375 76.625 3.2195
19.375 76.875 6.2383
19.375 77.125 12.617
19.375 77.375 0.081699
19.375 77.625 0.50445
19.375 77.875 0.68814
19.375 78.125 4.6546
19.375 78.375 10.748
19.375 78.625 9.9764
19.375 78.875 2.932
19.375 79.125 8.1956
19.375 79.375 16.283
19.375 79.625 7.2754
19.375 79.875 0.99704
19.375 80.125 0
19.375 80.375 0
19.375 80.625 0.68872
19.375 80.875 1.4148
19.375 81.125 7.7347
19.375 81.375 6.7949
19.375 81.625 5.7973
19.375 81.875 3.5767
19.375 82.125 3.6712
19.375 82.375 12.322
19.375 82.625 25.916
19.375 82.875 36.803
19.375 83.125 27.098
19.375 83.375 18.062
19.375 83.625 23.049
19.375 83.875 48.426
19.375 84.125 55.228
19.375 84.375 47.139
19.375 84.625 35.401
19.375 84.875 23.717
19.625 72.875 0
19.625 73.125 5.4361
19.625 73.375 18.04
19.625 73.625 4.8629
19.625 73.875 1.778
19.625 74.125 0
19.625 74.375 7.0148
19.625 74.625 6.0026
19.625 74.875 3.3538
19.625 75.125 1.4722
19.625 75.375 0.24856
19.625 75.625 0.034604
19.625 75.875 0.44557
19.625 76.125 0.25801
19.625 76.375 1.1466
19.625 76.625 4.8389
19.625 76.875 3.9069
19.625 77.125 3.4947
19.625 77.375 3.7558
19.625 77.625 0.61348
19.625 77.875 1.0325
19.625 78.125 6.6805
19.625 78.375 8.9345
19.625 78.625 20.052
19.625 78.875 9.9356
19.625 79.125 8.0186
19.625 79.375 4.7937
19.625 79.625 3.0736
19.625 79.875 1.4435
19.625 80.125 0.19254
19.625 80.375 0
19.625 80.625 0
19.625 80.875 0.15011
19.625 81.125 3.5714
19.625 81.375 7.1945
19.625 81.625 3.5967
19.625 81.875 3.7839
19.625 82.125 6.7623
19.625 82.375 34.44
19.625 82.625 27.781
19.625 82.875 41.617
19.625 83.125 14.586
19.625 83.375 37.057
19.625 83.625 37.185
19.625 83.875 40.744
19.625 84.125 65.922
19.625 84.375 61.382
19.625 84.625 38.599
19.625 84.875 31.279
19.625 85.125 3.4982
19.625 85.375 22.145
19.875 72.875 0
19.875 73.125 1.0105
19.875 73.375 11.923
19.875 73.625 34.07
19.875 73.875 1.7253
19.875 74.125 0
19.875 74.375 6.7424
19.875 74.625 10.555
19.875 74.875 4.7024
19.875 75.125 1.7822
19.875 75.375 0.82511
19.875 75.625 0.13491
19.875 75.875 1.4389
19.875 76.125 0.23799
19.875 76.375 0.16499
19.875 76.625 0.99783
19.875 76.875 5.3319
19.875 77.125 3.7218
19.875 77.375 4.2434
19.875 77.625 2.4111
19.875 77.875 4.7837
19.875 78.125 3.362
19.875 78.375 1.0495
19.875 78.625 2.8917
19.875 78.875 6.3799
19.875 79.125 8.0558
19.875 79.375 2.599
19.875 79.625 5.1782
19.875 79.875 4.5395
19.875 80.125 0
19.875 80.375 0
19.875 80.625 0
19.875 80.875 0.25509
19.875 81.125 4.3419
19.875 81.375 0.025917
19.875 81.625 0
19.875 81.875 1.3789
19.875 82.125 10.719
19.875 82.375 29.102
19.875 82.625 32.248
19.875 82.875 41.752
19.875 83.125 33.04
19.875 83.375 33.149
19.875 83.625 34.261
19.875 83.875 37.972
19.875 84.125 72.82
19.875 84.375 68.976
19.875 84.625 32.099
19.875 84.875 12.974
19.875 85.125 8.9654
19.875 85.375 16.23
NaN NaN NaN
NaN NaN NaN
NaN NaN NaN
20.125 72.875 4.0584
20.125 73.125 5.4656
20.125 73.375 32.195
20.125 73.625 14.174
20.125 73.875 2.9284
20.125 74.125 6.7602
20.125 74.375 0.12146
20.125 74.625 7.0703
20.125 74.875 7.2127
20.125 75.125 3.0433
20.125 75.375 0.17373
20.125 75.625 0
20.125 75.875 0.0045102
20.125 76.125 0.0044323
20.125 76.375 0.16588
20.125 76.625 1.908
20.125 76.875 3.7765
20.125 77.125 0.39794
20.125 77.375 2.0246
20.125 77.625 3.617
20.125 77.875 7.2173
20.125 78.125 4.812
20.125 78.375 1.8549
20.125 78.625 4.66
20.125 78.875 4.6475
20.125 79.125 2.0402
20.125 79.375 0.10603
20.125 79.625 9.7081
20.125 79.875 1.8572
20.125 80.125 0
20.125 80.375 0.087972
20.125 80.625 0.035283
20.125 80.875 0
20.125 81.125 0.008475
20.125 81.375 0.49208
20.125 81.625 0.68756
20.125 81.875 2.6023
20.125 82.125 12.015
20.125 82.375 2.7344
20.125 82.625 22.337
20.125 82.875 30.6
20.125 83.125 24.099
20.125 83.375 19.819
20.125 83.625 21.321
20.125 83.875 61.042
20.125 84.125 65.77
20.125 84.375 19.125
20.125 84.625 12.68
20.125 84.875 11.96
20.125 85.125 6.805
20.125 85.375 26.923
20.125 85.625 23.731
20.125 85.875 16.506
20.125 86.125 9.5616
NaN NaN NaN
20.375 73.125 8.3221
20.375 73.375 3.0106
20.375 73.625 6.3488
20.375 73.875 0.27465
20.375 74.125 1.4715
20.375 74.375 1.8261
20.375 74.625 15.04
20.375 74.875 15.143
20.375 75.125 10.212
20.375 75.375 7.2858
20.375 75.625 2.6717
20.375 75.875 0.086806
20.375 76.125 0.041353
20.375 76.375 0.82002
20.375 76.625 1.4049
20.375 76.875 3.2266
20.375 77.125 2.0264
20.375 77.375 2.0931
20.375 77.625 2.4497
20.375 77.875 6.9706
20.375 78.125 4.0554
20.375 78.375 2.8562
20.375 78.625 3.6859
20.375 78.875 3.2093
20.375 79.125 1.4718
20.375 79.375 1.9348
20.375 79.625 0.6625
20.375 79.875 0.80617
20.375 80.125 2.1228
20.375 80.375 0.58057
20.375 80.625 0.56674
20.375 80.875 0.64061
20.375 81.125 0.25889
20.375 81.375 0.55582
20.375 81.625 14.51
20.375 81.875 14.439
20.375 82.125 9.9156
20.375 82.375 8.1865
20.375 82.625 11.159
20.375 82.875 18.573
20.375 83.125 17.393
20.375 83.375 37.713
20.375 83.625 34.491
20.375 83.875 26.138
20.375 84.125 47.253
20.375 84.375 12.468
20.375 84.625 9.0499
20.375 84.875 5.9466
20.375 85.125 9.8892
20.375 85.375 22.068
20.375 85.625 42.29
20.375 85.875 47.024
20.375 86.125 38.531
20.375 86.375 62.553
NaN NaN NaN
20.625 73.125 18
20.625 73.375 7.9224
20.625 73.625 2.0859
20.625 73.875 0
20.625 74.125 0
20.625 74.375 0.77982
20.625 74.625 1.7156
20.625 74.875 2.9957
20.625 75.125 11.448
20.625 75.375 5.2333
20.625 75.625 0.28992
20.625 75.875 0.11098
20.625 76.125 0.027864
20.625 76.375 0.77882
20.625 76.625 3.323
20.625 76.875 5.6123
20.625 77.125 4.2264
20.625 77.375 7.2272
20.625 77.625 8.2712
20.625 77.875 1.3012
20.625 78.125 5.8364
20.625 78.375 2.2397
20.625 78.625 2.2725
20.625 78.875 3.7831
20.625 79.125 2.1797
20.625 79.375 0.51019
20.625 79.625 1.1541
20.625 79.875 1.3188
20.625 80.125 4.2432
20.625 80.375 0.096234
20.625 80.625 0.052282
20.625 80.875 0.89129
20.625 81.125 1.133
20.625 81.375 5.1435
20.625 81.625 13.924
20.625 81.875 8.5492
20.625 82.125 18.363
20.625 82.375 29.959
20.625 82.625 18.797
20.625 82.875 20.82
20.625 83.125 35.896
20.625 83.375 47.254
20.625 83.625 45.564
20.625 83.875 18.402
20.625 84.125 68.365
20.625 84.375 28.488
20.625 84.625 26.906
20.625 84.875 19.62
20.625 85.125 6.5488
20.625 85.375 8.5522
20.625 85.625 28.533
20.625 85.875 68.199
20.625 86.125 48.461
20.625 86.375 54.771
20.625 86.625 68.743
NaN NaN NaN
20.875 70.625 0.99308
20.875 70.875 0.54509
20.875 71.125 0
20.875 71.375 0
20.875 72.875 20.843
20.875 73.125 25.18
20.875 73.375 6.1989
20.875 73.625 2.7285
20.875 73.875 0.32305
20.875 74.125 0
20.875 74.375 0
20.875 74.625 0
20.875 74.875 0
20.875 75.125 0
20.875 75.375 0.096846
20.875 75.625 0
20.875 75.875 0.11483
20.875 76.125 1.0021
20.875 76.375 1.3267
20.875 76.625 12.532
20.875 76.875 17.008
20.875 77.125 10.451
20.875 77.375 6.0752
20.875 77.625 8.0935
20.875 77.875 5.3235
20.875 78.125 5.6176
20.875 78.375 3.26
20.875 78.625 4.3005
20.875 78.875 4.4494
20.875 79.125 2.7438
20.875 79.375 3.2283
20.875 79.625 1.4975
20.875 79.875 0.34047
20.875 80.125 0.70546
20.875 80.375 0.099528
20.875 80.625 0.44076
20.875 80.875 0.089735
20.875 81.125 0.067753
20.875 81.375 2.8984
20.875 81.625 5.5876
20.875 81.875 13.043
20.875 82.125 16.97
20.875 82.375 64.918
20.875 82.625 32
20.875 82.875 42.365
20.875 83.125 44.623
20.875 83.375 44.053
20.875 83.625 44.786
20.875 83.875 32.203
20.875 84.125 37.859
20.875 84.375 20.116
20.875 84.625 36.692
20.875 84.875 16.807
20.875 85.125 10.049
20.875 85.375 17.012
20.875 85.625 72.183
20.875 85.875 51.884
20.875 86.125 80.884
20.875 86.375 79.291
20.875 86.625 62.929
21.125 70.375 0
21.125 70.625 0
21.125 70.875 0
21.125 71.125 0
21.125 71.375 0
NaN NaN NaN
NaN NaN NaN
21.125 72.875 1.6208
21.125 73.125 5.1925
21.125 73.375 1.4
21.125 73.625 0.15727
21.125 73.875 0
21.125 74.125 0
21.125 74.375 1.4554
21.125 74.625 2.6064
21.125 74.875 3.4293
21.125 75.125 0
21.125 75.375 0.09015
21.125 75.625 0.12194
21.125 75.875 10.262
21.125 76.125 20.416
21.125 76.375 7.7496
21.125 76.625 15.237
21.125 76.875 15.667
21.125 77.125 4.5872
21.125 77.375 1.9119
21.125 77.625 1.9817
21.125 77.875 1.4885
21.125 78.125 6.4273
21.125 78.375 6.5096
21.125 78.625 6.5102
21.125 78.875 3.7874
21.125 79.125 3.6747
21.125 79.375 6.0006
21.125 79.625 2.2376
21.125 79.875 0.11028
21.125 80.125 0
21.125 80.375 0.17919
21.125 80.625 0.48135
21.125 80.875 0.026376
21.125 81.125 0.69034
21.125 81.375 0.69538
21.125 81.625 5.4245
21.125 81.875 10.568
21.125 82.125 25.643
21.125 82.375 29.16
21.125 82.625 37.521
21.125 82.875 25.975
21.125 83.125 26.857
21.125 83.375 30.372
21.125 83.625 51.282
21.125 83.875 41.093
21.125 84.125 7.783
21.125 84.375 12.781
21.125 84.625 57.54
21.125 84.875 44.275
21.125 85.125 36.437
21.125 85.375 32.482
21.125 85.625 13.78
21.125 85.875 25.38
21.125 86.125 42.237
21.125 86.375 37.22
21.125 86.625 34.289
21.375 70.125 4.5694
21.375 70.375 0.77581
21.375 70.625 0
21.375 70.875 0
21.375 71.125 0
21.375 71.375 0
21.375 71.625 0
21.375 71.875 0.54001
21.375 72.875 1.465
21.375 73.125 35.369
21.375 73.375 28.395
21.375 73.625 0.055313
21.375 73.875 0
21.375 74.125 0
21.375 74.375 1.4056
21.375 74.625 4.2911
21.375 74.875 7.4409
21.375 75.125 2.9336
21.375 75.375 0.087782
21.375 75.625 0
21.375 75.875 6.2721
21.375 76.125 33.329
21.375 76.375 17.818
21.375 76.625 14.848
21.375 76.875 8.4751
21.375 77.125 11.858
21.375 77.375 27.926
21.375 77.625 13.248
21.375 77.875 2.5204
21.375 78.125 10.252
21.375 78.375 4.69
21.375 78.625 2.0324
21.375 78.875 2.2378
21.375 79.125 0.864
21.375 79.375 4.9641
21.375 79.625 2.1188
21.375 79.875 0.47503
21.375 80.125 0.17994
21.375 80.375 0.64827
21.375 80.625 2.1983
21.375 80.875 0.84684
21.375 81.125 0
21.375 81.375 0.14982
21.375 81.625 0
21.375 81.875 0.072662
21.375 82.125 6.8651
21.375 82.375 6.8691
21.375 82.625 4.2168
21.375 82.875 3.2978
21.375 83.125 25.63
21.375 83.375 48.71
21.375 83.625 53.371
21.375 83.875 43.752
21.375 84.125 31.366
21.375 84.375 3.1823
21.375 84.625 6.6379
21.375 84.875 31.33
21.375 85.125 37.992
21.375 85.375 28.888
21.375 85.625 11.802
21.375 85.875 31.35
21.375 86.125 49.693
21.375 86.375 34.609
21.375 86.625 39.719
21.375 86.875 43.515
21.625 69.875 0
21.625 70.125 0.083351
21.625 70.375 0.021271
21.625 70.625 0
21.625 70.875 0
21.625 71.125 0
21.625 71.375 0
21.625 71.625 0
21.625 71.875 2.4311
21.625 72.125 5.6481
21.625 72.875 2.6754
21.625 73.125 2.2587
21.625 73.375 1.8865
21.625 73.625 0.10455
21.625 73.875 0
21.625 74.125 0
21.625 74.375 4.1284
21.625 74.625 3.9638
21.625 74.875 2.4962
21.625 75.125 4.4621
21.625 75.375 2.1292
21.625 75.625 0.66467
21.625 75.875 0.10044
21.625 76.125 3.619
21.625 76.375 5.0622
21.625 76.625 8.9941
21.625 76.875 10.863
21.625 77.125 23.546
21.625 77.375 40.65
21.625 77.625 17.709
21.625 77.875 0.98499
21.625 78.125 2.1857
21.625 78.375 2.9211
21.625 78.625 0.39928
21.625 78.875 0.25624
21.625 79.125 1.0581
21.625 79.375 6.2092
21.625 79.625 2.8473
21.625 79.875 2.6001
21.625 80.125 0.84106
21.625 80.375 2.4657
21.625 80.625 0.51325
21.625 80.875 0.05083
21.625 81.125 0
21.625 81.375 0.23374
21.625 81.625 0.43836
21.625 81.875 0.34452
21.625 82.125 4.4136
21.625 82.375 9.9509
21.625 82.625 12.387
21.625 82.875 8.7635
21.625 83.125 9.4396
21.625 83.375 47.741
21.625 83.625 36.335
21.625 83.875 9.869
21.625 84.125 30.156
21.625 84.375 52.256
21.625 84.625 39.186
21.625 84.875 54.908
21.625 85.125 54.601
21.625 85.375 63.706
21.625 85.625 78.42
21.625 85.875 47.004
21.625 86.125 35.259
21.625 86.375 31.871
21.625 86.625 33.105
21.625 86.875 33.01
21.625 87.125 32.143
NaN NaN NaN
NaN NaN NaN
21.875 69.625 0
21.875 69.875 0
21.875 70.125 0
21.875 70.375 0
21.875 70.625 0
21.875 70.875 0
21.875 71.125 0
21.875 71.375 0.076861
21.875 71.625 0.71027
21.875 71.875 9.6206
21.875 72.125 11.686
NaN NaN NaN
21.875 72.875 1.907
21.875 73.125 0.50112
21.875 73.375 2.2288
21.875 73.625 0.87065
21.875 73.875 0.34203
21.875 74.125 1.6966
21.875 74.375 8.6065
21.875 74.625 13.075
21.875 74.875 7.6924
21.875 75.125 8.0599
21.875 75.375 5.0232
21.875 75.625 2.5047
21.875 75.875 0.49005
21.875 76.125 4.3099
21.875 76.375 6.6665
21.875 76.625 11.423
21.875 76.875 18.806
21.875 77.125 25.351
21.875 77.375 36.838
21.875 77.625 10.214
21.875 77.875 3.4984
21.875 78.125 0.5685
21.875 78.375 4.8688
21.875 78.625 0.88054
21.875 78.875 0.48714
21.875 79.125 2.3711
21.875 79.375 1.5
21.875 79.625 3.8835
21.875 79.875 5.2401
21.875 80.125 5.5361
21.875 80.375 5
21.875 80.625 2.443
21.875 80.875 0
21.875 81.125 7.5312
21.875 81.375 19.031
21.875 81.625 15.297
21.875 81.875 4.5361
21.875 82.125 11.803
21.875 82.375 11.95
21.875 82.625 7.3706
21.875 82.875 13.334
21.875 83.125 10.835
21.875 83.375 17.256
21.875 83.625 32.708
21.875 83.875 32.083
21.875 84.125 22.682
21.875 84.375 43.55
21.875 84.625 40.546
21.875 84.875 88.394
21.875 85.125 94.79
21.875 85.375 61.546
21.875 85.625 53.505
21.875 85.875 34.278
21.875 86.125 30.413
21.875 86.375 22.16
21.875 86.625 16.983
21.875 86.875 28.776
21.875 87.125 26.892
21.875 87.375 8.6536
21.875 87.625 40.686
21.875 87.875 38.285
21.875 88.375 54.435
NaN NaN NaN
NaN NaN NaN
22.125 69.125 0.050808
22.125 69.375 0
22.125 69.625 0
22.125 69.875 0
22.125 70.125 0
22.125 70.375 0
22.125 70.625 0
22.125 70.875 0
22.125 71.125 0
22.125 71.375 9.4936
22.125 71.625 48.5
22.125 71.875 39.055
22.125 72.125 22.685
NaN NaN NaN
22.125 72.875 5.4769
22.125 73.125 4.354
22.125 73.375 4.3853
22.125 73.625 2.8131
22.125 73.875 8.8154
22.125 74.125 20.11
22.125 74.375 7.3982
22.125 74.625 6.238
22.125 74.875 6.1424
22.125 75.125 6.0381
22.125 75.375 2.6844
22.125 75.625 0.72452
22.125 75.875 0.69863
22.125 76.125 9.9172
22.125 76.375 8.927
22.125 76.625 23.732
22.125 76.875 32.592
22.125 77.125 26.451
22.125 77.375 18.612
22.125 77.625 6.2865
22.125 77.875 4.2565
22.125 78.125 5.6457
22.125 78.375 10.092
22.125 78.625 8.1045
22.125 78.875 4.3098
22.125 79.125 7.1527
22.125 79.375 4.068
22.125 79.625 1.9031
22.125 79.875 5.4155
22.125 80.125 7.4226
22.125 80.375 10.367
22.125 80.625 6.9906
22.125 80.875 1.2101
22.125 81.125 1.7667
22.125 81.375 5.5637
22.125 81.625 12.465
22.125 81.875 7.8918
22.125 82.125 10.493
22.125 82.375 22.818
22.125 82.625 9.5577
22.125 82.875 10.499
22.125 83.125 21.178
22.125 83.375 27.329
22.125 83.625 12.463
22.125 83.875 8.1724
22.125 84.125 24.429
22.125 84.375 33.777
22.125 84.625 32.149
22.125 84.875 76.789
22.125 85.125 84.885
22.125 85.375 48.728
22.125 85.625 54.724
22.125 85.875 51.452
22.125 86.125 37.36
22.125 86.375 48.844
22.125 86.625 20.862
22.125 86.875 27.274
22.125 87.125 35.53
22.125 87.375 19.479
22.125 87.625 22.29
22.125 87.875 29.791
22.125 88.125 59.463
22.125 88.375 58.321
NaN NaN NaN
22.375 69.125 0.052497
22.375 69.875 0
22.375 70.125 0
22.375 70.375 0
22.375 70.625 0
22.375 70.875 2.0354
22.375 71.125 2.845
22.375 71.375 26.557
22.375 71.625 33.556
22.375 71.875 55.879
22.375 72.125 11.5
NaN NaN NaN
22.375 72.875 9.6647
22.375 73.125 5.1611
22.375 73.375 6.5284
22.375 73.625 17.621
22.375 73.875 12.547
22.375 74.125 15.83
22.375 74.375 16.493
22.375 74.625 6.3087
22.375 74.875 3.073
22.375 75.125 11.11
22.375 75.375 10.523
22.375 75.625 3.6078
22.375 75.875 0.86651
22.375 76.125 2.4782
22.375 76.375 13.785
22.375 76.625 46.793
22.375 76.875 32.574
22.375 77.125 24.958
22.375 77.375 7.4541
22.375 77.625 5.5326
22.375 77.875 6.075
22.375 78.125 7.9767
22.375 78.375 7.428
22.375 78.625 2.8257
22.375 78.875 1.2753
22.375 79.125 5.0195
22.375 79.375 3.1601
22.375 79.625 0.25528
22.375 79.875 3.2521
22.375 80.125 5.0193
22.375 80.375 14.021
22.375 80.625 5.3341
22.375 80.875 3.1454
22.375 81.125 13.986
22.375 81.375 30.226
22.375 81.625 17.965
22.375 81.875 1.9713
22.375 82.125 26.459
22.375 82.375 26.656
22.375 82.625 6.6967
22.375 82.875 1.5847
22.375 83.125 6.5012
22.375 83.375 12.224
22.375 83.625 3.297
22.375 83.875 8.6229
22.375 84.125 23.663
22.375 84.375 22.848
22.375 84.625 16.193
22.375 84.875 31
22.375 85.125 32.957
22.375 85.375 18.902
22.375 85.625 24.585
22.375 85.875 17.674
22.375 86.125 13.14
22.375 86.375 47.693
22.375 86.625 29.118
22.375 86.875 44.134
22.375 87.125 38.987
22.375 87.375 17.425
22.375 87.625 14.161
22.375 87.875 37.938
22.375 88.125 46.896
22.375 88.375 56.128
22.375 88.625 55.908
22.375 88.875 56.682
NaN NaN NaN
22.625 70.375 0.18867
22.625 70.625 1.6342
22.625 70.875 2.2193
22.625 71.125 3.8717
22.625 71.375 17.81
22.625 71.625 30.88
22.625 71.875 17.986
22.625 72.125 5.7651
22.625 72.375 29.14
22.625 72.625 30.158
22.625 72.875 23.347
22.625 73.125 3.4105
22.625 73.375 18.065
22.625 73.625 10.944
22.625 73.875 7.1427
22.625 74.125 13.506
22.625 74.375 27.339
22.625 74.625 15.021
22.625 74.875 5.8303
22.625 75.125 11.802
22.625 75.375 11.107
22.625 75.625 7.8872
22.625 75.875 1.039
22.625 76.125 0.7692
22.625 76.375 13.971
22.625 76.625 36.119
22.625 76.875 26.742
22.625 77.125 17.697
22.625 77.375 5.6308
22.625 77.625 5.2149
22.625 77.875 5.3293
22.625 78.125 4.4639
22.625 78.375 0
22.625 78.625 0
22.625 78.875 0.54536
22.625 79.125 1.6298
22.625 79.375 0.11315
22.625 79.625 0.56792
22.625 79.875 0.9187
22.625 80.125 1.0149
22.625 80.375 0.67008
22.625 80.625 1.4695
22.625 80.875 1.8981
22.625 81.125 11.736
22.625 81.375 10.772
22.625 81.625 58.043
22.625 81.875 24.264
22.625 82.125 25.271
22.625 82.375 7.2069
22.625 82.625 3.6887
22.625 82.875 9.7372
22.625 83.125 0.81051
22.625 83.375 16.219
22.625 83.625 13.284
22.625 83.875 2.1632
22.625 84.125 16.182
22.625 84.375 14.827
22.625 84.625 2.7061
22.625 84.875 7.3655
22.625 85.125 14.889
22.625 85.375 19.807
22.625 85.625 13.345
22.625 85.875 6.7281
22.625 86.125 13.586
22.625 86.375 57.112
22.625 86.625 71.626
22.625 86.875 62.021
22.625 87.125 33.517
22.625 87.375 24.84
22.625 87.625 22.77
22.625 87.875 22.191
22.625 88.125 44.042
22.625 88.375 57.165
22.625 88.625 56.457
22.625 88.875 58.137
22.625 92.625 99.302
22.625 92.875 98.897
NaN NaN NaN
NaN NaN NaN
NaN NaN NaN
22.875 70.625 0.86209
22.875 70.875 1.6617
22.875 71.125 7.5082
22.875 71.375 21.298
22.875 71.625 31.12
22.875 71.875 12.266
22.875 72.125 6.1012
22.875 72.375 7.0927
22.875 72.625 7.9358
22.875 72.875 9.1436
22.875 73.125 18.221
22.875 73.375 20.988
22.875 73.625 16.659
22.875 73.875 9.3646
22.875 74.125 18.514
22.875 74.375 23.087
22.875 74.625 21.778
22.875 74.875 7.8613
22.875 75.125 3.7098
22.875 75.375 1.887
22.875 75.625 3.031
22.875 75.875 3.7521
22.875 76.125 2.331
22.875 76.375 5.5336
22.875 76.625 12.944
22.875 76.875 3.6784
22.875 77.125 0
22.875 77.375 0.071508
22.875 77.625 1.6891
22.875 77.875 1.2771
22.875 78.125 0.68989
22.875 78.375 0
22.875 78.625 0.39475
22.875 78.875 1.3772
22.875 79.125 0.36958
22.875 79.375 0.21199
22.875 79.625 0.061234
22.875 79.875 0.054842
22.875 80.125 0
22.875 80.375 0
22.875 80.625 1.1369
22.875 80.875 2.4706
22.875 81.125 3.0655
22.875 81.375 4.8539
22.875 81.625 6.0196
22.875 81.875 0.86258
22.875 82.125 6.9905
22.875 82.375 14.155
22.875 82.625 10.626
22.875 82.875 21.738
22.875 83.125 6.6541
22.875 83.375 15.137
22.875 83.625 18.138
22.875 83.875 5.1833
22.875 84.125 3.6461
22.875 84.375 5.3722
22.875 84.625 7.2056
22.875 84.875 6.5397
22.875 85.125 0
22.875 85.375 14.242
22.875 85.625 13.707
22.875 85.875 31.712
22.875 86.125 32.834
22.875 86.375 33.538
22.875 86.625 46.412
22.875 86.875 47.842
22.875 87.125 34.457
22.875 87.375 32.762
22.875 87.625 39.855
22.875 87.875 42.405
22.875 88.125 70.801
22.875 88.375 63.467
22.875 88.625 55.682
22.875 92.625 95.296
22.875 92.875 96.811
23.125 68.875 0
23.125 69.125 0
23.125 69.375 0
23.125 69.625 0
23.125 69.875 0
23.125 70.125 0
23.125 70.875 3.7365
23.125 71.125 5.5636
23.125 71.375 20.866
23.125 71.625 21.735
23.125 71.875 11.508
23.125 72.125 12.932
23.125 72.375 17.144
23.125 72.625 11.6
23.125 72.875 20.079
23.125 73.125 17.332
23.125 73.375 17.1
23.125 73.625 26.574
23.125 73.875 18.293
23.125 74.125 16.939
23.125 74.375 23.251
23.125 74.625 11.659
23.125 74.875 6.088
23.125 75.125 1.1524
23.125 75.375 8.0444
23.125 75.625 9.6524
23.125 75.875 8.5259
23.125 76.125 12.007
23.125 76.375 16.886
23.125 76.625 19.071
23.125 76.875 3.7327
23.125 77.125 0.038204
23.125 77.375 0
23.125 77.625 1.45
23.125 77.875 0.91765
23.125 78.125 3.7727
23.125 78.375 3.8497
23.125 78.625 9.7701
23.125 78.875 6.9113
23.125 79.125 2.0071
23.125 79.375 1.8812
23.125 79.625 0.38056
23.125 79.875 0.62939
23.125 80.125 0.36007
23.125 80.375 0.065858
23.125 80.625 0.88366
23.125 80.875 1.3861
23.125 81.125 3.5503
23.125 81.375 3.4832
23.125 81.625 0.021842
23.125 81.875 0
23.125 82.125 0.40389
23.125 82.375 11.405
23.125 82.625 20.838
23.125 82.875 24.456
23.125 83.125 4.7867
23.125 83.375 8.676
23.125 83.625 6.2061
23.125 83.875 6.7511
23.125 84.125 0.32984
23.125 84.375 0.96621
23.125 84.625 13.174
23.125 84.875 33.128
23.125 85.125 18.313
23.125 85.375 6.5004
23.125 85.625 31.126
23.125 85.875 48.768
23.125 86.125 44.018
23.125 86.375 32.944
23.125 86.625 35.944
23.125 86.875 31.561
23.125 87.125 33.268
23.125 87.375 53.85
23.125 87.625 33.642
23.125 87.875 26.67
23.125 88.125 32.069
23.125 88.375 47.304
23.125 88.625 48.65
NaN NaN NaN
23.125 92.625 75.39
23.125 92.875 81.213
NaN NaN NaN
23.375 68.875 0
23.375 69.125 0
23.375 69.375 0
23.375 69.625 0
23.375 69.875 0
23.375 70.125 0
23.375 70.375 0
23.375 70.625 0.60642
23.375 70.875 1.8462
23.375 71.125 5.9827
23.375 71.375 18.562
23.375 71.625 11.627
23.375 71.875 3.9044
23.375 72.125 2.605
23.375 72.375 18.198
23.375 72.625 2.0326
23.375 72.875 19.449
23.375 73.125 25.383
23.375 73.375 15.95
23.375 73.625 6.5921
23.375 73.875 6.9258
23.375 74.125 46.47
23.375 74.375 34.06
23.375 74.625 13.955
23.375 74.875 11.537
23.375 75.125 1.6081
23.375 75.375 29.361
23.375 75.625 12.882
23.375 75.875 13.747
23.375 76.125 19.778
23.375 76.375 16.962
23.375 76.625 13.753
23.375 76.875 3.6165
23.375 77.125 0.04246
23.375 77.375 1.1108
23.375 77.625 2.1936
23.375 77.875 3.2873
23.375 78.125 8.5756
23.375 78.375 6.981
23.375 78.625 8.4407
23.375 78.875 4.8214
23.375 79.125 5.4071
23.375 79.375 21.429
23.375 79.625 9.1835
23.375 79.875 7.8581
23.375 80.125 3.5181
23.375 80.375 0.61208
23.375 80.625 3.6399
23.375 80.875 1.2609
23.375 81.125 0.62303
23.375 81.375 2.7775
23.375 81.625 0
23.375 81.875 0.6485
23.375 82.125 4.5879
23.375 82.375 2.8202
23.375 82.625 5.1696
23.375 82.875 2.9395
23.375 83.125 4.1393
23.375 83.375 4.5937
23.375 83.625 4.3104
23.375 83.875 1.4469
23.375 84.125 0
23.375 84.375 0
23.375 84.625 1.8503
23.375 84.875 34.95
23.375 85.125 7.4918
23.375 85.375 23.897
23.375 85.625 16.786
23.375 85.875 15.305
23.375 86.125 37.283
23.375 86.375 47.588
23.375 86.625 35.475
23.375 86.875 27.658
23.375 87.125 24.13
23.375 87.375 25.425
23.375 87.625 22.085
23.375 87.875 15.586
23.375 88.125 21.716
23.375 88.375 30.869
23.375 88.625 36.373
23.375 91.375 55.47
23.375 91.625 47.349
23.375 92.625 67.366
23.375 92.875 57.071
23.375 93.125 18.439
23.625 68.625 0
23.625 68.875 0
23.625 69.125 0
23.625 69.375 0
23.625 69.625 0
23.625 69.875 0
23.625 70.125 0
23.625 70.375 0.32171
23.625 70.625 1.1114
23.625 70.875 3.2803
23.625 71.125 6.5925
23.625 71.375 22.423
23.625 71.625 11.518
23.625 71.875 13.336
23.625 72.125 2.8329
23.625 72.375 1.4748
23.625 72.625 6.2634
23.625 72.875 17.366
23.625 73.125 22.39
23.625 73.375 6.033
23.625 73.625 6.3037
23.625 73.875 16.26
23.625 74.125 35.963
23.625 74.375 26.766
23.625 74.625 17.298
23.625 74.875 15.314
23.625 75.125 3.7875
23.625 75.375 3.7552
23.625 75.625 2.5775
23.625 75.875 20.231
23.625 76.125 29.076
23.625 76.375 14.506
23.625 76.625 5.9495
23.625 76.875 1.3854
23.625 77.125 1.9187
23.625 77.375 2.2505
23.625 77.625 0.30429
23.625 77.875 6.1065
23.625 78.125 3.8601
23.625 78.375 6.9267
23.625 78.625 5.2672
23.625 78.875 3.3477
23.625 79.125 10.167
23.625 79.375 6.4434
23.625 79.625 5.8492
23.625 79.875 9.7723
23.625 80.125 4.035
23.625 80.375 0.70183
23.625 80.625 11.968
23.625 80.875 9.6902
23.625 81.125 3.2528
23.625 81.375 7.654
23.625 81.625 12.698
23.625 81.875 10.65
23.625 82.125 3.7162
23.625 82.375 3.5073
23.625 82.625 8.7802
23.625 82.875 10.612
23.625 83.125 2.4604
23.625 83.375 0.39649
23.625 83.625 0.90979
23.625 83.875 1.5989
23.625 84.125 0.0077799
23.625 84.375 0
23.625 84.625 3.4718
23.625 84.875 22.077
23.625 85.125 26.552
23.625 85.375 18.213
23.625 85.625 18.203
23.625 85.875 43.696
23.625 86.125 4.2172
23.625 86.375 52.948
23.625 86.625 50.882
23.625 86.875 37.753
23.625 87.125 55.83
23.625 87.375 36.706
23.625 87.625 17.523
23.625 87.875 4.8512
23.625 88.125 13.001
23.625 88.375 14.007
23.625 91.375 45.739
23.625 91.625 40.291
NaN NaN NaN
23.625 92.375 64.625
23.625 92.625 64.179
23.625 92.875 43.042
23.625 93.125 13.821
23.875 68.875 0
23.875 69.125 0
23.875 69.375 0
23.875 69.625 0
23.875 69.875 0
23.875 70.125 0.20972
23.875 70.375 1.1501
23.875 70.625 2.5269
23.875 70.875 6.569
23.875 71.125 9.0323
23.875 71.375 14.958
23.875 71.625 21.635
23.875 71.875 4.837
23.875 72.125 1.4431
23.875 72.375 2.5853
23.875 72.625 6.9497
23.875 72.875 18.236
23.875 73.125 16.532
23.875 73.375 15.851
23.875 73.625 8.6229
23.875 73.875 23.035
23.875 74.125 25.337
23.875 74.375 29.128
23.875 74.625 31.769
23.875 74.875 17.435
23.875 75.125 15.489
23.875 75.375 7.1344
23.875 75.625 10.11
23.875 75.875 15.849
23.875 76.125 27.293
23.875 76.375 4.1836
23.875 76.625 5.7696
23.875 76.875 8.9779
23.875 77.125 0.23618
23.875 77.375 0.32168
23.875 77.625 0.10774
23.875 77.875 0
23.875 78.125 0
23.875 78.375 9.4046
23.875 78.625 13.37
23.875 78.875 5.1749
23.875 79.125 4.3324
23.875 79.375 6.6289
23.875 79.625 6.216
23.875 79.875 4.109
23.875 80.125 3.7422
23.875 80.375 1.7395
23.875 80.625 7.6422
23.875 80.875 4.9348
23.875 81.125 0.53328
23.875 81.375 6.3228
23.875 81.625 19.809
23.875 81.875 10
23.875 82.125 4.8035
23.875 82.375 14.391
23.875 82.625 4.2306
23.875 82.875 3.914
23.875 83.125 0
23.875 83.375 0.04602
23.875 83.625 0.53049
23.875 83.875 1.6146
23.875 84.125 6.5242
23.875 84.375 0.78284
23.875 84.625 0.25665
23.875 84.875 4.4798
23.875 85.125 7.8634
23.875 85.375 25.761
23.875 85.625 30.757
23.875 85.875 57.202
23.875 86.125 39.334
23.875 86.375 22.741
23.875 86.625 32.203
23.875 86.875 41.919
23.875 87.125 57.934
23.875 87.375 41.141
23.875 87.625 8.5333
23.875 87.875 4.7152
23.875 88.125 6.0806
23.875 88.375 9.5557
23.875 91.375 34.211
23.875 91.625 28.68
23.875 91.875 65.559
23.875 92.125 66.579
23.875 92.375 63.699
23.875 92.625 69.987
23.875 92.875 26.281
23.875 93.125 12.554
23.875 93.375 15.471
24.125 68.875 0
24.125 69.125 0
24.125 69.375 0
24.125 69.625 0
24.125 69.875 0
24.125 70.125 0.88932
24.125 70.375 2.8493
24.125 70.625 6.3096
24.125 70.875 8.8269
24.125 71.125 9.5105
24.125 71.375 17.084
24.125 71.625 23.497
24.125 71.875 10.992
24.125 72.125 3.2898
24.125 72.375 2.329
24.125 72.625 0.88128
24.125 72.875 11.311
24.125 73.125 16.136
24.125 73.375 15.135
24.125 73.625 15.228
24.125 73.875 23.987
24.125 74.125 27.886
24.125 74.375 29.349
24.125 74.625 62.427
24.125 74.875 55.632
24.125 75.125 24.45
24.125 75.375 20.846
24.125 75.625 39.686
24.125 75.875 34.566
24.125 76.125 17.144
24.125 76.375 8.7858
24.125 76.625 12.043
24.125 76.875 11.297
24.125 77.125 0.50631
24.125 77.375 0.12217
24.125 77.625 1.5113
24.125 77.875 0.81707
24.125 78.125 7.678
24.125 78.375 8.4536
24.125 78.625 10.252
24.125 78.875 4.9785
24.125 79.125 4.4857
24.125 79.375 7.636
24.125 79.625 5.2114
24.125 79.875 7.3427
24.125 80.125 6.349
24.125 80.375 5.4777
24.125 80.625 9.189
24.125 80.875 9.3172
24.125 81.125 3.6299
24.125 81.375 4.3032
24.125 81.625 13.644
24.125 81.875 12.584
24.125 82.125 38.431
24.125 82.375 30.652
24.125 82.625 5.6443
24.125 82.875 0.061458
24.125 83.125 1.3419
24.125 83.375 0.56191
24.125 83.625 0.13119
24.125 83.875 0.50946
24.125 84.125 2.5442
24.125 84.375 10.066
24.125 84.625 6.8202
24.125 84.875 0.67814
24.125 85.125 2.4089
24.125 85.375 26.473
24.125 85.625 7.5208
24.125 85.875 13.724
24.125 86.125 6.7253
24.125 86.375 0.28687
24.125 86.625 34.202
24.125 86.875 39.554
24.125 87.125 29.046
24.125 87.375 16.192
24.125 87.625 18.988
24.125 87.875 8.0523
24.125 88.125 12.531
24.125 88.375 11.471
24.125 91.875 62.78
24.125 92.125 54.091
24.125 92.375 78.62
24.125 92.625 77.82
24.125 92.875 34.924
24.125 93.125 4.2942
24.125 93.375 13.245
24.125 93.625 18.943
24.125 93.875 28.471
NaN NaN NaN
24.375 71.375 17.632
24.375 71.625 18.035
24.375 71.875 11.022
24.375 72.125 3.1266
24.375 72.375 2.5879
24.375 72.625 6.5587
24.375 72.875 9.889
24.375 73.125 22.941
24.375 73.375 19.27
24.375 73.625 18.522
24.375 73.875 25.435
24.375 74.125 27.499
24.375 74.375 53.708
24.375 74.625 53.599
24.375 74.875 47.764
24.375 75.125 35.319
24.375 75.375 34.088
24.375 75.625 38.445
24.375 75.875 12.27
24.375 76.125 4.9718
24.375 76.375 20.202
24.375 76.625 17.705
24.375 76.875 7.1813
24.375 77.125 1.0597
24.375 77.375 2.2647
24.375 77.625 14.11
24.375 77.875 10.124
24.375 78.125 5.0282
24.375 78.375 1.6178
24.375 78.625 4.4469
24.375 78.875 4.5866
24.375 79.125 11.602
24.375 79.375 13.245
24.375 79.625 7.3387
24.375 79.875 9.3324
24.375 80.125 1.8478
24.375 80.375 39.471
24.375 80.625 12.714
24.375 80.875 1.8305
24.375 81.125 2.3065
24.375 81.375 8.377
24.375 81.625 21.79
24.375 81.875 44.917
24.375 82.125 61.023
24.375 82.375 41.384
24.375 82.625 5.0504
24.375 82.875 5.5973
24.375 83.125 30.238
24.375 83.375 12.758
24.375 83.625 0
24.375 83.875 1.0572
24.375 84.125 13.752
24.375 84.375 16.733
24.375 84.625 21.54
24.375 84.875 16.874
24.375 85.125 17.982
24.375 85.375 10.655
24.375 85.625 2.8464
24.375 85.875 27.477
24.375 86.125 15.304
24.375 86.375 11.358
24.375 86.625 41.172
24.375 86.875 25.881
24.375 87.125 28.018
24.375 87.375 19.733
24.375 87.625 31.955
24.375 87.875 21
24.375 88.125 14.34
24.375 92.375 87.915
24.375 92.625 75.736
24.375 92.875 40.445
24.375 93.125 20.118
24.375 93.375 36.542
24.375 93.625 37.438
24.375 93.875 42.906
24.375 94.125 57.291
24.625 71.125 8.2677
24.625 71.375 9.907
24.625 71.625 7.315
24.625 71.875 8.9716
24.625 72.125 4.8552
24.625 72.375 0.45687
24.625 72.625 1.2302
24.625 72.875 1.388
24.625 73.125 32.495
24.625 73.375 45.921
24.625 73.625 30.907
24.625 73.875 50.01
24.625 74.125 58.856
24.625 74.375 66.941
24.625 74.625 55.722
24.625 74.875 58.316
24.625 75.125 38.407
24.625 75.375 29.752
24.625 75.625 25.408
24.625 75.875 13.862
24.625 76.125 24.872
24.625 76.375 19.828
24.625 76.625 17.944
24.625 76.875 10.792
24.625 77.125 19.862
24.625 77.375 26.392
24.625 77.625 21.103
24.625 77.875 33.171
24.625 78.125 4.1037
24.625 78.375 3.3785
24.625 78.625 6.8247
24.625 78.875 7.201
24.625 79.125 14.579
24.625 79.375 16.64
24.625 79.625 13.282
24.625 79.875 5.1892
24.625 80.125 4.6014
24.625 80.375 38.745
24.625 80.625 14.638
24.625 80.875 0.40609
24.625 81.125 0.20411
24.625 81.375 3.4637
24.625 81.625 20.914
24.625 81.875 30.098
24.625 82.125 20.757
24.625 82.375 0.6653
24.625 82.625 5.2243
24.625 82.875 15.83
24.625 83.125 84.954
24.625 83.375 52.156
24.625 83.625 25.705
24.625 83.875 22.313
24.625 84.125 13.36
24.625 84.375 22.105
24.625 84.625 30.096
24.625 84.875 58.954
24.625 85.125 62.573
24.625 85.375 31.903
24.625 85.625 11.78
24.625 85.875 42.848
24.625 86.125 26.948
24.625 86.375 26.852
24.625 86.625 27.42
24.625 86.875 2.6342
24.625 87.125 13.046
24.625 87.375 29.811
24.625 87.625 17.552
24.625 87.875 16.487
24.625 92.375 57.244
24.625 92.625 58.703
24.625 92.875 35.366
24.625 93.125 37.349
24.625 93.375 55.069
24.625 93.625 61.232
24.625 93.875 71.26
24.625 94.125 73.116
NaN NaN NaN
24.875 71.125 6.71
24.875 71.375 2.2972
24.875 71.625 3.0891
24.875 71.875 5.6178
24.875 72.125 9.475
24.875 72.375 3.0171
24.875 72.625 2.5702
24.875 72.875 5.8507
24.875 73.125 13.418
24.875 73.375 31.14
24.875 73.625 36.839
24.875 73.875 79.714
24.875 74.125 49.222
24.875 74.375 81.513
24.875 74.625 68.011
24.875 74.875 59.967
24.875 75.125 22.33
24.875 75.375 17.775
24.875 75.625 9.8969
24.875 75.875 18.105
24.875 76.125 27.688
24.875 76.375 21.916
24.875 76.625 17.587
24.875 76.875 20.083
24.875 77.125 37.231
24.875 77.375 43.426
24.875 77.625 27.148
24.875 77.875 30.233
24.875 78.125 17.421
24.875 78.375 8.1644
24.875 78.625 14.918
24.875 78.875 19.005
24.875 79.125 17.768
24.875 79.375 14.699
24.875 79.625 14.22
24.875 79.875 5.0168
24.875 80.125 15.981
24.875 80.375 21.908
24.875 80.625 11.853
24.875 80.875 1.8404
24.875 81.125 3.3943
24.875 81.375 0.33428
24.875 81.625 31.914
24.875 81.875 24.209
24.875 82.125 12.038
24.875 82.375 3.9203
24.875 82.625 6.9021
24.875 82.875 16.008
24.875 83.125 29.533
24.875 83.375 35.696
24.875 83.625 31.185
24.875 83.875 13.475
24.875 84.125 19.427
24.875 84.375 13.119
24.875 84.625 36.349
24.875 84.875 28.015
24.875 85.125 63.4
24.875 85.375 26.291
24.875 85.625 19.537
24.875 85.875 17.912
24.875 86.125 26.417
24.875 86.375 37.101
24.875 86.625 37.227
24.875 86.875 1.3049
24.875 87.125 0
24.875 87.375 0.95152
24.875 87.625 9.9358
24.875 87.875 10.679
24.875 88.125 20.568
24.875 92.625 39.29
24.875 92.875 21.527
24.875 93.125 25.716
24.875 93.375 51.114
24.875 93.625 71.686
24.875 93.875 86.082
24.875 94.125 78.834
24.875 94.375 81.752
25.125 71.125 5.9001
25.125 71.375 0.22137
25.125 71.625 0.058147
25.125 71.875 1.0621
25.125 72.125 5.1047
25.125 72.375 7.2512
25.125 72.625 4.2767
25.125 72.875 5.0024
25.125 73.125 15.961
25.125 73.375 34.554
25.125 73.625 35.806
25.125 73.875 26.198
25.125 74.125 27.829
25.125 74.375 37.346
25.125 74.625 25.795
25.125 74.875 22.059
25.125 75.125 14.78
25.125 75.375 11.435
25.125 75.625 14.816
25.125 75.875 17.12
25.125 76.125 21.361
25.125 76.375 20.163
25.125 76.625 23.111
25.125 76.875 11.46
25.125 77.125 32.623
25.125 77.375 37.98
25.125 77.625 29.42
25.125 77.875 23.852
25.125 78.125 25.766
25.125 78.375 33.231
25.125 78.625 16.386
25.125 78.875 10.936
25.125 79.125 10.852
25.125 79.375 4.7407
25.125 79.625 5.9605
25.125 79.875 14.03
25.125 80.125 24.482
25.125 80.375 21.993
25.125 80.625 11.514
25.125 80.875 13.903
25.125 81.125 15.295
25.125 81.375 26.501
25.125 81.625 1.7281
25.125 81.875 25.012
25.125 82.125 11.15
25.125 82.375 11.593
25.125 82.625 13.524
25.125 82.875 6.3069
25.125 83.125 32.226
25.125 83.375 25.752
25.125 83.625 20.579
25.125 83.875 17.279
25.125 84.125 18.159
25.125 84.375 14.998
25.125 84.625 50.4
25.125 84.875 32.188
25.125 85.125 36.978
25.125 85.375 27.39
25.125 85.625 33.927
25.125 85.875 44.638
25.125 86.125 37.073
25.125 86.375 62.166
25.125 86.625 52.05
25.125 86.875 14.256
25.125 87.125 6.1612
25.125 87.375 0.51258
25.125 87.625 6.5061
25.125 87.875 11.511
25.125 88.125 19.164
25.125 88.375 22.434
25.125 92.375 22.346
25.125 92.625 21.393
25.125 92.875 22.212
25.125 93.125 33.897
25.125 93.375 53.388
25.125 93.625 59.686
25.125 93.875 82.991
25.125 94.125 78.297
25.125 94.375 77.983
25.375 70.875 33.793
25.375 71.125 22.263
25.375 71.375 12.793
25.375 71.625 0.048412
25.375 71.875 0.30235
25.375 72.125 2.3377
25.375 72.375 5.5611
25.375 72.625 3.9261
25.375 72.875 11.581
25.375 73.125 22.6
25.375 73.375 49.411
25.375 73.625 85.631
25.375 73.875 33.023
25.375 74.125 20.788
25.375 74.375 34.701
25.375 74.625 34.339
25.375 74.875 32.268
25.375 75.125 24.033
25.375 75.375 11.448
25.375 75.625 13.487
25.375 75.875 17.367
25.375 76.125 21.179
25.375 76.375 26.955
25.375 76.625 30.943
25.375 76.875 34.754
25.375 77.125 53.906
25.375 77.375 35.225
25.375 77.625 25.888
25.375 77.875 22.366
25.375 78.125 29.834
25.375 78.375 31.706
25.375 78.625 5.9683
25.375 78.875 3.3343
25.375 79.125 9.9516
25.375 79.375 14.068
25.375 79.625 4.5465
25.375 79.875 11.545
25.375 80.125 15.23
25.375 80.375 6.3087
25.375 80.625 7.3657
25.375 80.875 17.35
25.375 81.125 21.878
25.375 81.375 45.077
25.375 81.625 9.6085
25.375 81.875 8.0072
25.375 82.125 11.474
25.375 82.375 23.81
25.375 82.625 29.264
25.375 82.875 8.8322
25.375 83.125 37.202
25.375 83.375 30.195
25.375 83.625 13.665
25.375 83.875 15.613
25.375 84.125 16.269
25.375 84.375 32.295
25.375 84.625 42.682
25.375 84.875 43.84
25.375 85.125 24.678
25.375 85.375 17.814
25.375 85.625 27.088
25.375 85.875 36.53
25.375 86.125 34.165
25.375 86.375 6.2653
25.375 86.625 22.257
25.375 86.875 11.84
25.375 87.125 3.1755
25.375 87.375 0
25.375 87.625 6.4553
25.375 87.875 7.0761
25.375 88.125 17.893
25.375 88.375 18.421
25.375 88.625 19.777
25.375 90.125 19.253
25.375 90.375 18.305
25.375 90.625 22.69
25.375 90.875 28.271
25.375 91.125 54.622
25.375 91.375 23.235
25.375 91.625 21.765
25.375 91.875 11.79
25.375 92.125 3.6614
25.375 92.375 4.8466
25.375 92.625 8.3174
25.375 92.875 12.081
25.375 93.125 36.208
25.375 93.375 52.024
25.375 93.625 71.194
25.375 93.875 70.612
25.375 94.125 68.945
25.375 94.375 77.581
25.625 70.875 10.105
25.625 71.125 16.349
25.625 71.375 14.558
25.625 71.625 7.1188
25.625 71.875 0
25.625 72.125 0
25.625 72.375 0.87485
25.625 72.625 11.695
25.625 72.875 17.677
25.625 73.125 20.218
25.625 73.375 30.421
25.625 73.625 21.801
25.625 73.875 12.156
25.625 74.125 4.827
25.625 74.375 6.8766
25.625 74.625 36.388
25.625 74.875 29.078
25.625 75.125 11.091
25.625 75.375 13.449
25.625 75.625 11.259
25.625 75.875 7.1344
25.625 76.125 11.274
25.625 76.375 21.145
25.625 76.625 27.956
25.625 76.875 39.053
25.625 77.125 33.567
25.625 77.375 31.413
25.625 77.625 26.442
25.625 77.875 39.975
25.625 78.125 15.216
25.625 78.375 1.5498
25.625 78.625 6.8589
25.625 78.875 7.871
25.625 79.125 32.803
25.625 79.375 34.284
25.625 79.625 19.312
25.625 79.875 16.356
25.625 80.125 13.793
25.625 80.375 6.3937
25.625 80.625 5.6963
25.625 80.875 5.7335
25.625 81.125 5.5017
25.625 81.375 6.9096
25.625 81.625 4.1682
25.625 81.875 11.143
25.625 82.125 10.44
25.625 82.375 32.465
25.625 82.625 55.87
25.625 82.875 34.962
25.625 83.125 29.34
25.625 83.375 30.599
25.625 83.625 19.491
25.625 83.875 19.221
25.625 84.125 30.293
25.625 84.375 55.744
25.625 84.625 48.724
25.625 84.875 33.646
25.625 85.125 24.543
25.625 85.375 29.886
25.625 85.625 13.683
25.625 85.875 12.827
25.625 86.125 10.702
25.625 86.375 12.246
25.625 86.625 23.74
25.625 86.875 17.976
25.625 87.125 12.453
25.625 87.375 0.17082
25.625 87.625 3.4514
25.625 87.875 8.8776
25.625 88.125 14.878
25.625 90.125 14.891
25.625 90.375 16.435
25.625 90.625 17.673
25.625 90.875 22.525
25.625 91.125 48.909
25.625 91.375 31.463
25.625 91.625 26.886
25.625 91.875 20
25.625 92.125 4.8635
25.625 92.375 6.5133
25.625 92.625 10.151
25.625 92.875 9.8428
25.625 93.125 16.068
25.625 93.375 20.45
25.625 93.625 65.976
25.625 93.875 70.351
25.625 94.125 79.11
25.625 94.375 77.137
NaN NaN NaN
NaN NaN NaN
25.875 70.375 27.209
25.875 70.625 23.196
25.875 70.875 21.317
25.875 71.125 27.755
25.875 71.375 12.254
25.875 71.625 8.9113
25.875 71.875 2.1942
25.875 72.125 0
25.875 72.375 0
25.875 72.625 8.6208
25.875 72.875 14.725
25.875 73.125 20.037
25.875 73.375 17.643
25.875 73.625 6.0929
25.875 73.875 0.41628
25.875 74.125 0
25.875 74.375 3.5459
25.875 74.625 8.8277
25.875 74.875 34.091
25.875 75.125 26.661
25.875 75.375 19.087
25.875 75.625 8.8792
25.875 75.875 4.8683
25.875 76.125 5.8808
25.875 76.375 18.936
25.875 76.625 18.6
25.875 76.875 17.534
25.875 77.125 30.793
25.875 77.375 26.659
25.875 77.625 26.122
25.875 77.875 25.842
25.875 78.125 17.167
25.875 78.375 19.97
25.875 78.625 16.678
25.875 78.875 17.193
25.875 79.125 63.726
25.875 79.375 26.6
25.875 79.625 19.771
25.875 79.875 32.093
25.875 80.125 21.428
25.875 80.375 8.2939
25.875 80.625 3.5201
25.875 80.875 3.9294
25.875 81.125 8.8626
25.875 81.375 3.4281
25.875 81.625 10.468
25.875 81.875 13.551
25.875 82.125 16.904
25.875 82.375 32.29
25.875 82.625 19.479
25.875 82.875 15.613
25.875 83.125 15.171
25.875 83.375 18.615
25.875 83.625 31.141
25.875 83.875 23.784
25.875 84.125 65.692
25.875 84.375 24.331
25.875 84.625 31.809
25.875 84.875 24.153
25.875 85.125 27.077
25.875 85.375 30.875
25.875 85.625 20.911
25.875 85.875 7.1432
25.875 86.125 2.7903
25.875 86.375 12.987
25.875 86.625 17.546
25.875 86.875 9.2063
25.875 87.125 2.0438
25.875 87.375 5.8507
25.875 87.625 18.641
25.875 87.875 15.503
25.875 90.125 9.0832
25.875 90.375 7.5687
25.875 90.625 9.7642
25.875 90.875 9.848
25.875 91.125 15.543
25.875 91.375 18.527
25.875 91.625 18.863
25.875 91.875 21.669
25.875 92.125 7.9239
25.875 92.375 9.3755
25.875 92.625 10.877
25.875 92.875 9.6247
25.875 93.125 10.984
25.875 93.375 13.187
25.875 93.625 36.326
25.875 93.875 65.157
25.875 94.125 66.384
25.875 94.375 68.679
25.875 94.625 59.807
25.875 94.875 60.831
26.125 70.375 15.221
26.125 70.625 17.346
26.125 70.875 19.592
26.125 71.125 28.577
26.125 71.375 18.209
26.125 71.625 6.9352
26.125 71.875 1.417
26.125 72.125 0.065127
26.125 72.375 6.5952
26.125 72.625 13.223
26.125 72.875 15.684
26.125 73.125 11.091
26.125 73.375 2.7569
26.125 73.625 0.5359
26.125 73.875 0.52659
26.125 74.125 8.7175
26.125 74.375 11.675
26.125 74.625 7.3211
26.125 74.875 15.489
26.125 75.125 85.672
26.125 75.375 18.216
26.125 75.625 11.269
26.125 75.875 2.1873
26.125 76.125 3.903
26.125 76.375 20.38
26.125 76.625 23.784
26.125 76.875 13.15
26.125 77.125 19.02
26.125 77.375 25.311
26.125 77.625 21.591
26.125 77.875 21.901
26.125 78.125 31.8
26.125 78.375 39.782
26.125 78.625 16.252
26.125 78.875 20.775
26.125 79.125 27.268
26.125 79.375 6.5564
26.125 79.625 8.5539
26.125 79.875 10.383
26.125 80.125 10.598
26.125 80.375 11.138
26.125 80.625 3.9009
26.125 80.875 10.397
26.125 81.125 20.556
26.125 81.375 2.9436
26.125 81.625 55.568
26.125 81.875 21.422
26.125 82.125 8.9519
26.125 82.375 10.396
26.125 82.625 17.568
26.125 82.875 15.074
26.125 83.125 12.489
26.125 83.375 17.567
26.125 83.625 18.473
26.125 83.875 66.818
26.125 84.125 79.609
26.125 84.375 20.254
26.125 84.625 28.997
26.125 84.875 25.301
26.125 85.125 11.881
26.125 85.375 4.0981
26.125 85.625 11.492
26.125 85.875 5.7154
26.125 86.125 2.1946
26.125 86.375 1.557
26.125 86.625 2.4624
26.125 86.875 8.4427
26.125 87.125 0.50024
26.125 87.375 14.414
26.125 87.625 9.9668
26.125 87.875 5.7229
26.125 88.125 2.1481
26.125 89.375 5.1882
26.125 89.875 47.907
26.125 90.125 7.5245
26.125 90.375 4.6721
26.125 90.625 4.1828
26.125 90.875 3.5872
26.125 91.125 4.8481
26.125 91.375 9.7126
26.125 91.625 16.424
26.125 91.875 23.894
26.125 92.125 20.61
26.125 92.375 20.545
26.125 92.625 21.12
26.125 92.875 10.608
26.125 93.125 10.532
26.125 93.375 10.02
26.125 93.625 19.343
26.125 93.875 84.543
26.125 94.125 78.951
26.125 94.375 59.61
26.125 94.625 51.636
26.125 94.875 44.616
26.375 70.375 3.2975
26.375 70.625 5.1775
26.375 70.875 8.3897
26.375 71.125 11.525
26.375 71.375 19.332
26.375 71.625 13.186
26.375 71.875 8.0939
26.375 72.125 1.9543
26.375 72.375 2.5843
26.375 72.625 4.4814
26.375 72.875 11.074
26.375 73.125 4.515
26.375 73.375 0.83439
26.375 73.625 6.317
26.375 73.875 8.834
26.375 74.125 9.4326
26.375 74.375 17.064
26.375 74.625 3.1445
26.375 74.875 7.618
26.375 75.125 22.171
26.375 75.375 3.2249
26.375 75.625 7.2682
26.375 75.875 10.41
26.375 76.125 18.26
26.375 76.375 14.775
26.375 76.625 24.337
26.375 76.875 19.497
26.375 77.125 14.686
26.375 77.375 52.098
26.375 77.625 31.681
26.375 77.875 34.385
26.375 78.125 45.415
26.375 78.375 34.182
26.375 78.625 24.748
26.375 78.875 34.969
26.375 79.125 22.151
26.375 79.375 7.5849
26.375 79.625 7.2471
26.375 79.875 9.8808
26.375 80.125 8.7436
26.375 80.375 15.414
26.375 80.625 10.235
26.375 80.875 15.527
26.375 81.125 12.292
26.375 81.375 3.9271
26.375 81.625 12.062
26.375 81.875 14.321
26.375 82.125 11.854
26.375 82.375 29.127
26.375 82.625 20.494
26.375 82.875 13.839
26.375 83.125 5.9702
26.375 83.375 14.661
26.375 83.625 91.553
26.375 83.875 81.628
26.375 84.125 24.492
26.375 84.375 58.317
26.375 84.625 45.018
26.375 84.875 17.237
26.375 85.125 35.677
26.375 85.375 22.516
26.375 85.625 15.816
26.375 85.875 10.647
26.375 86.125 3.0894
26.375 86.375 0.33986
26.375 86.625 0.23027
26.375 86.875 4.4598
26.375 87.125 3.0127
26.375 87.625 2.4958
26.375 87.875 9.4035
26.375 88.125 6.9679
26.375 88.375 3.1337
26.375 88.875 11.473
26.375 89.375 3.7077
26.375 89.625 34.795
26.375 89.875 53.246
26.375 90.125 18.751
26.375 90.375 4.6764
26.375 90.625 3.8877
26.375 90.875 1.9347
26.375 91.125 0.64575
26.375 91.375 2.9678
26.375 91.625 4.3539
26.375 91.875 5.4289
26.375 92.125 25.254
26.375 92.375 17.112
26.375 92.625 18.309
26.375 92.875 13.207
26.375 93.125 9.965
26.375 93.375 8.4992
26.375 93.625 14.522
26.375 93.875 32.717
26.375 94.125 66.891
26.375 94.375 40.61
26.375 94.625 41.108
26.375 94.875 26.025
26.625 69.875 7.892
26.625 70.125 4.1189
26.625 70.375 1.892
26.625 70.625 5.6875
26.625 70.875 6.2261
26.625 71.125 7.9467
26.625 71.375 21.798
26.625 71.625 22.269
26.625 71.875 17.216
26.625 72.125 8.0578
26.625 72.375 3.1219
26.625 72.625 1.1108
26.625 72.875 1.6622
26.625 73.125 3.8714
26.625 73.375 3.5737
26.625 73.625 10.652
26.625 73.875 9.8618
26.625 74.125 3.0101
26.625 74.375 13.361
26.625 74.625 8.9979
26.625 74.875 33.915
26.625 75.125 7.6304
26.625 75.375 7.5494
26.625 75.625 9.5668
26.625 75.875 21.77
26.625 76.125 28.746
26.625 76.375 28.578
26.625 76.625 9.7806
26.625 76.875 14.4
26.625 77.125 44.944
26.625 77.375 50.082
26.625 77.625 41.745
26.625 77.875 31.389
26.625 78.125 48.772
26.625 78.375 28.926
26.625 78.625 48.701
26.625 78.875 47.104
26.625 79.125 26.093
26.625 79.375 38.295
26.625 79.625 31.066
26.625 79.875 10.745
26.625 80.125 18.018
26.625 80.375 49.833
26.625 80.625 9.178
26.625 80.875 10.962
26.625 81.125 10.625
26.625 81.375 7.4891
26.625 81.625 9.514
26.625 81.875 10.303
26.625 82.125 9.2199
26.625 82.375 25.713
26.625 82.625 8.4245
26.625 82.875 8.1942
26.625 83.125 6.7076
26.625 83.375 2
26.625 83.625 28.907
26.625 83.875 32.169
26.625 84.125 22
26.625 84.375 53.94
26.625 84.625 38.364
26.625 84.875 1.7882
26.625 85.125 11.508
26.625 85.375 18.109
26.625 85.625 15.399
26.625 86.125 6.6105
26.625 88.375 4.7437
26.625 88.625 2.7308
26.625 88.875 11.435
26.625 89.125 6.398
26.625 89.375 2.5234
26.625 89.625 14.831
26.625 89.875 24.062
26.625 90.125 11.712
26.625 90.375 9.0677
26.625 90.625 3.2746
26.625 90.875 4.2238
26.625 91.125 5.9775
26.625 91.375 3.7482
26.625 91.625 1.0224
26.625 91.875 0.34875
26.625 92.125 8.8871
26.625 92.375 15.122
26.625 92.625 15.661
26.625 92.875 25.133
26.625 93.125 17.748
26.625 93.375 18.138
26.625 93.625 27.776
26.625 93.875 23.322
26.625 94.125 16.841
26.625 94.375 16.443
26.625 94.625 19.26
26.625 94.875 33.222
26.625 95.125 44.484
26.875 69.625 13.669
26.875 69.875 13.055
26.875 70.125 9.7673
26.875 70.375 4.8488
26.875 70.625 7.2847
26.875 70.875 6.3979
26.875 71.125 7.9587
26.875 71.375 16.49
26.875 71.625 24.361
26.875 71.875 21.503
26.875 72.125 9.8497
26.875 72.375 5.8329
26.875 72.625 3.7664
26.875 72.875 6.4154
26.875 73.125 12.159
26.875 73.375 18.568
26.875 73.625 25.999
26.875 73.875 14.479
26.875 74.125 5.9617
26.875 74.375 12.327
26.875 74.625 10.927
26.875 74.875 37.629
26.875 75.125 31.852
26.875 75.375 6.9138
26.875 75.625 9.2731
26.875 75.875 19.639
26.875 76.125 35.3
26.875 76.375 15.688
26.875 76.625 11.624
26.875 76.875 13.31
26.875 77.125 28.157
26.875 77.375 22.744
26.875 77.625 27.904
26.875 77.875 24.662
26.875 78.125 12.841
26.875 78.375 10.85
26.875 78.625 5.847
26.875 78.875 37.015
26.875 79.125 40.154
26.875 79.375 69.051
26.875 79.625 38.095
26.875 79.875 10.65
26.875 80.125 18.902
26.875 80.375 31.16
26.875 80.625 2.6844
26.875 80.875 5.3359
26.875 81.125 9.8123
26.875 81.375 12.258
26.875 81.625 4.0938
26.875 81.875 0.35951
26.875 82.125 2.842
26.875 82.375 11.616
26.875 82.625 12.358
26.875 82.875 10.88
26.875 83.125 18.421
26.875 83.375 7.5997
26.875 83.625 2.574
26.875 83.875 0.63318
26.875 84.125 16.086
26.875 84.375 20.83
26.875 84.625 28.046
26.875 84.875 4.5297
26.875 88.375 10.948
26.875 88.625 7.0912
26.875 88.875 3.5874
26.875 92.375 18.163
26.875 92.625 19.226
26.875 92.875 27.931
26.875 93.125 39.235
26.875 93.375 32.027
26.875 93.625 26.201
26.875 93.875 17.799
26.875 94.125 23.462
26.875 94.375 21.535
26.875 94.625 21.472
26.875 94.875 37.682
26.875 95.125 44.928
26.875 95.375 44.241
26.875 95.625 38.208
27.125 69.875 21.96
27.125 70.125 26.942
27.125 70.375 30.644
27.125 70.625 18.621
27.125 70.875 12.571
27.125 71.125 6.9703
27.125 71.375 8.9804
27.125 71.625 9.9601
27.125 71.875 8.2306
27.125 72.125 8.8296
27.125 72.375 6.2242
27.125 72.625 6.5944
27.125 72.875 4.5623
27.125 73.125 11.577
27.125 73.375 24.668
27.125 73.625 30.194
27.125 73.875 24.389
27.125 74.125 23.594
27.125 74.375 29.344
27.125 74.625 10.127
27.125 74.875 11.921
27.125 75.125 10.844
27.125 75.375 6.9094
27.125 75.625 49.255
27.125 75.875 30.087
27.125 76.125 23.308
27.125 76.375 65.296
27.125 76.625 6.0977
27.125 76.875 16.548
27.125 77.125 47.226
27.125 77.375 28.929
27.125 77.625 43.256
27.125 77.875 19.468
27.125 78.125 12.326
27.125 78.375 8.1727
27.125 78.625 8.0532
27.125 78.875 15
27.125 79.125 33.93
27.125 79.375 12.158
27.125 79.625 9.2718
27.125 79.875 22.147
27.125 80.125 13.888
27.125 80.375 4.7627
27.125 80.625 3.8184
27.125 80.875 4.5802
27.125 81.125 15.882
27.125 81.375 22.66
27.125 81.625 16.792
27.125 81.875 2.427
27.125 82.125 1.5444
27.125 82.375 7.5328
27.125 82.625 32.412
27.125 82.875 14.183
27.125 83.125 18.357
27.125 83.375 20.453
27.125 83.625 14.102
27.125 83.875 14.341
27.125 84.125 17.208
27.125 84.375 17.348
27.125 84.625 13.967
27.125 88.125 23.5
27.125 88.375 37.645
27.125 88.625 28.161
27.125 92.125 11.859
27.125 92.375 15.086
27.125 92.625 16.291
27.125 92.875 28.384
27.125 93.125 37.998
27.125 93.375 40.049
27.125 93.625 40.583
27.125 93.875 36.712
27.125 94.125 18.988
27.125 94.375 23.036
27.125 94.625 27.573
27.125 94.875 29.79
27.125 95.125 50.406
27.125 95.375 50.708
27.125 95.625 30.123
27.125 95.875 24.44
27.375 70.125 28.591
27.375 70.375 30.313
27.375 70.625 23.459
27.375 70.875 14.978
27.375 71.125 5.6386
27.375 71.375 4.848
27.375 71.625 4.3372
27.375 71.875 3.0472
27.375 72.125 2.6531
27.375 72.375 4.7403
27.375 72.625 2.6633
27.375 72.875 0.013664
27.375 73.125 3.5279
27.375 73.375 5.2686
27.375 73.625 18.643
27.375 73.875 27.734
27.375 74.125 29.865
27.375 74.375 33.621
27.375 74.625 16.069
27.375 74.875 6.679
27.375 75.125 13.826
27.375 75.375 4.0979
27.375 75.625 54.183
27.375 75.875 18.076
27.375 76.125 16.927
27.375 76.375 24.61
27.375 76.625 47.734
27.375 76.875 38.686
27.375 77.125 42.297
27.375 77.375 25.578
27.375 77.625 36.899
27.375 77.875 24.59
27.375 78.125 7.6754
27.375 78.375 9.2083
27.375 78.625 11.699
27.375 78.875 3
27.375 79.125 5.3145
27.375 79.375 4.9929
27.375 79.625 11.29
27.375 79.875 28.106
27.375 80.125 7.9705
27.375 80.375 4.9116
27.375 80.625 15.209
27.375 80.875 9.0297
27.375 81.125 15.554
27.375 81.375 17.667
27.375 81.625 11.044
27.375 81.875 3.1642
27.375 82.125 0.058571
27.375 82.375 11.506
27.375 82.625 27.073
27.375 82.875 18.784
27.375 83.125 17.22
27.375 83.625 15.827
27.375 84.125 16.825
27.375 84.375 16.836
27.375 88.125 10.987
27.375 88.375 13.441
27.375 88.625 15.11
27.375 92.125 12.373
27.375 92.375 14.234
27.375 92.625 16.063
27.375 92.875 17.031
27.375 93.125 11.849
27.375 93.375 5.5858
27.375 93.625 37.19
27.375 93.875 34.866
27.375 94.125 27.899
27.375 94.375 45.464
27.375 94.625 41.654
27.375 94.875 31.863
27.375 95.125 43.682
27.375 95.375 42.615
27.375 95.625 24.132
27.375 95.875 19.75
27.375 96.125 11.293
27.375 96.375 3.2426
NaN NaN NaN
27.375 96.875 0.53025
27.625 70.125 29.18
27.625 70.375 28.095
27.625 70.625 25.464
27.625 70.875 16.691
27.625 71.125 5.7993
27.625 71.375 4.6361
27.625 71.625 3.8964
27.625 71.875 3.1267
27.625 72.125 3.4144
27.625 72.375 3.821
27.625 72.625 0.19374
27.625 72.875 0.01793
27.625 73.125 0.0077378
27.625 73.375 0.0097727
27.625 73.625 18.171
27.625 73.875 26.17
27.625 74.125 28.262
27.625 74.375 22.985
27.625 74.625 14.704
27.625 74.875 8.9293
27.625 75.125 25.718
27.625 75.375 33.832
27.625 75.625 36.033
27.625 75.875 11.234
27.625 76.125 15.092
27.625 76.375 33.443
27.625 76.625 28.185
27.625 76.875 32.061
27.625 77.125 8.4966
27.625 77.375 14.769
27.625 77.625 18.993
27.625 77.875 4.3764
27.625 78.125 14.886
27.625 78.375 2.9062
27.625 78.625 19.377
27.625 78.875 13.018
27.625 79.125 10.072
27.625 79.375 2.3206
27.625 79.625 7.2992
27.625 79.875 7.4558
27.625 80.125 5.6129
27.625 80.375 7.4917
27.625 80.625 10.386
27.625 80.875 14.277
27.625 81.125 24.032
27.625 81.375 28.385
27.625 81.625 16.222
27.625 81.875 5.4083
27.625 82.125 1.6257
27.625 82.375 8.8055
27.625 82.625 25.124
27.625 88.375 12.321
27.625 88.625 12.559
27.625 91.625 9.4945
27.625 91.875 9.5306
27.625 92.125 12.612
27.625 92.375 13.803
27.625 92.625 14.795
27.625 92.875 13.082
27.625 93.125 13.726
27.625 93.375 10.334
27.625 93.625 16.082
27.625 93.875 10.746
27.625 94.125 17.666
27.625 94.375 32.989
27.625 94.625 38.425
27.625 94.875 23.882
27.625 95.125 17.937
27.625 95.375 21.083
27.625 95.625 6.5122
27.625 95.875 8.4734
27.625 96.125 1.4692
27.625 96.375 0.6573
27.625 96.625 0.59904
27.625 96.875 0.19783
27.875 70.375 30.958
27.875 71.875 2.7341
27.875 72.125 2.2222
27.875 72.375 1.4514
27.875 72.625 0.11907
27.875 72.875 0.026895
27.875 73.125 0.039379
27.875 73.375 0.026373
27.875 73.625 20.027
27.875 73.875 22.877
27.875 74.125 14.654
27.875 74.375 2.7351
27.875 74.625 21.387
27.875 74.875 23.733
27.875 75.125 30.99
27.875 75.375 22.985
27.875 75.625 12.421
27.875 75.875 22.7
27.875 76.125 18.081
27.875 76.375 24.595
27.875 76.625 20.714
27.875 76.875 16.265
27.875 77.125 13.288
27.875 77.375 4.7156
27.875 77.625 4.8186
27.875 77.875 14.413
27.875 78.125 37.969
27.875 78.375 49.08
27.875 78.625 45.102
27.875 78.875 42.953
27.875 79.125 44.427
27.875 79.375 4.4814
27.875 79.625 4.8906
27.875 79.875 6.8922
27.875 80.125 6.4271
27.875 80.375 5.6822
27.875 80.625 3.4989
27.875 80.875 6.6031
27.875 81.125 22.012
27.875 81.375 26.413
27.875 81.625 27.398
27.875 88.375 106.32
27.875 88.625 104.16
27.875 92.875 10.31
27.875 93.125 9.6675
27.875 93.375 11.174
27.875 93.625 10.565
27.875 93.875 8.5335
27.875 94.125 11.208
27.875 94.375 16.253
27.875 94.625 19.236
27.875 94.875 34.301
27.875 95.125 26.248
27.875 95.375 5.1369
27.875 95.625 2.3214
27.875 95.875 1.568
27.875 96.125 0.096748
27.875 96.375 0.019771
27.875 96.625 0.14986
NaN NaN NaN
27.875 97.125 2.4026e-06
28.125 72.125 1.8535
28.125 72.375 1.3139
28.125 72.625 0.29997
28.125 72.875 0.031449
28.125 73.125 0.013311
28.125 73.375 0.0049153
28.125 73.625 13.783
28.125 73.875 14.342
28.125 74.125 5.458
28.125 74.375 2.3457
28.125 74.625 15.047
28.125 74.875 19.544
28.125 75.125 30.574
28.125 75.375 29.06
28.125 75.625 8.0797
28.125 75.875 16.849
28.125 76.125 26.777
28.125 76.375 28.713
28.125 76.625 6.3477
28.125 76.875 2.1442
28.125 77.125 9.026
28.125 77.375 10.263
28.125 77.625 3.8302
28.125 77.875 31.537
28.125 78.125 77.715
28.125 78.375 56.986
28.125 78.625 17.991
28.125 78.875 19.86
28.125 79.125 12.583
28.125 79.375 2.5987
28.125 79.625 1.0263
28.125 79.875 3.3882
28.125 80.125 3.3481
28.125 80.375 1.9639
28.125 80.625 1.095
28.125 80.875 6.8946
28.125 81.125 18.444
28.125 81.375 24.839
28.125 92.875 7.0817
28.125 93.125 7.6846
28.125 93.375 9.8274
28.125 93.625 10.136
28.125 93.875 18.381
28.125 94.125 18.282
28.125 94.375 12.723
28.125 94.625 1.2728
28.125 94.875 26.353
28.125 95.125 21.529
28.125 95.375 8.4761
28.125 95.625 4.7422
28.125 95.875 1.4502
28.125 96.125 0.29363
28.125 96.375 0.067952
NaN NaN NaN
NaN NaN NaN
NaN NaN NaN
28.375 72.375 1.7117
28.375 72.625 0.99732
28.375 72.875 0
28.375 73.125 0
28.375 73.375 0
28.375 73.625 0.89649
28.375 73.875 4.3834
28.375 74.125 2.8979
28.375 74.375 3.1677
28.375 74.625 11.053
28.375 74.875 18.888
28.375 75.125 34.762
28.375 75.375 21.836
28.375 75.625 15.888
28.375 75.875 19.128
28.375 76.125 17.525
28.375 76.375 0.94677
28.375 76.625 2.3187
28.375 76.875 5.0088
28.375 77.125 6.7626
28.375 77.375 23.395
28.375 77.625 8.9886
28.375 77.875 14.825
28.375 78.125 47.796
28.375 78.375 26.175
28.375 78.625 8.7733
28.375 78.875 7.7026
28.375 79.125 10.278
28.375 79.375 1.7707
28.375 79.625 1.3963
28.375 79.875 2.8883
28.375 80.125 3.0393
28.375 80.375 1.248
28.375 80.625 1.6558
28.375 80.875 6.0971
28.375 81.125 9.9634
28.375 93.375 22.167
28.375 93.625 34.671
28.375 93.875 49.405
28.375 94.125 51.06
28.375 94.375 40.526
28.375 94.625 30.092
28.375 94.875 30.706
28.375 95.125 17.22
28.375 95.375 11.938
28.375 95.625 4.4949
28.375 95.875 1.4045
28.375 96.125 0.43248
NaN NaN NaN
28.625 72.375 1.9814
28.625 72.625 1.1825
28.625 72.875 0.014261
28.625 73.125 0
28.625 73.375 0.15672
28.625 73.625 0.12025
28.625 73.875 0.37116
28.625 74.125 1.8611
28.625 74.375 4.6943
28.625 74.625 7.7595
28.625 74.875 12.239
28.625 75.125 34.056
28.625 75.375 19.92
28.625 75.625 10.005
28.625 75.875 5.0211
28.625 76.125 11.356
28.625 76.375 0.88596
28.625 76.625 3.0511
28.625 76.875 3.5455
28.625 77.125 0.83688
28.625 77.375 0.90464
28.625 77.625 0.030753
28.625 77.875 4.1517
28.625 78.125 15.722
28.625 78.375 22.47
28.625 78.625 7.4577
28.625 78.875 7.5704
28.625 79.125 20.618
28.625 79.375 7.3346
28.625 79.625 16.808
28.625 79.875 24.58
28.625 80.125 18.117
28.625 80.375 11.14
28.625 80.625 3.2776
28.625 93.625 67.096
28.625 93.875 82.78
28.625 94.125 76.565
28.625 94.375 76.261
28.625 94.625 62.828
28.625 94.875 43.785
28.625 95.125 20.364
28.625 95.375 10.478
28.625 95.625 6.5446
28.625 95.875 1.4196
28.625 96.125 0.49542
NaN NaN NaN
28.875 72.875 0.0024145
28.875 73.125 0.52032
28.875 73.375 0.93306
28.875 73.625 0.51888
28.875 73.875 0.19276
28.875 74.125 3.873
28.875 74.375 5.4047
28.875 74.625 4.292
28.875 74.875 2.1804
28.875 75.125 5.0333
28.875 75.375 5.8553
28.875 75.625 4.667
28.875 75.875 4.0999
28.875 76.125 3.9456
28.875 76.375 6.4891
28.875 76.625 1.8443
28.875 76.875 0.96808
28.875 77.125 0.022729
28.875 77.375 0.66965
28.875 77.625 0.091385
28.875 77.875 17.164
28.875 78.125 19.655
28.875 78.375 27.588
28.875 78.625 1.312
28.875 78.875 5.3219
28.875 79.125 27.553
28.875 79.375 21.804
28.875 79.625 24.926
28.875 79.875 41.031
28.875 94.125 79.069
28.875 94.375 78.955
28.875 94.625 72.874
28.875 94.875 62.324
28.875 95.125 47.786
28.875 95.375 11.356
28.875 95.625 6.0567
28.875 95.875 1.5485
28.875 96.125 0.47329
NaN NaN NaN
29.125 73.125 0.99999
29.125 73.375 1.2245
29.125 73.625 0.12528
29.125 73.875 0.1419
29.125 74.125 0.25364
29.125 74.375 5.733
29.125 74.625 5.4341
29.125 74.875 0.12113
29.125 75.125 2.0897
29.125 75.375 4.2145
29.125 75.625 4.2908
29.125 75.875 3.2323
29.125 76.125 2.2107
29.125 76.375 6.6695
29.125 76.625 0.29711
29.125 76.875 0
29.125 77.125 5.0673
29.125 77.375 5.5795
29.125 77.625 9.5524
29.125 77.875 26.37
29.125 78.125 10.716
29.125 78.375 15.337
29.125 78.625 46.897
29.125 78.875 25.495
29.125 79.125 37.479
29.125 79.375 52.687
29.125 79.625 65.752
29.125 79.875 77.536
29.125 80.125 81.507
29.125 94.375 78.796
29.125 94.625 77.168
29.125 94.875 74.263
29.125 95.625 3.2171
29.125 95.875 2.0284
29.125 96.125 0.2407
29.375 73.375 3.6414
29.375 73.625 0.87515
29.375 73.875 0.28314
29.375 74.125 5.0388
29.375 74.375 7.7816
29.375 74.625 6.1645
29.375 74.875 7.1362
29.375 75.125 8.0637
29.375 75.375 3.856
29.375 75.625 0.066167
29.375 75.875 0.042078
29.375 76.125 2.5866
29.375 76.375 1.9987
29.375 76.625 3.422
29.375 76.875 1.2637
29.375 77.125 2.7642
29.375 77.375 12.161
29.375 77.625 16.357
29.375 77.875 22.706
29.375 78.125 16.242
29.375 78.375 11.068
29.375 78.625 15.826
29.375 78.875 19.007
29.375 79.125 45.72
29.375 79.375 71.263
29.375 79.625 51.431
29.375 79.875 84.881
29.375 80.125 61.763
NaN NaN NaN
29.625 73.375 6.5814
29.625 73.625 3.7603
29.625 73.875 1.9085
29.625 74.125 16.747
29.625 74.375 13.813
29.625 74.625 6.9153
29.625 74.875 6.8724
29.625 75.125 2.941
29.625 75.375 1.492
29.625 75.625 0.049414
29.625 75.875 0.066045
29.625 76.125 1.0479
29.625 76.375 7.3865
29.625 76.625 9.9723
29.625 76.875 15.47
29.625 77.125 8.5575
29.625 77.375 14.359
29.625 77.625 3.1037
29.625 77.875 18.184
29.625 78.125 24.231
29.625 78.375 23.525
29.625 78.625 17.61
29.625 78.875 30.414
29.625 79.125 45.454
29.625 79.375 44.708
29.625 79.625 37.855
29.625 79.875 47.885
29.625 80.125 36.707
29.875 73.625 2.3217
29.875 73.875 3.8012
29.875 74.125 11.411
29.875 74.375 8.5827
29.875 74.625 9.1155
29.875 74.875 7.8185
29.875 75.125 1.0396
29.875 75.375 4.0219
29.875 75.625 4.8799
29.875 75.875 3.9557
29.875 76.125 2.6311
29.875 76.375 8.0549
29.875 76.625 10.009
29.875 76.875 2.4353
29.875 77.125 15.742
29.875 77.375 22.196
29.875 77.625 8.7854
29.875 77.875 13.828
29.875 78.125 35.129
29.875 78.375 67.285
29.875 78.625 40.822
29.875 78.875 43.59
29.875 79.125 34.571
29.875 79.375 41.491
29.875 79.625 72.399
29.875 79.875 33.981
29.875 80.125 29.283
29.875 80.375 31.99
30.125 74.125 2.4207
30.125 74.375 3.3696
30.125 74.625 5.2946
30.125 74.875 4.7878
30.125 75.125 4.9282
30.125 75.375 7.31
30.125 75.625 2.1067
30.125 75.875 11.05
30.125 76.125 18.299
30.125 76.375 7.8261
30.125 76.625 6.1449
30.125 76.875 8.3279
30.125 77.125 9.6981
30.125 77.375 21.282
30.125 77.625 107.76
30.125 77.875 92.504
30.125 78.125 41.599
30.125 78.375 98.542
30.125 78.625 42.358
30.125 78.875 41.16
30.125 79.125 37.864
30.125 79.375 35.51
30.125 79.625 62.163
30.125 79.875 34.625
30.125 80.125 29.127
30.125 80.375 30.656
30.125 80.625 29.607
30.375 74.125 2.2851
30.375 74.375 3.1702
30.375 74.625 5.526
30.375 74.875 7.5362
30.375 75.125 19.73
30.375 75.375 15.689
30.375 75.625 5.3182
30.375 75.875 13.415
30.375 76.125 17.845
30.375 76.375 19.739
30.375 76.625 7.2024
30.375 76.875 1.7242
30.375 77.125 23.35
30.375 77.375 42.3
30.375 77.625 45.807
30.375 77.875 41.556
30.375 78.125 61.112
30.375 78.375 17.494
30.375 78.625 37.717
30.375 78.875 49.414
30.375 79.125 39.103
30.375 79.375 26.718
30.375 79.625 35.783
30.375 79.875 44.375
30.375 80.125 39.067
30.375 80.375 29.771
30.375 80.625 28.493
30.625 74.375 7.0804
30.625 74.625 8.8179
30.625 74.875 8.6626
30.625 75.125 17.429
30.625 75.375 36.969
30.625 75.625 30.847
30.625 75.875 15.387
30.625 76.125 7.2495
30.625 76.375 17.9
30.625 76.625 17.386
30.625 76.875 2.8445
30.625 77.125 22.031
30.625 77.375 30.628
30.625 77.625 26.314
30.625 77.875 21.539
30.625 78.125 17.216
30.625 78.375 14.718
30.625 78.625 25.848
30.625 78.875 47.347
30.625 79.125 36.46
30.625 79.375 29.454
30.625 79.625 43.954
30.625 79.875 37.171
30.625 80.125 38.971
30.875 74.625 6.1532
30.875 74.875 6.6658
30.875 75.125 19.096
30.875 75.375 19.148
30.875 75.625 30.718
30.875 75.875 36.417
30.875 76.125 25.208
30.875 76.375 17.194
30.875 76.625 15.267
30.875 76.875 19.574
30.875 77.125 33.056
30.875 77.375 27.303
30.875 77.625 39.156
30.875 77.875 41.141
30.875 78.125 24.052
30.875 78.375 19.507
30.875 78.625 24.078
30.875 78.875 34.255
30.875 79.125 39.418
30.875 79.375 29.089
30.875 79.625 28.759
30.875 79.875 12.261
31.125 74.875 8.8862
31.125 75.125 3.439
31.125 75.375 10.625
31.125 75.625 14.319
31.125 75.875 35.899
31.125 76.125 49.236
31.125 76.375 37.958
31.125 76.625 23.72
31.125 76.875 20.482
31.125 77.125 30.505
31.125 77.375 23.059
31.125 77.625 34.17
31.125 77.875 33.135
31.125 78.125 27.125
31.125 78.375 23.628
31.125 78.625 21.395
31.125 78.875 31.12
31.125 79.125 33.542
31.375 74.875 9.8229
31.375 75.125 3.6095
31.375 75.375 5.9537
31.375 75.625 21.85
31.375 75.875 24.395
31.375 76.125 16.113
31.375 76.375 24.586
31.375 76.625 20.415
31.375 76.875 21.46
31.375 77.125 16.819
31.375 77.375 28.909
31.375 77.625 62.212
31.375 77.875 30.003
31.375 78.125 25.55
31.375 78.375 22.85
31.375 78.625 23.607
31.625 74.875 13.857
31.625 75.125 9.7248
31.625 75.375 13.833
31.625 75.625 8.5772
31.625 75.875 3.7486
31.625 76.125 12.681
31.625 76.375 16.044
31.625 76.625 21.549
31.625 76.875 8.9409
31.625 77.125 7.7513
31.625 77.375 45.042
31.625 77.625 53.802
31.625 77.875 30.93
31.625 78.125 22.652
31.625 78.375 21.442
31.625 78.625 21.516
31.875 74.875 14.37
31.875 75.125 9.8047
31.875 75.375 12.297
31.875 75.625 10.879
31.875 75.875 24.72
31.875 76.125 13.561
31.875 76.375 11.983
31.875 76.625 14.51
31.875 76.875 10.512
31.875 77.125 14.146
31.875 77.375 28.646
31.875 77.625 38.66
31.875 77.875 27.471
31.875 78.125 23.284
31.875 78.375 21.212
31.875 78.625 20.569
32.125 75.375 20.776
32.125 75.625 12.705
32.125 75.875 9.4986
32.125 76.125 3.8579
32.125 76.375 11.507
32.125 76.625 7.1268
32.125 76.875 5.0176
32.125 77.125 9.8485
32.125 77.375 5.8335
32.125 77.625 18.71
32.125 77.875 24.882
32.125 78.125 20.746
32.125 78.375 19.377
32.375 75.375 8.6551
32.375 75.625 9.214
32.375 75.875 2.8148
32.375 76.125 13.789
32.375 76.375 15.041
32.375 76.625 5.0379
32.375 76.875 6.7693
32.375 77.125 6.4538
32.375 77.375 5.0018
32.375 77.625 6.8072
32.375 77.875 14.839
32.375 78.125 17.664
32.375 78.375 16.297
32.625 74.875 10.442
32.625 75.125 9.6979
32.625 75.375 10.261
32.625 75.625 7.7608
32.625 75.875 3.9064
32.625 76.125 7.3358
32.625 76.375 9.9548
32.625 76.625 5.7179
32.625 76.875 5.6932
32.625 77.125 6.1347
32.625 77.375 5.1975
32.625 77.625 5.1377
32.625 77.875 9.8829
32.625 78.125 14.565
32.625 78.375 14.537
32.625 78.625 14.244
32.625 78.875 14.2
32.625 79.125 14.756
32.625 79.375 16.163
32.875 74.375 13.632
32.875 74.625 19.878
32.875 74.875 12.212
32.875 75.125 10.069
32.875 75.375 12.291
32.875 75.625 9.1714
32.875 75.875 5.6559
32.875 76.125 7.8936
32.875 76.375 7.8509
32.875 76.625 7.2441
32.875 76.875 6.2544
32.875 77.125 5.4851
32.875 77.375 4.988
32.875 77.625 4.8659
32.875 77.875 5.2803
32.875 78.125 13.518
32.875 78.375 14.2
32.875 78.625 14.2
32.875 78.875 14.2
32.875 79.125 14.478
32.875 79.375 15.32
33.125 73.875 7.6964
33.125 74.125 7.3794
33.125 74.375 12.014
33.125 74.625 18.065
33.125 74.875 7.8649
33.125 75.125 6.3656
33.125 75.375 5.2896
33.125 75.625 4.439
33.125 75.875 4.9522
33.125 76.125 6.964
33.125 76.375 7.2351
33.125 76.625 6.8111
33.125 76.875 5.2498
33.125 77.125 4.0025
33.125 77.375 2.7358
33.125 77.625 2.0077
33.125 77.875 1.0526
33.125 78.125 0.22589
33.125 78.375 0.20146
33.125 78.625 7.2001
33.125 78.875 10.7
33.125 79.125 12.589
33.375 73.875 7.8938
33.375 74.125 6.421
33.375 74.375 4.6616
33.375 74.625 4.7474
33.375 74.875 3.9623
33.375 75.125 0.63038
33.375 75.375 1.1453
33.375 75.625 3.4875
33.375 75.875 4.1388
33.375 76.125 4.1547
33.375 76.375 4.5934
33.375 76.625 3.2514
33.375 76.875 2.7858
33.375 77.125 2.323
33.375 77.375 1.9432
33.375 77.625 1.5528
33.375 77.875 0.90084
33.375 78.125 0.92081
33.375 78.375 0.88187
33.375 78.625 3.0281
33.375 78.875 6.864
33.625 73.875 13.391
33.625 74.125 8.6654
33.625 74.375 2.9005
33.625 74.625 5.04
33.625 74.875 8.231
33.625 75.125 2.3361
33.625 75.375 1.9203
33.625 75.625 2.39
33.625 75.875 1.9612
33.625 76.125 1.9274
33.625 76.375 1.82
33.625 76.625 1.0022
33.625 76.875 0.92596
33.625 77.125 0.88119
33.625 77.375 0.90152
33.625 77.625 0.92611
33.625 77.875 0.97489
33.625 78.125 0.99874
33.625 78.375 1.0015
33.625 78.625 1.0019
33.625 78.875 3.933
33.875 73.875 6.8056
33.875 74.125 6.2632
33.875 74.375 6.3739
33.875 74.625 22.775
33.875 74.875 21.82
33.875 75.125 7.6596
33.875 75.375 4.5542
33.875 75.625 2.4152
33.875 75.875 1.2564
33.875 76.125 0.76339
33.875 76.375 0.66699
33.875 76.625 0.5421
33.875 76.875 0.61115
33.875 77.125 0.84068
33.875 77.375 0.96034
33.875 77.625 0.92746
33.875 77.875 0.94519
33.875 78.125 0.98251
33.875 78.375 0.99999
33.875 78.625 1.0009
33.875 78.875 2.4669
34.125 73.625 2.3393
34.125 73.875 2.5583
34.125 74.125 3.5455
34.125 74.375 6.7576
34.125 74.625 4.9972
34.125 74.875 5.3337
34.125 75.125 8.1702
34.125 75.375 4.7718
34.125 75.625 1.9172
34.125 75.875 0.82401
34.125 76.125 0.45127
34.125 76.375 0.66608
34.125 76.625 0.60974
34.125 76.875 0.63132
34.125 77.125 0.91233
34.125 77.375 0.97196
34.125 77.625 0.87246
34.125 77.875 0.87225
34.125 78.125 0.92997
34.125 78.375 0.99469
34.125 78.625 1.0005
34.125 78.875 1.7337
34.125 79.125 3.191
34.125 79.375 5.0914
34.375 73.625 2.2002
34.375 73.875 1.8831
34.375 74.125 2.3027
34.375 74.375 6.6371
34.375 74.625 5.8373
34.375 74.875 3.8256
34.375 75.125 4.7268
34.375 75.375 3.0748
34.375 75.625 1.3909
34.375 75.875 0.89811
34.375 76.125 0.44372
34.375 76.375 0.53773
34.375 76.625 0.21629
34.375 76.875 0.12804
34.375 77.125 0.076464
34.375 77.375 0.30049
34.375 77.625 0.70163
34.375 77.875 0.73873
34.375 78.125 0.82172
34.375 78.375 0.9587
34.375 78.625 1.0002
34.375 78.875 1.367
34.375 79.125 2.279
34.375 79.375 3.6852
34.625 73.875 2.5802
34.625 74.125 3.0977
34.625 74.375 4.9705
34.625 74.625 5.8315
34.625 74.875 4.6683
34.625 75.125 5.0583
34.625 75.375 2.5808
34.625 75.625 1.5847
34.625 75.875 1.1644
34.625 76.125 0.3991
34.625 76.375 0.37957
34.625 76.625 0.12501
34.625 76.875 0.060742
34.625 77.125 0.024446
34.625 77.375 0.14625
34.625 77.625 0.30037
34.625 77.875 0.42574
34.625 78.125 0.62593
34.625 78.375 0.83831
34.625 78.625 1.0001
34.625 78.875 1.1835
34.625 79.125 1.7313
34.625 79.375 2.7083
34.625 79.625 4.0686
34.875 74.125 3.5201
34.875 74.375 4.3452
34.875 74.625 5.2046
34.875 74.875 4.9579
34.875 75.125 4.9002
34.875 75.375 2.2953
34.875 75.625 1.7365
34.875 75.875 0.73606
34.875 76.125 0.37633
34.875 76.375 0.32542
34.875 76.625 0.076436
34.875 76.875 0.060889
34.875 77.125 0.076772
34.875 77.375 0.11036
34.875 77.625 0.16478
34.875 77.875 0.22386
34.875 78.125 0.27804
34.875 78.375 0.33906
34.875 78.625 0.66959
34.875 78.875 0.92657
34.875 79.125 1.3289
34.875 79.375 2.0186
34.875 79.625 3.0436
34.875 79.875 4.378
35.125 74.375 4.3993
35.125 74.625 5.2994
35.125 74.875 5.4362
35.125 75.125 4.0705
35.125 75.375 2.0972
35.125 75.625 2.1357
35.125 75.875 0.41516
35.125 76.125 0.38635
35.125 76.375 0.28839
35.125 76.625 0.041689
35.125 76.875 0.02076
35.125 77.125 0.034979
35.125 77.375 0.045635
35.125 77.625 0.058766
35.125 77.875 0.059513
35.125 78.125 0.025924
35.125 78.375 0
35.125 78.625 0.3348
35.125 78.875 0.63068
35.125 79.125 0.9798
35.125 79.375 1.4992
35.125 79.625 2.2714
35.125 79.875 3.3247
35.375 73.875 2.6104
35.375 74.125 3.5278
35.375 74.375 4.6288
35.375 74.625 5.738
35.375 74.875 6.1035
35.375 75.125 3.9637
35.375 75.375 1.8131
35.375 75.625 2.6
35.375 75.875 0.4
35.375 76.125 0.39023
35.375 76.375 0.2583
35.375 76.625 0.015151
35.375 76.875 0.00054012
35.375 77.125 0.001974
35.375 77.375 0.0034046
35.375 77.625 0.0023243
35.375 77.875 3.8829e-05
35.375 78.125 0
35.375 78.375 0
35.375 78.625 0.16739
35.375 78.875 0.39904
35.375 79.125 0.68942
35.375 79.375 1.0943
35.375 79.625 1.6828
35.375 79.875 2.5037
NaN NaN NaN
35.625 73.375 1.4
35.625 73.625 1.4552
35.625 73.875 1.8806
35.625 74.125 3.3229
35.625 74.375 5.3488
35.625 74.625 6.7759
35.625 74.875 7
35.625 75.125 2.6853
35.625 75.375 1.0743
35.625 75.625 1.8372
35.625 75.875 0.87906
35.625 76.125 0.39963
35.625 76.375 0.14152
35.625 76.625 0.00072363
35.625 76.875 0
35.625 77.125 0
35.625 78.375 0
35.625 78.625 0.083699
35.625 78.875 0.24137
35.625 79.125 0.46539
35.625 79.375 0.77986
35.625 79.625 1.2313
35.625 79.875 1.8676
35.625 80.125 2.7196
35.875 73.125 0.97027
35.875 73.375 1.1852
35.875 73.625 1.3468
35.875 73.875 1.4
35.875 74.125 1.4
35.875 74.375 7
35.875 74.625 6.888
35.875 74.875 6.944
35.875 75.125 4.8146
35.875 75.375 2.2088
35.875 75.625 1.2872
35.875 75.875 1.0831
35.875 76.125 0.74157
35.875 76.375 0.29436
35.875 76.625 0
35.875 79.375 0.54168
36.125 72.625 0.30855
36.125 72.875 0
36.125 73.125 0
36.125 73.375 0.95991
36.125 73.625 1.1534
36.125 73.875 1.2767
36.125 74.125 1.3383
36.125 74.375 4.1691
36.125 74.625 5.5286
36.125 74.875 6.2363
36.125 75.125 5.5254
36.125 75.375 3.8671
36.125 75.625 2.5772
36.125 75.875 1.8301
36.125 76.125 1.2859
36.125 76.375 0.79012
36.125 76.625 0.39505
36.375 73.125 0.5454
36.375 73.375 0.75267
36.375 73.625 0.953
36.375 73.875 1.1149
36.375 74.125 1.2266
36.375 74.375 2.6979
36.375 74.625 4.1132
36.375 74.875 5.1747
36.375 75.125 5.3501
36.375 75.375 4.6086
36.375 75.625 3.5929
36.375 75.875 2.7115
36.375 76.125 1.9987
36.625 73.375 0.57551
36.625 73.625 0.76426
36.625 73.875 0.93952
36.625 74.125 1.083
36.625 74.375 1.8905
36.625 74.625 3.0019
36.625 74.875 4.0883
36.625 75.125 4.7192
36.625 75.375 4.6639
36.625 75.625 4.1284
36.875 73.875 0.76867
36.875 74.375 1.4082
36.875 74.625 2.205
36.875 74.875 3.1467
36.875 75.125 3.9329
36.875 75.375 4.2984
