8.125 77.375 0.10008
8.375 77.125 0.18184
8.375 77.375 0.32346
8.375 77.625 0.19729
8.375 77.875 0.090453
8.625 76.875 0.15032
8.625 77.125 0.35261
8.625 77.375 0.26098
8.625 77.625 0.13142
8.625 77.875 0.12936
8.875 76.875 0.27719
8.875 77.125 0.34539
8.875 77.375 0.20058
8.875 77.625 0.14327
8.875 77.875 0.29789
9.125 76.625 0.25416
9.125 76.875 0.36272
9.125 77.125 0.29107
9.125 77.375 0.16546
9.125 77.625 0.16276
9.125 77.875 0.28938
9.125 78.125 0.11947
NaN NaN NaN
9.375 76.625 0.36858
9.375 76.875 0.30458
9.375 77.125 0.33778
9.375 77.375 0.17678
9.375 77.625 0.29453
9.375 77.875 0.28926
9.375 78.125 0.17103
9.375 78.375 0.10392
9.375 78.625 0.11154
NaN NaN NaN
9.625 76.375 0.54547
9.625 76.625 0.36768
9.625 76.875 0.32353
9.625 77.125 0.32109
9.625 77.375 0.26919
9.625 77.625 0.18366
9.625 77.875 0.29467
9.625 78.125 0.25414
9.625 78.375 0.12163
9.625 78.625 0.11224
9.875 76.625 0.35592
9.875 76.875 0.29591
9.875 77.125 0.30641
9.875 77.375 0.24266
9.875 77.625 0.19199
9.875 77.875 0.29597
9.875 78.125 0.19723
9.875 78.375 0.16777
9.875 78.625 0.17464
9.875 78.875 0.09099
10.125 76.375 0.37528
10.125 76.625 0.31656
10.125 76.875 0.29268
10.125 77.125 0.30562
10.125 77.375 0.27197
10.125 77.625 0.24665
10.125 77.875 0.21804
10.125 78.125 0.21614
10.125 78.375 0.20408
10.125 78.625 0.1966
10.125 78.875 0.11261
10.125 79.125 0.076861
10.375 76.375 0.31437
10.375 76.625 0.25879
10.375 76.875 0.25354
10.375 77.125 0.32197
10.375 77.375 0.25243
10.375 77.625 0.17985
10.375 77.875 0.20516
10.375 78.125 0.21046
10.375 78.375 0.24069
10.375 78.625 0.1953
10.375 78.875 0.21275
10.375 79.125 0.11378
NaN NaN NaN
NaN NaN NaN
10.625 76.125 0.36704
10.625 76.375 0.34827
10.625 76.625 0.35461
10.625 76.875 0.30791
10.625 77.125 0.30222
10.625 77.375 0.28977
10.625 77.625 0.23946
10.625 77.875 0.22225
10.625 78.125 0.20194
10.625 78.375 0.28635
10.625 78.625 0.21277
10.625 78.875 0.13928
10.625 79.125 0.11548
10.625 79.375 0.15222
10.625 79.625 0.15105
10.875 76.125 0.38349
10.875 76.375 0.33812
10.875 76.625 0.33781
10.875 76.875 0.31023
10.875 77.125 0.35528
10.875 77.375 0.24294
10.875 77.625 0.22123
10.875 77.875 0.21747
10.875 78.125 0.20959
10.875 78.375 0.20896
10.875 78.625 0.17964
10.875 78.875 0.15133
10.875 79.125 0.13806
10.875 79.375 0.1524
10.875 79.625 0.14641
11.125 76.125 0.36827
11.125 76.375 0.33708
11.125 76.625 0.28066
11.125 76.875 0.26884
11.125 77.125 0.2606
11.125 77.375 0.24026
11.125 77.625 0.21945
11.125 77.875 0.2162
11.125 78.125 0.21805
11.125 78.375 0.21483
11.125 78.625 0.28372
11.125 78.875 0.27758
11.125 79.125 0.26451
11.125 79.375 0.1847
11.125 79.625 0.16043
11.375 75.875 0.36586
11.375 76.125 0.32105
11.375 76.375 0.32154
11.375 76.625 0.25869
11.375 76.875 0.22564
11.375 77.125 0.26974
11.375 77.375 0.22856
11.375 77.625 0.22154
11.375 77.875 0.20614
11.375 78.125 0.21186
11.375 78.375 0.18173
11.375 78.625 0.15919
11.375 78.875 0.2126
11.375 79.125 0.21068
11.375 79.375 0.28199
11.375 79.625 0.16361
11.625 75.875 0.29395
11.625 76.125 0.25967
11.625 76.375 0.2732
11.625 76.625 0.30431
11.625 76.875 0.27316
11.625 77.125 0.24204
11.625 77.375 0.21485
11.625 77.625 0.22103
11.625 77.875 0.20679
11.625 78.125 0.19224
11.625 78.375 0.22385
11.625 78.625 0.20863
11.625 78.875 0.20545
11.625 79.125 0.21458
11.625 79.375 0.21263
NaN NaN NaN
NaN NaN NaN
11.875 75.875 0.29722
11.875 76.125 0.28998
11.875 76.375 0.25452
11.875 76.625 0.2808
11.875 76.875 0.23683
11.875 77.125 0.20947
11.875 77.375 0.20672
11.875 77.625 0.20938
11.875 77.875 0.21642
11.875 78.125 0.19222
11.875 78.375 0.17652
11.875 78.625 0.19303
11.875 78.875 0.17954
11.875 79.125 0.2125
11.875 79.375 0.19439
11.875 79.625 0.21674
12.125 75.375 0.28868
12.125 75.625 0.3032
12.125 75.875 0.30568
12.125 76.125 0.30629
12.125 76.375 0.24877
12.125 76.625 0.24496
12.125 76.875 0.25252
12.125 77.125 0.24715
12.125 77.375 0.22174
12.125 77.625 0.21474
12.125 77.875 0.2297
12.125 78.125 0.2157
12.125 78.375 0.23455
12.125 78.625 0.22224
12.125 78.875 0.21071
12.125 79.125 0.21258
12.125 79.375 0.17926
12.125 79.625 0.20485
12.375 75.125 0.33168
12.375 75.375 0.30498
12.375 75.625 0.26367
12.375 75.875 0.29527
12.375 76.125 0.25795
12.375 76.375 0.26615
12.375 76.625 0.23145
12.375 76.875 0.22658
12.375 77.125 0.22645
12.375 77.375 0.20078
12.375 77.625 0.19103
12.375 77.875 0.18546
12.375 78.125 0.24996
12.375 78.375 0.22289
12.375 78.625 0.21527
12.375 78.875 0.17232
12.375 79.125 0.20024
12.375 79.375 0.19555
12.375 79.625 0.20127
12.375 79.875 0.20429
12.625 75.125 0.26784
12.625 75.375 0.28929
12.625 75.625 0.28092
12.625 75.875 0.2466
12.625 76.125 0.24608
12.625 76.375 0.24038
12.625 76.625 0.23409
12.625 76.875 0.21726
12.625 77.125 0.22179
12.625 77.375 0.22654
12.625 77.625 0.2324
12.625 77.875 0.23145
12.625 78.125 0.24492
12.625 78.375 0.23972
12.625 78.625 0.2172
12.625 78.875 0.20494
12.625 79.125 0.1577
12.625 79.375 0.18732
12.625 79.625 0.19172
12.625 79.875 0.19373
12.875 75.125 0.25891
12.875 75.375 0.25311
12.875 75.625 0.26125
12.875 75.875 0.23397
12.875 76.125 0.23462
12.875 76.375 0.22632
12.875 76.625 0.21966
12.875 76.875 0.21854
12.875 77.125 0.22836
12.875 77.375 0.23157
12.875 77.625 0.21969
12.875 77.875 0.21821
12.875 78.125 0.2164
12.875 78.375 0.22071
12.875 78.625 0.21737
12.875 78.875 0.20221
12.875 79.125 0.17727
12.875 79.375 0.1897
12.875 79.625 0.19698
12.875 79.875 0.2178
NaN NaN NaN
13.125 75.125 0.26925
13.125 75.375 0.2682
13.125 75.625 0.25055
13.125 75.875 0.25687
13.125 76.125 0.24616
13.125 76.375 0.25144
13.125 76.625 0.22514
13.125 76.875 0.21962
13.125 77.125 0.21934
13.125 77.375 0.23346
13.125 77.625 0.23162
13.125 77.875 0.22287
13.125 78.125 0.20912
13.125 78.375 0.2046
13.125 78.625 0.19664
13.125 78.875 0.18955
13.125 79.125 0.2185
13.125 79.375 0.27845
13.125 79.625 0.20325
13.125 79.875 0.19336
13.125 80.125 0.20026
NaN NaN NaN
13.375 75.125 0.2859
13.375 75.375 0.24832
13.375 75.625 0.23418
13.375 75.875 0.24417
13.375 76.125 0.23337
13.375 76.375 0.24309
13.375 76.625 0.24366
13.375 76.875 0.2378
13.375 77.125 0.22887
13.375 77.375 0.22786
13.375 77.625 0.22925
13.375 77.875 0.21626
13.375 78.125 0.20897
13.375 78.375 0.21033
13.375 78.625 0.1985
13.375 78.875 0.20189
13.375 79.125 0.30123
13.375 79.375 0.27012
13.375 79.625 0.212
13.375 79.875 0.15367
13.375 80.125 0.19396
13.625 74.875 0.30441
13.625 75.125 0.29674
13.625 75.375 0.23571
13.625 75.625 0.25304
13.625 75.875 0.22943
13.625 76.125 0.221
13.625 76.375 0.22249
13.625 76.625 0.22052
13.625 76.875 0.22898
13.625 77.125 0.20982
13.625 77.375 0.23425
13.625 77.625 0.21877
13.625 77.875 0.21306
13.625 78.125 0.20304
13.625 78.375 0.21112
13.625 78.625 0.22561
13.625 78.875 0.20896
13.625 79.125 0.19442
13.625 79.375 0.20613
13.625 79.625 0.227
13.625 79.875 0.15687
13.625 80.125 0.10401
13.875 74.875 0.28011
13.875 75.125 0.23946
13.875 75.375 0.22599
13.875 75.625 0.21066
13.875 75.875 0.21445
13.875 76.125 0.23689
13.875 76.375 0.27742
13.875 76.625 0.2194
13.875 76.875 0.20889
13.875 77.125 0.21441
13.875 77.375 0.21364
13.875 77.625 0.2093
13.875 77.875 0.20478
13.875 78.125 0.20317
13.875 78.375 0.2042
13.875 78.625 0.20358
13.875 78.875 0.19574
13.875 79.125 0.18262
13.875 79.375 0.17836
13.875 79.625 0.18284
13.875 79.875 0.18962
14.125 74.625 0.27088
14.125 74.875 0.24524
14.125 75.125 0.23238
14.125 75.375 0.2256
14.125 75.625 0.23105
14.125 75.875 0.22094
14.125 76.125 0.2395
14.125 76.375 0.24525
14.125 76.625 0.28326
14.125 76.875 0.26543
14.125 77.125 0.2185
14.125 77.375 0.21113
14.125 77.625 0.22983
14.125 77.875 0.21574
14.125 78.125 0.20899
14.125 78.375 0.20146
14.125 78.625 0.20299
14.125 78.875 0.19164
14.125 79.125 0.21762
14.125 79.375 0.1901
14.125 79.625 0.19195
14.125 79.875 0.20449
14.375 74.625 0.28315
14.375 74.875 0.22927
14.375 75.125 0.22578
14.375 75.375 0.21746
14.375 75.625 0.23499
14.375 75.875 0.2068
14.375 76.125 0.22554
14.375 76.375 0.23175
14.375 76.625 0.26443
14.375 76.875 0.22572
14.375 77.125 0.21446
14.375 77.375 0.21931
14.375 77.625 0.20753
14.375 77.875 0.21119
14.375 78.125 0.16629
14.375 78.375 0.20324
14.375 78.625 0.16745
14.375 78.875 0.16044
14.375 79.125 0.1582
14.375 79.375 0.15327
14.375 79.625 0.19977
14.375 79.875 0.20394
NaN NaN NaN
14.625 74.625 0.27489
14.625 74.875 0.21853
14.625 75.125 0.25114
14.625 75.375 0.23181
14.625 75.625 0.25401
14.625 75.875 0.23779
14.625 76.125 0.22375
14.625 76.375 0.24499
14.625 76.625 0.25681
14.625 76.875 0.27934
14.625 77.125 0.28464
14.625 77.375 0.25756
14.625 77.625 0.21174
14.625 77.875 0.2064
14.625 78.125 0.19478
14.625 78.375 0.19477
14.625 78.625 0.25535
14.625 78.875 0.17126
14.625 79.125 0.18066
14.625 79.375 0.20896
14.625 79.625 0.1545
14.625 79.875 0.14796
14.875 74.375 0.26633
14.875 74.625 0.26846
14.875 74.875 0.24353
14.875 75.125 0.24489
14.875 75.375 0.30756
14.875 75.625 0.30142
14.875 75.875 0.20533
14.875 76.125 0.22201
14.875 76.375 0.21316
14.875 76.625 0.22042
14.875 76.875 0.26509
14.875 77.125 0.27047
14.875 77.375 0.25649
14.875 77.625 0.20814
14.875 77.875 0.17741
14.875 78.125 0.18936
14.875 78.375 0.27388
14.875 78.625 0.22856
14.875 78.875 0.16665
14.875 79.125 0.149
14.875 79.375 0.16673
14.875 79.625 0.19624
14.875 79.875 0.19527
15.125 74.125 0.25945
15.125 74.375 0.2178
15.125 74.625 0.27556
15.125 74.875 0.25211
15.125 75.125 0.24795
15.125 75.375 0.23371
15.125 75.625 0.22233
15.125 75.875 0.2531
15.125 76.125 0.28192
15.125 76.375 0.20693
15.125 76.625 0.164
15.125 76.875 0.19649
15.125 77.125 0.2565
15.125 77.375 0.25698
15.125 77.625 0.19447
15.125 77.875 0.15858
15.125 78.125 0.26882
15.125 78.375 0.27985
15.125 78.625 0.23001
15.125 78.875 0.17227
15.125 79.125 0.16197
15.125 79.375 0.164
15.125 79.625 0.20966
15.125 79.875 0.21927
15.375 73.875 0.075818
15.375 74.125 0.24891
15.375 74.375 0.24059
15.375 74.625 0.24574
15.375 74.875 0.24049
15.375 75.125 0.26148
15.375 75.375 0.30051
15.375 75.625 0.24559
15.375 75.875 0.29372
15.375 76.125 0.2562
15.375 76.375 0.23479
15.375 76.625 0.23944
15.375 76.875 0.23062
15.375 77.125 0.27368
15.375 77.375 0.24921
15.375 77.625 0.1939
15.375 77.875 0.18876
15.375 78.125 0.16245
15.375 78.375 0.25572
15.375 78.625 0.2693
15.375 78.875 0.17128
15.375 79.125 0.15931
15.375 79.375 0.20091
15.375 79.625 0.22243
15.375 79.875 0.19778
15.625 73.875 0.065717
15.625 74.125 0.23623
15.625 74.375 0.2342
15.625 74.625 0.24149
15.625 74.875 0.21612
15.625 75.125 0.23047
15.625 75.375 0.29657
15.625 75.625 0.24582
15.625 75.875 0.26882
15.625 76.125 0.22505
15.625 76.375 0.22429
15.625 76.625 0.24205
15.625 76.875 0.29234
15.625 77.125 0.28583
15.625 77.375 0.28513
15.625 77.625 0.26851
15.625 77.875 0.26723
15.625 78.125 0.27538
15.625 78.375 0.16802
15.625 78.625 0.26873
15.625 78.875 0.16337
15.625 79.125 0.20099
15.625 79.375 0.19904
15.625 79.625 0.22183
15.625 79.875 0.1971
15.625 80.125 0.26254
15.875 73.875 0.24062
15.875 74.125 0.22061
15.875 74.375 0.29095
15.875 74.625 0.24123
15.875 74.875 0.24012
15.875 75.125 0.22188
15.875 75.375 0.28474
15.875 75.625 0.28121
15.875 75.875 0.22062
15.875 76.125 0.209
15.875 76.375 0.22506
15.875 76.625 0.21876
15.875 76.875 0.27483
15.875 77.125 0.28523
15.875 77.375 0.2935
15.875 77.625 0.26443
15.875 77.875 0.27218
15.875 78.125 0.25844
15.875 78.375 0.25807
15.875 78.625 0.24654
15.875 78.875 0.18136
15.875 79.125 0.1873
15.875 79.375 0.20181
15.875 79.625 0.20682
15.875 79.875 0.24273
15.875 80.125 0.23504
15.875 80.375 0.15334
NaN NaN NaN
15.875 80.875 0.12292
16.125 73.625 0.23515
16.125 73.875 0.20484
16.125 74.125 0.24191
16.125 74.375 0.22853
16.125 74.625 0.29646
16.125 74.875 0.23254
16.125 75.125 0.20137
16.125 75.375 0.1981
16.125 75.625 0.21989
16.125 75.875 0.28219
16.125 76.125 0.27835
16.125 76.375 0.2878
16.125 76.625 0.24762
16.125 76.875 0.27254
16.125 77.125 0.27145
16.125 77.375 0.29152
16.125 77.625 0.28907
16.125 77.875 0.27272
16.125 78.125 0.26227
16.125 78.375 0.27742
16.125 78.625 0.15923
16.125 78.875 0.15568
16.125 79.125 0.15729
16.125 79.375 0.18721
16.125 79.625 0.16281
16.125 79.875 0.18127
16.125 80.125 0.26297
16.125 80.375 0.25953
16.125 80.625 0.25334
16.125 80.875 0.12958
16.375 73.625 0.2057
16.375 73.875 0.20321
16.375 74.125 0.22115
16.375 74.375 0.22745
16.375 74.625 0.25331
16.375 74.875 0.31565
16.375 75.125 0.2774
16.375 75.375 0.24939
16.375 75.625 0.24757
16.375 75.875 0.26658
16.375 76.125 0.29064
16.375 76.375 0.3174
16.375 76.625 0.33622
16.375 76.875 0.25612
16.375 77.125 0.29215
16.375 77.375 0.27696
16.375 77.625 0.30227
16.375 77.875 0.25638
16.375 78.125 0.25294
16.375 78.375 0.19877
16.375 78.625 0.19231
16.375 78.875 0.22319
16.375 79.125 0.15502
16.375 79.375 0.21379
16.375 79.625 0.1748
16.375 79.875 0.16979
16.375 80.125 0.19392
16.375 80.375 0.20649
16.375 80.625 0.19941
16.375 80.875 0.10895
16.375 81.125 0.25862
NaN NaN NaN
NaN NaN NaN
16.625 73.625 0.20331
16.625 73.875 0.20124
16.625 74.125 0.21229
16.625 74.375 0.2674
16.625 74.625 0.24904
16.625 74.875 0.25371
16.625 75.125 0.27532
16.625 75.375 0.25146
16.625 75.625 0.25856
16.625 75.875 0.25832
16.625 76.125 0.29038
16.625 76.375 0.25737
16.625 76.625 0.25079
16.625 76.875 0.26616
16.625 77.125 0.28074
16.625 77.375 0.28558
16.625 77.625 0.26707
16.625 77.875 0.26182
16.625 78.125 0.19559
16.625 78.375 0.2029
16.625 78.625 0.19414
16.625 78.875 0.18634
16.625 79.125 0.17721
16.625 79.375 0.20776
16.625 79.625 0.24205
16.625 79.875 0.24126
16.625 80.125 0.16946
16.625 80.375 0.11877
16.625 80.625 0.17786
16.625 80.875 0.17665
16.625 81.125 0.23445
16.625 81.375 0.24208
16.625 81.625 0.24643
16.625 81.875 0.10588
16.625 82.125 0.038272
16.875 73.375 0.20328
16.875 73.625 0.209
16.875 73.875 0.19874
16.875 74.125 0.21092
16.875 74.375 0.29446
16.875 74.625 0.24379
16.875 74.875 0.25442
16.875 75.125 0.2517
16.875 75.375 0.26107
16.875 75.625 0.26927
16.875 75.875 0.27169
16.875 76.125 0.27573
16.875 76.375 0.27599
16.875 76.625 0.27821
16.875 76.875 0.28021
16.875 77.125 0.27803
16.875 77.375 0.26447
16.875 77.625 0.24662
16.875 77.875 0.24971
16.875 78.125 0.19038
16.875 78.375 0.19364
16.875 78.625 0.18292
16.875 78.875 0.18341
16.875 79.125 0.18126
16.875 79.375 0.18439
16.875 79.625 0.18348
16.875 79.875 0.24294
16.875 80.125 0.18127
16.875 80.375 0.24305
16.875 80.625 0.14306
16.875 80.875 0.18568
16.875 81.125 0.17624
16.875 81.375 0.24307
16.875 81.625 0.12717
16.875 81.875 0.10281
16.875 82.125 0.1136
17.125 73.375 0.20246
17.125 73.625 0.217
17.125 73.875 0.1979
17.125 74.125 0.17177
17.125 74.375 0.24322
17.125 74.625 0.25791
17.125 74.875 0.2525
17.125 75.125 0.24501
17.125 75.375 0.25568
17.125 75.625 0.26499
17.125 75.875 0.25273
17.125 76.125 0.24417
17.125 76.375 0.27059
17.125 76.625 0.26592
17.125 76.875 0.32283
17.125 77.125 0.26021
17.125 77.375 0.24755
17.125 77.625 0.2543
17.125 77.875 0.25464
17.125 78.125 0.18651
17.125 78.375 0.18111
17.125 78.625 0.18403
17.125 78.875 0.17815
17.125 79.125 0.17089
17.125 79.375 0.17409
17.125 79.625 0.17959
17.125 79.875 0.18448
17.125 80.125 0.1789
17.125 80.375 0.21138
17.125 80.625 0.22866
17.125 80.875 0.19814
17.125 81.125 0.16483
17.125 81.375 0.20524
17.125 81.625 0.17335
17.125 81.875 0.15514
17.125 82.125 0.18135
17.125 82.375 0.06135
17.375 73.375 0.20194
17.375 73.625 0.21236
17.375 73.875 0.20887
17.375 74.125 0.19788
17.375 74.375 0.2659
17.375 74.625 0.26288
17.375 74.875 0.24221
17.375 75.125 0.24346
17.375 75.375 0.23949
17.375 75.625 0.24408
17.375 75.875 0.24203
17.375 76.125 0.24453
17.375 76.375 0.25482
17.375 76.625 0.26161
17.375 76.875 0.2873
17.375 77.125 0.26169
17.375 77.375 0.25401
17.375 77.625 0.2557
17.375 77.875 0.27399
17.375 78.125 0.1845
17.375 78.375 0.17998
17.375 78.625 0.18099
17.375 78.875 0.17834
17.375 79.125 0.17611
17.375 79.375 0.17989
17.375 79.625 0.17644
17.375 79.875 0.17834
17.375 80.125 0.17091
17.375 80.375 0.18698
17.375 80.625 0.18728
17.375 80.875 0.16366
17.375 81.125 0.18312
17.375 81.375 0.09583
17.375 81.625 0.10942
17.375 81.875 0.11097
17.375 82.125 0.12719
17.375 82.375 0.15507
NaN NaN NaN
17.625 73.375 0.20063
17.625 73.625 0.205
17.625 73.875 0.20874
17.625 74.125 0.19585
17.625 74.375 0.25408
17.625 74.625 0.24492
17.625 74.875 0.16348
17.625 75.125 0.23501
17.625 75.375 0.23842
17.625 75.625 0.23772
17.625 75.875 0.24579
17.625 76.125 0.23644
17.625 76.375 0.24744
17.625 76.625 0.27745
17.625 76.875 0.30323
17.625 77.125 0.27887
17.625 77.375 0.27835
17.625 77.625 0.26609
17.625 77.875 0.26042
17.625 78.125 0.18863
17.625 78.375 0.18991
17.625 78.625 0.17645
17.625 78.875 0.17545
17.625 79.125 0.17614
17.625 79.375 0.18049
17.625 79.625 0.17638
17.625 79.875 0.17673
17.625 80.125 0.17697
17.625 80.375 0.17178
17.625 80.625 0.1783
17.625 80.875 0.24856
17.625 81.125 0.26035
17.625 81.375 0.22588
17.625 81.625 0.10712
17.625 81.875 0.11541
17.625 82.125 0.11067
17.625 82.375 0.10412
17.625 82.625 0.14851
17.625 82.875 0.12694
17.625 83.125 0.050792
17.875 73.375 0.19401
17.875 73.625 0.19411
17.875 73.875 0.19298
17.875 74.125 0.20403
17.875 74.375 0.13717
17.875 74.625 0.18621
17.875 74.875 0.24413
17.875 75.125 0.23334
17.875 75.375 0.23545
17.875 75.625 0.23094
17.875 75.875 0.23609
17.875 76.125 0.2376
17.875 76.375 0.25068
17.875 76.625 0.2559
17.875 76.875 0.27781
17.875 77.125 0.28443
17.875 77.375 0.25561
17.875 77.625 0.17731
17.875 77.875 0.24285
17.875 78.125 0.19231
17.875 78.375 0.19304
17.875 78.625 0.1879
17.875 78.875 0.16894
17.875 79.125 0.1791
17.875 79.375 0.17557
17.875 79.625 0.17268
17.875 79.875 0.17857
17.875 80.125 0.1678
17.875 80.375 0.17448
17.875 80.625 0.18675
17.875 80.875 0.23981
17.875 81.125 0.17243
17.875 81.375 0.09994
17.875 81.625 0.099731
17.875 81.875 0.12266
17.875 82.125 0.12196
17.875 82.375 0.11334
17.875 82.625 0.11818
17.875 82.875 0.13178
17.875 83.125 0.15631
17.875 83.375 0.14262
NaN NaN NaN
18.125 73.375 0.17543
18.125 73.625 0.16046
18.125 73.875 0.17346
18.125 74.125 0.24141
18.125 74.375 0.2354
18.125 74.625 0.2371
18.125 74.875 0.25204
18.125 75.125 0.23902
18.125 75.375 0.23873
18.125 75.625 0.23607
18.125 75.875 0.23116
18.125 76.125 0.24508
18.125 76.375 0.25187
18.125 76.625 0.24841
18.125 76.875 0.26413
18.125 77.125 0.27042
18.125 77.375 0.2397
18.125 77.625 0.24061
18.125 77.875 0.24762
18.125 78.125 0.18123
18.125 78.375 0.17433
18.125 78.625 0.18153
18.125 78.875 0.15943
18.125 79.125 0.13178
18.125 79.375 0.17004
18.125 79.625 0.1714
18.125 79.875 0.1741
18.125 80.125 0.16863
18.125 80.375 0.17436
18.125 80.625 0.23617
18.125 80.875 0.13985
18.125 81.125 0.092602
18.125 81.375 0.10308
18.125 81.625 0.087263
18.125 81.875 0.088396
18.125 82.125 0.097936
18.125 82.375 0.1098
18.125 82.625 0.11756
18.125 82.875 0.11611
18.125 83.125 0.11731
18.125 83.375 0.11586
18.125 83.625 0.10682
18.375 73.125 0.19547
18.375 73.375 0.18176
18.375 73.625 0.17253
18.375 73.875 0.17537
18.375 74.125 0.21179
18.375 74.375 0.24266
18.375 74.625 0.23329
18.375 74.875 0.22927
18.375 75.125 0.24083
18.375 75.375 0.24803
18.375 75.625 0.23944
18.375 75.875 0.2382
18.375 76.125 0.2397
18.375 76.375 0.24968
18.375 76.625 0.24691
18.375 76.875 0.23398
18.375 77.125 0.23685
18.375 77.375 0.25044
18.375 77.625 0.22939
18.375 77.875 0.23902
18.375 78.125 0.18779
18.375 78.375 0.19948
18.375 78.625 0.19817
18.375 78.875 0.17342
18.375 79.125 0.16963
18.375 79.375 0.16492
18.375 79.625 0.1693
18.375 79.875 0.17248
18.375 80.125 0.23079
18.375 80.375 0.23019
18.375 80.625 0.13116
18.375 80.875 0.098922
18.375 81.125 0.099999
18.375 81.375 0.1022
18.375 81.625 0.087916
18.375 81.875 0.098317
18.375 82.125 0.1008
18.375 82.375 0.10832
18.375 82.625 0.12277
18.375 82.875 0.11036
18.375 83.125 0.12243
18.375 83.375 0.21832
18.375 83.625 0.20342
18.375 83.875 0.16252
18.625 73.125 0.19583
18.625 73.375 0.17131
18.625 73.625 0.1819
18.625 73.875 0.2133
18.625 74.125 0.24471
18.625 74.375 0.12301
18.625 74.625 0.20504
18.625 74.875 0.22826
18.625 75.125 0.23724
18.625 75.375 0.23949
18.625 75.625 0.23491
18.625 75.875 0.2367
18.625 76.125 0.23722
18.625 76.375 0.24542
18.625 76.625 0.26406
18.625 76.875 0.23686
18.625 77.125 0.23369
18.625 77.375 0.23024
18.625 77.625 0.23037
18.625 77.875 0.23191
18.625 78.125 0.25105
18.625 78.375 0.23582
18.625 78.625 0.23539
18.625 78.875 0.22907
18.625 79.125 0.22904
18.625 79.375 0.23147
18.625 79.625 0.23058
18.625 79.875 0.23128
18.625 80.125 0.23011
18.625 80.375 0.18894
18.625 80.625 0.13061
18.625 80.875 0.10156
18.625 81.125 0.11237
18.625 81.375 0.10035
18.625 81.625 0.095784
18.625 81.875 0.095742
18.625 82.125 0.1086
18.625 82.375 0.10428
18.625 82.625 0.12805
18.625 82.875 0.13044
18.625 83.125 0.12291
18.625 83.375 0.19786
18.625 83.625 0.19813
18.625 83.875 0.12668
18.625 84.125 0.10046
18.875 73.125 0.16747
18.875 73.375 0.16975
18.875 73.625 0.18197
18.875 73.875 0.18972
18.875 74.125 0.1295
18.875 74.375 0.095124
18.875 74.625 0.22652
18.875 74.875 0.24145
18.875 75.125 0.23583
18.875 75.375 0.23783
18.875 75.625 0.23707
18.875 75.875 0.22927
18.875 76.125 0.2387
18.875 76.375 0.24085
18.875 76.625 0.23473
18.875 76.875 0.25151
18.875 77.125 0.26075
18.875 77.375 0.23364
18.875 77.625 0.236
18.875 77.875 0.23298
18.875 78.125 0.23143
18.875 78.375 0.23571
18.875 78.625 0.23287
18.875 78.875 0.23193
18.875 79.125 0.23007
18.875 79.375 0.1743
18.875 79.625 0.23423
18.875 79.875 0.23238
18.875 80.125 0.10812
18.875 80.375 0.17199
18.875 80.625 0.10005
18.875 80.875 0.088457
18.875 81.125 0.10241
18.875 81.375 0.1022
18.875 81.625 0.096716
18.875 81.875 0.10178
18.875 82.125 0.10372
18.875 82.375 0.10766
18.875 82.625 0.11172
18.875 82.875 0.12762
18.875 83.125 0.11845
18.875 83.375 0.18033
18.875 83.625 0.12437
18.875 83.875 0.128
18.875 84.125 0.12851
18.875 84.375 0.11759
19.125 73.125 0.14556
19.125 73.375 0.13837
19.125 73.625 0.14975
19.125 73.875 0.16432
19.125 74.125 0.090058
19.125 74.375 0.15491
19.125 74.625 0.23998
19.125 74.875 0.24113
19.125 75.125 0.23994
19.125 75.375 0.23564
19.125 75.625 0.23346
19.125 75.875 0.22946
19.125 76.125 0.233
19.125 76.375 0.23702
19.125 76.625 0.23545
19.125 76.875 0.23838
19.125 77.125 0.24962
19.125 77.375 0.23406
19.125 77.625 0.21607
19.125 77.875 0.2065
19.125 78.125 0.23365
19.125 78.375 0.20883
19.125 78.625 0.2039
19.125 78.875 0.17154
19.125 79.125 0.17248
19.125 79.375 0.17356
19.125 79.625 0.23535
19.125 79.875 0.22325
19.125 80.125 0.19038
19.125 80.375 0.086869
19.125 80.625 0.23315
19.125 80.875 0.10188
19.125 81.125 0.13869
19.125 81.375 0.11764
19.125 81.625 0.10167
19.125 81.875 0.11603
19.125 82.125 0.11691
19.125 82.375 0.11139
19.125 82.625 0.11945
19.125 82.875 0.12076
19.125 83.125 0.12757
19.125 83.375 0.12033
19.125 83.625 0.11901
19.125 83.875 0.12926
19.125 84.125 0.12023
19.125 84.375 0.11347
19.125 84.625 0.22578
19.375 72.875 0.13656
19.375 73.125 0.14308
19.375 73.375 0.13441
19.375 73.625 0.17228
19.375 73.875 0.15299
19.375 74.125 0.16188
19.375 74.375 0.16945
19.375 74.625 0.21915
19.375 74.875 0.23018
19.375 75.125 0.23486
19.375 75.375 0.23751
19.375 75.625 0.23254
19.375 75.875 0.24083
19.375 76.125 0.23343
19.375 76.375 0.23162
19.375 76.625 0.24082
19.375 76.875 0.24471
19.375 77.125 0.25958
19.375 77.375 0.22772
19.375 77.625 0.17519
19.375 77.875 0.22214
19.375 78.125 0.17262
19.375 78.375 0.17294
19.375 78.625 0.17117
19.375 78.875 0.17684
19.375 79.125 0.17087
19.375 79.375 0.17968
19.375 79.625 0.22885
19.375 79.875 0.083329
19.375 80.125 0.23089
19.375 80.375 0.22913
19.375 80.625 0.12894
19.375 80.875 0.15482
19.375 81.125 0.1427
19.375 81.375 0.13149
19.375 81.625 0.09816
19.375 81.875 0.1111
19.375 82.125 0.11544
19.375 82.375 0.18629
19.375 82.625 0.20076
19.375 82.875 0.11517
19.375 83.125 0.11818
19.375 83.375 0.12225
19.375 83.625 0.1137
19.375 83.875 0.1143
19.375 84.125 0.12384
19.375 84.375 0.12304
19.375 84.625 0.13282
19.375 84.875 0.11352
19.625 72.875 0.18145
19.625 73.125 0.13585
19.625 73.375 0.17349
19.625 73.625 0.16869
19.625 73.875 0.16119
19.625 74.125 0.16083
19.625 74.375 0.19199
19.625 74.625 0.22955
19.625 74.875 0.2302
19.625 75.125 0.23074
19.625 75.375 0.23767
19.625 75.625 0.23606
19.625 75.875 0.24332
19.625 76.125 0.24305
19.625 76.375 0.23783
19.625 76.625 0.21236
19.625 76.875 0.17181
19.625 77.125 0.20183
19.625 77.375 0.23365
19.625 77.625 0.23619
19.625 77.875 0.17049
19.625 78.125 0.17196
19.625 78.375 0.17506
19.625 78.625 0.20065
19.625 78.875 0.17718
19.625 79.125 0.16967
19.625 79.375 0.22148
19.625 79.625 0.23088
19.625 79.875 0.22798
19.625 80.125 0.22822
19.625 80.375 0.14378
19.625 80.625 0.12614
19.625 80.875 0.15754
19.625 81.125 0.14033
19.625 81.375 0.092527
19.625 81.625 0.097496
19.625 81.875 0.096246
19.625 82.125 0.10597
19.625 82.375 0.11851
19.625 82.625 0.19295
19.625 82.875 0.10426
19.625 83.125 0.10564
19.625 83.375 0.11959
19.625 83.625 0.11925
19.625 83.875 0.12349
19.625 84.125 0.12482
19.625 84.375 0.13314
19.625 84.625 0.11498
19.625 84.875 0.13431
19.625 85.125 0.12446
19.625 85.375 0.072761
19.875 72.875 0.15393
19.875 73.125 0.17437
19.875 73.375 0.17228
19.875 73.625 0.17731
19.875 73.875 0.18029
19.875 74.125 0.23321
19.875 74.375 0.23422
19.875 74.625 0.2389
19.875 74.875 0.2388
19.875 75.125 0.23069
19.875 75.375 0.2336
19.875 75.625 0.23061
19.875 75.875 0.23288
19.875 76.125 0.23812
19.875 76.375 0.23943
19.875 76.625 0.22989
19.875 76.875 0.22964
19.875 77.125 0.23216
19.875 77.375 0.21819
19.875 77.625 0.17806
19.875 77.875 0.23261
19.875 78.125 0.22144
19.875 78.375 0.23186
19.875 78.625 0.18842
19.875 78.875 0.23352
19.875 79.125 0.22903
19.875 79.375 0.22903
19.875 79.625 0.23144
19.875 79.875 0.2312
19.875 80.125 0.15627
19.875 80.375 0.081332
19.875 80.625 0.085209
19.875 80.875 0.13788
19.875 81.125 0.11746
19.875 81.375 0.088061
19.875 81.625 0.098913
19.875 81.875 0.10085
19.875 82.125 0.11897
19.875 82.375 0.19234
19.875 82.625 0.11039
19.875 82.875 0.14659
19.875 83.125 0.19219
19.875 83.375 0.10073
19.875 83.625 0.12259
19.875 83.875 0.11384
19.875 84.125 0.16768
19.875 84.375 0.13382
19.875 84.625 0.1234
19.875 84.875 0.11867
19.875 85.125 0.1092
19.875 85.375 0.14592
NaN NaN NaN
NaN NaN NaN
NaN NaN NaN
20.125 72.875 0.18717
20.125 73.125 0.18866
20.125 73.375 0.17159
20.125 73.625 0.1748
20.125 73.875 0.22249
20.125 74.125 0.23199
20.125 74.375 0.23324
20.125 74.625 0.23491
20.125 74.875 0.23488
20.125 75.125 0.23088
20.125 75.375 0.23582
20.125 75.625 0.23107
20.125 75.875 0.22661
20.125 76.125 0.23048
20.125 76.375 0.2355
20.125 76.625 0.22985
20.125 76.875 0.22997
20.125 77.125 0.2299
20.125 77.375 0.21891
20.125 77.625 0.16806
20.125 77.875 0.23043
20.125 78.125 0.22468
20.125 78.375 0.23078
20.125 78.625 0.23063
20.125 78.875 0.23092
20.125 79.125 0.22851
20.125 79.375 0.14452
20.125 79.625 0.16506
20.125 79.875 0.22847
20.125 80.125 0.21261
20.125 80.375 0.12087
20.125 80.625 0.11837
20.125 80.875 0.11942
20.125 81.125 0.087191
20.125 81.375 0.093418
20.125 81.625 0.10026
20.125 81.875 0.099408
20.125 82.125 0.11891
20.125 82.375 0.18474
20.125 82.625 0.19945
20.125 82.875 0.19071
20.125 83.125 0.19564
20.125 83.375 0.19504
20.125 83.625 0.10133
20.125 83.875 0.11135
20.125 84.125 0.13005
20.125 84.375 0.11738
20.125 84.625 0.11639
20.125 84.875 0.1161
20.125 85.125 0.12785
20.125 85.375 0.11503
20.125 85.625 0.11839
20.125 85.875 0.12428
20.125 86.125 0.10991
NaN NaN NaN
20.375 73.125 0.18569
20.375 73.375 0.16625
20.375 73.625 0.16797
20.375 73.875 0.14617
20.375 74.125 0.16033
20.375 74.375 0.2306
20.375 74.625 0.23925
20.375 74.875 0.23819
20.375 75.125 0.25291
20.375 75.375 0.25095
20.375 75.625 0.23321
20.375 75.875 0.22857
20.375 76.125 0.22847
20.375 76.375 0.22822
20.375 76.625 0.23011
20.375 76.875 0.23398
20.375 77.125 0.22961
20.375 77.375 0.22861
20.375 77.625 0.22892
20.375 77.875 0.23046
20.375 78.125 0.17589
20.375 78.375 0.23287
20.375 78.625 0.22979
20.375 78.875 0.2293
20.375 79.125 0.23152
20.375 79.375 0.12694
20.375 79.625 0.23244
20.375 79.875 0.2302
20.375 80.125 0.15634
20.375 80.375 0.1313
20.375 80.625 0.12742
20.375 80.875 0.093275
20.375 81.125 0.091014
20.375 81.375 0.092855
20.375 81.625 0.097238
20.375 81.875 0.093643
20.375 82.125 0.16813
20.375 82.375 0.16461
20.375 82.625 0.14148
20.375 82.875 0.10172
20.375 83.125 0.18933
20.375 83.375 0.10387
20.375 83.625 0.1719
20.375 83.875 0.11897
20.375 84.125 0.11071
20.375 84.375 0.1165
20.375 84.625 0.11284
20.375 84.875 0.11953
20.375 85.125 0.12094
20.375 85.375 0.12954
20.375 85.625 0.12306
20.375 85.875 0.118
20.375 86.125 0.10618
20.375 86.375 0.1447
NaN NaN NaN
20.625 73.125 0.24602
20.625 73.375 0.17487
20.625 73.625 0.18032
20.625 73.875 0.16857
20.625 74.125 0.15749
20.625 74.375 0.19609
20.625 74.625 0.22647
20.625 74.875 0.22907
20.625 75.125 0.23858
20.625 75.375 0.24654
20.625 75.625 0.23505
20.625 75.875 0.22697
20.625 76.125 0.22595
20.625 76.375 0.22786
20.625 76.625 0.22982
20.625 76.875 0.23196
20.625 77.125 0.23061
20.625 77.375 0.22931
20.625 77.625 0.23088
20.625 77.875 0.23078
20.625 78.125 0.22841
20.625 78.375 0.22856
20.625 78.625 0.19421
20.625 78.875 0.23244
20.625 79.125 0.13456
20.625 79.375 0.1277
20.625 79.625 0.16775
20.625 79.875 0.23271
20.625 80.125 0.20884
20.625 80.375 0.15017
20.625 80.625 0.091042
20.625 80.875 0.092187
20.625 81.125 0.089187
20.625 81.375 0.085574
20.625 81.625 0.093961
20.625 81.875 0.085877
20.625 82.125 0.094996
20.625 82.375 0.17503
20.625 82.625 0.15113
20.625 82.875 0.17226
20.625 83.125 0.18357
20.625 83.375 0.099532
20.625 83.625 0.11156
20.625 83.875 0.10259
20.625 84.125 0.11064
20.625 84.375 0.1053
20.625 84.625 0.12262
20.625 84.875 0.12053
20.625 85.125 0.10823
20.625 85.375 0.11919
20.625 85.625 0.11783
20.625 85.875 0.11405
20.625 86.125 0.10696
20.625 86.375 0.11427
20.625 86.625 0.16615
NaN NaN NaN
20.875 70.625 0.033566
20.875 70.875 0.11915
20.875 71.125 0.032618
20.875 71.375 0.032713
20.875 72.875 0.12143
20.875 73.125 0.24509
20.875 73.375 0.17496
20.875 73.625 0.1818
20.875 73.875 0.18094
20.875 74.125 0.15672
20.875 74.375 0.15604
20.875 74.625 0.21266
20.875 74.875 0.22531
20.875 75.125 0.22732
20.875 75.375 0.23029
20.875 75.625 0.22952
20.875 75.875 0.22928
20.875 76.125 0.22598
20.875 76.375 0.22678
20.875 76.625 0.23425
20.875 76.875 0.23738
20.875 77.125 0.23536
20.875 77.375 0.22631
20.875 77.625 0.22967
20.875 77.875 0.23304
20.875 78.125 0.22668
20.875 78.375 0.20841
20.875 78.625 0.16749
20.875 78.875 0.16668
20.875 79.125 0.20687
20.875 79.375 0.20909
20.875 79.625 0.22995
20.875 79.875 0.22972
20.875 80.125 0.15543
20.875 80.375 0.11006
20.875 80.625 0.080648
20.875 80.875 0.094069
20.875 81.125 0.088463
20.875 81.375 0.090791
20.875 81.625 0.092
20.875 81.875 0.087291
20.875 82.125 0.097964
20.875 82.375 0.11385
20.875 82.625 0.10374
20.875 82.875 0.19983
20.875 83.125 0.17736
20.875 83.375 0.094786
20.875 83.625 0.10552
20.875 83.875 0.24107
20.875 84.125 0.24951
20.875 84.375 0.25538
20.875 84.625 0.11988
20.875 84.875 0.11419
20.875 85.125 0.11879
20.875 85.375 0.12245
20.875 85.625 0.12385
20.875 85.875 0.11809
20.875 86.125 0.12835
20.875 86.375 0.11902
20.875 86.625 0.13124
21.125 70.375 0.037409
21.125 70.625 0.22123
21.125 70.875 0.2229
21.125 71.125 0.21844
21.125 71.375 0.18953
NaN NaN NaN
NaN NaN NaN
21.125 72.875 0.23439
21.125 73.125 0.23245
21.125 73.375 0.24018
21.125 73.625 0.22884
21.125 73.875 0.17524
21.125 74.125 0.14637
21.125 74.375 0.22821
21.125 74.625 0.2274
21.125 74.875 0.22809
21.125 75.125 0.2279
21.125 75.375 0.23269
21.125 75.625 0.23119
21.125 75.875 0.23622
21.125 76.125 0.24557
21.125 76.375 0.23346
21.125 76.625 0.23233
21.125 76.875 0.23599
21.125 77.125 0.23233
21.125 77.375 0.22674
21.125 77.625 0.22562
21.125 77.875 0.22727
21.125 78.125 0.20386
21.125 78.375 0.13118
21.125 78.625 0.13972
21.125 78.875 0.23603
21.125 79.125 0.23005
21.125 79.375 0.23286
21.125 79.625 0.13754
21.125 79.875 0.13208
21.125 80.125 0.21122
21.125 80.375 0.11062
21.125 80.625 0.083654
21.125 80.875 0.1483
21.125 81.125 0.1526
21.125 81.375 0.16332
21.125 81.625 0.15619
21.125 81.875 0.16236
21.125 82.125 0.19182
21.125 82.375 0.10255
21.125 82.625 0.18927
21.125 82.875 0.18491
21.125 83.125 0.10534
21.125 83.375 0.2412
21.125 83.625 0.24117
21.125 83.875 0.2368
21.125 84.125 0.091171
21.125 84.375 0.095137
21.125 84.625 0.10958
21.125 84.875 0.12033
21.125 85.125 0.12995
21.125 85.375 0.11164
21.125 85.625 0.17067
21.125 85.875 0.16402
21.125 86.125 0.11143
21.125 86.375 0.11143
21.125 86.625 0.16242
21.375 70.125 0.034432
21.375 70.375 0.078629
21.375 70.625 0.19088
21.375 70.875 0.19076
21.375 71.125 0.18923
21.375 71.375 0.18918
21.375 71.625 0.20734
21.375 71.875 0.21048
21.375 72.875 0.22948
21.375 73.125 0.24255
21.375 73.375 0.24085
21.375 73.625 0.23638
21.375 73.875 0.22798
21.375 74.125 0.19714
21.375 74.375 0.1795
21.375 74.625 0.22676
21.375 74.875 0.23821
21.375 75.125 0.23197
21.375 75.375 0.22898
21.375 75.625 0.22984
21.375 75.875 0.23669
21.375 76.125 0.24243
21.375 76.375 0.23872
21.375 76.625 0.23349
21.375 76.875 0.23101
21.375 77.125 0.2441
21.375 77.375 0.25427
21.375 77.625 0.24241
21.375 77.875 0.22825
21.375 78.125 0.2411
21.375 78.375 0.23513
21.375 78.625 0.1697
21.375 78.875 0.22945
21.375 79.125 0.22649
21.375 79.375 0.23025
21.375 79.625 0.23083
21.375 79.875 0.2294
21.375 80.125 0.23014
21.375 80.375 0.23259
21.375 80.625 0.22126
21.375 80.875 0.14755
21.375 81.125 0.15063
21.375 81.375 0.15599
21.375 81.625 0.16463
21.375 81.875 0.16898
21.375 82.125 0.17703
21.375 82.375 0.17439
21.375 82.625 0.17443
21.375 82.875 0.18269
21.375 83.125 0.18454
21.375 83.375 0.2297
21.375 83.625 0.249
21.375 83.875 0.2507
21.375 84.125 0.094424
21.375 84.375 0.11047
21.375 84.625 0.12334
21.375 84.875 0.12083
21.375 85.125 0.13955
21.375 85.375 0.17971
21.375 85.625 0.21636
21.375 85.875 0.21567
21.375 86.125 0.16564
21.375 86.375 0.17295
21.375 86.625 0.19193
21.375 86.875 0.17172
21.625 69.875 0.14576
21.625 70.125 0.14537
21.625 70.375 0.18961
21.625 70.625 0.18996
21.625 70.875 0.18816
21.625 71.125 0.18824
21.625 71.375 0.19029
21.625 71.625 0.18951
21.625 71.875 0.19191
21.625 72.125 0.13414
21.625 72.875 0.23009
21.625 73.125 0.22758
21.625 73.375 0.22647
21.625 73.625 0.22753
21.625 73.875 0.22858
21.625 74.125 0.23019
21.625 74.375 0.227
21.625 74.625 0.22643
21.625 74.875 0.22711
21.625 75.125 0.22837
21.625 75.375 0.23001
21.625 75.625 0.23448
21.625 75.875 0.23122
21.625 76.125 0.23064
21.625 76.375 0.23186
21.625 76.625 0.23187
21.625 76.875 0.23466
21.625 77.125 0.25161
21.625 77.375 0.24094
21.625 77.625 0.24652
21.625 77.875 0.22746
21.625 78.125 0.22853
21.625 78.375 0.23714
21.625 78.625 0.12826
21.625 78.875 0.19331
21.625 79.125 0.12307
21.625 79.375 0.19791
21.625 79.625 0.22958
21.625 79.875 0.23091
21.625 80.125 0.22868
21.625 80.375 0.21591
21.625 80.625 0.14284
21.625 80.875 0.14819
21.625 81.125 0.10318
21.625 81.375 0.10017
21.625 81.625 0.16058
21.625 81.875 0.16741
21.625 82.125 0.16871
21.625 82.375 0.16395
21.625 82.625 0.12045
21.625 82.875 0.12842
21.625 83.125 0.12292
21.625 83.375 0.099667
21.625 83.625 0.18386
21.625 83.875 0.098729
21.625 84.125 0.10457
21.625 84.375 0.13187
21.625 84.625 0.17602
21.625 84.875 0.17437
21.625 85.125 0.17235
21.625 85.375 0.18263
21.625 85.625 0.22781
21.625 85.875 0.23221
21.625 86.125 0.23098
21.625 86.375 0.18043
21.625 86.625 0.19705
21.625 86.875 0.18889
21.625 87.125 0.19545
NaN NaN NaN
NaN NaN NaN
21.875 69.625 0.19014
21.875 69.875 0.19132
21.875 70.125 0.18977
21.875 70.375 0.1906
21.875 70.625 0.19128
21.875 70.875 0.18829
21.875 71.125 0.18829
21.875 71.375 0.19093
21.875 71.625 0.18929
21.875 71.875 0.19207
21.875 72.125 0.10405
NaN NaN NaN
21.875 72.875 0.22832
21.875 73.125 0.22773
21.875 73.375 0.22912
21.875 73.625 0.22767
21.875 73.875 0.228
21.875 74.125 0.23181
21.875 74.375 0.23392
21.875 74.625 0.2382
21.875 74.875 0.23352
21.875 75.125 0.23147
21.875 75.375 0.23032
21.875 75.625 0.22867
21.875 75.875 0.22821
21.875 76.125 0.22982
21.875 76.375 0.23371
21.875 76.625 0.23726
21.875 76.875 0.24521
21.875 77.125 0.24423
21.875 77.375 0.24948
21.875 77.625 0.23017
21.875 77.875 0.23285
21.875 78.125 0.22782
21.875 78.375 0.22672
21.875 78.625 0.12558
21.875 78.875 0.19637
21.875 79.125 0.13239
21.875 79.375 0.12826
21.875 79.625 0.12371
21.875 79.875 0.22878
21.875 80.125 0.22765
21.875 80.375 0.12809
21.875 80.625 0.22925
21.875 80.875 0.22966
21.875 81.125 0.08449
21.875 81.375 0.090744
21.875 81.625 0.087112
21.875 81.875 0.085436
21.875 82.125 0.092409
21.875 82.375 0.092278
21.875 82.625 0.091902
21.875 82.875 0.10498
21.875 83.125 0.10263
21.875 83.375 0.10056
21.875 83.625 0.099952
21.875 83.875 0.10912
21.875 84.125 0.11393
21.875 84.375 0.13855
21.875 84.625 0.16346
21.875 84.875 0.15675
21.875 85.125 0.18823
21.875 85.375 0.18597
21.875 85.625 0.25093
21.875 85.875 0.24745
21.875 86.125 0.16643
21.875 86.375 0.16217
21.875 86.625 0.16322
21.875 86.875 0.20403
21.875 87.125 0.21109
21.875 87.375 0.19723
21.875 87.625 0.32586
21.875 87.875 0.34589
21.875 88.375 0.35249
NaN NaN NaN
NaN NaN NaN
22.125 69.125 0.13871
22.125 69.375 0.13761
22.125 69.625 0.14875
22.125 69.875 0.18999
22.125 70.125 0.2123
22.125 70.375 0.2028
22.125 70.625 0.19158
22.125 70.875 0.19242
22.125 71.125 0.18779
22.125 71.375 0.22188
22.125 71.625 0.20006
22.125 71.875 0.20121
22.125 72.125 0.12256
NaN NaN NaN
22.125 72.875 0.10838
22.125 73.125 0.13347
22.125 73.375 0.17456
22.125 73.625 0.21552
22.125 73.875 0.2153
22.125 74.125 0.22649
22.125 74.375 0.23456
22.125 74.625 0.22969
22.125 74.875 0.23159
22.125 75.125 0.22821
22.125 75.375 0.22852
22.125 75.625 0.22861
22.125 75.875 0.22803
22.125 76.125 0.23547
22.125 76.375 0.23789
22.125 76.625 0.2503
22.125 76.875 0.24451
22.125 77.125 0.24741
22.125 77.375 0.23604
22.125 77.625 0.23269
22.125 77.875 0.22648
22.125 78.125 0.19682
22.125 78.375 0.20058
22.125 78.625 0.23082
22.125 78.875 0.24307
22.125 79.125 0.23558
22.125 79.375 0.23123
22.125 79.625 0.23122
22.125 79.875 0.22856
22.125 80.125 0.22464
22.125 80.375 0.18644
22.125 80.625 0.23307
22.125 80.875 0.23024
22.125 81.125 0.12739
22.125 81.375 0.093599
22.125 81.625 0.092115
22.125 81.875 0.09434
22.125 82.125 0.08838
22.125 82.375 0.091231
22.125 82.625 0.093513
22.125 82.875 0.0945
22.125 83.125 0.10422
22.125 83.375 0.097997
22.125 83.625 0.1073
22.125 83.875 0.10543
22.125 84.125 0.12791
22.125 84.375 0.13974
22.125 84.625 0.1529
22.125 84.875 0.17578
22.125 85.125 0.19274
22.125 85.375 0.17788
22.125 85.625 0.23646
22.125 85.875 0.23797
22.125 86.125 0.27337
22.125 86.375 0.20565
22.125 86.625 0.20101
22.125 86.875 0.21423
22.125 87.125 0.20878
22.125 87.375 0.19729
22.125 87.625 0.21431
22.125 87.875 0.27895
22.125 88.125 0.28668
22.125 88.375 0.32034
NaN NaN NaN
22.375 69.125 0.14595
22.375 69.875 0.11525
22.375 70.125 0.17136
22.375 70.375 0.19034
22.375 70.625 0.18918
22.375 70.875 0.18937
22.375 71.125 0.22088
22.375 71.375 0.19942
22.375 71.625 0.19905
22.375 71.875 0.20265
22.375 72.125 0.11118
NaN NaN NaN
22.375 72.875 0.097679
22.375 73.125 0.13503
22.375 73.375 0.13587
22.375 73.625 0.1841
22.375 73.875 0.18149
22.375 74.125 0.19045
22.375 74.375 0.20655
22.375 74.625 0.18794
22.375 74.875 0.22846
22.375 75.125 0.22904
22.375 75.375 0.23032
22.375 75.625 0.22975
22.375 75.875 0.22941
22.375 76.125 0.23143
22.375 76.375 0.23773
22.375 76.625 0.24264
22.375 76.875 0.24056
22.375 77.125 0.24356
22.375 77.375 0.23379
22.375 77.625 0.22824
22.375 77.875 0.22581
22.375 78.125 0.12254
22.375 78.375 0.12478
22.375 78.625 0.23227
22.375 78.875 0.23242
22.375 79.125 0.23473
22.375 79.375 0.23456
22.375 79.625 0.23449
22.375 79.875 0.2307
22.375 80.125 0.22777
22.375 80.375 0.2358
22.375 80.625 0.2323
22.375 80.875 0.24524
22.375 81.125 0.13314
22.375 81.375 0.12136
22.375 81.625 0.09493
22.375 81.875 0.085166
22.375 82.125 0.090079
22.375 82.375 0.091278
22.375 82.625 0.10209
22.375 82.875 0.091517
22.375 83.125 0.10065
22.375 83.375 0.13639
22.375 83.625 0.1507
22.375 83.875 0.10748
22.375 84.125 0.10634
22.375 84.375 0.11333
22.375 84.625 0.11065
22.375 84.875 0.11093
22.375 85.125 0.16429
22.375 85.375 0.15272
22.375 85.625 0.23684
22.375 85.875 0.24824
22.375 86.125 0.2784
22.375 86.375 0.18731
22.375 86.625 0.20525
22.375 86.875 0.19828
22.375 87.125 0.19969
22.375 87.375 0.21476
22.375 87.625 0.22484
22.375 87.875 0.29515
22.375 88.125 0.29471
22.375 88.375 0.30471
22.375 88.625 0.32706
22.375 88.875 0.34042
NaN NaN NaN
22.625 70.375 0.14474
22.625 70.625 0.18895
22.625 70.875 0.19362
22.625 71.125 0.19014
22.625 71.375 0.19822
22.625 71.625 0.19227
22.625 71.875 0.19239
22.625 72.125 0.1369
22.625 72.375 0.1396
22.625 72.625 0.13858
22.625 72.875 0.14072
22.625 73.125 0.1381
22.625 73.375 0.1661
22.625 73.625 0.19098
22.625 73.875 0.17043
22.625 74.125 0.17907
22.625 74.375 0.18285
22.625 74.625 0.1911
22.625 74.875 0.22845
22.625 75.125 0.22823
22.625 75.375 0.23175
22.625 75.625 0.23401
22.625 75.875 0.22865
22.625 76.125 0.22946
22.625 76.375 0.23491
22.625 76.625 0.24011
22.625 76.875 0.24111
22.625 77.125 0.25054
22.625 77.375 0.236
22.625 77.625 0.23129
22.625 77.875 0.22667
22.625 78.125 0.23045
22.625 78.375 0.23263
22.625 78.625 0.23264
22.625 78.875 0.23185
22.625 79.125 0.23322
22.625 79.375 0.23033
22.625 79.625 0.23595
22.625 79.875 0.23441
22.625 80.125 0.23766
22.625 80.375 0.24171
22.625 80.625 0.23573
22.625 80.875 0.16428
22.625 81.125 0.14028
22.625 81.375 0.12931
22.625 81.625 0.14133
22.625 81.875 0.11658
22.625 82.125 0.088896
22.625 82.375 0.090509
22.625 82.625 0.087575
22.625 82.875 0.13259
22.625 83.125 0.095339
22.625 83.375 0.15585
22.625 83.625 0.10327
22.625 83.875 0.10088
22.625 84.125 0.10183
22.625 84.375 0.12274
22.625 84.625 0.1059
22.625 84.875 0.097671
22.625 85.125 0.14728
22.625 85.375 0.15639
22.625 85.625 0.21192
22.625 85.875 0.28816
22.625 86.125 0.2515
22.625 86.375 0.2887
22.625 86.625 0.21406
22.625 86.875 0.20517
22.625 87.125 0.20041
22.625 87.375 0.20208
22.625 87.625 0.21833
22.625 87.875 0.14619
22.625 88.125 0.18551
22.625 88.375 0.21403
22.625 88.625 0.29478
22.625 88.875 0.21127
22.625 92.625 0.29429
22.625 92.875 0.32142
NaN NaN NaN
NaN NaN NaN
NaN NaN NaN
22.875 70.625 0.13492
22.875 70.875 0.1368
22.875 71.125 0.1817
22.875 71.375 0.18795
22.875 71.625 0.1976
22.875 71.875 0.19742
22.875 72.125 0.13447
22.875 72.375 0.13429
22.875 72.625 0.13449
22.875 72.875 0.13796
22.875 73.125 0.1389
22.875 73.375 0.14431
22.875 73.625 0.19406
22.875 73.875 0.17639
22.875 74.125 0.17856
22.875 74.375 0.20162
22.875 74.625 0.19907
22.875 74.875 0.23092
22.875 75.125 0.22664
22.875 75.375 0.22784
22.875 75.625 0.2284
22.875 75.875 0.23804
22.875 76.125 0.23012
22.875 76.375 0.22689
22.875 76.625 0.23313
22.875 76.875 0.23913
22.875 77.125 0.23789
22.875 77.375 0.23271
22.875 77.625 0.23866
22.875 77.875 0.22959
22.875 78.125 0.23227
22.875 78.375 0.2306
22.875 78.625 0.23179
22.875 78.875 0.23082
22.875 79.125 0.23234
22.875 79.375 0.23195
22.875 79.625 0.23078
22.875 79.875 0.23424
22.875 80.125 0.23317
22.875 80.375 0.23346
22.875 80.625 0.13796
22.875 80.875 0.13238
22.875 81.125 0.088255
22.875 81.375 0.10156
22.875 81.625 0.13259
22.875 81.875 0.10378
22.875 82.125 0.085128
22.875 82.375 0.094538
22.875 82.625 0.089664
22.875 82.875 0.088629
22.875 83.125 0.12573
22.875 83.375 0.14223
22.875 83.625 0.14668
22.875 83.875 0.1052
22.875 84.125 0.14278
22.875 84.375 0.11285
22.875 84.625 0.15046
22.875 84.875 0.21204
22.875 85.125 0.20902
22.875 85.375 0.1532
22.875 85.625 0.16739
22.875 85.875 0.17645
22.875 86.125 0.29126
22.875 86.375 0.18132
22.875 86.625 0.13848
22.875 86.875 0.12719
22.875 87.125 0.19688
22.875 87.375 0.19847
22.875 87.625 0.17973
22.875 87.875 0.17289
22.875 88.125 0.1965
22.875 88.375 0.20009
22.875 88.625 0.16825
22.875 92.625 0.31911
22.875 92.875 0.33484
23.125 68.875 0.16928
23.125 69.125 0.12829
23.125 69.375 0.12235
23.125 69.625 0.14945
23.125 69.875 0.15198
23.125 70.125 0.15499
23.125 70.875 0.13904
23.125 71.125 0.13292
23.125 71.375 0.13747
23.125 71.625 0.13585
23.125 71.875 0.14109
23.125 72.125 0.13211
23.125 72.375 0.13603
23.125 72.625 0.13849
23.125 72.875 0.13902
23.125 73.125 0.18085
23.125 73.375 0.19314
23.125 73.625 0.19489
23.125 73.875 0.17529
23.125 74.125 0.18451
23.125 74.375 0.20637
23.125 74.625 0.23171
23.125 74.875 0.22814
23.125 75.125 0.22773
23.125 75.375 0.23035
23.125 75.625 0.22653
23.125 75.875 0.23027
23.125 76.125 0.23565
23.125 76.375 0.24045
23.125 76.625 0.23962
23.125 76.875 0.22522
23.125 77.125 0.22657
23.125 77.375 0.23038
23.125 77.625 0.23265
23.125 77.875 0.23092
23.125 78.125 0.2283
23.125 78.375 0.22861
23.125 78.625 0.23458
23.125 78.875 0.2324
23.125 79.125 0.23609
23.125 79.375 0.22992
23.125 79.625 0.23411
23.125 79.875 0.23125
23.125 80.125 0.23089
23.125 80.375 0.24098
23.125 80.625 0.23688
23.125 80.875 0.12848
23.125 81.125 0.12308
23.125 81.375 0.11387
23.125 81.625 0.085795
23.125 81.875 0.091124
23.125 82.125 0.087282
23.125 82.375 0.14004
23.125 82.625 0.09059
23.125 82.875 0.093614
23.125 83.125 0.096262
23.125 83.375 0.12583
23.125 83.625 0.15067
23.125 83.875 0.14559
23.125 84.125 0.13315
23.125 84.375 0.14302
23.125 84.625 0.22529
23.125 84.875 0.23007
23.125 85.125 0.21887
23.125 85.375 0.21284
23.125 85.625 0.22314
23.125 85.875 0.23174
23.125 86.125 0.17568
23.125 86.375 0.13436
23.125 86.625 0.14545
23.125 86.875 0.12095
23.125 87.125 0.16942
23.125 87.375 0.19443
23.125 87.625 0.17817
23.125 87.875 0.1746
23.125 88.125 0.15446
23.125 88.375 0.19767
23.125 88.625 0.21813
NaN NaN NaN
23.125 92.625 0.33891
23.125 92.875 0.36155
NaN NaN NaN
23.375 68.875 0.14677
23.375 69.125 0.12082
23.375 69.375 0.12051
23.375 69.625 0.12867
23.375 69.875 0.12961
23.375 70.125 0.13299
23.375 70.375 0.13663
23.375 70.625 0.12755
23.375 70.875 0.12843
23.375 71.125 0.14253
23.375 71.375 0.14916
23.375 71.625 0.13981
23.375 71.875 0.13345
23.375 72.125 0.13228
23.375 72.375 0.13698
23.375 72.625 0.13358
23.375 72.875 0.13581
23.375 73.125 0.15317
23.375 73.375 0.19242
23.375 73.625 0.19083
23.375 73.875 0.18998
23.375 74.125 0.2006
23.375 74.375 0.20699
23.375 74.625 0.2319
23.375 74.875 0.23124
23.375 75.125 0.22674
23.375 75.375 0.23579
23.375 75.625 0.22905
23.375 75.875 0.22842
23.375 76.125 0.25775
23.375 76.375 0.24244
23.375 76.625 0.23637
23.375 76.875 0.22814
23.375 77.125 0.2275
23.375 77.375 0.23199
23.375 77.625 0.23332
23.375 77.875 0.23494
23.375 78.125 0.23853
23.375 78.375 0.23754
23.375 78.625 0.24027
23.375 78.875 0.23222
23.375 79.125 0.23572
23.375 79.375 0.2491
23.375 79.625 0.23528
23.375 79.875 0.26203
23.375 80.125 0.23763
23.375 80.375 0.13795
23.375 80.625 0.14129
23.375 80.875 0.23835
23.375 81.125 0.16462
23.375 81.375 0.088894
23.375 81.625 0.096703
23.375 81.875 0.11468
23.375 82.125 0.091436
23.375 82.375 0.12772
23.375 82.625 0.11572
23.375 82.875 0.088505
23.375 83.125 0.087594
23.375 83.375 0.10278
23.375 83.625 0.13361
23.375 83.875 0.14115
23.375 84.125 0.11817
23.375 84.375 0.1299
23.375 84.625 0.17427
23.375 84.875 0.23782
23.375 85.125 0.21614
23.375 85.375 0.2544
23.375 85.625 0.16584
23.375 85.875 0.1412
23.375 86.125 0.12542
23.375 86.375 0.13305
23.375 86.625 0.12909
23.375 86.875 0.12919
23.375 87.125 0.11924
23.375 87.375 0.16525
23.375 87.625 0.19683
23.375 87.875 0.18818
23.375 88.125 0.20329
23.375 88.375 0.19693
23.375 88.625 0.22732
23.375 91.375 0.2517
23.375 91.625 0.27517
23.375 92.625 0.33026
23.375 92.875 0.34213
23.375 93.125 0.25367
23.625 68.625 0.13924
23.625 68.875 0.13017
23.625 69.125 0.13598
23.625 69.375 0.13632
23.625 69.625 0.13705
23.625 69.875 0.13938
23.625 70.125 0.16941
23.625 70.375 0.17285
23.625 70.625 0.13745
23.625 70.875 0.14961
23.625 71.125 0.15128
23.625 71.375 0.1596
23.625 71.625 0.1359
23.625 71.875 0.13884
23.625 72.125 0.13237
23.625 72.375 0.13338
23.625 72.625 0.13426
23.625 72.875 0.13577
23.625 73.125 0.10556
23.625 73.375 0.080038
23.625 73.625 0.080856
23.625 73.875 0.087746
23.625 74.125 0.20715
23.625 74.375 0.20379
23.625 74.625 0.23474
23.625 74.875 0.23507
23.625 75.125 0.22871
23.625 75.375 0.23034
23.625 75.625 0.22914
23.625 75.875 0.24814
23.625 76.125 0.24858
23.625 76.375 0.24418
23.625 76.625 0.24473
23.625 76.875 0.23097
23.625 77.125 0.22987
23.625 77.375 0.22706
23.625 77.625 0.22639
23.625 77.875 0.23455
23.625 78.125 0.2306
23.625 78.375 0.24536
23.625 78.625 0.23325
23.625 78.875 0.23693
23.625 79.125 0.23787
23.625 79.375 0.2375
23.625 79.625 0.24165
23.625 79.875 0.25603
23.625 80.125 0.2446
23.625 80.375 0.2354
23.625 80.625 0.2411
23.625 80.875 0.23716
23.625 81.125 0.23549
23.625 81.375 0.24796
23.625 81.625 0.14351
23.625 81.875 0.12935
23.625 82.125 0.12503
23.625 82.375 0.12509
23.625 82.625 0.12633
23.625 82.875 0.12852
23.625 83.125 0.12967
23.625 83.375 0.092174
23.625 83.625 0.095002
23.625 83.875 0.099072
23.625 84.125 0.11283
23.625 84.375 0.096187
23.625 84.625 0.13911
23.625 84.875 0.14856
23.625 85.125 0.19933
23.625 85.375 0.2054
23.625 85.625 0.19817
23.625 85.875 0.12132
23.625 86.125 0.1211
23.625 86.375 0.12169
23.625 86.625 0.13306
23.625 86.875 0.12852
23.625 87.125 0.1908
23.625 87.375 0.20967
23.625 87.625 0.18374
23.625 87.875 0.19902
23.625 88.125 0.21918
23.625 88.375 0.21981
23.625 91.375 0.19562
23.625 91.625 0.30403
NaN NaN NaN
23.625 92.375 0.29062
23.625 92.625 0.32473
23.625 92.875 0.3553
23.625 93.125 0.25093
23.875 68.875 0.13887
23.875 69.125 0.13994
23.875 69.375 0.14717
23.875 69.625 0.14531
23.875 69.875 0.1281
23.875 70.125 0.13745
23.875 70.375 0.13513
23.875 70.625 0.14828
23.875 70.875 0.15572
23.875 71.125 0.14428
23.875 71.375 0.15523
23.875 71.625 0.13796
23.875 71.875 0.13439
23.875 72.125 0.13221
23.875 72.375 0.13249
23.875 72.625 0.13339
23.875 72.875 0.079183
23.875 73.125 0.082148
23.875 73.375 0.078947
23.875 73.625 0.080077
23.875 73.875 0.084207
23.875 74.125 0.20007
23.875 74.375 0.23481
23.875 74.625 0.23584
23.875 74.875 0.23385
23.875 75.125 0.23155
23.875 75.375 0.23742
23.875 75.625 0.23415
23.875 75.875 0.24217
23.875 76.125 0.24223
23.875 76.375 0.24482
23.875 76.625 0.24413
23.875 76.875 0.24083
23.875 77.125 0.1299
23.875 77.375 0.12984
23.875 77.625 0.23049
23.875 77.875 0.23051
23.875 78.125 0.2295
23.875 78.375 0.24123
23.875 78.625 0.25581
23.875 78.875 0.23306
23.875 79.125 0.23603
23.875 79.375 0.23726
23.875 79.625 0.23572
23.875 79.875 0.23643
23.875 80.125 0.23618
23.875 80.375 0.23584
23.875 80.625 0.23664
23.875 80.875 0.24951
23.875 81.125 0.23398
23.875 81.375 0.24655
23.875 81.625 0.23841
23.875 81.875 0.16165
23.875 82.125 0.083312
23.875 82.375 0.12516
23.875 82.625 0.10037
23.875 82.875 0.085862
23.875 83.125 0.083295
23.875 83.375 0.089105
23.875 83.625 0.10738
23.875 83.875 0.13392
23.875 84.125 0.13385
23.875 84.375 0.11711
23.875 84.625 0.084239
23.875 84.875 0.094597
23.875 85.125 0.10152
23.875 85.375 0.15348
23.875 85.625 0.17987
23.875 85.875 0.19778
23.875 86.125 0.16153
23.875 86.375 0.15744
23.875 86.625 0.12931
23.875 86.875 0.13254
23.875 87.125 0.12532
23.875 87.375 0.1865
23.875 87.625 0.177
23.875 87.875 0.22539
23.875 88.125 0.22326
23.875 88.375 0.2037
23.875 91.375 0.26868
23.875 91.625 0.31062
23.875 91.875 0.31586
23.875 92.125 0.36555
23.875 92.375 0.359
23.875 92.625 0.33757
23.875 92.875 0.2976
23.875 93.125 0.29166
23.875 93.375 0.29012
24.125 68.875 0.13653
24.125 69.125 0.14398
24.125 69.375 0.14507
24.125 69.625 0.13853
24.125 69.875 0.13763
24.125 70.125 0.14259
24.125 70.375 0.16195
24.125 70.625 0.17149
24.125 70.875 0.1696
24.125 71.125 0.15585
24.125 71.375 0.14679
24.125 71.625 0.13664
24.125 71.875 0.13664
24.125 72.125 0.13459
24.125 72.375 0.13397
24.125 72.625 0.13336
24.125 72.875 0.11811
24.125 73.125 0.0988
24.125 73.375 0.12434
24.125 73.625 0.10221
24.125 73.875 0.091104
24.125 74.125 0.083721
24.125 74.375 0.1057
24.125 74.625 0.25
24.125 74.875 0.24936
24.125 75.125 0.24622
24.125 75.375 0.24579
24.125 75.625 0.24597
24.125 75.875 0.24414
24.125 76.125 0.24148
24.125 76.375 0.24258
24.125 76.625 0.24493
24.125 76.875 0.24337
24.125 77.125 0.16996
24.125 77.375 0.15914
24.125 77.625 0.24672
24.125 77.875 0.23829
24.125 78.125 0.2425
24.125 78.375 0.24184
24.125 78.625 0.24704
24.125 78.875 0.18006
24.125 79.125 0.14973
24.125 79.375 0.18153
24.125 79.625 0.18166
24.125 79.875 0.087857
24.125 80.125 0.19844
24.125 80.375 0.097958
24.125 80.625 0.10699
24.125 80.875 0.21513
24.125 81.125 0.25201
24.125 81.375 0.23384
24.125 81.625 0.23425
24.125 81.875 0.24291
24.125 82.125 0.10535
24.125 82.375 0.1071
24.125 82.625 0.093346
24.125 82.875 0.095362
24.125 83.125 0.087853
24.125 83.375 0.092329
24.125 83.625 0.12602
24.125 83.875 0.14748
24.125 84.125 0.1438
24.125 84.375 0.14535
24.125 84.625 0.086413
24.125 84.875 0.087522
24.125 85.125 0.10233
24.125 85.375 0.11526
24.125 85.625 0.11463
24.125 85.875 0.20797
24.125 86.125 0.1601
24.125 86.375 0.16157
24.125 86.625 0.18926
24.125 86.875 0.20855
24.125 87.125 0.20388
24.125 87.375 0.22223
24.125 87.625 0.13788
24.125 87.875 0.21514
24.125 88.125 0.21493
24.125 88.375 0.23162
24.125 91.875 0.3609
24.125 92.125 0.2941
24.125 92.375 0.31951
24.125 92.625 0.34396
24.125 92.875 0.24127
24.125 93.125 0.30974
24.125 93.375 0.31576
24.125 93.625 0.31015
24.125 93.875 0.31085
NaN NaN NaN
24.375 71.375 0.14381
24.375 71.625 0.13881
24.375 71.875 0.14057
24.375 72.125 0.13444
24.375 72.375 0.13686
24.375 72.625 0.13151
24.375 72.875 0.12413
24.375 73.125 0.13111
24.375 73.375 0.12912
24.375 73.625 0.12925
24.375 73.875 0.13012
24.375 74.125 0.15081
24.375 74.375 0.14686
24.375 74.625 0.14771
24.375 74.875 0.19176
24.375 75.125 0.24502
24.375 75.375 0.25226
24.375 75.625 0.2604
24.375 75.875 0.23427
24.375 76.125 0.23193
24.375 76.375 0.25031
24.375 76.625 0.24796
24.375 76.875 0.23764
24.375 77.125 0.22898
24.375 77.375 0.15975
24.375 77.625 0.23508
24.375 77.875 0.24481
24.375 78.125 0.24527
24.375 78.375 0.23847
24.375 78.625 0.10255
24.375 78.875 0.095952
24.375 79.125 0.099225
24.375 79.375 0.087092
24.375 79.625 0.091631
24.375 79.875 0.091372
24.375 80.125 0.086499
24.375 80.375 0.10067
24.375 80.625 0.097316
24.375 80.875 0.095944
24.375 81.125 0.090705
24.375 81.375 0.13864
24.375 81.625 0.18785
24.375 81.875 0.19749
24.375 82.125 0.10613
24.375 82.375 0.10387
24.375 82.625 0.10053
24.375 82.875 0.095916
24.375 83.125 0.14414
24.375 83.375 0.15627
24.375 83.625 0.14396
24.375 83.875 0.17369
24.375 84.125 0.13509
24.375 84.375 0.11371
24.375 84.625 0.10852
24.375 84.875 0.093743
24.375 85.125 0.13535
24.375 85.375 0.14937
24.375 85.625 0.18577
24.375 85.875 0.2485
24.375 86.125 0.20523
24.375 86.375 0.19451
24.375 86.625 0.19806
24.375 86.875 0.20712
24.375 87.125 0.212
24.375 87.375 0.20741
24.375 87.625 0.13261
24.375 87.875 0.20403
24.375 88.125 0.2248
24.375 92.375 0.33984
24.375 92.625 0.37311
24.375 92.875 0.2792
24.375 93.125 0.31584
24.375 93.375 0.262
24.375 93.625 0.33075
24.375 93.875 0.29174
24.375 94.125 0.28333
24.625 71.125 0.13899
24.625 71.375 0.138
24.625 71.625 0.13841
24.625 71.875 0.13944
24.625 72.125 0.13358
24.625 72.375 0.13374
24.625 72.625 0.13379
24.625 72.875 0.13634
24.625 73.125 0.13088
24.625 73.375 0.13728
24.625 73.625 0.15151
24.625 73.875 0.14712
24.625 74.125 0.14441
24.625 74.375 0.15033
24.625 74.625 0.14588
24.625 74.875 0.1622
24.625 75.125 0.18268
24.625 75.375 0.1837
24.625 75.625 0.19429
24.625 75.875 0.19253
24.625 76.125 0.24108
24.625 76.375 0.24585
24.625 76.625 0.24668
24.625 76.875 0.24042
24.625 77.125 0.23478
24.625 77.375 0.16318
24.625 77.625 0.23216
24.625 77.875 0.23671
24.625 78.125 0.2144
24.625 78.375 0.096922
24.625 78.625 0.10014
24.625 78.875 0.097904
24.625 79.125 0.091365
24.625 79.375 0.18163
24.625 79.625 0.19072
24.625 79.875 0.086775
24.625 80.125 0.086744
24.625 80.375 0.10293
24.625 80.625 0.097638
24.625 80.875 0.087693
24.625 81.125 0.088205
24.625 81.375 0.09109
24.625 81.625 0.097963
24.625 81.875 0.13025
24.625 82.125 0.12452
24.625 82.375 0.11655
24.625 82.625 0.12252
24.625 82.875 0.12538
24.625 83.125 0.21403
24.625 83.375 0.13073
24.625 83.625 0.11311
24.625 83.875 0.12067
24.625 84.125 0.16331
24.625 84.375 0.16981
24.625 84.625 0.10659
24.625 84.875 0.15822
24.625 85.125 0.20088
24.625 85.375 0.16775
24.625 85.625 0.14941
24.625 85.875 0.16921
24.625 86.125 0.16199
24.625 86.375 0.18052
24.625 86.625 0.21864
24.625 86.875 0.21172
24.625 87.125 0.13647
24.625 87.375 0.18595
24.625 87.625 0.17307
24.625 87.875 0.2167
24.625 92.375 0.47811
24.625 92.625 0.42381
24.625 92.875 0.29724
24.625 93.125 0.32427
24.625 93.375 0.33791
24.625 93.625 0.33837
24.625 93.875 0.23233
24.625 94.125 0.26657
NaN NaN NaN
24.875 71.125 0.1426
24.875 71.375 0.14337
24.875 71.625 0.14183
24.875 71.875 0.14081
24.875 72.125 0.13516
24.875 72.375 0.13295
24.875 72.625 0.13362
24.875 72.875 0.13564
24.875 73.125 0.13618
24.875 73.375 0.13344
24.875 73.625 0.14843
24.875 73.875 0.1593
24.875 74.125 0.14569
24.875 74.375 0.15895
24.875 74.625 0.15491
24.875 74.875 0.17559
24.875 75.125 0.17716
24.875 75.375 0.18156
24.875 75.625 0.17441
24.875 75.875 0.24256
24.875 76.125 0.2476
24.875 76.375 0.23822
24.875 76.625 0.24098
24.875 76.875 0.25093
24.875 77.125 0.16266
24.875 77.375 0.17753
24.875 77.625 0.24541
24.875 77.875 0.2448
24.875 78.125 0.10347
24.875 78.375 0.10258
24.875 78.625 0.098368
24.875 78.875 0.099467
24.875 79.125 0.10142
24.875 79.375 0.24346
24.875 79.625 0.23998
24.875 79.875 0.23071
24.875 80.125 0.10193
24.875 80.375 0.099386
24.875 80.625 0.090675
24.875 80.875 0.088149
24.875 81.125 0.082904
24.875 81.375 0.093521
24.875 81.625 0.11451
24.875 81.875 0.098117
24.875 82.125 0.11023
24.875 82.375 0.17164
24.875 82.625 0.1782
24.875 82.875 0.17767
24.875 83.125 0.17314
24.875 83.375 0.10272
24.875 83.625 0.09155
24.875 83.875 0.086315
24.875 84.125 0.15246
24.875 84.375 0.16721
24.875 84.625 0.1853
24.875 84.875 0.15839
24.875 85.125 0.16974
24.875 85.375 0.19765
24.875 85.625 0.20259
24.875 85.875 0.11939
24.875 86.125 0.10733
24.875 86.375 0.18001
24.875 86.625 0.18761
24.875 86.875 0.16795
24.875 87.125 0.1071
24.875 87.375 0.10213
24.875 87.625 0.2326
24.875 87.875 0.20433
24.875 88.125 0.30033
24.875 92.625 0.48374
24.875 92.875 0.44148
24.875 93.125 0.32128
24.875 93.375 0.27569
24.875 93.625 0.3134
24.875 93.875 0.29011
24.875 94.125 0.3232
24.875 94.375 0.23937
25.125 71.125 0.14153
25.125 71.375 0.14432
25.125 71.625 0.14137
25.125 71.875 0.13997
25.125 72.125 0.13665
25.125 72.375 0.13487
25.125 72.625 0.13319
25.125 72.875 0.13368
25.125 73.125 0.13727
25.125 73.375 0.13217
25.125 73.625 0.13137
25.125 73.875 0.14475
25.125 74.125 0.143
25.125 74.375 0.14708
25.125 74.625 0.14642
25.125 74.875 0.16154
25.125 75.125 0.17754
25.125 75.375 0.17543
25.125 75.625 0.1729
25.125 75.875 0.234
25.125 76.125 0.23392
25.125 76.375 0.23657
25.125 76.625 0.23935
25.125 76.875 0.24386
25.125 77.125 0.15334
25.125 77.375 0.23763
25.125 77.625 0.23981
25.125 77.875 0.24851
25.125 78.125 0.10496
25.125 78.375 0.10551
25.125 78.625 0.10125
25.125 78.875 0.099909
25.125 79.125 0.089884
25.125 79.375 0.092501
25.125 79.625 0.19305
25.125 79.875 0.10131
25.125 80.125 0.093927
25.125 80.375 0.099752
25.125 80.625 0.091375
25.125 80.875 0.082026
25.125 81.125 0.12721
25.125 81.375 0.16032
25.125 81.625 0.16996
25.125 81.875 0.17872
25.125 82.125 0.15841
25.125 82.375 0.11196
25.125 82.625 0.11301
25.125 82.875 0.17106
25.125 83.125 0.17795
25.125 83.375 0.18822
25.125 83.625 0.19515
25.125 83.875 0.17697
25.125 84.125 0.15651
25.125 84.375 0.13995
25.125 84.625 0.16705
25.125 84.875 0.15265
25.125 85.125 0.14677
25.125 85.375 0.18115
25.125 85.625 0.18713
25.125 85.875 0.20268
25.125 86.125 0.21556
25.125 86.375 0.1705
25.125 86.625 0.2297
25.125 86.875 0.20058
25.125 87.125 0.23442
25.125 87.375 0.22872
25.125 87.625 0.23243
25.125 87.875 0.20593
25.125 88.125 0.23514
25.125 88.375 0.33281
25.125 92.375 0.47847
25.125 92.625 0.38666
25.125 92.875 0.3736
25.125 93.125 0.33933
25.125 93.375 0.37771
25.125 93.625 0.27876
25.125 93.875 0.33655
25.125 94.125 0.36644
25.125 94.375 0.32077
25.375 70.875 0.14538
25.375 71.125 0.1414
25.375 71.375 0.14171
25.375 71.625 0.14237
25.375 71.875 0.14185
25.375 72.125 0.13399
25.375 72.375 0.13324
25.375 72.625 0.13333
25.375 72.875 0.13848
25.375 73.125 0.13843
25.375 73.375 0.14027
25.375 73.625 0.145
25.375 73.875 0.14338
25.375 74.125 0.14921
25.375 74.375 0.14907
25.375 74.625 0.151
25.375 74.875 0.15412
25.375 75.125 0.1437
25.375 75.375 0.13955
25.375 75.625 0.18294
25.375 75.875 0.23709
25.375 76.125 0.23902
25.375 76.375 0.24011
25.375 76.625 0.23713
25.375 76.875 0.24061
25.375 77.125 0.15079
25.375 77.375 0.21088
25.375 77.625 0.21099
25.375 77.875 0.24732
25.375 78.125 0.10206
25.375 78.375 0.098256
25.375 78.625 0.089127
25.375 78.875 0.090393
25.375 79.125 0.090259
25.375 79.375 0.093853
25.375 79.625 0.10301
25.375 79.875 0.10286
25.375 80.125 0.097411
25.375 80.375 0.090044
25.375 80.625 0.090432
25.375 80.875 0.088584
25.375 81.125 0.091365
25.375 81.375 0.11802
25.375 81.625 0.11208
25.375 81.875 0.15745
25.375 82.125 0.16966
25.375 82.375 0.17022
25.375 82.625 0.18465
25.375 82.875 0.16983
25.375 83.125 0.19114
25.375 83.375 0.18361
25.375 83.625 0.1934
25.375 83.875 0.19283
25.375 84.125 0.1728
25.375 84.375 0.14889
25.375 84.625 0.16691
25.375 84.875 0.18265
25.375 85.125 0.14262
25.375 85.375 0.1702
25.375 85.625 0.20583
25.375 85.875 0.1751
25.375 86.125 0.20037
25.375 86.375 0.15672
25.375 86.625 0.18364
25.375 86.875 0.20015
25.375 87.125 0.20257
25.375 87.375 0.19318
25.375 87.625 0.22874
25.375 87.875 0.26828
25.375 88.125 0.21158
25.375 88.375 0.19245
25.375 88.625 0.3334
25.375 90.125 0.32761
25.375 90.375 0.39335
25.375 90.625 0.38882
25.375 90.875 0.37062
25.375 91.125 0.36882
25.375 91.375 0.43383
25.375 91.625 0.41694
25.375 91.875 0.46141
25.375 92.125 0.45101
25.375 92.375 0.40825
25.375 92.625 0.4046
25.375 92.875 0.34207
25.375 93.125 0.35883
25.375 93.375 0.32218
25.375 93.625 0.31465
25.375 93.875 0.26774
25.375 94.125 0.3657
25.375 94.375 0.33907
25.625 70.875 0.14273
25.625 71.125 0.14161
25.625 71.375 0.14113
25.625 71.625 0.14067
25.625 71.875 0.14008
25.625 72.125 0.13338
25.625 72.375 0.12736
25.625 72.625 0.13732
25.625 72.875 0.14128
25.625 73.125 0.1389
25.625 73.375 0.14464
25.625 73.625 0.14295
25.625 73.875 0.13584
25.625 74.125 0.14854
25.625 74.375 0.14605
25.625 74.625 0.14968
25.625 74.875 0.15513
25.625 75.125 0.14706
25.625 75.375 0.14675
25.625 75.625 0.14937
25.625 75.875 0.14183
25.625 76.125 0.1634
25.625 76.375 0.23587
25.625 76.625 0.23335
25.625 76.875 0.1534
25.625 77.125 0.14983
25.625 77.375 0.18956
25.625 77.625 0.17956
25.625 77.875 0.17758
25.625 78.125 0.091061
25.625 78.375 0.085012
25.625 78.625 0.095684
25.625 78.875 0.095181
25.625 79.125 0.11488
25.625 79.375 0.10077
25.625 79.625 0.097891
25.625 79.875 0.10428
25.625 80.125 0.099737
25.625 80.375 0.088635
25.625 80.625 0.088683
25.625 80.875 0.10343
25.625 81.125 0.1416
25.625 81.375 0.13953
25.625 81.625 0.13863
25.625 81.875 0.15192
25.625 82.125 0.1667
25.625 82.375 0.19466
25.625 82.625 0.17737
25.625 82.875 0.15465
25.625 83.125 0.15711
25.625 83.375 0.15685
25.625 83.625 0.18677
25.625 83.875 0.11413
25.625 84.125 0.13072
25.625 84.375 0.16144
25.625 84.625 0.21858
25.625 84.875 0.16404
25.625 85.125 0.12561
25.625 85.375 0.19098
25.625 85.625 0.17197
25.625 85.875 0.18959
25.625 86.125 0.16202
25.625 86.375 0.18122
25.625 86.625 0.19148
25.625 86.875 0.19379
25.625 87.125 0.21965
25.625 87.375 0.18248
25.625 87.625 0.2112
25.625 87.875 0.21756
25.625 88.125 0.33993
25.625 90.125 0.31547
25.625 90.375 0.36183
25.625 90.625 0.36787
25.625 90.875 0.37055
25.625 91.125 0.39283
25.625 91.375 0.40637
25.625 91.625 0.38652
25.625 91.875 0.37321
25.625 92.125 0.38678
25.625 92.375 0.40124
25.625 92.625 0.40632
25.625 92.875 0.32025
25.625 93.125 0.30475
25.625 93.375 0.2981
25.625 93.625 0.35971
25.625 93.875 0.32768
25.625 94.125 0.35065
25.625 94.375 0.29824
NaN NaN NaN
NaN NaN NaN
25.875 70.375 0.15152
25.875 70.625 0.14694
25.875 70.875 0.14433
25.875 71.125 0.14731
25.875 71.375 0.14234
25.875 71.625 0.14604
25.875 71.875 0.14289
25.875 72.125 0.14069
25.875 72.375 0.13438
25.875 72.625 0.13693
25.875 72.875 0.13904
25.875 73.125 0.13889
25.875 73.375 0.14648
25.875 73.625 0.13942
25.875 73.875 0.13582
25.875 74.125 0.13582
25.875 74.375 0.13833
25.875 74.625 0.15412
25.875 74.875 0.15632
25.875 75.125 0.15104
25.875 75.375 0.1454
25.875 75.625 0.14038
25.875 75.875 0.15495
25.875 76.125 0.15269
25.875 76.375 0.1475
25.875 76.625 0.22283
25.875 76.875 0.15291
25.875 77.125 0.14376
25.875 77.375 0.18254
25.875 77.625 0.18508
25.875 77.875 0.1807
25.875 78.125 0.14608
25.875 78.375 0.14684
25.875 78.625 0.092533
25.875 78.875 0.091351
25.875 79.125 0.10201
25.875 79.375 0.09005
25.875 79.625 0.091801
25.875 79.875 0.095119
25.875 80.125 0.093651
25.875 80.375 0.087564
25.875 80.625 0.1425
25.875 80.875 0.1413
25.875 81.125 0.14588
25.875 81.375 0.14171
25.875 81.625 0.13427
25.875 81.875 0.17096
25.875 82.125 0.15737
25.875 82.375 0.15664
25.875 82.625 0.14208
25.875 82.875 0.14946
25.875 83.125 0.14296
25.875 83.375 0.15021
25.875 83.625 0.15984
25.875 83.875 0.15168
25.875 84.125 0.20698
25.875 84.375 0.14009
25.875 84.625 0.15025
25.875 84.875 0.1892
25.875 85.125 0.13519
25.875 85.375 0.17127
25.875 85.625 0.18948
25.875 85.875 0.1569
25.875 86.125 0.15785
25.875 86.375 0.20384
25.875 86.625 0.20891
25.875 86.875 0.17808
25.875 87.125 0.18445
25.875 87.375 0.20005
25.875 87.625 0.21232
25.875 87.875 0.20857
25.875 90.125 0.26363
25.875 90.375 0.33619
25.875 90.625 0.33359
25.875 90.875 0.37525
25.875 91.125 0.38852
25.875 91.375 0.37666
25.875 91.625 0.33165
25.875 91.875 0.35975
25.875 92.125 0.3904
25.875 92.375 0.4038
25.875 92.625 0.29761
25.875 92.875 0.26391
25.875 93.125 0.20432
25.875 93.375 0.25595
25.875 93.625 0.29304
25.875 93.875 0.26443
25.875 94.125 0.2768
25.875 94.375 0.34954
25.875 94.625 0.33546
25.875 94.875 0.34831
26.125 70.375 0.14506
26.125 70.625 0.14055
26.125 70.875 0.14351
26.125 71.125 0.13438
26.125 71.375 0.14526
26.125 71.625 0.14381
26.125 71.875 0.14559
26.125 72.125 0.1507
26.125 72.375 0.147
26.125 72.625 0.13704
26.125 72.875 0.13944
26.125 73.125 0.13765
26.125 73.375 0.14274
26.125 73.625 0.1354
26.125 73.875 0.13359
26.125 74.125 0.13749
26.125 74.375 0.13439
26.125 74.625 0.15498
26.125 74.875 0.15159
26.125 75.125 0.17271
26.125 75.375 0.14238
26.125 75.625 0.14232
26.125 75.875 0.14615
26.125 76.125 0.141
26.125 76.375 0.14459
26.125 76.625 0.14757
26.125 76.875 0.1544
26.125 77.125 0.14713
26.125 77.375 0.1488
26.125 77.625 0.18401
26.125 77.875 0.18196
26.125 78.125 0.17979
26.125 78.375 0.1741
26.125 78.625 0.16977
26.125 78.875 0.138
26.125 79.125 0.10189
26.125 79.375 0.08636
26.125 79.625 0.088684
26.125 79.875 0.10098
26.125 80.125 0.14574
26.125 80.375 0.14595
26.125 80.625 0.14805
26.125 80.875 0.14568
26.125 81.125 0.14211
26.125 81.375 0.14375
26.125 81.625 0.16207
26.125 81.875 0.13939
26.125 82.125 0.15026
26.125 82.375 0.13699
26.125 82.625 0.15223
26.125 82.875 0.15156
26.125 83.125 0.14591
26.125 83.375 0.15564
26.125 83.625 0.16636
26.125 83.875 0.23549
26.125 84.125 0.23294
26.125 84.375 0.1595
26.125 84.625 0.15631
26.125 84.875 0.15398
26.125 85.125 0.16176
26.125 85.375 0.14192
26.125 85.625 0.19857
26.125 85.875 0.24451
26.125 86.125 0.18254
26.125 86.375 0.18009
26.125 86.625 0.16686
26.125 86.875 0.1757
26.125 87.125 0.18485
26.125 87.375 0.19642
26.125 87.625 0.20966
26.125 87.875 0.22322
26.125 88.125 0.22472
26.125 89.375 0.21213
26.125 89.875 0.33077
26.125 90.125 0.32926
26.125 90.375 0.31623
26.125 90.625 0.36127
26.125 90.875 0.36192
26.125 91.125 0.34871
26.125 91.375 0.35596
26.125 91.625 0.31206
26.125 91.875 0.32334
26.125 92.125 0.30471
26.125 92.375 0.27958
26.125 92.625 0.24294
26.125 92.875 0.24113
26.125 93.125 0.26834
26.125 93.375 0.36905
26.125 93.625 0.34425
26.125 93.875 0.26697
26.125 94.125 0.35363
26.125 94.375 0.36181
26.125 94.625 0.36357
26.125 94.875 0.3685
26.375 70.375 0.1382
26.375 70.625 0.13932
26.375 70.875 0.14241
26.375 71.125 0.12278
26.375 71.375 0.14126
26.375 71.625 0.14394
26.375 71.875 0.14535
26.375 72.125 0.14767
26.375 72.375 0.15193
26.375 72.625 0.14056
26.375 72.875 0.13947
26.375 73.125 0.13717
26.375 73.375 0.14187
26.375 73.625 0.13868
26.375 73.875 0.13863
26.375 74.125 0.13929
26.375 74.375 0.14241
26.375 74.625 0.12873
26.375 74.875 0.15426
26.375 75.125 0.15187
26.375 75.375 0.1372
26.375 75.625 0.1428
26.375 75.875 0.15102
26.375 76.125 0.15252
26.375 76.375 0.15468
26.375 76.625 0.14087
26.375 76.875 0.13611
26.375 77.125 0.13811
26.375 77.375 0.16801
26.375 77.625 0.14926
26.375 77.875 0.17061
26.375 78.125 0.16377
26.375 78.375 0.15365
26.375 78.625 0.14635
26.375 78.875 0.14869
26.375 79.125 0.15657
26.375 79.375 0.15673
26.375 79.625 0.15435
26.375 79.875 0.14246
26.375 80.125 0.14017
26.375 80.375 0.1568
26.375 80.625 0.15646
26.375 80.875 0.1614
26.375 81.125 0.15834
26.375 81.375 0.14181
26.375 81.625 0.1579
26.375 81.875 0.15762
26.375 82.125 0.14995
26.375 82.375 0.16183
26.375 82.625 0.14776
26.375 82.875 0.14878
26.375 83.125 0.1415
26.375 83.375 0.16411
26.375 83.625 0.20692
26.375 83.875 0.20871
26.375 84.125 0.15196
26.375 84.375 0.1977
26.375 84.625 0.15419
26.375 84.875 0.17354
26.375 85.125 0.15932
26.375 85.375 0.17891
26.375 85.625 0.19317
26.375 85.875 0.20135
26.375 86.125 0.18117
26.375 86.375 0.16018
26.375 86.625 0.18259
26.375 86.875 0.20003
26.375 87.125 0.19609
26.375 87.625 0.23903
26.375 87.875 0.22848
26.375 88.125 0.28826
26.375 88.375 0.27683
26.375 88.875 0.31101
26.375 89.375 0.74713
26.375 89.625 0.23481
26.375 89.875 0.31645
26.375 90.125 0.30962
26.375 90.375 0.30732
26.375 90.625 0.31119
26.375 90.875 0.32179
26.375 91.125 0.30129
26.375 91.375 0.32467
26.375 91.625 0.28116
26.375 91.875 0.26953
26.375 92.125 0.2967
26.375 92.375 0.2623
26.375 92.625 0.23796
26.375 92.875 0.32304
26.375 93.125 0.40911
26.375 93.375 0.40615
26.375 93.625 0.35662
26.375 93.875 0.288
26.375 94.125 0.32338
26.375 94.375 0.35047
26.375 94.625 0.32196
26.375 94.875 0.37186
26.625 69.875 0.14125
26.625 70.125 0.13957
26.625 70.375 0.13972
26.625 70.625 0.14442
26.625 70.875 0.12181
26.625 71.125 0.12424
26.625 71.375 0.13518
26.625 71.625 0.13895
26.625 71.875 0.14579
26.625 72.125 0.14587
26.625 72.375 0.14327
26.625 72.625 0.14071
26.625 72.875 0.1417
26.625 73.125 0.13861
26.625 73.375 0.13711
26.625 73.625 0.13944
26.625 73.875 0.1416
26.625 74.125 0.14291
26.625 74.375 0.13807
26.625 74.625 0.13003
26.625 74.875 0.028017
26.625 75.125 0.14834
26.625 75.375 0.15665
26.625 75.625 0.14975
26.625 75.875 0.14593
26.625 76.125 0.14754
26.625 76.375 0.14116
26.625 76.625 0.13467
26.625 76.875 0.14261
26.625 77.125 0.14808
26.625 77.375 0.15936
26.625 77.625 0.15968
26.625 77.875 0.15237
26.625 78.125 0.16924
26.625 78.375 0.14115
26.625 78.625 0.17642
26.625 78.875 0.16065
26.625 79.125 0.15986
26.625 79.375 0.18442
26.625 79.625 0.16622
26.625 79.875 0.14211
26.625 80.125 0.14404
26.625 80.375 0.17639
26.625 80.625 0.1489
26.625 80.875 0.1605
26.625 81.125 0.17669
26.625 81.375 0.16713
26.625 81.625 0.15072
26.625 81.875 0.15152
26.625 82.125 0.15318
26.625 82.375 0.15444
26.625 82.625 0.15034
26.625 82.875 0.16259
26.625 83.125 0.15821
26.625 83.375 0.15131
26.625 83.625 0.2014
26.625 83.875 0.19227
26.625 84.125 0.15577
26.625 84.375 0.14325
26.625 84.625 0.16472
26.625 84.875 0.16138
26.625 85.125 0.19227
26.625 85.375 0.202
26.625 85.625 0.18804
26.625 86.125 0.18596
26.625 88.375 0.31946
26.625 88.625 0.23335
26.625 88.875 0.43891
26.625 89.125 0.2579
26.625 89.375 0.24828
26.625 89.625 0.24034
26.625 89.875 0.25944
26.625 90.125 0.29475
26.625 90.375 0.28782
26.625 90.625 0.29977
26.625 90.875 0.24524
26.625 91.125 0.23582
26.625 91.375 0.28011
26.625 91.625 0.22917
26.625 91.875 0.26182
26.625 92.125 0.30233
26.625 92.375 0.25681
26.625 92.625 0.25831
26.625 92.875 0.27983
26.625 93.125 0.30543
26.625 93.375 0.36581
26.625 93.625 0.37804
26.625 93.875 0.3095
26.625 94.125 0.28703
26.625 94.375 0.29109
26.625 94.625 0.33132
26.625 94.875 0.34538
26.625 95.125 0.36154
26.875 69.625 0.14237
26.875 69.875 0.13954
26.875 70.125 0.14155
26.875 70.375 0.14096
26.875 70.625 0.14347
26.875 70.875 0.14416
26.875 71.125 0.14278
26.875 71.375 0.13935
26.875 71.625 0.13951
26.875 71.875 0.14222
26.875 72.125 0.14355
26.875 72.375 0.14276
26.875 72.625 0.14274
26.875 72.875 0.14408
26.875 73.125 0.1514
26.875 73.375 0.15023
26.875 73.625 0.15381
26.875 73.875 0.14114
26.875 74.125 0.14805
26.875 74.375 0.13995
26.875 74.625 0.12912
26.875 74.875 0.030736
26.875 75.125 0.03432
26.875 75.375 0.02745
26.875 75.625 0.074204
26.875 75.875 0.14819
26.875 76.125 0.15355
26.875 76.375 0.14362
26.875 76.625 0.1391
26.875 76.875 0.14825
26.875 77.125 0.14556
26.875 77.375 0.15322
26.875 77.625 0.14755
26.875 77.875 0.14904
26.875 78.125 0.15191
26.875 78.375 0.15447
26.875 78.625 0.13984
26.875 78.875 0.16007
26.875 79.125 0.1683
26.875 79.375 0.18708
26.875 79.625 0.16445
26.875 79.875 0.15156
26.875 80.125 0.16045
26.875 80.375 0.15717
26.875 80.625 0.15151
26.875 80.875 0.16133
26.875 81.125 0.16054
26.875 81.375 0.15485
26.875 81.625 0.14169
26.875 81.875 0.18997
26.875 82.125 0.15433
26.875 82.375 0.14441
26.875 82.625 0.14407
26.875 82.875 0.16813
26.875 83.125 0.15616
26.875 83.375 0.15267
26.875 83.625 0.16451
26.875 83.875 0.16947
26.875 84.125 0.13933
26.875 84.375 0.15703
26.875 84.625 0.14796
26.875 84.875 0.18892
26.875 88.375 0.35178
26.875 88.625 0.12334
26.875 88.875 0.16154
26.875 92.375 0.21423
26.875 92.625 0.28361
26.875 92.875 0.26196
26.875 93.125 0.22635
26.875 93.375 0.29981
26.875 93.625 0.31436
26.875 93.875 0.34812
26.875 94.125 0.32283
26.875 94.375 0.30527
26.875 94.625 0.30071
26.875 94.875 0.30284
26.875 95.125 0.38109
26.875 95.375 0.31579
26.875 95.625 0.35223
27.125 69.875 0.14295
27.125 70.125 0.14748
27.125 70.375 0.14943
27.125 70.625 0.14692
27.125 70.875 0.13899
27.125 71.125 0.14356
27.125 71.375 0.14123
27.125 71.625 0.14238
27.125 71.875 0.14289
27.125 72.125 0.1421
27.125 72.375 0.14243
27.125 72.625 0.14636
27.125 72.875 0.14225
27.125 73.125 0.15114
27.125 73.375 0.15611
27.125 73.625 0.15726
27.125 73.875 0.14884
27.125 74.125 0.14911
27.125 74.375 0.153
27.125 74.625 0.14853
27.125 74.875 0.12712
27.125 75.125 0.11219
27.125 75.375 0.057133
27.125 75.625 0.04284
27.125 75.875 0.058297
27.125 76.125 0.13548
27.125 76.375 0.13391
27.125 76.625 0.1279
27.125 76.875 0.13365
27.125 77.125 0.16289
27.125 77.375 0.16402
27.125 77.625 0.16669
27.125 77.875 0.14514
27.125 78.125 0.15041
27.125 78.375 0.1367
27.125 78.625 0.15038
27.125 78.875 0.15143
27.125 79.125 0.15426
27.125 79.375 0.15078
27.125 79.625 0.14392
27.125 79.875 0.15151
27.125 80.125 0.14718
27.125 80.375 0.14198
27.125 80.625 0.14655
27.125 80.875 0.1541
27.125 81.125 0.14721
27.125 81.375 0.15147
27.125 81.625 0.14877
27.125 81.875 0.14922
27.125 82.125 0.14925
27.125 82.375 0.15607
27.125 82.625 0.15577
27.125 82.875 0.16513
27.125 83.125 0.1582
27.125 83.375 0.14915
27.125 83.625 0.18011
27.125 83.875 0.13157
27.125 84.125 0.17134
27.125 84.375 0.14494
27.125 84.625 0.16189
27.125 88.125 0.31982
27.125 88.375 0.17123
27.125 88.625 0.31259
27.125 92.125 0.3082
27.125 92.375 0.32491
27.125 92.625 0.36734
27.125 92.875 0.41676
27.125 93.125 0.40206
27.125 93.375 0.38241
27.125 93.625 0.383
27.125 93.875 0.31594
27.125 94.125 0.32184
27.125 94.375 0.32898
27.125 94.625 0.31236
27.125 94.875 0.29741
27.125 95.125 0.28684
27.125 95.375 0.28203
27.125 95.625 0.33143
27.125 95.875 0.33709
27.375 70.125 0.14858
27.375 70.375 0.14866
27.375 70.625 0.14752
27.375 70.875 0.1438
27.375 71.125 0.017925
27.375 71.375 0.14539
27.375 71.625 0.14475
27.375 71.875 0.14922
27.375 72.125 0.14665
27.375 72.375 0.14637
27.375 72.625 0.14456
27.375 72.875 0.142
27.375 73.125 0.14161
27.375 73.375 0.14357
27.375 73.625 0.15008
27.375 73.875 0.15006
27.375 74.125 0.15202
27.375 74.375 0.15674
27.375 74.625 0.15932
27.375 74.875 0.15417
27.375 75.125 0.035979
27.375 75.375 0.054679
27.375 75.625 0.040862
27.375 75.875 0.059385
27.375 76.125 0.13282
27.375 76.375 0.13642
27.375 76.625 0.15998
27.375 76.875 0.18654
27.375 77.125 0.18793
27.375 77.375 0.15549
27.375 77.625 0.16029
27.375 77.875 0.18232
27.375 78.125 0.1741
27.375 78.375 0.18071
27.375 78.625 0.17901
27.375 78.875 0.17503
27.375 79.125 0.18576
27.375 79.375 0.17824
27.375 79.625 0.15257
27.375 79.875 0.15731
27.375 80.125 0.14684
27.375 80.375 0.15112
27.375 80.625 0.14821
27.375 80.875 0.14737
27.375 81.125 0.14611
27.375 81.375 0.14609
27.375 81.625 0.1466
27.375 81.875 0.15213
27.375 82.125 0.15777
27.375 82.375 0.15121
27.375 82.625 0.16061
27.375 82.875 0.16152
27.375 83.125 0.15036
27.375 83.625 0.14831
27.375 84.125 0.17522
27.375 84.375 0.166
27.375 88.125 0.29605
27.375 88.375 0.32788
27.375 88.625 0.31257
27.375 92.125 0.32146
27.375 92.375 0.34945
27.375 92.625 0.37192
27.375 92.875 0.44927
27.375 93.125 0.37906
27.375 93.375 0.36884
27.375 93.625 0.3944
27.375 93.875 0.4698
27.375 94.125 0.30927
27.375 94.375 0.33395
27.375 94.625 0.33761
27.375 94.875 0.29725
27.375 95.125 0.28385
27.375 95.375 0.27251
27.375 95.625 0.2816
27.375 95.875 0.30431
27.375 96.125 0.31649
27.375 96.375 0.33672
NaN NaN NaN
27.375 96.875 0.37612
27.625 70.125 0.15257
27.625 70.375 0.14734
27.625 70.625 0.14872
27.625 70.875 0.14557
27.625 71.125 0.019079
27.625 71.375 0.019763
27.625 71.625 0.14612
27.625 71.875 0.14782
27.625 72.125 0.14129
27.625 72.375 0.14121
27.625 72.625 0.14138
27.625 72.875 0.14148
27.625 73.125 0.14024
27.625 73.375 0.14188
27.625 73.625 0.14165
27.625 73.875 0.14395
27.625 74.125 0.15344
27.625 74.375 0.15031
27.625 74.625 0.14759
27.625 74.875 0.14855
27.625 75.125 0.15517
27.625 75.375 0.13928
27.625 75.625 0.038778
27.625 75.875 0.13068
27.625 76.125 0.14188
27.625 76.375 0.13993
27.625 76.625 0.1382
27.625 76.875 0.17404
27.625 77.125 0.17679
27.625 77.375 0.14841
27.625 77.625 0.17995
27.625 77.875 0.17502
27.625 78.125 0.19063
27.625 78.375 0.19293
27.625 78.625 0.18531
27.625 78.875 0.13678
27.625 79.125 0.17959
27.625 79.375 0.17793
27.625 79.625 0.14617
27.625 79.875 0.15342
27.625 80.125 0.15431
27.625 80.375 0.15434
27.625 80.625 0.15249
27.625 80.875 0.15342
27.625 81.125 0.15651
27.625 81.375 0.15674
27.625 81.625 0.15013
27.625 81.875 0.15055
27.625 82.125 0.15526
27.625 82.375 0.15201
27.625 82.625 0.13428
27.625 88.375 0.31357
27.625 88.625 0.32506
27.625 91.625 0.31222
27.625 91.875 0.31403
27.625 92.125 0.31174
27.625 92.375 0.2918
27.625 92.625 0.3218
27.625 92.875 0.37935
27.625 93.125 0.3697
27.625 93.375 0.36303
27.625 93.625 0.38332
27.625 93.875 0.371
27.625 94.125 0.41207
27.625 94.375 0.39019
27.625 94.625 0.31917
27.625 94.875 0.30729
27.625 95.125 0.59311
27.625 95.375 0.33311
27.625 95.625 0.28717
27.625 95.875 0.27472
27.625 96.125 0.29265
27.625 96.375 0.36434
27.625 96.625 0.40038
27.625 96.875 0.36112
27.875 70.375 0.15349
27.875 71.875 0.14278
27.875 72.125 0.14427
27.875 72.375 0.14307
27.875 72.625 0.14234
27.875 72.875 0.14437
27.875 73.125 0.14293
27.875 73.375 0.14089
27.875 73.625 0.1431
27.875 73.875 0.14517
27.875 74.125 0.14903
27.875 74.375 0.1464
27.875 74.625 0.15555
27.875 74.875 0.1667
27.875 75.125 0.15707
27.875 75.375 0.15001
27.875 75.625 0.024356
27.875 75.875 0.048628
27.875 76.125 0.10591
27.875 76.375 0.13441
27.875 76.625 0.14757
27.875 76.875 0.13404
27.875 77.125 0.15869
27.875 77.375 0.14073
27.875 77.625 0.16607
27.875 77.875 0.18397
27.875 78.125 0.19859
27.875 78.375 0.19254
27.875 78.625 0.12678
27.875 78.875 0.17764
27.875 79.125 0.19502
27.875 79.375 0.18188
27.875 79.625 0.14135
27.875 79.875 0.15224
27.875 80.125 0.15569
27.875 80.375 0.15715
27.875 80.625 0.15456
27.875 80.875 0.16205
27.875 81.125 0.14955
27.875 81.375 0.16343
27.875 81.625 0.16005
27.875 88.375 0.30849
27.875 88.625 0.3107
27.875 92.875 0.29137
27.875 93.125 0.3575
27.875 93.375 0.36797
27.875 93.625 0.35934
27.875 93.875 0.46947
27.875 94.125 0.31947
27.875 94.375 0.42885
27.875 94.625 0.40656
27.875 94.875 0.38405
27.875 95.125 0.2488
27.875 95.375 0.34664
27.875 95.625 0.29796
27.875 95.875 0.26972
27.875 96.125 0.34507
27.875 96.375 0.35025
27.875 96.625 0.34617
NaN NaN NaN
27.875 97.125 0.36804
28.125 72.125 0.14305
28.125 72.375 0.14197
28.125 72.625 0.1428
28.125 72.875 0.14309
28.125 73.125 0.1453
28.125 73.375 0.146
28.125 73.625 0.14678
28.125 73.875 0.14941
28.125 74.125 0.14748
28.125 74.375 0.14723
28.125 74.625 0.14921
28.125 74.875 0.1571
28.125 75.125 0.14991
28.125 75.375 0.14921
28.125 75.625 0.15249
28.125 75.875 0.074133
28.125 76.125 0.02519
28.125 76.375 0.091393
28.125 76.625 0.14618
28.125 76.875 0.14417
28.125 77.125 0.1699
28.125 77.375 0.16861
28.125 77.625 0.18465
28.125 77.875 0.17852
28.125 78.125 0.2006
28.125 78.375 0.14986
28.125 78.625 0.17834
28.125 78.875 0.18834
28.125 79.125 0.17407
28.125 79.375 0.15212
28.125 79.625 0.14533
28.125 79.875 0.14771
28.125 80.125 0.14739
28.125 80.375 0.14227
28.125 80.625 0.14733
28.125 80.875 0.1509
28.125 81.125 0.15372
28.125 81.375 0.15772
28.125 92.875 0.24586
28.125 93.125 0.33496
28.125 93.375 0.35851
28.125 93.625 0.3953
28.125 93.875 0.35537
28.125 94.125 0.40851
28.125 94.375 0.38451
28.125 94.625 0.47607
28.125 94.875 0.39202
28.125 95.125 0.4191
28.125 95.375 0.35999
28.125 95.625 0.28989
28.125 95.875 0.29637
28.125 96.125 0.34457
28.125 96.375 0.36361
NaN NaN NaN
NaN NaN NaN
NaN NaN NaN
28.375 72.375 0.14503
28.375 72.625 0.14307
28.375 72.875 0.14264
28.375 73.125 0.14418
28.375 73.375 0.14589
28.375 73.625 0.14139
28.375 73.875 0.14801
28.375 74.125 0.1511
28.375 74.375 0.15187
28.375 74.625 0.14899
28.375 74.875 0.15104
28.375 75.125 0.15353
28.375 75.375 0.15232
28.375 75.625 0.15377
28.375 75.875 0.14895
28.375 76.125 0.15583
28.375 76.375 0.1376
28.375 76.625 0.13542
28.375 76.875 0.14152
28.375 77.125 0.16446
28.375 77.375 0.17871
28.375 77.625 0.1729
28.375 77.875 0.17232
28.375 78.125 0.19361
28.375 78.375 0.12753
28.375 78.625 0.18628
28.375 78.875 0.17429
28.375 79.125 0.15224
28.375 79.375 0.14126
28.375 79.625 0.14797
28.375 79.875 0.14717
28.375 80.125 0.1458
28.375 80.375 0.1406
28.375 80.625 0.14546
28.375 80.875 0.14945
28.375 81.125 0.14088
28.375 93.375 0.3286
28.375 93.625 0.32454
28.375 93.875 0.34656
28.375 94.125 0.37086
28.375 94.375 0.37508
28.375 94.625 0.46966
28.375 94.875 0.4464
28.375 95.125 0.46871
28.375 95.375 0.37887
28.375 95.625 0.40938
28.375 95.875 0.46004
28.375 96.125 0.38829
NaN NaN NaN
28.625 72.375 0.1448
28.625 72.625 0.14226
28.625 72.875 0.14261
28.625 73.125 0.14343
28.625 73.375 0.14304
28.625 73.625 0.14145
28.625 73.875 0.14533
28.625 74.125 0.14716
28.625 74.375 0.15525
28.625 74.625 0.14909
28.625 74.875 0.15233
28.625 75.125 0.15507
28.625 75.375 0.15386
28.625 75.625 0.16825
28.625 75.875 0.15247
28.625 76.125 0.15588
28.625 76.375 0.14118
28.625 76.625 0.14401
28.625 76.875 0.13762
28.625 77.125 0.14218
28.625 77.375 0.16821
28.625 77.625 0.1667
28.625 77.875 0.17463
28.625 78.125 0.11957
28.625 78.375 0.17786
28.625 78.625 0.16718
28.625 78.875 0.16202
28.625 79.125 0.14414
28.625 79.375 0.13996
28.625 79.625 0.15302
28.625 79.875 0.15567
28.625 80.125 0.15262
28.625 80.375 0.13671
28.625 80.625 0.12844
28.625 93.625 0.3039
28.625 93.875 0.33026
28.625 94.125 0.36491
28.625 94.375 0.38301
28.625 94.625 0.42842
28.625 94.875 0.39182
28.625 95.125 0.40093
28.625 95.375 0.38135
28.625 95.625 0.37764
28.625 95.875 0.37608
28.625 96.125 0.38127
NaN NaN NaN
28.875 72.875 0.21202
28.875 73.125 0.19499
28.875 73.375 0.1439
28.875 73.625 0.14502
28.875 73.875 0.15382
28.875 74.125 0.16803
28.875 74.375 0.15704
28.875 74.625 0.16459
28.875 74.875 0.15392
28.875 75.125 0.15573
28.875 75.375 0.15379
28.875 75.625 0.16302
28.875 75.875 0.14651
28.875 76.125 0.13394
28.875 76.375 0.14176
28.875 76.625 0.13509
28.875 76.875 0.13927
28.875 77.125 0.16702
28.875 77.375 0.17925
28.875 77.625 0.17945
28.875 77.875 0.17833
28.875 78.125 0.12062
28.875 78.375 0.17698
28.875 78.625 0.14575
28.875 78.875 0.14923
28.875 79.125 0.1594
28.875 79.375 0.1568
28.875 79.625 0.16543
28.875 79.875 0.16586
28.875 94.125 0.34395
28.875 94.375 0.37176
28.875 94.625 0.38623
28.875 94.875 0.44491
28.875 95.125 0.37296
28.875 95.375 0.34006
28.875 95.625 0.35158
28.875 95.875 0.38178
28.875 96.125 0.36633
NaN NaN NaN
29.125 73.125 0.21817
29.125 73.375 0.21128
29.125 73.625 0.1445
29.125 73.875 0.16185
29.125 74.125 0.15612
29.125 74.375 0.15797
29.125 74.625 0.16744
29.125 74.875 0.15253
29.125 75.125 0.14123
29.125 75.375 0.14605
29.125 75.625 0.14823
29.125 75.875 0.1459
29.125 76.125 0.14382
29.125 76.375 0.14202
29.125 76.625 0.13987
29.125 76.875 0.13456
29.125 77.125 0.17383
29.125 77.375 0.1751
29.125 77.625 0.16886
29.125 77.875 0.13439
29.125 78.125 0.13494
29.125 78.375 0.15093
29.125 78.625 0.15751
29.125 78.875 0.15531
29.125 79.125 0.14397
29.125 79.375 0.13959
29.125 79.625 0.18716
29.125 79.875 0.27867
29.125 80.125 0.3058
29.125 94.375 0.32845
29.125 94.625 0.34521
29.125 94.875 0.38657
29.125 95.625 0.31472
29.125 95.875 0.33795
29.125 96.125 0.37342
29.375 73.375 0.16024
29.375 73.625 0.15074
29.375 73.875 0.21561
29.375 74.125 0.18077
29.375 74.375 0.15984
29.375 74.625 0.15382
29.375 74.875 0.14028
29.375 75.125 0.14119
29.375 75.375 0.1348
29.375 75.625 0.14559
29.375 75.875 0.13605
29.375 76.125 0.13309
29.375 76.375 0.13274
29.375 76.625 0.13978
29.375 76.875 0.13688
29.375 77.125 0.16764
29.375 77.375 0.17206
29.375 77.625 0.17203
29.375 77.875 0.10803
29.375 78.125 0.13378
29.375 78.375 0.14976
29.375 78.625 0.1388
29.375 78.875 0.14681
29.375 79.125 0.17512
29.375 79.375 0.22341
29.375 79.625 0.2464
29.375 79.875 0.26425
29.375 80.125 0.25406
NaN NaN NaN
29.625 73.375 0.15209
29.625 73.625 0.13652
29.625 73.875 0.14267
29.625 74.125 0.15556
29.625 74.375 0.13972
29.625 74.625 0.14321
29.625 74.875 0.14902
29.625 75.125 0.13605
29.625 75.375 0.13426
29.625 75.625 0.14058
29.625 75.875 0.14687
29.625 76.125 0.13785
29.625 76.375 0.13825
29.625 76.625 0.13621
29.625 76.875 0.14654
29.625 77.125 0.17079
29.625 77.375 0.16998
29.625 77.625 0.18288
29.625 77.875 0.11432
29.625 78.125 0.1288
29.625 78.375 0.14452
29.625 78.625 0.11034
29.625 78.875 0.18056
29.625 79.125 0.26396
29.625 79.375 0.27292
29.625 79.625 0.28501
29.625 79.875 0.25769
29.625 80.125 0.25918
29.875 73.625 0.14314
29.875 73.875 0.1458
29.875 74.125 0.14305
29.875 74.375 0.13764
29.875 74.625 0.13847
29.875 74.875 0.13892
29.875 75.125 0.14452
29.875 75.375 0.15521
29.875 75.625 0.15417
29.875 75.875 0.14067
29.875 76.125 0.1388
29.875 76.375 0.13732
29.875 76.625 0.14297
29.875 76.875 0.16693
29.875 77.125 0.1726
29.875 77.375 0.17734
29.875 77.625 0.10512
29.875 77.875 0.12794
29.875 78.125 0.11874
29.875 78.375 0.16801
29.875 78.625 0.25238
29.875 78.875 0.27666
29.875 79.125 0.25657
29.875 79.375 0.26588
29.875 79.625 0.29471
29.875 79.875 0.27047
29.875 80.125 0.27421
29.875 80.375 0.25444
30.125 74.125 0.14329
30.125 74.375 0.13594
30.125 74.625 0.13478
30.125 74.875 0.13516
30.125 75.125 0.14776
30.125 75.375 0.14199
30.125 75.625 0.14485
30.125 75.875 0.14241
30.125 76.125 0.14497
30.125 76.375 0.13532
30.125 76.625 0.13728
30.125 76.875 0.15813
30.125 77.125 0.10696
30.125 77.375 0.10471
30.125 77.625 0.13171
30.125 77.875 0.12961
30.125 78.125 0.17692
30.125 78.375 0.34139
30.125 78.625 0.26692
30.125 78.875 0.25384
30.125 79.125 0.29641
30.125 79.375 0.29186
30.125 79.625 0.2185
30.125 79.875 0.25092
30.125 80.125 0.25664
30.125 80.375 0.27251
30.125 80.625 0.27961
30.375 74.125 0.14847
30.375 74.375 0.13888
30.375 74.625 0.13966
30.375 74.875 0.14103
30.375 75.125 0.14333
30.375 75.375 0.14419
30.375 75.625 0.15082
30.375 75.875 0.14042
30.375 76.125 0.14073
30.375 76.375 0.1638
30.375 76.625 0.17591
30.375 76.875 0.10466
30.375 77.125 0.11809
30.375 77.375 0.12238
30.375 77.625 0.11737
30.375 77.875 0.15542
30.375 78.125 0.24766
30.375 78.375 0.24745
30.375 78.625 0.2581
30.375 78.875 0.27674
30.375 79.125 0.30032
30.375 79.375 0.29664
30.375 79.625 0.27547
30.375 79.875 0.31137
30.375 80.125 0.32575
30.375 80.375 0.34114
30.375 80.625 0.32274
30.625 74.375 0.14231
30.625 74.625 0.14479
30.625 74.875 0.1432
30.625 75.125 0.14383
30.625 75.375 0.13922
30.625 75.625 0.14806
30.625 75.875 0.14078
30.625 76.125 0.16951
30.625 76.375 0.16732
30.625 76.625 0.17022
30.625 76.875 0.11116
30.625 77.125 0.12816
30.625 77.375 0.18355
30.625 77.625 0.26121
30.625 77.875 0.26926
30.625 78.125 0.2592
30.625 78.375 0.27207
30.625 78.625 0.28678
30.625 78.875 0.25914
30.625 79.125 0.24769
30.625 79.375 0.31462
30.625 79.625 0.29137
30.625 79.875 0.28025
30.625 80.125 0.28104
30.875 74.625 0.13806
30.875 74.875 0.13543
30.875 75.125 0.13642
30.875 75.375 0.14404
30.875 75.625 0.16222
30.875 75.875 0.17814
30.875 76.125 0.1818
30.875 76.375 0.18214
30.875 76.625 0.11904
30.875 76.875 0.14583
30.875 77.125 0.19236
30.875 77.375 0.28425
30.875 77.625 0.2948
30.875 77.875 0.28219
30.875 78.125 0.28294
30.875 78.375 0.20874
30.875 78.625 0.26243
30.875 78.875 0.32521
30.875 79.125 0.32815
30.875 79.375 0.36648
30.875 79.625 0.36625
30.875 79.875 0.29621
31.125 74.875 0.13361
31.125 75.125 0.13782
31.125 75.375 0.16404
31.125 75.625 0.17392
31.125 75.875 0.17537
31.125 76.125 0.16821
31.125 76.375 0.12298
31.125 76.625 0.10923
31.125 76.875 0.17948
31.125 77.125 0.18575
31.125 77.375 0.30582
31.125 77.625 0.33037
31.125 77.875 0.31161
31.125 78.125 0.22208
31.125 78.375 0.29163
31.125 78.625 0.31579
31.125 78.875 0.29226
31.125 79.125 0.27121
31.375 74.875 0.14155
31.375 75.125 0.13548
31.375 75.375 0.17329
31.375 75.625 0.17809
31.375 75.875 0.12135
31.375 76.125 0.10844
31.375 76.375 0.11265
31.375 76.625 0.13779
31.375 76.875 0.19721
31.375 77.125 0.23836
31.375 77.375 0.32213
31.375 77.625 0.3636
31.375 77.875 0.31329
31.375 78.125 0.28898
31.375 78.375 0.32113
31.375 78.625 0.3254
31.625 74.875 0.15395
31.625 75.125 0.14309
31.625 75.375 0.15733
31.625 75.625 0.11106
31.625 75.875 0.11331
31.625 76.125 0.10631
31.625 76.375 0.12244
31.625 76.625 0.1823
31.625 76.875 0.19427
31.625 77.125 0.28851
31.625 77.375 0.29487
31.625 77.625 0.32933
31.625 77.875 0.31904
31.625 78.125 0.31967
31.625 78.375 0.3674
31.625 78.625 0.31646
31.875 74.875 0.14222
31.875 75.125 0.17432
31.875 75.375 0.15321
31.875 75.625 0.12014
31.875 75.875 0.10833
31.875 76.125 0.12286
31.875 76.375 0.14213
31.875 76.625 0.20484
31.875 76.875 0.21768
31.875 77.125 0.30218
31.875 77.375 0.31962
31.875 77.625 0.35455
31.875 77.875 0.37322
31.875 78.125 0.33694
31.875 78.375 0.36365
31.875 78.625 0.28752
32.125 75.375 0.12797
32.125 75.625 0.13526
32.125 75.875 0.11794
32.125 76.125 0.14639
32.125 76.375 0.20008
32.125 76.625 0.3091
32.125 76.875 0.28885
32.125 77.125 0.28292
32.125 77.375 0.32002
32.125 77.625 0.37729
32.125 77.875 0.35283
32.125 78.125 0.33642
32.125 78.375 0.32995
32.375 75.375 0.17165
32.375 75.625 0.14953
32.375 75.875 0.11815
32.375 76.125 0.28107
32.375 76.375 0.23889
32.375 76.625 0.29135
32.375 76.875 0.35711
32.375 77.125 0.3509
32.375 77.375 0.37131
32.375 77.625 0.36672
32.375 77.875 0.31462
32.375 78.125 0.31924
32.375 78.375 0.2843
32.625 74.875 0.13873
32.625 75.125 0.094388
32.625 75.375 0.10428
32.625 75.625 0.19475
32.625 75.875 0.23316
32.625 76.125 0.32623
32.625 76.375 0.23664
32.625 76.625 0.30033
32.625 76.875 0.38553
32.625 77.125 0.3841
32.625 77.375 0.37843
32.625 77.625 0.34195
32.625 77.875 0.33428
32.625 78.125 0.26778
32.625 78.375 0.2519
32.625 78.625 0.20781
32.625 78.875 0.21443
32.625 79.125 0.18818
32.625 79.375 0.18263
32.875 74.375 0.17576
32.875 74.625 0.1387
32.875 74.875 0.11005
32.875 75.125 0.25797
32.875 75.375 0.27463
32.875 75.625 0.22178
32.875 75.875 0.26362
32.875 76.125 0.27927
32.875 76.375 0.31108
32.875 76.625 0.38206
32.875 76.875 0.36032
32.875 77.125 0.36532
32.875 77.375 0.34496
32.875 77.625 0.32076
32.875 77.875 0.26717
32.875 78.125 0.2544
32.875 78.375 0.23249
32.875 78.625 0.21519
32.875 78.875 0.1901
32.875 79.125 0.17446
32.875 79.375 0.085243
33.125 73.875 0.12907
33.125 74.125 0.23797
33.125 74.375 0.24336
33.125 74.625 0.23291
33.125 74.875 0.2598
33.125 75.125 0.28634
33.125 75.375 0.30585
33.125 75.625 0.33458
33.125 75.875 0.24528
33.125 76.125 0.27587
33.125 76.375 0.30804
33.125 76.625 0.35535
33.125 76.875 0.33001
33.125 77.125 0.29575
33.125 77.375 0.26743
33.125 77.625 0.25693
33.125 77.875 0.2139
33.125 78.125 0.18561
33.125 78.375 0.16774
33.125 78.625 0.20027
33.125 78.875 0.1843
33.125 79.125 0.16863
33.375 73.875 0.26999
33.375 74.125 0.25984
33.375 74.375 0.27424
33.375 74.625 0.24636
33.375 74.875 0.24962
33.375 75.125 0.23168
33.375 75.375 0.22158
33.375 75.625 0.26
33.375 75.875 0.27108
33.375 76.125 0.29237
33.375 76.375 0.30992
33.375 76.625 0.31958
33.375 76.875 0.28112
33.375 77.125 0.2764
33.375 77.375 0.244
33.375 77.625 0.23769
33.375 77.875 0.17552
33.375 78.125 0.21523
33.375 78.375 0.21005
33.375 78.625 0.17656
33.375 78.875 0.18353
33.625 73.875 0.27954
33.625 74.125 0.29824
33.625 74.375 0.31503
33.625 74.625 0.266
33.625 74.875 0.21234
33.625 75.125 0.22443
33.625 75.375 0.24377
33.625 75.625 0.26373
33.625 75.875 0.28347
33.625 76.125 0.3494
33.625 76.375 0.34627
33.625 76.625 0.26575
33.625 76.875 0.3041
33.625 77.125 0.31782
33.625 77.375 0.24397
33.625 77.625 0.24267
33.625 77.875 0.22845
33.625 78.125 0.19416
33.625 78.375 0.18985
33.625 78.625 0.1715
33.625 78.875 0.096005
33.875 73.875 0.31527
33.875 74.125 0.30513
33.875 74.375 0.26438
33.875 74.625 0.26839
33.875 74.875 0.2249
33.875 75.125 0.22009
33.875 75.375 0.24034
33.875 75.625 0.29948
33.875 75.875 0.364
33.875 76.125 0.34374
33.875 76.375 0.3142
33.875 76.625 0.26891
33.875 76.875 0.26206
33.875 77.125 0.26368
33.875 77.375 0.20369
33.875 77.625 0.18012
33.875 77.875 0.17629
33.875 78.125 0.18635
33.875 78.375 0.17956
33.875 78.625 0.14669
33.875 78.875 0.081647
34.125 73.625 0.34568
34.125 73.875 0.28614
34.125 74.125 0.28186
34.125 74.375 0.26846
34.125 74.625 0.24919
34.125 74.875 0.25291
34.125 75.125 0.28643
34.125 75.375 0.28478
34.125 75.625 0.35154
34.125 75.875 0.36742
34.125 76.125 0.33633
34.125 76.375 0.27236
34.125 76.625 0.29499
34.125 76.875 0.25594
34.125 77.125 0.19992
34.125 77.375 0.18424
34.125 77.625 0.1946
34.125 77.875 0.19837
34.125 78.125 0.20765
34.125 78.375 0.20281
34.125 78.625 0.16284
34.125 78.875 0.14101
34.125 79.125 0.085202
34.125 79.375 0.076627
34.375 73.625 0.38746
34.375 73.875 0.29489
34.375 74.125 0.28151
34.375 74.375 0.30275
34.375 74.625 0.27346
34.375 74.875 0.27899
34.375 75.125 0.2924
34.375 75.375 0.30448
34.375 75.625 0.34458
34.375 75.875 0.30527
34.375 76.125 0.30302
34.375 76.375 0.29126
34.375 76.625 0.29479
34.375 76.875 0.24933
34.375 77.125 0.19287
34.375 77.375 0.18912
34.375 77.625 0.19432
34.375 77.875 0.2009
34.375 78.125 0.2217
34.375 78.375 0.15953
34.375 78.625 0.17199
34.375 78.875 0.12927
34.375 79.125 0.083288
34.375 79.375 0.077456
34.625 73.875 0.28959
34.625 74.125 0.25188
34.625 74.375 0.29033
34.625 74.625 0.31952
34.625 74.875 0.31801
34.625 75.125 0.33235
34.625 75.375 0.34398
34.625 75.625 0.3101
34.625 75.875 0.31156
34.625 76.125 0.25669
34.625 76.375 0.22049
34.625 76.625 0.27571
34.625 76.875 0.24142
34.625 77.125 0.23782
34.625 77.375 0.17555
34.625 77.625 0.2403
34.625 77.875 0.22367
34.625 78.125 0.25154
34.625 78.375 0.21252
34.625 78.625 0.091112
34.625 78.875 0.080617
34.625 79.125 0.078306
34.625 79.375 0.052489
34.625 79.625 0.048107
34.875 74.125 0.34756
34.875 74.375 0.35749
34.875 74.625 0.3469
34.875 74.875 0.38092
34.875 75.125 0.38201
34.875 75.375 0.30478
34.875 75.625 0.33869
34.875 75.875 0.31061
34.875 76.125 0.23938
34.875 76.375 0.18304
34.875 76.625 0.26966
34.875 76.875 0.20716
34.875 77.125 0.19659
34.875 77.375 0.2343
34.875 77.625 0.22815
34.875 77.875 0.23812
34.875 78.125 0.25488
34.875 78.375 0.14854
34.875 78.625 0.079872
34.875 78.875 0.058288
34.875 79.125 0.052319
34.875 79.375 0.054201
34.875 79.625 0.058021
34.875 79.875 0.066945
35.125 74.375 0.39616
35.125 74.625 0.32226
35.125 74.875 0.32869
35.125 75.125 0.24026
35.125 75.375 0.31874
35.125 75.625 0.3471
35.125 75.875 0.23673
35.125 76.125 0.26086
35.125 76.375 0.24454
35.125 76.625 0.22104
35.125 76.875 0.21868
35.125 77.125 0.255
35.125 77.375 0.23708
35.125 77.625 0.1642
35.125 77.875 0.20926
35.125 78.125 0.086007
35.125 78.375 0.086418
35.125 78.625 0.076156
35.125 78.875 0.082283
35.125 79.125 0.075275
35.125 79.375 0.069168
35.125 79.625 0.053934
35.125 79.875 0.04644
35.375 73.875 0.25453
35.375 74.125 0.24155
35.375 74.375 0.26014
35.375 74.625 0.26504
35.375 74.875 0.26741
35.375 75.125 0.2462
35.375 75.375 0.30076
35.375 75.625 0.35363
35.375 75.875 0.28995
35.375 76.125 0.28369
35.375 76.375 0.25408
35.375 76.625 0.25598
35.375 76.875 0.23796
35.375 77.125 0.20619
35.375 77.375 0.17647
35.375 77.625 0.14912
35.375 77.875 0.15112
35.375 78.125 0.076051
35.375 78.375 0.076731
35.375 78.625 0.079111
35.375 78.875 0.072127
35.375 79.125 0.052824
35.375 79.375 0.044962
35.375 79.625 0.043807
35.375 79.875 0.12108
NaN NaN NaN
35.625 73.375 0.25525
35.625 73.625 0.25108
35.625 73.875 0.21892
35.625 74.125 0.22974
35.625 74.375 0.23133
35.625 74.625 0.23475
35.625 74.875 0.25373
35.625 75.125 0.2141
35.625 75.375 0.26875
35.625 75.625 0.34583
35.625 75.875 0.35035
35.625 76.125 0.32102
35.625 76.375 0.27634
35.625 76.625 0.19082
35.625 76.875 0.1907
35.625 77.125 0.10821
35.625 78.375 0.071046
35.625 78.625 0.077817
35.625 78.875 0.070974
35.625 79.125 0.0725
35.625 79.375 0.063878
35.625 79.625 0.078572
35.625 79.875 0.12115
35.625 80.125 0.14111
35.875 73.125 0.28337
35.875 73.375 0.24836
35.875 73.625 0.24201
35.875 73.875 0.23283
35.875 74.125 0.22791
35.875 74.375 0.21144
35.875 74.625 0.22193
35.875 74.875 0.25083
35.875 75.125 0.25119
35.875 75.375 0.20551
35.875 75.625 0.27539
35.875 75.875 0.28592
35.875 76.125 0.26704
35.875 76.375 0.15663
35.875 76.625 0.11927
35.875 79.375 0.10751
36.125 72.625 0.27199
36.125 72.875 0.28613
36.125 73.125 0.20651
36.125 73.375 0.1929
36.125 73.625 0.19564
36.125 73.875 0.19499
36.125 74.125 0.20343
36.125 74.375 0.20912
36.125 74.625 0.25391
36.125 74.875 0.28083
36.125 75.125 0.25221
36.125 75.375 0.19765
36.125 75.625 0.2067
36.125 75.875 0.19808
36.125 76.125 0.11423
36.125 76.375 0.20921
36.125 76.625 0.10481
36.375 73.125 0.17927
36.375 73.375 0.15459
36.375 73.625 0.16983
36.375 73.875 0.16365
36.375 74.125 0.17061
36.375 74.375 0.19501
36.375 74.625 0.16511
36.375 74.875 0.16235
36.375 75.125 0.23335
36.375 75.375 0.14982
36.375 75.625 0.15279
36.375 75.875 0.1525
36.375 76.125 0.10285
36.625 73.375 0.15946
36.625 73.625 0.16814
36.625 73.875 0.17039
36.625 74.125 0.22839
36.625 74.375 0.19906
36.625 74.625 0.17157
36.625 74.875 0.14477
36.625 75.125 0.14787
36.625 75.375 0.14627
36.625 75.625 0.18812
36.875 73.875 0.16311
36.875 74.375 0.15563
36.875 74.625 0.15099
36.875 74.875 0.14652
36.875 75.125 0.13947
36.875 75.375 0.15289
