8.125 77.375 0.097231
8.375 77.125 0.15378
8.375 77.375 0.29518
8.375 77.625 0.19369
8.375 77.875 0.090803
8.625 76.875 0.12349
8.625 77.125 0.33066
8.625 77.375 0.2517
8.625 77.625 0.12317
8.625 77.875 0.12835
8.875 76.875 0.2594
8.875 77.125 0.34677
8.875 77.375 0.19141
8.875 77.625 0.12556
8.875 77.875 0.29793
9.125 76.625 0.24248
9.125 76.875 0.3416
9.125 77.125 0.29503
9.125 77.375 0.16074
9.125 77.625 0.15922
9.125 77.875 0.28698
9.125 78.125 0.12094
NaN NaN NaN
9.375 76.625 0.34427
9.375 76.875 0.27873
9.375 77.125 0.33403
9.375 77.375 0.17415
9.375 77.625 0.28547
9.375 77.875 0.2853
9.375 78.125 0.17526
9.375 78.375 0.10536
9.375 78.625 0.11346
NaN NaN NaN
9.625 76.375 0.52992
9.625 76.625 0.34633
9.625 76.875 0.28445
9.625 77.125 0.30806
9.625 77.375 0.26481
9.625 77.625 0.17913
9.625 77.875 0.29571
9.625 78.125 0.25556
9.625 78.375 0.12323
9.625 78.625 0.12079
9.875 76.625 0.32506
9.875 76.875 0.27022
9.875 77.125 0.29275
9.875 77.375 0.22902
9.875 77.625 0.18532
9.875 77.875 0.29275
9.875 78.125 0.1987
9.875 78.375 0.16418
9.875 78.625 0.17481
9.875 78.875 0.087817
10.125 76.375 0.35344
10.125 76.625 0.28681
10.125 76.875 0.27143
10.125 77.125 0.28172
10.125 77.375 0.26064
10.125 77.625 0.24351
10.125 77.875 0.21967
10.125 78.125 0.21539
10.125 78.375 0.19864
10.125 78.625 0.19446
10.125 78.875 0.11176
10.125 79.125 0.081786
10.375 76.375 0.28001
10.375 76.625 0.22647
10.375 76.875 0.22789
10.375 77.125 0.30199
10.375 77.375 0.24174
10.375 77.625 0.17828
10.375 77.875 0.19635
10.375 78.125 0.20207
10.375 78.375 0.23883
10.375 78.625 0.19224
10.375 78.875 0.21399
10.375 79.125 0.1144
NaN NaN NaN
NaN NaN NaN
10.625 76.125 0.31112
10.625 76.375 0.29585
10.625 76.625 0.30572
10.625 76.875 0.27095
10.625 77.125 0.28278
10.625 77.375 0.25811
10.625 77.625 0.22569
10.625 77.875 0.21745
10.625 78.125 0.20062
10.625 78.375 0.27498
10.625 78.625 0.20512
10.625 78.875 0.13713
10.625 79.125 0.1137
10.625 79.375 0.15414
10.625 79.625 0.15143
10.875 76.125 0.33833
10.875 76.375 0.29631
10.875 76.625 0.30095
10.875 76.875 0.26716
10.875 77.125 0.31784
10.875 77.375 0.23163
10.875 77.625 0.21387
10.875 77.875 0.20925
10.875 78.125 0.20099
10.875 78.375 0.20588
10.875 78.625 0.17581
10.875 78.875 0.15005
10.875 79.125 0.13496
10.875 79.375 0.15368
10.875 79.625 0.14718
11.125 76.125 0.30982
11.125 76.375 0.27739
11.125 76.625 0.25284
11.125 76.875 0.25532
11.125 77.125 0.24994
11.125 77.375 0.22618
11.125 77.625 0.21485
11.125 77.875 0.20925
11.125 78.125 0.21114
11.125 78.375 0.20689
11.125 78.625 0.27753
11.125 78.875 0.27795
11.125 79.125 0.26492
11.125 79.375 0.18417
11.125 79.625 0.15909
11.375 75.875 0.30235
11.375 76.125 0.25828
11.375 76.375 0.27062
11.375 76.625 0.24219
11.375 76.875 0.20504
11.375 77.125 0.25678
11.375 77.375 0.21897
11.375 77.625 0.21623
11.375 77.875 0.20224
11.375 78.125 0.20624
11.375 78.375 0.17818
11.375 78.625 0.15862
11.375 78.875 0.21312
11.375 79.125 0.21034
11.375 79.375 0.2839
11.375 79.625 0.16431
11.625 75.875 0.24797
11.625 76.125 0.23917
11.625 76.375 0.23261
11.625 76.625 0.29119
11.625 76.875 0.25951
11.625 77.125 0.23644
11.625 77.375 0.20842
11.625 77.625 0.21516
11.625 77.875 0.20413
11.625 78.125 0.18447
11.625 78.375 0.2214
11.625 78.625 0.20861
11.625 78.875 0.2045
11.625 79.125 0.2156
11.625 79.375 0.21353
NaN NaN NaN
NaN NaN NaN
11.875 75.875 0.24819
11.875 76.125 0.2692
11.875 76.375 0.23377
11.875 76.625 0.26071
11.875 76.875 0.21613
11.875 77.125 0.1962
11.875 77.375 0.20622
11.875 77.625 0.19934
11.875 77.875 0.2126
11.875 78.125 0.18787
11.875 78.375 0.17596
11.875 78.625 0.18996
11.875 78.875 0.18007
11.875 79.125 0.21447
11.875 79.375 0.19377
11.875 79.625 0.21491
12.125 75.375 0.24897
12.125 75.625 0.23108
12.125 75.875 0.2743
12.125 76.125 0.28406
12.125 76.375 0.2322
12.125 76.625 0.2276
12.125 76.875 0.25158
12.125 77.125 0.24729
12.125 77.375 0.21901
12.125 77.625 0.21012
12.125 77.875 0.22398
12.125 78.125 0.20979
12.125 78.375 0.23153
12.125 78.625 0.22287
12.125 78.875 0.21372
12.125 79.125 0.21333
12.125 79.375 0.17793
12.125 79.625 0.20236
12.375 75.125 0.26012
12.375 75.375 0.24562
12.375 75.625 0.2148
12.375 75.875 0.25498
12.375 76.125 0.24164
12.375 76.375 0.24255
12.375 76.625 0.22394
12.375 76.875 0.21608
12.375 77.125 0.23421
12.375 77.375 0.19423
12.375 77.625 0.1806
12.375 77.875 0.18439
12.375 78.125 0.24618
12.375 78.375 0.2211
12.375 78.625 0.21488
12.375 78.875 0.16738
12.375 79.125 0.20274
12.375 79.375 0.19365
12.375 79.625 0.19807
12.375 79.875 0.20868
12.625 75.125 0.23377
12.625 75.375 0.23267
12.625 75.625 0.23637
12.625 75.875 0.2266
12.625 76.125 0.22552
12.625 76.375 0.21432
12.625 76.625 0.22854
12.625 76.875 0.20655
12.625 77.125 0.21319
12.625 77.375 0.21987
12.625 77.625 0.23241
12.625 77.875 0.22689
12.625 78.125 0.23937
12.625 78.375 0.24057
12.625 78.625 0.2152
12.625 78.875 0.20572
12.625 79.125 0.15905
12.625 79.375 0.18559
12.625 79.625 0.19019
12.625 79.875 0.19674
12.875 75.125 0.23472
12.875 75.375 0.22855
12.875 75.625 0.21316
12.875 75.875 0.20739
12.875 76.125 0.22206
12.875 76.375 0.21388
12.875 76.625 0.20068
12.875 76.875 0.20926
12.875 77.125 0.22182
12.875 77.375 0.22666
12.875 77.625 0.21932
12.875 77.875 0.21606
12.875 78.125 0.21401
12.875 78.375 0.22031
12.875 78.625 0.2164
12.875 78.875 0.19918
12.875 79.125 0.17659
12.875 79.375 0.19021
12.875 79.625 0.19762
12.875 79.875 0.22061
NaN NaN NaN
13.125 75.125 0.24483
13.125 75.375 0.22758
13.125 75.625 0.22145
13.125 75.875 0.22733
13.125 76.125 0.22625
13.125 76.375 0.23466
13.125 76.625 0.21564
13.125 76.875 0.21104
13.125 77.125 0.2108
13.125 77.375 0.22912
13.125 77.625 0.22716
13.125 77.875 0.21981
13.125 78.125 0.20297
13.125 78.375 0.20206
13.125 78.625 0.19147
13.125 78.875 0.18682
13.125 79.125 0.2142
13.125 79.375 0.27821
13.125 79.625 0.20566
13.125 79.875 0.19323
13.125 80.125 0.19588
NaN NaN NaN
13.375 75.125 0.25997
13.375 75.375 0.22402
13.375 75.625 0.21623
13.375 75.875 0.2197
13.375 76.125 0.21454
13.375 76.375 0.22735
13.375 76.625 0.22902
13.375 76.875 0.2235
13.375 77.125 0.22119
13.375 77.375 0.22599
13.375 77.625 0.22722
13.375 77.875 0.2109
13.375 78.125 0.2038
13.375 78.375 0.20364
13.375 78.625 0.19606
13.375 78.875 0.19601
13.375 79.125 0.29065
13.375 79.375 0.26614
13.375 79.625 0.21214
13.375 79.875 0.15433
13.375 80.125 0.18944
13.625 74.875 0.27783
13.625 75.125 0.27448
13.625 75.375 0.21261
13.625 75.625 0.2333
13.625 75.875 0.2143
13.625 76.125 0.20554
13.625 76.375 0.21269
13.625 76.625 0.20782
13.625 76.875 0.21046
13.625 77.125 0.19814
13.625 77.375 0.22855
13.625 77.625 0.21455
13.625 77.875 0.20704
13.625 78.125 0.19671
13.625 78.375 0.20858
13.625 78.625 0.21957
13.625 78.875 0.20511
13.625 79.125 0.18923
13.625 79.375 0.20654
13.625 79.625 0.2281
13.625 79.875 0.15574
13.625 80.125 0.10078
13.875 74.875 0.24573
13.875 75.125 0.2184
13.875 75.375 0.21545
13.875 75.625 0.20328
13.875 75.875 0.20621
13.875 76.125 0.23188
13.875 76.375 0.26549
13.875 76.625 0.20617
13.875 76.875 0.20046
13.875 77.125 0.20769
13.875 77.375 0.21107
13.875 77.625 0.20649
13.875 77.875 0.20404
13.875 78.125 0.20307
13.875 78.375 0.20624
13.875 78.625 0.20258
13.875 78.875 0.19252
13.875 79.125 0.17811
13.875 79.375 0.17321
13.875 79.625 0.17998
13.875 79.875 0.18619
14.125 74.625 0.25008
14.125 74.875 0.21758
14.125 75.125 0.20795
14.125 75.375 0.20798
14.125 75.625 0.22504
14.125 75.875 0.21048
14.125 76.125 0.22304
14.125 76.375 0.24143
14.125 76.625 0.27273
14.125 76.875 0.25074
14.125 77.125 0.21751
14.125 77.375 0.21093
14.125 77.625 0.2222
14.125 77.875 0.21399
14.125 78.125 0.20718
14.125 78.375 0.20727
14.125 78.625 0.20033
14.125 78.875 0.18159
14.125 79.125 0.21657
14.125 79.375 0.18543
14.125 79.625 0.18691
14.125 79.875 0.19872
14.375 74.625 0.26803
14.375 74.875 0.20288
14.375 75.125 0.2005
14.375 75.375 0.19692
14.375 75.625 0.22986
14.375 75.875 0.19862
14.375 76.125 0.22233
14.375 76.375 0.22948
14.375 76.625 0.25624
14.375 76.875 0.21086
14.375 77.125 0.21406
14.375 77.375 0.21689
14.375 77.625 0.2051
14.375 77.875 0.20971
14.375 78.125 0.15791
14.375 78.375 0.19527
14.375 78.625 0.16452
14.375 78.875 0.15315
14.375 79.125 0.15433
14.375 79.375 0.15442
14.375 79.625 0.19593
14.375 79.875 0.19284
NaN NaN NaN
14.625 74.625 0.25496
14.625 74.875 0.19166
14.625 75.125 0.24473
14.625 75.375 0.22015
14.625 75.625 0.22328
14.625 75.875 0.22812
14.625 76.125 0.21849
14.625 76.375 0.22616
14.625 76.625 0.24675
14.625 76.875 0.26383
14.625 77.125 0.27289
14.625 77.375 0.25676
14.625 77.625 0.2014
14.625 77.875 0.19715
14.625 78.125 0.19107
14.625 78.375 0.19162
14.625 78.625 0.24667
14.625 78.875 0.16294
14.625 79.125 0.17984
14.625 79.375 0.20348
14.625 79.625 0.14631
14.625 79.875 0.14469
14.875 74.375 0.23951
14.875 74.625 0.25145
14.875 74.875 0.21714
14.875 75.125 0.22304
14.875 75.375 0.30521
14.875 75.625 0.28472
14.875 75.875 0.19027
14.875 76.125 0.21825
14.875 76.375 0.20352
14.875 76.625 0.21814
14.875 76.875 0.25286
14.875 77.125 0.25173
14.875 77.375 0.249
14.875 77.625 0.19195
14.875 77.875 0.16803
14.875 78.125 0.18337
14.875 78.375 0.26142
14.875 78.625 0.22034
14.875 78.875 0.1605
14.875 79.125 0.14888
14.875 79.375 0.16402
14.875 79.625 0.19488
14.875 79.875 0.18535
15.125 74.125 0.22645
15.125 74.375 0.1977
15.125 74.625 0.23727
15.125 74.875 0.23296
15.125 75.125 0.22877
15.125 75.375 0.22511
15.125 75.625 0.20735
15.125 75.875 0.24506
15.125 76.125 0.25484
15.125 76.375 0.19459
15.125 76.625 0.15498
15.125 76.875 0.18801
15.125 77.125 0.2479
15.125 77.375 0.245
15.125 77.625 0.18837
15.125 77.875 0.14944
15.125 78.125 0.25607
15.125 78.375 0.27403
15.125 78.625 0.21589
15.125 78.875 0.16553
15.125 79.125 0.15583
15.125 79.375 0.16256
15.125 79.625 0.20546
15.125 79.875 0.21306
15.375 73.875 0.052451
15.375 74.125 0.22176
15.375 74.375 0.22042
15.375 74.625 0.2126
15.375 74.875 0.22821
15.375 75.125 0.24308
15.375 75.375 0.29739
15.375 75.625 0.24233
15.375 75.875 0.28272
15.375 76.125 0.2563
15.375 76.375 0.23609
15.375 76.625 0.22629
15.375 76.875 0.22969
15.375 77.125 0.26751
15.375 77.375 0.24399
15.375 77.625 0.18999
15.375 77.875 0.1787
15.375 78.125 0.15932
15.375 78.375 0.24706
15.375 78.625 0.27116
15.375 78.875 0.16213
15.375 79.125 0.15247
15.375 79.375 0.19691
15.375 79.625 0.21876
15.375 79.875 0.19412
15.625 73.875 0.044181
15.625 74.125 0.21371
15.625 74.375 0.2012
15.625 74.625 0.21497
15.625 74.875 0.19259
15.625 75.125 0.20764
15.625 75.375 0.28416
15.625 75.625 0.23579
15.625 75.875 0.25687
15.625 76.125 0.22497
15.625 76.375 0.22389
15.625 76.625 0.24584
15.625 76.875 0.28014
15.625 77.125 0.27582
15.625 77.375 0.27157
15.625 77.625 0.26111
15.625 77.875 0.25588
15.625 78.125 0.2638
15.625 78.375 0.15955
15.625 78.625 0.25966
15.625 78.875 0.14717
15.625 79.125 0.19611
15.625 79.375 0.19422
15.625 79.625 0.21817
15.625 79.875 0.19728
15.625 80.125 0.26142
15.875 73.875 0.20671
15.875 74.125 0.187
15.875 74.375 0.24394
15.875 74.625 0.21146
15.875 74.875 0.20176
15.875 75.125 0.20817
15.875 75.375 0.2613
15.875 75.625 0.26787
15.875 75.875 0.21982
15.875 76.125 0.19309
15.875 76.375 0.21957
15.875 76.625 0.21861
15.875 76.875 0.27499
15.875 77.125 0.26701
15.875 77.375 0.29291
15.875 77.625 0.26107
15.875 77.875 0.26988
15.875 78.125 0.2519
15.875 78.375 0.24863
15.875 78.625 0.24575
15.875 78.875 0.17714
15.875 79.125 0.18523
15.875 79.375 0.20349
15.875 79.625 0.20961
15.875 79.875 0.25135
15.875 80.125 0.23399
15.875 80.375 0.1536
NaN NaN NaN
15.875 80.875 0.12233
16.125 73.625 0.21031
16.125 73.875 0.18606
16.125 74.125 0.21102
16.125 74.375 0.19861
16.125 74.625 0.26578
16.125 74.875 0.21534
16.125 75.125 0.19037
16.125 75.375 0.18821
16.125 75.625 0.2067
16.125 75.875 0.26523
16.125 76.125 0.25709
16.125 76.375 0.28461
16.125 76.625 0.25033
16.125 76.875 0.26493
16.125 77.125 0.2636
16.125 77.375 0.29408
16.125 77.625 0.29387
16.125 77.875 0.27426
16.125 78.125 0.26086
16.125 78.375 0.28552
16.125 78.625 0.16068
16.125 78.875 0.15183
16.125 79.125 0.1538
16.125 79.375 0.18228
16.125 79.625 0.16038
16.125 79.875 0.17998
16.125 80.125 0.26192
16.125 80.375 0.25706
16.125 80.625 0.25409
16.125 80.875 0.12935
16.375 73.625 0.19889
16.375 73.875 0.18921
16.375 74.125 0.19892
16.375 74.375 0.19562
16.375 74.625 0.23659
16.375 74.875 0.30761
16.375 75.125 0.25694
16.375 75.375 0.2407
16.375 75.625 0.2409
16.375 75.875 0.24373
16.375 76.125 0.28794
16.375 76.375 0.30476
16.375 76.625 0.3361
16.375 76.875 0.26043
16.375 77.125 0.28187
16.375 77.375 0.27092
16.375 77.625 0.30755
16.375 77.875 0.25147
16.375 78.125 0.25035
16.375 78.375 0.19829
16.375 78.625 0.19142
16.375 78.875 0.21889
16.375 79.125 0.14811
16.375 79.375 0.21465
16.375 79.625 0.17452
16.375 79.875 0.17202
16.375 80.125 0.19493
16.375 80.375 0.20648
16.375 80.625 0.20068
16.375 80.875 0.11053
16.375 81.125 0.25958
NaN NaN NaN
NaN NaN NaN
16.625 73.625 0.19804
16.625 73.875 0.18927
16.625 74.125 0.18829
16.625 74.375 0.24899
16.625 74.625 0.23672
16.625 74.875 0.23718
16.625 75.125 0.26661
16.625 75.375 0.23526
16.625 75.625 0.23709
16.625 75.875 0.25598
16.625 76.125 0.2844
16.625 76.375 0.24535
16.625 76.625 0.24403
16.625 76.875 0.26179
16.625 77.125 0.27317
16.625 77.375 0.28132
16.625 77.625 0.26328
16.625 77.875 0.25905
16.625 78.125 0.1947
16.625 78.375 0.20351
16.625 78.625 0.19361
16.625 78.875 0.17876
16.625 79.125 0.17084
16.625 79.375 0.20551
16.625 79.625 0.23976
16.625 79.875 0.24097
16.625 80.125 0.17032
16.625 80.375 0.11636
16.625 80.625 0.17561
16.625 80.875 0.17713
16.625 81.125 0.23877
16.625 81.375 0.24001
16.625 81.625 0.24738
16.625 81.875 0.10725
16.625 82.125 0.03813
16.875 73.375 0.19748
16.875 73.625 0.19739
16.875 73.875 0.18559
16.875 74.125 0.1849
16.875 74.375 0.29062
16.875 74.625 0.23544
16.875 74.875 0.23736
16.875 75.125 0.23824
16.875 75.375 0.24378
16.875 75.625 0.25109
16.875 75.875 0.26295
16.875 76.125 0.2629
16.875 76.375 0.27851
16.875 76.625 0.27532
16.875 76.875 0.28157
16.875 77.125 0.26925
16.875 77.375 0.2653
16.875 77.625 0.23933
16.875 77.875 0.24359
16.875 78.125 0.18826
16.875 78.375 0.18973
16.875 78.625 0.18067
16.875 78.875 0.18076
16.875 79.125 0.17537
16.875 79.375 0.18361
16.875 79.625 0.18296
16.875 79.875 0.24213
16.875 80.125 0.18044
16.875 80.375 0.24412
16.875 80.625 0.14006
16.875 80.875 0.17603
16.875 81.125 0.18034
16.875 81.375 0.239
16.875 81.625 0.12886
16.875 81.875 0.10525
16.875 82.125 0.11428
17.125 73.375 0.19498
17.125 73.625 0.2026
17.125 73.875 0.17731
17.125 74.125 0.15863
17.125 74.375 0.23335
17.125 74.625 0.24428
17.125 74.875 0.2493
17.125 75.125 0.23549
17.125 75.375 0.23979
17.125 75.625 0.24564
17.125 75.875 0.23289
17.125 76.125 0.23619
17.125 76.375 0.25267
17.125 76.625 0.2594
17.125 76.875 0.30791
17.125 77.125 0.25584
17.125 77.375 0.24238
17.125 77.625 0.2481
17.125 77.875 0.24825
17.125 78.125 0.18222
17.125 78.375 0.18058
17.125 78.625 0.18376
17.125 78.875 0.17331
17.125 79.125 0.1683
17.125 79.375 0.17108
17.125 79.625 0.17883
17.125 79.875 0.18374
17.125 80.125 0.17598
17.125 80.375 0.2106
17.125 80.625 0.22488
17.125 80.875 0.19479
17.125 81.125 0.15872
17.125 81.375 0.20135
17.125 81.625 0.17262
17.125 81.875 0.15141
17.125 82.125 0.18171
17.125 82.375 0.061969
17.375 73.375 0.19317
17.375 73.625 0.19685
17.375 73.875 0.20211
17.375 74.125 0.18392
17.375 74.375 0.24764
17.375 74.625 0.24363
17.375 74.875 0.23223
17.375 75.125 0.23183
17.375 75.375 0.23086
17.375 75.625 0.23508
17.375 75.875 0.23256
17.375 76.125 0.23249
17.375 76.375 0.24423
17.375 76.625 0.26272
17.375 76.875 0.26548
17.375 77.125 0.25126
17.375 77.375 0.24391
17.375 77.625 0.25404
17.375 77.875 0.27171
17.375 78.125 0.17693
17.375 78.375 0.17538
17.375 78.625 0.17408
17.375 78.875 0.17406
17.375 79.125 0.17276
17.375 79.375 0.17757
17.375 79.625 0.1747
17.375 79.875 0.17897
17.375 80.125 0.17103
17.375 80.375 0.18165
17.375 80.625 0.18641
17.375 80.875 0.16386
17.375 81.125 0.18118
17.375 81.375 0.097546
17.375 81.625 0.10984
17.375 81.875 0.11086
17.375 82.125 0.12555
17.375 82.375 0.15641
NaN NaN NaN
17.625 73.375 0.18848
17.625 73.625 0.19653
17.625 73.875 0.20199
17.625 74.125 0.1927
17.625 74.375 0.24154
17.625 74.625 0.23457
17.625 74.875 0.15506
17.625 75.125 0.22894
17.625 75.375 0.22901
17.625 75.625 0.23162
17.625 75.875 0.23795
17.625 76.125 0.23237
17.625 76.375 0.24052
17.625 76.625 0.27454
17.625 76.875 0.29703
17.625 77.125 0.27362
17.625 77.375 0.28053
17.625 77.625 0.2661
17.625 77.875 0.25827
17.625 78.125 0.18615
17.625 78.375 0.18785
17.625 78.625 0.17313
17.625 78.875 0.17248
17.625 79.125 0.17075
17.625 79.375 0.17969
17.625 79.625 0.17689
17.625 79.875 0.17489
17.625 80.125 0.17495
17.625 80.375 0.17095
17.625 80.625 0.17765
17.625 80.875 0.24648
17.625 81.125 0.25389
17.625 81.375 0.22361
17.625 81.625 0.10357
17.625 81.875 0.1127
17.625 82.125 0.10888
17.625 82.375 0.10181
17.625 82.625 0.14332
17.625 82.875 0.12604
17.625 83.125 0.049037
17.875 73.375 0.19057
17.875 73.625 0.18779
17.875 73.875 0.18568
17.875 74.125 0.19805
17.875 74.375 0.12977
17.875 74.625 0.17703
17.875 74.875 0.23637
17.875 75.125 0.22792
17.875 75.375 0.23143
17.875 75.625 0.2269
17.875 75.875 0.23002
17.875 76.125 0.2296
17.875 76.375 0.24639
17.875 76.625 0.24778
17.875 76.875 0.2752
17.875 77.125 0.28282
17.875 77.375 0.25001
17.875 77.625 0.16654
17.875 77.875 0.24016
17.875 78.125 0.18948
17.875 78.375 0.1907
17.875 78.625 0.18468
17.875 78.875 0.16682
17.875 79.125 0.17667
17.875 79.375 0.17504
17.875 79.625 0.17219
17.875 79.875 0.17736
17.875 80.125 0.16836
17.875 80.375 0.17384
17.875 80.625 0.18439
17.875 80.875 0.23954
17.875 81.125 0.17166
17.875 81.375 0.096098
17.875 81.625 0.095566
17.875 81.875 0.11939
17.875 82.125 0.11856
17.875 82.375 0.11047
17.875 82.625 0.11652
17.875 82.875 0.12848
17.875 83.125 0.15288
17.875 83.375 0.14413
NaN NaN NaN
18.125 73.375 0.1732
18.125 73.625 0.15655
18.125 73.875 0.16572
18.125 74.125 0.23683
18.125 74.375 0.2298
18.125 74.625 0.22928
18.125 74.875 0.23825
18.125 75.125 0.23141
18.125 75.375 0.23143
18.125 75.625 0.23276
18.125 75.875 0.2283
18.125 76.125 0.23834
18.125 76.375 0.24192
18.125 76.625 0.24157
18.125 76.875 0.26038
18.125 77.125 0.26611
18.125 77.375 0.23461
18.125 77.625 0.23904
18.125 77.875 0.24426
18.125 78.125 0.17869
18.125 78.375 0.17229
18.125 78.625 0.17902
18.125 78.875 0.15982
18.125 79.125 0.12741
18.125 79.375 0.16949
18.125 79.625 0.1715
18.125 79.875 0.17304
18.125 80.125 0.16897
18.125 80.375 0.17067
18.125 80.625 0.23668
18.125 80.875 0.1375
18.125 81.125 0.094007
18.125 81.375 0.10012
18.125 81.625 0.082991
18.125 81.875 0.087975
18.125 82.125 0.095025
18.125 82.375 0.10724
18.125 82.625 0.11266
18.125 82.875 0.11805
18.125 83.125 0.1168
18.125 83.375 0.11519
18.125 83.625 0.10699
18.375 73.125 0.18764
18.375 73.375 0.18041
18.375 73.625 0.16713
18.375 73.875 0.17254
18.375 74.125 0.20588
18.375 74.375 0.23689
18.375 74.625 0.22909
18.375 74.875 0.22718
18.375 75.125 0.232
18.375 75.375 0.23515
18.375 75.625 0.22887
18.375 75.875 0.23638
18.375 76.125 0.23235
18.375 76.375 0.24152
18.375 76.625 0.24274
18.375 76.875 0.23076
18.375 77.125 0.22985
18.375 77.375 0.24352
18.375 77.625 0.22927
18.375 77.875 0.23915
18.375 78.125 0.18881
18.375 78.375 0.19522
18.375 78.625 0.19402
18.375 78.875 0.16595
18.375 79.125 0.16548
18.375 79.375 0.16318
18.375 79.625 0.16966
18.375 79.875 0.17417
18.375 80.125 0.23065
18.375 80.375 0.23045
18.375 80.625 0.12817
18.375 80.875 0.096424
18.375 81.125 0.098673
18.375 81.375 0.10016
18.375 81.625 0.086392
18.375 81.875 0.096625
18.375 82.125 0.10018
18.375 82.375 0.10002
18.375 82.625 0.11605
18.375 82.875 0.10941
18.375 83.125 0.12144
18.375 83.375 0.21863
18.375 83.625 0.20684
18.375 83.875 0.16627
18.625 73.125 0.19019
18.625 73.375 0.16988
18.625 73.625 0.17562
18.625 73.875 0.20624
18.625 74.125 0.24194
18.625 74.375 0.11838
18.625 74.625 0.201
18.625 74.875 0.22686
18.625 75.125 0.23489
18.625 75.375 0.23639
18.625 75.625 0.23319
18.625 75.875 0.23082
18.625 76.125 0.23171
18.625 76.375 0.24173
18.625 76.625 0.25597
18.625 76.875 0.23483
18.625 77.125 0.23168
18.625 77.375 0.22556
18.625 77.625 0.22847
18.625 77.875 0.23102
18.625 78.125 0.24756
18.625 78.375 0.23236
18.625 78.625 0.2341
18.625 78.875 0.22773
18.625 79.125 0.22804
18.625 79.375 0.23094
18.625 79.625 0.23036
18.625 79.875 0.23208
18.625 80.125 0.23102
18.625 80.375 0.18823
18.625 80.625 0.12722
18.625 80.875 0.096854
18.625 81.125 0.10272
18.625 81.375 0.09416
18.625 81.625 0.095217
18.625 81.875 0.094262
18.625 82.125 0.10851
18.625 82.375 0.10218
18.625 82.625 0.12508
18.625 82.875 0.12931
18.625 83.125 0.12144
18.625 83.375 0.19838
18.625 83.625 0.20019
18.625 83.875 0.12715
18.625 84.125 0.10176
18.875 73.125 0.1627
18.875 73.375 0.16816
18.875 73.625 0.17997
18.875 73.875 0.17886
18.875 74.125 0.12579
18.875 74.375 0.091537
18.875 74.625 0.21639
18.875 74.875 0.23027
18.875 75.125 0.22808
18.875 75.375 0.23405
18.875 75.625 0.23297
18.875 75.875 0.2284
18.875 76.125 0.23614
18.875 76.375 0.23833
18.875 76.625 0.23272
18.875 76.875 0.25117
18.875 77.125 0.25673
18.875 77.375 0.22865
18.875 77.625 0.23369
18.875 77.875 0.23156
18.875 78.125 0.22922
18.875 78.375 0.23437
18.875 78.625 0.23083
18.875 78.875 0.23067
18.875 79.125 0.22762
18.875 79.375 0.17386
18.875 79.625 0.23437
18.875 79.875 0.2322
18.875 80.125 0.10617
18.875 80.375 0.17116
18.875 80.625 0.099983
18.875 80.875 0.090224
18.875 81.125 0.09904
18.875 81.375 0.096439
18.875 81.625 0.0944
18.875 81.875 0.10155
18.875 82.125 0.10468
18.875 82.375 0.10659
18.875 82.625 0.1126
18.875 82.875 0.12897
18.875 83.125 0.11509
18.875 83.375 0.182
18.875 83.625 0.12751
18.875 83.875 0.12498
18.875 84.125 0.12669
18.875 84.375 0.1173
19.125 73.125 0.13272
19.125 73.375 0.13693
19.125 73.625 0.15076
19.125 73.875 0.15261
19.125 74.125 0.083643
19.125 74.375 0.15111
19.125 74.625 0.23472
19.125 74.875 0.23159
19.125 75.125 0.2345
19.125 75.375 0.23218
19.125 75.625 0.22895
19.125 75.875 0.22822
19.125 76.125 0.23123
19.125 76.375 0.23311
19.125 76.625 0.23135
19.125 76.875 0.23797
19.125 77.125 0.24493
19.125 77.375 0.23156
19.125 77.625 0.20768
19.125 77.875 0.20602
19.125 78.125 0.23322
19.125 78.375 0.20728
19.125 78.625 0.2017
19.125 78.875 0.17024
19.125 79.125 0.17008
19.125 79.375 0.1703
19.125 79.625 0.23394
19.125 79.875 0.22188
19.125 80.125 0.18871
19.125 80.375 0.084072
19.125 80.625 0.23285
19.125 80.875 0.10218
19.125 81.125 0.13694
19.125 81.375 0.11346
19.125 81.625 0.10097
19.125 81.875 0.11736
19.125 82.125 0.11887
19.125 82.375 0.11175
19.125 82.625 0.11971
19.125 82.875 0.11634
19.125 83.125 0.12514
19.125 83.375 0.11841
19.125 83.625 0.12463
19.125 83.875 0.12847
19.125 84.125 0.11982
19.125 84.375 0.11707
19.125 84.625 0.22129
19.375 72.875 0.12307
19.375 73.125 0.12889
19.375 73.375 0.13335
19.375 73.625 0.17154
19.375 73.875 0.14921
19.375 74.125 0.16052
19.375 74.375 0.16537
19.375 74.625 0.21657
19.375 74.875 0.22768
19.375 75.125 0.23214
19.375 75.375 0.23489
19.375 75.625 0.23017
19.375 75.875 0.23845
19.375 76.125 0.23133
19.375 76.375 0.2291
19.375 76.625 0.24303
19.375 76.875 0.23575
19.375 77.125 0.25189
19.375 77.375 0.22612
19.375 77.625 0.17213
19.375 77.875 0.22172
19.375 78.125 0.17131
19.375 78.375 0.17091
19.375 78.625 0.17078
19.375 78.875 0.17581
19.375 79.125 0.16975
19.375 79.375 0.17909
19.375 79.625 0.22851
19.375 79.875 0.083119
19.375 80.125 0.22851
19.375 80.375 0.22831
19.375 80.625 0.12855
19.375 80.875 0.15347
19.375 81.125 0.13971
19.375 81.375 0.12979
19.375 81.625 0.099374
19.375 81.875 0.11051
19.375 82.125 0.11753
19.375 82.375 0.18539
19.375 82.625 0.20128
19.375 82.875 0.11603
19.375 83.125 0.11771
19.375 83.375 0.12253
19.375 83.625 0.12041
19.375 83.875 0.11547
19.375 84.125 0.12376
19.375 84.375 0.12588
19.375 84.625 0.13964
19.375 84.875 0.11891
19.625 72.875 0.16778
19.625 73.125 0.13067
19.625 73.375 0.17339
19.625 73.625 0.16786
19.625 73.875 0.15921
19.625 74.125 0.16045
19.625 74.375 0.18998
19.625 74.625 0.22886
19.625 74.875 0.22973
19.625 75.125 0.22996
19.625 75.375 0.23526
19.625 75.625 0.23391
19.625 75.875 0.24177
19.625 76.125 0.24492
19.625 76.375 0.23544
19.625 76.625 0.20618
19.625 76.875 0.17107
19.625 77.125 0.19838
19.625 77.375 0.22926
19.625 77.625 0.22483
19.625 77.875 0.17049
19.625 78.125 0.17002
19.625 78.375 0.17384
19.625 78.625 0.19817
19.625 78.875 0.17088
19.625 79.125 0.1679
19.625 79.375 0.22041
19.625 79.625 0.23132
19.625 79.875 0.22883
19.625 80.125 0.22803
19.625 80.375 0.14151
19.625 80.625 0.12541
19.625 80.875 0.15687
19.625 81.125 0.14115
19.625 81.375 0.094113
19.625 81.625 0.097336
19.625 81.875 0.097221
19.625 82.125 0.10889
19.625 82.375 0.12011
19.625 82.625 0.19251
19.625 82.875 0.1047
19.625 83.125 0.10975
19.625 83.375 0.12088
19.625 83.625 0.11887
19.625 83.875 0.1229
19.625 84.125 0.12441
19.625 84.375 0.12976
19.625 84.625 0.11645
19.625 84.875 0.13843
19.625 85.125 0.13346
19.625 85.375 0.081343
19.875 72.875 0.14395
19.875 73.125 0.1664
19.875 73.375 0.17212
19.875 73.625 0.17235
19.875 73.875 0.17868
19.875 74.125 0.23099
19.875 74.375 0.23345
19.875 74.625 0.23177
19.875 74.875 0.23179
19.875 75.125 0.22944
19.875 75.375 0.22981
19.875 75.625 0.22886
19.875 75.875 0.23148
19.875 76.125 0.23545
19.875 76.375 0.23587
19.875 76.625 0.2282
19.875 76.875 0.22667
19.875 77.125 0.22657
19.875 77.375 0.21098
19.875 77.625 0.16866
19.875 77.875 0.22893
19.875 78.125 0.2185
19.875 78.375 0.2284
19.875 78.625 0.18729
19.875 78.875 0.22927
19.875 79.125 0.22779
19.875 79.375 0.22833
19.875 79.625 0.23031
19.875 79.875 0.22985
19.875 80.125 0.15646
19.875 80.375 0.080393
19.875 80.625 0.082521
19.875 80.875 0.13675
19.875 81.125 0.11544
19.875 81.375 0.090511
19.875 81.625 0.10099
19.875 81.875 0.10414
19.875 82.125 0.11967
19.875 82.375 0.19149
19.875 82.625 0.11081
19.875 82.875 0.14871
19.875 83.125 0.19515
19.875 83.375 0.10235
19.875 83.625 0.1206
19.875 83.875 0.10989
19.875 84.125 0.16777
19.875 84.375 0.12991
19.875 84.625 0.11655
19.875 84.875 0.12182
19.875 85.125 0.10977
19.875 85.375 0.14879
NaN NaN NaN
NaN NaN NaN
NaN NaN NaN
20.125 72.875 0.18089
20.125 73.125 0.18224
20.125 73.375 0.16737
20.125 73.625 0.17278
20.125 73.875 0.2198
20.125 74.125 0.22899
20.125 74.375 0.23388
20.125 74.625 0.23447
20.125 74.875 0.2313
20.125 75.125 0.22724
20.125 75.375 0.23326
20.125 75.625 0.22937
20.125 75.875 0.22601
20.125 76.125 0.22932
20.125 76.375 0.23333
20.125 76.625 0.22572
20.125 76.875 0.22539
20.125 77.125 0.22553
20.125 77.375 0.21621
20.125 77.625 0.16685
20.125 77.875 0.22832
20.125 78.125 0.2188
20.125 78.375 0.22797
20.125 78.625 0.2286
20.125 78.875 0.22879
20.125 79.125 0.22731
20.125 79.375 0.14435
20.125 79.625 0.16433
20.125 79.875 0.22776
20.125 80.125 0.212
20.125 80.375 0.12067
20.125 80.625 0.1159
20.125 80.875 0.11886
20.125 81.125 0.086252
20.125 81.375 0.093092
20.125 81.625 0.10238
20.125 81.875 0.10005
20.125 82.125 0.11814
20.125 82.375 0.18472
20.125 82.625 0.19976
20.125 82.875 0.192
20.125 83.125 0.19558
20.125 83.375 0.19694
20.125 83.625 0.099154
20.125 83.875 0.11263
20.125 84.125 0.13172
20.125 84.375 0.11832
20.125 84.625 0.1201
20.125 84.875 0.12203
20.125 85.125 0.13277
20.125 85.375 0.11587
20.125 85.625 0.12118
20.125 85.875 0.13105
20.125 86.125 0.11363
NaN NaN NaN
20.375 73.125 0.18395
20.375 73.375 0.16609
20.375 73.625 0.16685
20.375 73.875 0.14537
20.375 74.125 0.15936
20.375 74.375 0.22828
20.375 74.625 0.23466
20.375 74.875 0.23048
20.375 75.125 0.23559
20.375 75.375 0.23506
20.375 75.625 0.23231
20.375 75.875 0.22826
20.375 76.125 0.22714
20.375 76.375 0.22472
20.375 76.625 0.228
20.375 76.875 0.22808
20.375 77.125 0.22833
20.375 77.375 0.22623
20.375 77.625 0.22723
20.375 77.875 0.2287
20.375 78.125 0.17155
20.375 78.375 0.23097
20.375 78.625 0.22885
20.375 78.875 0.22923
20.375 79.125 0.23164
20.375 79.375 0.12612
20.375 79.625 0.23231
20.375 79.875 0.2293
20.375 80.125 0.15605
20.375 80.375 0.13077
20.375 80.625 0.12747
20.375 80.875 0.093592
20.375 81.125 0.09109
20.375 81.375 0.091898
20.375 81.625 0.096108
20.375 81.875 0.094648
20.375 82.125 0.17094
20.375 82.375 0.16747
20.375 82.625 0.1432
20.375 82.875 0.10306
20.375 83.125 0.19181
20.375 83.375 0.10674
20.375 83.625 0.17739
20.375 83.875 0.12124
20.375 84.125 0.11145
20.375 84.375 0.11288
20.375 84.625 0.1126
20.375 84.875 0.11993
20.375 85.125 0.12234
20.375 85.375 0.1328
20.375 85.625 0.12678
20.375 85.875 0.11759
20.375 86.125 0.10971
20.375 86.375 0.14515
NaN NaN NaN
20.625 73.125 0.23487
20.625 73.375 0.17072
20.625 73.625 0.1761
20.625 73.875 0.16184
20.625 74.125 0.15382
20.625 74.375 0.19496
20.625 74.625 0.22627
20.625 74.875 0.22715
20.625 75.125 0.23535
20.625 75.375 0.23153
20.625 75.625 0.23186
20.625 75.875 0.22575
20.625 76.125 0.22499
20.625 76.375 0.22637
20.625 76.625 0.22733
20.625 76.875 0.2262
20.625 77.125 0.22874
20.625 77.375 0.22633
20.625 77.625 0.22792
20.625 77.875 0.23077
20.625 78.125 0.22741
20.625 78.375 0.22836
20.625 78.625 0.19397
20.625 78.875 0.23246
20.625 79.125 0.13419
20.625 79.375 0.12533
20.625 79.625 0.16601
20.625 79.875 0.23203
20.625 80.125 0.20725
20.625 80.375 0.15032
20.625 80.625 0.091636
20.625 80.875 0.092365
20.625 81.125 0.089977
20.625 81.375 0.086643
20.625 81.625 0.09374
20.625 81.875 0.086786
20.625 82.125 0.097194
20.625 82.375 0.17446
20.625 82.625 0.15397
20.625 82.875 0.17272
20.625 83.125 0.18591
20.625 83.375 0.10254
20.625 83.625 0.11181
20.625 83.875 0.10373
20.625 84.125 0.11053
20.625 84.375 0.11035
20.625 84.625 0.12599
20.625 84.875 0.12534
20.625 85.125 0.11156
20.625 85.375 0.12223
20.625 85.625 0.12076
20.625 85.875 0.11468
20.625 86.125 0.1072
20.625 86.375 0.11538
20.625 86.625 0.16578
NaN NaN NaN
20.875 70.625 0.032803
20.875 70.875 0.11839
20.875 71.125 0.031882
20.875 71.375 0.03167
20.875 72.875 0.11675
20.875 73.125 0.2406
20.875 73.375 0.17106
20.875 73.625 0.17653
20.875 73.875 0.18143
20.875 74.125 0.15723
20.875 74.375 0.15607
20.875 74.625 0.21206
20.875 74.875 0.2248
20.875 75.125 0.22723
20.875 75.375 0.22997
20.875 75.625 0.2283
20.875 75.875 0.22703
20.875 76.125 0.22513
20.875 76.375 0.22523
20.875 76.625 0.229
20.875 76.875 0.22946
20.875 77.125 0.22923
20.875 77.375 0.22496
20.875 77.625 0.22814
20.875 77.875 0.23294
20.875 78.125 0.22616
20.875 78.375 0.20906
20.875 78.625 0.16571
20.875 78.875 0.16576
20.875 79.125 0.20676
20.875 79.375 0.20876
20.875 79.625 0.2293
20.875 79.875 0.22882
20.875 80.125 0.15529
20.875 80.375 0.1095
20.875 80.625 0.080742
20.875 80.875 0.095049
20.875 81.125 0.094448
20.875 81.375 0.091893
20.875 81.625 0.092799
20.875 81.875 0.089514
20.875 82.125 0.098368
20.875 82.375 0.10883
20.875 82.625 0.10325
20.875 82.875 0.20221
20.875 83.125 0.18028
20.875 83.375 0.098086
20.875 83.625 0.10533
20.875 83.875 0.24722
20.875 84.125 0.25144
20.875 84.375 0.26157
20.875 84.625 0.12621
20.875 84.875 0.11626
20.875 85.125 0.12035
20.875 85.375 0.12603
20.875 85.625 0.12161
20.875 85.875 0.12114
20.875 86.125 0.12876
20.875 86.375 0.12114
20.875 86.625 0.13595
21.125 70.375 0.037012
21.125 70.625 0.22052
21.125 70.875 0.22255
21.125 71.125 0.21768
21.125 71.375 0.18888
NaN NaN NaN
NaN NaN NaN
21.125 72.875 0.23139
21.125 73.125 0.23042
21.125 73.375 0.23879
21.125 73.625 0.22573
21.125 73.875 0.17429
21.125 74.125 0.14552
21.125 74.375 0.22764
21.125 74.625 0.22657
21.125 74.875 0.22792
21.125 75.125 0.22664
21.125 75.375 0.22879
21.125 75.625 0.22842
21.125 75.875 0.23116
21.125 76.125 0.23564
21.125 76.375 0.23131
21.125 76.625 0.22873
21.125 76.875 0.22979
21.125 77.125 0.22686
21.125 77.375 0.22484
21.125 77.625 0.22535
21.125 77.875 0.22729
21.125 78.125 0.20184
21.125 78.375 0.13035
21.125 78.625 0.13736
21.125 78.875 0.23423
21.125 79.125 0.22966
21.125 79.375 0.23273
21.125 79.625 0.1373
21.125 79.875 0.13224
21.125 80.125 0.21303
21.125 80.375 0.11144
21.125 80.625 0.083576
21.125 80.875 0.14812
21.125 81.125 0.15268
21.125 81.375 0.16453
21.125 81.625 0.15794
21.125 81.875 0.16352
21.125 82.125 0.19126
21.125 82.375 0.1014
21.125 82.625 0.19162
21.125 82.875 0.18615
21.125 83.125 0.10774
21.125 83.375 0.24452
21.125 83.625 0.24345
21.125 83.875 0.23932
21.125 84.125 0.093628
21.125 84.375 0.098387
21.125 84.625 0.11337
21.125 84.875 0.12134
21.125 85.125 0.12997
21.125 85.375 0.11382
21.125 85.625 0.1729
21.125 85.875 0.16312
21.125 86.125 0.11592
21.125 86.375 0.11425
21.125 86.625 0.16817
21.375 70.125 0.034186
21.375 70.375 0.078452
21.375 70.625 0.19053
21.375 70.875 0.19017
21.375 71.125 0.1882
21.375 71.375 0.18876
21.375 71.625 0.20715
21.375 71.875 0.20961
21.375 72.875 0.22824
21.375 73.125 0.23597
21.375 73.375 0.23443
21.375 73.625 0.2281
21.375 73.875 0.22822
21.375 74.125 0.19696
21.375 74.375 0.17867
21.375 74.625 0.22684
21.375 74.875 0.23211
21.375 75.125 0.22934
21.375 75.375 0.22665
21.375 75.625 0.22719
21.375 75.875 0.23438
21.375 76.125 0.23345
21.375 76.375 0.2322
21.375 76.625 0.22998
21.375 76.875 0.22811
21.375 77.125 0.23397
21.375 77.375 0.24751
21.375 77.625 0.23177
21.375 77.875 0.22749
21.375 78.125 0.24067
21.375 78.375 0.23218
21.375 78.625 0.16775
21.375 78.875 0.23051
21.375 79.125 0.22662
21.375 79.375 0.23028
21.375 79.625 0.23035
21.375 79.875 0.22928
21.375 80.125 0.23045
21.375 80.375 0.23316
21.375 80.625 0.22052
21.375 80.875 0.14449
21.375 81.125 0.15111
21.375 81.375 0.15695
21.375 81.625 0.16566
21.375 81.875 0.16878
21.375 82.125 0.17813
21.375 82.375 0.17733
21.375 82.625 0.17616
21.375 82.875 0.18463
21.375 83.125 0.18705
21.375 83.375 0.22998
21.375 83.625 0.25131
21.375 83.875 0.25164
21.375 84.125 0.094887
21.375 84.375 0.1122
21.375 84.625 0.12475
21.375 84.875 0.12016
21.375 85.125 0.14427
21.375 85.375 0.18206
21.375 85.625 0.22004
21.375 85.875 0.21743
21.375 86.125 0.16825
21.375 86.375 0.17436
21.375 86.625 0.19322
21.375 86.875 0.1796
21.625 69.875 0.14534
21.625 70.125 0.14543
21.625 70.375 0.18954
21.625 70.625 0.18976
21.625 70.875 0.18789
21.625 71.125 0.18791
21.625 71.375 0.18959
21.625 71.625 0.18967
21.625 71.875 0.19129
21.625 72.125 0.13217
21.625 72.875 0.22856
21.625 73.125 0.22676
21.625 73.375 0.22589
21.625 73.625 0.22678
21.625 73.875 0.22805
21.625 74.125 0.22839
21.625 74.375 0.22675
21.625 74.625 0.22667
21.625 74.875 0.22687
21.625 75.125 0.22738
21.625 75.375 0.22875
21.625 75.625 0.23375
21.625 75.875 0.23133
21.625 76.125 0.22828
21.625 76.375 0.22928
21.625 76.625 0.22864
21.625 76.875 0.22937
21.625 77.125 0.23977
21.625 77.375 0.23847
21.625 77.625 0.23563
21.625 77.875 0.22672
21.625 78.125 0.228
21.625 78.375 0.23578
21.625 78.625 0.12881
21.625 78.875 0.19271
21.625 79.125 0.12226
21.625 79.375 0.19827
21.625 79.625 0.22927
21.625 79.875 0.23064
21.625 80.125 0.22828
21.625 80.375 0.21543
21.625 80.625 0.14215
21.625 80.875 0.14509
21.625 81.125 0.10419
21.625 81.375 0.1023
21.625 81.625 0.1627
21.625 81.875 0.17114
21.625 82.125 0.1693
21.625 82.375 0.16537
21.625 82.625 0.12057
21.625 82.875 0.12968
21.625 83.125 0.12503
21.625 83.375 0.10322
21.625 83.625 0.1844
21.625 83.875 0.10048
21.625 84.125 0.10314
21.625 84.375 0.12937
21.625 84.625 0.17045
21.625 84.875 0.17564
21.625 85.125 0.17704
21.625 85.375 0.18394
21.625 85.625 0.2314
21.625 85.875 0.23771
21.625 86.125 0.2342
21.625 86.375 0.18078
21.625 86.625 0.20152
21.625 86.875 0.1881
21.625 87.125 0.20325
NaN NaN NaN
NaN NaN NaN
21.875 69.625 0.1895
21.875 69.875 0.19068
21.875 70.125 0.18928
21.875 70.375 0.19036
21.875 70.625 0.19126
21.875 70.875 0.18813
21.875 71.125 0.18793
21.875 71.375 0.19088
21.875 71.625 0.18899
21.875 71.875 0.19016
21.875 72.125 0.10143
NaN NaN NaN
21.875 72.875 0.22777
21.875 73.125 0.22697
21.875 73.375 0.22804
21.875 73.625 0.22685
21.875 73.875 0.22746
21.875 74.125 0.23058
21.875 74.375 0.23117
21.875 74.625 0.23523
21.875 74.875 0.23248
21.875 75.125 0.23082
21.875 75.375 0.22831
21.875 75.625 0.22732
21.875 75.875 0.22685
21.875 76.125 0.22857
21.875 76.375 0.23046
21.875 76.625 0.23282
21.875 76.875 0.23629
21.875 77.125 0.23549
21.875 77.375 0.23675
21.875 77.625 0.22832
21.875 77.875 0.23032
21.875 78.125 0.22599
21.875 78.375 0.22602
21.875 78.625 0.125
21.875 78.875 0.19629
21.875 79.125 0.1322
21.875 79.375 0.12874
21.875 79.625 0.12458
21.875 79.875 0.22783
21.875 80.125 0.22674
21.875 80.375 0.12711
21.875 80.625 0.22804
21.875 80.875 0.22892
21.875 81.125 0.083473
21.875 81.375 0.090929
21.875 81.625 0.08831
21.875 81.875 0.087603
21.875 82.125 0.095284
21.875 82.375 0.090857
21.875 82.625 0.091337
21.875 82.875 0.1105
21.875 83.125 0.10438
21.875 83.375 0.10418
21.875 83.625 0.10192
21.875 83.875 0.11463
21.875 84.125 0.11713
21.875 84.375 0.14095
21.875 84.625 0.15222
21.875 84.875 0.15495
21.875 85.125 0.18625
21.875 85.375 0.19167
21.875 85.625 0.25538
21.875 85.875 0.2541
21.875 86.125 0.16667
21.875 86.375 0.16645
21.875 86.625 0.16679
21.875 86.875 0.20578
21.875 87.125 0.2246
21.875 87.375 0.20392
21.875 87.625 0.3305
21.875 87.875 0.35582
21.875 88.375 0.35312
NaN NaN NaN
NaN NaN NaN
22.125 69.125 0.13841
22.125 69.375 0.13753
22.125 69.625 0.14833
22.125 69.875 0.18895
22.125 70.125 0.21146
22.125 70.375 0.20229
22.125 70.625 0.19133
22.125 70.875 0.19187
22.125 71.125 0.18709
22.125 71.375 0.22023
22.125 71.625 0.19336
22.125 71.875 0.19363
22.125 72.125 0.11746
NaN NaN NaN
22.125 72.875 0.108
22.125 73.125 0.1333
22.125 73.375 0.17421
22.125 73.625 0.21453
22.125 73.875 0.2148
22.125 74.125 0.22543
22.125 74.375 0.23279
22.125 74.625 0.22928
22.125 74.875 0.23017
22.125 75.125 0.22817
22.125 75.375 0.22747
22.125 75.625 0.22725
22.125 75.875 0.22702
22.125 76.125 0.23278
22.125 76.375 0.23431
22.125 76.625 0.24298
22.125 76.875 0.24044
22.125 77.125 0.23625
22.125 77.375 0.23129
22.125 77.625 0.22993
22.125 77.875 0.22589
22.125 78.125 0.19514
22.125 78.375 0.19719
22.125 78.625 0.22961
22.125 78.875 0.24871
22.125 79.125 0.23458
22.125 79.375 0.22917
22.125 79.625 0.23087
22.125 79.875 0.22723
22.125 80.125 0.22322
22.125 80.375 0.18461
22.125 80.625 0.23117
22.125 80.875 0.2298
22.125 81.125 0.13115
22.125 81.375 0.096296
22.125 81.625 0.094797
22.125 81.875 0.097929
22.125 82.125 0.089248
22.125 82.375 0.091736
22.125 82.625 0.093226
22.125 82.875 0.096137
22.125 83.125 0.10521
22.125 83.375 0.1014
22.125 83.625 0.10786
22.125 83.875 0.11035
22.125 84.125 0.13875
22.125 84.375 0.13856
22.125 84.625 0.15408
22.125 84.875 0.17371
22.125 85.125 0.19806
22.125 85.375 0.17927
22.125 85.625 0.23354
22.125 85.875 0.23056
22.125 86.125 0.2722
22.125 86.375 0.20982
22.125 86.625 0.20034
22.125 86.875 0.21954
22.125 87.125 0.21842
22.125 87.375 0.20336
22.125 87.625 0.22429
22.125 87.875 0.28476
22.125 88.125 0.30193
22.125 88.375 0.323
NaN NaN NaN
22.375 69.125 0.14534
22.375 69.875 0.1141
22.375 70.125 0.16943
22.375 70.375 0.1882
22.375 70.625 0.18863
22.375 70.875 0.18911
22.375 71.125 0.22047
22.375 71.375 0.19334
22.375 71.625 0.19249
22.375 71.875 0.19422
22.375 72.125 0.10551
NaN NaN NaN
22.375 72.875 0.097465
22.375 73.125 0.13407
22.375 73.375 0.13513
22.375 73.625 0.18312
22.375 73.875 0.17997
22.375 74.125 0.18769
22.375 74.375 0.20172
22.375 74.625 0.18687
22.375 74.875 0.22778
22.375 75.125 0.22898
22.375 75.375 0.23022
22.375 75.625 0.22824
22.375 75.875 0.22687
22.375 76.125 0.22863
22.375 76.375 0.23205
22.375 76.625 0.23872
22.375 76.875 0.23593
22.375 77.125 0.23509
22.375 77.375 0.23021
22.375 77.625 0.2269
22.375 77.875 0.22522
22.375 78.125 0.12186
22.375 78.375 0.12238
22.375 78.625 0.22944
22.375 78.875 0.23119
22.375 79.125 0.23399
22.375 79.375 0.23118
22.375 79.625 0.23284
22.375 79.875 0.22942
22.375 80.125 0.22788
22.375 80.375 0.23269
22.375 80.625 0.23166
22.375 80.875 0.24515
22.375 81.125 0.13369
22.375 81.375 0.12157
22.375 81.625 0.094074
22.375 81.875 0.083695
22.375 82.125 0.089054
22.375 82.375 0.090602
22.375 82.625 0.10238
22.375 82.875 0.092977
22.375 83.125 0.098324
22.375 83.375 0.13721
22.375 83.625 0.15768
22.375 83.875 0.11188
22.375 84.125 0.10733
22.375 84.375 0.11779
22.375 84.625 0.11551
22.375 84.875 0.11105
22.375 85.125 0.16604
22.375 85.375 0.15203
22.375 85.625 0.2381
22.375 85.875 0.2494
22.375 86.125 0.27565
22.375 86.375 0.19381
22.375 86.625 0.20273
22.375 86.875 0.20362
22.375 87.125 0.20781
22.375 87.375 0.22723
22.375 87.625 0.22569
22.375 87.875 0.30008
22.375 88.125 0.30003
22.375 88.375 0.30241
22.375 88.625 0.33071
22.375 88.875 0.34674
NaN NaN NaN
22.625 70.375 0.14335
22.625 70.625 0.18784
22.625 70.875 0.19302
22.625 71.125 0.1904
22.625 71.375 0.19343
22.625 71.625 0.1902
22.625 71.875 0.18967
22.625 72.125 0.13672
22.625 72.375 0.13731
22.625 72.625 0.13586
22.625 72.875 0.13757
22.625 73.125 0.13874
22.625 73.375 0.16139
22.625 73.625 0.19047
22.625 73.875 0.16967
22.625 74.125 0.17707
22.625 74.375 0.18263
22.625 74.625 0.1898
22.625 74.875 0.22817
22.625 75.125 0.2276
22.625 75.375 0.22896
22.625 75.625 0.22824
22.625 75.875 0.22494
22.625 76.125 0.22593
22.625 76.375 0.23017
22.625 76.625 0.23564
22.625 76.875 0.23745
22.625 77.125 0.23984
22.625 77.375 0.23178
22.625 77.625 0.22684
22.625 77.875 0.22654
22.625 78.125 0.23005
22.625 78.375 0.23132
22.625 78.625 0.22925
22.625 78.875 0.23092
22.625 79.125 0.23241
22.625 79.375 0.22799
22.625 79.625 0.23544
22.625 79.875 0.23253
22.625 80.125 0.24019
22.625 80.375 0.23951
22.625 80.625 0.23515
22.625 80.875 0.16297
22.625 81.125 0.13769
22.625 81.375 0.12842
22.625 81.625 0.14529
22.625 81.875 0.11434
22.625 82.125 0.088522
22.625 82.375 0.088385
22.625 82.625 0.087241
22.625 82.875 0.13215
22.625 83.125 0.096449
22.625 83.375 0.15835
22.625 83.625 0.10674
22.625 83.875 0.10254
22.625 84.125 0.10615
22.625 84.375 0.1267
22.625 84.625 0.10843
22.625 84.875 0.099945
22.625 85.125 0.1508
22.625 85.375 0.15684
22.625 85.625 0.21721
22.625 85.875 0.29161
22.625 86.125 0.25675
22.625 86.375 0.29787
22.625 86.625 0.21271
22.625 86.875 0.20808
22.625 87.125 0.20628
22.625 87.375 0.2093
22.625 87.625 0.22857
22.625 87.875 0.1513
22.625 88.125 0.19226
22.625 88.375 0.21278
22.625 88.625 0.29869
22.625 88.875 0.21011
22.625 92.625 0.29134
22.625 92.875 0.31888
NaN NaN NaN
NaN NaN NaN
NaN NaN NaN
22.875 70.625 0.13494
22.875 70.875 0.13737
22.875 71.125 0.18119
22.875 71.375 0.18394
22.875 71.625 0.19361
22.875 71.875 0.19086
22.875 72.125 0.13313
22.875 72.375 0.13309
22.875 72.625 0.13421
22.875 72.875 0.13754
22.875 73.125 0.13908
22.875 73.375 0.14162
22.875 73.625 0.19359
22.875 73.875 0.17565
22.875 74.125 0.17648
22.875 74.375 0.19781
22.875 74.625 0.19912
22.875 74.875 0.23166
22.875 75.125 0.22659
22.875 75.375 0.22749
22.875 75.625 0.22723
22.875 75.875 0.23185
22.875 76.125 0.22525
22.875 76.375 0.22516
22.875 76.625 0.2298
22.875 76.875 0.23748
22.875 77.125 0.23723
22.875 77.375 0.23114
22.875 77.625 0.23516
22.875 77.875 0.22763
22.875 78.125 0.2305
22.875 78.375 0.2291
22.875 78.625 0.23116
22.875 78.875 0.23047
22.875 79.125 0.23243
22.875 79.375 0.23167
22.875 79.625 0.2294
22.875 79.875 0.23154
22.875 80.125 0.22957
22.875 80.375 0.23117
22.875 80.625 0.13563
22.875 80.875 0.13112
22.875 81.125 0.086906
22.875 81.375 0.09845
22.875 81.625 0.13055
22.875 81.875 0.10494
22.875 82.125 0.086358
22.875 82.375 0.096426
22.875 82.625 0.090231
22.875 82.875 0.089124
22.875 83.125 0.12275
22.875 83.375 0.14492
22.875 83.625 0.15339
22.875 83.875 0.10537
22.875 84.125 0.14748
22.875 84.375 0.12027
22.875 84.625 0.153
22.875 84.875 0.21537
22.875 85.125 0.21071
22.875 85.375 0.15686
22.875 85.625 0.17241
22.875 85.875 0.18424
22.875 86.125 0.29344
22.875 86.375 0.19368
22.875 86.625 0.14235
22.875 86.875 0.13272
22.875 87.125 0.20358
22.875 87.375 0.20418
22.875 87.625 0.18374
22.875 87.875 0.17195
22.875 88.125 0.20077
22.875 88.375 0.21149
22.875 88.625 0.1733
22.875 92.625 0.31838
22.875 92.875 0.3385
23.125 68.875 0.16875
23.125 69.125 0.12732
23.125 69.375 0.12218
23.125 69.625 0.1494
23.125 69.875 0.15101
23.125 70.125 0.155
23.125 70.875 0.1367
23.125 71.125 0.13285
23.125 71.375 0.13537
23.125 71.625 0.13435
23.125 71.875 0.13683
23.125 72.125 0.13177
23.125 72.375 0.1355
23.125 72.625 0.1366
23.125 72.875 0.13684
23.125 73.125 0.18055
23.125 73.375 0.19161
23.125 73.625 0.1955
23.125 73.875 0.1761
23.125 74.125 0.1843
23.125 74.375 0.20594
23.125 74.625 0.23147
23.125 74.875 0.22815
23.125 75.125 0.22796
23.125 75.375 0.22779
23.125 75.625 0.22633
23.125 75.875 0.22782
23.125 76.125 0.22936
23.125 76.375 0.23147
23.125 76.625 0.23113
23.125 76.875 0.22484
23.125 77.125 0.22627
23.125 77.375 0.2306
23.125 77.625 0.23015
23.125 77.875 0.23051
23.125 78.125 0.22736
23.125 78.375 0.22766
23.125 78.625 0.23305
23.125 78.875 0.23255
23.125 79.125 0.23346
23.125 79.375 0.22962
23.125 79.625 0.23356
23.125 79.875 0.23044
23.125 80.125 0.22992
23.125 80.375 0.24089
23.125 80.625 0.23684
23.125 80.875 0.12796
23.125 81.125 0.12305
23.125 81.375 0.11038
23.125 81.625 0.08633
23.125 81.875 0.093388
23.125 82.125 0.089537
23.125 82.375 0.14066
23.125 82.625 0.089595
23.125 82.875 0.096511
23.125 83.125 0.10343
23.125 83.375 0.12793
23.125 83.625 0.15154
23.125 83.875 0.14805
23.125 84.125 0.13616
23.125 84.375 0.15518
23.125 84.625 0.22797
23.125 84.875 0.23592
23.125 85.125 0.22007
23.125 85.375 0.21678
23.125 85.625 0.22566
23.125 85.875 0.23348
23.125 86.125 0.18476
23.125 86.375 0.13979
23.125 86.625 0.15071
23.125 86.875 0.1288
23.125 87.125 0.17678
23.125 87.375 0.20421
23.125 87.625 0.18242
23.125 87.875 0.17897
23.125 88.125 0.16798
23.125 88.375 0.20493
23.125 88.625 0.2268
NaN NaN NaN
23.125 92.625 0.3173
23.125 92.875 0.3398
NaN NaN NaN
23.375 68.875 0.14655
23.375 69.125 0.12067
23.375 69.375 0.12099
23.375 69.625 0.12888
23.375 69.875 0.12976
23.375 70.125 0.13072
23.375 70.375 0.13369
23.375 70.625 0.12726
23.375 70.875 0.12854
23.375 71.125 0.1357
23.375 71.375 0.13791
23.375 71.625 0.13777
23.375 71.875 0.13307
23.375 72.125 0.13173
23.375 72.375 0.13587
23.375 72.625 0.13361
23.375 72.875 0.13588
23.375 73.125 0.15347
23.375 73.375 0.19158
23.375 73.625 0.19051
23.375 73.875 0.18747
23.375 74.125 0.1938
23.375 74.375 0.20346
23.375 74.625 0.23158
23.375 74.875 0.23043
23.375 75.125 0.22687
23.375 75.375 0.23129
23.375 75.625 0.22815
23.375 75.875 0.22713
23.375 76.125 0.23732
23.375 76.375 0.23287
23.375 76.625 0.22902
23.375 76.875 0.22679
23.375 77.125 0.22651
23.375 77.375 0.23129
23.375 77.625 0.23175
23.375 77.875 0.23101
23.375 78.125 0.237
23.375 78.375 0.2361
23.375 78.625 0.23667
23.375 78.875 0.2295
23.375 79.125 0.2354
23.375 79.375 0.25019
23.375 79.625 0.23728
23.375 79.875 0.25763
23.375 80.125 0.23499
23.375 80.375 0.13848
23.375 80.625 0.1401
23.375 80.875 0.23786
23.375 81.125 0.16503
23.375 81.375 0.089666
23.375 81.625 0.098702
23.375 81.875 0.11484
23.375 82.125 0.091303
23.375 82.375 0.12749
23.375 82.625 0.1137
23.375 82.875 0.09026
23.375 83.125 0.090931
23.375 83.375 0.1132
23.375 83.625 0.1466
23.375 83.875 0.14764
23.375 84.125 0.12176
23.375 84.375 0.13181
23.375 84.625 0.17914
23.375 84.875 0.2431
23.375 85.125 0.22816
23.375 85.375 0.2579
23.375 85.625 0.16499
23.375 85.875 0.14523
23.375 86.125 0.1253
23.375 86.375 0.14227
23.375 86.625 0.13675
23.375 86.875 0.13496
23.375 87.125 0.12667
23.375 87.375 0.17342
23.375 87.625 0.19879
23.375 87.875 0.19194
23.375 88.125 0.20574
23.375 88.375 0.20777
23.375 88.625 0.23475
23.375 91.375 0.26428
23.375 91.625 0.28006
23.375 92.625 0.30416
23.375 92.875 0.32528
23.375 93.125 0.25103
23.625 68.625 0.13914
23.625 68.875 0.13011
23.625 69.125 0.1355
23.625 69.375 0.13681
23.625 69.625 0.13688
23.625 69.875 0.13751
23.625 70.125 0.16796
23.625 70.375 0.18268
23.625 70.625 0.13807
23.625 70.875 0.15228
23.625 71.125 0.14566
23.625 71.375 0.14505
23.625 71.625 0.13372
23.625 71.875 0.13637
23.625 72.125 0.13193
23.625 72.375 0.13338
23.625 72.625 0.13448
23.625 72.875 0.1356
23.625 73.125 0.10559
23.625 73.375 0.080446
23.625 73.625 0.080581
23.625 73.875 0.085288
23.625 74.125 0.20266
23.625 74.375 0.19963
23.625 74.625 0.23219
23.625 74.875 0.23071
23.625 75.125 0.22846
23.625 75.375 0.22901
23.625 75.625 0.22855
23.625 75.875 0.2358
23.625 76.125 0.23644
23.625 76.375 0.23559
23.625 76.625 0.23625
23.625 76.875 0.22962
23.625 77.125 0.22892
23.625 77.375 0.22666
23.625 77.625 0.22609
23.625 77.875 0.23246
23.625 78.125 0.22903
23.625 78.375 0.24112
23.625 78.625 0.23333
23.625 78.875 0.23458
23.625 79.125 0.23798
23.625 79.375 0.23869
23.625 79.625 0.24191
23.625 79.875 0.25704
23.625 80.125 0.24563
23.625 80.375 0.23582
23.625 80.625 0.24023
23.625 80.875 0.2373
23.625 81.125 0.2363
23.625 81.375 0.2499
23.625 81.625 0.13866
23.625 81.875 0.12633
23.625 82.125 0.12495
23.625 82.375 0.12324
23.625 82.625 0.12483
23.625 82.875 0.12905
23.625 83.125 0.13165
23.625 83.375 0.093916
23.625 83.625 0.097596
23.625 83.875 0.10373
23.625 84.125 0.11723
23.625 84.375 0.096584
23.625 84.625 0.1488
23.625 84.875 0.15277
23.625 85.125 0.20395
23.625 85.375 0.21699
23.625 85.625 0.20087
23.625 85.875 0.12304
23.625 86.125 0.12773
23.625 86.375 0.12614
23.625 86.625 0.14007
23.625 86.875 0.13476
23.625 87.125 0.19753
23.625 87.375 0.21167
23.625 87.625 0.18716
23.625 87.875 0.20093
23.625 88.125 0.22444
23.625 88.375 0.22423
23.625 91.375 0.19546
23.625 91.625 0.30127
NaN NaN NaN
23.625 92.375 0.27703
23.625 92.625 0.31054
23.625 92.875 0.35198
23.625 93.125 0.23968
23.875 68.875 0.13778
23.875 69.125 0.13905
23.875 69.375 0.14829
23.875 69.625 0.14583
23.875 69.875 0.12895
23.875 70.125 0.14021
23.875 70.375 0.1382
23.875 70.625 0.14544
23.875 70.875 0.15409
23.875 71.125 0.13983
23.875 71.375 0.14535
23.875 71.625 0.13841
23.875 71.875 0.1335
23.875 72.125 0.13275
23.875 72.375 0.13251
23.875 72.625 0.13347
23.875 72.875 0.078948
23.875 73.125 0.081752
23.875 73.375 0.07851
23.875 73.625 0.079229
23.875 73.875 0.082938
23.875 74.125 0.19689
23.875 74.375 0.23244
23.875 74.625 0.23287
23.875 74.875 0.22957
23.875 75.125 0.22901
23.875 75.375 0.2336
23.875 75.625 0.23142
23.875 75.875 0.23879
23.875 76.125 0.23562
23.875 76.375 0.23938
23.875 76.625 0.23739
23.875 76.875 0.23497
23.875 77.125 0.12821
23.875 77.375 0.12996
23.875 77.625 0.22957
23.875 77.875 0.22851
23.875 78.125 0.22802
23.875 78.375 0.24009
23.875 78.625 0.25647
23.875 78.875 0.23373
23.875 79.125 0.237
23.875 79.375 0.23735
23.875 79.625 0.23633
23.875 79.875 0.23746
23.875 80.125 0.23981
23.875 80.375 0.237
23.875 80.625 0.23705
23.875 80.875 0.25004
23.875 81.125 0.23511
23.875 81.375 0.2465
23.875 81.625 0.23267
23.875 81.875 0.16051
23.875 82.125 0.082295
23.875 82.375 0.12361
23.875 82.625 0.10047
23.875 82.875 0.086391
23.875 83.125 0.08427
23.875 83.375 0.091475
23.875 83.625 0.1098
23.875 83.875 0.13567
23.875 84.125 0.13689
23.875 84.375 0.11911
23.875 84.625 0.085945
23.875 84.875 0.10114
23.875 85.125 0.10398
23.875 85.375 0.1615
23.875 85.625 0.18802
23.875 85.875 0.2066
23.875 86.125 0.16824
23.875 86.375 0.16509
23.875 86.625 0.13684
23.875 86.875 0.14083
23.875 87.125 0.12746
23.875 87.375 0.19348
23.875 87.625 0.18485
23.875 87.875 0.23697
23.875 88.125 0.23181
23.875 88.375 0.2115
23.875 91.375 0.27991
23.875 91.625 0.30855
23.875 91.875 0.3081
23.875 92.125 0.35732
23.875 92.375 0.3538
23.875 92.625 0.33143
23.875 92.875 0.27644
23.875 93.125 0.26909
23.875 93.375 0.27331
24.125 68.875 0.1366
24.125 69.125 0.14338
24.125 69.375 0.14636
24.125 69.625 0.13737
24.125 69.875 0.13964
24.125 70.125 0.14243
24.125 70.375 0.16544
24.125 70.625 0.16966
24.125 70.875 0.16237
24.125 71.125 0.15667
24.125 71.375 0.1393
24.125 71.625 0.1358
24.125 71.875 0.13665
24.125 72.125 0.13435
24.125 72.375 0.13422
24.125 72.625 0.13342
24.125 72.875 0.11815
24.125 73.125 0.098578
24.125 73.375 0.12347
24.125 73.625 0.10071
24.125 73.875 0.087875
24.125 74.125 0.081067
24.125 74.375 0.10311
24.125 74.625 0.23839
24.125 74.875 0.23769
24.125 75.125 0.23639
24.125 75.375 0.23528
24.125 75.625 0.24006
24.125 75.875 0.23869
24.125 76.125 0.23613
24.125 76.375 0.24145
24.125 76.625 0.24073
24.125 76.875 0.23746
24.125 77.125 0.16954
24.125 77.375 0.15917
24.125 77.625 0.24687
24.125 77.875 0.23889
24.125 78.125 0.24137
24.125 78.375 0.24387
24.125 78.625 0.24778
24.125 78.875 0.17962
24.125 79.125 0.15006
24.125 79.375 0.18301
24.125 79.625 0.18188
24.125 79.875 0.090646
24.125 80.125 0.20141
24.125 80.375 0.10097
24.125 80.625 0.1107
24.125 80.875 0.21291
24.125 81.125 0.2523
24.125 81.375 0.23565
24.125 81.625 0.23497
24.125 81.875 0.24342
24.125 82.125 0.10431
24.125 82.375 0.10688
24.125 82.625 0.10054
24.125 82.875 0.09927
24.125 83.125 0.092244
24.125 83.375 0.095264
24.125 83.625 0.12907
24.125 83.875 0.14921
24.125 84.125 0.14596
24.125 84.375 0.15075
24.125 84.625 0.090403
24.125 84.875 0.090252
24.125 85.125 0.10522
24.125 85.375 0.12324
24.125 85.625 0.1245
24.125 85.875 0.21312
24.125 86.125 0.1673
24.125 86.375 0.17025
24.125 86.625 0.19063
24.125 86.875 0.21025
24.125 87.125 0.20854
24.125 87.375 0.23266
24.125 87.625 0.14823
24.125 87.875 0.21889
24.125 88.125 0.22332
24.125 88.375 0.23862
24.125 91.875 0.34306
24.125 92.125 0.28593
24.125 92.375 0.31393
24.125 92.625 0.33613
24.125 92.875 0.22441
24.125 93.125 0.28067
24.125 93.375 0.30188
24.125 93.625 0.30287
24.125 93.875 0.29808
NaN NaN NaN
24.375 71.375 0.14239
24.375 71.625 0.13745
24.375 71.875 0.14073
24.375 72.125 0.13456
24.375 72.375 0.13677
24.375 72.625 0.13167
24.375 72.875 0.1245
24.375 73.125 0.12919
24.375 73.375 0.12755
24.375 73.625 0.12763
24.375 73.875 0.12561
24.375 74.125 0.14662
24.375 74.375 0.14215
24.375 74.625 0.14285
24.375 74.875 0.18706
24.375 75.125 0.23642
24.375 75.375 0.24193
24.375 75.625 0.24905
24.375 75.875 0.23386
24.375 76.125 0.23088
24.375 76.375 0.2456
24.375 76.625 0.24399
24.375 76.875 0.23392
24.375 77.125 0.22868
24.375 77.375 0.15954
24.375 77.625 0.23318
24.375 77.875 0.2465
24.375 78.125 0.24646
24.375 78.375 0.23959
24.375 78.625 0.10627
24.375 78.875 0.095716
24.375 79.125 0.098878
24.375 79.375 0.090784
24.375 79.625 0.093538
24.375 79.875 0.092851
24.375 80.125 0.087587
24.375 80.375 0.099506
24.375 80.625 0.10179
24.375 80.875 0.10081
24.375 81.125 0.093486
24.375 81.375 0.14116
24.375 81.625 0.18687
24.375 81.875 0.20172
24.375 82.125 0.10713
24.375 82.375 0.10515
24.375 82.625 0.10665
24.375 82.875 0.099693
24.375 83.125 0.14184
24.375 83.375 0.16241
24.375 83.625 0.14785
24.375 83.875 0.17582
24.375 84.125 0.13916
24.375 84.375 0.11764
24.375 84.625 0.11521
24.375 84.875 0.098682
24.375 85.125 0.13981
24.375 85.375 0.15527
24.375 85.625 0.19504
24.375 85.875 0.25702
24.375 86.125 0.21534
24.375 86.375 0.20013
24.375 86.625 0.19952
24.375 86.875 0.20789
24.375 87.125 0.21801
24.375 87.375 0.20799
24.375 87.625 0.13493
24.375 87.875 0.21379
24.375 88.125 0.22894
24.375 92.375 0.33616
24.375 92.625 0.36554
24.375 92.875 0.26585
24.375 93.125 0.2909
24.375 93.375 0.23828
24.375 93.625 0.30955
24.375 93.875 0.29583
24.375 94.125 0.27548
24.625 71.125 0.13806
24.625 71.375 0.137
24.625 71.625 0.13816
24.625 71.875 0.13962
24.625 72.125 0.13355
24.625 72.375 0.13465
24.625 72.625 0.13376
24.625 72.875 0.13649
24.625 73.125 0.12888
24.625 73.375 0.13451
24.625 73.625 0.14726
24.625 73.875 0.14334
24.625 74.125 0.14002
24.625 74.375 0.1425
24.625 74.625 0.14171
24.625 74.875 0.15798
24.625 75.125 0.18052
24.625 75.375 0.17953
24.625 75.625 0.18977
24.625 75.875 0.19059
24.625 76.125 0.23879
24.625 76.375 0.24354
24.625 76.625 0.24466
24.625 76.875 0.23765
24.625 77.125 0.2339
24.625 77.375 0.16124
24.625 77.625 0.23167
24.625 77.875 0.23297
24.625 78.125 0.21665
24.625 78.375 0.098663
24.625 78.625 0.10138
24.625 78.875 0.099561
24.625 79.125 0.093437
24.625 79.375 0.18038
24.625 79.625 0.18849
24.625 79.875 0.089087
24.625 80.125 0.087899
24.625 80.375 0.099229
24.625 80.625 0.1004
24.625 80.875 0.089285
24.625 81.125 0.088529
24.625 81.375 0.092047
24.625 81.625 0.098865
24.625 81.875 0.12983
24.625 82.125 0.13027
24.625 82.375 0.12055
24.625 82.625 0.12851
24.625 82.875 0.12591
24.625 83.125 0.20226
24.625 83.375 0.12207
24.625 83.625 0.11865
24.625 83.875 0.12741
24.625 84.125 0.16828
24.625 84.375 0.17389
24.625 84.625 0.10951
24.625 84.875 0.16475
24.625 85.125 0.21306
24.625 85.375 0.17542
24.625 85.625 0.15326
24.625 85.875 0.17578
24.625 86.125 0.16697
24.625 86.375 0.18523
24.625 86.625 0.23479
24.625 86.875 0.21411
24.625 87.125 0.14375
24.625 87.375 0.1918
24.625 87.625 0.17983
24.625 87.875 0.21925
24.625 92.375 0.48987
24.625 92.625 0.41366
24.625 92.875 0.28812
24.625 93.125 0.30565
24.625 93.375 0.31011
24.625 93.625 0.3103
24.625 93.875 0.23006
24.625 94.125 0.25614
NaN NaN NaN
24.875 71.125 0.14254
24.875 71.375 0.14288
24.875 71.625 0.14184
24.875 71.875 0.14113
24.875 72.125 0.13271
24.875 72.375 0.13343
24.875 72.625 0.13417
24.875 72.875 0.13574
24.875 73.125 0.13665
24.875 73.375 0.13154
24.875 73.625 0.14687
24.875 73.875 0.15223
24.875 74.125 0.141
24.875 74.375 0.14983
24.875 74.625 0.14859
24.875 74.875 0.17631
24.875 75.125 0.17673
24.875 75.375 0.17978
24.875 75.625 0.17331
24.875 75.875 0.24036
24.875 76.125 0.24414
24.875 76.375 0.24061
24.875 76.625 0.24051
24.875 76.875 0.25233
24.875 77.125 0.15798
24.875 77.375 0.17369
24.875 77.625 0.24321
24.875 77.875 0.24486
24.875 78.125 0.10392
24.875 78.375 0.10492
24.875 78.625 0.099494
24.875 78.875 0.098377
24.875 79.125 0.10448
24.875 79.375 0.24303
24.875 79.625 0.24088
24.875 79.875 0.23144
24.875 80.125 0.1019
24.875 80.375 0.10169
24.875 80.625 0.094465
24.875 80.875 0.089627
24.875 81.125 0.083626
24.875 81.375 0.093327
24.875 81.625 0.11779
24.875 81.875 0.10221
24.875 82.125 0.11294
24.875 82.375 0.17445
24.875 82.625 0.18246
24.875 82.875 0.17759
24.875 83.125 0.1743
24.875 83.375 0.11029
24.875 83.625 0.096704
24.875 83.875 0.090173
24.875 84.125 0.15927
24.875 84.375 0.16967
24.875 84.625 0.18823
24.875 84.875 0.16337
24.875 85.125 0.17957
24.875 85.375 0.19913
24.875 85.625 0.20758
24.875 85.875 0.12212
24.875 86.125 0.11212
24.875 86.375 0.18073
24.875 86.625 0.19399
24.875 86.875 0.16878
24.875 87.125 0.10926
24.875 87.375 0.10199
24.875 87.625 0.24442
24.875 87.875 0.21367
24.875 88.125 0.31177
24.875 92.625 0.47105
24.875 92.875 0.43316
24.875 93.125 0.31143
24.875 93.375 0.25002
24.875 93.625 0.28527
24.875 93.875 0.27538
24.875 94.125 0.30282
24.875 94.375 0.23249
25.125 71.125 0.14159
25.125 71.375 0.14468
25.125 71.625 0.14206
25.125 71.875 0.14041
25.125 72.125 0.13445
25.125 72.375 0.13408
25.125 72.625 0.13323
25.125 72.875 0.1337
25.125 73.125 0.13739
25.125 73.375 0.13064
25.125 73.625 0.1325
25.125 73.875 0.14429
25.125 74.125 0.13946
25.125 74.375 0.14602
25.125 74.625 0.14631
25.125 74.875 0.16197
25.125 75.125 0.1783
25.125 75.375 0.1772
25.125 75.625 0.17184
25.125 75.875 0.23468
25.125 76.125 0.2322
25.125 76.375 0.23737
25.125 76.625 0.24048
25.125 76.875 0.247
25.125 77.125 0.15161
25.125 77.375 0.23731
25.125 77.625 0.23931
25.125 77.875 0.25326
25.125 78.125 0.10445
25.125 78.375 0.10541
25.125 78.625 0.10182
25.125 78.875 0.10406
25.125 79.125 0.091294
25.125 79.375 0.092039
25.125 79.625 0.19439
25.125 79.875 0.105
25.125 80.125 0.096699
25.125 80.375 0.10484
25.125 80.625 0.093728
25.125 80.875 0.08429
25.125 81.125 0.13345
25.125 81.375 0.16086
25.125 81.625 0.16899
25.125 81.875 0.18137
25.125 82.125 0.15884
25.125 82.375 0.11311
25.125 82.625 0.11593
25.125 82.875 0.1744
25.125 83.125 0.18042
25.125 83.375 0.1885
25.125 83.625 0.19767
25.125 83.875 0.18307
25.125 84.125 0.16217
25.125 84.375 0.14236
25.125 84.625 0.17243
25.125 84.875 0.1576
25.125 85.125 0.14945
25.125 85.375 0.18442
25.125 85.625 0.19207
25.125 85.875 0.20622
25.125 86.125 0.21735
25.125 86.375 0.18037
25.125 86.625 0.25455
25.125 86.875 0.20946
25.125 87.125 0.24564
25.125 87.375 0.23298
25.125 87.625 0.24213
25.125 87.875 0.23081
25.125 88.125 0.25779
25.125 88.375 0.35176
25.125 92.375 0.47409
25.125 92.625 0.35192
25.125 92.875 0.35878
25.125 93.125 0.32671
25.125 93.375 0.36493
25.125 93.625 0.26469
25.125 93.875 0.31635
25.125 94.125 0.35517
25.125 94.375 0.31154
25.375 70.875 0.1457
25.375 71.125 0.14282
25.375 71.375 0.14175
25.375 71.625 0.14213
25.375 71.875 0.14192
25.375 72.125 0.13433
25.375 72.375 0.1332
25.375 72.625 0.13332
25.375 72.875 0.13898
25.375 73.125 0.13807
25.375 73.375 0.1388
25.375 73.625 0.14264
25.375 73.875 0.14351
25.375 74.125 0.1493
25.375 74.375 0.14933
25.375 74.625 0.15448
25.375 74.875 0.15562
25.375 75.125 0.14347
25.375 75.375 0.13935
25.375 75.625 0.18313
25.375 75.875 0.23546
25.375 76.125 0.23593
25.375 76.375 0.23551
25.375 76.625 0.23755
25.375 76.875 0.2423
25.375 77.125 0.15098
25.375 77.375 0.20918
25.375 77.625 0.21044
25.375 77.875 0.25056
25.375 78.125 0.10188
25.375 78.375 0.098782
25.375 78.625 0.09099
25.375 78.875 0.092082
25.375 79.125 0.094951
25.375 79.375 0.09451
25.375 79.625 0.10355
25.375 79.875 0.10456
25.375 80.125 0.10123
25.375 80.375 0.094626
25.375 80.625 0.09434
25.375 80.875 0.094141
25.375 81.125 0.096725
25.375 81.375 0.1254
25.375 81.625 0.11476
25.375 81.875 0.15863
25.375 82.125 0.17242
25.375 82.375 0.17333
25.375 82.625 0.18701
25.375 82.875 0.17087
25.375 83.125 0.19071
25.375 83.375 0.18113
25.375 83.625 0.19315
25.375 83.875 0.196
25.375 84.125 0.18141
25.375 84.375 0.15818
25.375 84.625 0.1818
25.375 84.875 0.18835
25.375 85.125 0.14939
25.375 85.375 0.17426
25.375 85.625 0.21151
25.375 85.875 0.19101
25.375 86.125 0.21523
25.375 86.375 0.16608
25.375 86.625 0.1885
25.375 86.875 0.20669
25.375 87.125 0.2137
25.375 87.375 0.19712
25.375 87.625 0.26585
25.375 87.875 0.29678
25.375 88.125 0.22105
25.375 88.375 0.22158
25.375 88.625 0.34467
25.375 90.125 0.34284
25.375 90.375 0.38566
25.375 90.625 0.38192
25.375 90.875 0.35896
25.375 91.125 0.36811
25.375 91.375 0.42811
25.375 91.625 0.40359
25.375 91.875 0.46292
25.375 92.125 0.44728
25.375 92.375 0.40167
25.375 92.625 0.39229
25.375 92.875 0.33644
25.375 93.125 0.34737
25.375 93.375 0.3119
25.375 93.625 0.30297
25.375 93.875 0.25238
25.375 94.125 0.35241
25.375 94.375 0.34151
25.625 70.875 0.14277
25.625 71.125 0.14182
25.625 71.375 0.14059
25.625 71.625 0.1405
25.625 71.875 0.14019
25.625 72.125 0.13342
25.625 72.375 0.12754
25.625 72.625 0.13818
25.625 72.875 0.14103
25.625 73.125 0.13729
25.625 73.375 0.14417
25.625 73.625 0.14112
25.625 73.875 0.13551
25.625 74.125 0.14949
25.625 74.375 0.14633
25.625 74.625 0.14736
25.625 74.875 0.15333
25.625 75.125 0.15011
25.625 75.375 0.14531
25.625 75.625 0.14991
25.625 75.875 0.14334
25.625 76.125 0.16297
25.625 76.375 0.23316
25.625 76.625 0.23294
25.625 76.875 0.1498
25.625 77.125 0.14685
25.625 77.375 0.18701
25.625 77.625 0.17736
25.625 77.875 0.17756
25.625 78.125 0.090997
25.625 78.375 0.086739
25.625 78.625 0.097169
25.625 78.875 0.1006
25.625 79.125 0.11985
25.625 79.375 0.10311
25.625 79.625 0.099413
25.625 79.875 0.10418
25.625 80.125 0.099791
25.625 80.375 0.089884
25.625 80.625 0.090235
25.625 80.875 0.10955
25.625 81.125 0.14404
25.625 81.375 0.14078
25.625 81.625 0.14089
25.625 81.875 0.15536
25.625 82.125 0.16935
25.625 82.375 0.19886
25.625 82.625 0.17994
25.625 82.875 0.15473
25.625 83.125 0.15358
25.625 83.375 0.1572
25.625 83.625 0.18406
25.625 83.875 0.12298
25.625 84.125 0.13381
25.625 84.375 0.16514
25.625 84.625 0.22473
25.625 84.875 0.17069
25.625 85.125 0.13068
25.625 85.375 0.20438
25.625 85.625 0.17764
25.625 85.875 0.20164
25.625 86.125 0.17547
25.625 86.375 0.1948
25.625 86.625 0.20164
25.625 86.875 0.20937
25.625 87.125 0.24021
25.625 87.375 0.18388
25.625 87.625 0.23036
25.625 87.875 0.22569
25.625 88.125 0.38251
25.625 90.125 0.32252
25.625 90.375 0.36268
25.625 90.625 0.36881
25.625 90.875 0.364
25.625 91.125 0.39009
25.625 91.375 0.40355
25.625 91.625 0.37605
25.625 91.875 0.36749
25.625 92.125 0.35741
25.625 92.375 0.38358
25.625 92.625 0.39474
25.625 92.875 0.31657
25.625 93.125 0.30171
25.625 93.375 0.29352
25.625 93.625 0.35146
25.625 93.875 0.31994
25.625 94.125 0.33007
25.625 94.375 0.29775
NaN NaN NaN
NaN NaN NaN
25.875 70.375 0.14607
25.875 70.625 0.14312
25.875 70.875 0.14299
25.875 71.125 0.14405
25.875 71.375 0.14232
25.875 71.625 0.14604
25.875 71.875 0.14243
25.875 72.125 0.14066
25.875 72.375 0.13472
25.875 72.625 0.13679
25.875 72.875 0.13873
25.875 73.125 0.13804
25.875 73.375 0.14541
25.875 73.625 0.13928
25.875 73.875 0.13636
25.875 74.125 0.13586
25.875 74.375 0.13874
25.875 74.625 0.15306
25.875 74.875 0.15581
25.875 75.125 0.14936
25.875 75.375 0.14365
25.875 75.625 0.14029
25.875 75.875 0.15449
25.875 76.125 0.15307
25.875 76.375 0.14573
25.875 76.625 0.22008
25.875 76.875 0.1513
25.875 77.125 0.14307
25.875 77.375 0.18025
25.875 77.625 0.18509
25.875 77.875 0.1807
25.875 78.125 0.14735
25.875 78.375 0.14824
25.875 78.625 0.095296
25.875 78.875 0.093143
25.875 79.125 0.1095
25.875 79.375 0.09206
25.875 79.625 0.093316
25.875 79.875 0.097828
25.875 80.125 0.093343
25.875 80.375 0.087331
25.875 80.625 0.14399
25.875 80.875 0.14254
25.875 81.125 0.14854
25.875 81.375 0.1416
25.875 81.625 0.13692
25.875 81.875 0.17307
25.875 82.125 0.15947
25.875 82.375 0.16102
25.875 82.625 0.14321
25.875 82.875 0.15123
25.875 83.125 0.14507
25.875 83.375 0.15253
25.875 83.625 0.17176
25.875 83.875 0.15227
25.875 84.125 0.21564
25.875 84.375 0.14601
25.875 84.625 0.15666
25.875 84.875 0.19419
25.875 85.125 0.14432
25.875 85.375 0.17983
25.875 85.625 0.19484
25.875 85.875 0.16825
25.875 86.125 0.16784
25.875 86.375 0.20858
25.875 86.625 0.21864
25.875 86.875 0.19
25.875 87.125 0.18795
25.875 87.375 0.21001
25.875 87.625 0.21923
25.875 87.875 0.20773
25.875 90.125 0.26558
25.875 90.375 0.3325
25.875 90.625 0.34191
25.875 90.875 0.37111
25.875 91.125 0.39063
25.875 91.375 0.3844
25.875 91.625 0.32307
25.875 91.875 0.34496
25.875 92.125 0.38073
25.875 92.375 0.38787
25.875 92.625 0.28398
25.875 92.875 0.25804
25.875 93.125 0.20135
25.875 93.375 0.2459
25.875 93.625 0.2873
25.875 93.875 0.26141
25.875 94.125 0.27852
25.875 94.375 0.35148
25.875 94.625 0.33051
25.875 94.875 0.34742
26.125 70.375 0.14431
26.125 70.625 0.14026
26.125 70.875 0.14211
26.125 71.125 0.13046
26.125 71.375 0.14297
26.125 71.625 0.14323
26.125 71.875 0.14587
26.125 72.125 0.14818
26.125 72.375 0.14612
26.125 72.625 0.13755
26.125 72.875 0.1391
26.125 73.125 0.13798
26.125 73.375 0.14413
26.125 73.625 0.13658
26.125 73.875 0.13357
26.125 74.125 0.13775
26.125 74.375 0.13459
26.125 74.625 0.15432
26.125 74.875 0.15217
26.125 75.125 0.1575
26.125 75.375 0.14346
26.125 75.625 0.14313
26.125 75.875 0.14826
26.125 76.125 0.13951
26.125 76.375 0.14106
26.125 76.625 0.14346
26.125 76.875 0.14738
26.125 77.125 0.14374
26.125 77.375 0.14235
26.125 77.625 0.18179
26.125 77.875 0.18216
26.125 78.125 0.17957
26.125 78.375 0.17373
26.125 78.625 0.1706
26.125 78.875 0.14577
26.125 79.125 0.10869
26.125 79.375 0.087935
26.125 79.625 0.088912
26.125 79.875 0.10243
26.125 80.125 0.14821
26.125 80.375 0.14731
26.125 80.625 0.14859
26.125 80.875 0.1479
26.125 81.125 0.14818
26.125 81.375 0.14373
26.125 81.625 0.16333
26.125 81.875 0.14077
26.125 82.125 0.1548
26.125 82.375 0.13825
26.125 82.625 0.15496
26.125 82.875 0.15655
26.125 83.125 0.14855
26.125 83.375 0.15955
26.125 83.625 0.1725
26.125 83.875 0.23887
26.125 84.125 0.237
26.125 84.375 0.16729
26.125 84.625 0.16359
26.125 84.875 0.1615
26.125 85.125 0.17069
26.125 85.375 0.14619
26.125 85.625 0.2004
26.125 85.875 0.25949
26.125 86.125 0.19607
26.125 86.375 0.18742
26.125 86.625 0.17685
26.125 86.875 0.17973
26.125 87.125 0.18367
26.125 87.375 0.19265
26.125 87.625 0.20859
26.125 87.875 0.21969
26.125 88.125 0.2256
26.125 89.375 0.21696
26.125 89.875 0.32375
26.125 90.125 0.32404
26.125 90.375 0.31512
26.125 90.625 0.35827
26.125 90.875 0.36233
26.125 91.125 0.34504
26.125 91.375 0.35824
26.125 91.625 0.3104
26.125 91.875 0.31454
26.125 92.125 0.29054
26.125 92.375 0.27975
26.125 92.625 0.2379
26.125 92.875 0.23337
26.125 93.125 0.26062
26.125 93.375 0.35585
26.125 93.625 0.34093
26.125 93.875 0.26549
26.125 94.125 0.34988
26.125 94.375 0.36227
26.125 94.625 0.36455
26.125 94.875 0.36731
26.375 70.375 0.13824
26.375 70.625 0.13939
26.375 70.875 0.14143
26.375 71.125 0.12191
26.375 71.375 0.13932
26.375 71.625 0.14387
26.375 71.875 0.14523
26.375 72.125 0.14624
26.375 72.375 0.15275
26.375 72.625 0.14101
26.375 72.875 0.13941
26.375 73.125 0.13799
26.375 73.375 0.14306
26.375 73.625 0.14038
26.375 73.875 0.14053
26.375 74.125 0.13973
26.375 74.375 0.14172
26.375 74.625 0.12906
26.375 74.875 0.15375
26.375 75.125 0.15052
26.375 75.375 0.13731
26.375 75.625 0.1429
26.375 75.875 0.1506
26.375 76.125 0.15211
26.375 76.375 0.15164
26.375 76.625 0.13895
26.375 76.875 0.13228
26.375 77.125 0.13295
26.375 77.375 0.16774
26.375 77.625 0.14942
26.375 77.875 0.17178
26.375 78.125 0.16429
26.375 78.375 0.15322
26.375 78.625 0.14928
26.375 78.875 0.14945
26.375 79.125 0.15395
26.375 79.375 0.15764
26.375 79.625 0.15474
26.375 79.875 0.14499
26.375 80.125 0.1422
26.375 80.375 0.15779
26.375 80.625 0.16111
26.375 80.875 0.16576
26.375 81.125 0.16255
26.375 81.375 0.14299
26.375 81.625 0.1573
26.375 81.875 0.16125
26.375 82.125 0.15175
26.375 82.375 0.1645
26.375 82.625 0.15274
26.375 82.875 0.15688
26.375 83.125 0.14329
26.375 83.375 0.1757
26.375 83.625 0.21252
26.375 83.875 0.2123
26.375 84.125 0.15997
26.375 84.375 0.20072
26.375 84.625 0.16055
26.375 84.875 0.18501
26.375 85.125 0.16786
26.375 85.375 0.18316
26.375 85.625 0.19675
26.375 85.875 0.209
26.375 86.125 0.19471
26.375 86.375 0.16264
26.375 86.625 0.18832
26.375 86.875 0.2008
26.375 87.125 0.19555
26.375 87.625 0.23048
26.375 87.875 0.22183
26.375 88.125 0.29948
26.375 88.375 0.29429
26.375 88.875 0.30034
26.375 89.375 0.75052
26.375 89.625 0.23638
26.375 89.875 0.31875
26.375 90.125 0.30994
26.375 90.375 0.30626
26.375 90.625 0.31089
26.375 90.875 0.31416
26.375 91.125 0.29858
26.375 91.375 0.31752
26.375 91.625 0.28012
26.375 91.875 0.26887
26.375 92.125 0.29299
26.375 92.375 0.25585
26.375 92.625 0.23366
26.375 92.875 0.31591
26.375 93.125 0.40621
26.375 93.375 0.39806
26.375 93.625 0.35531
26.375 93.875 0.27932
26.375 94.125 0.32044
26.375 94.375 0.34433
26.375 94.625 0.3106
26.375 94.875 0.36646
26.625 69.875 0.14038
26.625 70.125 0.13945
26.625 70.375 0.13982
26.625 70.625 0.14536
26.625 70.875 0.12184
26.625 71.125 0.12391
26.625 71.375 0.13522
26.625 71.625 0.13897
26.625 71.875 0.14493
26.625 72.125 0.14475
26.625 72.375 0.14363
26.625 72.625 0.14075
26.625 72.875 0.1423
26.625 73.125 0.13895
26.625 73.375 0.13734
26.625 73.625 0.13962
26.625 73.875 0.1428
26.625 74.125 0.14371
26.625 74.375 0.13819
26.625 74.625 0.12946
26.625 74.875 0.029876
26.625 75.125 0.14823
26.625 75.375 0.15711
26.625 75.625 0.15058
26.625 75.875 0.14755
26.625 76.125 0.14858
26.625 76.375 0.14054
26.625 76.625 0.13325
26.625 76.875 0.14025
26.625 77.125 0.14577
26.625 77.375 0.15651
26.625 77.625 0.15873
26.625 77.875 0.1512
26.625 78.125 0.16775
26.625 78.375 0.14146
26.625 78.625 0.17708
26.625 78.875 0.15965
26.625 79.125 0.15827
26.625 79.375 0.1817
26.625 79.625 0.16432
26.625 79.875 0.1477
26.625 80.125 0.14751
26.625 80.375 0.17621
26.625 80.625 0.15416
26.625 80.875 0.16544
26.625 81.125 0.17896
26.625 81.375 0.17486
26.625 81.625 0.1527
26.625 81.875 0.15686
26.625 82.125 0.15878
26.625 82.375 0.16023
26.625 82.625 0.15307
26.625 82.875 0.17275
26.625 83.125 0.16592
26.625 83.375 0.15377
26.625 83.625 0.20554
26.625 83.875 0.2012
26.625 84.125 0.16138
26.625 84.375 0.16132
26.625 84.625 0.16376
26.625 84.875 0.16871
26.625 85.125 0.19468
26.625 85.375 0.20436
26.625 85.625 0.20551
26.625 86.125 0.19005
26.625 88.375 0.34365
26.625 88.625 0.22577
26.625 88.875 0.40262
26.625 89.125 0.26349
26.625 89.375 0.25455
26.625 89.625 0.24031
26.625 89.875 0.25602
26.625 90.125 0.28956
26.625 90.375 0.28376
26.625 90.625 0.29771
26.625 90.875 0.23864
26.625 91.125 0.2259
26.625 91.375 0.27189
26.625 91.625 0.21351
26.625 91.875 0.25563
26.625 92.125 0.29043
26.625 92.375 0.2429
26.625 92.625 0.25489
26.625 92.875 0.27369
26.625 93.125 0.30202
26.625 93.375 0.3579
26.625 93.625 0.38329
26.625 93.875 0.30236
26.625 94.125 0.27917
26.625 94.375 0.29454
26.625 94.625 0.33225
26.625 94.875 0.34386
26.625 95.125 0.3511
26.875 69.625 0.14107
26.875 69.875 0.13952
26.875 70.125 0.1403
26.875 70.375 0.14113
26.875 70.625 0.14435
26.875 70.875 0.14518
26.875 71.125 0.14233
26.875 71.375 0.13906
26.875 71.625 0.13949
26.875 71.875 0.14248
26.875 72.125 0.14289
26.875 72.375 0.1424
26.875 72.625 0.14306
26.875 72.875 0.1442
26.875 73.125 0.14983
26.875 73.375 0.14958
26.875 73.625 0.15469
26.875 73.875 0.14233
26.875 74.125 0.14926
26.875 74.375 0.13986
26.875 74.625 0.12915
26.875 74.875 0.030387
26.875 75.125 0.037023
26.875 75.375 0.028613
26.875 75.625 0.074781
26.875 75.875 0.14858
26.875 76.125 0.15396
26.875 76.375 0.14339
26.875 76.625 0.13859
26.875 76.875 0.14838
26.875 77.125 0.14215
26.875 77.375 0.14989
26.875 77.625 0.14733
26.875 77.875 0.14747
26.875 78.125 0.14867
26.875 78.375 0.15326
26.875 78.625 0.14007
26.875 78.875 0.15733
26.875 79.125 0.17512
26.875 79.375 0.18829
26.875 79.625 0.16637
26.875 79.875 0.15546
26.875 80.125 0.15739
26.875 80.375 0.15594
26.875 80.625 0.15457
26.875 80.875 0.1615
26.875 81.125 0.16269
26.875 81.375 0.16031
26.875 81.625 0.1426
26.875 81.875 0.19471
26.875 82.125 0.15698
26.875 82.375 0.14572
26.875 82.625 0.14426
26.875 82.875 0.17263
26.875 83.125 0.16018
26.875 83.375 0.15823
26.875 83.625 0.17208
26.875 83.875 0.17706
26.875 84.125 0.14388
26.875 84.375 0.15307
26.875 84.625 0.15272
26.875 84.875 0.19763
26.875 88.375 0.364
26.875 88.625 0.12369
26.875 88.875 0.16038
26.875 92.375 0.20773
26.875 92.625 0.28156
26.875 92.875 0.25017
26.875 93.125 0.21969
26.875 93.375 0.28708
26.875 93.625 0.31642
26.875 93.875 0.34057
26.875 94.125 0.3234
26.875 94.375 0.29822
26.875 94.625 0.29663
26.875 94.875 0.30493
26.875 95.125 0.37385
26.875 95.375 0.30579
26.875 95.625 0.34388
27.125 69.875 0.14133
27.125 70.125 0.14491
27.125 70.375 0.14597
27.125 70.625 0.14718
27.125 70.875 0.13939
27.125 71.125 0.14154
27.125 71.375 0.14029
27.125 71.625 0.14216
27.125 71.875 0.14295
27.125 72.125 0.14284
27.125 72.375 0.14228
27.125 72.625 0.1466
27.125 72.875 0.14246
27.125 73.125 0.15069
27.125 73.375 0.15554
27.125 73.625 0.15573
27.125 73.875 0.14947
27.125 74.125 0.151
27.125 74.375 0.15213
27.125 74.625 0.15036
27.125 74.875 0.12836
27.125 75.125 0.11466
27.125 75.375 0.058132
27.125 75.625 0.044223
27.125 75.875 0.061954
27.125 76.125 0.13562
27.125 76.375 0.13217
27.125 76.625 0.12789
27.125 76.875 0.1329
27.125 77.125 0.15933
27.125 77.375 0.16192
27.125 77.625 0.16065
27.125 77.875 0.14115
27.125 78.125 0.14947
27.125 78.375 0.13735
27.125 78.625 0.15098
27.125 78.875 0.15427
27.125 79.125 0.15788
27.125 79.375 0.15327
27.125 79.625 0.14627
27.125 79.875 0.15602
27.125 80.125 0.15243
27.125 80.375 0.1449
27.125 80.625 0.15573
27.125 80.875 0.15648
27.125 81.125 0.14166
27.125 81.375 0.15485
27.125 81.625 0.1523
27.125 81.875 0.15417
27.125 82.125 0.15102
27.125 82.375 0.15526
27.125 82.625 0.16387
27.125 82.875 0.16598
27.125 83.125 0.16132
27.125 83.375 0.15088
27.125 83.625 0.18297
27.125 83.875 0.13696
27.125 84.125 0.17696
27.125 84.375 0.1484
27.125 84.625 0.16129
27.125 88.125 0.31094
27.125 88.375 0.15959
27.125 88.625 0.31861
27.125 92.125 0.29252
27.125 92.375 0.31276
27.125 92.625 0.35274
27.125 92.875 0.40055
27.125 93.125 0.39114
27.125 93.375 0.37431
27.125 93.625 0.37703
27.125 93.875 0.31265
27.125 94.125 0.31675
27.125 94.375 0.31944
27.125 94.625 0.31769
27.125 94.875 0.28982
27.125 95.125 0.27195
27.125 95.375 0.27509
27.125 95.625 0.33296
27.125 95.875 0.339
27.375 70.125 0.14404
27.375 70.375 0.14388
27.375 70.625 0.1444
27.375 70.875 0.14641
27.375 71.125 0.017995
27.375 71.375 0.14428
27.375 71.625 0.14496
27.375 71.875 0.14791
27.375 72.125 0.1467
27.375 72.375 0.14692
27.375 72.625 0.14596
27.375 72.875 0.14195
27.375 73.125 0.14199
27.375 73.375 0.14334
27.375 73.625 0.15066
27.375 73.875 0.1504
27.375 74.125 0.15149
27.375 74.375 0.15574
27.375 74.625 0.15985
27.375 74.875 0.15416
27.375 75.125 0.037187
27.375 75.375 0.055741
27.375 75.625 0.044601
27.375 75.875 0.060943
27.375 76.125 0.13352
27.375 76.375 0.13593
27.375 76.625 0.15609
27.375 76.875 0.19067
27.375 77.125 0.18582
27.375 77.375 0.15208
27.375 77.625 0.15493
27.375 77.875 0.18115
27.375 78.125 0.17487
27.375 78.375 0.18228
27.375 78.625 0.18188
27.375 78.875 0.17896
27.375 79.125 0.18406
27.375 79.375 0.17876
27.375 79.625 0.15731
27.375 79.875 0.159
27.375 80.125 0.14987
27.375 80.375 0.15729
27.375 80.625 0.14995
27.375 80.875 0.14931
27.375 81.125 0.14883
27.375 81.375 0.14889
27.375 81.625 0.15055
27.375 81.875 0.15365
27.375 82.125 0.16655
27.375 82.375 0.15408
27.375 82.625 0.164
27.375 82.875 0.16913
27.375 83.125 0.1547
27.375 83.625 0.15433
27.375 84.125 0.18099
27.375 84.375 0.17347
27.375 88.125 0.30018
27.375 88.375 0.33403
27.375 88.625 0.31147
27.375 92.125 0.32075
27.375 92.375 0.35624
27.375 92.625 0.36818
27.375 92.875 0.44484
27.375 93.125 0.37218
27.375 93.375 0.34265
27.375 93.625 0.37995
27.375 93.875 0.46109
27.375 94.125 0.29014
27.375 94.375 0.32581
27.375 94.625 0.32878
27.375 94.875 0.29549
27.375 95.125 0.28555
27.375 95.375 0.2716
27.375 95.625 0.27994
27.375 95.875 0.30061
27.375 96.125 0.31944
27.375 96.375 0.34154
NaN NaN NaN
27.375 96.875 0.37655
27.625 70.125 0.14487
27.625 70.375 0.14433
27.625 70.625 0.14401
27.625 70.875 0.14524
27.625 71.125 0.018573
27.625 71.375 0.020271
27.625 71.625 0.14649
27.625 71.875 0.14762
27.625 72.125 0.14156
27.625 72.375 0.14077
27.625 72.625 0.14102
27.625 72.875 0.1428
27.625 73.125 0.14073
27.625 73.375 0.14159
27.625 73.625 0.14171
27.625 73.875 0.14418
27.625 74.125 0.15273
27.625 74.375 0.14891
27.625 74.625 0.1483
27.625 74.875 0.14895
27.625 75.125 0.1576
27.625 75.375 0.13891
27.625 75.625 0.038886
27.625 75.875 0.13121
27.625 76.125 0.14163
27.625 76.375 0.13992
27.625 76.625 0.13765
27.625 76.875 0.1753
27.625 77.125 0.17766
27.625 77.375 0.14818
27.625 77.625 0.18265
27.625 77.875 0.17569
27.625 78.125 0.19491
27.625 78.375 0.19945
27.625 78.625 0.19116
27.625 78.875 0.14161
27.625 79.125 0.17564
27.625 79.375 0.17759
27.625 79.625 0.1487
27.625 79.875 0.15562
27.625 80.125 0.15782
27.625 80.375 0.15756
27.625 80.625 0.15515
27.625 80.875 0.15968
27.625 81.125 0.15728
27.625 81.375 0.15708
27.625 81.625 0.15609
27.625 81.875 0.15331
27.625 82.125 0.1558
27.625 82.375 0.15801
27.625 82.625 0.13776
27.625 88.375 0.32787
27.625 88.625 0.34128
27.625 91.625 0.31211
27.625 91.875 0.30417
27.625 92.125 0.31359
27.625 92.375 0.29331
27.625 92.625 0.32877
27.625 92.875 0.38363
27.625 93.125 0.35846
27.625 93.375 0.35377
27.625 93.625 0.36512
27.625 93.875 0.34844
27.625 94.125 0.38671
27.625 94.375 0.36671
27.625 94.625 0.30633
27.625 94.875 0.30699
27.625 95.125 0.58232
27.625 95.375 0.33394
27.625 95.625 0.2794
27.625 95.875 0.27239
27.625 96.125 0.30472
27.625 96.375 0.37547
27.625 96.625 0.40038
27.625 96.875 0.35998
27.875 70.375 0.14537
27.875 71.875 0.14316
27.875 72.125 0.1445
27.875 72.375 0.14321
27.875 72.625 0.1429
27.875 72.875 0.14523
27.875 73.125 0.1433
27.875 73.375 0.14139
27.875 73.625 0.14198
27.875 73.875 0.14473
27.875 74.125 0.14938
27.875 74.375 0.14736
27.875 74.625 0.15588
27.875 74.875 0.16789
27.875 75.125 0.15769
27.875 75.375 0.14925
27.875 75.625 0.024864
27.875 75.875 0.048868
27.875 76.125 0.10568
27.875 76.375 0.13379
27.875 76.625 0.14606
27.875 76.875 0.13321
27.875 77.125 0.15923
27.875 77.375 0.14129
27.875 77.625 0.16682
27.875 77.875 0.1861
27.875 78.125 0.19799
27.875 78.375 0.195
27.875 78.625 0.12912
27.875 78.875 0.18264
27.875 79.125 0.1933
27.875 79.375 0.18124
27.875 79.625 0.14372
27.875 79.875 0.15491
27.875 80.125 0.16077
27.875 80.375 0.16139
27.875 80.625 0.16257
27.875 80.875 0.16368
27.875 81.125 0.15372
27.875 81.375 0.16523
27.875 81.625 0.16187
27.875 88.375 0.32814
27.875 88.625 0.31596
27.875 92.875 0.29629
27.875 93.125 0.35087
27.875 93.375 0.35861
27.875 93.625 0.34456
27.875 93.875 0.45635
27.875 94.125 0.31036
27.875 94.375 0.4241
27.875 94.625 0.39805
27.875 94.875 0.37187
27.875 95.125 0.24227
27.875 95.375 0.34716
27.875 95.625 0.30378
27.875 95.875 0.27461
27.875 96.125 0.34688
27.875 96.375 0.36469
27.875 96.625 0.34804
NaN NaN NaN
27.875 97.125 0.36243
28.125 72.125 0.14306
28.125 72.375 0.14187
28.125 72.625 0.14303
28.125 72.875 0.14349
28.125 73.125 0.146
28.125 73.375 0.14627
28.125 73.625 0.14641
28.125 73.875 0.14828
28.125 74.125 0.1484
28.125 74.375 0.14709
28.125 74.625 0.14922
28.125 74.875 0.15846
28.125 75.125 0.15009
28.125 75.375 0.1494
28.125 75.625 0.15257
28.125 75.875 0.075026
28.125 76.125 0.025343
28.125 76.375 0.091098
28.125 76.625 0.14717
28.125 76.875 0.14451
28.125 77.125 0.17025
28.125 77.375 0.16808
28.125 77.625 0.18439
28.125 77.875 0.17937
28.125 78.125 0.20165
28.125 78.375 0.14983
28.125 78.625 0.18227
28.125 78.875 0.1905
28.125 79.125 0.17737
28.125 79.375 0.15363
28.125 79.625 0.14801
28.125 79.875 0.15219
28.125 80.125 0.1519
28.125 80.375 0.14496
28.125 80.625 0.15036
28.125 80.875 0.1531
28.125 81.125 0.15407
28.125 81.375 0.16212
28.125 92.875 0.24341
28.125 93.125 0.33467
28.125 93.375 0.35684
28.125 93.625 0.3975
28.125 93.875 0.34842
28.125 94.125 0.39513
28.125 94.375 0.37727
28.125 94.625 0.47653
28.125 94.875 0.37979
28.125 95.125 0.41177
28.125 95.375 0.35569
28.125 95.625 0.28697
28.125 95.875 0.29173
28.125 96.125 0.34732
28.125 96.375 0.36601
NaN NaN NaN
NaN NaN NaN
NaN NaN NaN
28.375 72.375 0.14502
28.375 72.625 0.14325
28.375 72.875 0.1428
28.375 73.125 0.14452
28.375 73.375 0.1466
28.375 73.625 0.14147
28.375 73.875 0.14734
28.375 74.125 0.15235
28.375 74.375 0.15291
28.375 74.625 0.15042
28.375 74.875 0.15091
28.375 75.125 0.15204
28.375 75.375 0.15177
28.375 75.625 0.15325
28.375 75.875 0.14927
28.375 76.125 0.15377
28.375 76.375 0.13788
28.375 76.625 0.13606
28.375 76.875 0.14219
28.375 77.125 0.16525
28.375 77.375 0.17637
28.375 77.625 0.17377
28.375 77.875 0.17324
28.375 78.125 0.19273
28.375 78.375 0.13074
28.375 78.625 0.18776
28.375 78.875 0.17491
28.375 79.125 0.15405
28.375 79.375 0.14357
28.375 79.625 0.14819
28.375 79.875 0.15133
28.375 80.125 0.14774
28.375 80.375 0.14279
28.375 80.625 0.14738
28.375 80.875 0.15291
28.375 81.125 0.14337
28.375 93.375 0.32817
28.375 93.625 0.3258
28.375 93.875 0.34616
28.375 94.125 0.36924
28.375 94.375 0.36871
28.375 94.625 0.46009
28.375 94.875 0.43293
28.375 95.125 0.45432
28.375 95.375 0.36578
28.375 95.625 0.39651
28.375 95.875 0.44598
28.375 96.125 0.37974
NaN NaN NaN
28.625 72.375 0.14491
28.625 72.625 0.14262
28.625 72.875 0.14269
28.625 73.125 0.14405
28.625 73.375 0.14327
28.625 73.625 0.14166
28.625 73.875 0.14515
28.625 74.125 0.14669
28.625 74.375 0.15181
28.625 74.625 0.1491
28.625 74.875 0.1498
28.625 75.125 0.15687
28.625 75.375 0.1545
28.625 75.625 0.16902
28.625 75.875 0.1521
28.625 76.125 0.15786
28.625 76.375 0.14232
28.625 76.625 0.14525
28.625 76.875 0.1374
28.625 77.125 0.14283
28.625 77.375 0.16871
28.625 77.625 0.16833
28.625 77.875 0.17574
28.625 78.125 0.12116
28.625 78.375 0.17916
28.625 78.625 0.16877
28.625 78.875 0.16569
28.625 79.125 0.14722
28.625 79.375 0.14366
28.625 79.625 0.15512
28.625 79.875 0.164
28.625 80.125 0.15637
28.625 80.375 0.14122
28.625 80.625 0.13219
28.625 93.625 0.30457
28.625 93.875 0.32182
28.625 94.125 0.36555
28.625 94.375 0.36813
28.625 94.625 0.42027
28.625 94.875 0.38207
28.625 95.125 0.39042
28.625 95.375 0.37477
28.625 95.625 0.355
28.625 95.875 0.36118
28.625 96.125 0.37164
NaN NaN NaN
28.875 72.875 0.21208
28.875 73.125 0.194
28.875 73.375 0.14312
28.875 73.625 0.14466
28.875 73.875 0.15489
28.875 74.125 0.17002
28.875 74.375 0.15258
28.875 74.625 0.16057
28.875 74.875 0.15414
28.875 75.125 0.15521
28.875 75.375 0.15378
28.875 75.625 0.16798
28.875 75.875 0.1475
28.875 76.125 0.13551
28.875 76.375 0.14128
28.875 76.625 0.13492
28.875 76.875 0.14093
28.875 77.125 0.16887
28.875 77.375 0.18082
28.875 77.625 0.17973
28.875 77.875 0.17872
28.875 78.125 0.12369
28.875 78.375 0.17757
28.875 78.625 0.14388
28.875 78.875 0.14708
28.875 79.125 0.16025
28.875 79.375 0.15849
28.875 79.625 0.16927
28.875 79.875 0.16883
28.875 94.125 0.3412
28.875 94.375 0.37071
28.875 94.625 0.38389
28.875 94.875 0.44234
28.875 95.125 0.36982
28.875 95.375 0.32911
28.875 95.625 0.34299
28.875 95.875 0.37035
28.875 96.125 0.35883
NaN NaN NaN
29.125 73.125 0.218
29.125 73.375 0.21142
29.125 73.625 0.14482
29.125 73.875 0.16147
29.125 74.125 0.15641
29.125 74.375 0.15658
29.125 74.625 0.16692
29.125 74.875 0.15315
29.125 75.125 0.1412
29.125 75.375 0.14588
29.125 75.625 0.14878
29.125 75.875 0.14598
29.125 76.125 0.14517
29.125 76.375 0.14374
29.125 76.625 0.14167
29.125 76.875 0.13662
29.125 77.125 0.17417
29.125 77.375 0.17433
29.125 77.625 0.16909
29.125 77.875 0.13479
29.125 78.125 0.13638
29.125 78.375 0.15585
29.125 78.625 0.16202
29.125 78.875 0.15548
29.125 79.125 0.14576
29.125 79.375 0.13944
29.125 79.625 0.18794
29.125 79.875 0.27784
29.125 80.125 0.30231
29.125 94.375 0.32883
29.125 94.625 0.34179
29.125 94.875 0.38019
29.125 95.625 0.33327
29.125 95.875 0.34657
29.125 96.125 0.37107
29.375 73.375 0.16034
29.375 73.625 0.15218
29.375 73.875 0.21411
29.375 74.125 0.18093
29.375 74.375 0.15673
29.375 74.625 0.15018
29.375 74.875 0.13944
29.375 75.125 0.14045
29.375 75.375 0.13468
29.375 75.625 0.14689
29.375 75.875 0.13746
29.375 76.125 0.13396
29.375 76.375 0.13447
29.375 76.625 0.1428
29.375 76.875 0.13954
29.375 77.125 0.17025
29.375 77.375 0.17282
29.375 77.625 0.17181
29.375 77.875 0.10919
29.375 78.125 0.13565
29.375 78.375 0.1521
29.375 78.625 0.14075
29.375 78.875 0.14809
29.375 79.125 0.17874
29.375 79.375 0.22423
29.375 79.625 0.24803
29.375 79.875 0.26688
29.375 80.125 0.26026
NaN NaN NaN
29.625 73.375 0.15212
29.625 73.625 0.13662
29.625 73.875 0.14275
29.625 74.125 0.1521
29.625 74.375 0.13882
29.625 74.625 0.141
29.625 74.875 0.1466
29.625 75.125 0.13515
29.625 75.375 0.13444
29.625 75.625 0.13952
29.625 75.875 0.14761
29.625 76.125 0.13989
29.625 76.375 0.13994
29.625 76.625 0.13744
29.625 76.875 0.14853
29.625 77.125 0.17245
29.625 77.375 0.1712
29.625 77.625 0.18188
29.625 77.875 0.1217
29.625 78.125 0.12949
29.625 78.375 0.14481
29.625 78.625 0.1149
29.625 78.875 0.18943
29.625 79.125 0.25897
29.625 79.375 0.27422
29.625 79.625 0.28752
29.625 79.875 0.25864
29.625 80.125 0.25793
29.875 73.625 0.14178
29.875 73.875 0.14568
29.875 74.125 0.14315
29.875 74.375 0.13684
29.875 74.625 0.13776
29.875 74.875 0.13836
29.875 75.125 0.14513
29.875 75.375 0.15439
29.875 75.625 0.14407
29.875 75.875 0.14323
29.875 76.125 0.13951
29.875 76.375 0.13837
29.875 76.625 0.14333
29.875 76.875 0.16794
29.875 77.125 0.17622
29.875 77.375 0.17902
29.875 77.625 0.10839
29.875 77.875 0.12923
29.875 78.125 0.1203
29.875 78.375 0.17499
29.875 78.625 0.25314
29.875 78.875 0.27621
29.875 79.125 0.25906
29.875 79.375 0.26619
29.875 79.625 0.29171
29.875 79.875 0.26901
29.875 80.125 0.27425
29.875 80.375 0.25271
30.125 74.125 0.14345
30.125 74.375 0.13482
30.125 74.625 0.13446
30.125 74.875 0.13618
30.125 75.125 0.14782
30.125 75.375 0.14244
30.125 75.625 0.14428
30.125 75.875 0.14266
30.125 76.125 0.1422
30.125 76.375 0.13677
30.125 76.625 0.13954
30.125 76.875 0.15911
30.125 77.125 0.11198
30.125 77.375 0.10711
30.125 77.625 0.13553
30.125 77.875 0.13096
30.125 78.125 0.18271
30.125 78.375 0.34504
30.125 78.625 0.26923
30.125 78.875 0.25844
30.125 79.125 0.29749
30.125 79.375 0.29146
30.125 79.625 0.22721
30.125 79.875 0.26997
30.125 80.125 0.26043
30.125 80.375 0.27569
30.125 80.625 0.2804
30.375 74.125 0.14129
30.375 74.375 0.13784
30.375 74.625 0.13941
30.375 74.875 0.14101
30.375 75.125 0.1418
30.375 75.375 0.14441
30.375 75.625 0.15125
30.375 75.875 0.14039
30.375 76.125 0.14063
30.375 76.375 0.16332
30.375 76.625 0.17622
30.375 76.875 0.10876
30.375 77.125 0.11963
30.375 77.375 0.11925
30.375 77.625 0.1191
30.375 77.875 0.15356
30.375 78.125 0.25344
30.375 78.375 0.25283
30.375 78.625 0.26112
30.375 78.875 0.27984
30.375 79.125 0.30663
30.375 79.375 0.29957
30.375 79.625 0.29592
30.375 79.875 0.3135
30.375 80.125 0.32777
30.375 80.375 0.34077
30.375 80.625 0.34899
30.625 74.375 0.14107
30.625 74.625 0.14495
30.625 74.875 0.14386
30.625 75.125 0.14285
30.625 75.375 0.13872
30.625 75.625 0.14628
30.625 75.875 0.14153
30.625 76.125 0.1715
30.625 76.375 0.1695
30.625 76.625 0.17346
30.625 76.875 0.11416
30.625 77.125 0.13159
30.625 77.375 0.18417
30.625 77.625 0.25949
30.625 77.875 0.26959
30.625 78.125 0.26192
30.625 78.375 0.27337
30.625 78.625 0.2888
30.625 78.875 0.25566
30.625 79.125 0.25632
30.625 79.375 0.31709
30.625 79.625 0.30784
30.625 79.875 0.28092
30.625 80.125 0.28372
30.875 74.625 0.13732
30.875 74.875 0.13545
30.875 75.125 0.13721
30.875 75.375 0.14338
30.875 75.625 0.16225
30.875 75.875 0.17954
30.875 76.125 0.18103
30.875 76.375 0.18271
30.875 76.625 0.12158
30.875 76.875 0.14833
30.875 77.125 0.19347
30.875 77.375 0.28277
30.875 77.625 0.28789
30.875 77.875 0.28032
30.875 78.125 0.28105
30.875 78.375 0.21052
30.875 78.625 0.26794
30.875 78.875 0.32763
30.875 79.125 0.33112
30.875 79.375 0.36885
30.875 79.625 0.36914
30.875 79.875 0.29519
31.125 74.875 0.13507
31.125 75.125 0.13837
31.125 75.375 0.16515
31.125 75.625 0.17279
31.125 75.875 0.17916
31.125 76.125 0.16895
31.125 76.375 0.12264
31.125 76.625 0.11305
31.125 76.875 0.18072
31.125 77.125 0.18918
31.125 77.375 0.30305
31.125 77.625 0.33514
31.125 77.875 0.31347
31.125 78.125 0.22707
31.125 78.375 0.28647
31.125 78.625 0.32604
31.125 78.875 0.30117
31.125 79.125 0.27075
31.375 74.875 0.13976
31.375 75.125 0.13656
31.375 75.375 0.17802
31.375 75.625 0.18061
31.375 75.875 0.12384
31.375 76.125 0.10996
31.375 76.375 0.11328
31.375 76.625 0.13931
31.375 76.875 0.19916
31.375 77.125 0.24161
31.375 77.375 0.32707
31.375 77.625 0.36178
31.375 77.875 0.30867
31.375 78.125 0.30142
31.375 78.375 0.32136
31.375 78.625 0.34565
31.625 74.875 0.15593
31.625 75.125 0.14363
31.625 75.375 0.15777
31.625 75.625 0.11724
31.625 75.875 0.11476
31.625 76.125 0.10773
31.625 76.375 0.12473
31.625 76.625 0.18596
31.625 76.875 0.20483
31.625 77.125 0.29073
31.625 77.375 0.29712
31.625 77.625 0.33473
31.625 77.875 0.30777
31.625 78.125 0.31898
31.625 78.375 0.36241
31.625 78.625 0.32092
31.875 74.875 0.14489
31.875 75.125 0.17459
31.875 75.375 0.15972
31.875 75.625 0.12338
31.875 75.875 0.10877
31.875 76.125 0.12433
31.875 76.375 0.15225
31.875 76.625 0.21186
31.875 76.875 0.21747
31.875 77.125 0.31044
31.875 77.375 0.32374
31.875 77.625 0.35946
31.875 77.875 0.37544
31.875 78.125 0.33704
31.875 78.375 0.37722
31.875 78.625 0.28584
32.125 75.375 0.13135
32.125 75.625 0.14103
32.125 75.875 0.11848
32.125 76.125 0.15042
32.125 76.375 0.20148
32.125 76.625 0.32019
32.125 76.875 0.29543
32.125 77.125 0.30609
32.125 77.375 0.31766
32.125 77.625 0.38865
32.125 77.875 0.34419
32.125 78.125 0.34023
32.125 78.375 0.35455
32.375 75.375 0.17389
32.375 75.625 0.15009
32.375 75.875 0.11977
32.375 76.125 0.2809
32.375 76.375 0.23582
32.375 76.625 0.30472
32.375 76.875 0.36594
32.375 77.125 0.35576
32.375 77.375 0.36176
32.375 77.625 0.37388
32.375 77.875 0.32885
32.375 78.125 0.32727
32.375 78.375 0.29015
32.625 74.875 0.14191
32.625 75.125 0.096744
32.625 75.375 0.1061
32.625 75.625 0.19894
32.625 75.875 0.22697
32.625 76.125 0.32408
32.625 76.375 0.23645
32.625 76.625 0.29941
32.625 76.875 0.39337
32.625 77.125 0.38692
32.625 77.375 0.37455
32.625 77.625 0.35224
32.625 77.875 0.35625
32.625 78.125 0.26842
32.625 78.375 0.24484
32.625 78.625 0.20704
32.625 78.875 0.22081
32.625 79.125 0.19438
32.625 79.375 0.20129
32.875 74.375 0.17805
32.875 74.625 0.14075
32.875 74.875 0.11373
32.875 75.125 0.25783
32.875 75.375 0.27876
32.875 75.625 0.21708
32.875 75.875 0.26783
32.875 76.125 0.28476
32.875 76.375 0.30978
32.875 76.625 0.38929
32.875 76.875 0.37223
32.875 77.125 0.36599
32.875 77.375 0.34529
32.875 77.625 0.30925
32.875 77.875 0.25465
32.875 78.125 0.25557
32.875 78.375 0.22217
32.875 78.625 0.21501
32.875 78.875 0.2011
32.875 79.125 0.17319
32.875 79.375 0.095501
33.125 73.875 0.13166
33.125 74.125 0.23751
33.125 74.375 0.24541
33.125 74.625 0.23515
33.125 74.875 0.26416
33.125 75.125 0.28979
33.125 75.375 0.30915
33.125 75.625 0.34147
33.125 75.875 0.25202
33.125 76.125 0.27704
33.125 76.375 0.31057
33.125 76.625 0.3539
33.125 76.875 0.35696
33.125 77.125 0.29363
33.125 77.375 0.27202
33.125 77.625 0.26634
33.125 77.875 0.21741
33.125 78.125 0.18701
33.125 78.375 0.17134
33.125 78.625 0.20256
33.125 78.875 0.18493
33.125 79.125 0.17113
33.375 73.875 0.27329
33.375 74.125 0.26487
33.375 74.375 0.27032
33.375 74.625 0.24661
33.375 74.875 0.25112
33.375 75.125 0.23676
33.375 75.375 0.23437
33.375 75.625 0.2628
33.375 75.875 0.28686
33.375 76.125 0.2945
33.375 76.375 0.31252
33.375 76.625 0.32145
33.375 76.875 0.27194
33.375 77.125 0.3119
33.375 77.375 0.25767
33.375 77.625 0.2376
33.375 77.875 0.1703
33.375 78.125 0.21586
33.375 78.375 0.22411
33.375 78.625 0.16941
33.375 78.875 0.18522
33.625 73.875 0.28742
33.625 74.125 0.30253
33.625 74.375 0.32061
33.625 74.625 0.2701
33.625 74.875 0.21451
33.625 75.125 0.22859
33.625 75.375 0.24816
33.625 75.625 0.26998
33.625 75.875 0.28516
33.625 76.125 0.35903
33.625 76.375 0.35711
33.625 76.625 0.2533
33.625 76.875 0.33733
33.625 77.125 0.32315
33.625 77.375 0.25817
33.625 77.625 0.24618
33.625 77.875 0.2313
33.625 78.125 0.18179
33.625 78.375 0.18585
33.625 78.625 0.18512
33.625 78.875 0.096818
33.875 73.875 0.31887
33.875 74.125 0.31099
33.875 74.375 0.26026
33.875 74.625 0.26442
33.875 74.875 0.22741
33.875 75.125 0.2205
33.875 75.375 0.25058
33.875 75.625 0.30752
33.875 75.875 0.37081
33.875 76.125 0.34796
33.875 76.375 0.31211
33.875 76.625 0.29007
33.875 76.875 0.26478
33.875 77.125 0.26486
33.875 77.375 0.20746
33.875 77.625 0.18102
33.875 77.875 0.17482
33.875 78.125 0.17621
33.875 78.375 0.1844
33.875 78.625 0.15035
33.875 78.875 0.08143
34.125 73.625 0.34974
34.125 73.875 0.29272
34.125 74.125 0.29559
34.125 74.375 0.27651
34.125 74.625 0.25959
34.125 74.875 0.26198
34.125 75.125 0.29534
34.125 75.375 0.31532
34.125 75.625 0.37694
34.125 75.875 0.37071
34.125 76.125 0.33135
34.125 76.375 0.27847
34.125 76.625 0.33813
34.125 76.875 0.25435
34.125 77.125 0.19745
34.125 77.375 0.18425
34.125 77.625 0.19366
34.125 77.875 0.20035
34.125 78.125 0.20573
34.125 78.375 0.20488
34.125 78.625 0.162
34.125 78.875 0.141
34.125 79.125 0.092018
34.125 79.375 0.078689
34.375 73.625 0.38605
34.375 73.875 0.29524
34.375 74.125 0.28581
34.375 74.375 0.31006
34.375 74.625 0.2792
34.375 74.875 0.28452
34.375 75.125 0.28948
34.375 75.375 0.3474
34.375 75.625 0.34571
34.375 75.875 0.3055
34.375 76.125 0.3144
34.375 76.375 0.30908
34.375 76.625 0.30818
34.375 76.875 0.25288
34.375 77.125 0.20211
34.375 77.375 0.1988
34.375 77.625 0.19323
34.375 77.875 0.20366
34.375 78.125 0.2258
34.375 78.375 0.15992
34.375 78.625 0.17506
34.375 78.875 0.13033
34.375 79.125 0.085979
34.375 79.375 0.077246
34.625 73.875 0.29883
34.625 74.125 0.24064
34.625 74.375 0.30732
34.625 74.625 0.31699
34.625 74.875 0.32383
34.625 75.125 0.35548
34.625 75.375 0.35574
34.625 75.625 0.31125
34.625 75.875 0.31822
34.625 76.125 0.29273
34.625 76.375 0.22131
34.625 76.625 0.27686
34.625 76.875 0.26794
34.625 77.125 0.2641
34.625 77.375 0.17302
34.625 77.625 0.25294
34.625 77.875 0.24373
34.625 78.125 0.25421
34.625 78.375 0.21428
34.625 78.625 0.091395
34.625 78.875 0.082028
34.625 79.125 0.078155
34.625 79.375 0.052978
34.625 79.625 0.046278
34.875 74.125 0.35279
34.875 74.375 0.35931
34.875 74.625 0.34755
34.875 74.875 0.38205
34.875 75.125 0.37878
34.875 75.375 0.30357
34.875 75.625 0.34305
34.875 75.875 0.31342
34.875 76.125 0.26206
34.875 76.375 0.18381
34.875 76.625 0.29576
34.875 76.875 0.21807
34.875 77.125 0.21191
34.875 77.375 0.27395
34.875 77.625 0.26073
34.875 77.875 0.24285
34.875 78.125 0.26483
34.875 78.375 0.15073
34.875 78.625 0.080631
34.875 78.875 0.06067
34.875 79.125 0.051813
34.875 79.375 0.053037
34.875 79.625 0.057527
34.875 79.875 0.065975
35.125 74.375 0.39655
35.125 74.625 0.34138
35.125 74.875 0.34602
35.125 75.125 0.2388
35.125 75.375 0.31
35.125 75.625 0.34951
35.125 75.875 0.24473
35.125 76.125 0.25993
35.125 76.375 0.24663
35.125 76.625 0.24294
35.125 76.875 0.27722
35.125 77.125 0.31307
35.125 77.375 0.27898
35.125 77.625 0.16371
35.125 77.875 0.20991
35.125 78.125 0.086599
35.125 78.375 0.086808
35.125 78.625 0.076656
35.125 78.875 0.089402
35.125 79.125 0.075664
35.125 79.375 0.067623
35.125 79.625 0.0519
35.125 79.875 0.046899
35.375 73.875 0.29045
35.375 74.125 0.26883
35.375 74.375 0.28259
35.375 74.625 0.26198
35.375 74.875 0.29033
35.375 75.125 0.24555
35.375 75.375 0.32424
35.375 75.625 0.35422
35.375 75.875 0.29112
35.375 76.125 0.29145
35.375 76.375 0.28515
35.375 76.625 0.29239
35.375 76.875 0.27607
35.375 77.125 0.24953
35.375 77.375 0.17735
35.375 77.625 0.15091
35.375 77.875 0.1516
35.375 78.125 0.076593
35.375 78.375 0.077528
35.375 78.625 0.084668
35.375 78.875 0.074227
35.375 79.125 0.052736
35.375 79.375 0.044323
35.375 79.625 0.043823
35.375 79.875 0.12194
NaN NaN NaN
35.625 73.375 0.26668
35.625 73.625 0.26637
35.625 73.875 0.25601
35.625 74.125 0.2458
35.625 74.375 0.23901
35.625 74.625 0.24176
35.625 74.875 0.25902
35.625 75.125 0.22226
35.625 75.375 0.29103
35.625 75.625 0.35008
35.625 75.875 0.361
35.625 76.125 0.32675
35.625 76.375 0.28718
35.625 76.625 0.19638
35.625 76.875 0.19626
35.625 77.125 0.11473
35.625 78.375 0.071058
35.625 78.625 0.085506
35.625 78.875 0.072639
35.625 79.125 0.0748
35.625 79.375 0.067503
35.625 79.625 0.078821
35.625 79.875 0.12733
35.625 80.125 0.14601
35.875 73.125 0.309
35.875 73.375 0.24672
35.875 73.625 0.24957
35.875 73.875 0.25239
35.875 74.125 0.22863
35.875 74.375 0.21493
35.875 74.625 0.22075
35.875 74.875 0.27192
35.875 75.125 0.28329
35.875 75.375 0.2242
35.875 75.625 0.31055
35.875 75.875 0.31447
35.875 76.125 0.28109
35.875 76.375 0.17136
35.875 76.625 0.13229
35.875 79.375 0.12943
36.125 72.625 0.26591
36.125 72.875 0.29134
36.125 73.125 0.20616
36.125 73.375 0.19305
36.125 73.625 0.19638
36.125 73.875 0.19661
36.125 74.125 0.20376
36.125 74.375 0.20618
36.125 74.625 0.26615
36.125 74.875 0.29388
36.125 75.125 0.28317
36.125 75.375 0.20648
36.125 75.625 0.21625
36.125 75.875 0.20353
36.125 76.125 0.12488
36.125 76.375 0.21178
36.125 76.625 0.10788
36.375 73.125 0.17791
36.375 73.375 0.15519
36.375 73.625 0.16974
36.375 73.875 0.16837
36.375 74.125 0.16778
36.375 74.375 0.19641
36.375 74.625 0.16578
36.375 74.875 0.16306
36.375 75.125 0.23904
36.375 75.375 0.15151
36.375 75.625 0.15575
36.375 75.875 0.1525
36.375 76.125 0.11731
36.625 73.375 0.15799
36.625 73.625 0.16858
36.625 73.875 0.17064
36.625 74.125 0.15362
36.625 74.375 0.20239
36.625 74.625 0.15696
36.625 74.875 0.14301
36.625 75.125 0.14753
36.625 75.375 0.14685
36.625 75.625 0.19822
36.875 73.875 0.16791
36.875 74.375 0.15374
36.875 74.625 0.15315
36.875 74.875 0.14344
36.875 75.125 0.14048
36.875 75.375 0.15263
