8.125 77.375 0.39282
8.375 77.125 -0.33593
8.375 77.375 0.50085
8.375 77.625 1.1233
8.375 77.875 1.0037
8.625 76.875 -0.085538
8.625 77.125 0.078915
8.625 77.375 0.61449
8.625 77.625 0.082805
8.625 77.875 1.1467
8.875 76.875 -0.94704
8.875 77.125 1.0861
8.875 77.375 0.010633
8.875 77.625 0.23176
8.875 77.875 -0.99551
9.125 76.625 0.25587
9.125 76.875 0.58686
9.125 77.125 0.64359
9.125 77.375 0.26181
9.125 77.625 -0.31871
9.125 77.875 -1.0892
9.125 78.125 0.28841
NaN NaN NaN
9.375 76.625 0.0063758
9.375 76.875 0.69882
9.375 77.125 0.55856
9.375 77.375 0.20003
9.375 77.625 -0.37443
9.375 77.875 -0.024375
9.375 78.125 -0.045084
9.375 78.375 -0.15854
9.375 78.625 -0.33513
NaN NaN NaN
9.625 76.375 -0.96893
9.625 76.625 -0.4403
9.625 76.875 1.0153
9.625 77.125 0.029165
9.625 77.375 0.21065
9.625 77.625 -0.83626
9.625 77.875 0.70546
9.625 78.125 -0.22254
9.625 78.375 0.0025006
9.625 78.625 0.27976
9.875 76.625 -0.77416
9.875 76.875 -0.4947
9.875 77.125 0.56081
9.875 77.375 -0.6259
9.875 77.625 -0.028195
9.875 77.875 0.39646
9.875 78.125 -0.53399
9.875 78.375 0.47312
9.875 78.625 0.38866
9.875 78.875 0.57626
10.125 76.375 -1.1658
10.125 76.625 0.6861
10.125 76.875 1.7231
10.125 77.125 -0.34586
10.125 77.375 -0.37197
10.125 77.625 0.51459
10.125 77.875 0.3183
10.125 78.125 0.31752
10.125 78.375 0.64538
10.125 78.625 0.045214
10.125 78.875 -0.057217
10.125 79.125 0.26527
10.375 76.375 -1.5639
10.375 76.625 -0.092206
10.375 76.875 0.55141
10.375 77.125 0.3108
10.375 77.375 0.24718
10.375 77.625 0.23212
10.375 77.875 -0.21308
10.375 78.125 0.32373
10.375 78.375 0.47659
10.375 78.625 0.026634
10.375 78.875 -0.049269
10.375 79.125 0.25469
NaN NaN NaN
NaN NaN NaN
10.625 76.125 -1.1134
10.625 76.375 -0.75206
10.625 76.625 0.068468
10.625 76.875 0.28056
10.625 77.125 -0.73927
10.625 77.375 -0.35926
10.625 77.625 0.30645
10.625 77.875 0.15239
10.625 78.125 -0.49943
10.625 78.375 -0.2278
10.625 78.625 0.56757
10.625 78.875 0.57032
10.625 79.125 1.6291
10.625 79.375 1.1767
10.625 79.625 1.3238
10.875 76.125 -0.48472
10.875 76.375 0.72398
10.875 76.625 -0.56578
10.875 76.875 -0.55846
10.875 77.125 0.34429
10.875 77.375 0.32128
10.875 77.625 -0.28503
10.875 77.875 -0.33499
10.875 78.125 -1.3962
10.875 78.375 0.63477
10.875 78.625 1.3465
10.875 78.875 0.67806
10.875 79.125 0.42594
10.875 79.375 0.19841
10.875 79.625 1.0486
11.125 76.125 1.5669
11.125 76.375 0.28153
11.125 76.625 -0.1612
11.125 76.875 -0.75392
11.125 77.125 0.30926
11.125 77.375 0.026173
11.125 77.625 0.40172
11.125 77.875 0.48938
11.125 78.125 -0.90228
11.125 78.375 0.81147
11.125 78.625 0.16002
11.125 78.875 0.33682
11.125 79.125 0.68902
11.125 79.375 0.84498
11.125 79.625 0.58286
11.375 75.875 -0.55612
11.375 76.125 0.42987
11.375 76.375 0.083175
11.375 76.625 -1.3915
11.375 76.875 0.31943
11.375 77.125 -0.48461
11.375 77.375 -0.48003
11.375 77.625 0.50017
11.375 77.875 0.33883
11.375 78.125 0.20764
11.375 78.375 -0.18881
11.375 78.625 -0.28903
11.375 78.875 0.096716
11.375 79.125 0.12696
11.375 79.375 0.55528
11.375 79.625 0.54097
11.625 75.875 -0.53943
11.625 76.125 -0.41093
11.625 76.375 -1.0967
11.625 76.625 0.14174
11.625 76.875 -0.30975
11.625 77.125 -0.19827
11.625 77.375 0.86582
11.625 77.625 0.35726
11.625 77.875 -0.40516
11.625 78.125 -0.1769
11.625 78.375 -0.8687
11.625 78.625 0.318
11.625 78.875 0.19386
11.625 79.125 0.79403
11.625 79.375 0.5233
NaN NaN NaN
NaN NaN NaN
11.875 75.875 -0.59282
11.875 76.125 -0.37906
11.875 76.375 -0.05433
11.875 76.625 -0.72981
11.875 76.875 -1.3353
11.875 77.125 0.75088
11.875 77.375 0.39805
11.875 77.625 0.3882
11.875 77.875 -0.74863
11.875 78.125 0.15285
11.875 78.375 -0.057363
11.875 78.625 0.35587
11.875 78.875 0.0094124
11.875 79.125 1.2767
11.875 79.375 0.3274
11.875 79.625 0.34175
12.125 75.375 -1.7956
12.125 75.625 -0.40472
12.125 75.875 -0.37051
12.125 76.125 -0.2552
12.125 76.375 -0.11802
12.125 76.625 -0.4392
12.125 76.875 -0.89439
12.125 77.125 0.091114
12.125 77.375 0.14842
12.125 77.625 0.10514
12.125 77.875 -1.1819
12.125 78.125 0.049825
12.125 78.375 0.72355
12.125 78.625 -0.30782
12.125 78.875 -0.85576
12.125 79.125 0.6796
12.125 79.375 0.42247
12.125 79.625 0.28691
12.375 75.125 -0.95751
12.375 75.375 -0.6758
12.375 75.625 -0.081126
12.375 75.875 0.46646
12.375 76.125 0.45278
12.375 76.375 0.033578
12.375 76.625 -0.08057
12.375 76.875 -0.13103
12.375 77.125 -1.2152
12.375 77.375 -0.3842
12.375 77.625 -0.25855
12.375 77.875 -0.051931
12.375 78.125 0.94623
12.375 78.375 1.0666
12.375 78.625 0.39872
12.375 78.875 0.062388
12.375 79.125 0.49426
12.375 79.375 0.42335
12.375 79.625 0.16301
12.375 79.875 0.43496
12.625 75.125 -0.98511
12.625 75.375 -0.40096
12.625 75.625 0.44663
12.625 75.875 0.21602
12.625 76.125 -0.16956
12.625 76.375 0.63147
12.625 76.625 0.27573
12.625 76.875 0.0066152
12.625 77.125 -0.66938
12.625 77.375 -0.31746
12.625 77.625 0.3223
12.625 77.875 0.037776
12.625 78.125 0.50242
12.625 78.375 1.0357
12.625 78.625 0.80484
12.625 78.875 1.014
12.625 79.125 0.88338
12.625 79.375 -0.3291
12.625 79.625 -0.46184
12.625 79.875 -1.1028
12.875 75.125 0.18737
12.875 75.375 0.94426
12.875 75.625 0.040983
12.875 75.875 0.23784
12.875 76.125 -0.10769
12.875 76.375 0.74544
12.875 76.625 0.13594
12.875 76.875 -0.1533
12.875 77.125 -0.26483
12.875 77.375 -0.3979
12.875 77.625 0.17679
12.875 77.875 0.32585
12.875 78.125 0.57062
12.875 78.375 1.1034
12.875 78.625 1.5191
12.875 78.875 0.58233
12.875 79.125 0.6065
12.875 79.375 0.69019
12.875 79.625 0.43711
12.875 79.875 -0.52697
NaN NaN NaN
13.125 75.125 0.16635
13.125 75.375 0.093164
13.125 75.625 0.26278
13.125 75.875 0.36505
13.125 76.125 0.51086
13.125 76.375 0.14949
13.125 76.625 0.73295
13.125 76.875 0.41262
13.125 77.125 -0.33701
13.125 77.375 0.010817
13.125 77.625 0.52599
13.125 77.875 0.24433
13.125 78.125 0.49493
13.125 78.375 0.46075
13.125 78.625 0.81743
13.125 78.875 0.38103
13.125 79.125 0.76366
13.125 79.375 0.3423
13.125 79.625 0.72715
13.125 79.875 0.90671
13.125 80.125 0.94893
NaN NaN NaN
13.375 75.125 0.72568
13.375 75.375 0.05306
13.375 75.625 -0.69346
13.375 75.875 -0.30029
13.375 76.125 0.93215
13.375 76.375 0.26462
13.375 76.625 0.28349
13.375 76.875 0.34363
13.375 77.125 0.49912
13.375 77.375 0.13756
13.375 77.625 0.26938
13.375 77.875 0.68997
13.375 78.125 -0.20938
13.375 78.375 0.13425
13.375 78.625 0.81301
13.375 78.875 0.88785
13.375 79.125 0.45065
13.375 79.375 0.024406
13.375 79.625 0.6377
13.375 79.875 0.8158
13.375 80.125 0.93757
13.625 74.875 0.51867
13.625 75.125 1.1119
13.625 75.375 0.79554
13.625 75.625 -0.037717
13.625 75.875 -0.29485
13.625 76.125 -0.57269
13.625 76.375 -1.2425
13.625 76.625 -0.44449
13.625 76.875 -0.52817
13.625 77.125 -0.47165
13.625 77.375 -0.62631
13.625 77.625 0.43596
13.625 77.875 0.59755
13.625 78.125 0.41735
13.625 78.375 0.70296
13.625 78.625 0.22634
13.625 78.875 1.1724
13.625 79.125 1.188
13.625 79.375 1.4275
13.625 79.625 -0.00095168
13.625 79.875 0.27973
13.625 80.125 0.92434
13.875 74.875 0.75836
13.875 75.125 1.299
13.875 75.375 0.93893
13.875 75.625 0.58095
13.875 75.875 -0.52401
13.875 76.125 -0.67796
13.875 76.375 -1.1549
13.875 76.625 -0.72258
13.875 76.875 -1.0147
13.875 77.125 -0.88257
13.875 77.375 -0.24843
13.875 77.625 -0.027036
13.875 77.875 0.018643
13.875 78.125 0.012128
13.875 78.375 0.83574
13.875 78.625 0.62915
13.875 78.875 1.3448
13.875 79.125 0.96907
13.875 79.375 0.46208
13.875 79.625 -0.70332
13.875 79.875 0.35336
14.125 74.625 1.3457
14.125 74.875 1.1589
14.125 75.125 0.16842
14.125 75.375 -0.12397
14.125 75.625 -0.052246
14.125 75.875 -0.21305
14.125 76.125 0.28833
14.125 76.375 0.23381
14.125 76.625 -0.63491
14.125 76.875 -0.0016825
14.125 77.125 -0.37511
14.125 77.375 -0.31443
14.125 77.625 0.0099618
14.125 77.875 0.24642
14.125 78.125 0.20351
14.125 78.375 0.66119
14.125 78.625 0.74905
14.125 78.875 0.94967
14.125 79.125 0.90901
14.125 79.375 0.62866
14.125 79.625 0.62578
14.125 79.875 0.64722
14.375 74.625 -0.0019696
14.375 74.875 0.38058
14.375 75.125 0.069506
14.375 75.375 -0.77153
14.375 75.625 -0.17987
14.375 75.875 0.13406
14.375 76.125 -0.10369
14.375 76.375 0.68885
14.375 76.625 -0.9551
14.375 76.875 -0.66662
14.375 77.125 0.16939
14.375 77.375 0.44533
14.375 77.625 0.23382
14.375 77.875 0.48151
14.375 78.125 0.46162
14.375 78.375 1.2027
14.375 78.625 1.4886
14.375 78.875 1.4453
14.375 79.125 1.425
14.375 79.375 1.544
14.375 79.625 1.1079
14.375 79.875 0.93766
NaN NaN NaN
14.625 74.625 0.34921
14.625 74.875 0.0029627
14.625 75.125 -0.42926
14.625 75.375 -0.42207
14.625 75.625 -0.38189
14.625 75.875 0.013423
14.625 76.125 -0.094074
14.625 76.375 -0.50665
14.625 76.625 -0.90785
14.625 76.875 -0.42945
14.625 77.125 0.19541
14.625 77.375 0.12283
14.625 77.625 0.21595
14.625 77.875 0.75971
14.625 78.125 1.4201
14.625 78.375 1.5183
14.625 78.625 0.90222
14.625 78.875 1.0597
14.625 79.125 1.2797
14.625 79.375 1.5369
14.625 79.625 0.38269
14.625 79.875 0.56103
14.875 74.375 1.1632
14.875 74.625 0.14388
14.875 74.875 -0.64546
14.875 75.125 -1.068
14.875 75.375 -1.4741
14.875 75.625 -0.80627
14.875 75.875 -0.69125
14.875 76.125 -0.83291
14.875 76.375 -1.1197
14.875 76.625 -0.79817
14.875 76.875 -0.18761
14.875 77.125 -0.17298
14.875 77.375 -0.23116
14.875 77.625 -0.20436
14.875 77.875 0.37535
14.875 78.125 0.99486
14.875 78.375 1.1516
14.875 78.625 0.36685
14.875 78.875 0.70142
14.875 79.125 1.0786
14.875 79.375 0.75572
14.875 79.625 0.57747
14.875 79.875 0.53235
15.125 74.125 0.61793
15.125 74.375 0.34924
15.125 74.625 0.76435
15.125 74.875 0.20941
15.125 75.125 -0.066351
15.125 75.375 -0.056367
15.125 75.625 -0.71344
15.125 75.875 -0.23517
15.125 76.125 -0.14251
15.125 76.375 -0.76454
15.125 76.625 -0.59571
15.125 76.875 0.096876
15.125 77.125 -0.20447
15.125 77.375 -0.50876
15.125 77.625 -0.18169
15.125 77.875 -0.040799
15.125 78.125 0.66561
15.125 78.375 0.98925
15.125 78.625 0.58368
15.125 78.875 0.82961
15.125 79.125 1.0069
15.125 79.375 1.6579
15.125 79.625 1.883
15.125 79.875 1.5102
15.375 73.875 -0.57415
15.375 74.125 0.26536
15.375 74.375 -0.060321
15.375 74.625 0.3434
15.375 74.875 0.73836
15.375 75.125 0.4001
15.375 75.375 0.97081
15.375 75.625 0.85041
15.375 75.875 0.39549
15.375 76.125 -0.05222
15.375 76.375 -0.092525
15.375 76.625 0.045277
15.375 76.875 0.27313
15.375 77.125 0.63505
15.375 77.375 0.15472
15.375 77.625 0.2416
15.375 77.875 0.15241
15.375 78.125 0.69054
15.375 78.375 0.83192
15.375 78.625 0.60518
15.375 78.875 0.58173
15.375 79.125 1.28
15.375 79.375 0.82921
15.375 79.625 1.3239
15.375 79.875 0.96424
15.625 73.875 -0.98889
15.625 74.125 -1.2831
15.625 74.375 -1.3014
15.625 74.625 0.52934
15.625 74.875 -0.045711
15.625 75.125 -1.0377
15.625 75.375 0.20971
15.625 75.625 0.38587
15.625 75.875 1.0487
15.625 76.125 1.4208
15.625 76.375 0.91334
15.625 76.625 0.77481
15.625 76.875 0.57011
15.625 77.125 0.38658
15.625 77.375 0.39904
15.625 77.625 0.43099
15.625 77.875 -0.10104
15.625 78.125 0.6927
15.625 78.375 0.65262
15.625 78.625 0.0074053
15.625 78.875 0.91444
15.625 79.125 0.78586
15.625 79.375 1.2049
15.625 79.625 0.21914
15.625 79.875 0.35117
15.625 80.125 0.060428
15.875 73.875 -1.8356
15.875 74.125 -1.9499
15.875 74.375 -0.32824
15.875 74.625 0.34315
15.875 74.875 -0.11922
15.875 75.125 -0.85483
15.875 75.375 -0.020589
15.875 75.625 0.003345
15.875 75.875 0.57243
15.875 76.125 0.70735
15.875 76.375 1.5432
15.875 76.625 0.94978
15.875 76.875 0.59878
15.875 77.125 0.98308
15.875 77.375 1.0522
15.875 77.625 -0.15782
15.875 77.875 0.70114
15.875 78.125 0.70282
15.875 78.375 1.0728
15.875 78.625 0.94152
15.875 78.875 0.797
15.875 79.125 0.81744
15.875 79.375 -0.028293
15.875 79.625 -0.66873
15.875 79.875 0.022019
15.875 80.125 0.039778
15.875 80.375 -0.33789
NaN NaN NaN
15.875 80.875 0.058757
16.125 73.625 0.74705
16.125 73.875 -1.2212
16.125 74.125 -0.90239
16.125 74.375 -0.90429
16.125 74.625 -0.45584
16.125 74.875 -0.67592
16.125 75.125 -1.265
16.125 75.375 -0.89474
16.125 75.625 -0.27761
16.125 75.875 0.73102
16.125 76.125 -0.3548
16.125 76.375 0.8625
16.125 76.625 1.0761
16.125 76.875 -0.36172
16.125 77.125 0.2805
16.125 77.375 1.4696
16.125 77.625 0.076732
16.125 77.875 0.83342
16.125 78.125 0.82105
16.125 78.375 0.88991
16.125 78.625 0.92356
16.125 78.875 0.91779
16.125 79.125 0.83198
16.125 79.375 -0.024176
16.125 79.625 -0.62924
16.125 79.875 0.55063
16.125 80.125 1.4429
16.125 80.375 0.9682
16.125 80.625 0.31693
16.125 80.875 0.45189
16.375 73.625 0.51197
16.375 73.875 -0.74508
16.375 74.125 -0.65252
16.375 74.375 0.15091
16.375 74.625 -1.4142
16.375 74.875 -0.095081
16.375 75.125 -0.94249
16.375 75.375 -0.63277
16.375 75.625 -0.10228
16.375 75.875 0.91898
16.375 76.125 1.6663
16.375 76.375 1.4722
16.375 76.625 1.2085
16.375 76.875 1.4825
16.375 77.125 0.40393
16.375 77.375 1.0116
16.375 77.625 0.9163
16.375 77.875 0.66288
16.375 78.125 0.81647
16.375 78.375 0.85988
16.375 78.625 1.0845
16.375 78.875 0.86889
16.375 79.125 0.71415
16.375 79.375 0.80634
16.375 79.625 0.31974
16.375 79.875 0.56972
16.375 80.125 0.73186
16.375 80.375 0.26796
16.375 80.625 0.22091
16.375 80.875 0.68235
16.375 81.125 0.74197
NaN NaN NaN
NaN NaN NaN
16.625 73.625 -0.46082
16.625 73.875 -1.4094
16.625 74.125 -1.3346
16.625 74.375 -1.9531
16.625 74.625 -1.1411
16.625 74.875 -1.1631
16.625 75.125 -0.54375
16.625 75.375 -0.46556
16.625 75.625 -0.1141
16.625 75.875 1.2099
16.625 76.125 1.1027
16.625 76.375 0.69868
16.625 76.625 0.044915
16.625 76.875 1.2095
16.625 77.125 1.1575
16.625 77.375 0.96416
16.625 77.625 0.84964
16.625 77.875 0.93722
16.625 78.125 1.302
16.625 78.375 1.0537
16.625 78.625 1.2397
16.625 78.875 0.70828
16.625 79.125 0.33667
16.625 79.375 0.11236
16.625 79.625 0.39554
16.625 79.875 0.45985
16.625 80.125 0.29402
16.625 80.375 -0.10399
16.625 80.625 -0.12249
16.625 80.875 0.13093
16.625 81.125 -0.19436
16.625 81.375 -0.80535
16.625 81.625 0.14407
16.625 81.875 -0.18353
16.625 82.125 -0.26168
16.875 73.375 1.1156
16.875 73.625 -1.1901
16.875 73.875 -1.3229
16.875 74.125 -1.9051
16.875 74.375 -1.7823
16.875 74.625 -1.9374
16.875 74.875 -2.1238
16.875 75.125 -1.1572
16.875 75.375 1.6509
16.875 75.625 1.6868
16.875 75.875 1.1036
16.875 76.125 0.74663
16.875 76.375 0.99024
16.875 76.625 1.1674
16.875 76.875 1.1584
16.875 77.125 0.81309
16.875 77.375 0.81051
16.875 77.625 0.020106
16.875 77.875 -0.51689
16.875 78.125 0.20689
16.875 78.375 0.50148
16.875 78.625 0.39285
16.875 78.875 -0.41795
16.875 79.125 -0.22175
16.875 79.375 -0.31422
16.875 79.625 0.29679
16.875 79.875 0.12076
16.875 80.125 0.44627
16.875 80.375 0.56512
16.875 80.625 0.26599
16.875 80.875 0.95417
16.875 81.125 -0.050798
16.875 81.375 -0.94328
16.875 81.625 -0.20545
16.875 81.875 -0.50286
16.875 82.125 -0.48945
17.125 73.375 0.69769
17.125 73.625 -1.6289
17.125 73.875 -0.46568
17.125 74.125 -1.287
17.125 74.375 -1
17.125 74.625 -1.9862
17.125 74.875 -1.2198
17.125 75.125 -0.76144
17.125 75.375 0.71133
17.125 75.625 1.1552
17.125 75.875 1.1981
17.125 76.125 0.12334
17.125 76.375 1.4267
17.125 76.625 1.5752
17.125 76.875 1.5935
17.125 77.125 0.82778
17.125 77.375 0.29011
17.125 77.625 0.039944
17.125 77.875 0.001366
17.125 78.125 0.95384
17.125 78.375 1.1961
17.125 78.625 0.26511
17.125 78.875 0.7661
17.125 79.125 0.013726
17.125 79.375 0.14814
17.125 79.625 0.19424
17.125 79.875 0.00672
17.125 80.125 0.64782
17.125 80.375 0.64857
17.125 80.625 0.69884
17.125 80.875 1.1211
17.125 81.125 0.17646
17.125 81.375 -0.25839
17.125 81.625 -0.72729
17.125 81.875 -0.82228
17.125 82.125 -0.34932
17.125 82.375 -0.22018
17.375 73.375 0.39472
17.375 73.625 -2.2325
17.375 73.875 -1.6905
17.375 74.125 -2.0856
17.375 74.375 -2.3049
17.375 74.625 -1.9529
17.375 74.875 -0.51785
17.375 75.125 -0.51441
17.375 75.375 -0.22252
17.375 75.625 1.305
17.375 75.875 0.18426
17.375 76.125 0.70123
17.375 76.375 1.3978
17.375 76.625 1.8045
17.375 76.875 1.5404
17.375 77.125 1.1121
17.375 77.375 0.17693
17.375 77.625 0.85779
17.375 77.875 0.67749
17.375 78.125 0.93083
17.375 78.375 0.40485
17.375 78.625 0.45287
17.375 78.875 1.6374
17.375 79.125 0.91479
17.375 79.375 0.99506
17.375 79.625 0.97479
17.375 79.875 1.0027
17.375 80.125 1.0838
17.375 80.375 0.70322
17.375 80.625 0.66796
17.375 80.875 0.25955
17.375 81.125 -0.71271
17.375 81.375 -0.86402
17.375 81.625 -0.93726
17.375 81.875 -0.86689
17.375 82.125 -0.41952
17.375 82.375 -0.19571
NaN NaN NaN
17.625 73.375 1.3061
17.625 73.625 -2.2064
17.625 73.875 -1.8062
17.625 74.125 -2.1494
17.625 74.375 -2.1887
17.625 74.625 -0.63801
17.625 74.875 -0.024523
17.625 75.125 -0.21938
17.625 75.375 -0.38156
17.625 75.625 0.63981
17.625 75.875 -0.23646
17.625 76.125 0.53352
17.625 76.375 0.6723
17.625 76.625 1.7379
17.625 76.875 1.6439
17.625 77.125 1.6114
17.625 77.375 0.57777
17.625 77.625 0.16711
17.625 77.875 0.88528
17.625 78.125 0.85176
17.625 78.375 0.71951
17.625 78.625 0.82746
17.625 78.875 0.95348
17.625 79.125 1.4855
17.625 79.375 1.1752
17.625 79.625 1.3681
17.625 79.875 1.0428
17.625 80.125 0.94018
17.625 80.375 0.78929
17.625 80.625 0.68872
17.625 80.875 0.90633
17.625 81.125 0.84247
17.625 81.375 -0.39112
17.625 81.625 -0.99634
17.625 81.875 -0.91355
17.625 82.125 -0.37529
17.625 82.375 -0.49488
17.625 82.625 0.089737
17.625 82.875 -0.56193
17.625 83.125 -0.23192
17.875 73.375 1.6996
17.875 73.625 -1.813
17.875 73.875 -1.7123
17.875 74.125 -2.1452
17.875 74.375 -1.9173
17.875 74.625 0.037869
17.875 74.875 0.70368
17.875 75.125 0.50521
17.875 75.375 0.050213
17.875 75.625 -1.2883
17.875 75.875 -1.5831
17.875 76.125 0.45145
17.875 76.375 1.4049
17.875 76.625 1.3765
17.875 76.875 1.2621
17.875 77.125 1.4044
17.875 77.375 0.89988
17.875 77.625 1.5489
17.875 77.875 1.2102
17.875 78.125 1.0672
17.875 78.375 0.63205
17.875 78.625 1.2756
17.875 78.875 1.3294
17.875 79.125 1.5397
17.875 79.375 1.1008
17.875 79.625 1.4346
17.875 79.875 1.4598
17.875 80.125 1.1493
17.875 80.375 0.53896
17.875 80.625 0.82998
17.875 80.875 1.1176
17.875 81.125 1.1448
17.875 81.375 0.93275
17.875 81.625 -0.38972
17.875 81.875 -0.83682
17.875 82.125 -0.78545
17.875 82.375 -0.28328
17.875 82.625 -0.13119
17.875 82.875 0.15358
17.875 83.125 -0.32821
17.875 83.375 -0.23126
NaN NaN NaN
18.125 73.375 0.62295
18.125 73.625 -0.76364
18.125 73.875 -1.7834
18.125 74.125 -1.9215
18.125 74.375 -1.4906
18.125 74.625 0.08078
18.125 74.875 1.2689
18.125 75.125 0.40632
18.125 75.375 0.71318
18.125 75.625 0.018208
18.125 75.875 1.0711
18.125 76.125 1.1726
18.125 76.375 1.616
18.125 76.625 1.4704
18.125 76.875 1.3731
18.125 77.125 1.3577
18.125 77.375 0.69526
18.125 77.625 0.75992
18.125 77.875 0.51369
18.125 78.125 1.5781
18.125 78.375 1.3053
18.125 78.625 0.82387
18.125 78.875 1.9453
18.125 79.125 1.2641
18.125 79.375 0.86127
18.125 79.625 0.95006
18.125 79.875 1.1181
18.125 80.125 1.1
18.125 80.375 0.81816
18.125 80.625 0.80528
18.125 80.875 0.58286
18.125 81.125 0.96004
18.125 81.375 1.0863
18.125 81.625 0.62651
18.125 81.875 -0.49999
18.125 82.125 -0.2607
18.125 82.375 -0.16689
18.125 82.625 0.14552
18.125 82.875 0.40915
18.125 83.125 0.7364
18.125 83.375 -0.030623
18.125 83.625 0.84018
18.375 73.125 0.58498
18.375 73.375 -0.73155
18.375 73.625 1.536
18.375 73.875 -0.011102
18.375 74.125 -1.1647
18.375 74.375 -1.1206
18.375 74.625 -1.0732
18.375 74.875 -0.23869
18.375 75.125 1.3174
18.375 75.375 1.8151
18.375 75.625 1.5933
18.375 75.875 0.5253
18.375 76.125 0.99786
18.375 76.375 1.6207
18.375 76.625 1.2216
18.375 76.875 1.2418
18.375 77.125 0.68527
18.375 77.375 0.54568
18.375 77.625 0.46604
18.375 77.875 0.58968
18.375 78.125 1.4772
18.375 78.375 1.2177
18.375 78.625 0.35089
18.375 78.875 0.3245
18.375 79.125 1.2789
18.375 79.375 1.1831
18.375 79.625 1.0835
18.375 79.875 1.1073
18.375 80.125 1.0276
18.375 80.375 1.0441
18.375 80.625 0.93393
18.375 80.875 -0.18006
18.375 81.125 0.65216
18.375 81.375 1.0056
18.375 81.625 0.90556
18.375 81.875 0.68788
18.375 82.125 0.56607
18.375 82.375 0.56931
18.375 82.625 0.47509
18.375 82.875 -1.3939
18.375 83.125 1.0118
18.375 83.375 0.65927
18.375 83.625 0.44294
18.375 83.875 0.09714
18.625 73.125 1.4623
18.625 73.375 0.32755
18.625 73.625 0.77845
18.625 73.875 0.57035
18.625 74.125 -0.58274
18.625 74.375 -0.79873
18.625 74.625 -0.58115
18.625 74.875 0.21354
18.625 75.125 1.1496
18.625 75.375 1.3064
18.625 75.625 0.87555
18.625 75.875 0.97764
18.625 76.125 -0.25758
18.625 76.375 1.3206
18.625 76.625 1.9897
18.625 76.875 1.6358
18.625 77.125 0.91448
18.625 77.375 0.76173
18.625 77.625 0.99862
18.625 77.875 1.0547
18.625 78.125 1.0886
18.625 78.375 0.90068
18.625 78.625 -0.89616
18.625 78.875 0.57716
18.625 79.125 -0.26234
18.625 79.375 1.3405
18.625 79.625 0.70726
18.625 79.875 1.2992
18.625 80.125 1.5168
18.625 80.375 1.631
18.625 80.625 1.8479
18.625 80.875 0.59991
18.625 81.125 0.74328
18.625 81.375 1.0762
18.625 81.625 1.0024
18.625 81.875 0.88389
18.625 82.125 1.0876
18.625 82.375 1.3187
18.625 82.625 0.99502
18.625 82.875 0.34527
18.625 83.125 -0.57078
18.625 83.375 -0.22472
18.625 83.625 0.12491
18.625 83.875 0.12578
18.625 84.125 0.26264
18.875 73.125 1.6649
18.875 73.375 1.3459
18.875 73.625 1.5352
18.875 73.875 0.79768
18.875 74.125 -0.35208
18.875 74.375 0.93409
18.875 74.625 1.6535
18.875 74.875 1.4257
18.875 75.125 1.0233
18.875 75.375 1.7033
18.875 75.625 1.5156
18.875 75.875 0.82704
18.875 76.125 1.0154
18.875 76.375 1.5287
18.875 76.625 1.8911
18.875 76.875 1.9685
18.875 77.125 1.4226
18.875 77.375 0.85183
18.875 77.625 1.8945
18.875 77.875 1.7357
18.875 78.125 1.469
18.875 78.375 -1.6675
18.875 78.625 0.18965
18.875 78.875 0.68093
18.875 79.125 0.32813
18.875 79.375 1.6106
18.875 79.625 1.1697
18.875 79.875 1.1169
18.875 80.125 1.1123
18.875 80.375 1.4892
18.875 80.625 1.9171
18.875 80.875 1.7098
18.875 81.125 1.1919
18.875 81.375 0.90673
18.875 81.625 -0.23044
18.875 81.875 1.1686
18.875 82.125 0.86422
18.875 82.375 0.97904
18.875 82.625 0.7649
18.875 82.875 0.93857
18.875 83.125 -0.42262
18.875 83.375 -0.013666
18.875 83.625 0.79009
18.875 83.875 0.7407
18.875 84.125 0.22725
18.875 84.375 -0.11654
19.125 73.125 1.282
19.125 73.375 1.1785
19.125 73.625 0.63158
19.125 73.875 0.78284
19.125 74.125 0.79501
19.125 74.375 1.7069
19.125 74.625 2.0328
19.125 74.875 1.7731
19.125 75.125 1.5536
19.125 75.375 1.1799
19.125 75.625 0.98072
19.125 75.875 0.75213
19.125 76.125 0.94204
19.125 76.375 1.1136
19.125 76.625 1.5317
19.125 76.875 1.5871
19.125 77.125 1.674
19.125 77.375 0.95243
19.125 77.625 1.5015
19.125 77.875 1.0724
19.125 78.125 0.59126
19.125 78.375 0.57028
19.125 78.625 0.62299
19.125 78.875 0.67939
19.125 79.125 0.52179
19.125 79.375 0.75795
19.125 79.625 1.2067
19.125 79.875 0.61045
19.125 80.125 0.56203
19.125 80.375 1.2475
19.125 80.625 1.7506
19.125 80.875 1.5432
19.125 81.125 1.062
19.125 81.375 0.21949
19.125 81.625 -0.17153
19.125 81.875 -0.74423
19.125 82.125 0.8514
19.125 82.375 1.4162
19.125 82.625 0.55574
19.125 82.875 -0.13121
19.125 83.125 -0.72213
19.125 83.375 -0.53864
19.125 83.625 -0.56518
19.125 83.875 0.36756
19.125 84.125 0.20965
19.125 84.375 -0.43779
19.125 84.625 -0.531
19.375 72.875 1.4259
19.375 73.125 1.1909
19.375 73.375 1.2848
19.375 73.625 0.86465
19.375 73.875 0.61271
19.375 74.125 1.1832
19.375 74.375 1.7356
19.375 74.625 1.5159
19.375 74.875 1.6348
19.375 75.125 1.5559
19.375 75.375 1.2214
19.375 75.625 0.37243
19.375 75.875 0.31741
19.375 76.125 0.99644
19.375 76.375 0.31516
19.375 76.625 0.78946
19.375 76.875 1.2452
19.375 77.125 1.2024
19.375 77.375 1.3787
19.375 77.625 1.4268
19.375 77.875 1.0235
19.375 78.125 1.3758
19.375 78.375 0.81021
19.375 78.625 0.60449
19.375 78.875 0.61648
19.375 79.125 0.78964
19.375 79.375 1.0653
19.375 79.625 1.0117
19.375 79.875 0.56627
19.375 80.125 1.1135
19.375 80.375 1.1352
19.375 80.625 1.4776
19.375 80.875 1.2019
19.375 81.125 0.37035
19.375 81.375 0.039791
19.375 81.625 0.093349
19.375 81.875 0.81648
19.375 82.125 1.0927
19.375 82.375 1.0542
19.375 82.625 0.9279
19.375 82.875 0.81438
19.375 83.125 0.23036
19.375 83.375 -1.1527
19.375 83.625 -0.84217
19.375 83.875 -0.030476
19.375 84.125 0.089788
19.375 84.375 0.0092927
19.375 84.625 -0.13315
19.375 84.875 -0.22412
19.625 72.875 1.6112
19.625 73.125 1.7151
19.625 73.375 1.3822
19.625 73.625 1.1097
19.625 73.875 0.84521
19.625 74.125 1.0222
19.625 74.375 1.4029
19.625 74.625 1.3809
19.625 74.875 0.89247
19.625 75.125 0.80404
19.625 75.375 0.92008
19.625 75.625 0.99409
19.625 75.875 0.7235
19.625 76.125 0.97633
19.625 76.375 0.21974
19.625 76.625 0.21805
19.625 76.875 -0.47772
19.625 77.125 0.45665
19.625 77.375 0.86754
19.625 77.625 1.406
19.625 77.875 1.2564
19.625 78.125 1.7251
19.625 78.375 1.45
19.625 78.625 1.3663
19.625 78.875 0.80479
19.625 79.125 0.67296
19.625 79.375 0.73534
19.625 79.625 0.80636
19.625 79.875 0.79144
19.625 80.125 0.66704
19.625 80.375 1.0497
19.625 80.625 1.1799
19.625 80.875 1.0264
19.625 81.125 0.52866
19.625 81.375 0.0051512
19.625 81.625 0.45283
19.625 81.875 1.0876
19.625 82.125 1.2689
19.625 82.375 1.0079
19.625 82.625 0.99354
19.625 82.875 1.0198
19.625 83.125 1.1393
19.625 83.375 0.57608
19.625 83.625 0.75043
19.625 83.875 0.69079
19.625 84.125 -0.033263
19.625 84.375 -0.1661
19.625 84.625 -0.03879
19.625 84.875 -0.31199
19.625 85.125 -1.0053
19.625 85.375 -0.35142
19.875 72.875 1.7746
19.875 73.125 1.719
19.875 73.375 1.7138
19.875 73.625 1.8103
19.875 73.875 1.5021
19.875 74.125 1.2237
19.875 74.375 1.3817
19.875 74.625 1.3278
19.875 74.875 1.2476
19.875 75.125 0.28957
19.875 75.375 0.50852
19.875 75.625 0.56582
19.875 75.875 0.65774
19.875 76.125 0.61552
19.875 76.375 0.33984
19.875 76.625 -0.33728
19.875 76.875 0.0028489
19.875 77.125 0.74749
19.875 77.375 1.395
19.875 77.625 1.4788
19.875 77.875 1.0614
19.875 78.125 1.399
19.875 78.375 1.7785
19.875 78.625 0.96401
19.875 78.875 0.80924
19.875 79.125 0.907
19.875 79.375 0.57061
19.875 79.625 0.85541
19.875 79.875 1.0006
19.875 80.125 0.80742
19.875 80.375 1.0049
19.875 80.625 1.2459
19.875 80.875 1.3847
19.875 81.125 0.71466
19.875 81.375 -0.75994
19.875 81.625 0.97839
19.875 81.875 1.5992
19.875 82.125 0.90977
19.875 82.375 0.75526
19.875 82.625 0.81375
19.875 82.875 0.63084
19.875 83.125 0.67742
19.875 83.375 0.16874
19.875 83.625 0.35628
19.875 83.875 0.036977
19.875 84.125 0.31618
19.875 84.375 0.2301
19.875 84.625 0.32711
19.875 84.875 -0.32722
19.875 85.125 -0.37801
19.875 85.375 -1.0734
NaN NaN NaN
NaN NaN NaN
NaN NaN NaN
20.125 72.875 1.4785
20.125 73.125 1.7221
20.125 73.375 1.4893
20.125 73.625 2.1722
20.125 73.875 1.157
20.125 74.125 1.1606
20.125 74.375 1.458
20.125 74.625 1.1758
20.125 74.875 1.0725
20.125 75.125 0.68194
20.125 75.375 0.27931
20.125 75.625 -0.11668
20.125 75.875 -0.071153
20.125 76.125 0.29396
20.125 76.375 0.24135
20.125 76.625 0.33929
20.125 76.875 0.32674
20.125 77.125 0.82413
20.125 77.375 1.3927
20.125 77.625 1.0255
20.125 77.875 0.61823
20.125 78.125 0.80468
20.125 78.375 0.75806
20.125 78.625 1.0311
20.125 78.875 0.93339
20.125 79.125 0.58151
20.125 79.375 0.35331
20.125 79.625 0.78313
20.125 79.875 0.8982
20.125 80.125 0.85935
20.125 80.375 1.2094
20.125 80.625 1.3439
20.125 80.875 1.6798
20.125 81.125 0.73898
20.125 81.375 1.0252
20.125 81.625 1.3875
20.125 81.875 1.7284
20.125 82.125 1.2054
20.125 82.375 0.35169
20.125 82.625 0.31576
20.125 82.875 0.30803
20.125 83.125 0.28306
20.125 83.375 -0.70257
20.125 83.625 -1.002
20.125 83.875 0.82674
20.125 84.125 0.64045
20.125 84.375 -0.34261
20.125 84.625 0.082031
20.125 84.875 -0.011852
20.125 85.125 1.592
20.125 85.375 -0.22323
20.125 85.625 0.07935
20.125 85.875 -1.052
20.125 86.125 -0.65296
NaN NaN NaN
20.375 73.125 1.4325
20.375 73.375 1.4238
20.375 73.625 1.3349
20.375 73.875 0.79054
20.375 74.125 0.72033
20.375 74.375 1.0317
20.375 74.625 0.63742
20.375 74.875 0.70279
20.375 75.125 1.511
20.375 75.375 1.2629
20.375 75.625 0.56796
20.375 75.875 0.36486
20.375 76.125 0.089901
20.375 76.375 -0.1194
20.375 76.625 -0.0031644
20.375 76.875 -0.18139
20.375 77.125 0.22301
20.375 77.375 0.83452
20.375 77.625 0.90313
20.375 77.875 -0.18973
20.375 78.125 0.43521
20.375 78.375 0.95717
20.375 78.625 1.3152
20.375 78.875 0.94646
20.375 79.125 0.68699
20.375 79.375 0.91557
20.375 79.625 1.0952
20.375 79.875 1.2615
20.375 80.125 1.4666
20.375 80.375 1.3882
20.375 80.625 1.5951
20.375 80.875 1.4969
20.375 81.125 1.0917
20.375 81.375 0.85769
20.375 81.625 1.8828
20.375 81.875 1.6467
20.375 82.125 1.3733
20.375 82.375 1.1144
20.375 82.625 0.87721
20.375 82.875 0.57463
20.375 83.125 0.54784
20.375 83.375 -0.045803
20.375 83.625 -0.17874
20.375 83.875 -0.29395
20.375 84.125 -0.13177
20.375 84.375 -0.65587
20.375 84.625 -0.14787
20.375 84.875 -0.41696
20.375 85.125 -0.2635
20.375 85.375 -0.24912
20.375 85.625 0.48285
20.375 85.875 -0.40757
20.375 86.125 -0.27237
20.375 86.375 0.092635
NaN NaN NaN
20.625 73.125 0.72117
20.625 73.375 1.6199
20.625 73.625 1.6714
20.625 73.875 1.5581
20.625 74.125 1.2637
20.625 74.375 1.2544
20.625 74.625 1.2433
20.625 74.875 0.88094
20.625 75.125 1.5719
20.625 75.375 1.296
20.625 75.625 0.70342
20.625 75.875 0.11971
20.625 76.125 -0.41381
20.625 76.375 -0.11383
20.625 76.625 -0.4256
20.625 76.875 -0.22893
20.625 77.125 -0.31576
20.625 77.375 -0.021157
20.625 77.625 0.33439
20.625 77.875 0.85782
20.625 78.125 0.88536
20.625 78.375 1.0692
20.625 78.625 1.6802
20.625 78.875 1.2848
20.625 79.125 0.8448
20.625 79.375 0.44957
20.625 79.625 0.97484
20.625 79.875 1.3207
20.625 80.125 1.5874
20.625 80.375 1.4062
20.625 80.625 0.64236
20.625 80.875 1.0023
20.625 81.125 0.98741
20.625 81.375 0.94946
20.625 81.625 1.5227
20.625 81.875 1.6512
20.625 82.125 1.7893
20.625 82.375 1.2296
20.625 82.625 0.7277
20.625 82.875 0.75478
20.625 83.125 0.78372
20.625 83.375 0.25098
20.625 83.625 -0.10655
20.625 83.875 -0.84733
20.625 84.125 -0.49642
20.625 84.375 -1.062
20.625 84.625 -0.22877
20.625 84.875 -0.10666
20.625 85.125 -0.34364
20.625 85.375 0.50289
20.625 85.625 -1.2373
20.625 85.875 -0.13887
20.625 86.125 0.077822
20.625 86.375 0.18643
20.625 86.625 0.15928
NaN NaN NaN
20.875 70.625 1.5243
20.875 70.875 1.5327
20.875 71.125 1.505
20.875 71.375 1.8553
20.875 72.875 1.0469
20.875 73.125 1.0158
20.875 73.375 1.1208
20.875 73.625 1.4736
20.875 73.875 1.3391
20.875 74.125 1.2582
20.875 74.375 1.4807
20.875 74.625 1.3075
20.875 74.875 0.58231
20.875 75.125 0.54209
20.875 75.375 0.24398
20.875 75.625 0.031288
20.875 75.875 0.45431
20.875 76.125 0.55255
20.875 76.375 0.14691
20.875 76.625 -0.026752
20.875 76.875 0.34971
20.875 77.125 0.15246
20.875 77.375 0.12396
20.875 77.625 0.47124
20.875 77.875 0.62602
20.875 78.125 0.98942
20.875 78.375 1.2724
20.875 78.625 0.79843
20.875 78.875 0.88049
20.875 79.125 0.65385
20.875 79.375 0.19351
20.875 79.625 1.2209
20.875 79.875 0.64446
20.875 80.125 0.83845
20.875 80.375 0.2319
20.875 80.625 0.72635
20.875 80.875 1.5769
20.875 81.125 1.4669
20.875 81.375 0.51483
20.875 81.625 2.018
20.875 81.875 1.6112
20.875 82.125 1.4471
20.875 82.375 1.4654
20.875 82.625 -0.30787
20.875 82.875 0.62247
20.875 83.125 0.91983
20.875 83.375 0.66875
20.875 83.625 0.857
20.875 83.875 -0.12272
20.875 84.125 -0.58187
20.875 84.375 -0.57211
20.875 84.625 0.12026
20.875 84.875 -0.094994
20.875 85.125 -0.12452
20.875 85.375 0.53492
20.875 85.625 0.030686
20.875 85.875 -0.31818
20.875 86.125 0.30977
20.875 86.375 -0.11876
20.875 86.625 -0.08561
21.125 70.375 1.4755
21.125 70.625 1.2192
21.125 70.875 0.85797
21.125 71.125 1.2099
21.125 71.375 1.7109
NaN NaN NaN
NaN NaN NaN
21.125 72.875 0.81135
21.125 73.125 0.44289
21.125 73.375 1.6702
21.125 73.625 0.80637
21.125 73.875 0.71142
21.125 74.125 0.96306
21.125 74.375 1.3102
21.125 74.625 1.2491
21.125 74.875 0.73819
21.125 75.125 0.53505
21.125 75.375 1.0986
21.125 75.625 0.35885
21.125 75.875 1.2512
21.125 76.125 1.8063
21.125 76.375 1.0055
21.125 76.625 0.23928
21.125 76.875 0.48699
21.125 77.125 0.68375
21.125 77.375 0.62395
21.125 77.625 0.54624
21.125 77.875 0.45802
21.125 78.125 0.84879
21.125 78.375 0.81358
21.125 78.625 0.10907
21.125 78.875 0.41057
21.125 79.125 -0.027859
21.125 79.375 -0.22327
21.125 79.625 0.69542
21.125 79.875 1.5801
21.125 80.125 1.2409
21.125 80.375 -0.64771
21.125 80.625 0.56496
21.125 80.875 0.85093
21.125 81.125 1.2916
21.125 81.375 1.227
21.125 81.625 1.0506
21.125 81.875 1.4478
21.125 82.125 1.8323
21.125 82.375 1.1712
21.125 82.625 0.98018
21.125 82.875 1.0146
21.125 83.125 1.0123
21.125 83.375 0.83073
21.125 83.625 1.308
21.125 83.875 0.85872
21.125 84.125 -0.47095
21.125 84.375 -1.1717
21.125 84.625 0.66829
21.125 84.875 0.56252
21.125 85.125 0.13257
21.125 85.375 0.16649
21.125 85.625 -0.033239
21.125 85.875 0.42331
21.125 86.125 -0.071847
21.125 86.375 -0.21178
21.125 86.625 -0.10405
21.375 70.125 1.2002
21.375 70.375 0.9166
21.375 70.625 1.1864
21.375 70.875 0.956
21.375 71.125 1.0576
21.375 71.375 1.5778
21.375 71.625 1.4751
21.375 71.875 1.6122
21.375 72.875 1.6514
21.375 73.125 1.656
21.375 73.375 1.2867
21.375 73.625 1.0111
21.375 73.875 0.50116
21.375 74.125 0.78974
21.375 74.375 1.1228
21.375 74.625 1.2828
21.375 74.875 1.3195
21.375 75.125 0.88632
21.375 75.375 0.74095
21.375 75.625 0.40873
21.375 75.875 1.1824
21.375 76.125 1.7395
21.375 76.375 1.3295
21.375 76.625 0.47756
21.375 76.875 0.41271
21.375 77.125 0.73761
21.375 77.375 1.2647
21.375 77.625 0.6463
21.375 77.875 0.61857
21.375 78.125 0.82593
21.375 78.375 0.74799
21.375 78.625 0.24025
21.375 78.875 0.39264
21.375 79.125 0.44273
21.375 79.375 -0.34058
21.375 79.625 -1.5801
21.375 79.875 0.60467
21.375 80.125 -0.86725
21.375 80.375 0.013445
21.375 80.625 0.52923
21.375 80.875 -0.32952
21.375 81.125 -0.89759
21.375 81.375 0.32575
21.375 81.625 1.066
21.375 81.875 1.254
21.375 82.125 1.3677
21.375 82.375 1.2357
21.375 82.625 0.32991
21.375 82.875 0.38854
21.375 83.125 0.5196
21.375 83.375 1.4356
21.375 83.625 1.3666
21.375 83.875 0.90844
21.375 84.125 0.39229
21.375 84.375 0.51621
21.375 84.625 1.5197
21.375 84.875 0.089935
21.375 85.125 0.65481
21.375 85.375 0.40996
21.375 85.625 0.44261
21.375 85.875 -0.047401
21.375 86.125 -0.11616
21.375 86.375 -0.10727
21.375 86.625 -0.2712
21.375 86.875 0.066577
21.625 69.875 0.59006
21.625 70.125 0.5956
21.625 70.375 0.59068
21.625 70.625 0.85844
21.625 70.875 1.1035
21.625 71.125 1.0479
21.625 71.375 1.2938
21.625 71.625 1.6077
21.625 71.875 1.3481
21.625 72.125 1.1975
21.625 72.875 0.95975
21.625 73.125 0.76758
21.625 73.375 0.85875
21.625 73.625 0.87323
21.625 73.875 0.77538
21.625 74.125 0.88763
21.625 74.375 1.228
21.625 74.625 1.5764
21.625 74.875 1.7705
21.625 75.125 1.275
21.625 75.375 0.89343
21.625 75.625 0.68289
21.625 75.875 0.89906
21.625 76.125 0.67227
21.625 76.375 0.20595
21.625 76.625 0.28959
21.625 76.875 0.48817
21.625 77.125 1.1726
21.625 77.375 1.484
21.625 77.625 0.6926
21.625 77.875 0.21192
21.625 78.125 0.34837
21.625 78.375 0.45645
21.625 78.625 -0.27651
21.625 78.875 -0.17734
21.625 79.125 0.39628
21.625 79.375 -0.20109
21.625 79.625 -0.73406
21.625 79.875 -0.83282
21.625 80.125 -1.0897
21.625 80.375 0.79003
21.625 80.625 0.2079
21.625 80.875 -0.73214
21.625 81.125 -1.621
21.625 81.375 -0.7582
21.625 81.625 0.68069
21.625 81.875 1.3183
21.625 82.125 1.1596
21.625 82.375 0.95439
21.625 82.625 0.25884
21.625 82.875 0.46513
21.625 83.125 0.80494
21.625 83.375 0.43987
21.625 83.625 0.8838
21.625 83.875 0.90426
21.625 84.125 0.8724
21.625 84.375 1.4007
21.625 84.625 1.2389
21.625 84.875 1.4091
21.625 85.125 0.66743
21.625 85.375 0.87034
21.625 85.625 0.89447
21.625 85.875 1.31
21.625 86.125 0.57367
21.625 86.375 0.29024
21.625 86.625 -0.68501
21.625 86.875 -0.092552
21.625 87.125 0.40825
NaN NaN NaN
NaN NaN NaN
21.875 69.625 0.92599
21.875 69.875 0.75543
21.875 70.125 0.82036
21.875 70.375 0.88893
21.875 70.625 0.94003
21.875 70.875 0.49082
21.875 71.125 0.51606
21.875 71.375 1.032
21.875 71.625 1.3256
21.875 71.875 1.1814
21.875 72.125 1.1302
NaN NaN NaN
21.875 72.875 0.62467
21.875 73.125 0.52821
21.875 73.375 0.52705
21.875 73.625 0.4491
21.875 73.875 0.94218
21.875 74.125 0.989
21.875 74.375 1.3818
21.875 74.625 1.2424
21.875 74.875 0.92657
21.875 75.125 0.92853
21.875 75.375 -0.093703
21.875 75.625 0.37252
21.875 75.875 0.50439
21.875 76.125 0.60949
21.875 76.375 0.37574
21.875 76.625 0.2447
21.875 76.875 0.61773
21.875 77.125 1.126
21.875 77.375 0.96643
21.875 77.625 0.51053
21.875 77.875 0.14208
21.875 78.125 -0.16911
21.875 78.375 -0.48612
21.875 78.625 -0.44733
21.875 78.875 0.40233
21.875 79.125 0.27906
21.875 79.375 0.49474
21.875 79.625 0.50885
21.875 79.875 0.33234
21.875 80.125 0.83232
21.875 80.375 0.79999
21.875 80.625 0.58248
21.875 80.875 -0.3285
21.875 81.125 -0.67664
21.875 81.375 -0.51454
21.875 81.625 0.62896
21.875 81.875 -0.27216
21.875 82.125 0.7826
21.875 82.375 0.38305
21.875 82.625 -0.29185
21.875 82.875 0.6627
21.875 83.125 0.6445
21.875 83.375 0.3392
21.875 83.625 0.31906
21.875 83.875 1.2849
21.875 84.125 1.1354
21.875 84.375 1.3631
21.875 84.625 1.3046
21.875 84.875 1.5585
21.875 85.125 1.153
21.875 85.375 1.0498
21.875 85.625 0.5956
21.875 85.875 1.3017
21.875 86.125 0.65089
21.875 86.375 0.11818
21.875 86.625 -0.68492
21.875 86.875 -0.62664
21.875 87.125 0.58408
21.875 87.375 0.86473
21.875 87.625 0.21487
21.875 87.875 0.022325
21.875 88.375 -0.21037
NaN NaN NaN
NaN NaN NaN
22.125 69.125 1.0438
22.125 69.375 1.2629
22.125 69.625 1.1624
22.125 69.875 0.96684
22.125 70.125 0.87848
22.125 70.375 0.83102
22.125 70.625 0.56821
22.125 70.875 0.63677
22.125 71.125 0.42329
22.125 71.375 1.1685
22.125 71.625 1.3031
22.125 71.875 1.1564
22.125 72.125 1.1583
NaN NaN NaN
22.125 72.875 0.92337
22.125 73.125 0.87277
22.125 73.375 0.77573
22.125 73.625 0.7856
22.125 73.875 0.9845
22.125 74.125 1.2927
22.125 74.375 0.90273
22.125 74.625 0.52325
22.125 74.875 0.57585
22.125 75.125 0.59683
22.125 75.375 0.29276
22.125 75.625 0.80701
22.125 75.875 0.59698
22.125 76.125 0.85407
22.125 76.375 0.43265
22.125 76.625 0.82021
22.125 76.875 1.0664
22.125 77.125 1.1199
22.125 77.375 1.0229
22.125 77.625 0.34782
22.125 77.875 0.32478
22.125 78.125 0.50736
22.125 78.375 0.7375
22.125 78.625 -0.57325
22.125 78.875 -0.30749
22.125 79.125 -0.35862
22.125 79.375 -1.0748
22.125 79.625 0.30544
22.125 79.875 0.37528
22.125 80.125 0.85296
22.125 80.375 1.4296
22.125 80.625 1.3333
22.125 80.875 -0.17551
22.125 81.125 -0.77165
22.125 81.375 0.98281
22.125 81.625 0.82206
22.125 81.875 0.3894
22.125 82.125 -0.040529
22.125 82.375 -0.98693
22.125 82.625 -0.68399
22.125 82.875 -0.31869
22.125 83.125 -0.33109
22.125 83.375 -0.33046
22.125 83.625 0.4241
22.125 83.875 0.57512
22.125 84.125 1.2041
22.125 84.375 1.4481
22.125 84.625 1.5061
22.125 84.875 1.467
22.125 85.125 1.0709
22.125 85.375 0.773
22.125 85.625 0.459
22.125 85.875 0.47041
22.125 86.125 0.74245
22.125 86.375 1.0072
22.125 86.625 0.70761
22.125 86.875 0.57621
22.125 87.125 0.5257
22.125 87.375 -0.0044723
22.125 87.625 0.075057
22.125 87.875 0.24472
22.125 88.125 -0.027126
22.125 88.375 -0.055503
NaN NaN NaN
22.375 69.125 0.93564
22.375 69.875 0.66784
22.375 70.125 1.1859
22.375 70.375 0.97658
22.375 70.625 0.91707
22.375 70.875 1.0952
22.375 71.125 1.3506
22.375 71.375 1.3021
22.375 71.625 1.4359
22.375 71.875 1.3541
22.375 72.125 0.77797
NaN NaN NaN
22.375 72.875 0.74264
22.375 73.125 1.0645
22.375 73.375 1.0266
22.375 73.625 1.1018
22.375 73.875 0.76658
22.375 74.125 0.77145
22.375 74.375 0.78883
22.375 74.625 0.73359
22.375 74.875 0.75953
22.375 75.125 0.84423
22.375 75.375 0.686
22.375 75.625 0.57157
22.375 75.875 -0.2275
22.375 76.125 0.76513
22.375 76.375 0.38594
22.375 76.625 1.5578
22.375 76.875 1.3752
22.375 77.125 1.4244
22.375 77.375 1.3421
22.375 77.625 1.0072
22.375 77.875 0.93766
22.375 78.125 0.81313
22.375 78.375 1.2773
22.375 78.625 -0.089655
22.375 78.875 -0.074979
22.375 79.125 -0.20644
22.375 79.375 0.33257
22.375 79.625 0.72146
22.375 79.875 0.093809
22.375 80.125 0.65659
22.375 80.375 1.9212
22.375 80.625 0.96109
22.375 80.875 0.39042
22.375 81.125 0.24553
22.375 81.375 0.77436
22.375 81.625 0.15167
22.375 81.875 -0.072782
22.375 82.125 0.12635
22.375 82.375 -0.71802
22.375 82.625 -1.894
22.375 82.875 -1.4741
22.375 83.125 -1.633
22.375 83.375 -1.6911
22.375 83.625 -1.6009
22.375 83.875 -0.2347
22.375 84.125 0.18113
22.375 84.375 0.63156
22.375 84.625 0.90112
22.375 84.875 0.78596
22.375 85.125 0.76015
22.375 85.375 0.17217
22.375 85.625 -0.26832
22.375 85.875 -0.78819
22.375 86.125 -0.55407
22.375 86.375 0.57774
22.375 86.625 0.59144
22.375 86.875 0.60048
22.375 87.125 0.68082
22.375 87.375 0.15575
22.375 87.625 0.082346
22.375 87.875 0.83326
22.375 88.125 -0.63711
22.375 88.375 -0.1009
22.375 88.625 -0.1494
22.375 88.875 -0.25105
NaN NaN NaN
22.625 70.375 1.1784
22.625 70.625 1.3686
22.625 70.875 1.1526
22.625 71.125 1.1386
22.625 71.375 1.232
22.625 71.625 1.3074
22.625 71.875 1.3147
22.625 72.125 0.91009
22.625 72.375 0.97345
22.625 72.625 1.3981
22.625 72.875 0.94563
22.625 73.125 0.94204
22.625 73.375 1.0934
22.625 73.625 0.92893
22.625 73.875 0.61281
22.625 74.125 1.3116
22.625 74.375 1.1562
22.625 74.625 1.0342
22.625 74.875 0.83199
22.625 75.125 0.84913
22.625 75.375 0.27248
22.625 75.625 0.084039
22.625 75.875 0.4753
22.625 76.125 1.0376
22.625 76.375 0.40474
22.625 76.625 1.3681
22.625 76.875 1.607
22.625 77.125 1.3871
22.625 77.375 1.103
22.625 77.625 1.0747
22.625 77.875 1.0861
22.625 78.125 0.96035
22.625 78.375 0.67441
22.625 78.625 0.65284
22.625 78.875 0.54946
22.625 79.125 0.44166
22.625 79.375 0.37847
22.625 79.625 0.35554
22.625 79.875 0.2231
22.625 80.125 0.66314
22.625 80.375 0.09911
22.625 80.625 -0.35513
22.625 80.875 -0.23976
22.625 81.125 0.49266
22.625 81.375 -0.0073738
22.625 81.625 0.21477
22.625 81.875 0.19297
22.625 82.125 -0.29864
22.625 82.375 -1.3053
22.625 82.625 -1.7954
22.625 82.875 -1.9315
22.625 83.125 -1.9904
22.625 83.375 -0.72543
22.625 83.625 -0.48891
22.625 83.875 -1.4498
22.625 84.125 -0.10924
22.625 84.375 0.13022
22.625 84.625 -0.72556
22.625 84.875 -0.01614
22.625 85.125 0.59708
22.625 85.375 0.33778
22.625 85.625 -0.22475
22.625 85.875 -0.21773
22.625 86.125 -0.56195
22.625 86.375 0.34327
22.625 86.625 0.17416
22.625 86.875 0.48268
22.625 87.125 0.77887
22.625 87.375 0.43644
22.625 87.625 0.19881
22.625 87.875 -0.05044
22.625 88.125 0.20291
22.625 88.375 -0.18523
22.625 88.625 -0.22436
22.625 88.875 -0.29523
22.625 92.625 -0.3306
22.625 92.875 1.0982
NaN NaN NaN
NaN NaN NaN
NaN NaN NaN
22.875 70.625 1.4281
22.875 70.875 1.3203
22.875 71.125 1.2281
22.875 71.375 1.2174
22.875 71.625 1.2214
22.875 71.875 1.0666
22.875 72.125 1.2125
22.875 72.375 1.1309
22.875 72.625 1.1764
22.875 72.875 1.1527
22.875 73.125 1.2685
22.875 73.375 0.96239
22.875 73.625 0.72029
22.875 73.875 0.79937
22.875 74.125 1.1998
22.875 74.375 1.1586
22.875 74.625 1.123
22.875 74.875 0.89923
22.875 75.125 0.78922
22.875 75.375 0.25698
22.875 75.625 0.35654
22.875 75.875 0.57309
22.875 76.125 0.46995
22.875 76.375 0.74893
22.875 76.625 0.46582
22.875 76.875 0.49926
22.875 77.125 0.8914
22.875 77.375 1.2287
22.875 77.625 1.0387
22.875 77.875 0.97178
22.875 78.125 0.86916
22.875 78.375 0.62267
22.875 78.625 0.51484
22.875 78.875 0.51654
22.875 79.125 0.21877
22.875 79.375 0.29513
22.875 79.625 -0.61455
22.875 79.875 -0.080192
22.875 80.125 0.016684
22.875 80.375 0.27151
22.875 80.625 0.0018102
22.875 80.875 0.41308
22.875 81.125 0.18329
22.875 81.375 -0.73366
22.875 81.625 -0.76782
22.875 81.875 -0.27178
22.875 82.125 -0.35103
22.875 82.375 -0.41718
22.875 82.625 -1.7984
22.875 82.875 -0.97886
22.875 83.125 -1.7377
22.875 83.375 -0.15849
22.875 83.625 0.92666
22.875 83.875 -0.80133
22.875 84.125 -0.70657
22.875 84.375 -0.56246
22.875 84.625 -0.53871
22.875 84.875 -0.11568
22.875 85.125 0.39824
22.875 85.375 0.55097
22.875 85.625 0.432
22.875 85.875 0.29643
22.875 86.125 0.4068
22.875 86.375 0.15495
22.875 86.625 0.51603
22.875 86.875 0.59103
22.875 87.125 1.0603
22.875 87.375 0.90651
22.875 87.625 0.12976
22.875 87.875 -0.8729
22.875 88.125 -0.4724
22.875 88.375 -0.34786
22.875 88.625 -0.26638
22.875 92.625 -0.30704
22.875 92.875 0.65256
23.125 68.875 1.1303
23.125 69.125 1.4838
23.125 69.375 1.2558
23.125 69.625 1.2386
23.125 69.875 1.3487
23.125 70.125 1.2578
23.125 70.875 1.3389
23.125 71.125 1.2983
23.125 71.375 1.174
23.125 71.625 1.1535
23.125 71.875 0.95244
23.125 72.125 1.2394
23.125 72.375 1.3187
23.125 72.625 1.3314
23.125 72.875 1.2667
23.125 73.125 1.0998
23.125 73.375 1.0571
23.125 73.625 0.78365
23.125 73.875 0.60905
23.125 74.125 0.71749
23.125 74.375 0.77151
23.125 74.625 1.012
23.125 74.875 0.82321
23.125 75.125 1.1124
23.125 75.375 0.67391
23.125 75.625 0.66075
23.125 75.875 0.81501
23.125 76.125 0.71751
23.125 76.375 0.742
23.125 76.625 0.14312
23.125 76.875 0.10014
23.125 77.125 0.63261
23.125 77.375 0.56461
23.125 77.625 0.78881
23.125 77.875 0.76477
23.125 78.125 0.64425
23.125 78.375 0.54962
23.125 78.625 0.23982
23.125 78.875 -0.31876
23.125 79.125 -0.012988
23.125 79.375 0.18191
23.125 79.625 -0.27433
23.125 79.875 0.010751
23.125 80.125 -0.12852
23.125 80.375 0.21353
23.125 80.625 0.58301
23.125 80.875 0.42601
23.125 81.125 0.64156
23.125 81.375 0.42156
23.125 81.625 -0.080868
23.125 81.875 0.17983
23.125 82.125 0.024228
23.125 82.375 0.43978
23.125 82.625 1.2071
23.125 82.875 -1.1017
23.125 83.125 -1.9158
23.125 83.375 1.2516
23.125 83.625 1.3658
23.125 83.875 0.29168
23.125 84.125 -1.076
23.125 84.375 -0.68842
23.125 84.625 0.054646
23.125 84.875 0.56491
23.125 85.125 0.59498
23.125 85.375 1.0711
23.125 85.625 0.39949
23.125 85.875 -0.28599
23.125 86.125 -0.13463
23.125 86.375 0.62551
23.125 86.625 0.4752
23.125 86.875 0.64811
23.125 87.125 0.41215
23.125 87.375 1.529
23.125 87.625 0.051348
23.125 87.875 -0.715
23.125 88.125 -0.5602
23.125 88.375 -0.57082
23.125 88.625 -0.39768
NaN NaN NaN
23.125 92.625 -0.1128
23.125 92.875 -0.018984
NaN NaN NaN
23.375 68.875 1.397
23.375 69.125 1.3749
23.375 69.375 1.3981
23.375 69.625 1.3374
23.375 69.875 1.3169
23.375 70.125 1.4105
23.375 70.375 1.5808
23.375 70.625 1.5402
23.375 70.875 1.4695
23.375 71.125 1.5056
23.375 71.375 1.2288
23.375 71.625 1.2535
23.375 71.875 1.3462
23.375 72.125 1.0709
23.375 72.375 1.2631
23.375 72.625 1.2567
23.375 72.875 1.2348
23.375 73.125 1.0703
23.375 73.375 0.98129
23.375 73.625 0.69901
23.375 73.875 0.66964
23.375 74.125 0.88102
23.375 74.375 0.6993
23.375 74.625 1.0685
23.375 74.875 1.2918
23.375 75.125 1.3582
23.375 75.375 1.5261
23.375 75.625 1.2546
23.375 75.875 0.69703
23.375 76.125 1.2515
23.375 76.375 0.97798
23.375 76.625 0.38479
23.375 76.875 0.07818
23.375 77.125 -0.064439
23.375 77.375 0.30968
23.375 77.625 -0.11723
23.375 77.875 0.50396
23.375 78.125 0.81094
23.375 78.375 0.60609
23.375 78.625 0.11265
23.375 78.875 -0.32552
23.375 79.125 -0.41929
23.375 79.375 0.59839
23.375 79.625 0.90528
23.375 79.875 1.0741
23.375 80.125 -0.15564
23.375 80.375 -0.2435
23.375 80.625 0.45468
23.375 80.875 0.2314
23.375 81.125 -0.18862
23.375 81.375 0.53083
23.375 81.625 0.82794
23.375 81.875 0.67791
23.375 82.125 1.1915
23.375 82.375 -0.41607
23.375 82.625 -0.40521
23.375 82.875 -0.33734
23.375 83.125 0.96808
23.375 83.375 1.155
23.375 83.625 1.1151
23.375 83.875 -0.38022
23.375 84.125 -0.85195
23.375 84.375 -0.69508
23.375 84.625 0.030546
23.375 84.875 0.26973
23.375 85.125 1.0774
23.375 85.375 1.0679
23.375 85.625 0.96969
23.375 85.875 -0.53237
23.375 86.125 -0.35991
23.375 86.375 0.56939
23.375 86.625 0.59156
23.375 86.875 0.16866
23.375 87.125 0.41852
23.375 87.375 0.059025
23.375 87.625 0.3239
23.375 87.875 -0.51248
23.375 88.125 -1.1671
23.375 88.375 -0.69578
23.375 88.625 -0.56835
23.375 91.375 0.33939
23.375 91.625 0.16248
23.375 92.625 -0.093927
23.375 92.875 -0.32783
23.375 93.125 -1.1463
23.625 68.625 1.6222
23.625 68.875 1.5629
23.625 69.125 1.5109
23.625 69.375 1.4571
23.625 69.625 1.3627
23.625 69.875 1.3559
23.625 70.125 1.4315
23.625 70.375 1.5347
23.625 70.625 1.5162
23.625 70.875 1.4338
23.625 71.125 1.524
23.625 71.375 1.4512
23.625 71.625 1.2019
23.625 71.875 1.0649
23.625 72.125 0.86565
23.625 72.375 0.71162
23.625 72.625 1.3311
23.625 72.875 1.2736
23.625 73.125 1.1617
23.625 73.375 0.66094
23.625 73.625 0.68534
23.625 73.875 0.78311
23.625 74.125 1.1041
23.625 74.375 0.95072
23.625 74.625 1.2638
23.625 74.875 1.2619
23.625 75.125 0.75328
23.625 75.375 1.2803
23.625 75.625 1.3456
23.625 75.875 1.4295
23.625 76.125 1.4192
23.625 76.375 0.83069
23.625 76.625 0.60849
23.625 76.875 0.72632
23.625 77.125 -0.56445
23.625 77.375 -0.073643
23.625 77.625 -0.22516
23.625 77.875 0.60516
23.625 78.125 0.54713
23.625 78.375 0.53401
23.625 78.625 0.096082
23.625 78.875 -0.12331
23.625 79.125 -0.24933
23.625 79.375 0.36125
23.625 79.625 0.52789
23.625 79.875 1.4243
23.625 80.125 0.821
23.625 80.375 -0.35268
23.625 80.625 -0.27364
23.625 80.875 -0.26982
23.625 81.125 0.093117
23.625 81.375 0.38479
23.625 81.625 0.46985
23.625 81.875 0.39392
23.625 82.125 0.36849
23.625 82.375 0.26116
23.625 82.625 0.85832
23.625 82.875 0.89602
23.625 83.125 1.1877
23.625 83.375 1.532
23.625 83.625 0.60234
23.625 83.875 -0.11386
23.625 84.125 -1.1041
23.625 84.375 -0.46414
23.625 84.625 0.41625
23.625 84.875 0.69062
23.625 85.125 0.62423
23.625 85.375 0.58171
23.625 85.625 0.82895
23.625 85.875 1.417
23.625 86.125 -1.3042
23.625 86.375 0.36943
23.625 86.625 0.83566
23.625 86.875 0.10943
23.625 87.125 0.10636
23.625 87.375 0.28679
23.625 87.625 0.04151
23.625 87.875 -0.086801
23.625 88.125 -1.1455
23.625 88.375 -1.1158
23.625 91.375 0.0042175
23.625 91.625 -0.33776
NaN NaN NaN
23.625 92.375 -0.45973
23.625 92.625 -0.18136
23.625 92.875 -0.74208
23.625 93.125 -1.3692
23.875 68.875 1.642
23.875 69.125 1.6287
23.875 69.375 1.5718
23.875 69.625 1.3593
23.875 69.875 1.4168
23.875 70.125 1.4524
23.875 70.375 1.4803
23.875 70.625 1.5299
23.875 70.875 1.502
23.875 71.125 1.5716
23.875 71.375 1.5986
23.875 71.625 1.4239
23.875 71.875 0.93401
23.875 72.125 0.77184
23.875 72.375 0.52647
23.875 72.625 1.1795
23.875 72.875 1.3951
23.875 73.125 1.2651
23.875 73.375 1.1625
23.875 73.625 0.68065
23.875 73.875 1.2178
23.875 74.125 1.337
23.875 74.375 1.3339
23.875 74.625 1.4989
23.875 74.875 1.3194
23.875 75.125 1.3427
23.875 75.375 0.85633
23.875 75.625 1.1274
23.875 75.875 1.0851
23.875 76.125 0.90573
23.875 76.375 -0.0029835
23.875 76.625 0.58401
23.875 76.875 0.72555
23.875 77.125 -0.44607
23.875 77.375 0.2257
23.875 77.625 0.14788
23.875 77.875 0.26703
23.875 78.125 0.079361
23.875 78.375 0.23248
23.875 78.625 0.59309
23.875 78.875 -0.098003
23.875 79.125 0.1619
23.875 79.375 0.38642
23.875 79.625 0.51578
23.875 79.875 1.1016
23.875 80.125 0.76157
23.875 80.375 -0.4707
23.875 80.625 -0.24534
23.875 80.875 -0.89951
23.875 81.125 -1.0754
23.875 81.375 -0.055579
23.875 81.625 0.20862
23.875 81.875 0.28979
23.875 82.125 -0.0045281
23.875 82.375 0.17816
23.875 82.625 1.1299
23.875 82.875 0.91382
23.875 83.125 0.77237
23.875 83.375 0.13472
23.875 83.625 -0.066552
23.875 83.875 0.11425
23.875 84.125 -0.0092837
23.875 84.375 -0.11743
23.875 84.625 0.24317
23.875 84.875 -0.59732
23.875 85.125 -0.95758
23.875 85.375 -0.57949
23.875 85.625 0.40134
23.875 85.875 0.97009
23.875 86.125 0.13031
23.875 86.375 0.58653
23.875 86.625 0.11689
23.875 86.875 0.37661
23.875 87.125 0.28717
23.875 87.375 0.17283
23.875 87.625 0.32796
23.875 87.875 -0.25291
23.875 88.125 -0.597
23.875 88.375 -0.75222
23.875 91.375 -0.53147
23.875 91.625 -0.32952
23.875 91.875 0.59199
23.875 92.125 0.199
23.875 92.375 0.1427
23.875 92.625 -0.16879
23.875 92.875 -1.5743
23.875 93.125 -1.6907
23.875 93.375 -1.5325
24.125 68.875 1.6714
24.125 69.125 1.7015
24.125 69.375 1.6023
24.125 69.625 1.4231
24.125 69.875 1.4459
24.125 70.125 1.4858
24.125 70.375 1.5139
24.125 70.625 1.5747
24.125 70.875 1.5555
24.125 71.125 1.6033
24.125 71.375 1.5816
24.125 71.625 1.2976
24.125 71.875 0.90383
24.125 72.125 0.715
24.125 72.375 0.83092
24.125 72.625 1.1267
24.125 72.875 1.722
24.125 73.125 1.5737
24.125 73.375 1.3767
24.125 73.625 1.2231
24.125 73.875 1.5902
24.125 74.125 1.9878
24.125 74.375 1.7128
24.125 74.625 1.9026
24.125 74.875 1.5479
24.125 75.125 0.70989
24.125 75.375 0.50532
24.125 75.625 0.78642
24.125 75.875 0.90227
24.125 76.125 1.1746
24.125 76.375 0.61374
24.125 76.625 0.95908
24.125 76.875 1.2507
24.125 77.125 0.31395
24.125 77.375 0.37527
24.125 77.625 0.29142
24.125 77.875 -0.39614
24.125 78.125 -0.2118
24.125 78.375 0.14182
24.125 78.625 0.81085
24.125 78.875 0.45007
24.125 79.125 0.54912
24.125 79.375 0.43054
24.125 79.625 -0.8484
24.125 79.875 0.16809
24.125 80.125 -0.6669
24.125 80.375 -1.0992
24.125 80.625 -0.14345
24.125 80.875 -0.61912
24.125 81.125 -0.86154
24.125 81.375 -0.43817
24.125 81.625 -0.20478
24.125 81.875 0.075815
24.125 82.125 0.51319
24.125 82.375 0.29766
24.125 82.625 1.4783
24.125 82.875 0.6199
24.125 83.125 0.67744
24.125 83.375 -0.2869
24.125 83.625 -0.70097
24.125 83.875 -0.39452
24.125 84.125 -0.17247
24.125 84.375 0.22541
24.125 84.625 0.34301
24.125 84.875 -0.32132
24.125 85.125 -0.68399
24.125 85.375 -0.0025911
24.125 85.625 -0.26028
24.125 85.875 0.5217
24.125 86.125 -0.3046
24.125 86.375 -1.2016
24.125 86.625 -0.44709
24.125 86.875 -0.27484
24.125 87.125 -0.58612
24.125 87.375 -0.27347
24.125 87.625 -0.70109
24.125 87.875 -0.33418
24.125 88.125 -0.54792
24.125 88.375 -0.58152
24.125 91.875 1.3264
24.125 92.125 1.054
24.125 92.375 0.57353
24.125 92.625 -0.077693
24.125 92.875 -1.5811
24.125 93.125 -1.9041
24.125 93.375 -1.5868
24.125 93.625 -1.5879
24.125 93.875 -1.4927
NaN NaN NaN
24.375 71.375 1.5572
24.375 71.625 1.2845
24.375 71.875 0.88379
24.375 72.125 0.9237
24.375 72.375 0.63528
24.375 72.625 1.0325
24.375 72.875 1.452
24.375 73.125 1.5318
24.375 73.375 1.525
24.375 73.625 1.6806
24.375 73.875 1.8006
24.375 74.125 1.8223
24.375 74.375 1.6782
24.375 74.625 1.7497
24.375 74.875 1.4535
24.375 75.125 1.176
24.375 75.375 1.0241
24.375 75.625 1.0984
24.375 75.875 -0.067821
24.375 76.125 0.8724
24.375 76.375 1.0562
24.375 76.625 1.418
24.375 76.875 0.97225
24.375 77.125 0.14466
24.375 77.375 0.17356
24.375 77.625 0.622
24.375 77.875 0.46892
24.375 78.125 0.72198
24.375 78.375 0.93067
24.375 78.625 0.71924
24.375 78.875 0.5213
24.375 79.125 0.20881
24.375 79.375 -0.36893
24.375 79.625 -0.90211
24.375 79.875 -0.91442
24.375 80.125 -1.4885
24.375 80.375 -0.44612
24.375 80.625 0.23145
24.375 80.875 -0.29876
24.375 81.125 -1.3223
24.375 81.375 -0.67713
24.375 81.625 -0.31223
24.375 81.875 1.2015
24.375 82.125 0.82086
24.375 82.375 0.65205
24.375 82.625 1.3729
24.375 82.875 1.2619
24.375 83.125 0.42501
24.375 83.375 -0.1566
24.375 83.625 -0.96001
24.375 83.875 -0.89604
24.375 84.125 0.096681
24.375 84.375 0.60926
24.375 84.625 0.012114
24.375 84.875 0.050905
24.375 85.125 -0.048976
24.375 85.375 1.0827
24.375 85.625 1.0838
24.375 85.875 0.038116
24.375 86.125 -0.40952
24.375 86.375 0.18666
24.375 86.625 -0.52994
24.375 86.875 -0.49982
24.375 87.125 -0.23855
24.375 87.375 -0.99931
24.375 87.625 -0.66878
24.375 87.875 -0.858
24.375 88.125 -0.35274
24.375 92.375 0.26221
24.375 92.625 -0.29689
24.375 92.875 -1.8401
24.375 93.125 -1.9067
24.375 93.375 -1.5199
24.375 93.625 -1.5061
24.375 93.875 -1.0664
24.375 94.125 -0.87037
24.625 71.125 1.3582
24.625 71.375 1.534
24.625 71.625 1.4909
24.625 71.875 1.229
24.625 72.125 1.2243
24.625 72.375 1.1027
24.625 72.625 1.0797
24.625 72.875 1.3294
24.625 73.125 1.4796
24.625 73.375 1.5834
24.625 73.625 1.7387
24.625 73.875 1.8794
24.625 74.125 1.6237
24.625 74.375 1.49
24.625 74.625 1.6492
24.625 74.875 1.5918
24.625 75.125 1.6453
24.625 75.375 1.5785
24.625 75.625 1.6628
24.625 75.875 0.36662
24.625 76.125 1.5917
24.625 76.375 1.1299
24.625 76.625 1.2161
24.625 76.875 0.93975
24.625 77.125 0.48262
24.625 77.375 0.80728
24.625 77.625 0.85487
24.625 77.875 0.81749
24.625 78.125 0.87173
24.625 78.375 0.91898
24.625 78.625 0.074514
24.625 78.875 -0.11813
24.625 79.125 0.0013016
24.625 79.375 -0.069306
24.625 79.625 -0.14754
24.625 79.875 -0.294
24.625 80.125 -1.3088
24.625 80.375 -0.42635
24.625 80.625 0.19693
24.625 80.875 -0.62206
24.625 81.125 -1.6902
24.625 81.375 -0.52293
24.625 81.625 0.79258
24.625 81.875 1.2518
24.625 82.125 -0.55352
24.625 82.375 -1.4162
24.625 82.625 1.4513
24.625 82.875 1.4026
24.625 83.125 0.54463
24.625 83.375 0.067483
24.625 83.625 0.33335
24.625 83.875 -0.20307
24.625 84.125 0.68139
24.625 84.375 0.89885
24.625 84.625 -0.25246
24.625 84.875 0.37108
24.625 85.125 -0.022697
24.625 85.375 -1.3828
24.625 85.625 -0.5262
24.625 85.875 1.3976
24.625 86.125 -0.012076
24.625 86.375 0.30753
24.625 86.625 0.49288
24.625 86.875 -0.33035
24.625 87.125 -0.67825
24.625 87.375 -0.5624
24.625 87.625 -0.36665
24.625 87.875 -0.21079
24.625 92.375 0.75844
24.625 92.625 -0.024033
24.625 92.875 -1.1677
24.625 93.125 -0.66537
24.625 93.375 0.10316
24.625 93.625 -0.95099
24.625 93.875 -0.53432
24.625 94.125 -0.48488
NaN NaN NaN
24.875 71.125 1.3207
24.875 71.375 1.2698
24.875 71.625 1.4455
24.875 71.875 1.2718
24.875 72.125 1.2304
24.875 72.375 1.3069
24.875 72.625 1.0717
24.875 72.875 1.0273
24.875 73.125 0.99582
24.875 73.375 1.3613
24.875 73.625 1.6951
24.875 73.875 1.7918
24.875 74.125 1.8172
24.875 74.375 1.4484
24.875 74.625 1.4547
24.875 74.875 1.4509
24.875 75.125 1.5999
24.875 75.375 1.5673
24.875 75.625 1.571
24.875 75.875 1.7604
24.875 76.125 2.0632
24.875 76.375 1.7182
24.875 76.625 1.6309
24.875 76.875 1.4278
24.875 77.125 1.2409
24.875 77.375 1.0331
24.875 77.625 0.83953
24.875 77.875 0.59103
24.875 78.125 0.72237
24.875 78.375 0.72202
24.875 78.625 0.74223
24.875 78.875 0.84175
24.875 79.125 0.61773
24.875 79.375 0.42382
24.875 79.625 -0.048168
24.875 79.875 0.060162
24.875 80.125 -0.8775
24.875 80.375 -0.16649
24.875 80.625 -0.11948
24.875 80.875 -0.38456
24.875 81.125 -0.96117
24.875 81.375 -1.1417
24.875 81.625 0.2587
24.875 81.875 0.41079
24.875 82.125 -0.13852
24.875 82.375 -1.1441
24.875 82.625 0.53736
24.875 82.875 -0.23493
24.875 83.125 -0.38678
24.875 83.375 -0.98104
24.875 83.625 0.0093033
24.875 83.875 -0.59111
24.875 84.125 0.31131
24.875 84.375 -2.0588
24.875 84.625 -0.80512
24.875 84.875 1.3017
24.875 85.125 -0.77713
24.875 85.375 -1.0516
24.875 85.625 0.33665
24.875 85.875 1.1401
24.875 86.125 0.089426
24.875 86.375 0.34952
24.875 86.625 0.32455
24.875 86.875 -0.16958
24.875 87.125 -1.4485
24.875 87.375 -0.5197
24.875 87.625 0.34178
24.875 87.875 0.4863
24.875 88.125 1.5427
24.875 92.625 -0.006243
24.875 92.875 0.031419
24.875 93.125 1.1393
24.875 93.375 -0.46703
24.875 93.625 -0.34027
24.875 93.875 -0.17788
24.875 94.125 -0.14597
24.875 94.375 -0.057584
25.125 71.125 1.5531
25.125 71.375 1.3243
25.125 71.625 1.383
25.125 71.875 1.4361
25.125 72.125 1.3528
25.125 72.375 1.4941
25.125 72.625 1.3386
25.125 72.875 0.97981
25.125 73.125 1.0231
25.125 73.375 1.1936
25.125 73.625 1.8281
25.125 73.875 1.7049
25.125 74.125 1.7114
25.125 74.375 1.6745
25.125 74.625 1.7673
25.125 74.875 1.2729
25.125 75.125 1.3935
25.125 75.375 1.4783
25.125 75.625 1.5654
25.125 75.875 1.3697
25.125 76.125 1.9957
25.125 76.375 2.0067
25.125 76.625 1.7366
25.125 76.875 1.4249
25.125 77.125 1.3803
25.125 77.375 1.2806
25.125 77.625 1.5182
25.125 77.875 1.4858
25.125 78.125 1.1084
25.125 78.375 1.0579
25.125 78.625 1.0745
25.125 78.875 0.74778
25.125 79.125 0.43855
25.125 79.375 0.47574
25.125 79.625 0.50481
25.125 79.875 0.56086
25.125 80.125 -0.6976
25.125 80.375 -0.91516
25.125 80.625 -0.64487
25.125 80.875 -0.61569
25.125 81.125 -0.77278
25.125 81.375 -0.94209
25.125 81.625 -1.7432
25.125 81.875 -1.2238
25.125 82.125 -1.3025
25.125 82.375 0.57856
25.125 82.625 0.50407
25.125 82.875 0.59188
25.125 83.125 -0.65904
25.125 83.375 -0.5282
25.125 83.625 0.3232
25.125 83.875 -0.32633
25.125 84.125 -0.095177
25.125 84.375 -1.3548
25.125 84.625 0.1949
25.125 84.875 -0.26075
25.125 85.125 -1.1254
25.125 85.375 -0.75743
25.125 85.625 -0.40809
25.125 85.875 -0.35548
25.125 86.125 0.87671
25.125 86.375 0.53875
25.125 86.625 -0.225
25.125 86.875 -0.88315
25.125 87.125 -0.0031427
25.125 87.375 -0.29616
25.125 87.625 0.095851
25.125 87.875 0.71616
25.125 88.125 1.6115
25.125 88.375 1.6305
25.125 92.375 -0.55205
25.125 92.625 -0.40007
25.125 92.875 0.17233
25.125 93.125 1.2186
25.125 93.375 -0.099551
25.125 93.625 0.010347
25.125 93.875 -0.11746
25.125 94.125 -0.02634
25.125 94.375 0.21447
25.375 70.875 1.2633
25.375 71.125 0.90057
25.375 71.375 1.0613
25.375 71.625 0.8899
25.375 71.875 1.4127
25.375 72.125 1.0859
25.375 72.375 1.3949
25.375 72.625 1.2849
25.375 72.875 0.92489
25.375 73.125 0.98542
25.375 73.375 1.3755
25.375 73.625 1.7101
25.375 73.875 1.2997
25.375 74.125 1.452
25.375 74.375 1.5466
25.375 74.625 1.8886
25.375 74.875 1.9953
25.375 75.125 1.9734
25.375 75.375 1.9283
25.375 75.625 2.0604
25.375 75.875 1.8303
25.375 76.125 2.1088
25.375 76.375 1.774
25.375 76.625 0.57056
25.375 76.875 0.26263
25.375 77.125 1.2658
25.375 77.375 1.4125
25.375 77.625 1.4747
25.375 77.875 1.7456
25.375 78.125 1.0962
25.375 78.375 1.097
25.375 78.625 0.21773
25.375 78.875 -0.056271
25.375 79.125 0.054125
25.375 79.375 0.38817
25.375 79.625 0.86985
25.375 79.875 1.4153
25.375 80.125 1.0814
25.375 80.375 -0.2302
25.375 80.625 -0.01674
25.375 80.875 -0.94729
25.375 81.125 -0.69065
25.375 81.375 -0.44881
25.375 81.625 -1.1327
25.375 81.875 -1.9756
25.375 82.125 -1.5631
25.375 82.375 -1.5026
25.375 82.625 -0.93573
25.375 82.875 0.10515
25.375 83.125 -0.59351
25.375 83.375 0.062704
25.375 83.625 1.015
25.375 83.875 0.54695
25.375 84.125 0.24484
25.375 84.375 0.013028
25.375 84.625 -0.90888
25.375 84.875 -0.45772
25.375 85.125 -0.011928
25.375 85.375 0.45808
25.375 85.625 1.0905
25.375 85.875 1.225
25.375 86.125 1.7452
25.375 86.375 0.97028
25.375 86.625 1.4995
25.375 86.875 -0.21675
25.375 87.125 -0.84774
25.375 87.375 -0.32663
25.375 87.625 0.49773
25.375 87.875 0.636
25.375 88.125 1.578
25.375 88.375 1.5378
25.375 88.625 1.3218
25.375 90.125 0.64288
25.375 90.375 0.014512
25.375 90.625 -0.42997
25.375 90.875 -0.49436
25.375 91.125 -0.18924
25.375 91.375 -0.41844
25.375 91.625 -0.76531
25.375 91.875 -0.88845
25.375 92.125 -1.2213
25.375 92.375 -1.427
25.375 92.625 -0.88214
25.375 92.875 0.31585
25.375 93.125 0.058302
25.375 93.375 0.0016754
25.375 93.625 0.60903
25.375 93.875 0.33821
25.375 94.125 0.49432
25.375 94.375 0.79515
25.625 70.875 0.91626
25.625 71.125 0.7446
25.625 71.375 0.79465
25.625 71.625 0.93528
25.625 71.875 1.056
25.625 72.125 0.97218
25.625 72.375 1.0114
25.625 72.625 0.49987
25.625 72.875 0.47668
25.625 73.125 0.67538
25.625 73.375 1.4351
25.625 73.625 1.1293
25.625 73.875 1.2136
25.625 74.125 0.93071
25.625 74.375 0.72815
25.625 74.625 1.3595
25.625 74.875 1.9835
25.625 75.125 2.1441
25.625 75.375 2.0087
25.625 75.625 2.2397
25.625 75.875 1.8821
25.625 76.125 1.7222
25.625 76.375 1.6086
25.625 76.625 0.050112
25.625 76.875 -0.17778
25.625 77.125 0.1318
25.625 77.375 1.1653
25.625 77.625 1.2108
25.625 77.875 1.8681
25.625 78.125 1.1438
25.625 78.375 -0.23117
25.625 78.625 -0.22991
25.625 78.875 -0.11666
25.625 79.125 0.44117
25.625 79.375 0.7523
25.625 79.625 1.4312
25.625 79.875 1.6746
25.625 80.125 1.1883
25.625 80.375 -0.62356
25.625 80.625 -1.4195
25.625 80.875 -1.5498
25.625 81.125 -1.0053
25.625 81.375 -1.2695
25.625 81.625 -1.4164
25.625 81.875 -0.29384
25.625 82.125 -0.98141
25.625 82.375 -0.29952
25.625 82.625 -0.40384
25.625 82.875 -0.82559
25.625 83.125 -0.46357
25.625 83.375 -0.07159
25.625 83.625 1.4353
25.625 83.875 1.0212
25.625 84.125 0.26967
25.625 84.375 0.34877
25.625 84.625 0.52103
25.625 84.875 0.26503
25.625 85.125 0.16428
25.625 85.375 0.35029
25.625 85.625 0.98921
25.625 85.875 0.88658
25.625 86.125 0.82774
25.625 86.375 0.99781
25.625 86.625 -0.84234
25.625 86.875 0.17288
25.625 87.125 0.042694
25.625 87.375 -0.55705
25.625 87.625 -0.085418
25.625 87.875 0.31284
25.625 88.125 1.1294
25.625 90.125 1.3942
25.625 90.375 0.88004
25.625 90.625 0.53801
25.625 90.875 0.041375
25.625 91.125 0.46003
25.625 91.375 0.29609
25.625 91.625 0.18734
25.625 91.875 -0.40655
25.625 92.125 -1.0475
25.625 92.375 -1.0203
25.625 92.625 -0.63089
25.625 92.875 -0.28041
25.625 93.125 -0.34211
25.625 93.375 -0.17026
25.625 93.625 0.34313
25.625 93.875 0.96375
25.625 94.125 1.2746
25.625 94.375 1.2909
NaN NaN NaN
NaN NaN NaN
25.875 70.375 1.2783
25.875 70.625 1.2731
25.875 70.875 0.90567
25.875 71.125 0.89957
25.875 71.375 0.95183
25.875 71.625 1.0153
25.875 71.875 1.2147
25.875 72.125 1.2497
25.875 72.375 0.8558
25.875 72.625 0.017239
25.875 72.875 0.17697
25.875 73.125 0.75848
25.875 73.375 1.1654
25.875 73.625 -0.013041
25.875 73.875 -0.10179
25.875 74.125 0.28053
25.875 74.375 0.60669
25.875 74.625 1.5175
25.875 74.875 1.5241
25.875 75.125 1.8815
25.875 75.375 1.8043
25.875 75.625 1.867
25.875 75.875 1.4385
25.875 76.125 1.3808
25.875 76.375 1.4556
25.875 76.625 0.33585
25.875 76.875 -0.14699
25.875 77.125 1.1188
25.875 77.375 1.7128
25.875 77.625 1.8774
25.875 77.875 1.4797
25.875 78.125 1.7623
25.875 78.375 1.1795
25.875 78.625 1.1597
25.875 78.875 0.09308
25.875 79.125 0.7449
25.875 79.375 0.2577
25.875 79.625 0.0067901
25.875 79.875 0.6126
25.875 80.125 0.11298
25.875 80.375 -1.2838
25.875 80.625 -0.81916
25.875 80.875 -1.3531
25.875 81.125 -1.4876
25.875 81.375 -1.5122
25.875 81.625 -0.51531
25.875 81.875 -0.13799
25.875 82.125 -1.404
25.875 82.375 -0.35892
25.875 82.625 -0.79292
25.875 82.875 -0.33285
25.875 83.125 -1.0589
25.875 83.375 -0.46802
25.875 83.625 0.86215
25.875 83.875 -0.025915
25.875 84.125 1.4786
25.875 84.375 0.19344
25.875 84.625 0.08211
25.875 84.875 0.75293
25.875 85.125 1.574
25.875 85.375 1.6536
25.875 85.625 1.1337
25.875 85.875 0.79879
25.875 86.125 0.51649
25.875 86.375 1.1766
25.875 86.625 0.78085
25.875 86.875 0.93351
25.875 87.125 -0.084848
25.875 87.375 -0.28062
25.875 87.625 -0.17548
25.875 87.875 0.24555
25.875 90.125 0.012592
25.875 90.375 0.23606
25.875 90.625 0.61613
25.875 90.875 0.47185
25.875 91.125 0.48393
25.875 91.375 0.31688
25.875 91.625 -0.26684
25.875 91.875 -1.1124
25.875 92.125 -1.3662
25.875 92.375 -0.92194
25.875 92.625 0.0026018
25.875 92.875 -0.052663
25.875 93.125 -1.2327
25.875 93.375 -1.3917
25.875 93.625 0.23955
25.875 93.875 1.1498
25.875 94.125 1.164
25.875 94.375 1.1229
25.875 94.625 0.80125
25.875 94.875 0.49948
26.125 70.375 1.2905
26.125 70.625 0.97289
26.125 70.875 0.92994
26.125 71.125 1.0254
26.125 71.375 0.98502
26.125 71.625 1.0411
26.125 71.875 1.0393
26.125 72.125 0.95288
26.125 72.375 0.70108
26.125 72.625 0.3001
26.125 72.875 0.38995
26.125 73.125 0.28728
26.125 73.375 0.017519
26.125 73.625 -0.85088
26.125 73.875 -0.57084
26.125 74.125 0.84715
26.125 74.375 0.96627
26.125 74.625 1.165
26.125 74.875 1.6291
26.125 75.125 1.7401
26.125 75.375 1.5269
26.125 75.625 1.1088
26.125 75.875 1.7661
26.125 76.125 1.3853
26.125 76.375 1.1012
26.125 76.625 1.2756
26.125 76.875 1.2621
26.125 77.125 0.30361
26.125 77.375 1.3366
26.125 77.625 1.7023
26.125 77.875 1.362
26.125 78.125 1.5401
26.125 78.375 1.3198
26.125 78.625 1.8367
26.125 78.875 1.9371
26.125 79.125 1.1813
26.125 79.375 0.17248
26.125 79.625 -0.8614
26.125 79.875 -0.51563
26.125 80.125 -0.80856
26.125 80.375 -1.6068
26.125 80.625 -1.2435
26.125 80.875 0.81048
26.125 81.125 0.53912
26.125 81.375 -1.7088
26.125 81.625 0.05582
26.125 81.875 -0.90955
26.125 82.125 -0.87566
26.125 82.375 -0.48256
26.125 82.625 -0.57382
26.125 82.875 -0.29398
26.125 83.125 -0.89347
26.125 83.375 -0.78074
26.125 83.625 -0.44205
26.125 83.875 1.4768
26.125 84.125 1.6101
26.125 84.375 0.73228
26.125 84.625 1.1552
26.125 84.875 0.96335
26.125 85.125 0.49423
26.125 85.375 -0.074448
26.125 85.625 1.9266
26.125 85.875 2.154
26.125 86.125 1.481
26.125 86.375 1.2898
26.125 86.625 1.4457
26.125 86.875 1.5689
26.125 87.125 -0.094974
26.125 87.375 0.11921
26.125 87.625 0.87614
26.125 87.875 0.56987
26.125 88.125 1.1901
26.125 89.375 0.89569
26.125 89.875 0.37121
26.125 90.125 -0.027792
26.125 90.375 0.28306
26.125 90.625 0.42546
26.125 90.875 0.10368
26.125 91.125 -0.31225
26.125 91.375 -0.35954
26.125 91.625 -1.096
26.125 91.875 -1.1411
26.125 92.125 -0.37434
26.125 92.375 0.26293
26.125 92.625 0.55482
26.125 92.875 -0.18288
26.125 93.125 -1.0134
26.125 93.375 -0.20421
26.125 93.625 0.22162
26.125 93.875 1.3929
26.125 94.125 1.1733
26.125 94.375 0.80377
26.125 94.625 0.51324
26.125 94.875 0.45939
26.375 70.375 1.0223
26.375 70.625 1.0433
26.375 70.875 0.63419
26.375 71.125 0.73902
26.375 71.375 1.0452
26.375 71.625 1.0944
26.375 71.875 1.0762
26.375 72.125 1.0089
26.375 72.375 0.87875
26.375 72.625 0.88884
26.375 72.875 0.52658
26.375 73.125 0.12771
26.375 73.375 0.03432
26.375 73.625 0.56566
26.375 73.875 0.80902
26.375 74.125 0.88104
26.375 74.375 1.1386
26.375 74.625 0.15251
26.375 74.875 1.209
26.375 75.125 1.5015
26.375 75.375 1.148
26.375 75.625 1.0946
26.375 75.875 1.7456
26.375 76.125 1.3822
26.375 76.375 1.1197
26.375 76.625 1.8372
26.375 76.875 1.5024
26.375 77.125 0.82228
26.375 77.375 1.3917
26.375 77.625 1.6065
26.375 77.875 1.1994
26.375 78.125 1.4408
26.375 78.375 0.90708
26.375 78.625 1.8224
26.375 78.875 1.0648
26.375 79.125 0.33284
26.375 79.375 -1.1114
26.375 79.625 -1.2854
26.375 79.875 -0.33784
26.375 80.125 -0.87196
26.375 80.375 -1.4369
26.375 80.625 -0.9117
26.375 80.875 0.66135
26.375 81.125 -0.48835
26.375 81.375 -1.768
26.375 81.625 -1.378
26.375 81.875 -0.57075
26.375 82.125 -0.49967
26.375 82.375 -0.23655
26.375 82.625 -0.65928
26.375 82.875 0.74186
26.375 83.125 -0.63438
26.375 83.375 -1.0545
26.375 83.625 1.3401
26.375 83.875 1.4162
26.375 84.125 0.77493
26.375 84.375 1.5374
26.375 84.625 1.0961
26.375 84.875 1.1515
26.375 85.125 0.97161
26.375 85.375 1.3525
26.375 85.625 1.4623
26.375 85.875 1.3473
26.375 86.125 1.0954
26.375 86.375 -0.62604
26.375 86.625 -0.61419
26.375 86.875 1.0811
26.375 87.125 0.05232
26.375 87.625 -1.0623
26.375 87.875 0.5792
26.375 88.125 1.1598
26.375 88.375 1.0996
26.375 88.875 1.9021
26.375 89.375 1.034
26.375 89.625 0.24079
26.375 89.875 -0.038602
26.375 90.125 0.30854
26.375 90.375 0.34348
26.375 90.625 0.26415
26.375 90.875 -0.1273
26.375 91.125 -0.89697
26.375 91.375 -0.38187
26.375 91.625 -0.91445
26.375 91.875 -0.8433
26.375 92.125 0.15606
26.375 92.375 0.16892
26.375 92.625 0.32997
26.375 92.875 0.30822
26.375 93.125 -0.13452
26.375 93.375 -0.21399
26.375 93.625 -0.097152
26.375 93.875 0.83698
26.375 94.125 0.98783
26.375 94.375 0.46678
26.375 94.625 0.30365
26.375 94.875 0.15617
26.625 69.875 0.90007
26.625 70.125 0.8675
26.625 70.375 0.74331
26.625 70.625 1.5068
26.625 70.875 1.3874
26.625 71.125 1.1435
26.625 71.375 1.2329
26.625 71.625 1.4047
26.625 71.875 1.4009
26.625 72.125 1.1844
26.625 72.375 1.2804
26.625 72.625 1.2701
26.625 72.875 1.0914
26.625 73.125 0.46536
26.625 73.375 0.060473
26.625 73.625 0.79026
26.625 73.875 1.0004
26.625 74.125 0.97315
26.625 74.375 0.75716
26.625 74.625 0.62954
26.625 74.875 1.8339
26.625 75.125 1.61
26.625 75.375 2.0825
26.625 75.625 2.1936
26.625 75.875 1.1567
26.625 76.125 1.6179
26.625 76.375 0.9582
26.625 76.625 1.0465
26.625 76.875 1.2708
26.625 77.125 1.2116
26.625 77.375 1.3705
26.625 77.625 1.4781
26.625 77.875 0.42217
26.625 78.125 1.012
26.625 78.375 1.1071
26.625 78.625 1.6057
26.625 78.875 0.31024
26.625 79.125 -0.81232
26.625 79.375 0.60474
26.625 79.625 0.22763
26.625 79.875 -1.4096
26.625 80.125 -1.2958
26.625 80.375 -0.1846
26.625 80.625 -0.23625
26.625 80.875 1.2712
26.625 81.125 0.97896
26.625 81.375 0.39229
26.625 81.625 -0.76116
26.625 81.875 0.027552
26.625 82.125 1.1032
26.625 82.375 -0.89359
26.625 82.625 -2.1759
26.625 82.875 0.82847
26.625 83.125 0.3968
26.625 83.375 -0.96649
26.625 83.625 0.032373
26.625 83.875 0.87366
26.625 84.125 1.7969
26.625 84.375 1.0641
26.625 84.625 1.1998
26.625 84.875 1.1444
26.625 85.125 1.7622
26.625 85.375 0.99675
26.625 85.625 1.0173
26.625 86.125 0.89535
26.625 88.375 1.1439
26.625 88.625 0.95319
26.625 88.875 0.99451
26.625 89.125 0.13853
26.625 89.375 0.3456
26.625 89.625 0.29566
26.625 89.875 -0.1761
26.625 90.125 0.25515
26.625 90.375 -0.052543
26.625 90.625 -0.60334
26.625 90.875 -0.61945
26.625 91.125 -0.60809
26.625 91.375 -0.5572
26.625 91.625 -1.2207
26.625 91.875 -1.4044
26.625 92.125 -0.11803
26.625 92.375 -0.25266
26.625 92.625 -0.40211
26.625 92.875 1.1575
26.625 93.125 0.14729
26.625 93.375 0.20035
26.625 93.625 -0.57776
26.625 93.875 -0.36398
26.625 94.125 0.074912
26.625 94.375 -0.096198
26.625 94.625 0.063439
26.625 94.875 0.10137
26.625 95.125 0.42887
26.875 69.625 0.81536
26.875 69.875 0.87452
26.875 70.125 0.85532
26.875 70.375 0.96871
26.875 70.625 1.5962
26.875 70.875 1.5582
26.875 71.125 1.409
26.875 71.375 1.267
26.875 71.625 1.4482
26.875 71.875 1.4848
26.875 72.125 1.1213
26.875 72.375 1.4108
26.875 72.625 1.3027
26.875 72.875 1.0467
26.875 73.125 1.0255
26.875 73.375 0.89145
26.875 73.625 1.1196
26.875 73.875 1.277
26.875 74.125 1.1064
26.875 74.375 1.0375
26.875 74.625 1.5353
26.875 74.875 1.8056
26.875 75.125 1.7227
26.875 75.375 2.2668
26.875 75.625 1.6169
26.875 75.875 1.2415
26.875 76.125 1.7039
26.875 76.375 1.6159
26.875 76.625 1.5754
26.875 76.875 1.1423
26.875 77.125 1.0073
26.875 77.375 0.15972
26.875 77.625 0.23217
26.875 77.875 0.09853
26.875 78.125 -0.49688
26.875 78.375 -0.033399
26.875 78.625 -0.61021
26.875 78.875 -0.021194
26.875 79.125 1.4603
26.875 79.375 1.5233
26.875 79.625 0.71961
26.875 79.875 -0.49981
26.875 80.125 -0.83579
26.875 80.375 -0.053459
26.875 80.625 0.60497
26.875 80.875 1.3234
26.875 81.125 0.60476
26.875 81.375 0.2956
26.875 81.625 -1.2269
26.875 81.875 0.84258
26.875 82.125 0.48854
26.875 82.375 -1.4725
26.875 82.625 -2.2042
26.875 82.875 0.0261
26.875 83.125 1.027
26.875 83.375 -1.0187
26.875 83.625 -0.6605
26.875 83.875 0.49219
26.875 84.125 1.9928
26.875 84.375 1.3693
26.875 84.625 1.6516
26.875 84.875 1.4632
26.875 88.375 1.2426
26.875 88.625 0.40203
26.875 88.875 0.42614
26.875 92.375 -0.86173
26.875 92.625 -0.31844
26.875 92.875 0.96664
26.875 93.125 0.82562
26.875 93.375 0.40634
26.875 93.625 -0.39994
26.875 93.875 0.013001
26.875 94.125 -0.57321
26.875 94.375 0.071714
26.875 94.625 -0.02872
26.875 94.875 0.26638
26.875 95.125 0.4166
26.875 95.375 0.4924
26.875 95.625 0.35459
27.125 69.875 0.89309
27.125 70.125 0.89721
27.125 70.375 0.87461
27.125 70.625 1.1838
27.125 70.875 1.5075
27.125 71.125 1.4875
27.125 71.375 1.333
27.125 71.625 1.273
27.125 71.875 1.3128
27.125 72.125 1.0651
27.125 72.375 1.2741
27.125 72.625 1.1279
27.125 72.875 1.1029
27.125 73.125 1.0004
27.125 73.375 1.0666
27.125 73.625 1.0994
27.125 73.875 1.4494
27.125 74.125 1.4115
27.125 74.375 1.0405
27.125 74.625 1.3142
27.125 74.875 0.76219
27.125 75.125 1.0858
27.125 75.375 2.0346
27.125 75.625 2.2151
27.125 75.875 1.9195
27.125 76.125 1.0067
27.125 76.375 1.5623
27.125 76.625 1.0364
27.125 76.875 -0.056913
27.125 77.125 1.4116
27.125 77.375 0.82035
27.125 77.625 0.62707
27.125 77.875 0.026095
27.125 78.125 0.45992
27.125 78.375 0.076265
27.125 78.625 -2.0362
27.125 78.875 -0.73147
27.125 79.125 1.4021
27.125 79.375 -0.96707
27.125 79.625 -0.2536
27.125 79.875 0.16827
27.125 80.125 -0.58664
27.125 80.375 -0.63825
27.125 80.625 -0.68043
27.125 80.875 0.92244
27.125 81.125 0.83935
27.125 81.375 0.74584
27.125 81.625 -0.70568
27.125 81.875 0.6143
27.125 82.125 -0.31719
27.125 82.375 -0.27246
27.125 82.625 1.0737
27.125 82.875 1.6954
27.125 83.125 1.1613
27.125 83.375 1.1494
27.125 83.625 1.1991
27.125 83.875 1.1896
27.125 84.125 1.0462
27.125 84.375 1.0834
27.125 84.625 1.2377
27.125 88.125 1.3506
27.125 88.375 0.85029
27.125 88.625 0.79545
27.125 92.125 -1.1937
27.125 92.375 -0.47691
27.125 92.625 -0.29441
27.125 92.875 0.35912
27.125 93.125 0.37104
27.125 93.375 0.31032
27.125 93.625 0.12377
27.125 93.875 0.69955
27.125 94.125 0.5028
27.125 94.375 0.073063
27.125 94.625 -0.41815
27.125 94.875 -0.3087
27.125 95.125 0.026472
27.125 95.375 0.62172
27.125 95.625 0.28064
27.125 95.875 0.27958
27.375 70.125 0.88955
27.375 70.375 0.87655
27.375 70.625 1.0357
27.375 70.875 1.3189
27.375 71.125 1.3684
27.375 71.375 1.3237
27.375 71.625 1.3439
27.375 71.875 0.7754
27.375 72.125 0.26023
27.375 72.375 1.1953
27.375 72.625 0.38287
27.375 72.875 0.47147
27.375 73.125 0.94381
27.375 73.375 1.0294
27.375 73.625 1.2564
27.375 73.875 1.5031
27.375 74.125 1.3464
27.375 74.375 1.1203
27.375 74.625 1.264
27.375 74.875 1.4321
27.375 75.125 1.8156
27.375 75.375 1.5099
27.375 75.625 2.0836
27.375 75.875 1.9126
27.375 76.125 0.76083
27.375 76.375 1.1257
27.375 76.625 0.9002
27.375 76.875 1.2676
27.375 77.125 1.5599
27.375 77.375 0.30441
27.375 77.625 0.39053
27.375 77.875 0.33703
27.375 78.125 -0.065209
27.375 78.375 -1.3168
27.375 78.625 -1.6523
27.375 78.875 0.80963
27.375 79.125 -2.2645
27.375 79.375 -1.6542
27.375 79.625 -1.0356
27.375 79.875 -0.10239
27.375 80.125 -1.4251
27.375 80.375 -1.4858
27.375 80.625 -0.2427
27.375 80.875 -1.0142
27.375 81.125 1.0008
27.375 81.375 1.2146
27.375 81.625 -0.47306
27.375 81.875 1.1375
27.375 82.125 0.93392
27.375 82.375 0.35795
27.375 82.625 1.091
27.375 82.875 1.7843
27.375 83.125 1.2736
27.375 83.625 0.93552
27.375 84.125 1.1921
27.375 84.375 1.0885
27.375 88.125 1.7834
27.375 88.375 1.0232
27.375 88.625 0.56506
27.375 92.125 -1.0535
27.375 92.375 -0.82829
27.375 92.625 -0.64355
27.375 92.875 -0.7945
27.375 93.125 -1.0674
27.375 93.375 -0.92082
27.375 93.625 0.43161
27.375 93.875 0.98041
27.375 94.125 1.5864
27.375 94.375 0.054916
27.375 94.625 -0.35486
27.375 94.875 -0.66855
27.375 95.125 0.12289
27.375 95.375 0.35347
27.375 95.625 0.013662
27.375 95.875 -0.24949
27.375 96.125 -0.61938
27.375 96.375 -0.65685
NaN NaN NaN
27.375 96.875 -0.35195
27.625 70.125 0.88531
27.625 70.375 0.9155
27.625 70.625 1.0186
27.625 70.875 1.0823
27.625 71.125 1.2238
27.625 71.375 1.4556
27.625 71.625 1.4248
27.625 71.875 0.82017
27.625 72.125 0.39487
27.625 72.375 0.13832
27.625 72.625 0.030155
27.625 72.875 0.14581
27.625 73.125 0.4744
27.625 73.375 0.7296
27.625 73.625 1.0936
27.625 73.875 1.3239
27.625 74.125 1.3348
27.625 74.375 0.97119
27.625 74.625 1.1805
27.625 74.875 1.3871
27.625 75.125 1.9315
27.625 75.375 1.8956
27.625 75.625 1.3667
27.625 75.875 0.61693
27.625 76.125 0.52458
27.625 76.375 0.7809
27.625 76.625 0.55818
27.625 76.875 1.6015
27.625 77.125 0.99422
27.625 77.375 0.31714
27.625 77.625 0.1144
27.625 77.875 -0.25024
27.625 78.125 0.53848
27.625 78.375 -0.76417
27.625 78.625 -1.8385
27.625 78.875 -1.85
27.625 79.125 -1.9409
27.625 79.375 -1.7862
27.625 79.625 -1.3842
27.625 79.875 -0.90797
27.625 80.125 -0.96477
27.625 80.375 0.030359
27.625 80.625 -0.025983
27.625 80.875 -0.30074
27.625 81.125 0.62535
27.625 81.375 0.80358
27.625 81.625 0.92954
27.625 81.875 0.77541
27.625 82.125 0.84574
27.625 82.375 0.55883
27.625 82.625 1.2537
27.625 88.375 1.4052
27.625 88.625 1.1419
27.625 91.625 -0.52473
27.625 91.875 -0.81092
27.625 92.125 -1.0169
27.625 92.375 -1.0694
27.625 92.625 -0.81705
27.625 92.875 -1.0372
27.625 93.125 -1.114
27.625 93.375 -1.1117
27.625 93.625 -1.1511
27.625 93.875 -1.5575
27.625 94.125 -0.39367
27.625 94.375 0.31923
27.625 94.625 -0.624
27.625 94.875 -0.92568
27.625 95.125 -1.1766
27.625 95.375 -0.8451
27.625 95.625 -1.1472
27.625 95.875 -0.85452
27.625 96.125 -1.084
27.625 96.375 -0.77465
27.625 96.625 -0.33605
27.625 96.875 -0.3656
27.875 70.375 0.86609
27.875 71.875 0.88925
27.875 72.125 -0.26777
27.875 72.375 -0.33782
27.875 72.625 0.06778
27.875 72.875 0.034848
27.875 73.125 -0.094536
27.875 73.375 0.25322
27.875 73.625 0.79956
27.875 73.875 0.95845
27.875 74.125 0.91398
27.875 74.375 0.42145
27.875 74.625 0.99986
27.875 74.875 1.0247
27.875 75.125 1.2107
27.875 75.375 0.997
27.875 75.625 0.41951
27.875 75.875 0.17399
27.875 76.125 0.75482
27.875 76.375 0.95151
27.875 76.625 -0.57332
27.875 76.875 0.87143
27.875 77.125 1.2996
27.875 77.375 -0.33899
27.875 77.625 -0.87284
27.875 77.875 0.47718
27.875 78.125 1.1201
27.875 78.375 -0.12147
27.875 78.625 -0.63718
27.875 78.875 -0.83035
27.875 79.125 -0.72667
27.875 79.375 -1.3997
27.875 79.625 -1.4311
27.875 79.875 -0.37506
27.875 80.125 -0.4248
27.875 80.375 0.3974
27.875 80.625 -1.0368
27.875 80.875 -1.5685
27.875 81.125 0.28949
27.875 81.375 0.65149
27.875 81.625 0.77034
27.875 88.375 1.8522
27.875 88.625 1.7438
27.875 92.875 -1.3264
27.875 93.125 -1.2223
27.875 93.375 -1.1819
27.875 93.625 -1.4325
27.875 93.875 -1.6628
27.875 94.125 -0.98796
27.875 94.375 -0.7137
27.875 94.625 -0.93221
27.875 94.875 0.13866
27.875 95.125 -0.25669
27.875 95.375 -1.4835
27.875 95.625 -1.3831
27.875 95.875 -1.5253
27.875 96.125 -1.3262
27.875 96.375 -1.1495
27.875 96.625 -0.377
NaN NaN NaN
27.875 97.125 -0.3884
28.125 72.125 -0.18833
28.125 72.375 -0.088348
28.125 72.625 0.18144
28.125 72.875 0.19308
28.125 73.125 0.49834
28.125 73.375 0.55104
28.125 73.625 0.62493
28.125 73.875 0.67364
28.125 74.125 0.63411
28.125 74.375 0.43095
28.125 74.625 0.60748
28.125 74.875 0.76335
28.125 75.125 0.67813
28.125 75.375 1.4271
28.125 75.625 1.0869
28.125 75.875 0.52196
28.125 76.125 1.3402
28.125 76.375 0.97586
28.125 76.625 1.0724
28.125 76.875 0.50981
28.125 77.125 -0.12984
28.125 77.375 0.20846
28.125 77.625 -0.025504
28.125 77.875 0.93109
28.125 78.125 1.8185
28.125 78.375 0.90572
28.125 78.625 -0.54324
28.125 78.875 -0.34943
28.125 79.125 -0.94694
28.125 79.375 -1.4013
28.125 79.625 -1.5258
28.125 79.875 -1.1407
28.125 80.125 -0.67978
28.125 80.375 -0.36822
28.125 80.625 -0.65834
28.125 80.875 -1.3515
28.125 81.125 -0.64947
28.125 81.375 0.65364
28.125 92.875 -1.3379
28.125 93.125 -1.2442
28.125 93.375 -1.2897
28.125 93.625 -1.3472
28.125 93.875 -1.6546
28.125 94.125 -1.621
28.125 94.375 -1.2746
28.125 94.625 -1.481
28.125 94.875 -0.46171
28.125 95.125 -0.53054
28.125 95.375 -0.79061
28.125 95.625 -1.4473
28.125 95.875 -1.5831
28.125 96.125 -1.5269
28.125 96.375 -0.37703
NaN NaN NaN
NaN NaN NaN
NaN NaN NaN
28.375 72.375 -0.18858
28.375 72.625 0.036434
28.375 72.875 0.29308
28.375 73.125 0.49623
28.375 73.375 0.14894
28.375 73.625 0.011942
28.375 73.875 0.37095
28.375 74.125 0.65852
28.375 74.375 0.66587
28.375 74.625 0.89817
28.375 74.875 1.0731
28.375 75.125 0.91552
28.375 75.375 0.79589
28.375 75.625 1.1031
28.375 75.875 1.437
28.375 76.125 1.1109
28.375 76.375 -0.097858
28.375 76.625 -0.33815
28.375 76.875 0.54705
28.375 77.125 -0.66779
28.375 77.375 -0.049985
28.375 77.625 -0.051542
28.375 77.875 -0.22808
28.375 78.125 1.2904
28.375 78.375 0.7168
28.375 78.625 -1.2017
28.375 78.875 -1.1569
28.375 79.125 -0.7215
28.375 79.375 -0.6259
28.375 79.625 -1.2617
28.375 79.875 -0.93068
28.375 80.125 -0.77995
28.375 80.375 -1.0179
28.375 80.625 -0.931
28.375 80.875 -1.3409
28.375 81.125 -0.79462
28.375 93.375 -0.92496
28.375 93.625 -0.73403
28.375 93.875 -0.68759
28.375 94.125 -0.28483
28.375 94.375 -0.7307
28.375 94.625 -0.86154
28.375 94.875 -0.49253
28.375 95.125 -0.70938
28.375 95.375 -0.86995
28.375 95.625 -1.1795
28.375 95.875 -1.3053
28.375 96.125 -1.5483
NaN NaN NaN
28.625 72.375 0.12281
28.625 72.625 0.68601
28.625 72.875 1.172
28.625 73.125 0.81483
28.625 73.375 0.35012
28.625 73.625 0.23817
28.625 73.875 0.42262
28.625 74.125 1.0047
28.625 74.375 1.4316
28.625 74.625 1.3243
28.625 74.875 1.2337
28.625 75.125 1.0757
28.625 75.375 1.4966
28.625 75.625 0.22654
28.625 75.875 -0.18362
28.625 76.125 0.46688
28.625 76.375 0.60548
28.625 76.625 1.3573
28.625 76.875 -0.11949
28.625 77.125 -1.155
28.625 77.375 -0.10975
28.625 77.625 -0.24448
28.625 77.875 -1.2517
28.625 78.125 0.0012744
28.625 78.375 0.11745
28.625 78.625 -1.2439
28.625 78.875 -1.3345
28.625 79.125 0.055989
28.625 79.375 -0.97141
28.625 79.625 0.046121
28.625 79.875 -0.055584
28.625 80.125 -0.022162
28.625 80.375 -0.5724
28.625 80.625 -0.98776
28.625 93.625 0.20093
28.625 93.875 0.94989
28.625 94.125 0.79941
28.625 94.375 0.54581
28.625 94.625 -0.0014064
28.625 94.875 -0.31337
28.625 95.125 -0.70586
28.625 95.375 -0.84329
28.625 95.625 -1.0674
28.625 95.875 -1.3438
28.625 96.125 -0.81491
NaN NaN NaN
28.875 72.875 1.3454
28.875 73.125 1.6403
28.875 73.375 1.5285
28.875 73.625 1.1822
28.875 73.875 1.3262
28.875 74.125 1.7923
28.875 74.375 1.9653
28.875 74.625 1.8738
28.875 74.875 1.1654
28.875 75.125 0.55561
28.875 75.375 1.1201
28.875 75.625 0.31482
28.875 75.875 0.0051519
28.875 76.125 -1.1486
28.875 76.375 -1.0807
28.875 76.625 -1.3326
28.875 76.875 -0.57475
28.875 77.125 0.34331
28.875 77.375 -0.010925
28.875 77.625 0.15555
28.875 77.875 -0.20338
28.875 78.125 -0.46281
28.875 78.375 -0.48953
28.875 78.625 -0.59689
28.875 78.875 -0.7169
28.875 79.125 0.55783
28.875 79.375 0.67961
28.875 79.625 0.7257
28.875 79.875 1.0311
28.875 94.125 0.76785
28.875 94.375 0.61022
28.875 94.625 0.17431
28.875 94.875 0.18108
28.875 95.125 0.034457
28.875 95.375 -0.90211
28.875 95.625 -0.53251
28.875 95.875 -0.67083
28.875 96.125 -0.34485
NaN NaN NaN
29.125 73.125 1.4331
29.125 73.375 1.6055
29.125 73.625 1.2813
29.125 73.875 1.2128
29.125 74.125 1.4253
29.125 74.375 1.5018
29.125 74.625 1.4479
29.125 74.875 0.61856
29.125 75.125 -0.84085
29.125 75.375 0.58264
29.125 75.625 0.58243
29.125 75.875 -0.55272
29.125 76.125 -0.58744
29.125 76.375 -1.8321
29.125 76.625 -0.5419
29.125 76.875 -0.55238
29.125 77.125 0.017213
29.125 77.375 0.22218
29.125 77.625 0.065588
29.125 77.875 -0.38538
29.125 78.125 -0.11401
29.125 78.375 -0.35346
29.125 78.625 0.28885
29.125 78.875 -0.22186
29.125 79.125 1.4831
29.125 79.375 1.3963
29.125 79.625 0.49726
29.125 79.875 0.82801
29.125 80.125 0.95182
29.125 94.375 0.44006
29.125 94.625 0.45104
29.125 94.875 0.69163
29.125 95.625 -0.49971
29.125 95.875 0.13578
29.125 96.125 NaN
29.375 73.375 0.31645
29.375 73.625 1.0321
29.375 73.875 1.2373
29.375 74.125 1.9847
29.375 74.375 0.089447
29.375 74.625 0.54601
29.375 74.875 -0.041434
29.375 75.125 0.323
29.375 75.375 -0.33249
29.375 75.625 -0.65139
29.375 75.875 -1.2558
29.375 76.125 -1.1305
29.375 76.375 -1.52
29.375 76.625 -0.4966
29.375 76.875 -1.3536
29.375 77.125 -1.1188
29.375 77.375 -0.46829
29.375 77.625 -0.60498
29.375 77.875 -0.042925
29.375 78.125 0.76712
29.375 78.375 0.033156
29.375 78.625 -0.74388
29.375 78.875 -0.3553
29.375 79.125 0.44062
29.375 79.375 0.5765
29.375 79.625 -0.75277
29.375 79.875 -0.10769
29.375 80.125 0.32539
NaN NaN NaN
29.625 73.375 0.46264
29.625 73.625 0.16256
29.625 73.875 1.9057
29.625 74.125 2.1697
29.625 74.375 1.2777
29.625 74.625 -0.89799
29.625 74.875 -0.73142
29.625 75.125 -0.57714
29.625 75.375 -0.57608
29.625 75.625 -0.015529
29.625 75.875 -1.0593
29.625 76.125 -1.1301
29.625 76.375 -0.17304
29.625 76.625 -0.22225
29.625 76.875 -0.080607
29.625 77.125 -1.0025
29.625 77.375 -1.266
29.625 77.625 -0.79604
29.625 77.875 -0.40951
29.625 78.125 0.35665
29.625 78.375 -0.087237
29.625 78.625 -1.2906
29.625 78.875 -0.73791
29.625 79.125 -0.16159
29.625 79.375 -0.037923
29.625 79.625 -0.067807
29.625 79.875 0.47044
29.625 80.125 0.41556
29.875 73.625 0.18738
29.875 73.875 2.0046
29.875 74.125 2.3275
29.875 74.375 0.058171
29.875 74.625 -1.5083
29.875 74.875 -1.5498
29.875 75.125 -0.55635
29.875 75.375 -0.41648
29.875 75.625 0.16649
29.875 75.875 -0.21261
29.875 76.125 0.0055367
29.875 76.375 -0.064114
29.875 76.625 0.15265
29.875 76.875 -0.9051
29.875 77.125 -0.78431
29.875 77.375 -0.68465
29.875 77.625 -0.094943
29.875 77.875 1.168
29.875 78.125 -0.9535
29.875 78.375 0.81168
29.875 78.625 -0.055533
29.875 78.875 -0.13674
29.875 79.125 -1.3088
29.875 79.375 -0.88899
29.875 79.625 1.16
29.875 79.875 -0.33966
29.875 80.125 0.002755
29.875 80.375 -0.08659
30.125 74.125 0.96601
30.125 74.375 0.41971
30.125 74.625 -0.87569
30.125 74.875 -0.68793
30.125 75.125 0.12825
30.125 75.375 0.77256
30.125 75.625 0.68628
30.125 75.875 -0.44491
30.125 76.125 0.4608
30.125 76.375 -0.027703
30.125 76.625 -0.2855
30.125 76.875 -0.83864
30.125 77.125 -1.5244
30.125 77.375 -1.2917
30.125 77.625 1.5121
30.125 77.875 1.7482
30.125 78.125 0.59878
30.125 78.375 1.0613
30.125 78.625 0.54981
30.125 78.875 0.27891
30.125 79.125 -0.39321
30.125 79.375 -0.50423
30.125 79.625 0.80248
30.125 79.875 -0.40315
30.125 80.125 -0.41339
30.125 80.375 -0.10101
30.125 80.625 -0.15508
30.375 74.125 0.88011
30.375 74.375 0.3414
30.375 74.625 0.62868
30.375 74.875 0.80439
30.375 75.125 1.5286
30.375 75.375 1.4379
30.375 75.625 1.0235
30.375 75.875 -0.38865
30.375 76.125 0.0059327
30.375 76.375 -0.16516
30.375 76.625 -0.81976
30.375 76.875 -1.245
30.375 77.125 0.045869
30.375 77.375 1.2966
30.375 77.625 1.7095
30.375 77.875 0.72865
30.375 78.125 -0.53155
30.375 78.375 -1.6952
30.375 78.625 0.59937
30.375 78.875 0.15975
30.375 79.125 -0.10048
30.375 79.375 -0.75022
30.375 79.625 0.14438
30.375 79.875 0.40067
30.375 80.125 0.15181
30.375 80.375 -0.23023
30.375 80.625 -0.29287
30.625 74.375 0.69074
30.625 74.625 0.56561
30.625 74.875 1.0079
30.625 75.125 1.062
30.625 75.375 1.3963
30.625 75.625 1.6835
30.625 75.875 0.080017
30.625 76.125 -0.45656
30.625 76.375 -0.49818
30.625 76.625 0.36219
30.625 76.875 0.27705
30.625 77.125 -0.06399
30.625 77.375 0.63238
30.625 77.625 0.049627
30.625 77.875 -0.26698
30.625 78.125 -0.35841
30.625 78.375 -1.6964
30.625 78.625 -0.91201
30.625 78.875 -0.20234
30.625 79.125 -0.40271
30.625 79.375 -0.58252
30.625 79.625 -0.055001
30.625 79.875 -0.015955
30.625 80.125 0.08859
30.875 74.625 0.064663
30.875 74.875 1.0269
30.875 75.125 1.4179
30.875 75.375 0.14495
30.875 75.625 1.5462
30.875 75.875 0.49296
30.875 76.125 0.44933
30.875 76.375 0.41715
30.875 76.625 0.65945
30.875 76.875 0.60939
30.875 77.125 0.089378
30.875 77.375 -0.86729
30.875 77.625 -1.5885
30.875 77.875 0.044738
30.875 78.125 -0.85013
30.875 78.375 -1.7602
30.875 78.625 -1.0488
30.875 78.875 -0.51702
30.875 79.125 -0.37153
30.875 79.375 -0.37575
30.875 79.625 -0.32356
30.875 79.875 0.15212
31.125 74.875 0.91672
31.125 75.125 0.92602
31.125 75.375 -0.69135
31.125 75.625 -0.1796
31.125 75.875 0.23938
31.125 76.125 1.5562
31.125 76.375 0.97532
31.125 76.625 0.52732
31.125 76.875 0.53117
31.125 77.125 0.070766
31.125 77.375 -0.87124
31.125 77.625 -0.25089
31.125 77.875 -1.2541
31.125 78.125 -1.512
31.125 78.375 -1.545
31.125 78.625 -1.5956
31.125 78.875 -0.39164
31.125 79.125 -0.1286
31.375 74.875 0.29811
31.375 75.125 -0.15491
31.375 75.375 -1.1793
31.375 75.625 0.63061
31.375 75.875 1.0078
31.375 76.125 0.88371
31.375 76.375 2.1402
31.375 76.625 0.80102
31.375 76.875 0.45402
31.375 77.125 0.29088
31.375 77.375 0.24109
31.375 77.625 0.74182
31.375 77.875 -1.2323
31.375 78.125 -1.4805
31.375 78.375 -1.6274
31.375 78.625 -1.583
31.625 74.875 0.82889
31.625 75.125 0.48602
31.625 75.375 0.16453
31.625 75.625 0.10712
31.625 75.875 0.064595
31.625 76.125 0.061451
31.625 76.375 0.91325
31.625 76.625 1.2548
31.625 76.875 -0.4004
31.625 77.125 -0.55825
31.625 77.375 1.3707
31.625 77.625 1.0702
31.625 77.875 -1.2762
31.625 78.125 -1.4851
31.625 78.375 -1.5721
31.625 78.625 -1.5904
31.875 74.875 0.78612
31.875 75.125 -0.0074765
31.875 75.375 -0.29972
31.875 75.625 -0.39016
31.875 75.875 0.25546
31.875 76.125 0.80486
31.875 76.375 0.69444
31.875 76.625 0.85786
31.875 76.875 -0.62636
31.875 77.125 -0.70493
31.875 77.375 -0.26106
31.875 77.625 -0.37202
31.875 77.875 -1.5606
31.875 78.125 -1.4999
31.875 78.375 -1.5307
31.875 78.625 -1.5343
32.125 75.375 0.10708
32.125 75.625 0.85683
32.125 75.875 0.78714
32.125 76.125 0.45506
32.125 76.375 0.20849
32.125 76.625 -0.87604
32.125 76.875 -0.56279
32.125 77.125 -0.91167
32.125 77.375 -1.5474
32.125 77.625 -1.12
32.125 77.875 -1.5832
32.125 78.125 -1.6479
32.125 78.375 -1.5472
32.375 75.375 -0.5147
32.375 75.625 0.37308
32.375 75.875 0.6735
32.375 76.125 -0.44395
32.375 76.375 -0.55619
32.375 76.625 -1.1816
32.375 76.875 -1.0191
32.375 77.125 -1.1217
32.375 77.375 -1.7853
32.375 77.625 -1.7967
32.375 77.875 -1.734
32.375 78.125 -1.6287
32.375 78.375 -1.5639
32.625 74.875 -0.56642
32.625 75.125 -0.51441
32.625 75.375 -0.97419
32.625 75.625 -0.72817
32.625 75.875 -0.63042
32.625 76.125 -0.34662
32.625 76.375 -1.3181
32.625 76.625 -1.4819
32.625 76.875 -1.3287
32.625 77.125 -1.4134
32.625 77.375 -1.7518
32.625 77.625 -1.8137
32.625 77.875 -1.7816
32.625 78.125 -1.613
32.625 78.375 -1.3472
32.625 78.625 -1.4333
32.625 78.875 -1.3991
32.625 79.125 -1.3503
32.625 79.375 -1.3936
32.875 74.375 -0.26824
32.875 74.625 -0.36695
32.875 74.875 -0.25564
32.875 75.125 -0.43504
32.875 75.375 -1.3856
32.875 75.625 -1.5442
32.875 75.875 -0.9101
32.875 76.125 -0.66483
32.875 76.375 -1.0793
32.875 76.625 -1.5666
32.875 76.875 -1.4096
32.875 77.125 -1.5599
32.875 77.375 -1.6937
32.875 77.625 -1.7839
32.875 77.875 -1.7536
32.875 78.125 -0.94062
32.875 78.375 -1.2411
32.875 78.625 -1.327
32.875 78.875 -1.4397
32.875 79.125 -1.3971
32.875 79.375 -1.4219
33.125 73.875 -0.12495
33.125 74.125 -0.088424
33.125 74.375 -0.37218
33.125 74.625 -0.88473
33.125 74.875 -1.2944
33.125 75.125 -0.93957
33.125 75.375 -1.9459
33.125 75.625 -2.021
33.125 75.875 -1.0816
33.125 76.125 -1.0045
33.125 76.375 -1.2419
33.125 76.625 -1.4027
33.125 76.875 -1.494
33.125 77.125 -1.5636
33.125 77.375 -0.99294
33.125 77.625 -0.42132
33.125 77.875 0.091806
33.125 78.125 0.35809
33.125 78.375 0.24237
33.125 78.625 -0.94488
33.125 78.875 -1.2904
33.125 79.125 -1.3588
33.375 73.875 -0.35871
33.375 74.125 -0.54817
33.375 74.375 -1.4704
33.375 74.625 -1.7179
33.375 74.875 -1.953
33.375 75.125 -2.168
33.375 75.375 -2.0035
33.375 75.625 -2.037
33.375 75.875 -1.4646
33.375 76.125 -0.91223
33.375 76.375 -0.82202
33.375 76.625 -0.76277
33.375 76.875 -0.51085
33.375 77.125 -0.16304
33.375 77.375 -0.01164
33.375 77.625 0.051324
33.375 77.875 -0.02795
33.375 78.125 0.02348
33.375 78.375 0.015565
33.375 78.625 -0.5499
33.375 78.875 -1.0919
33.625 73.875 -0.43091
33.625 74.125 -0.44292
33.625 74.375 -1.837
33.625 74.625 -1.8815
33.625 74.875 -1.4886
33.625 75.125 -2.1803
33.625 75.375 -1.9711
33.625 75.625 -1.6624
33.625 75.875 -0.98886
33.625 76.125 -0.91944
33.625 76.375 -0.40428
33.625 76.625 -0.70572
33.625 76.875 -0.32275
33.625 77.125 -0.1753
33.625 77.375 -0.14557
33.625 77.625 -0.15759
33.625 77.875 -0.23175
33.625 78.125 -0.21463
33.625 78.375 -0.16611
33.625 78.625 -0.1042
33.625 78.875 -0.83332
33.875 73.875 -0.45944
33.875 74.125 -0.85265
33.875 74.375 -1.4346
33.875 74.625 -1.5592
33.875 74.875 -1.4584
33.875 75.125 -0.63743
33.875 75.375 -0.79114
33.875 75.625 -0.93044
33.875 75.875 -1.0289
33.875 76.125 -0.78355
33.875 76.375 -0.59336
33.875 76.625 -0.74187
33.875 76.875 -0.74163
33.875 77.125 -0.72828
33.875 77.375 -0.44007
33.875 77.625 -0.32076
33.875 77.875 -0.28036
33.875 78.125 -0.27433
33.875 78.375 -0.27502
33.875 78.625 -0.18131
33.875 78.875 -0.6455
34.125 73.625 -1.1195
34.125 73.875 -1.1321
34.125 74.125 -0.78856
34.125 74.375 -1.4703
34.125 74.625 -1.8904
34.125 74.875 -0.5985
34.125 75.125 -0.26327
34.125 75.375 -0.56633
34.125 75.625 -0.95926
34.125 75.875 -0.90018
34.125 76.125 -1.0052
34.125 76.375 -0.5021
34.125 76.625 -0.7266
34.125 76.875 -0.73397
34.125 77.125 -0.72741
34.125 77.375 -0.57719
34.125 77.625 -0.45396
34.125 77.875 -0.36575
34.125 78.125 -0.31777
34.125 78.375 -0.29595
34.125 78.625 -0.23398
34.125 78.875 -0.53043
34.125 79.125 -0.37762
34.125 79.375 -0.78833
34.375 73.625 -1.4362
34.375 73.875 -1.6206
34.375 74.125 -1.8034
34.375 74.375 -1.5078
34.375 74.625 -1.6073
34.375 74.875 -1.4995
34.375 75.125 -0.55572
34.375 75.375 -1.1682
34.375 75.625 -1.1047
34.375 75.875 -0.8696
34.375 76.125 -1.0216
34.375 76.375 -0.41821
34.375 76.625 -0.70195
34.375 76.875 -0.71966
34.375 77.125 -0.72905
34.375 77.375 -0.64889
34.375 77.625 -0.54282
34.375 77.875 -0.45579
34.375 78.125 -0.38431
34.375 78.375 -0.33748
34.375 78.625 -0.28124
34.375 78.875 -0.46316
34.375 79.125 -0.68412
34.375 79.375 -0.91399
34.625 73.875 -1.6752
34.625 74.125 -1.7394
34.625 74.375 -1.856
34.625 74.625 -1.8803
34.625 74.875 -2.1102
34.625 75.125 -1.3065
34.625 75.375 -1.5165
34.625 75.625 -1.1565
34.625 75.875 -0.92022
34.625 76.125 -0.97167
34.625 76.375 -0.38256
34.625 76.625 -0.59495
34.625 76.875 -0.69395
34.625 77.125 -0.7123
34.625 77.375 -0.67965
34.625 77.625 -0.60915
34.625 77.875 -0.53156
34.625 78.125 -0.45472
34.625 78.375 -0.39086
34.625 78.625 -0.32799
34.625 78.875 -0.42921
34.625 79.125 -0.59408
34.625 79.375 -0.78738
34.625 79.625 -0.98141
34.875 74.125 -1.8549
34.875 74.375 -1.8965
34.875 74.625 -1.9248
34.875 74.875 -2.0867
34.875 75.125 -2.2629
34.875 75.375 -1.7886
34.875 75.625 -1.2118
34.875 75.875 -1.0457
34.875 76.125 -0.95305
34.875 76.375 -0.38845
34.875 76.625 -0.5645
34.875 76.875 -0.66567
34.875 77.125 -0.69327
34.875 77.375 -0.68926
34.875 77.625 -0.6504
34.875 77.875 -0.59018
34.875 78.125 -0.52057
34.875 78.375 -0.45204
34.875 78.625 -0.38879
34.875 78.875 -0.41911
34.875 79.125 -0.53856
34.875 79.375 -0.69053
34.875 79.625 -0.86334
34.875 79.875 -1.0304
35.125 74.375 -1.9758
35.125 74.625 -1.9526
35.125 74.875 -2.0428
35.125 75.125 -2.3419
35.125 75.375 -2.0433
35.125 75.625 -1.263
35.125 75.875 -0.98302
35.125 76.125 -0.90904
35.125 76.375 -0.39459
35.125 76.625 -0.54545
35.125 76.875 -0.64017
35.125 77.125 -0.67746
35.125 77.375 -0.68518
35.125 77.625 -0.66768
35.125 77.875 -0.63026
35.125 78.125 -0.57712
35.125 78.375 -0.51762
35.125 78.625 -0.45148
35.125 78.875 -0.43915
35.125 79.125 -0.51263
35.125 79.375 -0.6243
35.125 79.625 -0.76579
35.125 79.875 -0.92188
35.375 73.875 -1.9437
35.375 74.125 -2.0113
35.375 74.375 -1.9549
35.375 74.625 -1.9847
35.375 74.875 -1.86
35.375 75.125 -2.0322
35.375 75.375 -1.9915
35.375 75.625 -1.2941
35.375 75.875 -0.96833
35.375 76.125 -0.94652
35.375 76.375 -0.81259
35.375 76.625 -0.81955
35.375 76.875 -0.59183
35.375 77.125 -0.66361
35.375 77.375 -0.67687
35.375 77.625 -0.67546
35.375 77.875 -0.65479
35.375 78.125 -0.61666
35.375 78.375 -0.56704
35.375 78.625 -0.50787
35.375 78.875 -0.47105
35.375 79.125 -0.50755
35.375 79.375 -0.58621
35.375 79.625 -0.6943
35.375 79.875 -0.82671
NaN NaN NaN
35.625 73.375 -1.8659
35.625 73.625 -1.8779
35.625 73.875 -2.0734
35.625 74.125 -2.1215
35.625 74.375 -2.143
35.625 74.625 -2.0674
35.625 74.875 -1.8179
35.625 75.125 -2.2354
35.625 75.375 -2.1425
35.625 75.625 -1.4411
35.625 75.875 -1.4059
35.625 76.125 -1.1416
35.625 76.375 -0.99909
35.625 76.625 -1.0217
35.625 76.875 -0.91961
35.625 77.125 -0.8678
35.625 78.375 -0.61208
35.625 78.625 -0.55578
35.625 78.875 -0.50981
35.625 79.125 -0.51549
35.625 79.375 -0.56796
35.625 79.625 -0.64742
35.625 79.875 -0.75249
35.625 80.125 -0.87668
35.875 73.125 1.92
35.875 73.375 0.057689
35.875 73.625 -1.3028
35.875 73.875 -1.7561
35.875 74.125 -1.9602
35.875 74.375 -2.2278
35.875 74.625 -2.1718
35.875 74.875 -2.0394
35.875 75.125 -2.1789
35.875 75.375 -2.2849
35.875 75.625 -2.1865
35.875 75.875 -1.9196
35.875 76.125 -1.6259
35.875 76.375 -1.3287
35.875 76.625 -1.1447
35.875 79.375 -0.56601
36.125 72.625 1.6783
36.125 72.875 -0.58066
36.125 73.125 -1.1744
36.125 73.375 1.3634
36.125 73.625 -0.22403
36.125 73.875 -1.2479
36.125 74.125 -1.716
36.125 74.375 -2.068
36.125 74.625 -2.1346
36.125 74.875 -2.0983
36.125 75.125 -2.1548
36.125 75.375 -2.2685
36.125 75.625 -2.3106
36.125 75.875 -2.1972
36.125 76.125 -1.9609
36.125 76.375 -1.6732
36.125 76.625 -1.4477
36.375 73.125 2.1115
36.375 73.375 1.9402
36.375 73.625 1.0527
36.375 73.875 -0.30561
36.375 74.125 -1.2297
36.375 74.375 -1.804
36.375 74.625 -2.016
36.375 74.875 -2.0694
36.375 75.125 -2.1239
36.375 75.375 -2.2243
36.375 75.625 -2.3171
36.375 75.875 -2.3209
36.375 76.125 -2.1913
36.625 73.375 2.0966
36.625 73.625 1.7712
36.625 73.875 0.86062
36.625 74.125 -0.37004
36.625 74.375 -1.3335
36.625 74.625 -1.7882
36.625 74.875 -1.9651
36.625 75.125 -2.0628
36.625 75.375 -2.1657
36.625 75.625 -2.2744
36.875 73.875 1.626
36.875 74.375 -0.52066
36.875 74.625 -1.3654
36.875 74.875 -1.7572
36.875 75.125 -1.9483
36.875 75.375 -2.0834
