8.125 77.375 3.9304
8.375 77.125 3.03
8.375 77.375 5.4638
8.375 77.625 3.4366
8.375 77.875 1.5992
8.625 76.875 2.5565
8.625 77.125 6.7136
8.625 77.375 5.4335
8.625 77.625 3.3819
8.625 77.875 1.9798
8.875 76.875 3.443
8.875 77.125 6.4281
8.875 77.375 5.2215
8.875 77.625 2.5571
8.875 77.875 0.83719
9.125 76.625 2.9665
9.125 76.875 6.0676
9.125 77.125 6.4738
9.125 77.375 4.9231
9.125 77.625 2.0262
9.125 77.875 1.3404
9.125 78.125 0.57004
NaN NaN NaN
9.375 76.625 1.8513
9.375 76.875 3.118
9.375 77.125 6.3892
9.375 77.375 4.4505
9.375 77.625 1.9668
9.375 77.875 0.68117
9.375 78.125 0.30545
9.375 78.375 0.23837
9.375 78.625 0.39898
NaN NaN NaN
9.625 76.375 3.5708
9.625 76.625 2.6118
9.625 76.875 4.8814
9.625 77.125 6.6166
9.625 77.375 4.4564
9.625 77.625 2.1156
9.625 77.875 0.77647
9.625 78.125 0.075261
9.625 78.375 0.15083
9.625 78.625 0.34252
9.875 76.625 3.0851
9.875 76.875 4.3843
9.875 77.125 7.1367
9.875 77.375 5.0036
9.875 77.625 2.5678
9.875 77.875 1.0391
9.875 78.125 0.026767
9.875 78.375 -0.15875
9.875 78.625 0.1338
9.875 78.875 0.1173
10.125 76.375 3.7695
10.125 76.625 3.2247
10.125 76.875 3.8412
10.125 77.125 7.2617
10.125 77.375 5.7725
10.125 77.625 2.7634
10.125 77.875 0.75846
10.125 78.125 0.19987
10.125 78.375 -0.035566
10.125 78.625 0.1196
10.125 78.875 0.3829
10.125 79.125 0.31135
10.375 76.375 5.4607
10.375 76.625 4.7554
10.375 76.875 7.5526
10.375 77.125 7.3976
10.375 77.375 3.389
10.375 77.625 1.4246
10.375 77.875 0.97417
10.375 78.125 0.26577
10.375 78.375 0.089701
10.375 78.625 -0.0013325
10.375 78.875 0.084621
10.375 79.125 0.17273
NaN NaN NaN
NaN NaN NaN
10.625 76.125 5.3197
10.625 76.375 5.3459
10.625 76.625 6.052
10.625 76.875 7.3339
10.625 77.125 5.39
10.625 77.375 4.2662
10.625 77.625 1.2664
10.625 77.875 0.71325
10.625 78.125 0.19665
10.625 78.375 0.082554
10.625 78.625 0.039653
10.625 78.875 -0.0091952
10.625 79.125 0.11008
10.625 79.375 0.087104
10.625 79.625 0.023931
10.875 76.125 4.3837
10.875 76.375 5.9623
10.875 76.625 7.9823
10.875 76.875 6.61
10.875 77.125 5.2462
10.875 77.375 2.5786
10.875 77.625 0.60953
10.875 77.875 0.07695
10.875 78.125 0.1241
10.875 78.375 0.018464
10.875 78.625 -0.10837
10.875 78.875 -0.026731
10.875 79.125 0.0040789
10.875 79.375 0.12263
10.875 79.625 0.18144
11.125 76.125 5.4908
11.125 76.375 6.3712
11.125 76.625 4.4324
11.125 76.875 1.3174
11.125 77.125 4.2048
11.125 77.375 1.9552
11.125 77.625 0.48957
11.125 77.875 -0.21863
11.125 78.125 0.06173
11.125 78.375 -0.034368
11.125 78.625 -0.13175
11.125 78.875 -0.13577
11.125 79.125 -0.050273
11.125 79.375 0.2562
11.125 79.625 0.2692
11.375 75.875 4.2791
11.375 76.125 5.0379
11.375 76.375 6.7405
11.375 76.625 5.9722
11.375 76.875 4.485
11.375 77.125 3.618
11.375 77.375 2.7659
11.375 77.625 0.83403
11.375 77.875 0.10087
11.375 78.125 0.29509
11.375 78.375 0.30549
11.375 78.625 0.25762
11.375 78.875 0.015022
11.375 79.125 0.072218
11.375 79.375 0.37636
11.375 79.625 0.39734
11.625 75.875 6.6612
11.625 76.125 6.8002
11.625 76.375 6.3424
11.625 76.625 5.8841
11.625 76.875 4.9014
11.625 77.125 3.5377
11.625 77.375 2.6124
11.625 77.625 1.217
11.625 77.875 -0.14728
11.625 78.125 0.17379
11.625 78.375 0.61212
11.625 78.625 0.4298
11.625 78.875 0.27544
11.625 79.125 0.21209
11.625 79.375 0.55952
NaN NaN NaN
NaN NaN NaN
11.875 75.875 7.2188
11.875 76.125 6.7035
11.875 76.375 4.794
11.875 76.625 2.7123
11.875 76.875 1.5073
11.875 77.125 1.3854
11.875 77.375 1.4859
11.875 77.625 0.95785
11.875 77.875 0.15102
11.875 78.125 0.045024
11.875 78.375 0.24269
11.875 78.625 0.40692
11.875 78.875 0.1076
11.875 79.125 0.07504
11.875 79.375 0.56287
11.875 79.625 0.80169
12.125 75.375 4.2068
12.125 75.625 5.1598
12.125 75.875 7.2458
12.125 76.125 6.3002
12.125 76.375 2.8781
12.125 76.625 0.7657
12.125 76.875 0.9739
12.125 77.125 0.88754
12.125 77.375 1.0947
12.125 77.625 0.85118
12.125 77.875 0.23527
12.125 78.125 0.16206
12.125 78.375 0.36588
12.125 78.625 0.39025
12.125 78.875 0.18241
12.125 79.125 0.25863
12.125 79.375 0.39809
12.125 79.625 1.0388
12.375 75.125 3.9582
12.375 75.375 4.5274
12.375 75.625 7.2677
12.375 75.875 7.0014
12.375 76.125 6.424
12.375 76.375 2.9286
12.375 76.625 1.0607
12.375 76.875 0.95644
12.375 77.125 0.74782
12.375 77.375 0.76988
12.375 77.625 0.96393
12.375 77.875 0.45147
12.375 78.125 0.26941
12.375 78.375 0.23972
12.375 78.625 0.37024
12.375 78.875 0.22356
12.375 79.125 0.42565
12.375 79.375 0.77797
12.375 79.625 0.99748
12.375 79.875 1.0026
12.625 75.125 4.1989
12.625 75.375 4.3231
12.625 75.625 6.6002
12.625 75.875 6.2973
12.625 76.125 5.1331
12.625 76.375 3.2423
12.625 76.625 1.5485
12.625 76.875 0.97551
12.625 77.125 0.6211
12.625 77.375 0.64736
12.625 77.625 0.74709
12.625 77.875 0.57783
12.625 78.125 0.20475
12.625 78.375 0.23674
12.625 78.625 0.2794
12.625 78.875 0.37042
12.625 79.125 0.60801
12.625 79.375 0.46165
12.625 79.625 0.71748
12.625 79.875 0.60173
12.875 75.125 3.904
12.875 75.375 4.605
12.875 75.625 6.2756
12.875 75.875 5.2429
12.875 76.125 3.8148
12.875 76.375 2.6068
12.875 76.625 1.5336
12.875 76.875 1.13
12.875 77.125 1.2005
12.875 77.375 0.70407
12.875 77.625 0.78524
12.875 77.875 0.63436
12.875 78.125 0.43019
12.875 78.375 0.30411
12.875 78.625 0.23828
12.875 78.875 0.26945
12.875 79.125 0.55794
12.875 79.375 0.49311
12.875 79.625 0.78368
12.875 79.875 0.38756
NaN NaN NaN
13.125 75.125 5.1325
13.125 75.375 5.9492
13.125 75.625 6.8258
13.125 75.875 5.6406
13.125 76.125 3.5387
13.125 76.375 2.4431
13.125 76.625 1.6144
13.125 76.875 1.4631
13.125 77.125 1.425
13.125 77.375 1.1481
13.125 77.625 1.0653
13.125 77.875 0.78306
13.125 78.125 0.72603
13.125 78.375 0.45989
13.125 78.625 0.379
13.125 78.875 0.30702
13.125 79.125 0.7444
13.125 79.375 0.79087
13.125 79.625 0.62854
13.125 79.875 0.27017
13.125 80.125 0.2823
NaN NaN NaN
13.375 75.125 5.5752
13.375 75.375 6.7098
13.375 75.625 6.9441
13.375 75.875 6.3425
13.375 76.125 4.2405
13.375 76.375 2.7401
13.375 76.625 2.0025
13.375 76.875 1.0707
13.375 77.125 1.64
13.375 77.375 1.4116
13.375 77.625 0.86952
13.375 77.875 0.84579
13.375 78.125 0.74668
13.375 78.375 0.93935
13.375 78.625 1.0677
13.375 78.875 0.82596
13.375 79.125 0.76656
13.375 79.375 1.0273
13.375 79.625 0.66447
13.375 79.875 0.33494
13.375 80.125 0.31446
13.625 74.875 4.1378
13.625 75.125 5.6954
13.625 75.375 6.7572
13.625 75.625 6.2335
13.625 75.875 5.3392
13.625 76.125 3.6968
13.625 76.375 2.3708
13.625 76.625 1.161
13.625 76.875 1.5461
13.625 77.125 1.5146
13.625 77.375 1.1806
13.625 77.625 1.1904
13.625 77.875 0.87725
13.625 78.125 0.95207
13.625 78.375 1.2783
13.625 78.625 1.308
13.625 78.875 1.0047
13.625 79.125 1.0235
13.625 79.375 0.53975
13.625 79.625 0.55178
13.625 79.875 0.49995
13.625 80.125 0.36178
13.875 74.875 5.9206
13.875 75.125 6.541
13.875 75.375 5.8037
13.875 75.625 4.519
13.875 75.875 3.3849
13.875 76.125 2.6138
13.875 76.375 1.989
13.875 76.625 2.0549
13.875 76.875 1.5268
13.875 77.125 1.1436
13.875 77.375 0.84194
13.875 77.625 0.87292
13.875 77.875 0.9877
13.875 78.125 1.0264
13.875 78.375 1.1628
13.875 78.625 1.0257
13.875 78.875 0.97899
13.875 79.125 0.95923
13.875 79.375 0.79265
13.875 79.625 0.58033
13.875 79.875 0.57376
14.125 74.625 4.1376
14.125 74.875 5.7508
14.125 75.125 6.2489
14.125 75.375 4.4034
14.125 75.625 2.6895
14.125 75.875 3.0167
14.125 76.125 2.029
14.125 76.375 1.9731
14.125 76.625 2.1574
14.125 76.875 1.1032
14.125 77.125 1.1246
14.125 77.375 0.72999
14.125 77.625 0.62881
14.125 77.875 0.69058
14.125 78.125 0.81169
14.125 78.375 0.80861
14.125 78.625 0.61955
14.125 78.875 0.81019
14.125 79.125 0.77096
14.125 79.375 0.44525
14.125 79.625 0.36664
14.125 79.875 0.57026
14.375 74.625 4.3946
14.375 74.875 6.0359
14.375 75.125 4.566
14.375 75.375 3.5732
14.375 75.625 2.2933
14.375 75.875 2.8906
14.375 76.125 2.1036
14.375 76.375 1.7684
14.375 76.625 1.6668
14.375 76.875 0.97524
14.375 77.125 0.59203
14.375 77.375 0.41504
14.375 77.625 0.4555
14.375 77.875 0.46248
14.375 78.125 0.54568
14.375 78.375 0.38758
14.375 78.625 0.37364
14.375 78.875 0.45362
14.375 79.125 0.55136
14.375 79.375 0.41893
14.375 79.625 0.62348
14.375 79.875 0.65967
NaN NaN NaN
14.625 74.625 3.9667
14.625 74.875 4.2746
14.625 75.125 4.0557
14.625 75.375 2.7015
14.625 75.625 2.284
14.625 75.875 2.4542
14.625 76.125 2.2115
14.625 76.375 1.9728
14.625 76.625 1.4694
14.625 76.875 1.0954
14.625 77.125 0.60242
14.625 77.375 0.2033
14.625 77.625 0.41239
14.625 77.875 0.44578
14.625 78.125 0.45677
14.625 78.375 0.39324
14.625 78.625 0.32909
14.625 78.875 0.27558
14.625 79.125 0.34253
14.625 79.375 0.4148
14.625 79.625 0.51955
14.625 79.875 0.52933
14.875 74.375 4.4539
14.875 74.625 4.3757
14.875 74.875 3.8163
14.875 75.125 3.6278
14.875 75.375 1.6885
14.875 75.625 1.9153
14.875 75.875 1.667
14.875 76.125 1.4095
14.875 76.375 1.1929
14.875 76.625 1.5622
14.875 76.875 0.87769
14.875 77.125 0.57883
14.875 77.375 0.24835
14.875 77.625 0.32145
14.875 77.875 0.45682
14.875 78.125 0.40724
14.875 78.375 0.24315
14.875 78.625 0.16037
14.875 78.875 0.28634
14.875 79.125 0.29589
14.875 79.375 0.38719
14.875 79.625 0.43154
14.875 79.875 0.42823
15.125 74.125 3.7578
15.125 74.375 4.634
15.125 74.625 4.447
15.125 74.875 3.1411
15.125 75.125 2.4287
15.125 75.375 1.8261
15.125 75.625 1.8197
15.125 75.875 1.4133
15.125 76.125 0.75752
15.125 76.375 0.97977
15.125 76.625 0.90699
15.125 76.875 0.55416
15.125 77.125 0.28774
15.125 77.375 0.19919
15.125 77.625 0.20954
15.125 77.875 0.35864
15.125 78.125 0.4577
15.125 78.375 0.15502
15.125 78.625 0.2272
15.125 78.875 0.30001
15.125 79.125 0.35205
15.125 79.375 0.37825
15.125 79.625 0.33193
15.125 79.875 0.38036
15.375 73.875 2.8143
15.375 74.125 3.5758
15.375 74.375 4.79
15.375 74.625 4.0237
15.375 74.875 2.5637
15.375 75.125 1.694
15.375 75.375 1.1753
15.375 75.625 1.3733
15.375 75.875 1.1205
15.375 76.125 0.92877
15.375 76.375 0.60811
15.375 76.625 0.37107
15.375 76.875 0.39191
15.375 77.125 0.23622
15.375 77.375 0.32523
15.375 77.625 0.32647
15.375 77.875 0.50223
15.375 78.125 0.25226
15.375 78.375 0.28687
15.375 78.625 0.398
15.375 78.875 0.44133
15.375 79.125 0.36498
15.375 79.375 0.28297
15.375 79.625 0.23716
15.375 79.875 0.17906
15.625 73.875 3.623
15.625 74.125 4.9308
15.625 74.375 4.6706
15.625 74.625 4.3869
15.625 74.875 1.9028
15.625 75.125 1.1901
15.625 75.375 1.1572
15.625 75.625 0.81211
15.625 75.875 0.95732
15.625 76.125 0.52801
15.625 76.375 0.21976
15.625 76.625 0.37862
15.625 76.875 0.5086
15.625 77.125 0.3626
15.625 77.375 0.38216
15.625 77.625 0.33874
15.625 77.875 0.44821
15.625 78.125 0.50056
15.625 78.375 0.48828
15.625 78.625 0.7264
15.625 78.875 1.0253
15.625 79.125 0.51493
15.625 79.375 0.32192
15.625 79.625 0.040671
15.625 79.875 0.053119
15.625 80.125 0.34832
15.875 73.875 5.5306
15.875 74.125 4.7692
15.875 74.375 4.6041
15.875 74.625 3.762
15.875 74.875 1.5051
15.875 75.125 1.2216
15.875 75.375 0.9876
15.875 75.625 0.67578
15.875 75.875 0.43352
15.875 76.125 0.9006
15.875 76.375 0.96988
15.875 76.625 0.93486
15.875 76.875 1.0214
15.875 77.125 0.58464
15.875 77.375 0.49967
15.875 77.625 0.36461
15.875 77.875 0.35422
15.875 78.125 0.44712
15.875 78.375 0.57839
15.875 78.625 0.86246
15.875 78.875 1.0206
15.875 79.125 0.83803
15.875 79.375 0.49999
15.875 79.625 0.26444
15.875 79.875 0.24714
15.875 80.125 0.4454
15.875 80.375 0.53131
NaN NaN NaN
15.875 80.875 1.0665
16.125 73.625 3.3754
16.125 73.875 5.2366
16.125 74.125 4.5293
16.125 74.375 3.7368
16.125 74.625 3.2825
16.125 74.875 2.3343
16.125 75.125 1.4295
16.125 75.375 0.82936
16.125 75.625 0.7522
16.125 75.875 0.98328
16.125 76.125 0.90366
16.125 76.375 1.1215
16.125 76.625 1.097
16.125 76.875 1.1652
16.125 77.125 0.86741
16.125 77.375 0.75205
16.125 77.625 0.64215
16.125 77.875 0.6764
16.125 78.125 0.76737
16.125 78.375 1.1383
16.125 78.625 1.4592
16.125 78.875 1.4777
16.125 79.125 1.3921
16.125 79.375 1.0251
16.125 79.625 0.59586
16.125 79.875 0.48426
16.125 80.125 0.31402
16.125 80.375 0.60598
16.125 80.625 0.98608
16.125 80.875 1.1398
16.375 73.625 1.5911
16.375 73.875 3.9513
16.375 74.125 4.3362
16.375 74.375 3.5238
16.375 74.625 2.4888
16.375 74.875 1.8109
16.375 75.125 1.7707
16.375 75.375 1.4897
16.375 75.625 1.1463
16.375 75.875 1.3424
16.375 76.125 1.4714
16.375 76.375 1.3341
16.375 76.625 1.2615
16.375 76.875 1.5241
16.375 77.125 1.2285
16.375 77.375 1.6049
16.375 77.625 1.3109
16.375 77.875 1.2061
16.375 78.125 1.1363
16.375 78.375 1.7349
16.375 78.625 1.6851
16.375 78.875 1.769
16.375 79.125 1.3138
16.375 79.375 1.1774
16.375 79.625 0.94598
16.375 79.875 0.83547
16.375 80.125 0.64836
16.375 80.375 0.88889
16.375 80.625 1.1741
16.375 80.875 2.2571
16.375 81.125 2.3708
NaN NaN NaN
NaN NaN NaN
16.625 73.625 2.4042
16.625 73.875 3.7455
16.625 74.125 2.5268
16.625 74.375 1.9485
16.625 74.625 1.8268
16.625 74.875 1.6602
16.625 75.125 1.4709
16.625 75.375 1.2409
16.625 75.625 1.417
16.625 75.875 1.7571
16.625 76.125 1.9454
16.625 76.375 1.5911
16.625 76.625 1.7419
16.625 76.875 1.7663
16.625 77.125 1.9566
16.625 77.375 2.2451
16.625 77.625 1.9718
16.625 77.875 1.9045
16.625 78.125 1.7797
16.625 78.375 2.1427
16.625 78.625 1.5626
16.625 78.875 1.8257
16.625 79.125 1.7964
16.625 79.375 1.819
16.625 79.625 1.6307
16.625 79.875 0.9015
16.625 80.125 0.9714
16.625 80.375 1.0237
16.625 80.625 1.4065
16.625 80.875 2.3365
16.625 81.125 1.5329
16.625 81.375 1.5427
16.625 81.625 1.0876
16.625 81.875 1.6347
16.625 82.125 1.7997
16.875 73.375 2.0026
16.875 73.625 3.2614
16.875 73.875 3.3504
16.875 74.125 3.0061
16.875 74.375 2.1053
16.875 74.625 1.7381
16.875 74.875 1.4472
16.875 75.125 1.6388
16.875 75.375 1.8758
16.875 75.625 1.9448
16.875 75.875 2.1748
16.875 76.125 1.9716
16.875 76.375 2.1135
16.875 76.625 2.0969
16.875 76.875 2.442
16.875 77.125 2.4575
16.875 77.375 2.6212
16.875 77.625 2.7703
16.875 77.875 2.6542
16.875 78.125 3.0732
16.875 78.375 2.6261
16.875 78.625 1.9557
16.875 78.875 1.9292
16.875 79.125 1.7421
16.875 79.375 1.7029
16.875 79.625 1.8247
16.875 79.875 1.0051
16.875 80.125 0.88997
16.875 80.375 1.0201
16.875 80.625 1.9213
16.875 80.875 1.8779
16.875 81.125 2.1283
16.875 81.375 1.2716
16.875 81.625 1.6151
16.875 81.875 1.1227
16.875 82.125 1.2491
17.125 73.375 2.6017
17.125 73.625 4.0478
17.125 73.875 3.8479
17.125 74.125 3.5378
17.125 74.375 2.4239
17.125 74.625 1.958
17.125 74.875 1.8854
17.125 75.125 2.196
17.125 75.375 2.4389
17.125 75.625 2.0097
17.125 75.875 2.1999
17.125 76.125 1.6191
17.125 76.375 1.9339
17.125 76.625 1.963
17.125 76.875 2.3912
17.125 77.125 2.7783
17.125 77.375 2.9416
17.125 77.625 2.9497
17.125 77.875 2.7378
17.125 78.125 3.3433
17.125 78.375 2.7176
17.125 78.625 2.1101
17.125 78.875 2.5021
17.125 79.125 1.7004
17.125 79.375 1.6691
17.125 79.625 2.0056
17.125 79.875 1.0697
17.125 80.125 1.0258
17.125 80.375 1.2089
17.125 80.625 1.9556
17.125 80.875 2.3856
17.125 81.125 2.5688
17.125 81.375 1.6537
17.125 81.625 1.9842
17.125 81.875 1.5028
17.125 82.125 1.5752
17.125 82.375 1.315
17.375 73.375 2.4793
17.375 73.625 3.8328
17.375 73.875 3.4543
17.375 74.125 3.7872
17.375 74.375 2.3706
17.375 74.625 1.7738
17.375 74.875 1.6468
17.375 75.125 1.9103
17.375 75.375 2.1145
17.375 75.625 1.5668
17.375 75.875 1.6245
17.375 76.125 1.7826
17.375 76.375 2.3393
17.375 76.625 1.9521
17.375 76.875 2.3843
17.375 77.125 2.8791
17.375 77.375 2.8931
17.375 77.625 3.3897
17.375 77.875 3.6503
17.375 78.125 3.1242
17.375 78.375 2.9156
17.375 78.625 2.0732
17.375 78.875 2.0992
17.375 79.125 2.3726
17.375 79.375 2.0913
17.375 79.625 2.301
17.375 79.875 1.6717
17.375 80.125 1.5429
17.375 80.375 1.8747
17.375 80.625 2.1128
17.375 80.875 2.9179
17.375 81.125 2.7725
17.375 81.375 2.1233
17.375 81.625 2.326
17.375 81.875 2.3794
17.375 82.125 2.1664
17.375 82.375 1.3473
NaN NaN NaN
17.625 73.375 2.5044
17.625 73.625 3.7956
17.625 73.875 2.7439
17.625 74.125 2.7878
17.625 74.375 1.8953
17.625 74.625 1.4098
17.625 74.875 1.3397
17.625 75.125 1.292
17.625 75.375 1.7087
17.625 75.625 1.1937
17.625 75.875 1.4119
17.625 76.125 1.7007
17.625 76.375 1.7657
17.625 76.625 1.7471
17.625 76.875 2.2413
17.625 77.125 3.092
17.625 77.375 3.0073
17.625 77.625 2.7829
17.625 77.875 2.9371
17.625 78.125 3.3941
17.625 78.375 2.8891
17.625 78.625 2.2641
17.625 78.875 1.7909
17.625 79.125 2.4201
17.625 79.375 2.3781
17.625 79.625 1.7237
17.625 79.875 1.6991
17.625 80.125 1.6267
17.625 80.375 1.6494
17.625 80.625 1.8943
17.625 80.875 2.9801
17.625 81.125 3.3908
17.625 81.375 2.7252
17.625 81.625 2.6159
17.625 81.875 2.2708
17.625 82.125 2.0426
17.625 82.375 1.5443
17.625 82.625 1.3196
17.625 82.875 0.98586
17.625 83.125 0.82069
17.875 73.375 1.9139
17.875 73.625 3.4613
17.875 73.875 3.2495
17.875 74.125 1.9401
17.875 74.375 1.2131
17.875 74.625 1.1528
17.875 74.875 1.0408
17.875 75.125 1.5411
17.875 75.375 1.6045
17.875 75.625 1.2113
17.875 75.875 1.1411
17.875 76.125 1.2032
17.875 76.375 1.5103
17.875 76.625 1.6161
17.875 76.875 1.7709
17.875 77.125 2.109
17.875 77.375 2.5256
17.875 77.625 2.9956
17.875 77.875 2.4727
17.875 78.125 1.9967
17.875 78.375 2.9387
17.875 78.625 2.2822
17.875 78.875 2.5429
17.875 79.125 1.8235
17.875 79.375 2.5927
17.875 79.625 2.3101
17.875 79.875 2.117
17.875 80.125 2.1506
17.875 80.375 1.9204
17.875 80.625 1.962
17.875 80.875 3.1614
17.875 81.125 3.0957
17.875 81.375 3.2439
17.875 81.625 3.2789
17.875 81.875 2.817
17.875 82.125 2.7524
17.875 82.375 2.0327
17.875 82.625 1.3914
17.875 82.875 0.82195
17.875 83.125 0.629
17.875 83.375 0.69754
NaN NaN NaN
18.125 73.375 2.1422
18.125 73.625 3.3379
18.125 73.875 2.9271
18.125 74.125 1.5822
18.125 74.375 0.8825
18.125 74.625 0.77683
18.125 74.875 0.99263
18.125 75.125 1.2871
18.125 75.375 0.98771
18.125 75.625 0.91942
18.125 75.875 0.8268
18.125 76.125 1.13
18.125 76.375 1.2822
18.125 76.625 1.6708
18.125 76.875 1.5484
18.125 77.125 1.7737
18.125 77.375 2.4904
18.125 77.625 1.9924
18.125 77.875 2.1808
18.125 78.125 2.4694
18.125 78.375 2.6713
18.125 78.625 2.3494
18.125 78.875 2.2651
18.125 79.125 2.4628
18.125 79.375 2.185
18.125 79.625 2.9113
18.125 79.875 2.4668
18.125 80.125 1.732
18.125 80.375 1.7538
18.125 80.625 2.0036
18.125 80.875 3.2984
18.125 81.125 2.9336
18.125 81.375 2.955
18.125 81.625 3.3363
18.125 81.875 3.0878
18.125 82.125 2.1912
18.125 82.375 1.9784
18.125 82.625 1.8124
18.125 82.875 0.84841
18.125 83.125 0.3369
18.125 83.375 0.39738
18.125 83.625 0.44152
18.375 73.125 1.8474
18.375 73.375 2.4531
18.375 73.625 2.4729
18.375 73.875 2.5975
18.375 74.125 1.5961
18.375 74.375 0.84929
18.375 74.625 0.79832
18.375 74.875 1.025
18.375 75.125 1.0103
18.375 75.375 0.85602
18.375 75.625 0.9974
18.375 75.875 1.3457
18.375 76.125 1.3182
18.375 76.375 1.2416
18.375 76.625 1.4888
18.375 76.875 1.678
18.375 77.125 2.4378
18.375 77.375 2.0987
18.375 77.625 1.9554
18.375 77.875 2.4381
18.375 78.125 2.3277
18.375 78.375 1.8103
18.375 78.625 2.0643
18.375 78.875 1.7363
18.375 79.125 2.6128
18.375 79.375 2.6124
18.375 79.625 2.9622
18.375 79.875 2.1669
18.375 80.125 1.5838
18.375 80.375 1.5811
18.375 80.625 2.0909
18.375 80.875 3.8757
18.375 81.125 4.02
18.375 81.375 3.3392
18.375 81.625 3.2363
18.375 81.875 1.8911
18.375 82.125 1.134
18.375 82.375 1.4872
18.375 82.625 1.356
18.375 82.875 0.94823
18.375 83.125 0.5846
18.375 83.375 0.41374
18.375 83.625 0.48744
18.375 83.875 0.65136
18.625 73.125 1.8361
18.625 73.375 2.5058
18.625 73.625 2.3476
18.625 73.875 2.1169
18.625 74.125 1.4663
18.625 74.375 1.1646
18.625 74.625 0.98804
18.625 74.875 1.0983
18.625 75.125 0.67859
18.625 75.375 1.1733
18.625 75.625 1.504
18.625 75.875 1.6163
18.625 76.125 2.1069
18.625 76.375 2.4025
18.625 76.625 1.6307
18.625 76.875 2.5822
18.625 77.125 2.5844
18.625 77.375 2.641
18.625 77.625 1.9604
18.625 77.875 2.1243
18.625 78.125 2.7744
18.625 78.375 1.5135
18.625 78.625 1.7124
18.625 78.875 2.277
18.625 79.125 1.5636
18.625 79.375 1.8957
18.625 79.625 1.4539
18.625 79.875 1.683
18.625 80.125 1.7399
18.625 80.375 1.6762
18.625 80.625 2.3546
18.625 80.875 4.2507
18.625 81.125 4.5323
18.625 81.375 4.091
18.625 81.625 2.6684
18.625 81.875 1.3601
18.625 82.125 0.83574
18.625 82.375 0.94553
18.625 82.625 1.2936
18.625 82.875 1.0666
18.625 83.125 0.71579
18.625 83.375 0.28658
18.625 83.625 0.31963
18.625 83.875 0.7658
18.625 84.125 1.0222
18.875 73.125 1.7963
18.875 73.375 2.4669
18.875 73.625 2.1113
18.875 73.875 1.9514
18.875 74.125 1.7239
18.875 74.375 0.75372
18.875 74.625 0.93856
18.875 74.875 1.4443
18.875 75.125 1.1864
18.875 75.375 1.2094
18.875 75.625 1.5505
18.875 75.875 2.0272
18.875 76.125 2.2138
18.875 76.375 2.388
18.875 76.625 2.07
18.875 76.875 2.5702
18.875 77.125 2.3182
18.875 77.375 2.706
18.875 77.625 1.9317
18.875 77.875 2.0856
18.875 78.125 1.6518
18.875 78.375 1.6542
18.875 78.625 1.5583
18.875 78.875 1.9837
18.875 79.125 1.8648
18.875 79.375 1.4137
18.875 79.625 1.179
18.875 79.875 1.6049
18.875 80.125 1.7434
18.875 80.375 1.6382
18.875 80.625 1.7307
18.875 80.875 2.816
18.875 81.125 3.3195
18.875 81.375 2.9287
18.875 81.625 2.0329
18.875 81.875 1.7636
18.875 82.125 1.3396
18.875 82.375 1.1249
18.875 82.625 1.2586
18.875 82.875 1.0891
18.875 83.125 0.87917
18.875 83.375 0.15204
18.875 83.625 0.28588
18.875 83.875 1.2324
18.875 84.125 1.632
18.875 84.375 1.4268
19.125 73.125 1.7257
19.125 73.375 2.0721
19.125 73.625 2.3649
19.125 73.875 2.2186
19.125 74.125 1.7611
19.125 74.375 1.2553
19.125 74.625 1.1404
19.125 74.875 1.5546
19.125 75.125 1.7374
19.125 75.375 1.5469
19.125 75.625 1.6278
19.125 75.875 1.9968
19.125 76.125 2.7259
19.125 76.375 1.5638
19.125 76.625 1.6732
19.125 76.875 2.2044
19.125 77.125 2.1695
19.125 77.375 1.9888
19.125 77.625 2.692
19.125 77.875 1.9171
19.125 78.125 1.8479
19.125 78.375 1.3281
19.125 78.625 1.4574
19.125 78.875 1.4912
19.125 79.125 1.7811
19.125 79.375 1.7747
19.125 79.625 1.6907
19.125 79.875 1.8248
19.125 80.125 2.1013
19.125 80.375 2.392
19.125 80.625 2.45
19.125 80.875 2.627
19.125 81.125 2.8841
19.125 81.375 2.4837
19.125 81.625 1.8681
19.125 81.875 1.6459
19.125 82.125 1.13
19.125 82.375 0.92046
19.125 82.625 0.88943
19.125 82.875 1.0278
19.125 83.125 0.86665
19.125 83.375 0.2169
19.125 83.625 0.24835
19.125 83.875 0.98272
19.125 84.125 1.426
19.125 84.375 1.3768
19.125 84.625 1.3188
19.375 72.875 2.3414
19.375 73.125 1.3482
19.375 73.375 1.4222
19.375 73.625 2.383
19.375 73.875 2.0259
19.375 74.125 1.5243
19.375 74.375 1.0725
19.375 74.625 0.98041
19.375 74.875 1.1817
19.375 75.125 1.166
19.375 75.375 1.2658
19.375 75.625 1.332
19.375 75.875 1.4522
19.375 76.125 1.6695
19.375 76.375 1.6374
19.375 76.625 1.8079
19.375 76.875 2.3125
19.375 77.125 2.3667
19.375 77.375 2.353
19.375 77.625 2.6989
19.375 77.875 2.3694
19.375 78.125 1.6292
19.375 78.375 1.3429
19.375 78.625 1.613
19.375 78.875 1.8522
19.375 79.125 1.7837
19.375 79.375 1.519
19.375 79.625 1.7957
19.375 79.875 2.1024
19.375 80.125 2.7058
19.375 80.375 3.0362
19.375 80.625 2.7857
19.375 80.875 2.8642
19.375 81.125 2.5615
19.375 81.375 1.9878
19.375 81.625 1.6482
19.375 81.875 1.2591
19.375 82.125 1.1748
19.375 82.375 0.86385
19.375 82.625 0.68277
19.375 82.875 0.9912
19.375 83.125 0.75625
19.375 83.375 0.18065
19.375 83.625 -0.0020325
19.375 83.875 0.25483
19.375 84.125 0.62034
19.375 84.375 0.80166
19.375 84.625 0.70108
19.375 84.875 0.65168
19.625 72.875 2.3637
19.625 73.125 1.4832
19.625 73.375 0.94727
19.625 73.625 1.4082
19.625 73.875 1.2171
19.625 74.125 1.7108
19.625 74.375 1.0714
19.625 74.625 0.75256
19.625 74.875 0.84754
19.625 75.125 0.6187
19.625 75.375 0.91478
19.625 75.625 1.0484
19.625 75.875 1.3205
19.625 76.125 1.6556
19.625 76.375 1.7304
19.625 76.625 2.0774
19.625 76.875 1.6724
19.625 77.125 1.8048
19.625 77.375 2.1636
19.625 77.625 2.4541
19.625 77.875 2.5328
19.625 78.125 1.6271
19.625 78.375 1.5776
19.625 78.625 1.6711
19.625 78.875 2.1499
19.625 79.125 2.4203
19.625 79.375 1.9587
19.625 79.625 2.0919
19.625 79.875 2.202
19.625 80.125 2.4751
19.625 80.375 2.7769
19.625 80.625 2.7539
19.625 80.875 2.9069
19.625 81.125 2.5237
19.625 81.375 1.7911
19.625 81.625 1.4032
19.625 81.875 1.4165
19.625 82.125 1.289
19.625 82.375 0.97619
19.625 82.625 0.61015
19.625 82.875 0.7841
19.625 83.125 0.88616
19.625 83.375 0.15678
19.625 83.625 -0.14534
19.625 83.875 0.046165
19.625 84.125 0.30317
19.625 84.375 0.39953
19.625 84.625 0.2881
19.625 84.875 0.44254
19.625 85.125 0.5692
19.625 85.375 0.3156
19.875 72.875 2.1738
19.875 73.125 1.7813
19.875 73.375 1.9059
19.875 73.625 1.3767
19.875 73.875 1.1816
19.875 74.125 1.301
19.875 74.375 0.90314
19.875 74.625 0.82429
19.875 74.875 0.92554
19.875 75.125 0.72513
19.875 75.375 1.0752
19.875 75.625 1.2031
19.875 75.875 1.4784
19.875 76.125 2.1038
19.875 76.375 2.1051
19.875 76.625 2.1483
19.875 76.875 1.7398
19.875 77.125 1.5538
19.875 77.375 2.0086
19.875 77.625 2.1325
19.875 77.875 1.8066
19.875 78.125 1.5351
19.875 78.375 1.4659
19.875 78.625 1.5101
19.875 78.875 1.8676
19.875 79.125 2.2491
19.875 79.375 1.8654
19.875 79.625 2.0897
19.875 79.875 1.9425
19.875 80.125 2.1956
19.875 80.375 2.5052
19.875 80.625 2.5023
19.875 80.875 2.5512
19.875 81.125 2.1795
19.875 81.375 1.9177
19.875 81.625 1.6069
19.875 81.875 1.5588
19.875 82.125 1.0518
19.875 82.375 0.59083
19.875 82.625 0.35758
19.875 82.875 0.30945
19.875 83.125 0.32896
19.875 83.375 0.011238
19.875 83.625 -0.13593
19.875 83.875 0.034992
19.875 84.125 0.34251
19.875 84.375 0.15747
19.875 84.625 0.052782
19.875 84.875 0.35359
19.875 85.125 0.32953
19.875 85.375 0.078567
NaN NaN NaN
NaN NaN NaN
NaN NaN NaN
20.125 72.875 2.7235
20.125 73.125 2.3016
20.125 73.375 1.7225
20.125 73.625 1.4541
20.125 73.875 1.2725
20.125 74.125 1.0781
20.125 74.375 0.9255
20.125 74.625 0.7316
20.125 74.875 0.80939
20.125 75.125 1.0082
20.125 75.375 1.0492
20.125 75.625 1.0726
20.125 75.875 1.2501
20.125 76.125 1.6682
20.125 76.375 1.2972
20.125 76.625 1.3397
20.125 76.875 1.3279
20.125 77.125 1.1307
20.125 77.375 1.4988
20.125 77.625 1.3908
20.125 77.875 0.94926
20.125 78.125 1.1011
20.125 78.375 1.4544
20.125 78.625 1.2546
20.125 78.875 1.5349
20.125 79.125 2.3106
20.125 79.375 2.0073
20.125 79.625 2.2228
20.125 79.875 1.6827
20.125 80.125 1.7539
20.125 80.375 2.3515
20.125 80.625 2.3182
20.125 80.875 2.4098
20.125 81.125 2.5268
20.125 81.375 1.8855
20.125 81.625 1.6639
20.125 81.875 1.2524
20.125 82.125 0.97558
20.125 82.375 0.59169
20.125 82.625 0.3309
20.125 82.875 0.22258
20.125 83.125 0.12094
20.125 83.375 -0.03503
20.125 83.625 -0.01422
20.125 83.875 0.16954
20.125 84.125 0.23946
20.125 84.375 0.091974
20.125 84.625 -0.071461
20.125 84.875 -0.062164
20.125 85.125 -0.11945
20.125 85.375 -0.2959
20.125 85.625 -0.29294
20.125 85.875 -0.30398
20.125 86.125 -0.2286
NaN NaN NaN
20.375 73.125 1.9452
20.375 73.375 1.719
20.375 73.625 2.1316
20.375 73.875 1.5893
20.375 74.125 1.4097
20.375 74.375 0.92859
20.375 74.625 0.56047
20.375 74.875 0.73704
20.375 75.125 1.2274
20.375 75.375 0.9252
20.375 75.625 1.1322
20.375 75.875 1.0976
20.375 76.125 1.3012
20.375 76.375 1.2909
20.375 76.625 0.98636
20.375 76.875 0.98012
20.375 77.125 0.87115
20.375 77.375 0.91812
20.375 77.625 0.75917
20.375 77.875 0.73377
20.375 78.125 0.77222
20.375 78.375 0.99483
20.375 78.625 1.2692
20.375 78.875 1.5706
20.375 79.125 1.606
20.375 79.375 2.5319
20.375 79.625 2.3498
20.375 79.875 1.8333
20.375 80.125 1.9901
20.375 80.375 2.3304
20.375 80.625 2.432
20.375 80.875 2.0694
20.375 81.125 2.0217
20.375 81.375 1.805
20.375 81.625 1.5887
20.375 81.875 1.233
20.375 82.125 0.69174
20.375 82.375 0.56537
20.375 82.625 0.54557
20.375 82.875 0.28026
20.375 83.125 0.13753
20.375 83.375 -0.048532
20.375 83.625 -0.097431
20.375 83.875 0.14155
20.375 84.125 0.33937
20.375 84.375 0.11988
20.375 84.625 -0.086104
20.375 84.875 -0.21095
20.375 85.125 -0.34953
20.375 85.375 -0.41408
20.375 85.625 -0.44501
20.375 85.875 -0.39152
20.375 86.125 -0.27879
20.375 86.375 -0.13493
NaN NaN NaN
20.625 73.125 1.0394
20.625 73.375 1.5522
20.625 73.625 1.9129
20.625 73.875 1.7134
20.625 74.125 1.6172
20.625 74.375 1.0273
20.625 74.625 0.66413
20.625 74.875 0.50402
20.625 75.125 0.74696
20.625 75.375 0.90225
20.625 75.625 1.1031
20.625 75.875 1.823
20.625 76.125 1.1104
20.625 76.375 1.0793
20.625 76.625 0.91918
20.625 76.875 0.7696
20.625 77.125 0.581
20.625 77.375 0.6859
20.625 77.625 0.91323
20.625 77.875 0.87877
20.625 78.125 0.66569
20.625 78.375 0.75993
20.625 78.625 1.013
20.625 78.875 1.4106
20.625 79.125 1.8662
20.625 79.375 2.3213
20.625 79.625 2.5319
20.625 79.875 2.0347
20.625 80.125 2.2121
20.625 80.375 2.2177
20.625 80.625 2.3385
20.625 80.875 1.4743
20.625 81.125 1.7753
20.625 81.375 1.2968
20.625 81.625 1.2776
20.625 81.875 1.0005
20.625 82.125 0.51105
20.625 82.375 0.60708
20.625 82.625 0.46651
20.625 82.875 0.23084
20.625 83.125 0.056694
20.625 83.375 -0.019801
20.625 83.625 -0.016753
20.625 83.875 0.049082
20.625 84.125 0.22226
20.625 84.375 -0.094263
20.625 84.625 -0.28896
20.625 84.875 -0.23218
20.625 85.125 -0.3636
20.625 85.375 -0.44072
20.625 85.625 -0.45728
20.625 85.875 -0.41162
20.625 86.125 -0.27862
20.625 86.375 -0.15813
20.625 86.625 0.033103
NaN NaN NaN
20.875 70.625 2.2446
20.875 70.875 2.2783
20.875 71.125 2.2882
20.875 71.375 2.4938
20.875 72.875 1.472
20.875 73.125 1.1019
20.875 73.375 1.0984
20.875 73.625 1.9908
20.875 73.875 1.3127
20.875 74.125 1.5196
20.875 74.375 1.0389
20.875 74.625 0.66463
20.875 74.875 0.62209
20.875 75.125 0.44797
20.875 75.375 0.51983
20.875 75.625 0.81687
20.875 75.875 1.3187
20.875 76.125 0.77803
20.875 76.375 0.71008
20.875 76.625 0.72342
20.875 76.875 0.72858
20.875 77.125 0.75139
20.875 77.375 0.42027
20.875 77.625 0.47839
20.875 77.875 0.34301
20.875 78.125 0.59695
20.875 78.375 0.70506
20.875 78.625 0.62692
20.875 78.875 0.78396
20.875 79.125 1.4801
20.875 79.375 1.9491
20.875 79.625 1.8753
20.875 79.875 1.9331
20.875 80.125 1.8138
20.875 80.375 2.04
20.875 80.625 1.9276
20.875 80.875 1.2158
20.875 81.125 0.23549
20.875 81.375 1.502
20.875 81.625 0.90149
20.875 81.875 0.823
20.875 82.125 0.42732
20.875 82.375 0.38244
20.875 82.625 0.36569
20.875 82.875 0.32454
20.875 83.125 0.23541
20.875 83.375 0.10711
20.875 83.625 -0.013435
20.875 83.875 -0.13812
20.875 84.125 -0.18406
20.875 84.375 -0.3081
20.875 84.625 -0.37749
20.875 84.875 -0.26711
20.875 85.125 -0.34965
20.875 85.375 -0.40435
20.875 85.625 -0.4957
20.875 85.875 -0.41122
20.875 86.125 -0.21491
20.875 86.375 -0.14351
20.875 86.625 0.06789
21.125 70.375 1.9221
21.125 70.625 1.42
21.125 70.875 1.1634
21.125 71.125 1.1523
21.125 71.375 1.8699
NaN NaN NaN
NaN NaN NaN
21.125 72.875 0.91902
21.125 73.125 0.82281
21.125 73.375 1.0968
21.125 73.625 1.3864
21.125 73.875 1.3175
21.125 74.125 1.2817
21.125 74.375 1.0636
21.125 74.625 0.66893
21.125 74.875 0.41932
21.125 75.125 0.34205
21.125 75.375 0.50861
21.125 75.625 0.50327
21.125 75.875 0.34273
21.125 76.125 0.37921
21.125 76.375 0.63362
21.125 76.625 0.76039
21.125 76.875 0.75466
21.125 77.125 0.72976
21.125 77.375 0.77395
21.125 77.625 0.61079
21.125 77.875 0.53183
21.125 78.125 0.43359
21.125 78.375 0.57215
21.125 78.625 0.61402
21.125 78.875 0.56165
21.125 79.125 0.78569
21.125 79.375 1.7213
21.125 79.625 1.4065
21.125 79.875 1.3161
21.125 80.125 1.474
21.125 80.375 1.5161
21.125 80.625 1.8572
21.125 80.875 0.6166
21.125 81.125 0.048741
21.125 81.375 1.2004
21.125 81.625 1.1164
21.125 81.875 0.89125
21.125 82.125 0.53195
21.125 82.375 0.38448
21.125 82.625 0.36843
21.125 82.875 0.36674
21.125 83.125 0.18661
21.125 83.375 0.022433
21.125 83.625 -0.11475
21.125 83.875 -0.28874
21.125 84.125 -0.31707
21.125 84.375 -0.28379
21.125 84.625 -0.3025
21.125 84.875 -0.3927
21.125 85.125 -0.43501
21.125 85.375 -0.37892
21.125 85.625 -0.43442
21.125 85.875 -0.36335
21.125 86.125 -0.26039
21.125 86.375 -0.1537
21.125 86.625 0.026303
21.375 70.125 2.6973
21.375 70.375 1.9707
21.375 70.625 1.1569
21.375 70.875 0.86521
21.375 71.125 0.92431
21.375 71.375 0.69937
21.375 71.625 0.29435
21.375 71.875 0.40446
21.375 72.875 0.411
21.375 73.125 0.44762
21.375 73.375 0.54154
21.375 73.625 0.74456
21.375 73.875 0.62041
21.375 74.125 0.50784
21.375 74.375 0.635
21.375 74.625 0.49129
21.375 74.875 0.59182
21.375 75.125 0.58744
21.375 75.375 0.71732
21.375 75.625 0.92119
21.375 75.875 0.61297
21.375 76.125 0.44797
21.375 76.375 0.53229
21.375 76.625 0.6228
21.375 76.875 0.83359
21.375 77.125 0.85958
21.375 77.375 1.0357
21.375 77.625 1.127
21.375 77.875 0.58646
21.375 78.125 0.50285
21.375 78.375 0.58209
21.375 78.625 0.62135
21.375 78.875 0.51378
21.375 79.125 0.55235
21.375 79.375 1.6665
21.375 79.625 2.0555
21.375 79.875 1.2293
21.375 80.125 0.83807
21.375 80.375 1.2989
21.375 80.625 1.2854
21.375 80.875 0.55625
21.375 81.125 0.42774
21.375 81.375 1.1661
21.375 81.625 0.79439
21.375 81.875 0.8661
21.375 82.125 0.64042
21.375 82.375 0.51142
21.375 82.625 0.40605
21.375 82.875 0.30946
21.375 83.125 0.023224
21.375 83.375 -0.032391
21.375 83.625 -0.0020282
21.375 83.875 -0.24236
21.375 84.125 -0.26265
21.375 84.375 -0.19944
21.375 84.625 -0.28168
21.375 84.875 -0.51673
21.375 85.125 -0.58176
21.375 85.375 -0.3606
21.375 85.625 -0.20203
21.375 85.875 -0.27112
21.375 86.125 -0.2429
21.375 86.375 -0.054177
21.375 86.625 0.085724
21.375 86.875 0.024086
21.625 69.875 2.2581
21.625 70.125 1.5027
21.625 70.375 1.1696
21.625 70.625 0.86777
21.625 70.875 0.5876
21.625 71.125 0.44721
21.625 71.375 0.54636
21.625 71.625 0.31703
21.625 71.875 0.62706
21.625 72.125 0.74742
21.625 72.875 0.49344
21.625 73.125 0.38965
21.625 73.375 0.29795
21.625 73.625 0.42967
21.625 73.875 0.43563
21.625 74.125 0.44632
21.625 74.375 0.79426
21.625 74.625 0.94378
21.625 74.875 0.76364
21.625 75.125 0.75709
21.625 75.375 0.70817
21.625 75.625 1.1828
21.625 75.875 1.0717
21.625 76.125 0.82303
21.625 76.375 0.92982
21.625 76.625 0.83684
21.625 76.875 0.97543
21.625 77.125 1.0157
21.625 77.375 0.91868
21.625 77.625 1.1182
21.625 77.875 0.84159
21.625 78.125 0.72427
21.625 78.375 0.61587
21.625 78.625 0.59945
21.625 78.875 0.3404
21.625 79.125 0.38699
21.625 79.375 1.1968
21.625 79.625 1.1306
21.625 79.875 0.98091
21.625 80.125 0.96194
21.625 80.375 1.7268
21.625 80.625 1.9978
21.625 80.875 1.0674
21.625 81.125 0.52595
21.625 81.375 0.83471
21.625 81.625 1.0155
21.625 81.875 0.72748
21.625 82.125 0.7739
21.625 82.375 0.58685
21.625 82.625 0.51453
21.625 82.875 0.22345
21.625 83.125 -0.019989
21.625 83.375 -0.019503
21.625 83.625 -0.085875
21.625 83.875 -0.25116
21.625 84.125 -0.32712
21.625 84.375 -0.25506
21.625 84.625 -0.28572
21.625 84.875 -0.47804
21.625 85.125 -0.51435
21.625 85.375 -0.2672
21.625 85.625 -0.18343
21.625 85.875 -0.28274
21.625 86.125 -0.27765
21.625 86.375 0.043407
21.625 86.625 0.044069
21.625 86.875 -0.16216
21.625 87.125 -0.081992
NaN NaN NaN
NaN NaN NaN
21.875 69.625 3.4176
21.875 69.875 1.9539
21.875 70.125 1.813
21.875 70.375 0.87569
21.875 70.625 0.64155
21.875 70.875 0.37156
21.875 71.125 0.22476
21.875 71.375 0.26745
21.875 71.625 0.348
21.875 71.875 0.61767
21.875 72.125 0.7588
NaN NaN NaN
21.875 72.875 0.54894
21.875 73.125 0.21322
21.875 73.375 0.089647
21.875 73.625 0.22376
21.875 73.875 0.69061
21.875 74.125 1.1389
21.875 74.375 1.6663
21.875 74.625 1.3291
21.875 74.875 1.4076
21.875 75.125 1.2018
21.875 75.375 1.1131
21.875 75.625 1.3596
21.875 75.875 1.5078
21.875 76.125 1.5617
21.875 76.375 1.6273
21.875 76.625 1.252
21.875 76.875 0.98375
21.875 77.125 0.95272
21.875 77.375 0.95096
21.875 77.625 1.0258
21.875 77.875 1.0296
21.875 78.125 0.83013
21.875 78.375 0.80058
21.875 78.625 0.56486
21.875 78.875 0.27951
21.875 79.125 0.40997
21.875 79.375 0.71022
21.875 79.625 1.4135
21.875 79.875 1.7317
21.875 80.125 1.2828
21.875 80.375 1.7981
21.875 80.625 2.1489
21.875 80.875 1.3322
21.875 81.125 0.86426
21.875 81.375 0.34045
21.875 81.625 0.32108
21.875 81.875 0.39916
21.875 82.125 0.43551
21.875 82.375 0.44505
21.875 82.625 0.84408
21.875 82.875 0.20768
21.875 83.125 0.039875
21.875 83.375 -0.094667
21.875 83.625 -0.18595
21.875 83.875 -0.27809
21.875 84.125 -0.27879
21.875 84.375 -0.31867
21.875 84.625 -0.32482
21.875 84.875 -0.39671
21.875 85.125 -0.41615
21.875 85.375 -0.24696
21.875 85.625 -0.1841
21.875 85.875 -0.331
21.875 86.125 -0.25281
21.875 86.375 -0.082966
21.875 86.625 -0.076209
21.875 86.875 -0.3296
21.875 87.125 -0.31346
21.875 87.375 -0.15798
21.875 87.625 0.020503
21.875 87.875 0.19045
21.875 88.375 0.20397
NaN NaN NaN
NaN NaN NaN
22.125 69.125 3.7272
22.125 69.375 2.7843
22.125 69.625 1.8752
22.125 69.875 1.3341
22.125 70.125 1.1554
22.125 70.375 0.69397
22.125 70.625 0.15097
22.125 70.875 0.22334
22.125 71.125 0.24536
22.125 71.375 0.33603
22.125 71.625 0.32731
22.125 71.875 0.49395
22.125 72.125 0.72681
NaN NaN NaN
22.125 72.875 0.5886
22.125 73.125 0.25129
22.125 73.375 0.038247
22.125 73.625 0.22618
22.125 73.875 0.75607
22.125 74.125 0.94991
22.125 74.375 1.7695
22.125 74.625 1.8635
22.125 74.875 1.4146
22.125 75.125 1.5693
22.125 75.375 1.5362
22.125 75.625 1.4953
22.125 75.875 1.4561
22.125 76.125 2.5047
22.125 76.375 1.7929
22.125 76.625 1.1152
22.125 76.875 0.80421
22.125 77.125 1.0077
22.125 77.375 1.1088
22.125 77.625 1.1445
22.125 77.875 0.77909
22.125 78.125 0.56008
22.125 78.375 0.64693
22.125 78.625 0.6967
22.125 78.875 0.47388
22.125 79.125 0.51568
22.125 79.375 0.6807
22.125 79.625 0.62807
22.125 79.875 1.2689
22.125 80.125 1.2195
22.125 80.375 1.7558
22.125 80.625 1.9983
22.125 80.875 1.4523
22.125 81.125 1.0261
22.125 81.375 0.47068
22.125 81.625 0.34237
22.125 81.875 0.36252
22.125 82.125 0.37386
22.125 82.375 0.35996
22.125 82.625 0.49475
22.125 82.875 0.25873
22.125 83.125 0.092551
22.125 83.375 -0.077688
22.125 83.625 -0.080943
22.125 83.875 -0.22432
22.125 84.125 -0.25226
22.125 84.375 -0.27143
22.125 84.625 -0.22385
22.125 84.875 -0.29616
22.125 85.125 -0.38552
22.125 85.375 -0.25789
22.125 85.625 -0.22602
22.125 85.875 -0.38928
22.125 86.125 -0.34836
22.125 86.375 -0.068197
22.125 86.625 -0.23369
22.125 86.875 -0.46454
22.125 87.125 -0.48936
22.125 87.375 -0.35561
22.125 87.625 -0.23486
22.125 87.875 -0.093485
22.125 88.125 -0.082787
22.125 88.375 -0.20572
NaN NaN NaN
22.375 69.125 1.8322
22.375 69.875 0.66599
22.375 70.125 1.0818
22.375 70.375 0.70383
22.375 70.625 0.37291
22.375 70.875 0.35924
22.375 71.125 0.37993
22.375 71.375 0.36547
22.375 71.625 0.39879
22.375 71.875 0.4826
22.375 72.125 0.61994
NaN NaN NaN
22.375 72.875 0.30969
22.375 73.125 0.21086
22.375 73.375 0.18185
22.375 73.625 0.41945
22.375 73.875 0.47917
22.375 74.125 0.54297
22.375 74.375 1.1872
22.375 74.625 1.3186
22.375 74.875 1.6432
22.375 75.125 2.1777
22.375 75.375 2.5545
22.375 75.625 1.9559
22.375 75.875 1.5634
22.375 76.125 1.3794
22.375 76.375 1.0684
22.375 76.625 0.79124
22.375 76.875 0.8785
22.375 77.125 1.1747
22.375 77.375 1.1452
22.375 77.625 0.84678
22.375 77.875 0.38903
22.375 78.125 0.24779
22.375 78.375 0.49039
22.375 78.625 0.86462
22.375 78.875 0.76378
22.375 79.125 0.82928
22.375 79.375 0.87391
22.375 79.625 0.4629
22.375 79.875 0.67051
22.375 80.125 0.75217
22.375 80.375 0.94285
22.375 80.625 1.1074
22.375 80.875 0.84117
22.375 81.125 0.63465
22.375 81.375 0.4673
22.375 81.625 0.4667
22.375 81.875 0.65658
22.375 82.125 0.52975
22.375 82.375 0.43563
22.375 82.625 0.28977
22.375 82.875 0.15498
22.375 83.125 0.067333
22.375 83.375 0.0059355
22.375 83.625 -0.063669
22.375 83.875 -0.29062
22.375 84.125 -0.32281
22.375 84.375 -0.22496
22.375 84.625 -0.1522
22.375 84.875 -0.20814
22.375 85.125 -0.24623
22.375 85.375 -0.26758
22.375 85.625 -0.43566
22.375 85.875 -0.57802
22.375 86.125 -0.57728
22.375 86.375 -0.41792
22.375 86.625 -0.4868
22.375 86.875 -0.53382
22.375 87.125 -0.55633
22.375 87.375 -0.45898
22.375 87.625 -0.35868
22.375 87.875 -0.34844
22.375 88.125 -0.32011
22.375 88.375 -0.31781
22.375 88.625 -0.31452
22.375 88.875 -0.28114
NaN NaN NaN
22.625 70.375 0.91478
22.625 70.625 0.26956
22.625 70.875 0.16192
22.625 71.125 0.13312
22.625 71.375 0.14861
22.625 71.625 0.25454
22.625 71.875 0.29102
22.625 72.125 0.61046
22.625 72.375 0.53095
22.625 72.625 0.23218
22.625 72.875 0.0070273
22.625 73.125 0.15841
22.625 73.375 0.073263
22.625 73.625 0.25625
22.625 73.875 0.41346
22.625 74.125 0.68245
22.625 74.375 0.65824
22.625 74.625 1.0242
22.625 74.875 1.7022
22.625 75.125 2.4077
22.625 75.375 1.8485
22.625 75.625 1.6804
22.625 75.875 1.0861
22.625 76.125 0.89152
22.625 76.375 0.74095
22.625 76.625 0.69417
22.625 76.875 1.1174
22.625 77.125 1.2833
22.625 77.375 0.96261
22.625 77.625 0.73102
22.625 77.875 0.23258
22.625 78.125 0.13813
22.625 78.375 0.37066
22.625 78.625 0.63863
22.625 78.875 0.64177
22.625 79.125 0.74581
22.625 79.375 0.73854
22.625 79.625 0.45584
22.625 79.875 0.79427
22.625 80.125 0.61868
22.625 80.375 0.61965
22.625 80.625 0.57599
22.625 80.875 0.50338
22.625 81.125 0.3703
22.625 81.375 0.31779
22.625 81.625 0.14265
22.625 81.875 0.41794
22.625 82.125 0.4362
22.625 82.375 0.36626
22.625 82.625 0.16882
22.625 82.875 0.13402
22.625 83.125 0.047229
22.625 83.375 0.020281
22.625 83.625 -0.13922
22.625 83.875 -0.25986
22.625 84.125 -0.3346
22.625 84.375 -0.2143
22.625 84.625 -0.20473
22.625 84.875 -0.25756
22.625 85.125 -0.32963
22.625 85.375 -0.35465
22.625 85.625 -0.45459
22.625 85.875 -0.51809
22.625 86.125 -0.58768
22.625 86.375 -0.4936
22.625 86.625 -0.54915
22.625 86.875 -0.60153
22.625 87.125 -0.59163
22.625 87.375 -0.50153
22.625 87.625 -0.4534
22.625 87.875 -0.4606
22.625 88.125 -0.44313
22.625 88.375 -0.38159
22.625 88.625 -0.36797
22.625 88.875 -0.35132
22.625 92.625 -0.42661
22.625 92.875 0.64153
NaN NaN NaN
NaN NaN NaN
NaN NaN NaN
22.875 70.625 0.22884
22.875 70.875 -0.01027
22.875 71.125 0.04446
22.875 71.375 0.098713
22.875 71.625 0.16634
22.875 71.875 0.20601
22.875 72.125 0.42401
22.875 72.375 0.061475
22.875 72.625 0.18617
22.875 72.875 0.055186
22.875 73.125 -0.11562
22.875 73.375 -0.075154
22.875 73.625 -0.017033
22.875 73.875 0.28118
22.875 74.125 0.47341
22.875 74.375 0.67305
22.875 74.625 0.90528
22.875 74.875 1.3118
22.875 75.125 1.588
22.875 75.375 1.7858
22.875 75.625 1.4949
22.875 75.875 0.50096
22.875 76.125 0.54101
22.875 76.375 0.47776
22.875 76.625 0.77272
22.875 76.875 0.93796
22.875 77.125 0.92405
22.875 77.375 1.0637
22.875 77.625 0.87433
22.875 77.875 0.26471
22.875 78.125 0.070132
22.875 78.375 0.22742
22.875 78.625 0.21841
22.875 78.875 0.20376
22.875 79.125 0.25457
22.875 79.375 0.26667
22.875 79.625 0.2435
22.875 79.875 0.44504
22.875 80.125 0.49532
22.875 80.375 0.57711
22.875 80.625 0.33588
22.875 80.875 0.43374
22.875 81.125 0.30668
22.875 81.375 0.39425
22.875 81.625 0.28547
22.875 81.875 0.12803
22.875 82.125 0.0061867
22.875 82.375 -0.045743
22.875 82.625 -0.097845
22.875 82.875 0.026683
22.875 83.125 0.078197
22.875 83.375 -0.0061917
22.875 83.625 -0.13267
22.875 83.875 -0.094365
22.875 84.125 -0.19384
22.875 84.375 -0.25768
22.875 84.625 -0.34318
22.875 84.875 -0.34684
22.875 85.125 -0.26775
22.875 85.375 -0.26815
22.875 85.625 -0.35938
22.875 85.875 -0.49494
22.875 86.125 -0.45706
22.875 86.375 -0.4206
22.875 86.625 -0.36513
22.875 86.875 -0.37125
22.875 87.125 -0.2713
22.875 87.375 -0.32347
22.875 87.625 -0.38158
22.875 87.875 -0.42981
22.875 88.125 -0.38658
22.875 88.375 -0.37571
22.875 88.625 -0.35164
22.875 92.625 -0.41778
22.875 92.875 0.24788
23.125 68.875 -0.03014
23.125 69.125 -0.0076042
23.125 69.375 0.051576
23.125 69.625 0.46504
23.125 69.875 0.40785
23.125 70.125 0.85164
23.125 70.875 -0.044455
23.125 71.125 -0.036469
23.125 71.375 0.10504
23.125 71.625 0.19394
23.125 71.875 0.16008
23.125 72.125 0.027822
23.125 72.375 0.042177
23.125 72.625 0.017092
23.125 72.875 -0.11097
23.125 73.125 -0.14834
23.125 73.375 -0.236
23.125 73.625 -0.14064
23.125 73.875 0.056876
23.125 74.125 0.19794
23.125 74.375 0.41814
23.125 74.625 0.53472
23.125 74.875 0.67916
23.125 75.125 0.9749
23.125 75.375 1.5774
23.125 75.625 1.2426
23.125 75.875 0.58874
23.125 76.125 0.41013
23.125 76.375 0.33122
23.125 76.625 0.41711
23.125 76.875 0.52611
23.125 77.125 0.20285
23.125 77.375 0.62285
23.125 77.625 0.46522
23.125 77.875 0.31062
23.125 78.125 0.42719
23.125 78.375 0.3358
23.125 78.625 0.26035
23.125 78.875 0.13421
23.125 79.125 0.20242
23.125 79.375 0.20383
23.125 79.625 0.014507
23.125 79.875 0.17167
23.125 80.125 0.33475
23.125 80.375 0.41923
23.125 80.625 0.54093
23.125 80.875 0.56853
23.125 81.125 0.66593
23.125 81.375 0.52654
23.125 81.625 0.32915
23.125 81.875 0.084495
23.125 82.125 0.018079
23.125 82.375 0.012483
23.125 82.625 0.014615
23.125 82.875 -0.052232
23.125 83.125 0.060036
23.125 83.375 0.066663
23.125 83.625 0.080488
23.125 83.875 -0.013723
23.125 84.125 -0.19084
23.125 84.375 -0.27483
23.125 84.625 -0.36288
23.125 84.875 -0.50964
23.125 85.125 -0.27237
23.125 85.375 -0.15975
23.125 85.625 -0.25941
23.125 85.875 -0.46374
23.125 86.125 -0.44247
23.125 86.375 -0.2944
23.125 86.625 -0.25601
23.125 86.875 -0.21914
23.125 87.125 -0.22736
23.125 87.375 -0.23092
23.125 87.625 -0.34924
23.125 87.875 -0.36878
23.125 88.125 -0.28628
23.125 88.375 -0.35234
23.125 88.625 -0.32977
NaN NaN NaN
23.125 92.625 -0.32098
23.125 92.875 -0.34729
NaN NaN NaN
23.375 68.875 -0.035422
23.375 69.125 -0.031227
23.375 69.375 -0.015095
23.375 69.625 0.28027
23.375 69.875 0.43769
23.375 70.125 0.72414
23.375 70.375 0.71333
23.375 70.625 0.67988
23.375 70.875 0.10761
23.375 71.125 -0.016183
23.375 71.375 0.040466
23.375 71.625 0.2074
23.375 71.875 0.091621
23.375 72.125 -0.065354
23.375 72.375 0.027783
23.375 72.625 -0.053505
23.375 72.875 -0.10298
23.375 73.125 -0.085847
23.375 73.375 -0.093431
23.375 73.625 -0.061871
23.375 73.875 -0.030526
23.375 74.125 -0.035952
23.375 74.375 0.20232
23.375 74.625 0.38869
23.375 74.875 0.48528
23.375 75.125 0.3724
23.375 75.375 0.55116
23.375 75.625 0.58777
23.375 75.875 0.40907
23.375 76.125 0.47137
23.375 76.375 0.1055
23.375 76.625 0.13093
23.375 76.875 0.17376
23.375 77.125 0.029903
23.375 77.375 0.046242
23.375 77.625 0.056482
23.375 77.875 0.22275
23.375 78.125 0.45282
23.375 78.375 0.85882
23.375 78.625 0.559
23.375 78.875 0.41223
23.375 79.125 0.4195
23.375 79.375 0.16946
23.375 79.625 0.14298
23.375 79.875 0.097643
23.375 80.125 0.32168
23.375 80.375 0.2528
23.375 80.625 0.28366
23.375 80.875 0.55132
23.375 81.125 0.57526
23.375 81.375 0.27388
23.375 81.625 0.27799
23.375 81.875 0.36829
23.375 82.125 0.4392
23.375 82.375 0.428
23.375 82.625 0.38183
23.375 82.875 0.14985
23.375 83.125 0.03421
23.375 83.375 0.019107
23.375 83.625 0.028934
23.375 83.875 -0.12115
23.375 84.125 -0.2543
23.375 84.375 -0.31035
23.375 84.625 -0.40233
23.375 84.875 -0.42371
23.375 85.125 -0.39584
23.375 85.375 -0.30511
23.375 85.625 -0.23275
23.375 85.875 -0.34666
23.375 86.125 -0.25097
23.375 86.375 -0.11384
23.375 86.625 -0.13626
23.375 86.875 -0.1339
23.375 87.125 -0.22471
23.375 87.375 -0.28314
23.375 87.625 -0.27963
23.375 87.875 -0.33824
23.375 88.125 -0.34958
23.375 88.375 -0.36052
23.375 88.625 -0.30959
23.375 91.375 -0.35467
23.375 91.625 -0.42484
23.375 92.625 -0.30738
23.375 92.875 -0.38103
23.375 93.125 -0.22178
23.625 68.625 -0.06112
23.625 68.875 -0.056899
23.625 69.125 -0.059869
23.625 69.375 -0.064186
23.625 69.625 0.096837
23.625 69.875 0.26958
23.625 70.125 0.44541
23.625 70.375 0.48087
23.625 70.625 0.33698
23.625 70.875 0.056204
23.625 71.125 -0.049359
23.625 71.375 -0.099981
23.625 71.625 -0.080026
23.625 71.875 -0.074557
23.625 72.125 -0.094546
23.625 72.375 -0.0045369
23.625 72.625 -0.066494
23.625 72.875 -0.11275
23.625 73.125 -0.12903
23.625 73.375 -0.15802
23.625 73.625 -0.13544
23.625 73.875 -0.20817
23.625 74.125 -0.15892
23.625 74.375 0.02523
23.625 74.625 0.16587
23.625 74.875 0.21952
23.625 75.125 0.25829
23.625 75.375 0.25655
23.625 75.625 0.18307
23.625 75.875 0.23663
23.625 76.125 0.30511
23.625 76.375 0.072567
23.625 76.625 -0.050471
23.625 76.875 -0.01577
23.625 77.125 -0.0564
23.625 77.375 -0.061983
23.625 77.625 -0.040538
23.625 77.875 0.080065
23.625 78.125 0.25738
23.625 78.375 0.21517
23.625 78.625 0.31892
23.625 78.875 0.29958
23.625 79.125 0.2204
23.625 79.375 0.16315
23.625 79.625 0.18307
23.625 79.875 0.25039
23.625 80.125 0.46066
23.625 80.375 0.31999
23.625 80.625 0.41065
23.625 80.875 0.85345
23.625 81.125 0.6263
23.625 81.375 0.1827
23.625 81.625 0.31271
23.625 81.875 0.46019
23.625 82.125 0.5024
23.625 82.375 0.67741
23.625 82.625 0.48245
23.625 82.875 0.1335
23.625 83.125 0.011693
23.625 83.375 0.022592
23.625 83.625 0.023449
23.625 83.875 -0.069257
23.625 84.125 -0.22264
23.625 84.375 -0.28074
23.625 84.625 -0.36103
23.625 84.875 -0.42075
23.625 85.125 -0.42139
23.625 85.375 -0.31689
23.625 85.625 -0.3453
23.625 85.875 -0.2487
23.625 86.125 -0.19264
23.625 86.375 -0.07994
23.625 86.625 -0.10268
23.625 86.875 -0.27932
23.625 87.125 -0.32518
23.625 87.375 -0.29523
23.625 87.625 -0.2809
23.625 87.875 -0.31719
23.625 88.125 -0.35161
23.625 88.375 -0.31899
23.625 91.375 -0.57748
23.625 91.625 -0.74606
NaN NaN NaN
23.625 92.375 -0.4634
23.625 92.625 -0.36644
23.625 92.875 -0.43526
23.625 93.125 -0.19723
23.875 68.875 -0.093344
23.875 69.125 -0.096857
23.875 69.375 -0.1039
23.875 69.625 -0.08601
23.875 69.875 0.028208
23.875 70.125 0.075811
23.875 70.375 0.060726
23.875 70.625 -0.042348
23.875 70.875 -0.17505
23.875 71.125 -0.20063
23.875 71.375 -0.17509
23.875 71.625 -0.10788
23.875 71.875 -0.14493
23.875 72.125 -0.20051
23.875 72.375 -0.089112
23.875 72.625 -0.12126
23.875 72.875 -0.22158
23.875 73.125 -0.28346
23.875 73.375 -0.25527
23.875 73.625 -0.14281
23.875 73.875 -0.29319
23.875 74.125 -0.24568
23.875 74.375 -0.20779
23.875 74.625 -0.18288
23.875 74.875 -0.11205
23.875 75.125 0.03068
23.875 75.375 0.11357
23.875 75.625 0.062796
23.875 75.875 0.018699
23.875 76.125 0.10807
23.875 76.375 -0.13336
23.875 76.625 -0.16028
23.875 76.875 -0.062812
23.875 77.125 0.012886
23.875 77.375 -0.086576
23.875 77.625 -0.091728
23.875 77.875 -0.1776
23.875 78.125 -0.19662
23.875 78.375 -0.15486
23.875 78.625 -0.052975
23.875 78.875 0.039968
23.875 79.125 0.091022
23.875 79.375 0.1393
23.875 79.625 0.14511
23.875 79.875 0.37282
23.875 80.125 0.48584
23.875 80.375 0.7227
23.875 80.625 0.97516
23.875 80.875 1.3815
23.875 81.125 1.0545
23.875 81.375 0.38186
23.875 81.625 0.31406
23.875 81.875 0.24952
23.875 82.125 0.1907
23.875 82.375 0.12479
23.875 82.625 0.17419
23.875 82.875 0.17406
23.875 83.125 0.099734
23.875 83.375 0.084393
23.875 83.625 0.0035996
23.875 83.875 -0.035325
23.875 84.125 -0.088935
23.875 84.375 -0.28918
23.875 84.625 -0.2934
23.875 84.875 -0.36222
23.875 85.125 -0.35218
23.875 85.375 -0.34326
23.875 85.625 -0.41784
23.875 85.875 -0.32233
23.875 86.125 -0.2666
23.875 86.375 -0.2094
23.875 86.625 -0.21167
23.875 86.875 -0.35487
23.875 87.125 -0.3194
23.875 87.375 -0.31569
23.875 87.625 -0.39188
23.875 87.875 -0.4059
23.875 88.125 -0.35435
23.875 88.375 -0.25064
23.875 91.375 -0.8531
23.875 91.625 -1.0066
23.875 91.875 -0.98255
23.875 92.125 -0.82885
23.875 92.375 -0.62967
23.875 92.625 -0.47701
23.875 92.875 -0.49035
23.875 93.125 -0.10311
23.875 93.375 0.20994
24.125 68.875 -0.11354
24.125 69.125 -0.11598
24.125 69.375 -0.11958
24.125 69.625 -0.1627
24.125 69.875 -0.096834
24.125 70.125 -0.070239
24.125 70.375 -0.20929
24.125 70.625 -0.2666
24.125 70.875 -0.29351
24.125 71.125 -0.25122
24.125 71.375 -0.22423
24.125 71.625 -0.15861
24.125 71.875 -0.20039
24.125 72.125 -0.13691
24.125 72.375 -0.13444
24.125 72.625 -0.1121
24.125 72.875 -0.29009
24.125 73.125 -0.32445
24.125 73.375 -0.29095
24.125 73.625 -0.24471
24.125 73.875 -0.40413
24.125 74.125 -0.43849
24.125 74.375 -0.32518
24.125 74.625 -0.307
24.125 74.875 -0.2653
24.125 75.125 -0.16963
24.125 75.375 -0.1319
24.125 75.625 -0.26458
24.125 75.875 -0.20887
24.125 76.125 -0.17413
24.125 76.375 -0.27863
24.125 76.625 -0.25323
24.125 76.875 -0.15544
24.125 77.125 -0.063587
24.125 77.375 -0.085612
24.125 77.625 -0.030381
24.125 77.875 -0.11475
24.125 78.125 -0.22632
24.125 78.375 -0.20032
24.125 78.625 -0.15308
24.125 78.875 -0.053476
24.125 79.125 -0.074891
24.125 79.375 0.029144
24.125 79.625 0.15658
24.125 79.875 0.26649
24.125 80.125 0.57364
24.125 80.375 0.92824
24.125 80.625 1.0553
24.125 80.875 0.80694
24.125 81.125 0.66132
24.125 81.375 0.16599
24.125 81.625 0.063841
24.125 81.875 0.0060078
24.125 82.125 0.028429
24.125 82.375 -0.047979
24.125 82.625 0.047907
24.125 82.875 0.21938
24.125 83.125 0.15028
24.125 83.375 0.095601
24.125 83.625 0.055264
24.125 83.875 -0.040206
24.125 84.125 -0.13075
24.125 84.375 -0.25723
24.125 84.625 -0.23983
24.125 84.875 -0.27883
24.125 85.125 -0.28933
24.125 85.375 -0.36986
24.125 85.625 -0.35709
24.125 85.875 -0.38335
24.125 86.125 -0.2919
24.125 86.375 -0.21254
24.125 86.625 -0.28297
24.125 86.875 -0.35972
24.125 87.125 -0.24563
24.125 87.375 -0.29284
24.125 87.625 -0.31118
24.125 87.875 -0.36373
24.125 88.125 -0.30864
24.125 88.375 -0.1732
24.125 91.875 -0.5711
24.125 92.125 -0.45941
24.125 92.375 -0.40297
24.125 92.625 -0.36272
24.125 92.875 -0.44271
24.125 93.125 -0.018411
24.125 93.375 0.45406
24.125 93.625 0.84311
24.125 93.875 1.4432
NaN NaN NaN
24.375 71.375 -0.26441
24.375 71.625 -0.25969
24.375 71.875 -0.19907
24.375 72.125 -0.27287
24.375 72.375 -0.32572
24.375 72.625 -0.2813
24.375 72.875 -0.34745
24.375 73.125 -0.44675
24.375 73.375 -0.47866
24.375 73.625 -0.57244
24.375 73.875 -0.51812
24.375 74.125 -0.46266
24.375 74.375 -0.44769
24.375 74.625 -0.37039
24.375 74.875 -0.38282
24.375 75.125 -0.33762
24.375 75.375 -0.25782
24.375 75.625 -0.27831
24.375 75.875 -0.28902
24.375 76.125 -0.29803
24.375 76.375 -0.26381
24.375 76.625 -0.2385
24.375 76.875 -0.25267
24.375 77.125 -0.1787
24.375 77.375 -0.03181
24.375 77.625 0.020117
24.375 77.875 -0.03266
24.375 78.125 -0.12741
24.375 78.375 -0.033044
24.375 78.625 -0.039602
24.375 78.875 -0.081465
24.375 79.125 -0.11197
24.375 79.375 -0.039905
24.375 79.625 -0.091835
24.375 79.875 -0.031507
24.375 80.125 0.43181
24.375 80.375 0.36057
24.375 80.625 0.35626
24.375 80.875 0.22217
24.375 81.125 0.15492
24.375 81.375 -0.039858
24.375 81.625 -0.051546
24.375 81.875 -0.04896
24.375 82.125 0.024163
24.375 82.375 0.056458
24.375 82.625 0.023201
24.375 82.875 0.097911
24.375 83.125 0.080006
24.375 83.375 0.20214
24.375 83.625 0.19599
24.375 83.875 0.058975
24.375 84.125 -0.012694
24.375 84.375 -0.067642
24.375 84.625 -0.057955
24.375 84.875 -0.24596
24.375 85.125 -0.45297
24.375 85.375 -0.40257
24.375 85.625 -0.32188
24.375 85.875 -0.31284
24.375 86.125 -0.34078
24.375 86.375 -0.29015
24.375 86.625 -0.261
24.375 86.875 -0.35003
24.375 87.125 -0.29598
24.375 87.375 -0.16667
24.375 87.625 -0.14564
24.375 87.875 -0.27926
24.375 88.125 -0.24327
24.375 92.375 0.064995
24.375 92.625 -0.19674
24.375 92.875 -0.31683
24.375 93.125 0.052851
24.375 93.375 0.33113
24.375 93.625 0.50977
24.375 93.875 0.72974
24.375 94.125 0.90348
24.625 71.125 -0.33912
24.625 71.375 -0.35311
24.625 71.625 -0.31925
24.625 71.875 -0.36937
24.625 72.125 -0.38176
24.625 72.375 -0.34533
24.625 72.625 -0.43057
24.625 72.875 -0.45268
24.625 73.125 -0.57996
24.625 73.375 -0.49558
24.625 73.625 -0.51087
24.625 73.875 -0.51176
24.625 74.125 -0.5812
24.625 74.375 -0.5354
24.625 74.625 -0.4228
24.625 74.875 -0.39034
24.625 75.125 -0.35726
24.625 75.375 -0.32568
24.625 75.625 -0.24955
24.625 75.875 -0.33468
24.625 76.125 -0.27715
24.625 76.375 -0.25927
24.625 76.625 -0.2565
24.625 76.875 -0.28338
24.625 77.125 -0.2819
24.625 77.375 -0.14164
24.625 77.625 -0.094506
24.625 77.875 -0.073739
24.625 78.125 -0.13958
24.625 78.375 -0.090003
24.625 78.625 -0.076134
24.625 78.875 -0.15115
24.625 79.125 -0.19877
24.625 79.375 -0.16424
24.625 79.625 -0.16652
24.625 79.875 -0.26541
24.625 80.125 -0.01003
24.625 80.375 0.20909
24.625 80.625 0.14159
24.625 80.875 0.071426
24.625 81.125 -0.0043387
24.625 81.375 -0.061172
24.625 81.625 -0.024729
24.625 81.875 0.034548
24.625 82.125 0.098294
24.625 82.375 0.09342
24.625 82.625 0.036877
24.625 82.875 0.080117
24.625 83.125 0.10541
24.625 83.375 0.20023
24.625 83.625 0.034908
24.625 83.875 0.087247
24.625 84.125 0.061637
24.625 84.375 -0.10479
24.625 84.625 -0.08243
24.625 84.875 -0.19023
24.625 85.125 -0.3038
24.625 85.375 -0.23794
24.625 85.625 -0.2577
24.625 85.875 -0.2346
24.625 86.125 -0.26709
24.625 86.375 -0.23789
24.625 86.625 -0.11109
24.625 86.875 -0.21375
24.625 87.125 -0.20546
24.625 87.375 -0.12981
24.625 87.625 -0.12284
24.625 87.875 -0.16042
24.625 92.375 0.14288
24.625 92.625 0.18361
24.625 92.875 0.011425
24.625 93.125 0.56878
24.625 93.375 0.70111
24.625 93.625 0.67262
24.625 93.875 0.73296
24.625 94.125 0.8353
NaN NaN NaN
24.875 71.125 -0.47538
24.875 71.375 -0.39873
24.875 71.625 -0.42169
24.875 71.875 -0.41196
24.875 72.125 -0.37392
24.875 72.375 -0.41382
24.875 72.625 -0.4518
24.875 72.875 -0.5085
24.875 73.125 -0.48815
24.875 73.375 -0.49742
24.875 73.625 -0.49347
24.875 73.875 -0.46434
24.875 74.125 -0.63097
24.875 74.375 -0.61068
24.875 74.625 -0.4591
24.875 74.875 -0.39543
24.875 75.125 -0.348
24.875 75.375 -0.32102
24.875 75.625 -0.2912
24.875 75.875 -0.29299
24.875 76.125 -0.36495
24.875 76.375 -0.27115
24.875 76.625 -0.25
24.875 76.875 -0.25783
24.875 77.125 -0.30466
24.875 77.375 -0.29978
24.875 77.625 -0.2444
24.875 77.875 -0.1786
24.875 78.125 -0.19852
24.875 78.375 -0.19161
24.875 78.625 -0.17506
24.875 78.875 -0.24343
24.875 79.125 -0.37657
24.875 79.375 -0.34218
24.875 79.625 -0.39257
24.875 79.875 -0.20898
24.875 80.125 -0.13613
24.875 80.375 0.038501
24.875 80.625 0.20726
24.875 80.875 0.24612
24.875 81.125 0.066107
24.875 81.375 0.0079276
24.875 81.625 0.13228
24.875 81.875 0.15337
24.875 82.125 0.12939
24.875 82.375 0.14561
24.875 82.625 0.12608
24.875 82.875 0.090617
24.875 83.125 0.067153
24.875 83.375 0.065908
24.875 83.625 -0.19865
24.875 83.875 -0.14734
24.875 84.125 -0.094547
24.875 84.375 -0.17323
24.875 84.625 -0.16385
24.875 84.875 -0.15139
24.875 85.125 -0.1705
24.875 85.375 -0.099911
24.875 85.625 -0.15954
24.875 85.875 -0.26687
24.875 86.125 -0.18014
24.875 86.375 -0.022163
24.875 86.625 0.025806
24.875 86.875 -0.1074
24.875 87.125 -0.23423
24.875 87.375 -0.23897
24.875 87.625 -0.096905
24.875 87.875 -0.031999
24.875 88.125 0.069942
24.875 92.625 0.51724
24.875 92.875 0.72995
24.875 93.125 1.4657
24.875 93.375 1.6581
24.875 93.625 1.354
24.875 93.875 1.1382
24.875 94.125 1.3841
24.875 94.375 1.9343
25.125 71.125 -0.48632
25.125 71.375 -0.55312
25.125 71.625 -0.49523
25.125 71.875 -0.4946
25.125 72.125 -0.49357
25.125 72.375 -0.47074
25.125 72.625 -0.49466
25.125 72.875 -0.55668
25.125 73.125 -0.59451
25.125 73.375 -0.55698
25.125 73.625 -0.46159
25.125 73.875 -0.62075
25.125 74.125 -0.65197
25.125 74.375 -0.60739
25.125 74.625 -0.55366
25.125 74.875 -0.42319
25.125 75.125 -0.40295
25.125 75.375 -0.29234
25.125 75.625 -0.30835
25.125 75.875 -0.25538
25.125 76.125 -0.35592
25.125 76.375 -0.322
25.125 76.625 -0.28845
25.125 76.875 -0.24865
25.125 77.125 -0.36865
25.125 77.375 -0.35232
25.125 77.625 -0.40524
25.125 77.875 -0.24952
25.125 78.125 -0.34834
25.125 78.375 -0.22647
25.125 78.625 -0.1035
25.125 78.875 -0.2781
25.125 79.125 -0.36071
25.125 79.375 -0.34372
25.125 79.625 -0.28902
25.125 79.875 -0.33486
25.125 80.125 -0.23019
25.125 80.375 -0.06056
25.125 80.625 -0.094474
25.125 80.875 0.010194
25.125 81.125 -0.013691
25.125 81.375 -0.15184
25.125 81.625 0.027606
25.125 81.875 0.0014919
25.125 82.125 0.12582
25.125 82.375 0.20742
25.125 82.625 0.016538
25.125 82.875 0.094132
25.125 83.125 -0.048087
25.125 83.375 -0.025684
25.125 83.625 -0.15818
25.125 83.875 -0.1983
25.125 84.125 -0.13286
25.125 84.375 -0.065999
25.125 84.625 -0.058176
25.125 84.875 -0.14248
25.125 85.125 -0.042997
25.125 85.375 -0.019743
25.125 85.625 -0.1492
25.125 85.875 -0.1863
25.125 86.125 -0.21809
25.125 86.375 -0.1858
25.125 86.625 -0.16668
25.125 86.875 -0.33078
25.125 87.125 -0.18293
25.125 87.375 -0.096057
25.125 87.625 -0.010943
25.125 87.875 0.058304
25.125 88.125 0.11081
25.125 88.375 0.23093
25.125 92.375 0.8571
25.125 92.625 1.1424
25.125 92.875 1.6331
25.125 93.125 2.4007
25.125 93.375 2.2528
25.125 93.625 1.9622
25.125 93.875 1.6152
25.125 94.125 1.8019
25.125 94.375 2.2729
25.375 70.875 -0.41149
25.375 71.125 -0.50556
25.375 71.375 -0.58608
25.375 71.625 -0.56835
25.375 71.875 -0.50117
25.375 72.125 -0.5149
25.375 72.375 -0.49498
25.375 72.625 -0.52244
25.375 72.875 -0.50058
25.375 73.125 -0.57952
25.375 73.375 -0.62518
25.375 73.625 -0.51717
25.375 73.875 -0.56592
25.375 74.125 -0.52326
25.375 74.375 -0.48334
25.375 74.625 -0.5607
25.375 74.875 -0.56175
25.375 75.125 -0.39393
25.375 75.375 -0.34816
25.375 75.625 -0.33241
25.375 75.875 -0.31045
25.375 76.125 -0.28069
25.375 76.375 -0.37252
25.375 76.625 -0.55673
25.375 76.875 -0.52412
25.375 77.125 -0.38043
25.375 77.375 -0.37885
25.375 77.625 -0.36931
25.375 77.875 -0.32684
25.375 78.125 -0.42259
25.375 78.375 -0.38281
25.375 78.625 -0.24541
25.375 78.875 -0.3132
25.375 79.125 -0.33562
25.375 79.375 -0.28453
25.375 79.625 -0.23275
25.375 79.875 -0.35932
25.375 80.125 -0.3834
25.375 80.375 -0.29095
25.375 80.625 -0.13837
25.375 80.875 -0.088391
25.375 81.125 -0.066975
25.375 81.375 -0.21444
25.375 81.625 -0.1287
25.375 81.875 -3.0644e-05
25.375 82.125 0.017037
25.375 82.375 0.063448
25.375 82.625 0.087422
25.375 82.875 -0.0052649
25.375 83.125 -0.086599
25.375 83.375 -0.014544
25.375 83.625 -0.23228
25.375 83.875 -0.22145
25.375 84.125 -0.1875
25.375 84.375 -0.089343
25.375 84.625 -0.075203
25.375 84.875 0.014337
25.375 85.125 -0.17425
25.375 85.375 -0.23417
25.375 85.625 -0.064486
25.375 85.875 -0.10112
25.375 86.125 -0.1063
25.375 86.375 -0.21343
25.375 86.625 0.0099742
25.375 86.875 -0.10692
25.375 87.125 -0.1291
25.375 87.375 0.0045658
25.375 87.625 0.031792
25.375 87.875 0.12389
25.375 88.125 0.13946
25.375 88.375 0.0088337
25.375 88.625 -0.43125
25.375 90.125 -0.546
25.375 90.375 -0.27973
25.375 90.625 -0.25472
25.375 90.875 -0.23671
25.375 91.125 -0.029052
25.375 91.375 2.4346
25.375 91.625 1.322
25.375 91.875 1.5078
25.375 92.125 2.087
25.375 92.375 3.1611
25.375 92.625 3.0824
25.375 92.875 3.0083
25.375 93.125 3.0223
25.375 93.375 2.5715
25.375 93.625 2.3948
25.375 93.875 2.389
25.375 94.125 2.2901
25.375 94.375 2.0082
25.625 70.875 -0.39303
25.625 71.125 -0.54844
25.625 71.375 -0.57168
25.625 71.625 -0.53332
25.625 71.875 -0.49201
25.625 72.125 -0.47966
25.625 72.375 -0.49441
25.625 72.625 -0.46642
25.625 72.875 -0.46321
25.625 73.125 -0.48976
25.625 73.375 -0.56237
25.625 73.625 -0.57034
25.625 73.875 -0.51758
25.625 74.125 -0.45017
25.625 74.375 -0.46573
25.625 74.625 -0.53296
25.625 74.875 -0.48133
25.625 75.125 -0.51435
25.625 75.375 -0.46287
25.625 75.625 -0.34898
25.625 75.875 -0.46738
25.625 76.125 -0.4713
25.625 76.375 -0.40726
25.625 76.625 -0.55969
25.625 76.875 -0.51067
25.625 77.125 -0.50109
25.625 77.375 -0.34372
25.625 77.625 -0.3559
25.625 77.875 -0.37508
25.625 78.125 -0.40152
25.625 78.375 -0.27341
25.625 78.625 -0.29593
25.625 78.875 -0.34713
25.625 79.125 -0.39335
25.625 79.375 -0.30511
25.625 79.625 -0.32126
25.625 79.875 -0.31948
25.625 80.125 -0.2087
25.625 80.375 -0.32096
25.625 80.625 -0.10934
25.625 80.875 -0.063581
25.625 81.125 -0.23879
25.625 81.375 -0.19984
25.625 81.625 -0.13535
25.625 81.875 -0.19869
25.625 82.125 -0.026035
25.625 82.375 -0.030182
25.625 82.625 -0.18171
25.625 82.875 -0.081698
25.625 83.125 -0.075699
25.625 83.375 -0.10505
25.625 83.625 -0.28863
25.625 83.875 -0.25944
25.625 84.125 -0.31925
25.625 84.375 -0.23149
25.625 84.625 -0.18997
25.625 84.875 -0.071219
25.625 85.125 -0.033399
25.625 85.375 -0.15101
25.625 85.625 -0.19793
25.625 85.875 -0.15073
25.625 86.125 -0.08008
25.625 86.375 -0.095002
25.625 86.625 0.11117
25.625 86.875 -0.074093
25.625 87.125 -0.1525
25.625 87.375 -0.023349
25.625 87.625 0.10731
25.625 87.875 0.23737
25.625 88.125 0.088195
25.625 90.125 -0.096671
25.625 90.375 0.32913
25.625 90.625 1.0299
25.625 90.875 0.91029
25.625 91.125 1.6863
25.625 91.375 3.5015
25.625 91.625 3.1991
25.625 91.875 2.5667
25.625 92.125 4.0483
25.625 92.375 3.9643
25.625 92.625 3.6252
25.625 92.875 3.489
25.625 93.125 2.7595
25.625 93.375 2.4353
25.625 93.625 2.3784
25.625 93.875 2.4172
25.625 94.125 2.0645
25.625 94.375 1.6524
NaN NaN NaN
NaN NaN NaN
25.875 70.375 -0.38387
25.875 70.625 -0.39983
25.875 70.875 -0.46456
25.875 71.125 -0.52829
25.875 71.375 -0.59072
25.875 71.625 -0.48477
25.875 71.875 -0.50608
25.875 72.125 -0.46911
25.875 72.375 -0.55254
25.875 72.625 -0.52993
25.875 72.875 -0.48586
25.875 73.125 -0.51277
25.875 73.375 -0.51085
25.875 73.625 -0.49132
25.875 73.875 -0.51773
25.875 74.125 -0.49618
25.875 74.375 -0.52618
25.875 74.625 -0.51686
25.875 74.875 -0.53778
25.875 75.125 -0.63105
25.875 75.375 -0.5681
25.875 75.625 -0.42995
25.875 75.875 -0.45527
25.875 76.125 -0.49068
25.875 76.375 -0.37622
25.875 76.625 -0.55354
25.875 76.875 -0.4817
25.875 77.125 -0.29365
25.875 77.375 -0.26876
25.875 77.625 -0.33283
25.875 77.875 -0.40405
25.875 78.125 -0.40932
25.875 78.375 -0.38023
25.875 78.625 -0.37301
25.875 78.875 -0.21081
25.875 79.125 -0.4166
25.875 79.375 -0.36204
25.875 79.625 -0.34844
25.875 79.875 -0.34544
25.875 80.125 -0.28896
25.875 80.375 -0.29344
25.875 80.625 -0.30723
25.875 80.875 -0.26018
25.875 81.125 0.085388
25.875 81.375 -0.19261
25.875 81.625 -0.21997
25.875 81.875 -0.24528
25.875 82.125 -0.12904
25.875 82.375 -0.1732
25.875 82.625 -0.13929
25.875 82.875 -0.0078066
25.875 83.125 -0.09445
25.875 83.375 -0.23121
25.875 83.625 -0.28094
25.875 83.875 -0.36653
25.875 84.125 -0.40207
25.875 84.375 -0.35843
25.875 84.625 -0.284
25.875 84.875 -0.24386
25.875 85.125 -0.19521
25.875 85.375 -0.24075
25.875 85.625 -0.056232
25.875 85.875 -0.13648
25.875 86.125 -0.1021
25.875 86.375 -0.045057
25.875 86.625 0.119
25.875 86.875 0.13048
25.875 87.125 0.28587
25.875 87.375 0.052461
25.875 87.625 0.01595
25.875 87.875 -0.18701
25.875 90.125 0.58658
25.875 90.375 0.73292
25.875 90.625 1.1196
25.875 90.875 1.457
25.875 91.125 1.543
25.875 91.375 2.1554
25.875 91.625 3.1294
25.875 91.875 3.2384
25.875 92.125 3.2315
25.875 92.375 2.7598
25.875 92.625 2.1961
25.875 92.875 2.2937
25.875 93.125 2.2343
25.875 93.375 2.492
25.875 93.625 2.0479
25.875 93.875 1.0345
25.875 94.125 0.65423
25.875 94.375 0.86575
25.875 94.625 1.9071
25.875 94.875 3.3727
26.125 70.375 -0.38741
26.125 70.625 -0.40948
26.125 70.875 -0.4461
26.125 71.125 -0.44705
26.125 71.375 -0.51406
26.125 71.625 -0.55414
26.125 71.875 -0.50109
26.125 72.125 -0.44969
26.125 72.375 -0.58913
26.125 72.625 -0.58925
26.125 72.875 -0.57448
26.125 73.125 -0.56528
26.125 73.375 -0.53608
26.125 73.625 -0.47927
26.125 73.875 -0.50019
26.125 74.125 -0.44607
26.125 74.375 -0.49019
26.125 74.625 -0.49237
26.125 74.875 -0.47765
26.125 75.125 -0.50202
26.125 75.375 -0.48529
26.125 75.625 -0.43916
26.125 75.875 -0.32309
26.125 76.125 -0.37659
26.125 76.375 -0.36505
26.125 76.625 -0.38292
26.125 76.875 -0.33196
26.125 77.125 -0.26745
26.125 77.375 -0.29225
26.125 77.625 -0.3437
26.125 77.875 -0.43874
26.125 78.125 -0.42375
26.125 78.375 -0.39407
26.125 78.625 -0.35991
26.125 78.875 -0.42588
26.125 79.125 -0.43013
26.125 79.375 -0.34398
26.125 79.625 -0.24356
26.125 79.875 -0.24643
26.125 80.125 -0.39418
26.125 80.375 -0.37912
26.125 80.625 -0.37738
26.125 80.875 -0.39628
26.125 81.125 -0.31782
26.125 81.375 -0.23688
26.125 81.625 -0.37726
26.125 81.875 -0.30581
26.125 82.125 -0.26612
26.125 82.375 -0.26282
26.125 82.625 -0.19552
26.125 82.875 -0.19321
26.125 83.125 -0.1075
26.125 83.375 -0.38499
26.125 83.625 -0.34754
26.125 83.875 -0.45685
26.125 84.125 -0.455
26.125 84.375 -0.33949
26.125 84.625 -0.25504
26.125 84.875 -0.29511
26.125 85.125 -0.168
26.125 85.375 -0.16686
26.125 85.625 -0.015215
26.125 85.875 0.0056336
26.125 86.125 -0.078968
26.125 86.375 -0.11925
26.125 86.625 -0.18306
26.125 86.875 -0.10801
26.125 87.125 0.48671
26.125 87.375 0.0031642
26.125 87.625 -0.20569
26.125 87.875 -0.12656
26.125 88.125 -0.27959
26.125 89.375 0.069633
26.125 89.875 0.58102
26.125 90.125 0.65478
26.125 90.375 0.62258
26.125 90.625 0.61248
26.125 90.875 1.0911
26.125 91.125 1.0213
26.125 91.375 0.83907
26.125 91.625 1.379
26.125 91.875 1.7269
26.125 92.125 1.9892
26.125 92.375 1.0754
26.125 92.625 1.1036
26.125 92.875 1.1854
26.125 93.125 1.3835
26.125 93.375 1.7918
26.125 93.625 1.5998
26.125 93.875 0.42338
26.125 94.125 -0.097823
26.125 94.375 0.28971
26.125 94.625 1.4642
26.125 94.875 3.4572
26.375 70.375 -0.43239
26.375 70.625 -0.44
26.375 70.875 -0.40857
26.375 71.125 -0.42212
26.375 71.375 -0.4779
26.375 71.625 -0.4977
26.375 71.875 -0.4788
26.375 72.125 -0.46536
26.375 72.375 -0.54863
26.375 72.625 -0.58439
26.375 72.875 -0.60748
26.375 73.125 -0.49419
26.375 73.375 -0.4526
26.375 73.625 -0.5033
26.375 73.875 -0.47686
26.375 74.125 -0.41311
26.375 74.375 -0.4875
26.375 74.625 -0.55253
26.375 74.875 -0.41001
26.375 75.125 -0.57769
26.375 75.375 -0.51536
26.375 75.625 -0.47634
26.375 75.875 -0.46226
26.375 76.125 -0.45782
26.375 76.375 -0.38073
26.375 76.625 -0.3874
26.375 76.875 -0.33544
26.375 77.125 -0.30832
26.375 77.375 -0.37638
26.375 77.625 -0.3937
26.375 77.875 -0.39945
26.375 78.125 -0.35527
26.375 78.375 -0.33399
26.375 78.625 -0.41756
26.375 78.875 -0.38979
26.375 79.125 -0.34817
26.375 79.375 -0.2735
26.375 79.625 -0.22059
26.375 79.875 -0.42251
26.375 80.125 -0.44838
26.375 80.375 -0.3237
26.375 80.625 -0.37063
26.375 80.875 -0.4089
26.375 81.125 -0.34177
26.375 81.375 -0.2911
26.375 81.625 -0.39552
26.375 81.875 -0.41822
26.375 82.125 -0.44782
26.375 82.375 -0.50609
26.375 82.625 -0.47987
26.375 82.875 -0.3938
26.375 83.125 -0.38235
26.375 83.375 -0.3096
26.375 83.625 -0.43696
26.375 83.875 -0.48832
26.375 84.125 -0.5039
26.375 84.375 -0.46617
26.375 84.625 -0.29868
26.375 84.875 -0.0054183
26.375 85.125 0.13546
26.375 85.375 0.21039
26.375 85.625 0.19479
26.375 85.875 0.038959
26.375 86.125 -0.096109
26.375 86.375 -0.28862
26.375 86.625 -0.39747
26.375 86.875 -0.48132
26.375 87.125 -0.40942
26.375 87.625 -0.35731
26.375 87.875 -0.12085
26.375 88.125 -0.21886
26.375 88.375 0.003193
26.375 88.875 -0.17972
26.375 89.375 -0.17499
26.375 89.625 -0.078292
26.375 89.875 0.081654
26.375 90.125 0.35073
26.375 90.375 0.4199
26.375 90.625 0.51213
26.375 90.875 0.79685
26.375 91.125 0.77403
26.375 91.375 0.62464
26.375 91.625 0.52891
26.375 91.875 0.39846
26.375 92.125 0.39643
26.375 92.375 0.32321
26.375 92.625 0.49083
26.375 92.875 0.74893
26.375 93.125 1.1449
26.375 93.375 2.2148
26.375 93.625 2.0936
26.375 93.875 0.65302
26.375 94.125 0.13563
26.375 94.375 0.21166
26.375 94.625 0.96119
26.375 94.875 2.664
26.625 69.875 -0.41073
26.625 70.125 -0.41069
26.625 70.375 -0.3966
26.625 70.625 -0.43357
26.625 70.875 -0.43542
26.625 71.125 -0.44218
26.625 71.375 -0.45907
26.625 71.625 -0.47568
26.625 71.875 -0.50764
26.625 72.125 -0.55024
26.625 72.375 -0.56684
26.625 72.625 -0.49986
26.625 72.875 -0.52583
26.625 73.125 -0.54369
26.625 73.375 -0.54281
26.625 73.625 -0.52293
26.625 73.875 -0.49349
26.625 74.125 -0.51955
26.625 74.375 -0.50093
26.625 74.625 -0.53624
26.625 74.875 -0.58189
26.625 75.125 -0.56171
26.625 75.375 -0.47909
26.625 75.625 -0.45969
26.625 75.875 -0.49021
26.625 76.125 -0.47622
26.625 76.375 -0.48637
26.625 76.625 -0.52944
26.625 76.875 -0.42544
26.625 77.125 -0.40872
26.625 77.375 -0.42604
26.625 77.625 -0.42203
26.625 77.875 -0.30779
26.625 78.125 -0.37662
26.625 78.375 -0.38766
26.625 78.625 -0.41987
26.625 78.875 -0.3009
26.625 79.125 -0.29373
26.625 79.375 -0.24426
26.625 79.625 -0.20169
26.625 79.875 -0.3387
26.625 80.125 -0.42525
26.625 80.375 -0.36667
26.625 80.625 -0.4056
26.625 80.875 -0.45437
26.625 81.125 -0.33526
26.625 81.375 -0.48311
26.625 81.625 -0.48503
26.625 81.875 -0.36973
26.625 82.125 -0.44648
26.625 82.375 -0.49018
26.625 82.625 -0.34187
26.625 82.875 -0.36548
26.625 83.125 -0.32921
26.625 83.375 -0.275
26.625 83.625 -0.34267
26.625 83.875 -0.53882
26.625 84.125 -0.59498
26.625 84.375 -0.45747
26.625 84.625 -0.39451
26.625 84.875 -0.081212
26.625 85.125 0.09966
26.625 85.375 0.22007
26.625 85.625 0.22588
26.625 86.125 0.13887
26.625 88.375 -0.081524
26.625 88.625 0.027926
26.625 88.875 -0.29008
26.625 89.125 -0.33136
26.625 89.375 0.18262
26.625 89.625 0.42183
26.625 89.875 0.49203
26.625 90.125 0.48494
26.625 90.375 0.34697
26.625 90.625 0.5804
26.625 90.875 0.86352
26.625 91.125 0.86101
26.625 91.375 0.97348
26.625 91.625 0.3001
26.625 91.875 1.0179
26.625 92.125 1.3423
26.625 92.375 0.76895
26.625 92.625 0.23857
26.625 92.875 0.27091
26.625 93.125 0.80336
26.625 93.375 1.9847
26.625 93.625 1.6727
26.625 93.875 0.485
26.625 94.125 -0.046871
26.625 94.375 -0.10904
26.625 94.625 0.3022
26.625 94.875 1.2189
26.625 95.125 2.171
26.875 69.625 -0.39113
26.875 69.875 -0.40267
26.875 70.125 -0.40437
26.875 70.375 -0.41957
26.875 70.625 -0.42643
26.875 70.875 -0.43022
26.875 71.125 -0.43918
26.875 71.375 -0.45208
26.875 71.625 -0.46648
26.875 71.875 -0.50497
26.875 72.125 -0.55831
26.875 72.375 -0.57006
26.875 72.625 -0.54842
26.875 72.875 -0.52059
26.875 73.125 -0.55347
26.875 73.375 -0.58503
26.875 73.625 -0.60969
26.875 73.875 -0.55818
26.875 74.125 -0.52754
26.875 74.375 -0.49482
26.875 74.625 -0.54228
26.875 74.875 -0.56395
26.875 75.125 -0.60204
26.875 75.375 -0.45928
26.875 75.625 -0.46557
26.875 75.875 -0.49029
26.875 76.125 -0.49139
26.875 76.375 -0.53587
26.875 76.625 -0.46898
26.875 76.875 -0.35631
26.875 77.125 -0.40195
26.875 77.375 -0.36117
26.875 77.625 -0.48723
26.875 77.875 -0.36565
26.875 78.125 -0.42519
26.875 78.375 -0.42237
26.875 78.625 -0.39156
26.875 78.875 -0.31306
26.875 79.125 -0.2291
26.875 79.375 -0.18907
26.875 79.625 -0.12194
26.875 79.875 -0.196
26.875 80.125 -0.29231
26.875 80.375 -0.3077
26.875 80.625 -0.45871
26.875 80.875 -0.42892
26.875 81.125 -0.40443
26.875 81.375 -0.46344
26.875 81.625 -0.52866
26.875 81.875 -0.26931
26.875 82.125 -0.28405
26.875 82.375 -0.28356
26.875 82.625 -0.22638
26.875 82.875 -0.045021
26.875 83.125 -0.15772
26.875 83.375 -0.23486
26.875 83.625 -0.12019
26.875 83.875 -0.41158
26.875 84.125 -0.5402
26.875 84.375 -0.46284
26.875 84.625 -0.33678
26.875 84.875 -0.22692
26.875 88.375 -0.0053578
26.875 88.625 -0.39716
26.875 88.875 0.00056779
26.875 92.375 1.9712
26.875 92.625 0.99308
26.875 92.875 0.10693
26.875 93.125 -0.068437
26.875 93.375 1.255
26.875 93.625 0.95316
26.875 93.875 0.058713
26.875 94.125 -0.45841
26.875 94.375 -0.35566
26.875 94.625 -0.41029
26.875 94.875 -0.3081
26.875 95.125 0.63315
26.875 95.375 2.2665
26.875 95.625 3.0604
27.125 69.875 -0.39134
27.125 70.125 -0.38466
27.125 70.375 -0.37724
27.125 70.625 -0.41775
27.125 70.875 -0.43025
27.125 71.125 -0.4442
27.125 71.375 -0.46869
27.125 71.625 -0.54537
27.125 71.875 -0.57542
27.125 72.125 -0.56175
27.125 72.375 -0.58645
27.125 72.625 -0.57847
27.125 72.875 -0.56937
27.125 73.125 -0.58336
27.125 73.375 -0.59969
27.125 73.625 -0.60102
27.125 73.875 -0.56443
27.125 74.125 -0.58787
27.125 74.375 -0.53483
27.125 74.625 -0.55513
27.125 74.875 -0.56665
27.125 75.125 -0.52107
27.125 75.375 -0.51875
27.125 75.625 -0.54337
27.125 75.875 -0.62134
27.125 76.125 -0.59533
27.125 76.375 -0.51802
27.125 76.625 -0.57083
27.125 76.875 -0.52325
27.125 77.125 -0.55126
27.125 77.375 -0.40926
27.125 77.625 -0.52721
27.125 77.875 -0.4979
27.125 78.125 -0.43823
27.125 78.375 -0.33724
27.125 78.625 -0.33313
27.125 78.875 -0.22926
27.125 79.125 -0.19363
27.125 79.375 -0.088043
27.125 79.625 -0.087479
27.125 79.875 -0.23073
27.125 80.125 -0.35597
27.125 80.375 -0.39224
27.125 80.625 -0.38573
27.125 80.875 -0.3327
27.125 81.125 -0.41254
27.125 81.375 -0.41208
27.125 81.625 -0.38823
27.125 81.875 -0.40424
27.125 82.125 -0.3008
27.125 82.375 -0.16586
27.125 82.625 -0.23575
27.125 82.875 -0.097969
27.125 83.125 -0.1869
27.125 83.375 -0.29264
27.125 83.625 -0.31402
27.125 83.875 -0.10541
27.125 84.125 -0.24694
27.125 84.375 -0.14746
27.125 84.625 0.11362
27.125 88.125 2.4573
27.125 88.375 0.33183
27.125 88.625 -0.26577
27.125 92.125 3.6571
27.125 92.375 3.1645
27.125 92.625 2.1444
27.125 92.875 0.44501
27.125 93.125 0.20562
27.125 93.375 1.4069
27.125 93.625 1.1943
27.125 93.875 0.43919
27.125 94.125 0.41877
27.125 94.375 -0.1126
27.125 94.625 -0.59808
27.125 94.875 -0.83252
27.125 95.125 -0.13768
27.125 95.375 1.1888
27.125 95.625 2.2168
27.125 95.875 3.0987
27.375 70.125 -0.38142
27.375 70.375 -0.37959
27.375 70.625 -0.40528
27.375 70.875 -0.42582
27.375 71.125 -0.44822
27.375 71.375 -0.55054
27.375 71.625 -0.57728
27.375 71.875 -0.53771
27.375 72.125 -0.52082
27.375 72.375 -0.57796
27.375 72.625 -0.61377
27.375 72.875 -0.61101
27.375 73.125 -0.57652
27.375 73.375 -0.58941
27.375 73.625 -0.61455
27.375 73.875 -0.60783
27.375 74.125 -0.55284
27.375 74.375 -0.54621
27.375 74.625 -0.60505
27.375 74.875 -0.58013
27.375 75.125 -0.61648
27.375 75.375 -0.57035
27.375 75.625 -0.62262
27.375 75.875 -0.60389
27.375 76.125 -0.63299
27.375 76.375 -0.66927
27.375 76.625 -0.53444
27.375 76.875 -0.56538
27.375 77.125 -0.5056
27.375 77.375 -0.43865
27.375 77.625 -0.4366
27.375 77.875 -0.36811
27.375 78.125 -0.28956
27.375 78.375 -0.15376
27.375 78.625 -0.17742
27.375 78.875 -0.11607
27.375 79.125 -0.13006
27.375 79.375 -0.045904
27.375 79.625 -0.1159
27.375 79.875 -0.18179
27.375 80.125 -0.30343
27.375 80.375 -0.29258
27.375 80.625 -0.28978
27.375 80.875 -0.26715
27.375 81.125 -0.3982
27.375 81.375 -0.37749
27.375 81.625 -0.36299
27.375 81.875 -0.41561
27.375 82.125 -0.37876
27.375 82.375 -0.33384
27.375 82.625 -0.32079
27.375 82.875 -0.3548
27.375 83.125 -0.39168
27.375 83.625 -0.22175
27.375 84.125 0.40587
27.375 84.375 0.52895
27.375 88.125 2.1956
27.375 88.375 0.61498
27.375 88.625 0.12944
27.375 92.125 3.2351
27.375 92.375 3.0962
27.375 92.625 2.7419
27.375 92.875 1.226
27.375 93.125 1.2529
27.375 93.375 2.9909
27.375 93.625 2.9872
27.375 93.875 2.3323
27.375 94.125 2.141
27.375 94.375 0.68573
27.375 94.625 -0.20087
27.375 94.875 -0.31761
27.375 95.125 -0.35986
27.375 95.375 -0.10076
27.375 95.625 0.13092
27.375 95.875 0.29271
27.375 96.125 0.25459
27.375 96.375 0.31892
NaN NaN NaN
27.375 96.875 2.4382
27.625 70.125 -0.38019
27.625 70.375 -0.38784
27.625 70.625 -0.39997
27.625 70.875 -0.41889
27.625 71.125 -0.46047
27.625 71.375 -0.55543
27.625 71.625 -0.56142
27.625 71.875 -0.54769
27.625 72.125 -0.54479
27.625 72.375 -0.60144
27.625 72.625 -0.6558
27.625 72.875 -0.59619
27.625 73.125 -0.51276
27.625 73.375 -0.60036
27.625 73.625 -0.6201
27.625 73.875 -0.60693
27.625 74.125 -0.55895
27.625 74.375 -0.60388
27.625 74.625 -0.62813
27.625 74.875 -0.6055
27.625 75.125 -0.61323
27.625 75.375 -0.61411
27.625 75.625 -0.65145
27.625 75.875 -0.61931
27.625 76.125 -0.58516
27.625 76.375 -0.52156
27.625 76.625 -0.48664
27.625 76.875 -0.4467
27.625 77.125 -0.35051
27.625 77.375 -0.49285
27.625 77.625 -0.43292
27.625 77.875 -0.50445
27.625 78.125 -0.28133
27.625 78.375 -0.24103
27.625 78.625 -0.11295
27.625 78.875 -0.18154
27.625 79.125 -0.1936
27.625 79.375 -0.1658
27.625 79.625 -0.16226
27.625 79.875 -0.21545
27.625 80.125 -0.23846
27.625 80.375 -0.30307
27.625 80.625 -0.2585
27.625 80.875 -0.27414
27.625 81.125 -0.32701
27.625 81.375 -0.42672
27.625 81.625 -0.40618
27.625 81.875 -0.42748
27.625 82.125 -0.32013
27.625 82.375 -0.22825
27.625 82.625 -0.17382
27.625 88.375 0.54611
27.625 88.625 0.14431
27.625 91.625 -0.027359
27.625 91.875 1.2482
27.625 92.125 2.186
27.625 92.375 2.8088
27.625 92.625 2.793
27.625 92.875 1.7486
27.625 93.125 1.6021
27.625 93.375 2.895
27.625 93.625 3.039
27.625 93.875 2.8639
27.625 94.125 2.578
27.625 94.375 1.2306
27.625 94.625 0.22121
27.625 94.875 -0.0046189
27.625 95.125 -0.25144
27.625 95.375 -0.59295
27.625 95.625 -0.79357
27.625 95.875 -0.83104
27.625 96.125 -0.54843
27.625 96.375 0.029625
27.625 96.625 1.0667
27.625 96.875 2.2294
27.875 70.375 -0.37943
27.875 71.875 -0.57857
27.875 72.125 -0.61336
27.875 72.375 -0.65578
27.875 72.625 -0.64662
27.875 72.875 -0.62683
27.875 73.125 -0.62064
27.875 73.375 -0.59642
27.875 73.625 -0.6241
27.875 73.875 -0.6249
27.875 74.125 -0.62875
27.875 74.375 -0.62851
27.875 74.625 -0.57896
27.875 74.875 -0.64776
27.875 75.125 -0.70007
27.875 75.375 -0.70032
27.875 75.625 -0.68089
27.875 75.875 -0.57438
27.875 76.125 -0.37073
27.875 76.375 -0.45865
27.875 76.625 -0.43475
27.875 76.875 -0.37211
27.875 77.125 -0.37343
27.875 77.375 -0.38202
27.875 77.625 -0.46526
27.875 77.875 -0.48031
27.875 78.125 -0.38469
27.875 78.375 -0.35634
27.875 78.625 -0.32218
27.875 78.875 -0.28357
27.875 79.125 -0.25346
27.875 79.375 -0.2542
27.875 79.625 -0.2154
27.875 79.875 -0.13651
27.875 80.125 -0.19287
27.875 80.375 -0.23844
27.875 80.625 -0.19468
27.875 80.875 -0.19714
27.875 81.125 -0.262
27.875 81.375 -0.44028
27.875 81.625 -0.43221
27.875 88.375 0.36547
27.875 88.625 0.28067
27.875 92.875 2.0823
27.875 93.125 1.267
27.875 93.375 0.65802
27.875 93.625 0.52424
27.875 93.875 0.9141
27.875 94.125 1.2893
27.875 94.375 1.1376
27.875 94.625 0.67941
27.875 94.875 0.16744
27.875 95.125 -0.029743
27.875 95.375 -0.38921
27.875 95.625 -0.62378
27.875 95.875 -0.56724
27.875 96.125 -0.30678
27.875 96.375 0.2821
27.875 96.625 1.3434
NaN NaN NaN
27.875 97.125 3.1156
28.125 72.125 -0.66907
28.125 72.375 -0.70235
28.125 72.625 -0.65764
28.125 72.875 -0.61892
28.125 73.125 -0.5064
28.125 73.375 -0.50043
28.125 73.625 -0.59617
28.125 73.875 -0.64493
28.125 74.125 -0.62946
28.125 74.375 -0.65112
28.125 74.625 -0.62754
28.125 74.875 -0.64861
28.125 75.125 -0.70196
28.125 75.375 -0.53645
28.125 75.625 -0.55865
28.125 75.875 -0.5454
28.125 76.125 -0.38029
28.125 76.375 -0.47156
28.125 76.625 -0.43119
28.125 76.875 -0.41367
28.125 77.125 -0.4708
28.125 77.375 -0.3851
28.125 77.625 -0.34945
28.125 77.875 -0.4866
28.125 78.125 -0.2898
28.125 78.375 -0.33657
28.125 78.625 -0.2482
28.125 78.875 -0.22416
28.125 79.125 -0.20946
28.125 79.375 -0.06433
28.125 79.625 -0.095956
28.125 79.875 -0.085624
28.125 80.125 -0.12351
28.125 80.375 -0.23967
28.125 80.625 -0.26727
28.125 80.875 -0.29822
28.125 81.125 -0.34657
28.125 81.375 -0.42413
28.125 92.875 1.4215
28.125 93.125 0.74171
28.125 93.375 -0.43933
28.125 93.625 -0.73053
28.125 93.875 0.097183
28.125 94.125 0.76132
28.125 94.375 1.2609
28.125 94.625 1.3545
28.125 94.875 0.72746
28.125 95.125 0.54367
28.125 95.375 0.63763
28.125 95.625 0.64269
28.125 95.875 0.56504
28.125 96.125 0.66441
28.125 96.375 1.5534
NaN NaN NaN
NaN NaN NaN
NaN NaN NaN
28.375 72.375 -0.6763
28.375 72.625 -0.67048
28.375 72.875 -0.68215
28.375 73.125 -0.53698
28.375 73.375 -0.51317
28.375 73.625 -0.49274
28.375 73.875 -0.57846
28.375 74.125 -0.57685
28.375 74.375 -0.58719
28.375 74.625 -0.68074
28.375 74.875 -0.65659
28.375 75.125 -0.58682
28.375 75.375 -0.48906
28.375 75.625 -0.36829
28.375 75.875 -0.42266
28.375 76.125 -0.41663
28.375 76.375 -0.48366
28.375 76.625 -0.51475
28.375 76.875 -0.58236
28.375 77.125 -0.50356
28.375 77.375 -0.38745
28.375 77.625 -0.39502
28.375 77.875 -0.4681
28.375 78.125 -0.36215
28.375 78.375 -0.21885
28.375 78.625 -0.16691
28.375 78.875 -0.068179
28.375 79.125 -0.16732
28.375 79.375 0.053233
28.375 79.625 -0.07735
28.375 79.875 -0.058215
28.375 80.125 -0.21154
28.375 80.375 -0.34679
28.375 80.625 -0.42776
28.375 80.875 -0.4639
28.375 81.125 -0.45523
28.375 93.375 -0.35812
28.375 93.625 -0.22392
28.375 93.875 0.61236
28.375 94.125 1.1119
28.375 94.375 1.433
28.375 94.625 1.5346
28.375 94.875 1.2868
28.375 95.125 1.4669
28.375 95.375 2.3123
28.375 95.625 2.4997
28.375 95.875 2.0837
28.375 96.125 1.9717
NaN NaN NaN
28.625 72.375 -0.59529
28.625 72.625 -0.59552
28.625 72.875 -0.58912
28.625 73.125 -0.5326
28.625 73.375 -0.53278
28.625 73.625 -0.52545
28.625 73.875 -0.54887
28.625 74.125 -0.57005
28.625 74.375 -0.60899
28.625 74.625 -0.62712
28.625 74.875 -0.59001
28.625 75.125 -0.51839
28.625 75.375 -0.37298
28.625 75.625 -0.26719
28.625 75.875 -0.3319
28.625 76.125 -0.39729
28.625 76.375 -0.38751
28.625 76.625 -0.44399
28.625 76.875 -0.47072
28.625 77.125 -0.46612
28.625 77.375 -0.487
28.625 77.625 -0.48115
28.625 77.875 -0.44889
28.625 78.125 -0.38647
28.625 78.375 -0.31077
28.625 78.625 -0.19882
28.625 78.875 -0.14178
28.625 79.125 -0.34149
28.625 79.375 -0.12485
28.625 79.625 -0.20259
28.625 79.875 -0.29258
28.625 80.125 -0.2015
28.625 80.375 -0.12533
28.625 80.625 -0.15692
28.625 93.625 -0.086554
28.625 93.875 0.54573
28.625 94.125 0.93228
28.625 94.375 0.9958
28.625 94.625 1.1688
28.625 94.875 1.197
28.625 95.125 1.7332
28.625 95.375 2.975
28.625 95.625 2.9476
28.625 95.875 2.2391
28.625 96.125 1.9981
NaN NaN NaN
28.875 72.875 -0.33848
28.875 73.125 -0.42698
28.875 73.375 -0.52824
28.875 73.625 -0.50009
28.875 73.875 -0.48431
28.875 74.125 -0.51427
28.875 74.375 -0.49511
28.875 74.625 -0.52945
28.875 74.875 -0.53202
28.875 75.125 -0.57118
28.875 75.375 -0.40405
28.875 75.625 -0.31671
28.875 75.875 -0.26171
28.875 76.125 -0.32554
28.875 76.375 -0.32071
28.875 76.625 -0.26241
28.875 76.875 -0.27915
28.875 77.125 -0.38956
28.875 77.375 -0.47412
28.875 77.625 -0.40306
28.875 77.875 -0.37494
28.875 78.125 -0.2981
28.875 78.375 -0.28078
28.875 78.625 -0.26846
28.875 78.875 -0.41594
28.875 79.125 -0.4731
28.875 79.375 -0.35282
28.875 79.625 -0.31414
28.875 79.875 -0.30081
28.875 94.125 0.51493
28.875 94.375 0.38474
28.875 94.625 0.37388
28.875 94.875 0.48253
28.875 95.125 1.2736
28.875 95.375 2.501
28.875 95.625 2.3251
28.875 95.875 1.3322
28.875 96.125 1.4395
NaN NaN NaN
29.125 73.125 -0.47781
29.125 73.375 -0.51096
29.125 73.625 -0.46261
29.125 73.875 -0.41933
29.125 74.125 -0.36739
29.125 74.375 -0.39559
29.125 74.625 -0.4099
29.125 74.875 -0.57122
29.125 75.125 -0.58918
29.125 75.375 -0.53788
29.125 75.625 -0.45066
29.125 75.875 -0.35625
29.125 76.125 -0.30442
29.125 76.375 -0.21459
29.125 76.625 -0.090917
29.125 76.875 -0.12086
29.125 77.125 -0.18591
29.125 77.375 -0.27227
29.125 77.625 -0.279
29.125 77.875 -0.33625
29.125 78.125 -0.29299
29.125 78.375 -0.26732
29.125 78.625 -0.2335
29.125 78.875 -0.51539
29.125 79.125 -0.50652
29.125 79.375 -0.38621
29.125 79.625 -0.2275
29.125 79.875 -0.22253
29.125 80.125 -0.11166
29.125 94.375 0.13033
29.125 94.625 0.22237
29.125 94.875 0.29822
29.125 95.625 1.3588
29.125 95.875 1.1558
29.125 96.125 5.7795
29.375 73.375 -0.42527
29.375 73.625 -0.37468
29.375 73.875 -0.31911
29.375 74.125 -0.295
29.375 74.375 -0.30592
29.375 74.625 -0.35552
29.375 74.875 -0.50753
29.375 75.125 -0.52881
29.375 75.375 -0.58255
29.375 75.625 -0.56969
29.375 75.875 -0.39623
29.375 76.125 -0.28828
29.375 76.375 -0.090949
29.375 76.625 -0.11631
29.375 76.875 0.0057885
29.375 77.125 0.081824
29.375 77.375 -0.073792
29.375 77.625 -0.028283
29.375 77.875 -0.24349
29.375 78.125 -0.22002
29.375 78.375 -0.29251
29.375 78.625 -0.30391
29.375 78.875 -0.38107
29.375 79.125 -0.38701
29.375 79.375 0.1549
29.375 79.625 0.34876
29.375 79.875 0.023936
29.375 80.125 -0.21451
NaN NaN NaN
29.625 73.375 -0.36935
29.625 73.625 -0.38413
29.625 73.875 -0.35577
29.625 74.125 -0.22848
29.625 74.375 -0.21093
29.625 74.625 -0.36853
29.625 74.875 -0.53133
29.625 75.125 -0.57877
29.625 75.375 -0.60741
29.625 75.625 -0.54944
29.625 75.875 -0.51403
29.625 76.125 -0.44243
29.625 76.375 -0.33315
29.625 76.625 -0.20568
29.625 76.875 -0.12729
29.625 77.125 0.024634
29.625 77.375 -0.12234
29.625 77.625 -0.20847
29.625 77.875 -0.2314
29.625 78.125 -0.23159
29.625 78.375 -0.2989
29.625 78.625 -0.27589
29.625 78.875 -0.30261
29.625 79.125 -0.017536
29.625 79.375 0.43142
29.625 79.625 0.17665
29.625 79.875 -0.11557
29.625 80.125 -0.31245
29.875 73.625 -0.38961
29.875 73.875 -0.4159
29.875 74.125 -0.34886
29.875 74.375 -0.41652
29.875 74.625 -0.4203
29.875 74.875 -0.5279
29.875 75.125 -0.40689
29.875 75.375 -0.56569
29.875 75.625 -0.40076
29.875 75.875 -0.33063
29.875 76.125 -0.39291
29.875 76.375 -0.3856
29.875 76.625 -0.28598
29.875 76.875 -0.25389
29.875 77.125 -0.21409
29.875 77.375 -0.22236
29.875 77.625 -0.36191
29.875 77.875 -0.34997
29.875 78.125 -0.37931
29.875 78.375 -0.2773
29.875 78.625 -0.18118
29.875 78.875 -0.074879
29.875 79.125 -0.099005
29.875 79.375 -0.29596
29.875 79.625 -0.47195
29.875 79.875 -0.4205
29.875 80.125 -0.51542
29.875 80.375 -0.66627
30.125 74.125 -0.41251
30.125 74.375 -0.4965
30.125 74.625 -0.44459
30.125 74.875 -0.39742
30.125 75.125 -0.48774
30.125 75.375 -0.52884
30.125 75.625 -0.5433
30.125 75.875 -0.44903
30.125 76.125 -0.49375
30.125 76.375 -0.48302
30.125 76.625 -0.44627
30.125 76.875 -0.38018
30.125 77.125 -0.3936
30.125 77.375 -0.39025
30.125 77.625 -0.52408
30.125 77.875 -0.52891
30.125 78.125 -0.53489
30.125 78.375 -0.32085
30.125 78.625 -0.33542
30.125 78.875 -0.14187
30.125 79.125 -0.17556
30.125 79.375 -0.46252
30.125 79.625 -0.54822
30.125 79.875 -0.45262
30.125 80.125 -0.46516
30.125 80.375 -0.58335
30.125 80.625 -0.51064
30.375 74.125 -0.43504
30.375 74.375 -0.44108
30.375 74.625 -0.44651
30.375 74.875 -0.31516
30.375 75.125 -0.37783
30.375 75.375 -0.41233
30.375 75.625 -0.35485
30.375 75.875 -0.37772
30.375 76.125 -0.43581
30.375 76.375 -0.4366
30.375 76.625 -0.50504
30.375 76.875 -0.56697
30.375 77.125 -0.58914
30.375 77.375 -0.49799
30.375 77.625 -0.61214
30.375 77.875 -0.65456
30.375 78.125 -0.75931
30.375 78.375 -0.70956
30.375 78.625 -0.71008
30.375 78.875 -0.60317
30.375 79.125 -0.29413
30.375 79.375 -0.14736
30.375 79.625 -0.095582
30.375 79.875 -0.080955
30.375 80.125 -0.21256
30.375 80.375 -0.32003
30.375 80.625 -0.38727
30.625 74.375 -0.37307
30.625 74.625 -0.3813
30.625 74.875 -0.24331
30.625 75.125 -0.3032
30.625 75.375 -0.34483
30.625 75.625 -0.4238
30.625 75.875 -0.31762
30.625 76.125 -0.40885
30.625 76.375 -0.46049
30.625 76.625 -0.58967
30.625 76.875 -0.66045
30.625 77.125 -0.59752
30.625 77.375 -0.41386
30.625 77.625 -0.53986
30.625 77.875 -0.3067
30.625 78.125 -0.37762
30.625 78.375 -0.50937
30.625 78.625 -0.50327
30.625 78.875 -0.082352
30.625 79.125 0.37085
30.625 79.375 0.47977
30.625 79.625 0.44249
30.625 79.875 0.09407
30.625 80.125 -0.15711
30.875 74.625 -0.14985
30.875 74.875 -0.19451
30.875 75.125 -0.32419
30.875 75.375 -0.34405
30.875 75.625 -0.37395
30.875 75.875 -0.43937
30.875 76.125 -0.41624
30.875 76.375 -0.55439
30.875 76.625 -0.71147
30.875 76.875 -0.6607
30.875 77.125 -0.67267
30.875 77.375 -0.38808
30.875 77.625 -0.34769
30.875 77.875 -0.2908
30.875 78.125 -0.32377
30.875 78.375 -0.3077
30.875 78.625 -0.042487
30.875 78.875 1.2363
30.875 79.125 1.7949
30.875 79.375 0.56331
30.875 79.625 0.50921
30.875 79.875 -0.65556
31.125 74.875 -0.35925
31.125 75.125 -0.39013
31.125 75.375 -0.39209
31.125 75.625 -0.34757
31.125 75.875 -0.3183
31.125 76.125 -0.50973
31.125 76.375 -0.69365
31.125 76.625 -0.84079
31.125 76.875 -0.82921
31.125 77.125 -0.66483
31.125 77.375 -0.40299
31.125 77.625 -0.24286
31.125 77.875 -0.48344
31.125 78.125 -0.46162
31.125 78.375 -0.14276
31.125 78.625 0.30822
31.125 78.875 1.0208
31.125 79.125 1.1118
31.375 74.875 -0.49212
31.375 75.125 -0.3919
31.375 75.375 -0.441
31.375 75.625 -0.41477
31.375 75.875 -0.30488
31.375 76.125 -0.37629
31.375 76.375 -0.65106
31.375 76.625 -0.90558
31.375 76.875 -0.92462
31.375 77.125 -0.8751
31.375 77.375 -0.70127
31.375 77.625 -0.61681
31.375 77.875 -0.57933
31.375 78.125 -0.47572
31.375 78.375 -0.25461
31.375 78.625 0.093797
31.625 74.875 -0.27791
31.625 75.125 -0.2788
31.625 75.375 -0.36865
31.625 75.625 -0.4454
31.625 75.875 -0.35866
31.625 76.125 -0.46442
31.625 76.375 -0.75195
31.625 76.625 -0.9501
31.625 76.875 -1.0085
31.625 77.125 -0.99297
31.625 77.375 -0.74522
31.625 77.625 -0.47218
31.625 77.875 -0.16074
31.625 78.125 -0.12938
31.625 78.375 -0.34569
31.625 78.625 -0.40884
31.875 74.875 0.0071481
31.875 75.125 -0.034971
31.875 75.375 -0.16485
31.875 75.625 -0.37194
31.875 75.875 -0.52451
31.875 76.125 -0.75392
31.875 76.375 -0.86978
31.875 76.625 -0.92282
31.875 76.875 -1.0447
31.875 77.125 -0.86886
31.875 77.375 -0.24119
31.875 77.625 0.45055
31.875 77.875 0.90233
31.875 78.125 0.63845
31.875 78.375 -0.24688
31.875 78.625 -0.62874
32.125 75.375 -0.17477
32.125 75.625 -0.38924
32.125 75.875 -0.78389
32.125 76.125 -0.874
32.125 76.375 -0.65904
32.125 76.625 -0.53884
32.125 76.875 -0.44978
32.125 77.125 -0.11272
32.125 77.375 0.37427
32.125 77.625 0.65402
32.125 77.875 1.326
32.125 78.125 0.90028
32.125 78.375 -0.11799
32.375 75.375 -0.44332
32.375 75.625 -0.54907
32.375 75.875 -0.7815
32.375 76.125 -0.68339
32.375 76.375 -0.023371
32.375 76.625 0.66691
32.375 76.875 0.94829
32.375 77.125 1.0593
32.375 77.375 1.0729
32.375 77.625 0.87284
32.375 77.875 0.99693
32.375 78.125 0.78312
32.375 78.375 0.029715
32.625 74.875 -0.69394
32.625 75.125 -0.74236
32.625 75.375 -0.62766
32.625 75.625 -0.64083
32.625 75.875 -0.84531
32.625 76.125 -0.57391
32.625 76.375 0.39371
32.625 76.625 0.91606
32.625 76.875 1.3423
32.625 77.125 1.3196
32.625 77.375 0.9156
32.625 77.625 0.51905
32.625 77.875 0.27021
32.625 78.125 0.32145
32.625 78.375 0.0028091
32.625 78.625 -0.29952
32.625 78.875 -0.39278
32.625 79.125 -0.48175
32.625 79.375 -0.598
32.875 74.375 -0.92197
32.875 74.625 -0.92662
32.875 74.875 -0.917
32.875 75.125 -0.77758
32.875 75.375 -0.46561
32.875 75.625 -0.37067
32.875 75.875 -0.59893
32.875 76.125 -0.52709
32.875 76.375 -0.072035
32.875 76.625 0.34762
32.875 76.875 0.57487
32.875 77.125 0.46503
32.875 77.375 0.033076
32.875 77.625 -0.26191
32.875 77.875 -0.43007
32.875 78.125 -0.37284
32.875 78.375 -0.19253
32.875 78.625 -0.32414
32.875 78.875 -0.48786
32.875 79.125 -0.56794
32.875 79.375 -0.59596
33.125 73.875 -1.1035
33.125 74.125 -0.9133
33.125 74.375 -0.62581
33.125 74.625 -0.56719
33.125 74.875 -0.72113
33.125 75.125 -0.64475
33.125 75.375 -0.38005
33.125 75.625 -0.27729
33.125 75.875 -0.41107
33.125 76.125 -0.36916
33.125 76.375 -0.036083
33.125 76.625 0.097039
33.125 76.875 0.11171
33.125 77.125 0.030326
33.125 77.375 -0.10977
33.125 77.625 -0.18915
33.125 77.875 -0.14732
33.125 78.125 -0.098811
33.125 78.375 0.064604
33.125 78.625 -0.14133
33.125 78.875 -0.47052
33.125 79.125 -0.59094
33.375 73.875 -1.1744
33.375 74.125 -0.85096
33.375 74.375 0.057384
33.375 74.625 0.20964
33.375 74.875 -0.10459
33.375 75.125 -0.39094
33.375 75.375 -0.52088
33.375 75.625 -0.52403
33.375 75.875 -0.3017
33.375 76.125 -0.0042263
33.375 76.375 0.46421
33.375 76.625 0.60024
33.375 76.875 0.32375
33.375 77.125 0.18427
33.375 77.375 0.052586
33.375 77.625 0.0068475
33.375 77.875 -0.020227
33.375 78.125 0.055234
33.375 78.375 0.21078
33.375 78.625 0.14133
33.375 78.875 -0.28839
33.625 73.875 -1.0295
33.625 74.125 -0.73489
33.625 74.375 0.14871
33.625 74.625 0.48021
33.625 74.875 0.13558
33.625 75.125 -0.39434
33.625 75.375 -0.61623
33.625 75.625 -0.58421
33.625 75.875 -0.014824
33.625 76.125 0.48631
33.625 76.375 1.1935
33.625 76.625 1.0519
33.625 76.875 0.43597
33.625 77.125 0.088812
33.625 77.375 0.1017
33.625 77.625 0.15493
33.625 77.875 0.1434
33.625 78.125 0.19309
33.625 78.375 0.31355
33.625 78.625 0.25799
33.625 78.875 -0.11988
33.875 73.875 -0.72861
33.875 74.125 -0.55914
33.875 74.375 -0.065947
33.875 74.625 0.1904
33.875 74.875 -0.43629
33.875 75.125 -0.74502
33.875 75.375 -0.51968
33.875 75.625 -0.13517
33.875 75.875 0.44556
33.875 76.125 1.0302
33.875 76.375 1.5159
33.875 76.625 1.3955
33.875 76.875 0.63773
33.875 77.125 0.20642
33.875 77.375 0.15629
33.875 77.625 0.17169
33.875 77.875 0.19852
33.875 78.125 0.24794
33.875 78.375 0.35198
33.875 78.625 0.28045
33.875 78.875 -0.025315
34.125 73.625 -0.82179
34.125 73.875 -0.56936
34.125 74.125 -0.38657
34.125 74.375 -0.29909
34.125 74.625 -0.3123
34.125 74.875 -0.77238
34.125 75.125 -0.73403
34.125 75.375 -0.40781
34.125 75.625 0.022136
34.125 75.875 0.35622
34.125 76.125 0.72108
34.125 76.375 1.2299
34.125 76.625 1.14
34.125 76.875 0.80147
34.125 77.125 0.54608
34.125 77.375 0.45059
34.125 77.625 0.51615
34.125 77.875 0.71186
34.125 78.125 0.75092
34.125 78.375 0.67645
34.125 78.625 0.46645
34.125 78.875 0.092068
34.125 79.125 -0.1672
34.125 79.375 -0.38531
34.375 73.625 -0.89425
34.375 73.875 -0.74802
34.375 74.125 -0.68455
34.375 74.375 -0.68314
34.375 74.625 -0.64094
34.375 74.875 -0.83904
34.375 75.125 -0.78301
34.375 75.375 -0.42506
34.375 75.625 -0.19003
34.375 75.875 -0.16766
34.375 76.125 -0.044059
34.375 76.375 0.16651
34.375 76.625 0.5749
34.375 76.875 0.9538
34.375 77.125 1.0609
34.375 77.375 0.94613
34.375 77.625 1.1499
34.375 77.875 1.6504
34.375 78.125 1.6865
34.375 78.375 1.2797
34.375 78.625 0.80555
34.375 78.875 0.25107
34.375 79.125 -0.14148
34.375 79.375 -0.36901
34.625 73.875 -0.14308
34.625 74.125 -0.08264
34.625 74.375 -0.12844
34.625 74.625 -0.18158
34.625 74.875 -0.26636
34.625 75.125 -0.33713
34.625 75.375 -0.15131
34.625 75.625 -0.10771
34.625 75.875 -0.24716
34.625 76.125 -0.22619
34.625 76.375 -0.050977
34.625 76.625 0.26616
34.625 76.875 0.95821
34.625 77.125 1.2717
34.625 77.375 1.1748
34.625 77.625 1.3679
34.625 77.875 1.853
34.625 78.125 1.857
34.625 78.375 1.353
34.625 78.625 0.7961
34.625 78.875 0.23941
34.625 79.125 -0.14434
34.625 79.375 -0.35091
34.625 79.625 -0.49629
34.875 74.125 1.437
34.875 74.375 1.3579
34.875 74.625 1.151
34.875 74.875 0.90029
34.875 75.125 0.70341
34.875 75.375 0.52175
34.875 75.625 0.32937
34.875 75.875 0.15562
34.875 76.125 0.076948
34.875 76.375 0.16135
34.875 76.625 0.36153
34.875 76.875 0.92953
34.875 77.125 1.2255
34.875 77.375 1.1539
34.875 77.625 1.2082
34.875 77.875 1.4112
34.875 78.125 1.3233
34.875 78.375 0.91316
34.875 78.625 0.48894
34.875 78.875 0.074141
34.875 79.125 -0.21183
34.875 79.375 -0.37385
34.875 79.625 -0.4983
34.875 79.875 -0.57633
35.125 74.375 1.398
35.125 74.625 1.2252
35.125 74.875 1.012
35.125 75.125 0.75589
35.125 75.375 0.50419
35.125 75.625 0.32232
35.125 75.875 0.26604
35.125 76.125 0.27414
35.125 76.375 0.46602
35.125 76.625 0.68554
35.125 76.875 1.14
35.125 77.125 1.3669
35.125 77.375 1.2687
35.125 77.625 1.148
35.125 77.875 1.0108
35.125 78.125 0.78994
35.125 78.375 0.48396
35.125 78.625 0.18563
35.125 78.875 -0.091199
35.125 79.125 -0.27684
35.125 79.375 -0.37383
35.125 79.625 -0.43863
35.125 79.875 -0.46444
35.375 73.875 -0.17154
35.375 74.125 -0.072939
35.375 74.375 0.060087
35.375 74.625 0.11295
35.375 74.875 0.14848
35.375 75.125 0.043197
35.375 75.375 -0.076822
35.375 75.625 -0.097533
35.375 75.875 0.025465
35.375 76.125 0.28314
35.375 76.375 0.78359
35.375 76.625 1.1904
35.375 76.875 1.5503
35.375 77.125 1.6784
35.375 77.375 1.507
35.375 77.625 1.1796
35.375 77.875 0.66341
35.375 78.125 0.28177
35.375 78.375 0.080703
35.375 78.625 -0.10118
35.375 78.875 -0.2548
35.375 79.125 -0.33802
35.375 79.375 -0.35142
35.375 79.625 -0.31899
35.375 79.875 -0.23448
NaN NaN NaN
35.625 73.375 0.40327
35.625 73.625 -0.10739
35.625 73.875 -0.42458
35.625 74.125 -0.52591
35.625 74.375 -0.5061
35.625 74.625 -0.33716
35.625 74.875 0.061215
35.625 75.125 0.24341
35.625 75.375 0.30506
35.625 75.625 0.34423
35.625 75.875 0.43376
35.625 76.125 0.65967
35.625 76.375 1.0205
35.625 76.625 1.3004
35.625 76.875 1.4811
35.625 77.125 1.4898
35.625 78.375 -0.047927
35.625 78.625 -0.098738
35.625 78.875 -0.11141
35.625 79.125 -0.0070676
35.625 79.375 0.22166
35.625 79.625 0.34038
35.625 79.875 0.34127
35.625 80.125 0.38403
35.875 73.125 2.3806
35.875 73.375 2.4131
35.875 73.625 1.778
35.875 73.875 0.604
35.875 74.125 -0.063783
35.875 74.375 -0.38501
35.875 74.625 -0.20776
35.875 74.875 0.5169
35.875 75.125 1.035
35.875 75.375 1.4698
35.875 75.625 1.6271
35.875 75.875 1.5064
35.875 76.125 1.3511
35.875 76.375 1.1817
35.875 76.625 1.0432
35.875 79.375 1.294
36.125 72.625 1.4472
36.125 72.875 -0.16313
36.125 73.125 -0.24738
36.125 73.375 2.4315
36.125 73.625 2.4091
36.125 73.875 1.6455
36.125 74.125 0.69248
36.125 74.375 0.05389
36.125 74.625 0.051572
36.125 74.875 0.58736
36.125 75.125 1.0675
36.125 75.375 1.5624
36.125 75.625 1.7475
36.125 75.875 1.5304
36.125 76.125 1.2433
36.125 76.375 0.90838
36.125 76.625 0.67797
36.375 73.125 1.3487
36.375 73.375 1.5868
36.375 73.625 1.8863
36.375 73.875 2.0999
36.375 74.125 1.7637
36.375 74.375 1.0234
36.375 74.625 0.52117
36.375 74.875 0.25202
36.375 75.125 0.32668
36.375 75.375 0.72716
36.375 75.625 0.81235
36.375 75.875 0.51751
36.375 76.125 0.29447
36.625 73.375 1.325
36.625 73.625 1.7139
36.625 73.875 2.191
36.625 74.125 2.2999
36.625 74.375 1.7785
36.625 74.625 0.98974
36.625 74.875 0.16507
36.625 75.125 -0.060779
36.625 75.375 0.21201
36.625 75.625 0.21792
36.875 73.875 2.1582
36.875 74.375 2.024
36.875 74.625 1.3387
36.875 74.875 0.37763
36.875 75.125 -0.048332
36.875 75.375 0.0098694
