8.125 77.375 0.56316
8.375 77.125 -0.36252
8.375 77.375 0.44837
8.375 77.625 1.1812
8.375 77.875 1.1921
8.625 76.875 -0.01525
8.625 77.125 0.24678
8.625 77.375 0.87145
8.625 77.625 0.026013
8.625 77.875 0.44415
8.875 76.875 0.35662
8.875 77.125 1.4522
8.875 77.375 -0.035248
8.875 77.625 -0.036431
8.875 77.875 -0.86924
9.125 76.625 0.14828
9.125 76.875 1.2125
9.125 77.125 1.0305
9.125 77.375 -0.11541
9.125 77.625 -0.43017
9.125 77.875 -1.0804
9.125 78.125 -0.15553
NaN NaN NaN
9.375 76.625 0.57082
9.375 76.875 1.0492
9.375 77.125 1.0619
9.375 77.375 0.37726
9.375 77.625 -0.56433
9.375 77.875 -0.52513
9.375 78.125 -0.27273
9.375 78.375 -0.21218
9.375 78.625 0.10602
NaN NaN NaN
9.625 76.375 -0.77255
9.625 76.625 0.49224
9.625 76.875 1.5452
9.625 77.125 1.2471
9.625 77.375 -0.12269
9.625 77.625 -0.95854
9.625 77.875 0.034457
9.625 78.125 -0.68401
9.625 78.375 -0.18505
9.625 78.625 0.45619
9.875 76.625 0.21494
9.875 76.875 1.0665
9.875 77.125 2.0426
9.875 77.375 -0.80016
9.875 77.625 -0.32474
9.875 77.875 0.055752
9.875 78.125 -1.1249
9.875 78.375 0.36158
9.875 78.625 0.6184
9.875 78.875 0.64149
10.125 76.375 -0.56336
10.125 76.625 1.3096
10.125 76.875 1.9961
10.125 77.125 0.043057
10.125 77.375 -1.1218
10.125 77.625 0.22997
10.125 77.875 0.30332
10.125 78.125 -0.099778
10.125 78.375 0.35466
10.125 78.625 -0.49893
10.125 78.875 -0.31364
10.125 79.125 0.082874
10.375 76.375 0.17374
10.375 76.625 0.53843
10.375 76.875 1.4812
10.375 77.125 1.2118
10.375 77.375 0.01932
10.375 77.625 0.037996
10.375 77.875 -0.86656
10.375 78.125 -0.50623
10.375 78.375 -0.53975
10.375 78.625 -0.64735
10.375 78.875 -0.55223
10.375 79.125 0.34949
NaN NaN NaN
NaN NaN NaN
10.625 76.125 -0.44629
10.625 76.375 1.3748
10.625 76.625 0.96889
10.625 76.875 1.2085
10.625 77.125 -0.4634
10.625 77.375 -0.52149
10.625 77.625 -0.1295
10.625 77.875 -0.54908
10.625 78.125 -1.1733
10.625 78.375 -1.4897
10.625 78.625 -0.14191
10.625 78.875 0.40518
10.625 79.125 1.986
10.625 79.375 2.001
10.625 79.625 1.6082
10.875 76.125 0.74056
10.875 76.375 1.6736
10.875 76.625 1.3182
10.875 76.875 -0.013415
10.875 77.125 -0.54612
10.875 77.375 0.35845
10.875 77.625 -0.65214
10.875 77.875 -0.64594
10.875 78.125 -1.1569
10.875 78.375 0.42678
10.875 78.625 1.3249
10.875 78.875 0.99438
10.875 79.125 0.67406
10.875 79.375 0.54077
10.875 79.625 1.8867
11.125 76.125 2.1204
11.125 76.375 1.1456
11.125 76.625 1.1743
11.125 76.875 -0.75006
11.125 77.125 0.25943
11.125 77.375 -0.16311
11.125 77.625 0.46494
11.125 77.875 0.55918
11.125 78.125 -1.2364
11.125 78.375 1.2073
11.125 78.625 0.14533
11.125 78.875 -0.00027086
11.125 79.125 0.99168
11.125 79.375 0.99279
11.125 79.625 1.1822
11.375 75.875 -0.42004
11.375 76.125 -0.0015513
11.375 76.375 0.99349
11.375 76.625 -0.348
11.375 76.875 1.2499
11.375 77.125 -0.13776
11.375 77.375 -0.34337
11.375 77.625 0.65164
11.375 77.875 0.035467
11.375 78.125 -0.12587
11.375 78.375 -0.27862
11.375 78.625 -0.848
11.375 78.875 -0.52519
11.375 79.125 -0.44746
11.375 79.375 0.75139
11.375 79.625 0.99441
11.625 75.875 0.073353
11.625 76.125 1.3092
11.625 76.375 0.14163
11.625 76.625 1.5802
11.625 76.875 0.068903
11.625 77.125 -0.66098
11.625 77.375 1.1495
11.625 77.625 0.24862
11.625 77.875 -0.63488
11.625 78.125 -0.71705
11.625 78.375 -0.91132
11.625 78.625 0.72169
11.625 78.875 -0.25017
11.625 79.125 1.5202
11.625 79.375 0.30408
NaN NaN NaN
NaN NaN NaN
11.875 75.875 -0.60657
11.875 76.125 0.54849
11.875 76.375 1.3086
11.875 76.625 0.82062
11.875 76.875 -1.535
11.875 77.125 0.55652
11.875 77.375 0.1984
11.875 77.625 0.036147
11.875 77.875 -1.1147
11.875 78.125 0.29956
11.875 78.375 -0.11513
11.875 78.625 0.11028
11.875 78.875 -0.23813
11.875 79.125 1.5035
11.875 79.375 0.32964
11.875 79.625 0.40248
12.125 75.375 -1.7309
12.125 75.625 -1.0211
12.125 75.875 0.052491
12.125 76.125 0.51155
12.125 76.375 0.16499
12.125 76.625 -0.42675
12.125 76.875 -1.2029
12.125 77.125 0.50503
12.125 77.375 0.24247
12.125 77.625 -0.23468
12.125 77.875 -1.5592
12.125 78.125 0.4468
12.125 78.375 1.196
12.125 78.625 -0.17136
12.125 78.875 -0.93263
12.125 79.125 0.72103
12.125 79.375 0.45363
12.125 79.625 0.27764
12.375 75.125 -1.4888
12.375 75.375 -1.6455
12.375 75.625 -0.064408
12.375 75.875 0.77719
12.375 76.125 1.1501
12.375 76.375 0.47497
12.375 76.625 0.93374
12.375 76.875 -0.56432
12.375 77.125 -1.5341
12.375 77.375 -0.79543
12.375 77.625 -0.72182
12.375 77.875 -0.36663
12.375 78.125 1.4124
12.375 78.375 1.5257
12.375 78.625 0.60151
12.375 78.875 0.22511
12.375 79.125 0.83755
12.375 79.375 0.5528
12.375 79.625 0.30595
12.375 79.875 0.79134
12.625 75.125 -1.7404
12.625 75.375 -0.98813
12.625 75.625 -0.11694
12.625 75.875 0.63161
12.625 76.125 0.65677
12.625 76.375 1.9948
12.625 76.625 1.3215
12.625 76.875 0.85784
12.625 77.125 -0.90086
12.625 77.375 -0.62871
12.625 77.625 0.44517
12.625 77.875 0.17092
12.625 78.125 1.0883
12.625 78.375 1.6164
12.625 78.625 1.1055
12.625 78.875 1.3156
12.625 79.125 1.4523
12.625 79.375 -0.35915
12.625 79.625 -0.21192
12.625 79.875 -1.0758
12.875 75.125 -1.1706
12.875 75.375 -0.57768
12.875 75.625 -1.156
12.875 75.875 0.03013
12.875 76.125 0.26805
12.875 76.375 2.1878
12.875 76.625 1.0304
12.875 76.875 0.43234
12.875 77.125 -0.47489
12.875 77.375 0.24276
12.875 77.625 0.76742
12.875 77.875 0.73949
12.875 78.125 1.5003
12.875 78.375 1.596
12.875 78.625 1.0458
12.875 78.875 0.83797
12.875 79.125 1.0438
12.875 79.375 0.99707
12.875 79.625 0.6167
12.875 79.875 -0.21087
NaN NaN NaN
13.125 75.125 -0.50818
13.125 75.375 -0.5995
13.125 75.625 0.61598
13.125 75.875 0.63823
13.125 76.125 1.2215
13.125 76.375 1.1454
13.125 76.625 2.2208
13.125 76.875 1.0392
13.125 77.125 0.075373
13.125 77.375 0.25538
13.125 77.625 1.3852
13.125 77.875 1.2924
13.125 78.125 1.3536
13.125 78.375 1.3999
13.125 78.625 1.1554
13.125 78.875 0.85422
13.125 79.125 1.1439
13.125 79.375 0.57335
13.125 79.625 1.0514
13.125 79.875 1.0505
13.125 80.125 0.88225
NaN NaN NaN
13.375 75.125 -0.81783
13.375 75.375 0.28334
13.375 75.625 0.40479
13.375 75.875 0.54849
13.375 76.125 1.4653
13.375 76.375 0.40222
13.375 76.625 -0.089578
13.375 76.875 1.2733
13.375 77.125 1.6616
13.375 77.375 1.0397
13.375 77.625 0.96679
13.375 77.875 2.1817
13.375 78.125 0.75435
13.375 78.375 1.1304
13.375 78.625 1.7395
13.375 78.875 1.0289
13.375 79.125 1.0649
13.375 79.375 0.49116
13.375 79.625 0.54326
13.375 79.875 0.84171
13.375 80.125 1.0571
13.625 74.875 -0.82401
13.625 75.125 -0.23072
13.625 75.375 0.72725
13.625 75.625 0.54703
13.625 75.875 0.43137
13.625 76.125 0.063094
13.625 76.375 -0.83911
13.625 76.625 -1.3272
13.625 76.875 -1.1462
13.625 77.125 -0.93893
13.625 77.375 0.59599
13.625 77.625 1.824
13.625 77.875 1.7022
13.625 78.125 0.97547
13.625 78.375 1.4802
13.625 78.625 0.82894
13.625 78.875 1.1138
13.625 79.125 1.0079
13.625 79.375 1.4065
13.625 79.625 -0.092127
13.625 79.875 0.24728
13.625 80.125 0.68663
13.875 74.875 0.54804
13.875 75.125 1.1995
13.875 75.375 0.8274
13.875 75.625 0.22664
13.875 75.875 -0.061135
13.875 76.125 -0.077334
13.875 76.375 -0.29751
13.875 76.625 0.12167
13.875 76.875 -1.0292
13.875 77.125 -0.78909
13.875 77.375 0.90545
13.875 77.625 1.0374
13.875 77.875 0.56484
13.875 78.125 0.56243
13.875 78.375 1.6065
13.875 78.625 1.1511
13.875 78.875 1.4613
13.875 79.125 0.83994
13.875 79.375 0.31717
13.875 79.625 -0.69792
13.875 79.875 0.11647
14.125 74.625 0.67016
14.125 74.875 1.116
14.125 75.125 0.62455
14.125 75.375 0.29283
14.125 75.625 -0.19104
14.125 75.875 -0.13768
14.125 76.125 0.21725
14.125 76.375 0.89186
14.125 76.625 0.56383
14.125 76.875 0.06262
14.125 77.125 0.15323
14.125 77.375 0.3888
14.125 77.625 0.50158
14.125 77.875 0.67274
14.125 78.125 0.4294
14.125 78.375 1.2331
14.125 78.625 1.3301
14.125 78.875 1.3959
14.125 79.125 0.25084
14.125 79.375 0.088339
14.125 79.625 0.34399
14.125 79.875 0.30993
14.375 74.625 -0.97366
14.375 74.875 0.13658
14.375 75.125 0.21113
14.375 75.375 -0.24824
14.375 75.625 -0.13778
14.375 75.875 0.30155
14.375 76.125 1.1069
14.375 76.375 1.354
14.375 76.625 0.045129
14.375 76.875 0.33252
14.375 77.125 1.7638
14.375 77.375 1.1413
14.375 77.625 0.58402
14.375 77.875 0.73946
14.375 78.125 0.94826
14.375 78.375 1.7895
14.375 78.625 1.8958
14.375 78.875 2.0403
14.375 79.125 0.38153
14.375 79.375 0.53746
14.375 79.625 0.57569
14.375 79.875 0.56421
NaN NaN NaN
14.625 74.625 -0.3645
14.625 74.875 -0.39506
14.625 75.125 -0.41397
14.625 75.375 -0.31896
14.625 75.625 -0.43571
14.625 75.875 0.091005
14.625 76.125 0.73106
14.625 76.375 -0.14518
14.625 76.625 -0.83988
14.625 76.875 0.042136
14.625 77.125 1.2563
14.625 77.375 1.5149
14.625 77.625 0.49109
14.625 77.875 1.0843
14.625 78.125 1.9149
14.625 78.375 2.1199
14.625 78.625 1.7747
14.625 78.875 1.4268
14.625 79.125 0.89961
14.625 79.375 0.5189
14.625 79.625 -0.36084
14.625 79.875 -0.27455
14.875 74.375 1.1293
14.875 74.625 -0.17504
14.875 74.875 -0.025065
14.875 75.125 -0.38251
14.875 75.375 -1.1748
14.875 75.625 -0.58291
14.875 75.875 -0.44327
14.875 76.125 -0.80982
14.875 76.375 -1.0213
14.875 76.625 -0.39878
14.875 76.875 0.4058
14.875 77.125 0.06099
14.875 77.375 1.2606
14.875 77.625 0.49474
14.875 77.875 0.68682
14.875 78.125 1.6966
14.875 78.375 1.9745
14.875 78.625 0.72182
14.875 78.875 0.93137
14.875 79.125 0.42736
14.875 79.375 -0.41581
14.875 79.625 -0.33988
14.875 79.875 -0.2691
15.125 74.125 -0.54016
15.125 74.375 0.56684
15.125 74.625 1.0039
15.125 74.875 1.0472
15.125 75.125 0.16761
15.125 75.375 -0.20676
15.125 75.625 -0.25466
15.125 75.875 1.2671
15.125 76.125 0.59887
15.125 76.375 -0.87171
15.125 76.625 -0.77734
15.125 76.875 0.42522
15.125 77.125 -0.68075
15.125 77.375 -0.034113
15.125 77.625 0.3228
15.125 77.875 0.48911
15.125 78.125 1.0147
15.125 78.375 1.7523
15.125 78.625 1.2728
15.125 78.875 0.87094
15.125 79.125 0.51237
15.125 79.375 0.36265
15.125 79.625 0.0053676
15.125 79.875 0.1125
15.375 73.875 -0.75951
15.375 74.125 -0.95458
15.375 74.375 -0.053334
15.375 74.625 0.72429
15.375 74.875 1.1675
15.375 75.125 1.276
15.375 75.375 1.4614
15.375 75.625 1.2099
15.375 75.875 -0.32305
15.375 76.125 1.2241
15.375 76.375 0.59894
15.375 76.625 -0.63928
15.375 76.875 -0.65785
15.375 77.125 -0.18622
15.375 77.375 -0.5419
15.375 77.625 0.34451
15.375 77.875 -0.41747
15.375 78.125 1.0804
15.375 78.375 1.2855
15.375 78.625 1.1714
15.375 78.875 0.77408
15.375 79.125 1.1095
15.375 79.375 0.18746
15.375 79.625 0.034268
15.375 79.875 -0.030829
15.625 73.875 -0.15686
15.625 74.125 -0.89652
15.625 74.375 -0.98029
15.625 74.625 0.35668
15.625 74.875 0.34944
15.625 75.125 0.44993
15.625 75.375 0.4198
15.625 75.625 0.0096171
15.625 75.875 1.0382
15.625 76.125 1.8824
15.625 76.375 0.92917
15.625 76.625 0.43464
15.625 76.875 0.22115
15.625 77.125 0.452
15.625 77.375 0.20257
15.625 77.625 1.212
15.625 77.875 0.010485
15.625 78.125 0.73643
15.625 78.375 0.67773
15.625 78.625 0.1078
15.625 78.875 1.4518
15.625 79.125 0.80827
15.625 79.375 0.39138
15.625 79.625 -0.080796
15.625 79.875 -0.21426
15.625 80.125 -0.21488
15.875 73.875 0.42146
15.875 74.125 -0.41635
15.875 74.375 -0.30159
15.875 74.625 0.18362
15.875 74.875 0.10448
15.875 75.125 0.090951
15.875 75.375 -0.33259
15.875 75.625 0.48663
15.875 75.875 1.1114
15.875 76.125 0.92879
15.875 76.375 1.2533
15.875 76.625 1.1734
15.875 76.875 0.81295
15.875 77.125 0.89276
15.875 77.375 1.5585
15.875 77.625 0.13742
15.875 77.875 1.6045
15.875 78.125 0.4253
15.875 78.375 0.5898
15.875 78.625 0.76417
15.875 78.875 1.1423
15.875 79.125 1.0605
15.875 79.375 0.65382
15.875 79.625 -0.54655
15.875 79.875 -0.25332
15.875 80.125 -0.12134
15.875 80.375 -0.2344
NaN NaN NaN
15.875 80.875 -0.19778
16.125 73.625 0.88384
16.125 73.875 0.45475
16.125 74.125 0.49215
16.125 74.375 -0.30285
16.125 74.625 0.10945
16.125 74.875 0.081123
16.125 75.125 -1.5206
16.125 75.375 -0.95722
16.125 75.625 0.52205
16.125 75.875 1.475
16.125 76.125 0.64341
16.125 76.375 0.97165
16.125 76.625 1.0377
16.125 76.875 0.60682
16.125 77.125 1.0092
16.125 77.375 1.3937
16.125 77.625 0.68205
16.125 77.875 1.3428
16.125 78.125 1.4198
16.125 78.375 1.3964
16.125 78.625 1.1732
16.125 78.875 0.90772
16.125 79.125 0.74515
16.125 79.375 0.21743
16.125 79.625 -0.40612
16.125 79.875 0.17588
16.125 80.125 0.5972
16.125 80.375 0.35807
16.125 80.625 0.069051
16.125 80.875 -0.0043626
16.375 73.625 -0.10246
16.375 73.875 0.95698
16.375 74.125 0.42036
16.375 74.375 0.52486
16.375 74.625 -0.71388
16.375 74.875 -0.16837
16.375 75.125 -0.51084
16.375 75.375 -0.57393
16.375 75.625 0.42914
16.375 75.875 1.7592
16.375 76.125 2.0004
16.375 76.375 1.7593
16.375 76.625 1.067
16.375 76.875 1.5126
16.375 77.125 0.93103
16.375 77.375 1.6962
16.375 77.625 1.5683
16.375 77.875 1.3894
16.375 78.125 1.6666
16.375 78.375 1.3929
16.375 78.625 1.346
16.375 78.875 0.78115
16.375 79.125 0.75013
16.375 79.375 0.38808
16.375 79.625 0.34687
16.375 79.875 0.4322
16.375 80.125 0.42079
16.375 80.375 0.081926
16.375 80.625 0.020353
16.375 80.875 0.31817
16.375 81.125 -0.10445
NaN NaN NaN
NaN NaN NaN
16.625 73.625 0.086746
16.625 73.875 -0.55848
16.625 74.125 0.45783
16.625 74.375 -1.1555
16.625 74.625 -0.13875
16.625 74.875 -0.44061
16.625 75.125 -0.037831
16.625 75.375 0.34302
16.625 75.625 0.67778
16.625 75.875 1.1371
16.625 76.125 1.4185
16.625 76.375 1.3863
16.625 76.625 -1.5505
16.625 76.875 1.3074
16.625 77.125 1.2982
16.625 77.375 2.1205
16.625 77.625 1.6677
16.625 77.875 1.9091
16.625 78.125 2.0041
16.625 78.375 1.6744
16.625 78.625 1.4107
16.625 78.875 0.56233
16.625 79.125 0.1645
16.625 79.375 -0.12148
16.625 79.625 0.72833
16.625 79.875 0.53017
16.625 80.125 0.32865
16.625 80.375 -0.34101
16.625 80.625 -0.47453
16.625 80.875 -0.14695
16.625 81.125 -0.17044
16.625 81.375 -0.34258
16.625 81.625 -0.21674
16.625 81.875 -0.26153
16.625 82.125 -0.37819
16.875 73.375 0.47518
16.875 73.625 0.39427
16.875 73.875 -0.6188
16.875 74.125 -1.3599
16.875 74.375 -0.1999
16.875 74.625 -0.9624
16.875 74.875 -0.52206
16.875 75.125 0.41518
16.875 75.375 1.6788
16.875 75.625 1.343
16.875 75.875 0.85223
16.875 76.125 0.43616
16.875 76.375 -0.11466
16.875 76.625 0.70021
16.875 76.875 1.16
16.875 77.125 1.2564
16.875 77.375 1.4484
16.875 77.625 0.87651
16.875 77.875 1.2097
16.875 78.125 1.1004
16.875 78.375 0.93581
16.875 78.625 0.62024
16.875 78.875 -0.10431
16.875 79.125 -0.045944
16.875 79.375 -0.1353
16.875 79.625 1.1258
16.875 79.875 0.17302
16.875 80.125 0.44856
16.875 80.375 0.22165
16.875 80.625 -0.0099002
16.875 80.875 0.33727
16.875 81.125 -0.13858
16.875 81.375 -0.60251
16.875 81.625 -0.19582
16.875 81.875 -0.44667
16.875 82.125 -0.43438
17.125 73.375 0.18599
17.125 73.625 0.042621
17.125 73.875 -0.050862
17.125 74.125 -0.32195
17.125 74.375 -0.77059
17.125 74.625 -1.2016
17.125 74.875 -1.2686
17.125 75.125 -1.2658
17.125 75.375 -0.49608
17.125 75.625 -0.35728
17.125 75.875 -0.67867
17.125 76.125 -0.78371
17.125 76.375 -0.3054
17.125 76.625 -0.081045
17.125 76.875 1.4786
17.125 77.125 0.77066
17.125 77.375 0.25
17.125 77.625 0.7019
17.125 77.875 0.4619
17.125 78.125 1.0692
17.125 78.375 1.221
17.125 78.625 0.79656
17.125 78.875 0.93339
17.125 79.125 0.80043
17.125 79.375 0.64644
17.125 79.625 0.69384
17.125 79.875 0.36209
17.125 80.125 0.3328
17.125 80.375 0.182
17.125 80.625 0.17586
17.125 80.875 0.32963
17.125 81.125 -0.1201
17.125 81.375 -0.2514
17.125 81.625 -0.4918
17.125 81.875 -0.45231
17.125 82.125 -0.18867
17.125 82.375 -0.20302
17.375 73.375 -0.29916
17.375 73.625 -0.81611
17.375 73.875 -0.70511
17.375 74.125 -1.3973
17.375 74.375 -1.6531
17.375 74.625 -1.5377
17.375 74.875 -1.6554
17.375 75.125 -1.9043
17.375 75.375 -2.0431
17.375 75.625 -1.217
17.375 75.875 -1.4724
17.375 76.125 -0.88067
17.375 76.375 0.061842
17.375 76.625 0.24734
17.375 76.875 1.4022
17.375 77.125 1.2354
17.375 77.375 -0.14554
17.375 77.625 0.79001
17.375 77.875 0.22612
17.375 78.125 1.0798
17.375 78.375 0.92171
17.375 78.625 1.0605
17.375 78.875 1.5003
17.375 79.125 1.0951
17.375 79.375 0.98722
17.375 79.625 0.93844
17.375 79.875 1.2208
17.375 80.125 1.0479
17.375 80.375 0.43067
17.375 80.625 0.21273
17.375 80.875 0.085745
17.375 81.125 -0.47637
17.375 81.375 -0.56701
17.375 81.625 -0.57153
17.375 81.875 -0.54161
17.375 82.125 -0.33999
17.375 82.375 -0.27568
NaN NaN NaN
17.625 73.375 -0.24372
17.625 73.625 -1.5625
17.625 73.875 -1.0237
17.625 74.125 -1.3309
17.625 74.375 -1.4895
17.625 74.625 -1.693
17.625 74.875 -1.3706
17.625 75.125 -1.1905
17.625 75.375 -1.5123
17.625 75.625 -1.2336
17.625 75.875 -1.2028
17.625 76.125 -1.0694
17.625 76.375 -0.70707
17.625 76.625 0.85427
17.625 76.875 1.0706
17.625 77.125 1.0349
17.625 77.375 0.37899
17.625 77.625 0.60744
17.625 77.875 0.45626
17.625 78.125 1.4578
17.625 78.375 1.3705
17.625 78.625 1.1779
17.625 78.875 1.0213
17.625 79.125 1.1549
17.625 79.375 1.2517
17.625 79.625 1.472
17.625 79.875 1.0762
17.625 80.125 1.0448
17.625 80.375 0.65426
17.625 80.625 0.16016
17.625 80.875 0.20054
17.625 81.125 0.86847
17.625 81.375 -0.27616
17.625 81.625 -0.65253
17.625 81.875 -0.6631
17.625 82.125 -0.31435
17.625 82.375 -0.36144
17.625 82.625 -0.16685
17.625 82.875 -0.43176
17.625 83.125 -0.10701
17.875 73.375 -0.18049
17.875 73.625 -1.0357
17.875 73.875 -0.67969
17.875 74.125 -0.35881
17.875 74.375 -0.45672
17.875 74.625 -0.4909
17.875 74.875 -0.16387
17.875 75.125 -1.0618
17.875 75.375 -1.2426
17.875 75.625 -1.3714
17.875 75.875 -1.2576
17.875 76.125 -0.77142
17.875 76.375 -0.30994
17.875 76.625 0.47521
17.875 76.875 1.1312
17.875 77.125 1.44
17.875 77.375 0.73816
17.875 77.625 0.88858
17.875 77.875 0.83655
17.875 78.125 0.83256
17.875 78.375 1.0836
17.875 78.625 1.3601
17.875 78.875 1.3798
17.875 79.125 1.2022
17.875 79.375 1.0702
17.875 79.625 1.5475
17.875 79.875 1.7542
17.875 80.125 1.1169
17.875 80.375 0.39255
17.875 80.625 0.6288
17.875 80.875 0.51308
17.875 81.125 0.055061
17.875 81.375 0.85685
17.875 81.625 -0.42448
17.875 81.875 -0.63127
17.875 82.125 -0.58384
17.875 82.375 -0.42429
17.875 82.625 -0.22933
17.875 82.875 -0.11952
17.875 83.125 0.042552
17.875 83.375 -0.086792
NaN NaN NaN
18.125 73.375 -0.4323
18.125 73.625 -0.30252
18.125 73.875 -0.19545
18.125 74.125 -0.25742
18.125 74.375 -0.42565
18.125 74.625 -0.19575
18.125 74.875 -0.033694
18.125 75.125 -1.0288
18.125 75.375 -0.88801
18.125 75.625 -0.66414
18.125 75.875 -0.18792
18.125 76.125 0.8637
18.125 76.375 1.0823
18.125 76.625 0.99373
18.125 76.875 1.703
18.125 77.125 1.1925
18.125 77.375 0.56735
18.125 77.625 0.58014
18.125 77.875 0.51354
18.125 78.125 1.0033
18.125 78.375 1.3986
18.125 78.625 1.1973
18.125 78.875 1.4143
18.125 79.125 1.0104
18.125 79.375 0.89405
18.125 79.625 0.80132
18.125 79.875 0.79684
18.125 80.125 1.4739
18.125 80.375 0.70857
18.125 80.625 0.68378
18.125 80.875 -0.31241
18.125 81.125 0.59661
18.125 81.375 1.4544
18.125 81.625 0.049507
18.125 81.875 -0.16238
18.125 82.125 -0.26219
18.125 82.375 -0.36219
18.125 82.625 -0.21777
18.125 82.875 -0.21803
18.125 83.125 -0.053852
18.125 83.375 0.028422
18.125 83.625 0.56088
18.375 73.125 -0.41568
18.375 73.375 -0.29678
18.375 73.625 0.68614
18.375 73.875 0.28401
18.375 74.125 -0.25232
18.375 74.375 -0.38791
18.375 74.625 -0.59191
18.375 74.875 -0.49166
18.375 75.125 -0.056563
18.375 75.375 0.5711
18.375 75.625 0.28665
18.375 75.875 0.38996
18.375 76.125 1.2222
18.375 76.375 1.2761
18.375 76.625 0.8286
18.375 76.875 1.0536
18.375 77.125 1.3115
18.375 77.375 0.86521
18.375 77.625 0.028899
18.375 77.875 0.62825
18.375 78.125 1.2971
18.375 78.375 1.1646
18.375 78.625 0.52191
18.375 78.875 0.33911
18.375 79.125 1.1751
18.375 79.375 1.2089
18.375 79.625 0.90921
18.375 79.875 0.64616
18.375 80.125 0.77913
18.375 80.375 1.0567
18.375 80.625 0.88686
18.375 80.875 -0.06876
18.375 81.125 -0.2873
18.375 81.375 1.0036
18.375 81.625 0.67289
18.375 81.875 1.4365
18.375 82.125 0.25678
18.375 82.375 0.24122
18.375 82.625 0.032058
18.375 82.875 -1.1414
18.375 83.125 -0.23995
18.375 83.375 0.052466
18.375 83.625 0.059721
18.375 83.875 0.068229
18.625 73.125 -0.37756
18.625 73.375 0.095157
18.625 73.625 0.25484
18.625 73.875 0.62335
18.625 74.125 -0.064233
18.625 74.375 -0.71564
18.625 74.625 -0.67048
18.625 74.875 -0.40573
18.625 75.125 0.18267
18.625 75.375 0.052729
18.625 75.625 0.89129
18.625 75.875 0.93538
18.625 76.125 0.70938
18.625 76.375 0.89843
18.625 76.625 0.94011
18.625 76.875 1.0189
18.625 77.125 1.4773
18.625 77.375 0.51494
18.625 77.625 0.92115
18.625 77.875 1.3779
18.625 78.125 1.215
18.625 78.375 1.0608
18.625 78.625 -1.1784
18.625 78.875 0.26974
18.625 79.125 -0.30286
18.625 79.375 0.86036
18.625 79.625 -0.042448
18.625 79.875 0.51659
18.625 80.125 1.0059
18.625 80.375 1.3211
18.625 80.625 1.4605
18.625 80.875 1.1863
18.625 81.125 -0.38781
18.625 81.375 -0.23776
18.625 81.625 0.40696
18.625 81.875 0.39669
18.625 82.125 1.0202
18.625 82.375 1.5565
18.625 82.625 0.12341
18.625 82.875 -0.1649
18.625 83.125 -0.68721
18.625 83.375 -0.48439
18.625 83.625 -0.31399
18.625 83.875 -0.28042
18.625 84.125 -0.2998
18.875 73.125 -0.33401
18.875 73.375 0.24407
18.875 73.625 0.93758
18.875 73.875 0.81244
18.875 74.125 -0.53628
18.875 74.375 0.46326
18.875 74.625 0.2031
18.875 74.875 0.29317
18.875 75.125 -0.46298
18.875 75.375 1.0379
18.875 75.625 0.298
18.875 75.875 -0.36097
18.875 76.125 0.52857
18.875 76.375 0.43108
18.875 76.625 0.91132
18.875 76.875 1.3291
18.875 77.125 1.466
18.875 77.375 0.67843
18.875 77.625 1.5934
18.875 77.875 1.4544
18.875 78.125 1.1592
18.875 78.375 -1.8223
18.875 78.625 0.27197
18.875 78.875 0.30581
18.875 79.125 0.17432
18.875 79.375 1.041
18.875 79.625 0.45835
18.875 79.875 0.59317
18.875 80.125 1.4629
18.875 80.375 1.3625
18.875 80.625 1.4776
18.875 80.875 2.0685
18.875 81.125 0.72418
18.875 81.375 0.80434
18.875 81.625 -1.1128
18.875 81.875 0.77983
18.875 82.125 0.75839
18.875 82.375 1.3049
18.875 82.625 0.030389
18.875 82.875 0.19606
18.875 83.125 -0.62562
18.875 83.375 -0.48986
18.875 83.625 -0.27276
18.875 83.875 -0.2738
18.875 84.125 -0.48467
18.875 84.375 -0.92974
19.125 73.125 -0.46953
19.125 73.375 0.30082
19.125 73.625 0.34027
19.125 73.875 0.8325
19.125 74.125 0.66893
19.125 74.375 1.2049
19.125 74.625 0.45084
19.125 74.875 1.0238
19.125 75.125 0.34466
19.125 75.375 0.1281
19.125 75.625 -0.067246
19.125 75.875 -0.23655
19.125 76.125 0.52926
19.125 76.375 0.40108
19.125 76.625 0.51496
19.125 76.875 -0.11409
19.125 77.125 1.5311
19.125 77.375 0.52667
19.125 77.625 1.2368
19.125 77.875 1.0553
19.125 78.125 0.78608
19.125 78.375 0.46886
19.125 78.625 0.43558
19.125 78.875 0.65437
19.125 79.125 0.65198
19.125 79.375 0.75335
19.125 79.625 0.56754
19.125 79.875 -0.26682
19.125 80.125 1.4808
19.125 80.375 1.412
19.125 80.625 1.6608
19.125 80.875 1.4678
19.125 81.125 1.8852
19.125 81.375 -0.5762
19.125 81.625 -0.23872
19.125 81.875 -0.46051
19.125 82.125 0.77443
19.125 82.375 0.66909
19.125 82.625 0.032109
19.125 82.875 0.16839
19.125 83.125 -0.89383
19.125 83.375 -1.0855
19.125 83.625 -0.615
19.125 83.875 -0.38998
19.125 84.125 -0.54818
19.125 84.375 -1.2391
19.125 84.625 -1.2633
19.375 72.875 -0.17222
19.375 73.125 -0.27258
19.375 73.375 0.54523
19.375 73.625 1.1081
19.375 73.875 1.4742
19.375 74.125 1.434
19.375 74.375 1.2996
19.375 74.625 1.1423
19.375 74.875 1.4576
19.375 75.125 0.047375
19.375 75.375 -0.1315
19.375 75.625 -0.56665
19.375 75.875 -0.33172
19.375 76.125 0.25776
19.375 76.375 -0.33516
19.375 76.625 -0.89204
19.375 76.875 -1.6091
19.375 77.125 0.15881
19.375 77.375 0.31793
19.375 77.625 0.28874
19.375 77.875 0.23991
19.375 78.125 1.4901
19.375 78.375 0.69906
19.375 78.625 0.65956
19.375 78.875 0.25262
19.375 79.125 0.35569
19.375 79.375 0.74353
19.375 79.625 0.2732
19.375 79.875 -0.33889
19.375 80.125 -0.58536
19.375 80.375 -0.27732
19.375 80.625 1.5778
19.375 80.875 1.436
19.375 81.125 1.9507
19.375 81.375 -0.2113
19.375 81.625 -0.39657
19.375 81.875 0.472
19.375 82.125 1.0615
19.375 82.375 1.3295
19.375 82.625 0.76837
19.375 82.875 0.87237
19.375 83.125 -0.64342
19.375 83.375 -1.138
19.375 83.625 -0.8914
19.375 83.875 -0.68549
19.375 84.125 -0.74232
19.375 84.375 -0.73917
19.375 84.625 -0.81744
19.375 84.875 -0.35497
19.625 72.875 -0.15536
19.625 73.125 -0.1631
19.625 73.375 0.82569
19.625 73.625 1.3133
19.625 73.875 1.3689
19.625 74.125 0.71139
19.625 74.375 0.67577
19.625 74.625 0.54217
19.625 74.875 0.19123
19.625 75.125 -0.18826
19.625 75.375 -0.34912
19.625 75.625 -0.25023
19.625 75.875 0.12865
19.625 76.125 0.51546
19.625 76.375 -0.55425
19.625 76.625 -1.143
19.625 76.875 -2.104
19.625 77.125 -1.1134
19.625 77.375 0.26473
19.625 77.625 0.52208
19.625 77.875 0.32241
19.625 78.125 0.68069
19.625 78.375 1.1151
19.625 78.625 1.2335
19.625 78.875 0.65179
19.625 79.125 0.32387
19.625 79.375 -0.041426
19.625 79.625 -0.075643
19.625 79.875 -0.28383
19.625 80.125 -0.48714
19.625 80.375 -0.095594
19.625 80.625 0.83012
19.625 80.875 1.5544
19.625 81.125 1.9329
19.625 81.375 -0.32175
19.625 81.625 -0.48606
19.625 81.875 0.24779
19.625 82.125 0.52054
19.625 82.375 0.45233
19.625 82.625 0.68619
19.625 82.875 0.43538
19.625 83.125 0.83719
19.625 83.375 -0.43062
19.625 83.625 -0.088819
19.625 83.875 -0.32125
19.625 84.125 -0.27648
19.625 84.375 -0.32728
19.625 84.625 -0.33656
19.625 84.875 -0.7053
19.625 85.125 -1.5573
19.625 85.375 -1.1256
19.875 72.875 -0.086059
19.875 73.125 -0.20689
19.875 73.375 0.93781
19.875 73.625 2.0401
19.875 73.875 1.6562
19.875 74.125 0.86084
19.875 74.375 0.84646
19.875 74.625 0.62621
19.875 74.875 0.42638
19.875 75.125 -0.50768
19.875 75.375 -0.47562
19.875 75.625 0.062216
19.875 75.875 0.61808
19.875 76.125 0.90284
19.875 76.375 0.60662
19.875 76.625 -0.43951
19.875 76.875 -0.14566
19.875 77.125 0.20577
19.875 77.375 0.70073
19.875 77.625 0.85092
19.875 77.875 0.54866
19.875 78.125 0.57471
19.875 78.375 0.80994
19.875 78.625 0.89288
19.875 78.875 0.24794
19.875 79.125 0.16679
19.875 79.375 -0.10084
19.875 79.625 -0.05232
19.875 79.875 -0.076594
19.875 80.125 0.011779
19.875 80.375 -0.19835
19.875 80.625 0.30659
19.875 80.875 2.1143
19.875 81.125 0.5596
19.875 81.375 -1.218
19.875 81.625 0.12601
19.875 81.875 0.3289
19.875 82.125 0.30274
19.875 82.375 -0.086557
19.875 82.625 -0.14574
19.875 82.875 -0.56174
19.875 83.125 -0.38805
19.875 83.375 -0.55995
19.875 83.625 -0.19707
19.875 83.875 -0.67796
19.875 84.125 -0.025248
19.875 84.375 -0.048525
19.875 84.625 0.49012
19.875 84.875 -0.88066
19.875 85.125 -1.7951
19.875 85.375 -2.0795
NaN NaN NaN
NaN NaN NaN
NaN NaN NaN
20.125 72.875 -0.21861
20.125 73.125 -0.24769
20.125 73.375 0.62138
20.125 73.625 1.3116
20.125 73.875 1.1195
20.125 74.125 1.1664
20.125 74.375 0.91938
20.125 74.625 1.1107
20.125 74.875 0.41919
20.125 75.125 -0.082008
20.125 75.375 0.043037
20.125 75.625 -0.51895
20.125 75.875 -0.58736
20.125 76.125 0.85668
20.125 76.375 1.2394
20.125 76.625 0.39418
20.125 76.875 0.25938
20.125 77.125 0.3359
20.125 77.375 0.87716
20.125 77.625 1.0796
20.125 77.875 0.41821
20.125 78.125 0.41178
20.125 78.375 0.43864
20.125 78.625 0.22982
20.125 78.875 0.26337
20.125 79.125 0.043025
20.125 79.375 -0.15515
20.125 79.625 -0.18725
20.125 79.875 -0.10074
20.125 80.125 -0.10758
20.125 80.375 1.098
20.125 80.625 0.89339
20.125 80.875 1.4269
20.125 81.125 0.46622
20.125 81.375 0.32456
20.125 81.625 0.8741
20.125 81.875 1.0612
20.125 82.125 0.7054
20.125 82.375 -0.63375
20.125 82.625 -0.84147
20.125 82.875 -1.4701
20.125 83.125 -0.20394
20.125 83.375 -1.3533
20.125 83.625 -1.4775
20.125 83.875 1.2834
20.125 84.125 1.2152
20.125 84.375 -0.76866
20.125 84.625 -0.40069
20.125 84.875 -0.068996
20.125 85.125 1.325
20.125 85.375 -0.11448
20.125 85.625 -1.1365
20.125 85.875 -1.2886
20.125 86.125 -1.494
NaN NaN NaN
20.375 73.125 -0.2169
20.375 73.375 0.6342
20.375 73.625 1.0788
20.375 73.875 0.116
20.375 74.125 -0.2119
20.375 74.375 0.71553
20.375 74.625 0.21239
20.375 74.875 0.60249
20.375 75.125 1.3059
20.375 75.375 1.168
20.375 75.625 0.41982
20.375 75.875 0.028599
20.375 76.125 0.038158
20.375 76.375 -0.35594
20.375 76.625 0.40729
20.375 76.875 -0.13109
20.375 77.125 0.3486
20.375 77.375 0.24182
20.375 77.625 0.51025
20.375 77.875 -0.66528
20.375 78.125 0.16408
20.375 78.375 0.37355
20.375 78.625 0.55847
20.375 78.875 0.61424
20.375 79.125 0.32283
20.375 79.375 0.39767
20.375 79.625 0.6375
20.375 79.875 0.51681
20.375 80.125 0.74206
20.375 80.375 1.8682
20.375 80.625 1.8019
20.375 80.875 1.2637
20.375 81.125 0.54455
20.375 81.375 0.4367
20.375 81.625 1.0255
20.375 81.875 0.94748
20.375 82.125 1.0196
20.375 82.375 0.88883
20.375 82.625 -0.42816
20.375 82.875 -0.56531
20.375 83.125 -0.79221
20.375 83.375 -0.45815
20.375 83.625 -0.031202
20.375 83.875 -0.8345
20.375 84.125 -0.77186
20.375 84.375 -1.636
20.375 84.625 -0.83204
20.375 84.875 -0.88302
20.375 85.125 -0.95296
20.375 85.375 -0.76065
20.375 85.625 -0.40589
20.375 85.875 -1.0102
20.375 86.125 -0.42344
20.375 86.375 -0.75459
NaN NaN NaN
20.625 73.125 0.91795
20.625 73.375 1.8034
20.625 73.625 1.8667
20.625 73.875 1.8754
20.625 74.125 1.2583
20.625 74.375 1.6795
20.625 74.625 1.995
20.625 74.875 1.2389
20.625 75.125 1.1898
20.625 75.375 1.781
20.625 75.625 1.0828
20.625 75.875 -0.2426
20.625 76.125 -0.26789
20.625 76.375 -0.27643
20.625 76.625 -0.36043
20.625 76.875 -0.060856
20.625 77.125 -0.011794
20.625 77.375 0.25448
20.625 77.625 0.21284
20.625 77.875 0.44477
20.625 78.125 0.28979
20.625 78.375 0.36646
20.625 78.625 0.63185
20.625 78.875 1.4968
20.625 79.125 1.1521
20.625 79.375 0.34827
20.625 79.625 0.53981
20.625 79.875 0.54576
20.625 80.125 0.79681
20.625 80.375 1.1285
20.625 80.625 0.83966
20.625 80.875 0.96485
20.625 81.125 1.0049
20.625 81.375 0.5817
20.625 81.625 0.84218
20.625 81.875 1.072
20.625 82.125 1.6083
20.625 82.375 0.69491
20.625 82.625 -0.23493
20.625 82.875 0.54944
20.625 83.125 -0.29998
20.625 83.375 -0.060163
20.625 83.625 -0.43974
20.625 83.875 -0.88439
20.625 84.125 -1.6429
20.625 84.375 -1.4446
20.625 84.625 -0.46918
20.625 84.875 -0.60179
20.625 85.125 -0.77463
20.625 85.375 0.48593
20.625 85.625 -1.6736
20.625 85.875 -0.37075
20.625 86.125 -0.093297
20.625 86.375 -0.078026
20.625 86.625 -0.14836
NaN NaN NaN
20.875 70.625 2.1453
20.875 70.875 2.0864
20.875 71.125 1.9522
20.875 71.375 2.0307
20.875 72.875 1.7614
20.875 73.125 1.555
20.875 73.375 1.7277
20.875 73.625 1.5871
20.875 73.875 1.5214
20.875 74.125 1.7034
20.875 74.375 2.0885
20.875 74.625 1.9402
20.875 74.875 0.87727
20.875 75.125 1.1653
20.875 75.375 0.32241
20.875 75.625 -0.52573
20.875 75.875 0.41648
20.875 76.125 0.25025
20.875 76.375 -0.38037
20.875 76.625 0.052255
20.875 76.875 0.4557
20.875 77.125 0.25557
20.875 77.375 0.30095
20.875 77.625 0.93319
20.875 77.875 0.53531
20.875 78.125 0.40305
20.875 78.375 0.64571
20.875 78.625 0.23722
20.875 78.875 0.55064
20.875 79.125 0.54982
20.875 79.375 -0.13199
20.875 79.625 0.15923
20.875 79.875 0.19602
20.875 80.125 0.31408
20.875 80.375 0.32849
20.875 80.625 0.77242
20.875 80.875 1.0586
20.875 81.125 1.1104
20.875 81.375 0.084233
20.875 81.625 0.97302
20.875 81.875 0.50804
20.875 82.125 0.88087
20.875 82.375 0.9913
20.875 82.625 -0.68385
20.875 82.875 -0.85174
20.875 83.125 -0.27163
20.875 83.375 -0.8075
20.875 83.625 0.78104
20.875 83.875 -1.2527
20.875 84.125 -1.6579
20.875 84.375 -0.095395
20.875 84.625 -0.27134
20.875 84.875 -0.088134
20.875 85.125 0.2127
20.875 85.375 0.24638
20.875 85.625 -0.19895
20.875 85.875 -0.24073
20.875 86.125 0.46763
20.875 86.375 -0.33767
20.875 86.625 -0.179
21.125 70.375 1.9429
21.125 70.625 1.938
21.125 70.875 0.49717
21.125 71.125 0.68107
21.125 71.375 1.2683
NaN NaN NaN
NaN NaN NaN
21.125 72.875 1.6184
21.125 73.125 1.6952
21.125 73.375 2.1126
21.125 73.625 1.3879
21.125 73.875 0.91701
21.125 74.125 1.0664
21.125 74.375 0.76939
21.125 74.625 0.91212
21.125 74.875 1.4216
21.125 75.125 0.51472
21.125 75.375 1.6388
21.125 75.625 0.99274
21.125 75.875 1.2819
21.125 76.125 1.8961
21.125 76.375 0.96556
21.125 76.625 0.17796
21.125 76.875 0.39335
21.125 77.125 0.38044
21.125 77.375 0.60999
21.125 77.625 0.7333
21.125 77.875 0.6791
21.125 78.125 0.75881
21.125 78.375 0.72239
21.125 78.625 0.011646
21.125 78.875 0.43072
21.125 79.125 0.13421
21.125 79.375 -0.25612
21.125 79.625 0.37103
21.125 79.875 0.4755
21.125 80.125 0.5318
21.125 80.375 -0.49335
21.125 80.625 0.33542
21.125 80.875 0.41409
21.125 81.125 0.2186
21.125 81.375 0.49622
21.125 81.625 0.25082
21.125 81.875 0.42651
21.125 82.125 2.0808
21.125 82.375 0.60709
21.125 82.625 -0.19871
21.125 82.875 -0.13541
21.125 83.125 -0.2668
21.125 83.375 -0.28856
21.125 83.625 0.64022
21.125 83.875 -0.4081
21.125 84.125 -1.3182
21.125 84.375 -1.5921
21.125 84.625 -0.34533
21.125 84.875 0.58236
21.125 85.125 -0.21098
21.125 85.375 0.21664
21.125 85.625 0.35037
21.125 85.875 0.23938
21.125 86.125 -0.10661
21.125 86.375 -0.11236
21.125 86.625 -0.24334
21.375 70.125 1.2845
21.375 70.375 1.2521
21.375 70.625 1.9543
21.375 70.875 0.89492
21.375 71.125 -0.017677
21.375 71.375 0.17326
21.375 71.625 0.71945
21.375 71.875 1.2992
21.375 72.875 1.9306
21.375 73.125 2.2681
21.375 73.375 1.9928
21.375 73.625 1.284
21.375 73.875 0.96898
21.375 74.125 0.82007
21.375 74.375 1.217
21.375 74.625 1.3952
21.375 74.875 1.7274
21.375 75.125 1.4899
21.375 75.375 1.3567
21.375 75.625 1.0251
21.375 75.875 1.017
21.375 76.125 1.5305
21.375 76.375 1.2794
21.375 76.625 0.30072
21.375 76.875 0.41061
21.375 77.125 0.72848
21.375 77.375 1.2233
21.375 77.625 1.0822
21.375 77.875 0.49285
21.375 78.125 0.66101
21.375 78.375 0.70034
21.375 78.625 0.21802
21.375 78.875 0.30833
21.375 79.125 0.26485
21.375 79.375 -0.28078
21.375 79.625 -0.96694
21.375 79.875 0.044415
21.375 80.125 -0.8788
21.375 80.375 -0.76947
21.375 80.625 -0.22327
21.375 80.875 -1.2382
21.375 81.125 -1.6192
21.375 81.375 -0.02242
21.375 81.625 0.42615
21.375 81.875 0.66583
21.375 82.125 0.76429
21.375 82.375 0.83371
21.375 82.625 0.133
21.375 82.875 1.2536
21.375 83.125 1.1283
21.375 83.375 0.46799
21.375 83.625 0.44023
21.375 83.875 0.141
21.375 84.125 -0.16404
21.375 84.375 -0.71756
21.375 84.625 0.35195
21.375 84.875 0.61172
21.375 85.125 0.87821
21.375 85.375 0.65595
21.375 85.625 0.34157
21.375 85.875 -0.074268
21.375 86.125 0.038666
21.375 86.375 -0.20964
21.375 86.625 -0.55699
21.375 86.875 -0.5143
21.625 69.875 1.0928
21.625 70.125 0.75053
21.625 70.375 1.4241
21.625 70.625 1.6076
21.625 70.875 0.84098
21.625 71.125 -0.11597
21.625 71.375 1.5253
21.625 71.625 1.946
21.625 71.875 1.3091
21.625 72.125 1.0511
21.625 72.875 1.6706
21.625 73.125 1.064
21.625 73.375 1.1253
21.625 73.625 1.3177
21.625 73.875 0.9489
21.625 74.125 1.0245
21.625 74.375 1.5367
21.625 74.625 1.6238
21.625 74.875 1.6926
21.625 75.125 1.3005
21.625 75.375 0.91629
21.625 75.625 0.38742
21.625 75.875 0.4152
21.625 76.125 0.79749
21.625 76.375 0.1765
21.625 76.625 -0.78983
21.625 76.875 0.78962
21.625 77.125 1.1753
21.625 77.375 1.4436
21.625 77.625 0.73396
21.625 77.875 0.43838
21.625 78.125 0.45322
21.625 78.375 0.40062
21.625 78.625 0.08238
21.625 78.875 0.073618
21.625 79.125 0.10005
21.625 79.375 -0.15367
21.625 79.625 -0.34067
21.625 79.875 -0.35028
21.625 80.125 -0.11448
21.625 80.375 0.54108
21.625 80.625 -0.62157
21.625 80.875 -1.3984
21.625 81.125 -1.9293
21.625 81.375 -1.093
21.625 81.625 0.26723
21.625 81.875 0.58542
21.625 82.125 0.98215
21.625 82.375 0.57112
21.625 82.625 0.79255
21.625 82.875 1.0343
21.625 83.125 0.99264
21.625 83.375 0.91139
21.625 83.625 0.69199
21.625 83.875 1.4509
21.625 84.125 1.4472
21.625 84.375 1.6574
21.625 84.625 1.3604
21.625 84.875 1.2743
21.625 85.125 1.1705
21.625 85.375 1.6389
21.625 85.625 0.99238
21.625 85.875 0.97256
21.625 86.125 0.14527
21.625 86.375 0.13008
21.625 86.625 -0.78582
21.625 86.875 -0.72992
21.625 87.125 -0.10909
NaN NaN NaN
NaN NaN NaN
21.875 69.625 1.9084
21.875 69.875 1.7513
21.875 70.125 1.4423
21.875 70.375 1.6295
21.875 70.625 1.4995
21.875 70.875 0.38996
21.875 71.125 -0.31921
21.875 71.375 1.3703
21.875 71.625 1.6768
21.875 71.875 0.96608
21.875 72.125 0.55938
NaN NaN NaN
21.875 72.875 1.5274
21.875 73.125 0.68046
21.875 73.375 0.6421
21.875 73.625 0.84141
21.875 73.875 1.338
21.875 74.125 0.89059
21.875 74.375 0.8189
21.875 74.625 1.3031
21.875 74.875 0.98596
21.875 75.125 0.9702
21.875 75.375 0.078209
21.875 75.625 0.18771
21.875 75.875 0.52003
21.875 76.125 0.82595
21.875 76.375 0.25139
21.875 76.625 0.038159
21.875 76.875 0.63056
21.875 77.125 1.551
21.875 77.375 1.4701
21.875 77.625 0.56038
21.875 77.875 0.19072
21.875 78.125 0.27102
21.875 78.375 0.226
21.875 78.625 -0.001767
21.875 78.875 0.3241
21.875 79.125 -0.026231
21.875 79.375 0.21571
21.875 79.625 0.18961
21.875 79.875 0.12561
21.875 80.125 0.40394
21.875 80.375 0.35442
21.875 80.625 0.35796
21.875 80.875 -0.69979
21.875 81.125 -1.5658
21.875 81.375 -0.40532
21.875 81.625 1.0446
21.875 81.875 0.2348
21.875 82.125 1.6708
21.875 82.375 1.4762
21.875 82.625 0.23323
21.875 82.875 1.1143
21.875 83.125 1.0763
21.875 83.375 0.53163
21.875 83.625 0.3493
21.875 83.875 1.8667
21.875 84.125 1.7604
21.875 84.375 1.9134
21.875 84.625 1.4044
21.875 84.875 1.3102
21.875 85.125 1.0459
21.875 85.375 1.6177
21.875 85.625 0.36885
21.875 85.875 0.98565
21.875 86.125 0.30984
21.875 86.375 -0.023513
21.875 86.625 -0.68476
21.875 86.875 -0.63965
21.875 87.125 -0.048959
21.875 87.375 0.30694
21.875 87.625 -0.19079
21.875 87.875 -0.15615
21.875 88.375 -0.11771
NaN NaN NaN
NaN NaN NaN
22.125 69.125 1.9576
22.125 69.375 2.0506
22.125 69.625 1.9524
22.125 69.875 1.729
22.125 70.125 1.6396
22.125 70.375 1.2982
22.125 70.625 0.95158
22.125 70.875 1.1379
22.125 71.125 -0.21979
22.125 71.375 0.59538
22.125 71.625 1.0167
22.125 71.875 0.15028
22.125 72.125 0.5319
NaN NaN NaN
22.125 72.875 1.3129
22.125 73.125 0.77377
22.125 73.375 1.1762
22.125 73.625 1.3027
22.125 73.875 1.4541
22.125 74.125 1.4646
22.125 74.375 0.77748
22.125 74.625 0.6243
22.125 74.875 0.73291
22.125 75.125 0.71751
22.125 75.375 0.47184
22.125 75.625 0.29175
22.125 75.875 0.95282
22.125 76.125 0.83077
22.125 76.375 0.26273
22.125 76.625 0.72774
22.125 76.875 0.97131
22.125 77.125 1.039
22.125 77.375 0.99963
22.125 77.625 0.16688
22.125 77.875 0.093903
22.125 78.125 0.013006
22.125 78.375 0.020342
22.125 78.625 -0.23708
22.125 78.875 0.15469
22.125 79.125 -0.079449
22.125 79.375 -0.28059
22.125 79.625 0.19042
22.125 79.875 0.365
22.125 80.125 0.30439
22.125 80.375 0.40072
22.125 80.625 0.48149
22.125 80.875 -0.92586
22.125 81.125 -1.7929
22.125 81.375 1.3401
22.125 81.625 0.44503
22.125 81.875 0.39997
22.125 82.125 0.95551
22.125 82.375 -0.19811
22.125 82.625 0.10771
22.125 82.875 0.71687
22.125 83.125 -0.26226
22.125 83.375 -0.59614
22.125 83.625 0.2641
22.125 83.875 0.47194
22.125 84.125 1.4584
22.125 84.375 0.85612
22.125 84.625 1.4666
22.125 84.875 1.3216
22.125 85.125 1.2064
22.125 85.375 1.2966
22.125 85.625 0.31711
22.125 85.875 0.041606
22.125 86.125 0.75013
22.125 86.375 0.70617
22.125 86.625 0.39823
22.125 86.875 0.3398
22.125 87.125 0.31037
22.125 87.375 -0.088125
22.125 87.625 -0.060946
22.125 87.875 0.037473
22.125 88.125 0.50301
22.125 88.375 -0.0049541
NaN NaN NaN
22.375 69.125 2.012
22.375 69.875 0.79532
22.375 70.125 1.377
22.375 70.375 0.090143
22.375 70.625 0.62686
22.375 70.875 0.52065
22.375 71.125 0.9188
22.375 71.375 1.219
22.375 71.625 -0.46338
22.375 71.875 0.30507
22.375 72.125 0.44883
NaN NaN NaN
22.375 72.875 0.42477
22.375 73.125 0.9096
22.375 73.375 0.82866
22.375 73.625 1.7603
22.375 73.875 1.3273
22.375 74.125 1.2763
22.375 74.375 1.0562
22.375 74.625 0.81123
22.375 74.875 0.83571
22.375 75.125 1.0634
22.375 75.375 1.1554
22.375 75.625 1.0514
22.375 75.875 0.60268
22.375 76.125 0.91343
22.375 76.375 1.0093
22.375 76.625 1.4014
22.375 76.875 1.1592
22.375 77.125 1.1917
22.375 77.375 1.0321
22.375 77.625 0.64721
22.375 77.875 0.45931
22.375 78.125 0.25377
22.375 78.375 0.47103
22.375 78.625 -0.020087
22.375 78.875 0.10841
22.375 79.125 -0.055879
22.375 79.375 0.13957
22.375 79.625 0.12272
22.375 79.875 -0.010225
22.375 80.125 0.11372
22.375 80.375 -0.0095666
22.375 80.625 0.0081892
22.375 80.875 -0.36918
22.375 81.125 -0.31515
22.375 81.375 0.65346
22.375 81.625 0.53941
22.375 81.875 0.22024
22.375 82.125 0.00063173
22.375 82.375 -1.0834
22.375 82.625 -1.3124
22.375 82.875 -1.1655
22.375 83.125 -1.1553
22.375 83.375 -2.0656
22.375 83.625 -2.1561
22.375 83.875 -1.079
22.375 84.125 0.22924
22.375 84.375 0.9885
22.375 84.625 0.87492
22.375 84.875 0.8881
22.375 85.125 0.27638
22.375 85.375 0.42129
22.375 85.625 0.070601
22.375 85.875 -0.57906
22.375 86.125 -0.48071
22.375 86.375 0.10656
22.375 86.625 0.25361
22.375 86.875 0.42427
22.375 87.125 0.48678
22.375 87.375 0.1081
22.375 87.625 0.10519
22.375 87.875 1.1606
22.375 88.125 -0.35284
22.375 88.375 -0.2655
22.375 88.625 -0.31283
22.375 88.875 -0.31554
NaN NaN NaN
22.625 70.375 1.6963
22.625 70.625 1.7089
22.625 70.875 0.57606
22.625 71.125 0.80318
22.625 71.375 0.38348
22.625 71.625 -0.55387
22.625 71.875 -1.3401
22.625 72.125 -0.544
22.625 72.375 -0.085862
22.625 72.625 1.8481
22.625 72.875 0.32822
22.625 73.125 -0.19381
22.625 73.375 1.1518
22.625 73.625 0.47158
22.625 73.875 0.090306
22.625 74.125 1.0097
22.625 74.375 1.2257
22.625 74.625 1.0556
22.625 74.875 0.89805
22.625 75.125 1.0636
22.625 75.375 0.9519
22.625 75.625 0.69448
22.625 75.875 0.63819
22.625 76.125 1.0471
22.625 76.375 0.63433
22.625 76.625 1.2593
22.625 76.875 1.3084
22.625 77.125 1.4348
22.625 77.375 1.1876
22.625 77.625 0.56519
22.625 77.875 0.67719
22.625 78.125 0.55106
22.625 78.375 0.34523
22.625 78.625 0.25708
22.625 78.875 0.33242
22.625 79.125 0.19828
22.625 79.375 -0.02841
22.625 79.625 -0.069888
22.625 79.875 -0.093146
22.625 80.125 -0.051579
22.625 80.375 -0.46872
22.625 80.625 -0.62306
22.625 80.875 -0.52654
22.625 81.125 -0.043105
22.625 81.375 -0.49348
22.625 81.625 0.47463
22.625 81.875 0.61676
22.625 82.125 -0.026541
22.625 82.375 -2.082
22.625 82.625 -2.0714
22.625 82.875 -2.2607
22.625 83.125 -2.2902
22.625 83.375 -1.5722
22.625 83.625 -0.13515
22.625 83.875 -1.4954
22.625 84.125 -0.31801
22.625 84.375 0.35509
22.625 84.625 0.5919
22.625 84.875 0.16941
22.625 85.125 0.28204
22.625 85.375 0.33081
22.625 85.625 -0.89154
22.625 85.875 -0.62792
22.625 86.125 0.038447
22.625 86.375 0.08104
22.625 86.625 0.32871
22.625 86.875 0.43946
22.625 87.125 0.70009
22.625 87.375 0.59027
22.625 87.625 0.42575
22.625 87.875 0.86916
22.625 88.125 0.33933
22.625 88.375 -0.18782
22.625 88.625 -0.1104
22.625 88.875 -0.19482
22.625 92.625 -0.37748
22.625 92.875 1.368
NaN NaN NaN
NaN NaN NaN
NaN NaN NaN
22.875 70.625 1.4747
22.875 70.875 0.7839
22.875 71.125 -0.016903
22.875 71.375 -1.4326
22.875 71.625 -1.3449
22.875 71.875 -1.5201
22.875 72.125 -0.94706
22.875 72.375 0.37615
22.875 72.625 1.4659
22.875 72.875 0.50182
22.875 73.125 1.0061
22.875 73.375 0.96758
22.875 73.625 0.54818
22.875 73.875 0.54757
22.875 74.125 1.1568
22.875 74.375 1.2027
22.875 74.625 1.2179
22.875 74.875 1.1591
22.875 75.125 1.0134
22.875 75.375 0.88899
22.875 75.625 0.61884
22.875 75.875 0.49399
22.875 76.125 0.31371
22.875 76.375 0.46094
22.875 76.625 1.0018
22.875 76.875 0.99319
22.875 77.125 0.96949
22.875 77.375 0.54576
22.875 77.625 1.0009
22.875 77.875 0.66519
22.875 78.125 0.66527
22.875 78.375 0.36651
22.875 78.625 0.18179
22.875 78.875 0.18332
22.875 79.125 0.011962
22.875 79.375 -0.15057
22.875 79.625 -0.52804
22.875 79.875 -0.5826
22.875 80.125 -0.55068
22.875 80.375 -0.43401
22.875 80.625 -0.38435
22.875 80.875 -0.14177
22.875 81.125 -0.15272
22.875 81.375 -0.54058
22.875 81.625 -0.66167
22.875 81.875 -0.6366
22.875 82.125 -0.32437
22.875 82.375 -0.57473
22.875 82.625 -1.9439
22.875 82.875 -1.9577
22.875 83.125 -2.0957
22.875 83.375 -0.39415
22.875 83.625 0.14685
22.875 83.875 0.13704
22.875 84.125 -0.65072
22.875 84.375 -0.091418
22.875 84.625 -1.1392
22.875 84.875 1.0437
22.875 85.125 0.48277
22.875 85.375 1.1633
22.875 85.625 0.19709
22.875 85.875 -0.46091
22.875 86.125 -0.48498
22.875 86.375 0.22146
22.875 86.625 1.1302
22.875 86.875 1.2325
22.875 87.125 1.5217
22.875 87.375 1.5318
22.875 87.625 0.57539
22.875 87.875 -1.5844
22.875 88.125 0.49251
22.875 88.375 0.1832
22.875 88.625 -0.078949
22.875 92.625 -0.35387
22.875 92.875 0.86864
23.125 68.875 1.9405
23.125 69.125 2.1614
23.125 69.375 2.0174
23.125 69.625 1.6351
23.125 69.875 1.5491
23.125 70.125 1.1574
23.125 70.875 -0.054966
23.125 71.125 0.65239
23.125 71.375 -1.1773
23.125 71.625 -1.0504
23.125 71.875 -1.2844
23.125 72.125 0.034794
23.125 72.375 -0.43341
23.125 72.625 1.3816
23.125 72.875 0.78013
23.125 73.125 0.18537
23.125 73.375 1.1599
23.125 73.625 0.74496
23.125 73.875 0.82607
23.125 74.125 0.76647
23.125 74.375 0.84072
23.125 74.625 1.0999
23.125 74.875 1.0298
23.125 75.125 1.0118
23.125 75.375 1.027
23.125 75.625 0.6867
23.125 75.875 0.35449
23.125 76.125 0.35904
23.125 76.375 0.545
23.125 76.625 0.37518
23.125 76.875 0.33556
23.125 77.125 0.7482
23.125 77.375 0.75016
23.125 77.625 0.74163
23.125 77.875 1.1374
23.125 78.125 1.0744
23.125 78.375 0.55736
23.125 78.625 0.011985
23.125 78.875 -0.25152
23.125 79.125 -0.070432
23.125 79.375 0.063635
23.125 79.625 -0.50332
23.125 79.875 -0.38627
23.125 80.125 -0.51918
23.125 80.375 -0.42121
23.125 80.625 -0.25518
23.125 80.875 -0.048109
23.125 81.125 0.12352
23.125 81.375 -0.18003
23.125 81.625 -0.0948
23.125 81.875 0.01164
23.125 82.125 0.075914
23.125 82.375 0.55877
23.125 82.625 0.71695
23.125 82.875 -0.0076537
23.125 83.125 -1.5719
23.125 83.375 0.55569
23.125 83.625 1.5082
23.125 83.875 1.2681
23.125 84.125 -0.93624
23.125 84.375 -1.4866
23.125 84.625 0.16047
23.125 84.875 0.14444
23.125 85.125 0.58149
23.125 85.375 1.3267
23.125 85.625 0.42011
23.125 85.875 -0.5461
23.125 86.125 -0.51326
23.125 86.375 1.15
23.125 86.625 1.2475
23.125 86.875 1.1835
23.125 87.125 1.1905
23.125 87.375 2.1679
23.125 87.625 1.4442
23.125 87.875 -1.1198
23.125 88.125 -0.87844
23.125 88.375 -0.05378
23.125 88.625 0.62944
NaN NaN NaN
23.125 92.625 -0.26431
23.125 92.875 -0.1242
NaN NaN NaN
23.375 68.875 2.1252
23.375 69.125 2.2464
23.375 69.375 2.1673
23.375 69.625 1.8643
23.375 69.875 1.4856
23.375 70.125 0.94187
23.375 70.375 0.88666
23.375 70.625 0.94006
23.375 70.875 1.3027
23.375 71.125 1.0436
23.375 71.375 -0.0066752
23.375 71.625 -0.62293
23.375 71.875 0.15077
23.375 72.125 0.018171
23.375 72.375 0.32037
23.375 72.625 0.82311
23.375 72.875 1.1385
23.375 73.125 1.1823
23.375 73.375 1.0148
23.375 73.625 0.35815
23.375 73.875 0.17076
23.375 74.125 0.60745
23.375 74.375 0.69767
23.375 74.625 1.1562
23.375 74.875 1.2815
23.375 75.125 0.92357
23.375 75.375 1.1346
23.375 75.625 0.78783
23.375 75.875 0.74886
23.375 76.125 0.90781
23.375 76.375 1.0175
23.375 76.625 1.2012
23.375 76.875 1.2529
23.375 77.125 0.97856
23.375 77.375 0.79483
23.375 77.625 0.28271
23.375 77.875 0.73109
23.375 78.125 0.69218
23.375 78.375 0.24508
23.375 78.625 0.12068
23.375 78.875 0.19067
23.375 79.125 -0.05132
23.375 79.375 0.11427
23.375 79.625 0.43923
23.375 79.875 0.19492
23.375 80.125 -0.42272
23.375 80.375 -0.33443
23.375 80.625 -0.20421
23.375 80.875 -0.097605
23.375 81.125 -0.032096
23.375 81.375 -0.047153
23.375 81.625 0.80829
23.375 81.875 0.54701
23.375 82.125 0.88807
23.375 82.375 0.14129
23.375 82.625 0.14137
23.375 82.875 -0.54438
23.375 83.125 1.051
23.375 83.375 1.3904
23.375 83.625 1.4552
23.375 83.875 -0.34409
23.375 84.125 -0.68333
23.375 84.375 -0.64867
23.375 84.625 -0.024895
23.375 84.875 -0.032549
23.375 85.125 0.58249
23.375 85.375 0.80676
23.375 85.625 1.0561
23.375 85.875 -0.84408
23.375 86.125 -0.75933
23.375 86.375 0.33096
23.375 86.625 0.32676
23.375 86.875 0.41455
23.375 87.125 0.72367
23.375 87.375 0.43695
23.375 87.625 1.1934
23.375 87.875 -0.24002
23.375 88.125 -1.8503
23.375 88.375 -0.64992
23.375 88.625 0.10496
23.375 91.375 0.093993
23.375 91.625 -0.14295
23.375 92.625 -0.14893
23.375 92.875 -0.42011
23.375 93.125 -1.1778
23.625 68.625 1.9593
23.625 68.875 2.0282
23.625 69.125 2.0972
23.625 69.375 2.0171
23.625 69.625 1.742
23.625 69.875 1.1246
23.625 70.125 1.1182
23.625 70.375 1.1075
23.625 70.625 1.2273
23.625 70.875 1.3596
23.625 71.125 1.169
23.625 71.375 0.8907
23.625 71.625 -0.4574
23.625 71.875 -0.47714
23.625 72.125 0.1991
23.625 72.375 0.095659
23.625 72.625 1.1459
23.625 72.875 1.2731
23.625 73.125 1.1741
23.625 73.375 0.53039
23.625 73.625 0.51825
23.625 73.875 0.63792
23.625 74.125 0.90251
23.625 74.375 0.74932
23.625 74.625 1.2253
23.625 74.875 1.2341
23.625 75.125 0.5507
23.625 75.375 1.1697
23.625 75.625 1.2703
23.625 75.875 1.2541
23.625 76.125 1.3967
23.625 76.375 1.441
23.625 76.625 1.6378
23.625 76.875 1.6693
23.625 77.125 1.2972
23.625 77.375 0.89231
23.625 77.625 0.22108
23.625 77.875 0.59628
23.625 78.125 0.31315
23.625 78.375 0.079497
23.625 78.625 -0.10343
23.625 78.875 -0.19311
23.625 79.125 -0.22602
23.625 79.375 0.047189
23.625 79.625 0.40573
23.625 79.875 0.51934
23.625 80.125 -0.048891
23.625 80.375 -0.25569
23.625 80.625 -0.19962
23.625 80.875 -0.25533
23.625 81.125 -0.27828
23.625 81.375 0.061053
23.625 81.625 0.45852
23.625 81.875 0.48439
23.625 82.125 0.60653
23.625 82.375 0.65264
23.625 82.625 0.83815
23.625 82.875 0.44363
23.625 83.125 1.7246
23.625 83.375 1.6533
23.625 83.625 0.66835
23.625 83.875 0.27058
23.625 84.125 -0.25381
23.625 84.375 -0.00083503
23.625 84.625 -0.067044
23.625 84.875 -0.49013
23.625 85.125 -0.37835
23.625 85.375 0.31347
23.625 85.625 0.37105
23.625 85.875 1.2674
23.625 86.125 -1.4686
23.625 86.375 0.63846
23.625 86.625 0.7122
23.625 86.875 0.4184
23.625 87.125 0.14542
23.625 87.375 0.39077
23.625 87.625 -0.084055
23.625 87.875 0.36368
23.625 88.125 -1.3729
23.625 88.375 -1.2647
23.625 91.375 -0.19881
23.625 91.625 -0.606
NaN NaN NaN
23.625 92.375 -0.43728
23.625 92.625 -0.27848
23.625 92.875 -0.77027
23.625 93.125 -1.3216
23.875 68.875 1.5
23.875 69.125 1.5054
23.875 69.375 1.6747
23.875 69.625 1.6749
23.875 69.875 1.4373
23.875 70.125 0.92121
23.875 70.375 0.83682
23.875 70.625 0.92209
23.875 70.875 0.7891
23.875 71.125 0.86267
23.875 71.375 1.0721
23.875 71.625 0.78673
23.875 71.875 0.71272
23.875 72.125 0.99107
23.875 72.375 0.95122
23.875 72.625 1.196
23.875 72.875 1.2675
23.875 73.125 1.44
23.875 73.375 1.4292
23.875 73.625 0.75513
23.875 73.875 1.4667
23.875 74.125 1.4694
23.875 74.375 1.3602
23.875 74.625 1.4696
23.875 74.875 1.1708
23.875 75.125 0.89143
23.875 75.375 0.92142
23.875 75.625 1.2157
23.875 75.875 1.1003
23.875 76.125 1.2556
23.875 76.375 1.3265
23.875 76.625 1.4977
23.875 76.875 1.5597
23.875 77.125 1.266
23.875 77.375 0.9947
23.875 77.625 0.7306
23.875 77.875 0.74028
23.875 78.125 0.2077
23.875 78.375 -0.15738
23.875 78.625 -0.22372
23.875 78.875 -0.41054
23.875 79.125 -0.277
23.875 79.375 0.20788
23.875 79.625 0.3238
23.875 79.875 0.45581
23.875 80.125 0.061877
23.875 80.375 -0.55023
23.875 80.625 -0.33359
23.875 80.875 -0.34526
23.875 81.125 -0.61586
23.875 81.375 -0.15289
23.875 81.625 0.26928
23.875 81.875 0.4466
23.875 82.125 0.36137
23.875 82.375 0.73439
23.875 82.625 0.71446
23.875 82.875 0.6012
23.875 83.125 1.0157
23.875 83.375 -0.9764
23.875 83.625 -0.91307
23.875 83.875 -0.21775
23.875 84.125 0.21496
23.875 84.375 -0.11882
23.875 84.625 -0.23449
23.875 84.875 -1.0248
23.875 85.125 -1.3741
23.875 85.375 -0.69284
23.875 85.625 -0.092876
23.875 85.875 0.43001
23.875 86.125 0.036506
23.875 86.375 0.81221
23.875 86.625 0.39487
23.875 86.875 0.92478
23.875 87.125 0.39778
23.875 87.375 0.30409
23.875 87.625 -0.45087
23.875 87.875 -0.32031
23.875 88.125 -0.73351
23.875 88.375 -0.87149
23.875 91.375 -0.42496
23.875 91.625 -0.097356
23.875 91.875 0.69753
23.875 92.125 0.087799
23.875 92.375 0.13368
23.875 92.625 -0.21709
23.875 92.875 -1.2676
23.875 93.125 -1.5971
23.875 93.375 -1.5427
24.125 68.875 1.4636
24.125 69.125 1.4559
24.125 69.375 1.6336
24.125 69.625 1.7136
24.125 69.875 1.3206
24.125 70.125 1.1563
24.125 70.375 1.1278
24.125 70.625 0.98869
24.125 70.875 0.77609
24.125 71.125 0.61065
24.125 71.375 0.26027
24.125 71.625 0.58362
24.125 71.875 0.78243
24.125 72.125 1.1514
24.125 72.375 1.1461
24.125 72.625 1.3271
24.125 72.875 1.2932
24.125 73.125 1.8088
24.125 73.375 1.9299
24.125 73.625 1.3359
24.125 73.875 1.6235
24.125 74.125 2.105
24.125 74.375 1.8551
24.125 74.625 1.7967
24.125 74.875 0.48734
24.125 75.125 0.14481
24.125 75.375 0.69332
24.125 75.625 0.90546
24.125 75.875 0.16208
24.125 76.125 0.36722
24.125 76.375 1.1102
24.125 76.625 1.4227
24.125 76.875 1.6068
24.125 77.125 1.5422
24.125 77.375 1.474
24.125 77.625 1.2393
24.125 77.875 0.47934
24.125 78.125 -0.13879
24.125 78.375 -0.13199
24.125 78.625 -0.1286
24.125 78.875 -0.42259
24.125 79.125 -0.13066
24.125 79.375 0.10403
24.125 79.625 -0.55272
24.125 79.875 -0.085331
24.125 80.125 -0.83155
24.125 80.375 -0.92871
24.125 80.625 -0.43329
24.125 80.875 -0.13439
24.125 81.125 -0.33895
24.125 81.375 -0.34399
24.125 81.625 0.13184
24.125 81.875 0.51688
24.125 82.125 0.53384
24.125 82.375 0.75762
24.125 82.625 0.51265
24.125 82.875 -0.20511
24.125 83.125 0.21009
24.125 83.375 -1.2956
24.125 83.625 -1.3542
24.125 83.875 -0.89
24.125 84.125 -0.0048833
24.125 84.375 -0.42985
24.125 84.625 -0.98604
24.125 84.875 -1.0416
24.125 85.125 -1.7454
24.125 85.375 -0.46798
24.125 85.625 -0.44584
24.125 85.875 0.65927
24.125 86.125 -0.37586
24.125 86.375 -0.93952
24.125 86.625 -0.23645
24.125 86.875 -0.48023
24.125 87.125 -0.75108
24.125 87.375 -0.60627
24.125 87.625 -0.76355
24.125 87.875 -0.18282
24.125 88.125 -0.30936
24.125 88.375 -0.25054
24.125 91.875 1.4666
24.125 92.125 1.1928
24.125 92.375 0.75259
24.125 92.625 0.015675
24.125 92.875 -1.4102
24.125 93.125 -1.7459
24.125 93.375 -1.6183
24.125 93.625 -1.7299
24.125 93.875 -1.671
NaN NaN NaN
24.375 71.375 0.30407
24.375 71.625 0.81899
24.375 71.875 0.98834
24.375 72.125 1.1893
24.375 72.375 0.464
24.375 72.625 0.8776
24.375 72.875 1.1801
24.375 73.125 1.8669
24.375 73.375 1.7398
24.375 73.625 1.7163
24.375 73.875 1.8958
24.375 74.125 1.9234
24.375 74.375 1.2267
24.375 74.625 1.8447
24.375 74.875 1.5537
24.375 75.125 1.4767
24.375 75.375 1.4975
24.375 75.625 1.2183
24.375 75.875 -0.19129
24.375 76.125 0.24101
24.375 76.375 1.1448
24.375 76.625 1.4296
24.375 76.875 1.5582
24.375 77.125 1.488
24.375 77.375 1.5472
24.375 77.625 1.441
24.375 77.875 1.0302
24.375 78.125 0.62774
24.375 78.375 0.49485
24.375 78.625 0.058431
24.375 78.875 0.029145
24.375 79.125 -0.013977
24.375 79.375 -0.21736
24.375 79.625 -0.60824
24.375 79.875 -0.57689
24.375 80.125 -1.1686
24.375 80.375 -0.67292
24.375 80.625 -0.36794
24.375 80.875 -0.19984
24.375 81.125 -0.46462
24.375 81.375 -0.44271
24.375 81.625 0.11431
24.375 81.875 0.49591
24.375 82.125 0.38921
24.375 82.375 0.5098
24.375 82.625 0.88282
24.375 82.875 0.42948
24.375 83.125 -0.27157
24.375 83.375 -0.44188
24.375 83.625 -0.82339
24.375 83.875 -1.0782
24.375 84.125 -0.69027
24.375 84.375 0.46753
24.375 84.625 0.37168
24.375 84.875 -0.066259
24.375 85.125 0.52124
24.375 85.375 1.844
24.375 85.625 1.2293
24.375 85.875 -1.3447
24.375 86.125 -0.63193
24.375 86.375 -0.63296
24.375 86.625 -0.68727
24.375 86.875 -0.60267
24.375 87.125 -0.6929
24.375 87.375 -0.93022
24.375 87.625 -0.57567
24.375 87.875 -0.49048
24.375 88.125 -0.27685
24.375 92.375 0.84323
24.375 92.625 -0.10275
24.375 92.875 -1.6121
24.375 93.125 -1.6195
24.375 93.375 -1.3837
24.375 93.625 -1.4197
24.375 93.875 -1.3325
24.375 94.125 -1.1033
24.625 71.125 0.2851
24.625 71.375 0.31495
24.625 71.625 0.80528
24.625 71.875 0.94897
24.625 72.125 0.66103
24.625 72.375 0.65799
24.625 72.625 1.1298
24.625 72.875 1.3559
24.625 73.125 2.0514
24.625 73.375 1.7067
24.625 73.625 1.6906
24.625 73.875 1.6222
24.625 74.125 1.3335
24.625 74.375 1.2838
24.625 74.625 1.7036
24.625 74.875 1.9043
24.625 75.125 1.8946
24.625 75.375 1.7437
24.625 75.625 1.5934
24.625 75.875 0.042475
24.625 76.125 0.96731
24.625 76.375 1.3382
24.625 76.625 1.3362
24.625 76.875 1.4585
24.625 77.125 1.5501
24.625 77.375 1.6998
24.625 77.625 1.7197
24.625 77.875 1.2589
24.625 78.125 0.84694
24.625 78.375 0.65909
24.625 78.625 0.19087
24.625 78.875 0.087079
24.625 79.125 -0.086731
24.625 79.375 -0.24882
24.625 79.625 -0.3918
24.625 79.875 -0.40834
24.625 80.125 -0.29731
24.625 80.375 -0.25613
24.625 80.625 -0.043686
24.625 80.875 -0.58165
24.625 81.125 -0.96242
24.625 81.375 -0.34987
24.625 81.625 0.14468
24.625 81.875 0.50315
24.625 82.125 -0.32989
24.625 82.375 -0.71552
24.625 82.625 1.0138
24.625 82.875 1.145
24.625 83.125 -0.092211
24.625 83.375 -0.1529
24.625 83.625 0.47268
24.625 83.875 0.24485
24.625 84.125 0.87872
24.625 84.375 1.0931
24.625 84.625 0.12284
24.625 84.875 0.13925
24.625 85.125 0.3269
24.625 85.375 0.78667
24.625 85.625 -0.18123
24.625 85.875 -0.97457
24.625 86.125 -0.80771
24.625 86.375 -0.27269
24.625 86.625 0.22982
24.625 86.875 -0.20371
24.625 87.125 -0.25317
24.625 87.375 -0.34612
24.625 87.625 -0.18508
24.625 87.875 0.072949
24.625 92.375 0.97238
24.625 92.625 0.2439
24.625 92.875 -0.92943
24.625 93.125 -0.23337
24.625 93.375 0.4208
24.625 93.625 -0.83168
24.625 93.875 -1.0067
24.625 94.125 -1.0163
NaN NaN NaN
24.875 71.125 0.059234
24.875 71.375 -0.067708
24.875 71.625 0.28198
24.875 71.875 -0.19174
24.875 72.125 0.24642
24.875 72.375 0.52832
24.875 72.625 1.1415
24.875 72.875 1.6799
24.875 73.125 2.0691
24.875 73.375 2.0848
24.875 73.625 1.5488
24.875 73.875 1.4254
24.875 74.125 1.3975
24.875 74.375 1.478
24.875 74.625 1.6569
24.875 74.875 1.7836
24.875 75.125 1.6424
24.875 75.375 1.59
24.875 75.625 1.2828
24.875 75.875 1.4463
24.875 76.125 1.7088
24.875 76.375 1.4996
24.875 76.625 1.5216
24.875 76.875 1.7199
24.875 77.125 1.6016
24.875 77.375 1.6341
24.875 77.625 1.7162
24.875 77.875 1.2846
24.875 78.125 0.84294
24.875 78.375 0.85403
24.875 78.625 0.57782
24.875 78.875 0.6601
24.875 79.125 0.20398
24.875 79.375 0.053008
24.875 79.625 -0.11136
24.875 79.875 0.030874
24.875 80.125 -0.22258
24.875 80.375 0.29893
24.875 80.625 0.33746
24.875 80.875 -0.35933
24.875 81.125 -0.94309
24.875 81.375 -0.82551
24.875 81.625 0.069259
24.875 81.875 0.16026
24.875 82.125 -0.51341
24.875 82.375 -0.78797
24.875 82.625 0.86895
24.875 82.875 -0.85471
24.875 83.125 -0.4275
24.875 83.375 -0.99278
24.875 83.625 0.24242
24.875 83.875 -0.21627
24.875 84.125 0.078992
24.875 84.375 -2.1118
24.875 84.625 -1.8433
24.875 84.875 0.5481
24.875 85.125 0.039401
24.875 85.375 -0.30394
24.875 85.625 0.21256
24.875 85.875 0.050456
24.875 86.125 -0.78814
24.875 86.375 0.0040388
24.875 86.625 0.15823
24.875 86.875 -0.19281
24.875 87.125 -0.65546
24.875 87.375 -0.021026
24.875 87.625 0.53743
24.875 87.875 0.84824
24.875 88.125 2.1447
24.875 92.625 -0.12877
24.875 92.875 -0.1275
24.875 93.125 1.0712
24.875 93.375 0.48184
24.875 93.625 -0.19534
24.875 93.875 -0.34225
24.875 94.125 -0.51599
24.875 94.375 -0.3751
25.125 71.125 0.54426
25.125 71.375 0.74632
25.125 71.625 0.273
25.125 71.875 0.24155
25.125 72.125 0.66634
25.125 72.375 1.7939
25.125 72.625 1.9582
25.125 72.875 1.9632
25.125 73.125 2.0115
25.125 73.375 2.3818
25.125 73.625 1.7962
25.125 73.875 1.2234
25.125 74.125 1.2161
25.125 74.375 1.5549
25.125 74.625 1.7155
25.125 74.875 1.2538
25.125 75.125 1.3351
25.125 75.375 1.3858
25.125 75.625 1.4877
25.125 75.875 1.3605
25.125 76.125 1.5805
25.125 76.375 1.6137
25.125 76.625 1.7979
25.125 76.875 1.8187
25.125 77.125 1.6675
25.125 77.375 1.7561
25.125 77.625 1.85
25.125 77.875 2.0261
25.125 78.125 1.2732
25.125 78.375 0.87654
25.125 78.625 0.44611
25.125 78.875 -0.14023
25.125 79.125 0.081223
25.125 79.375 0.43698
25.125 79.625 0.42009
25.125 79.875 0.42101
25.125 80.125 -0.063
25.125 80.375 0.32587
25.125 80.625 0.061475
25.125 80.875 -0.09503
25.125 81.125 -1.0479
25.125 81.375 -0.18701
25.125 81.625 -1.7941
25.125 81.875 -0.72077
25.125 82.125 0.18123
25.125 82.375 0.66366
25.125 82.625 0.59569
25.125 82.875 -1.3115
25.125 83.125 -1.2389
25.125 83.375 -1.3214
25.125 83.625 0.099191
25.125 83.875 -0.64361
25.125 84.125 -0.31877
25.125 84.375 -1.9555
25.125 84.625 -0.41922
25.125 84.875 -1.1615
25.125 85.125 -0.90986
25.125 85.375 0.52236
25.125 85.625 -0.56393
25.125 85.875 0.039058
25.125 86.125 0.16576
25.125 86.375 0.42672
25.125 86.625 0.72166
25.125 86.875 -0.90589
25.125 87.125 0.4717
25.125 87.375 0.35175
25.125 87.625 1.2669
25.125 87.875 1.7056
25.125 88.125 2.2485
25.125 88.375 2.2627
25.125 92.375 -0.59946
25.125 92.625 -0.56293
25.125 92.875 -0.21465
25.125 93.125 1.1334
25.125 93.375 0.35098
25.125 93.625 0.24753
25.125 93.875 -0.051916
25.125 94.125 0.076276
25.125 94.375 -0.040896
25.375 70.875 1.0822
25.375 71.125 0.74585
25.375 71.375 0.76734
25.375 71.625 1.0699
25.375 71.875 0.91944
25.375 72.125 1.1489
25.375 72.375 2.1134
25.375 72.625 2.16
25.375 72.875 2.1562
25.375 73.125 2.2576
25.375 73.375 2.3516
25.375 73.625 2.2456
25.375 73.875 1.3622
25.375 74.125 1.4052
25.375 74.375 1.8126
25.375 74.625 1.7854
25.375 74.875 1.5593
25.375 75.125 1.5571
25.375 75.375 1.7641
25.375 75.625 1.7828
25.375 75.875 1.6776
25.375 76.125 1.8376
25.375 76.375 1.8144
25.375 76.625 1.3589
25.375 76.875 1.2598
25.375 77.125 1.5342
25.375 77.375 1.5219
25.375 77.625 1.7915
25.375 77.875 2.0972
25.375 78.125 1.3083
25.375 78.375 1.071
25.375 78.625 -0.64098
25.375 78.875 -1.7562
25.375 79.125 -0.72777
25.375 79.375 0.52597
25.375 79.625 0.6295
25.375 79.875 1.2221
25.375 80.125 0.89802
25.375 80.375 0.048113
25.375 80.625 0.42231
25.375 80.875 -1.1197
25.375 81.125 -0.96423
25.375 81.375 -0.012529
25.375 81.625 -0.28171
25.375 81.875 -1.8577
25.375 82.125 -1.626
25.375 82.375 -0.68046
25.375 82.625 -0.52191
25.375 82.875 -1.6013
25.375 83.125 -0.93124
25.375 83.375 0.40043
25.375 83.625 1.2254
25.375 83.875 1.2928
25.375 84.125 0.39912
25.375 84.375 -0.76827
25.375 84.625 -0.77023
25.375 84.875 -0.2677
25.375 85.125 -0.41255
25.375 85.375 0.12989
25.375 85.625 1.666
25.375 85.875 0.77009
25.375 86.125 0.78657
25.375 86.375 0.9256
25.375 86.625 1.2661
25.375 86.875 0.080814
25.375 87.125 0.24868
25.375 87.375 0.59991
25.375 87.625 1.7678
25.375 87.875 2.0009
25.375 88.125 2.2302
25.375 88.375 2.1524
25.375 88.625 1.9728
25.375 90.125 0.40311
25.375 90.375 0.016926
25.375 90.625 -0.42295
25.375 90.875 -0.56056
25.375 91.125 -0.16897
25.375 91.375 -0.48367
25.375 91.625 -0.63716
25.375 91.875 -0.7243
25.375 92.125 -0.78009
25.375 92.375 -0.86222
25.375 92.625 -0.21064
25.375 92.875 0.66456
25.375 93.125 0.15638
25.375 93.375 0.017932
25.375 93.625 0.41259
25.375 93.875 0.30022
25.375 94.125 0.74217
25.375 94.375 0.8604
25.625 70.875 1.4327
25.625 71.125 0.34314
25.625 71.375 0.81413
25.625 71.625 1.1628
25.625 71.875 1.3729
25.625 72.125 1.5873
25.625 72.375 1.5167
25.625 72.625 2.0362
25.625 72.875 2.1484
25.625 73.125 2.1345
25.625 73.375 2.3504
25.625 73.625 2.2974
25.625 73.875 1.8124
25.625 74.125 1.2146
25.625 74.375 1.6911
25.625 74.625 1.6812
25.625 74.875 1.6699
25.625 75.125 1.6446
25.625 75.375 1.6851
25.625 75.625 1.869
25.625 75.875 1.5928
25.625 76.125 1.67
25.625 76.375 1.8023
25.625 76.625 1.2156
25.625 76.875 0.91403
25.625 77.125 1.2246
25.625 77.375 1.5857
25.625 77.625 1.5987
25.625 77.875 1.7958
25.625 78.125 1.3829
25.625 78.375 0.46058
25.625 78.625 -0.68589
25.625 78.875 -1.3605
25.625 79.125 0.58519
25.625 79.375 0.7148
25.625 79.625 1.1666
25.625 79.875 1.4034
25.625 80.125 0.98094
25.625 80.375 -0.060805
25.625 80.625 -1.6912
25.625 80.875 -1.8844
25.625 81.125 -0.56923
25.625 81.375 -0.57465
25.625 81.625 -0.46938
25.625 81.875 -0.026828
25.625 82.125 -1.596
25.625 82.375 0.052363
25.625 82.625 -1.3215
25.625 82.875 -2.1034
25.625 83.125 -1.3864
25.625 83.375 -1.2738
25.625 83.625 1.4172
25.625 83.875 0.47855
25.625 84.125 -2.1402
25.625 84.375 -1.2244
25.625 84.625 0.45344
25.625 84.875 -0.11328
25.625 85.125 -0.74802
25.625 85.375 0.23924
25.625 85.625 1.1937
25.625 85.875 0.60448
25.625 86.125 -0.3765
25.625 86.375 -0.13945
25.625 86.625 -1.7623
25.625 86.875 1.0537
25.625 87.125 1.3503
25.625 87.375 0.21326
25.625 87.625 0.95778
25.625 87.875 1.2822
25.625 88.125 2.1844
25.625 90.125 1.2997
25.625 90.375 0.96304
25.625 90.625 0.4027
25.625 90.875 0.16408
25.625 91.125 1.0189
25.625 91.375 0.51041
25.625 91.625 0.092488
25.625 91.875 -0.27709
25.625 92.125 -0.61141
25.625 92.375 -0.33544
25.625 92.625 0.050222
25.625 92.875 0.37563
25.625 93.125 -0.31603
25.625 93.375 -0.60424
25.625 93.625 0.061872
25.625 93.875 0.95173
25.625 94.125 1.3476
25.625 94.375 1.3472
NaN NaN NaN
NaN NaN NaN
25.875 70.375 1.5063
25.875 70.625 0.65323
25.875 70.875 0.5771
25.875 71.125 0.92903
25.875 71.375 1.0445
25.875 71.625 1.5394
25.875 71.875 1.4096
25.875 72.125 1.4398
25.875 72.375 1.6031
25.875 72.625 1.6926
25.875 72.875 1.8933
25.875 73.125 2.3649
25.875 73.375 2.2976
25.875 73.625 2.053
25.875 73.875 2.0564
25.875 74.125 1.6432
25.875 74.375 1.4376
25.875 74.625 1.7852
25.875 74.875 1.7115
25.875 75.125 1.7136
25.875 75.375 1.6968
25.875 75.625 1.6691
25.875 75.875 1.7028
25.875 76.125 1.6667
25.875 76.375 1.634
25.875 76.625 1.0059
25.875 76.875 0.96521
25.875 77.125 1.5651
25.875 77.375 1.7766
25.875 77.625 1.8126
25.875 77.875 1.3977
25.875 78.125 1.5987
25.875 78.375 1.2571
25.875 78.625 0.96063
25.875 78.875 -0.302
25.875 79.125 0.88083
25.875 79.375 0.014743
25.875 79.625 -0.11994
25.875 79.875 0.46843
25.875 80.125 0.049064
25.875 80.375 -1.4101
25.875 80.625 -1.3262
25.875 80.875 -1.4777
25.875 81.125 -1.6028
25.875 81.375 -0.0011092
25.875 81.625 0.21604
25.875 81.875 0.18071
25.875 82.125 -2.1348
25.875 82.375 -1.5676
25.875 82.625 -2.0928
25.875 82.875 -0.71491
25.875 83.125 -1.4884
25.875 83.375 -2.0419
25.875 83.625 -0.10131
25.875 83.875 -1.8795
25.875 84.125 1.3782
25.875 84.375 -1.058
25.875 84.625 -0.81105
25.875 84.875 -0.16721
25.875 85.125 0.51823
25.875 85.375 1.5406
25.875 85.625 0.86023
25.875 85.875 0.47007
25.875 86.125 1.0256
25.875 86.375 0.33018
25.875 86.625 0.89278
25.875 86.875 1.6069
25.875 87.125 1.0004
25.875 87.375 0.29128
25.875 87.625 -0.18211
25.875 87.875 -0.39282
25.875 90.125 0.22335
25.875 90.375 0.81833
25.875 90.625 0.84434
25.875 90.875 0.43049
25.875 91.125 0.60023
25.875 91.375 0.58524
25.875 91.625 -0.3576
25.875 91.875 -0.86994
25.875 92.125 -1.1333
25.875 92.375 -0.48901
25.875 92.625 0.37389
25.875 92.875 0.44287
25.875 93.125 -1.1292
25.875 93.375 -1.1183
25.875 93.625 0.12208
25.875 93.875 1.2134
25.875 94.125 1.2286
25.875 94.375 1.0775
25.875 94.625 0.5711
25.875 94.875 0.10228
26.125 70.375 1.5954
26.125 70.625 1.0148
26.125 70.875 0.97438
26.125 71.125 0.66047
26.125 71.375 0.83803
26.125 71.625 1.4536
26.125 71.875 1.6346
26.125 72.125 1.5244
26.125 72.375 1.2478
26.125 72.625 1.5309
26.125 72.875 1.4567
26.125 73.125 1.6407
26.125 73.375 1.8145
26.125 73.625 1.5512
26.125 73.875 1.7294
26.125 74.125 1.9978
26.125 74.375 1.9268
26.125 74.625 1.579
26.125 74.875 1.6602
26.125 75.125 1.5318
26.125 75.375 1.5724
26.125 75.625 1.4885
26.125 75.875 1.6558
26.125 76.125 1.6919
26.125 76.375 1.4696
26.125 76.625 1.3692
26.125 76.875 1.2784
26.125 77.125 0.87288
26.125 77.375 1.4802
26.125 77.625 1.6388
26.125 77.875 1.4484
26.125 78.125 1.42
26.125 78.375 1.4884
26.125 78.625 1.4412
26.125 78.875 1.2083
26.125 79.125 0.98061
26.125 79.375 0.20002
26.125 79.625 -1.7534
26.125 79.875 -1.4968
26.125 80.125 0.11492
26.125 80.375 -0.64631
26.125 80.625 -1.44
26.125 80.875 1.1373
26.125 81.125 0.55687
26.125 81.375 -1.7881
26.125 81.625 -0.33148
26.125 81.875 -1.0291
26.125 82.125 -1.8893
26.125 82.375 -1.4301
26.125 82.625 -1.4828
26.125 82.875 -1.7417
26.125 83.125 -1.8634
26.125 83.375 -1.5629
26.125 83.625 -1.2917
26.125 83.875 0.44463
26.125 84.125 1.0203
26.125 84.375 -0.79788
26.125 84.625 -0.78531
26.125 84.875 -1.8711
26.125 85.125 -1.6428
26.125 85.375 -1.32
26.125 85.625 0.36889
26.125 85.875 2.2014
26.125 86.125 1.674
26.125 86.375 1.3565
26.125 86.625 1.672
26.125 86.875 1.8372
26.125 87.125 0.70564
26.125 87.375 0.40734
26.125 87.625 0.18963
26.125 87.875 -0.49512
26.125 88.125 1.0356
26.125 89.375 0.10144
26.125 89.875 0.8474
26.125 90.125 0.21324
26.125 90.375 0.6974
26.125 90.625 0.67976
26.125 90.875 0.23503
26.125 91.125 -0.35055
26.125 91.375 -0.50862
26.125 91.625 -1.1884
26.125 91.875 -1.4624
26.125 92.125 -0.84165
26.125 92.375 0.47868
26.125 92.625 0.80487
26.125 92.875 0.55236
26.125 93.125 -0.67061
26.125 93.375 0.52155
26.125 93.625 0.41524
26.125 93.875 1.2001
26.125 94.125 0.90021
26.125 94.375 0.40562
26.125 94.625 0.10066
26.125 94.875 0.1357
26.375 70.375 0.94407
26.375 70.625 1.0693
26.375 70.875 0.8993
26.375 71.125 1.1405
26.375 71.375 1.334
26.375 71.625 1.6445
26.375 71.875 1.7253
26.375 72.125 1.5804
26.375 72.375 1.3012
26.375 72.625 0.46794
26.375 72.875 1.3635
26.375 73.125 1.2053
26.375 73.375 1.2513
26.375 73.625 1.6544
26.375 73.875 1.8042
26.375 74.125 2.0695
26.375 74.375 2.0778
26.375 74.625 -0.14211
26.375 74.875 1.1544
26.375 75.125 1.4668
26.375 75.375 1.5496
26.375 75.625 1.529
26.375 75.875 1.5933
26.375 76.125 1.5256
26.375 76.375 1.4694
26.375 76.625 1.6075
26.375 76.875 1.6092
26.375 77.125 1.3169
26.375 77.375 1.5136
26.375 77.625 1.5856
26.375 77.875 1.3898
26.375 78.125 1.2302
26.375 78.375 0.26485
26.375 78.625 1.321
26.375 78.875 1.5033
26.375 79.125 1.3149
26.375 79.375 -1.8395
26.375 79.625 -1.8905
26.375 79.875 0.31928
26.375 80.125 0.37032
26.375 80.375 -2.0478
26.375 80.625 -1.4992
26.375 80.875 0.65338
26.375 81.125 -0.94939
26.375 81.375 -1.745
26.375 81.625 -2.2835
26.375 81.875 -1.7982
26.375 82.125 -1.8483
26.375 82.375 -1.0907
26.375 82.625 -1.4368
26.375 82.875 -1.3891
26.375 83.125 -1.9716
26.375 83.375 -1.581
26.375 83.625 -0.096778
26.375 83.875 0.76756
26.375 84.125 -0.75578
26.375 84.375 -0.47515
26.375 84.625 -1.3029
26.375 84.875 -0.18803
26.375 85.125 -0.63766
26.375 85.375 -0.60215
26.375 85.625 0.40141
26.375 85.875 1.7575
26.375 86.125 0.92714
26.375 86.375 -1.8317
26.375 86.625 -1.4189
26.375 86.875 1.2479
26.375 87.125 0.73991
26.375 87.625 -1.4255
26.375 87.875 0.27423
26.375 88.125 1.2461
26.375 88.375 1.443
26.375 88.875 0.73311
26.375 89.375 0.17493
26.375 89.625 0.25941
26.375 89.875 0.50186
26.375 90.125 0.54424
26.375 90.375 0.32308
26.375 90.625 0.41318
26.375 90.875 -0.0030969
26.375 91.125 -0.80273
26.375 91.375 -0.32997
26.375 91.625 -1.235
26.375 91.875 -1.1403
26.375 92.125 -0.28141
26.375 92.375 -0.031967
26.375 92.625 0.26791
26.375 92.875 0.14045
26.375 93.125 -0.19622
26.375 93.375 -0.46543
26.375 93.625 -0.18089
26.375 93.875 0.13918
26.375 94.125 0.44587
26.375 94.375 0.13918
26.375 94.625 0.08483
26.375 94.875 0.014693
26.625 69.875 1.2912
26.625 70.125 1.1721
26.625 70.375 0.79682
26.625 70.625 0.92545
26.625 70.875 0.93443
26.625 71.125 0.79673
26.625 71.375 1.8102
26.625 71.625 1.8225
26.625 71.875 1.8835
26.625 72.125 1.5674
26.625 72.375 0.74418
26.625 72.625 0.18382
26.625 72.875 0.6497
26.625 73.125 1.5418
26.625 73.375 1.1469
26.625 73.625 1.7522
26.625 73.875 1.8918
26.625 74.125 1.9077
26.625 74.375 1.6839
26.625 74.625 0.7271
26.625 74.875 1.4601
26.625 75.125 1.3999
26.625 75.375 1.5644
26.625 75.625 1.5519
26.625 75.875 1.4319
26.625 76.125 1.5234
26.625 76.375 1.2333
26.625 76.625 1.4157
26.625 76.875 1.6936
26.625 77.125 1.5438
26.625 77.375 1.3953
26.625 77.625 1.5158
26.625 77.875 0.57618
26.625 78.125 0.97004
26.625 78.375 0.59337
26.625 78.625 1.4316
26.625 78.875 0.0063726
26.625 79.125 -1.4674
26.625 79.375 -0.60043
26.625 79.625 -0.62401
26.625 79.875 -1.1046
26.625 80.125 -1.5403
26.625 80.375 -0.47133
26.625 80.625 -0.56672
26.625 80.875 0.65275
26.625 81.125 0.78926
26.625 81.375 0.00071901
26.625 81.625 -1.3871
26.625 81.875 0.36418
26.625 82.125 0.59275
26.625 82.375 -0.60591
26.625 82.625 -2.2651
26.625 82.875 -0.63577
26.625 83.125 -0.66289
26.625 83.375 -1.7664
26.625 83.625 -1.3669
26.625 83.875 -0.94528
26.625 84.125 0.22841
26.625 84.375 -0.60622
26.625 84.625 -0.97761
26.625 84.875 -0.79673
26.625 85.125 -0.0092655
26.625 85.375 -0.63879
26.625 85.625 0.41983
26.625 86.125 0.32104
26.625 88.375 0.79926
26.625 88.625 0.56974
26.625 88.875 0.30959
26.625 89.125 -0.022996
26.625 89.375 0.10686
26.625 89.625 0.066043
26.625 89.875 0.51651
26.625 90.125 0.59228
26.625 90.375 0.12401
26.625 90.625 -0.46057
26.625 90.875 -0.65754
26.625 91.125 -0.39334
26.625 91.375 -0.53026
26.625 91.625 -1.1032
26.625 91.875 -1.4628
26.625 92.125 -0.72661
26.625 92.375 -0.25902
26.625 92.625 -0.61148
26.625 92.875 0.593
26.625 93.125 0.012452
26.625 93.375 0.69676
26.625 93.625 -0.22486
26.625 93.875 -0.25992
26.625 94.125 -0.041404
26.625 94.375 -0.18534
26.625 94.625 0.13087
26.625 94.875 -0.021084
26.625 95.125 0.18402
26.875 69.625 1.3173
26.875 69.875 0.81477
26.875 70.125 0.46002
26.875 70.375 0.87254
26.875 70.625 0.54111
26.875 70.875 0.64279
26.875 71.125 0.74252
26.875 71.375 1.7109
26.875 71.625 1.9104
26.875 71.875 1.7918
26.875 72.125 1.1673
26.875 72.375 1.0893
26.875 72.625 1.2194
26.875 72.875 1.6745
26.875 73.125 1.6671
26.875 73.375 1.2255
26.875 73.625 1.4029
26.875 73.875 1.7402
26.875 74.125 1.8374
26.875 74.375 1.7274
26.875 74.625 1.465
26.875 74.875 1.5644
26.875 75.125 1.4084
26.875 75.375 1.4652
26.875 75.625 1.0803
26.875 75.875 1.5088
26.875 76.125 1.6612
26.875 76.375 1.4413
26.875 76.625 1.5775
26.875 76.875 1.8101
26.875 77.125 1.8391
26.875 77.375 0.31895
26.875 77.625 1.3133
26.875 77.875 0.62588
26.875 78.125 -1.3819
26.875 78.375 -0.11898
26.875 78.625 0.56299
26.875 78.875 0.010576
26.875 79.125 1.3834
26.875 79.375 1.2073
26.875 79.625 0.88516
26.875 79.875 -0.13158
26.875 80.125 -0.27355
26.875 80.375 0.29982
26.875 80.625 0.0060378
26.875 80.875 0.77301
26.875 81.125 0.60984
26.875 81.375 -0.074532
26.875 81.625 -1.7276
26.875 81.875 -0.047778
26.875 82.125 -0.041671
26.875 82.375 -1.9996
26.875 82.625 -2.4089
26.875 82.875 -2.1065
26.875 83.125 -1.7802
26.875 83.375 -1.9084
26.875 83.625 -1.5103
26.875 83.875 -0.90242
26.875 84.125 -0.22455
26.875 84.375 -0.75174
26.875 84.625 -0.61047
26.875 84.875 -0.60549
26.875 88.375 0.96552
26.875 88.625 0.16072
26.875 88.875 0.26767
26.875 92.375 -0.52181
26.875 92.625 0.040982
26.875 92.875 0.81173
26.875 93.125 0.67352
26.875 93.375 1.1786
26.875 93.625 -0.063453
26.875 93.875 0.2999
26.875 94.125 -0.44166
26.875 94.375 0.29102
26.875 94.625 0.24961
26.875 94.875 0.12008
26.875 95.125 -0.033267
26.875 95.375 0.11423
26.875 95.625 0.29472
27.125 69.875 0.66438
27.125 70.125 0.45761
27.125 70.375 0.69127
27.125 70.625 0.95134
27.125 70.875 0.52217
27.125 71.125 1.0938
27.125 71.375 1.5311
27.125 71.625 1.3726
27.125 71.875 0.78073
27.125 72.125 0.35751
27.125 72.375 0.48826
27.125 72.625 0.91819
27.125 72.875 1.2607
27.125 73.125 1.4879
27.125 73.375 1.6908
27.125 73.625 1.1774
27.125 73.875 1.1614
27.125 74.125 1.2895
27.125 74.375 0.86678
27.125 74.625 1.4021
27.125 74.875 1.2168
27.125 75.125 1.2089
27.125 75.375 1.6763
27.125 75.625 1.7587
27.125 75.875 1.7208
27.125 76.125 1.436
27.125 76.375 1.4962
27.125 76.625 1.2391
27.125 76.875 1.4625
27.125 77.125 2.0064
27.125 77.375 0.64085
27.125 77.625 0.84548
27.125 77.875 0.16909
27.125 78.125 0.74872
27.125 78.375 0.98255
27.125 78.625 -1.6002
27.125 78.875 -1.0025
27.125 79.125 1.2686
27.125 79.375 -1.0003
27.125 79.625 -0.634
27.125 79.875 -0.05622
27.125 80.125 -0.37431
27.125 80.375 -0.58257
27.125 80.625 -1.2671
27.125 80.875 0.64943
27.125 81.125 0.30118
27.125 81.375 0.098098
27.125 81.625 -0.90713
27.125 81.875 -0.32736
27.125 82.125 -0.70094
27.125 82.375 -1.8327
27.125 82.625 -0.66277
27.125 82.875 -0.32414
27.125 83.125 -0.96394
27.125 83.375 -0.36171
27.125 83.625 0.016747
27.125 83.875 0.17681
27.125 84.125 -0.62552
27.125 84.375 -0.59476
27.125 84.625 -0.7183
27.125 88.125 1.5104
27.125 88.375 0.89832
27.125 88.625 0.55841
27.125 92.125 -1.2592
27.125 92.375 -0.11376
27.125 92.625 0.33072
27.125 92.875 0.7792
27.125 93.125 0.36333
27.125 93.375 0.20451
27.125 93.625 -0.065096
27.125 93.875 0.55729
27.125 94.125 0.96236
27.125 94.375 0.57258
27.125 94.625 0.049146
27.125 94.875 -0.082458
27.125 95.125 -0.61575
27.125 95.375 0.38507
27.125 95.625 0.18542
27.125 95.875 0.34857
27.375 70.125 0.34026
27.375 70.375 0.54559
27.375 70.625 0.26091
27.375 70.875 0.96615
27.375 71.125 1.4785
27.375 71.375 1.4865
27.375 71.625 1.2564
27.375 71.875 0.35225
27.375 72.125 -0.43337
27.375 72.375 0.092209
27.375 72.625 0.086868
27.375 72.875 0.38008
27.375 73.125 0.97786
27.375 73.375 1.0515
27.375 73.625 1.2732
27.375 73.875 1.1934
27.375 74.125 0.58986
27.375 74.375 0.47135
27.375 74.625 0.87795
27.375 74.875 1.036
27.375 75.125 1.6306
27.375 75.375 1.6064
27.375 75.625 1.8964
27.375 75.875 1.9217
27.375 76.125 1.4375
27.375 76.375 1.4632
27.375 76.625 1.2059
27.375 76.875 1.7926
27.375 77.125 1.4778
27.375 77.375 -0.73769
27.375 77.625 0.9002
27.375 77.875 1.0112
27.375 78.125 1.0322
27.375 78.375 1.1761
27.375 78.625 0.10088
27.375 78.875 1.2091
27.375 79.125 -1.5314
27.375 79.375 -1.8808
27.375 79.625 -1.3282
27.375 79.875 -0.32533
27.375 80.125 -1.501
27.375 80.375 -2.1176
27.375 80.625 -1.4842
27.375 80.875 -1.9757
27.375 81.125 -0.035203
27.375 81.375 0.13486
27.375 81.625 -1.9716
27.375 81.875 -0.36524
27.375 82.125 0.16362
27.375 82.375 -0.80871
27.375 82.625 0.26353
27.375 82.875 -0.42287
27.375 83.125 -0.74691
27.375 83.625 -0.35767
27.375 84.125 -0.36004
27.375 84.375 -0.47465
27.375 88.125 1.8931
27.375 88.375 1.4451
27.375 88.625 0.74789
27.375 92.125 -1.0313
27.375 92.375 -0.65137
27.375 92.625 0.0072313
27.375 92.875 -0.24683
27.375 93.125 -1.1001
27.375 93.375 -1.1201
27.375 93.625 -0.24048
27.375 93.875 0.46975
27.375 94.125 1.581
27.375 94.375 0.87694
27.375 94.625 0.17592
27.375 94.875 -0.78972
27.375 95.125 -0.23363
27.375 95.375 0.20459
27.375 95.625 0.028248
27.375 95.875 -0.1515
27.375 96.125 -0.59784
27.375 96.375 -0.84177
NaN NaN NaN
27.375 96.875 0.3147
27.625 70.125 0.31716
27.625 70.375 0.53599
27.625 70.625 0.62073
27.625 70.875 0.95412
27.625 71.125 1.4371
27.625 71.375 1.3994
27.625 71.625 1.0745
27.625 71.875 0.48148
27.625 72.125 0.12961
27.625 72.375 0.022756
27.625 72.625 -0.036548
27.625 72.875 0.085885
27.625 73.125 0.10492
27.625 73.375 0.85285
27.625 73.625 1.3964
27.625 73.875 1.4767
27.625 74.125 1.1751
27.625 74.375 1.2023
27.625 74.625 1.1088
27.625 74.875 1.2896
27.625 75.125 1.0121
27.625 75.375 1.3053
27.625 75.625 1.446
27.625 75.875 1.5763
27.625 76.125 1.5388
27.625 76.375 1.4243
27.625 76.625 1.3438
27.625 76.875 1.5883
27.625 77.125 -0.017779
27.625 77.375 -0.78751
27.625 77.625 -1.3919
27.625 77.875 0.1981
27.625 78.125 1.0612
27.625 78.375 0.88189
27.625 78.625 -0.9194
27.625 78.875 -0.82284
27.625 79.125 -2.1039
27.625 79.375 -2.1145
27.625 79.625 -1.448
27.625 79.875 -0.51779
27.625 80.125 -1.1882
27.625 80.375 -0.95749
27.625 80.625 -1.5231
27.625 80.875 -1.8469
27.625 81.125 -0.38923
27.625 81.375 -0.17397
27.625 81.625 -0.48149
27.625 81.875 -0.46572
27.625 82.125 -0.19321
27.625 82.375 -0.47315
27.625 82.625 0.046876
27.625 88.375 1.6016
27.625 88.625 1.1902
27.625 91.625 -0.81273
27.625 91.875 -0.99253
27.625 92.125 -1.0482
27.625 92.375 -0.72312
27.625 92.625 -0.44769
27.625 92.875 -0.62449
27.625 93.125 -1.3461
27.625 93.375 -1.5338
27.625 93.625 -1.5471
27.625 93.875 -1.6223
27.625 94.125 -0.19924
27.625 94.375 0.44757
27.625 94.625 -0.62076
27.625 94.875 -1.1121
27.625 95.125 -1.2203
27.625 95.375 -0.96063
27.625 95.625 -1.0144
27.625 95.875 -0.80323
27.625 96.125 -1.1622
27.625 96.375 -1.0073
27.625 96.625 -0.15641
27.625 96.875 0.11149
27.875 70.375 0.37356
27.875 71.875 0.51941
27.875 72.125 -0.049836
27.875 72.375 -0.031513
27.875 72.625 0.1641
27.875 72.875 0.44421
27.875 73.125 0.48117
27.875 73.375 1.1144
27.875 73.625 1.5617
27.875 73.875 1.3632
27.875 74.125 0.94366
27.875 74.375 1.0371
27.875 74.625 1.0574
27.875 74.875 0.97812
27.875 75.125 0.91989
27.875 75.375 0.98297
27.875 75.625 1.0935
27.875 75.875 0.97988
27.875 76.125 1.581
27.875 76.375 2.0612
27.875 76.625 1.0853
27.875 76.875 1.1483
27.875 77.125 1.6884
27.875 77.375 -0.74773
27.875 77.625 -0.93199
27.875 77.875 0.50845
27.875 78.125 1.7
27.875 78.375 0.48873
27.875 78.625 0.17383
27.875 78.875 0.0047133
27.875 79.125 -0.38765
27.875 79.375 -1.1911
27.875 79.625 -1.3002
27.875 79.875 -0.3535
27.875 80.125 -0.39451
27.875 80.375 -0.35276
27.875 80.625 -1.5562
27.875 80.875 -2.2151
27.875 81.125 -1.1732
27.875 81.375 -0.25145
27.875 81.625 -0.2763
27.875 88.375 1.0378
27.875 88.625 0.83725
27.875 92.875 -1.0131
27.875 93.125 -1.433
27.875 93.375 -1.4792
27.875 93.625 -1.6603
27.875 93.875 -1.6769
27.875 94.125 -1.0873
27.875 94.375 -0.82818
27.875 94.625 -1.0795
27.875 94.875 -0.48643
27.875 95.125 -0.69027
27.875 95.375 -1.2896
27.875 95.625 -1.3347
27.875 95.875 -1.4741
27.875 96.125 -1.4487
27.875 96.375 -1.2561
27.875 96.625 -0.0055259
NaN NaN NaN
27.875 97.125 0.33211
28.125 72.125 -0.10365
28.125 72.375 0.23479
28.125 72.625 0.36003
28.125 72.875 0.82641
28.125 73.125 1.545
28.125 73.375 1.6526
28.125 73.625 1.3368
28.125 73.875 0.98456
28.125 74.125 0.56801
28.125 74.375 0.70646
28.125 74.625 1.06
28.125 74.875 1.139
28.125 75.125 0.89612
28.125 75.375 1.3225
28.125 75.625 0.75741
28.125 75.875 1.6473
28.125 76.125 1.7923
28.125 76.375 1.8856
28.125 76.625 1.9568
28.125 76.875 1.7949
28.125 77.125 1.5181
28.125 77.375 -0.49963
28.125 77.625 -0.47806
28.125 77.875 0.645
28.125 78.125 1.9741
28.125 78.375 1.2543
28.125 78.625 -0.3647
28.125 78.875 -0.096823
28.125 79.125 -0.4475
28.125 79.375 -1.6668
28.125 79.625 -1.8292
28.125 79.875 -0.87461
28.125 80.125 -0.38209
28.125 80.375 -0.22075
28.125 80.625 -0.49464
28.125 80.875 -1.1467
28.125 81.125 -1.8408
28.125 81.375 -0.33178
28.125 92.875 -1.0051
28.125 93.125 -1.4092
28.125 93.375 -1.5521
28.125 93.625 -1.4731
28.125 93.875 -1.6234
28.125 94.125 -1.4097
28.125 94.375 -1.1933
28.125 94.625 -1.4203
28.125 94.875 -0.70224
28.125 95.125 -0.9656
28.125 95.375 -1.0864
28.125 95.625 -1.1739
28.125 95.875 -1.2893
28.125 96.125 -1.4041
28.125 96.375 -0.56411
NaN NaN NaN
NaN NaN NaN
NaN NaN NaN
28.375 72.375 0.22794
28.375 72.625 0.28814
28.375 72.875 0.50654
28.375 73.125 1.2621
28.375 73.375 1.1922
28.375 73.625 0.8401
28.375 73.875 0.50581
28.375 74.125 0.20838
28.375 74.375 0.31975
28.375 74.625 1.0006
28.375 74.875 1.0334
28.375 75.125 0.86797
28.375 75.375 0.85051
28.375 75.625 0.93378
28.375 75.875 1.193
28.375 76.125 1.1428
28.375 76.375 1.3243
28.375 76.625 1.2879
28.375 76.875 1.4862
28.375 77.125 1.1492
28.375 77.375 -0.71159
28.375 77.625 -0.2422
28.375 77.875 -0.63122
28.375 78.125 1.6962
28.375 78.375 1.0693
28.375 78.625 -1.5835
28.375 78.875 -1.0815
28.375 79.125 -0.20568
28.375 79.375 -0.098158
28.375 79.625 -1.258
28.375 79.875 -0.95834
28.375 80.125 -0.30928
28.375 80.375 -0.49784
28.375 80.625 -0.61755
28.375 80.875 -0.95171
28.375 81.125 -1.161
28.375 93.375 -1.2383
28.375 93.625 -0.77016
28.375 93.875 -0.42015
28.375 94.125 -0.29059
28.375 94.375 -0.3382
28.375 94.625 -0.67868
28.375 94.875 -0.63795
28.375 95.125 -0.80686
28.375 95.375 -0.74056
28.375 95.625 -0.74678
28.375 95.875 -0.92464
28.375 96.125 -1.1514
NaN NaN NaN
28.625 72.375 0.49714
28.625 72.625 0.60475
28.625 72.875 0.61164
28.625 73.125 1.2505
28.625 73.375 1.3016
28.625 73.625 1.2015
28.625 73.875 0.34518
28.625 74.125 0.12827
28.625 74.375 0.68437
28.625 74.625 1.0172
28.625 74.875 0.94861
28.625 75.125 0.69898
28.625 75.375 -0.44147
28.625 75.625 -1.2593
28.625 75.875 -0.8109
28.625 76.125 0.93428
28.625 76.375 0.90792
28.625 76.625 1.5655
28.625 76.875 1.3297
28.625 77.125 -1.7897
28.625 77.375 -0.73817
28.625 77.625 -0.8907
28.625 77.875 -1.6976
28.625 78.125 0.17622
28.625 78.375 0.20623
28.625 78.625 -1.657
28.625 78.875 -1.3911
28.625 79.125 0.025377
28.625 79.375 -0.053052
28.625 79.625 -0.0011984
28.625 79.875 -0.030863
28.625 80.125 -0.036463
28.625 80.375 -0.26953
28.625 80.625 -0.54117
28.625 93.625 0.16805
28.625 93.875 0.53736
28.625 94.125 0.43254
28.625 94.375 0.31325
28.625 94.625 -0.047548
28.625 94.875 -0.24557
28.625 95.125 -0.68016
28.625 95.375 -0.67601
28.625 95.625 -0.76967
28.625 95.875 -0.96493
28.625 96.125 -0.37655
NaN NaN NaN
28.875 72.875 -0.077905
28.875 73.125 0.91959
28.875 73.375 2.0025
28.875 73.625 1.8289
28.875 73.875 1.6646
28.875 74.125 1.0655
28.875 74.375 0.68652
28.875 74.625 1.1275
28.875 74.875 1.5082
28.875 75.125 0.71817
28.875 75.375 -0.29182
28.875 75.625 -0.32188
28.875 75.875 -0.71393
28.875 76.125 0.75797
28.875 76.375 0.77173
28.875 76.625 0.63921
28.875 76.875 0.065495
28.875 77.125 1.4378
28.875 77.375 0.30527
28.875 77.625 0.041357
28.875 77.875 -0.28604
28.875 78.125 -0.54711
28.875 78.375 -0.54365
28.875 78.625 -0.63485
28.875 78.875 -0.55199
28.875 79.125 0.14041
28.875 79.375 0.32156
28.875 79.625 0.12959
28.875 79.875 0.34733
28.875 94.125 0.6293
28.875 94.375 0.52627
28.875 94.625 0.30272
28.875 94.875 0.26456
28.875 95.125 -0.029389
28.875 95.375 -0.8253
28.875 95.625 -0.49536
28.875 95.875 -0.16911
28.875 96.125 0.25546
NaN NaN NaN
29.125 73.125 1.0136
29.125 73.375 2.1744
29.125 73.625 1.8787
29.125 73.875 1.7394
29.125 74.125 1.285
29.125 74.375 0.44066
29.125 74.625 0.79365
29.125 74.875 1.2635
29.125 75.125 0.80779
29.125 75.375 1.1917
29.125 75.625 0.6897
29.125 75.875 -0.33798
29.125 76.125 -1.3706
29.125 76.375 -1.488
29.125 76.625 0.18451
29.125 76.875 0.18664
29.125 77.125 -0.22098
29.125 77.375 0.3347
29.125 77.625 -0.020648
29.125 77.875 -0.47477
29.125 78.125 -0.63966
29.125 78.375 -0.50982
29.125 78.625 0.085121
29.125 78.875 -0.50716
29.125 79.125 0.21417
29.125 79.375 0.22523
29.125 79.625 -0.47374
29.125 79.875 -0.28899
29.125 80.125 -0.21495
29.125 94.375 0.43895
29.125 94.625 0.44585
29.125 94.875 0.5037
29.125 95.625 -0.58219
29.125 95.875 0.16703
29.125 96.125 1.1119
29.375 73.375 1.1373
29.375 73.625 1.7925
29.375 73.875 1.7665
29.375 74.125 1.7301
29.375 74.375 0.65877
29.375 74.625 0.00014078
29.375 74.875 0.58407
29.375 75.125 1.0603
29.375 75.375 0.41854
29.375 75.625 0.20194
29.375 75.875 -0.77729
29.375 76.125 -0.52723
29.375 76.375 -1.362
29.375 76.625 0.12682
29.375 76.875 -1.5595
29.375 77.125 -1.4826
29.375 77.375 -0.30862
29.375 77.625 -0.48891
29.375 77.875 -0.51248
29.375 78.125 -0.89882
29.375 78.375 -0.83213
29.375 78.625 -0.96695
29.375 78.875 -0.5666
29.375 79.125 -0.052778
29.375 79.375 0.013909
29.375 79.625 -1.3345
29.375 79.875 -0.6393
29.375 80.125 -0.41675
NaN NaN NaN
29.625 73.375 -0.24046
29.625 73.625 1.5463
29.625 73.875 1.5001
29.625 74.125 1.9659
29.625 74.375 1.0365
29.625 74.625 -0.69604
29.625 74.875 -0.73323
29.625 75.125 0.71389
29.625 75.375 0.45202
29.625 75.625 1.0916
29.625 75.875 -0.41149
29.625 76.125 -1.0336
29.625 76.375 0.46081
29.625 76.625 0.45065
29.625 76.875 0.49618
29.625 77.125 -0.54737
29.625 77.375 -1.021
29.625 77.625 -1.1997
29.625 77.875 -0.90582
29.625 78.125 -0.47683
29.625 78.375 -0.62843
29.625 78.625 -1.3425
29.625 78.875 -1.0098
29.625 79.125 -0.62204
29.625 79.375 -0.6654
29.625 79.625 -0.028161
29.625 79.875 -0.10701
29.625 80.125 -0.36575
29.875 73.625 1.4481
29.875 73.875 0.3151
29.875 74.125 1.2116
29.875 74.375 -0.29692
29.875 74.625 -1.5024
29.875 74.875 -1.5111
29.875 75.125 -0.5293
29.875 75.375 0.78854
29.875 75.625 1.5775
29.875 75.875 0.3728
29.875 76.125 0.63426
29.875 76.375 0.31412
29.875 76.625 0.916
29.875 76.875 -0.45989
29.875 77.125 -0.51425
29.875 77.375 -0.92673
29.875 77.625 -1.3638
29.875 77.875 -0.8493
29.875 78.125 -1.7701
29.875 78.375 -0.23752
29.875 78.625 -0.46413
29.875 78.875 -0.38666
29.875 79.125 -1.2487
29.875 79.375 -1.0585
29.875 79.625 -0.026347
29.875 79.875 -0.42675
29.875 80.125 -0.6618
29.875 80.375 -0.64983
30.125 74.125 -0.18411
30.125 74.375 -1.0747
30.125 74.625 -1.0996
30.125 74.875 -1.0543
30.125 75.125 1.2442
30.125 75.375 1.7198
30.125 75.625 1.5687
30.125 75.875 0.067153
30.125 76.125 0.43897
30.125 76.375 -0.14235
30.125 76.625 -0.42192
30.125 76.875 -0.79541
30.125 77.125 -0.80451
30.125 77.375 -1.2916
30.125 77.625 -0.51365
30.125 77.875 -1.3069
30.125 78.125 -0.68679
30.125 78.375 0.045496
30.125 78.625 0.017578
30.125 78.875 -0.31965
30.125 79.125 -0.72856
30.125 79.375 -1.0428
30.125 79.625 -0.67607
30.125 79.875 -0.89558
30.125 80.125 -0.86629
30.125 80.375 -0.71107
30.125 80.625 -0.8812
30.375 74.125 0.31888
30.375 74.375 -0.065664
30.375 74.625 0.045311
30.375 74.875 0.62864
30.375 75.125 1.9674
30.375 75.375 1.8002
30.375 75.625 0.44345
30.375 75.875 0.39631
30.375 76.125 0.12964
30.375 76.375 -0.29359
30.375 76.625 -1.2161
30.375 76.875 -0.94353
30.375 77.125 -0.31542
30.375 77.375 0.021789
30.375 77.625 -0.39468
30.375 77.875 -1.112
30.375 78.125 -1.1459
30.375 78.375 -1.7358
30.375 78.625 -0.75068
30.375 78.875 -0.81548
30.375 79.125 -1.0196
30.375 79.375 -1.1834
30.375 79.625 -1.2043
30.375 79.875 -0.66796
30.375 80.125 -0.72808
30.375 80.375 -0.69694
30.375 80.625 -0.77328
30.625 74.375 0.17433
30.625 74.625 0.12262
30.625 74.875 0.4871
30.625 75.125 1.3718
30.625 75.375 1.3956
30.625 75.625 1.0839
30.625 75.875 1.0774
30.625 76.125 -0.14655
30.625 76.375 -0.71951
30.625 76.625 0.26588
30.625 76.875 0.72813
30.625 77.125 0.38132
30.625 77.375 0.068703
30.625 77.625 -0.84595
30.625 77.875 -2.0293
30.625 78.125 -1.2711
30.625 78.375 -1.9159
30.625 78.625 -1.596
30.625 78.875 -1.3487
30.625 79.125 -1.3489
30.625 79.375 -1.6047
30.625 79.625 -1.285
30.625 79.875 -1.0413
30.625 80.125 -0.87204
30.875 74.625 -0.23373
30.875 74.875 0.98098
30.875 75.125 1.6375
30.875 75.375 0.71466
30.875 75.625 0.85601
30.875 75.875 0.46285
30.875 76.125 0.93118
30.875 76.375 0.82436
30.875 76.625 0.41727
30.875 76.875 0.60884
30.875 77.125 0.078347
30.875 77.375 -0.66776
30.875 77.625 -1.2156
30.875 77.875 -0.69266
30.875 78.125 -1.2595
30.875 78.375 -1.5256
30.875 78.625 -2.0373
30.875 78.875 -2.0263
30.875 79.125 -1.1216
30.875 79.375 -0.84532
30.875 79.625 0.76755
30.875 79.875 -0.87983
31.125 74.875 0.76759
31.125 75.125 1.8207
31.125 75.375 0.24124
31.125 75.625 -0.27901
31.125 75.875 0.71494
31.125 76.125 1.1512
31.125 76.375 1.0139
31.125 76.625 0.63683
31.125 76.875 0.56169
31.125 77.125 0.63592
31.125 77.375 -0.36589
31.125 77.625 0.28366
31.125 77.875 -0.77303
31.125 78.125 -1.402
31.125 78.375 -1.402
31.125 78.625 -1.3623
31.125 78.875 -0.86792
31.125 79.125 -0.78129
31.375 74.875 0.51409
31.375 75.125 0.50383
31.375 75.375 -0.3211
31.375 75.625 0.45525
31.375 75.875 0.7039
31.375 76.125 0.52796
31.375 76.375 1.2755
31.375 76.625 0.65999
31.375 76.875 0.45438
31.375 77.125 1.208
31.375 77.375 0.85337
31.375 77.625 0.32946
31.375 77.875 -1.3229
31.375 78.125 -1.4163
31.375 78.375 -1.6953
31.375 78.625 -1.5534
31.625 74.875 0.49244
31.625 75.125 0.5402
31.625 75.375 0.23074
31.625 75.625 -0.19899
31.625 75.875 -0.28445
31.625 76.125 -0.0067934
31.625 76.375 0.51622
31.625 76.625 0.53079
31.625 76.875 0.18635
31.625 77.125 -0.017576
31.625 77.375 1.3716
31.625 77.625 0.46126
31.625 77.875 -1.3225
31.625 78.125 -1.5299
31.625 78.375 -1.7217
31.625 78.625 -1.5908
31.875 74.875 0.78968
31.875 75.125 0.35963
31.875 75.375 -0.19839
31.875 75.625 -0.35782
31.875 75.875 -0.27594
31.875 76.125 -0.142
31.875 76.375 0.0018451
31.875 76.625 0.17756
31.875 76.875 -0.15122
31.875 77.125 -0.17798
31.875 77.375 -0.18023
31.875 77.625 -0.79124
31.875 77.875 -1.8275
31.875 78.125 -1.618
31.875 78.375 -1.5916
31.875 78.625 -1.5764
32.125 75.375 -0.0045585
32.125 75.625 0.31785
32.125 75.875 0.26269
32.125 76.125 -0.37128
32.125 76.375 -0.72241
32.125 76.625 -0.75865
32.125 76.875 -0.53923
32.125 77.125 -0.58135
32.125 77.375 -1.218
32.125 77.625 -1.172
32.125 77.875 -1.7295
32.125 78.125 -1.6936
32.125 78.375 -1.5888
32.375 75.375 -0.020136
32.375 75.625 -0.10095
32.375 75.875 0.018362
32.375 76.125 -0.79315
32.375 76.375 -0.99545
32.375 76.625 -1.1681
32.375 76.875 -0.99088
32.375 77.125 -0.88836
32.375 77.375 -1.5225
32.375 77.625 -1.5914
32.375 77.875 -1.7824
32.375 78.125 -1.6185
32.375 78.375 -1.4694
32.625 74.875 -0.75072
32.625 75.125 -0.50285
32.625 75.375 -0.79528
32.625 75.625 -0.97095
32.625 75.875 -0.65069
32.625 76.125 -0.60985
32.625 76.375 -0.76677
32.625 76.625 -1.4151
32.625 76.875 -1.1306
32.625 77.125 -0.84478
32.625 77.375 -1.3622
32.625 77.625 -1.5125
32.625 77.875 -1.5804
32.625 78.125 -1.7275
32.625 78.375 -1.2965
32.625 78.625 -1.3236
32.625 78.875 -1.3487
32.625 79.125 -1.299
32.625 79.375 -1.3329
32.875 74.375 -0.29402
32.875 74.625 -0.14903
32.875 74.875 -0.16345
32.875 75.125 -0.42367
32.875 75.375 -1.3309
32.875 75.625 -1.5831
32.875 75.875 -1.2756
32.875 76.125 -0.62589
32.875 76.375 -0.82889
32.875 76.625 -1.1238
32.875 76.875 -1.211
32.875 77.125 -1.2652
32.875 77.375 -1.4499
32.875 77.625 -1.4705
32.875 77.875 -1.4728
32.875 78.125 -0.98092
32.875 78.375 -1.0928
32.875 78.625 -1.186
32.875 78.875 -1.317
32.875 79.125 -1.3587
32.875 79.375 -1.3975
33.125 73.875 0.045904
33.125 74.125 0.25853
33.125 74.375 0.24853
33.125 74.625 -0.082514
33.125 74.875 -0.79238
33.125 75.125 -0.78895
33.125 75.375 -1.7293
33.125 75.625 -1.6707
33.125 75.875 -0.91508
33.125 76.125 -0.53964
33.125 76.375 -0.89378
33.125 76.625 -1.2876
33.125 76.875 -1.246
33.125 77.125 -1.3852
33.125 77.375 -0.78197
33.125 77.625 -0.34523
33.125 77.875 -0.10642
33.125 78.125 0.033014
33.125 78.375 -0.00093
33.125 78.625 -0.74746
33.125 78.875 -1.1619
33.125 79.125 -1.3619
33.375 73.875 -0.051021
33.375 74.125 0.044475
33.375 74.375 -0.53004
33.375 74.625 -1.1947
33.375 74.875 -1.7612
33.375 75.125 -1.9688
33.375 75.375 -1.9034
33.375 75.625 -1.8794
33.375 75.875 -1.0747
33.375 76.125 -0.56512
33.375 76.375 -0.38169
33.375 76.625 -0.52153
33.375 76.875 -0.43168
33.375 77.125 -0.38512
33.375 77.375 -0.31985
33.375 77.625 -0.29986
33.375 77.875 -0.3407
33.375 78.125 -0.28156
33.375 78.375 -0.25098
33.375 78.625 -0.51565
33.375 78.875 -0.96245
33.625 73.875 -0.2637
33.625 74.125 -0.15288
33.625 74.375 -1.0517
33.625 74.625 -1.3653
33.625 74.875 -1.145
33.625 75.125 -1.894
33.625 75.375 -1.7481
33.625 75.625 -1.5212
33.625 75.875 -0.95712
33.625 76.125 -0.80725
33.625 76.375 -0.53393
33.625 76.625 -0.58543
33.625 76.875 -0.59362
33.625 77.125 -0.46202
33.625 77.375 -0.40325
33.625 77.625 -0.43536
33.625 77.875 -0.45208
33.625 78.125 -0.40982
33.625 78.375 -0.39814
33.625 78.625 -0.26175
33.625 78.875 -0.70401
33.875 73.875 -0.40513
33.875 74.125 -0.63932
33.875 74.375 -0.91391
33.875 74.625 -1.0254
33.875 74.875 -1.1736
33.875 75.125 -0.50246
33.875 75.375 -0.67041
33.875 75.625 -1.0651
33.875 75.875 -1.0148
33.875 76.125 -0.79655
33.875 76.375 -0.81586
33.875 76.625 -0.80498
33.875 76.875 -0.79529
33.875 77.125 -0.7835
33.875 77.375 -0.61099
33.875 77.625 -0.56455
33.875 77.875 -0.50974
33.875 78.125 -0.44599
33.875 78.375 -0.40719
33.875 78.625 -0.34965
33.875 78.875 -0.52678
34.125 73.625 -1.4329
34.125 73.875 -1.231
34.125 74.125 -0.79129
34.125 74.375 -1.3931
34.125 74.625 -1.4175
34.125 74.875 -0.88941
34.125 75.125 -0.3614
34.125 75.375 -0.61219
34.125 75.625 -1.1079
34.125 75.875 -1.0137
34.125 76.125 -1.0239
34.125 76.375 -0.84554
34.125 76.625 -0.78607
34.125 76.875 -0.84985
34.125 77.125 -0.79695
34.125 77.375 -0.71664
34.125 77.625 -0.66138
34.125 77.875 -0.58637
34.125 78.125 -0.44909
34.125 78.375 -0.41943
34.125 78.625 -0.43664
34.125 78.875 -0.48915
34.125 79.125 -0.53846
34.125 79.375 -0.80879
34.375 73.625 -1.6164
34.375 73.875 -1.2467
34.375 74.125 -1.8532
34.375 74.375 -1.5757
34.375 74.625 -1.4772
34.375 74.875 -1.5277
34.375 75.125 -0.75274
34.375 75.375 -1.1321
34.375 75.625 -1.3412
34.375 75.875 -1.2363
34.375 76.125 -1.0617
34.375 76.375 -0.83741
34.375 76.625 -0.74228
34.375 76.875 -0.79781
34.375 77.125 -0.82906
34.375 77.375 -0.82567
34.375 77.625 -0.81291
34.375 77.875 -0.72331
34.375 78.125 -0.66397
34.375 78.375 -0.43319
34.375 78.625 -0.52292
34.375 78.875 -0.54179
34.375 79.125 -0.64913
34.375 79.375 -0.87987
34.625 73.875 -1.5304
34.625 74.125 -1.6906
34.625 74.375 -1.929
34.625 74.625 -1.7875
34.625 74.875 -1.7542
34.625 75.125 -1.2374
34.625 75.375 -1.4793
34.625 75.625 -1.2836
34.625 75.875 -1.0437
34.625 76.125 -1.0641
34.625 76.375 -0.81348
34.625 76.625 -0.69706
34.625 76.875 -0.78403
34.625 77.125 -0.86907
34.625 77.375 -0.88554
34.625 77.625 -0.8818
34.625 77.875 -0.72866
34.625 78.125 -0.63053
34.625 78.375 -0.45866
34.625 78.625 -0.56826
34.625 78.875 -0.65073
34.625 79.125 -0.70048
34.625 79.375 -0.8992
34.625 79.625 -1.07
34.875 74.125 -1.7997
34.875 74.375 -1.7913
34.875 74.625 -1.6084
34.875 74.875 -1.4046
34.875 75.125 -2.0362
34.875 75.375 -1.9914
34.875 75.625 -1.3004
34.875 75.875 -1.132
34.875 76.125 -1.0787
34.875 76.375 -0.87904
34.875 76.625 -0.82107
34.875 76.875 -0.85922
34.875 77.125 -0.89325
34.875 77.375 -0.95338
34.875 77.625 -0.89191
34.875 77.875 -0.84216
34.875 78.125 -0.69072
34.875 78.375 -0.56845
34.875 78.625 -0.62975
34.875 78.875 -0.69421
34.875 79.125 -0.72334
34.875 79.375 -0.77153
34.875 79.625 -0.96777
34.875 79.875 -1.1218
35.125 74.375 -2.0345
35.125 74.625 -2.0677
35.125 74.875 -2.045
35.125 75.125 -2.1959
35.125 75.375 -2.156
35.125 75.625 -1.2379
35.125 75.875 -1.0198
35.125 76.125 -1.1576
35.125 76.375 -0.86113
35.125 76.625 -0.84561
35.125 76.875 -0.86685
35.125 77.125 -0.91749
35.125 77.375 -1.0521
35.125 77.625 -0.96787
35.125 77.875 -0.82518
35.125 78.125 -0.71388
35.125 78.375 -0.64922
35.125 78.625 -0.65861
35.125 78.875 -0.64394
35.125 79.125 -0.71999
35.125 79.375 -0.7609
35.125 79.625 -0.83816
35.125 79.875 -0.9921
35.375 73.875 -1.9174
35.375 74.125 -2.1179
35.375 74.375 -2.1075
35.375 74.625 -2.1611
35.375 74.875 -1.987
35.375 75.125 -2.0189
35.375 75.375 -1.8755
35.375 75.625 -1.4378
35.375 75.875 -1.4241
35.375 76.125 -1.2139
35.375 76.375 -1.0725
35.375 76.625 -1.0208
35.375 76.875 -0.94813
35.375 77.125 -0.90241
35.375 77.375 -0.87218
35.375 77.625 -0.91622
35.375 77.875 -0.78939
35.375 78.125 -0.71983
35.375 78.375 -0.6983
35.375 78.625 -0.70114
35.375 78.875 -0.78254
35.375 79.125 -0.78445
35.375 79.375 -0.74982
35.375 79.625 -0.75788
35.375 79.875 -0.89362
NaN NaN NaN
35.625 73.375 -1.9431
35.625 73.625 -1.8938
35.625 73.875 -2.1179
35.625 74.125 -2.1502
35.625 74.375 -2.1723
35.625 74.625 -2.0956
35.625 74.875 -2.1172
35.625 75.125 -2.1909
35.625 75.375 -2.0702
35.625 75.625 -2.0298
35.625 75.875 -1.9147
35.625 76.125 -1.3791
35.625 76.375 -1.2994
35.625 76.625 -1.1639
35.625 76.875 -1.0184
35.625 77.125 -0.94289
35.625 78.375 -0.79965
35.625 78.625 -0.81827
35.625 78.875 -0.76646
35.625 79.125 -0.77699
35.625 79.375 -0.75178
35.625 79.625 -0.75215
35.625 79.875 -0.97798
35.625 80.125 -1.0109
35.875 73.125 0.89838
35.875 73.375 0.0097919
35.875 73.625 -1.2918
35.875 73.875 -1.7146
35.875 74.125 -2.1818
35.875 74.375 -2.2329
35.875 74.625 -2.248
35.875 74.875 -2.1459
35.875 75.125 -2.2197
35.875 75.375 -2.2025
35.875 75.625 -2.0113
35.875 75.875 -1.7623
35.875 76.125 -1.58
35.875 76.375 -1.3616
35.875 76.625 -1.2499
35.875 79.375 -0.63596
36.125 72.625 -0.26339
36.125 72.875 0.042725
36.125 73.125 -0.85082
36.125 73.375 1.4432
36.125 73.625 0.29648
36.125 73.875 -1.2644
36.125 74.125 -1.8514
36.125 74.375 -2.003
36.125 74.625 -2.3047
36.125 74.875 -2.2259
36.125 75.125 -2.1726
36.125 75.375 -2.2389
36.125 75.625 -2.3195
36.125 75.875 -2.069
36.125 76.125 -1.6721
36.125 76.375 -1.346
36.125 76.625 -1.1387
36.375 73.125 2.204
36.375 73.375 1.8873
36.375 73.625 0.87625
36.375 73.875 -0.89326
36.375 74.125 -1.5576
36.375 74.375 -1.9173
36.375 74.625 -2.1776
36.375 74.875 -2.1462
36.375 75.125 -2.2093
36.375 75.375 -2.1648
36.375 75.625 -2.3494
36.375 75.875 -2.1654
36.375 76.125 -1.8315
36.625 73.375 1.7342
36.625 73.625 1.1708
36.625 73.875 -0.53396
36.625 74.125 -1.3249
36.625 74.375 -2.0112
36.625 74.625 -1.8589
36.625 74.875 -2.2019
36.625 75.125 -2.1913
36.625 75.375 -2.1839
36.625 75.625 -2.353
36.875 73.875 -2.0534
36.875 74.375 -2.1905
36.875 74.625 -1.4594
36.875 74.875 -1.9591
36.875 75.125 -2.0984
36.875 75.375 -2.3387
