8.125 77.375 -0.045194
8.375 77.125 -0.59046
8.375 77.375 -0.15373
8.375 77.625 1.008
8.375 77.875 0.80773
8.625 76.875 -0.2224
8.625 77.125 -0.44664
8.625 77.375 0.009412
8.625 77.625 -0.39087
8.625 77.875 0.055044
8.875 76.875 -0.05634
8.875 77.125 0.71705
8.875 77.375 -0.42093
8.875 77.625 -0.54734
8.875 77.875 -0.97412
9.125 76.625 -0.1636
9.125 76.875 0.68428
9.125 77.125 -0.16273
9.125 77.375 -0.41157
9.125 77.625 -0.46536
9.125 77.875 -0.95177
9.125 78.125 -0.27477
NaN NaN NaN
9.375 76.625 -0.082094
9.375 76.875 0.58488
9.375 77.125 0.1425
9.375 77.375 -0.23889
9.375 77.625 -0.69917
9.375 77.875 -0.7304
9.375 78.125 -0.40785
9.375 78.375 -0.46151
9.375 78.625 -0.36196
NaN NaN NaN
9.625 76.375 -1.0735
9.625 76.625 0.22497
9.625 76.875 0.86599
9.625 77.125 0.71391
9.625 77.375 -0.34188
9.625 77.625 -0.82975
9.625 77.875 0.60518
9.625 78.125 -0.4894
9.625 78.375 -0.38201
9.625 78.625 0.29858
9.875 76.625 0.14663
9.875 76.875 0.72035
9.875 77.125 1.432
9.875 77.375 -1.2346
9.875 77.625 0.15816
9.875 77.875 0.0054678
9.875 78.125 -1.1348
9.875 78.375 0.6828
9.875 78.625 0.78021
9.875 78.875 0.7865
10.125 76.375 -0.65889
10.125 76.625 1.0583
10.125 76.875 1.9727
10.125 77.125 -0.37475
10.125 77.375 -1.2249
10.125 77.625 0.24721
10.125 77.875 0.72726
10.125 78.125 0.082677
10.125 78.375 0.020417
10.125 78.625 -0.3369
10.125 78.875 -0.35658
10.125 79.125 0.14472
10.375 76.375 -0.67434
10.375 76.625 0.36088
10.375 76.875 1.2041
10.375 77.125 1.2033
10.375 77.375 -0.050431
10.375 77.625 0.023696
10.375 77.875 -0.96069
10.375 78.125 -0.3571
10.375 78.375 -0.52145
10.375 78.625 -0.77488
10.375 78.875 -0.5242
10.375 79.125 0.77954
NaN NaN NaN
NaN NaN NaN
10.625 76.125 -1.2073
10.625 76.375 -0.0055181
10.625 76.625 0.1029
10.625 76.875 -0.5041
10.625 77.125 -0.62961
10.625 77.375 -0.88319
10.625 77.625 -0.47635
10.625 77.875 -0.6942
10.625 78.125 -0.90663
10.625 78.375 -0.046928
10.625 78.625 0.28643
10.625 78.875 0.35961
10.625 79.125 1.6322
10.625 79.375 0.91381
10.625 79.625 1.5724
10.875 76.125 -0.47843
10.875 76.375 0.80152
10.875 76.625 -0.045003
10.875 76.875 -0.9177
10.875 77.125 -1.1665
10.875 77.375 -0.14184
10.875 77.625 -0.8049
10.875 77.875 -0.78484
10.875 78.125 -0.8698
10.875 78.375 0.61898
10.875 78.625 1.512
10.875 78.875 0.6042
10.875 79.125 0.30056
10.875 79.375 0.29848
10.875 79.625 1.2
11.125 76.125 1.257
11.125 76.375 -0.13226
11.125 76.625 0.2692
11.125 76.875 -1.429
11.125 77.125 -0.61252
11.125 77.375 -0.3044
11.125 77.625 0.55149
11.125 77.875 0.98058
11.125 78.125 -0.84384
11.125 78.375 1.494
11.125 78.625 0.32316
11.125 78.875 0.086939
11.125 79.125 0.63463
11.125 79.375 0.50394
11.125 79.625 0.54945
11.375 75.875 -0.6662
11.375 76.125 -0.9715
11.375 76.375 0.17548
11.375 76.625 -0.59046
11.375 76.875 0.55259
11.375 77.125 -0.31939
11.375 77.375 -0.33737
11.375 77.625 0.75663
11.375 77.875 0.06007
11.375 78.125 -0.23946
11.375 78.375 -0.41689
11.375 78.625 -0.60024
11.375 78.875 -0.52243
11.375 79.125 -0.47694
11.375 79.375 0.39026
11.375 79.625 0.64927
11.625 75.875 -0.31083
11.625 76.125 1.2243
11.625 76.375 -0.18186
11.625 76.625 0.73398
11.625 76.875 -0.070368
11.625 77.125 -0.53914
11.625 77.375 1.3387
11.625 77.625 0.19469
11.625 77.875 -0.46952
11.625 78.125 -0.53461
11.625 78.375 -1.0658
11.625 78.625 0.7393
11.625 78.875 -0.18463
11.625 79.125 1.3075
11.625 79.375 0.23657
NaN NaN NaN
NaN NaN NaN
11.875 75.875 -1.1908
11.875 76.125 0.10763
11.875 76.375 0.72559
11.875 76.625 0.016331
11.875 76.875 -1.6034
11.875 77.125 0.21415
11.875 77.375 0.29164
11.875 77.625 -0.24052
11.875 77.875 -1.1693
11.875 78.125 0.43799
11.875 78.375 0.13403
11.875 78.625 0.40698
11.875 78.875 -0.12064
11.875 79.125 1.3249
11.875 79.375 0.2814
11.875 79.625 0.3778
12.125 75.375 -1.6268
12.125 75.625 -1.1776
12.125 75.875 -0.48742
12.125 76.125 0.075936
12.125 76.375 -0.36343
12.125 76.625 -0.55628
12.125 76.875 -1.205
12.125 77.125 0.015382
12.125 77.375 -0.023465
12.125 77.625 -0.49392
12.125 77.875 -1.4066
12.125 78.125 -0.035504
12.125 78.375 1.3878
12.125 78.625 -0.015501
12.125 78.875 -0.69059
12.125 79.125 0.82914
12.125 79.375 0.39023
12.125 79.625 0.39948
12.375 75.125 -1.5767
12.375 75.375 -1.4365
12.375 75.625 -0.4112
12.375 75.875 0.25898
12.375 76.125 0.71871
12.375 76.375 0.16743
12.375 76.625 0.58269
12.375 76.875 -0.7175
12.375 77.125 -1.8106
12.375 77.375 -0.84014
12.375 77.625 -1.1275
12.375 77.875 -0.73045
12.375 78.125 1.2586
12.375 78.375 1.3276
12.375 78.625 0.68441
12.375 78.875 0.33578
12.375 79.125 0.78219
12.375 79.375 0.52046
12.375 79.625 0.34541
12.375 79.875 0.24035
12.625 75.125 -1.3566
12.625 75.375 -1.0751
12.625 75.625 -0.82904
12.625 75.875 0.24828
12.625 76.125 0.015385
12.625 76.375 1.9694
12.625 76.625 1.3405
12.625 76.875 0.83233
12.625 77.125 -1.1089
12.625 77.375 -0.78946
12.625 77.625 -0.53652
12.625 77.875 0.10454
12.625 78.125 0.69662
12.625 78.375 1.7963
12.625 78.625 1.2299
12.625 78.875 0.89979
12.625 79.125 1.1167
12.625 79.375 -0.2628
12.625 79.625 -0.35861
12.625 79.875 -0.91363
12.875 75.125 -1.1546
12.875 75.375 -0.87193
12.875 75.625 -1.4693
12.875 75.875 -0.1009
12.875 76.125 0.14318
12.875 76.375 2.1509
12.875 76.625 0.99471
12.875 76.875 0.394
12.875 77.125 -0.9398
12.875 77.375 0.33751
12.875 77.625 0.48627
12.875 77.875 0.37663
12.875 78.125 1.4364
12.875 78.375 1.6145
12.875 78.625 1.0002
12.875 78.875 0.58046
12.875 79.125 1.0639
12.875 79.375 0.94529
12.875 79.625 0.53228
12.875 79.875 -0.096455
NaN NaN NaN
13.125 75.125 -0.67129
13.125 75.375 -1.1873
13.125 75.625 -0.87412
13.125 75.875 -0.49873
13.125 76.125 1.1122
13.125 76.375 1.1577
13.125 76.625 2.2297
13.125 76.875 0.81506
13.125 77.125 0.05597
13.125 77.375 0.16274
13.125 77.625 1.3741
13.125 77.875 1.2454
13.125 78.125 1.4189
13.125 78.375 1.4924
13.125 78.625 1.1165
13.125 78.875 0.87604
13.125 79.125 1.2043
13.125 79.375 0.57851
13.125 79.625 0.7485
13.125 79.875 0.72526
13.125 80.125 0.44031
NaN NaN NaN
13.375 75.125 -1.0707
13.375 75.375 -0.73011
13.375 75.625 -1.3728
13.375 75.875 -0.65373
13.375 76.125 0.12502
13.375 76.375 -0.40135
13.375 76.625 -0.767
13.375 76.875 1.3969
13.375 77.125 1.5287
13.375 77.375 1.2039
13.375 77.625 0.85969
13.375 77.875 2.2175
13.375 78.125 1.048
13.375 78.375 1.2786
13.375 78.625 1.699
13.375 78.875 0.66995
13.375 79.125 0.6954
13.375 79.375 0.42207
13.375 79.625 0.37244
13.375 79.875 0.50229
13.375 80.125 0.71411
13.625 74.875 -0.61581
13.625 75.125 -0.22526
13.625 75.375 0.36747
13.625 75.625 -0.23359
13.625 75.875 -0.31705
13.625 76.125 -1.2274
13.625 76.375 -1.275
13.625 76.625 -1.338
13.625 76.875 -0.96682
13.625 77.125 -0.6297
13.625 77.375 0.28995
13.625 77.625 1.7901
13.625 77.875 1.7928
13.625 78.125 1.0463
13.625 78.375 1.3841
13.625 78.625 0.85839
13.625 78.875 0.86191
13.625 79.125 0.58045
13.625 79.375 1.2428
13.625 79.625 -0.086441
13.625 79.875 0.1085
13.625 80.125 0.32419
13.875 74.875 0.59424
13.875 75.125 1.1698
13.875 75.375 0.57241
13.875 75.625 -0.10916
13.875 75.875 -0.33315
13.875 76.125 -0.57837
13.875 76.375 -0.67183
13.875 76.625 0.077246
13.875 76.875 -0.50422
13.875 77.125 -0.59169
13.875 77.375 0.7929
13.875 77.625 0.84512
13.875 77.875 0.45236
13.875 78.125 0.51722
13.875 78.375 1.4153
13.875 78.625 1.0847
13.875 78.875 1.3805
13.875 79.125 1.0067
13.875 79.375 0.26218
13.875 79.625 -0.83458
13.875 79.875 -0.080714
14.125 74.625 0.24029
14.125 74.875 0.93554
14.125 75.125 0.5563
14.125 75.375 -0.36921
14.125 75.625 -0.34186
14.125 75.875 -0.46225
14.125 76.125 -0.087821
14.125 76.375 0.79617
14.125 76.625 0.59655
14.125 76.875 0.20616
14.125 77.125 0.1411
14.125 77.375 0.063518
14.125 77.625 0.30531
14.125 77.875 0.49537
14.125 78.125 0.32464
14.125 78.375 1.1481
14.125 78.625 1.2304
14.125 78.875 1.4215
14.125 79.125 0.18198
14.125 79.375 0.35113
14.125 79.625 0.46793
14.125 79.875 0.41107
14.375 74.625 -0.8348
14.375 74.875 -0.11515
14.375 75.125 0.007216
14.375 75.375 -0.39599
14.375 75.625 -0.32527
14.375 75.875 -0.076794
14.375 76.125 0.54416
14.375 76.375 1.243
14.375 76.625 0.16012
14.375 76.875 -0.15932
14.375 77.125 1.6314
14.375 77.375 0.92512
14.375 77.625 0.36867
14.375 77.875 0.67222
14.375 78.125 0.7308
14.375 78.375 1.6398
14.375 78.625 1.7933
14.375 78.875 1.765
14.375 79.125 0.7028
14.375 79.375 0.76035
14.375 79.625 0.56003
14.375 79.875 0.70464
NaN NaN NaN
14.625 74.625 -0.18387
14.625 74.875 -0.30904
14.625 75.125 -0.32664
14.625 75.375 -0.51151
14.625 75.625 -0.20844
14.625 75.875 0.25226
14.625 76.125 0.086093
14.625 76.375 -0.5006
14.625 76.625 -0.7408
14.625 76.875 -0.49323
14.625 77.125 0.99355
14.625 77.375 1.4964
14.625 77.625 0.33562
14.625 77.875 0.8526
14.625 78.125 1.3381
14.625 78.375 1.9214
14.625 78.625 1.2863
14.625 78.875 1.2095
14.625 79.125 0.65337
14.625 79.375 0.37444
14.625 79.625 -0.48357
14.625 79.875 -0.4132
14.875 74.375 0.64806
14.875 74.625 -0.070908
14.875 74.875 0.17737
14.875 75.125 -0.24108
14.875 75.375 -1.1191
14.875 75.625 -0.51823
14.875 75.875 -0.59413
14.875 76.125 -0.88179
14.875 76.375 -1.029
14.875 76.625 -0.65121
14.875 76.875 -0.24452
14.875 77.125 -0.065228
14.875 77.375 1.1493
14.875 77.625 0.38116
14.875 77.875 0.53192
14.875 78.125 1.2963
14.875 78.375 1.5469
14.875 78.625 0.40543
14.875 78.875 0.98947
14.875 79.125 0.47039
14.875 79.375 -0.57651
14.875 79.625 -0.47658
14.875 79.875 -0.4318
15.125 74.125 -0.46755
15.125 74.375 0.36022
15.125 74.625 1.1789
15.125 74.875 1.2954
15.125 75.125 0.2031
15.125 75.375 -0.63138
15.125 75.625 -0.68784
15.125 75.875 0.30014
15.125 76.125 0.46832
15.125 76.375 -0.34355
15.125 76.625 -0.64953
15.125 76.875 0.063743
15.125 77.125 -0.56926
15.125 77.375 -0.24384
15.125 77.625 0.32873
15.125 77.875 0.45097
15.125 78.125 0.34708
15.125 78.375 1.4717
15.125 78.625 1.2695
15.125 78.875 0.90458
15.125 79.125 0.43816
15.125 79.375 0.037801
15.125 79.625 -0.25335
15.125 79.875 -0.21946
15.375 73.875 -0.55357
15.375 74.125 -0.69805
15.375 74.375 -0.47174
15.375 74.625 0.6928
15.375 74.875 1.328
15.375 75.125 0.92993
15.375 75.375 0.86675
15.375 75.625 0.55584
15.375 75.875 0.034972
15.375 76.125 0.86934
15.375 76.375 0.24418
15.375 76.625 -0.60078
15.375 76.875 -0.55923
15.375 77.125 -0.20056
15.375 77.375 -0.077402
15.375 77.625 0.45732
15.375 77.875 -0.31248
15.375 78.125 0.12128
15.375 78.375 0.88129
15.375 78.625 1.0221
15.375 78.875 0.7201
15.375 79.125 0.92976
15.375 79.375 -0.06254
15.375 79.625 -0.23314
15.375 79.875 -0.27362
15.625 73.875 -0.38645
15.625 74.125 -0.72264
15.625 74.375 -0.98127
15.625 74.625 -0.24234
15.625 74.875 -0.041801
15.625 75.125 -0.074477
15.625 75.375 -0.10416
15.625 75.625 -0.21483
15.625 75.875 0.64574
15.625 76.125 1.3186
15.625 76.375 0.38998
15.625 76.625 -0.012844
15.625 76.875 -0.13192
15.625 77.125 0.03137
15.625 77.375 0.030566
15.625 77.625 0.47941
15.625 77.875 -0.35571
15.625 78.125 0.40483
15.625 78.375 0.66984
15.625 78.625 -0.31785
15.625 78.875 1.224
15.625 79.125 0.38085
15.625 79.375 0.025058
15.625 79.625 -0.27529
15.625 79.875 -0.3589
15.625 80.125 -0.33487
15.875 73.875 0.20776
15.875 74.125 -0.57667
15.875 74.375 -0.41002
15.875 74.625 -0.15071
15.875 74.875 -0.24519
15.875 75.125 -0.37787
15.875 75.375 -0.53769
15.875 75.625 -0.052958
15.875 75.875 0.42509
15.875 76.125 0.30299
15.875 76.375 0.57459
15.875 76.625 0.56804
15.875 76.875 0.28648
15.875 77.125 0.17518
15.875 77.375 0.74298
15.875 77.625 -0.096665
15.875 77.875 1.1257
15.875 78.125 0.44232
15.875 78.375 0.41666
15.875 78.625 0.26013
15.875 78.875 0.96038
15.875 79.125 0.5555
15.875 79.375 0.22743
15.875 79.625 -0.52745
15.875 79.875 -0.36451
15.875 80.125 -0.29021
15.875 80.375 -0.33868
NaN NaN NaN
15.875 80.875 -0.39018
16.125 73.625 0.65876
16.125 73.875 0.026398
16.125 74.125 -0.11048
16.125 74.375 -0.34393
16.125 74.625 -0.13984
16.125 74.875 -0.44449
16.125 75.125 -1.3501
16.125 75.375 -1.2594
16.125 75.625 0.0079843
16.125 75.875 0.92134
16.125 76.125 0.76536
16.125 76.375 0.66735
16.125 76.625 0.72807
16.125 76.875 0.25503
16.125 77.125 0.27103
16.125 77.375 0.81235
16.125 77.625 0.60573
16.125 77.875 1.0906
16.125 78.125 1.1957
16.125 78.375 0.97468
16.125 78.625 0.6471
16.125 78.875 0.36521
16.125 79.125 0.29951
16.125 79.375 -0.15059
16.125 79.625 -0.45462
16.125 79.875 -0.20044
16.125 80.125 0.091727
16.125 80.375 -0.015088
16.125 80.625 -0.23154
16.125 80.875 -0.29249
16.375 73.625 0.26192
16.375 73.875 0.69629
16.375 74.125 -0.058608
16.375 74.375 0.26086
16.375 74.625 -0.69583
16.375 74.875 -0.49037
16.375 75.125 -0.48476
16.375 75.375 -0.59126
16.375 75.625 0.013043
16.375 75.875 1.1036
16.375 76.125 1.2886
16.375 76.375 1.154
16.375 76.625 0.54854
16.375 76.875 0.99931
16.375 77.125 0.61355
16.375 77.375 1.2804
16.375 77.625 1.5822
16.375 77.875 1.142
16.375 78.125 1.4169
16.375 78.375 1.1452
16.375 78.625 0.7983
16.375 78.875 0.37908
16.375 79.125 0.33306
16.375 79.375 0.019441
16.375 79.625 0.02121
16.375 79.875 0.028554
16.375 80.125 0.16727
16.375 80.375 -0.16283
16.375 80.625 -0.24933
16.375 80.875 -0.086078
16.375 81.125 -0.26415
NaN NaN NaN
NaN NaN NaN
16.625 73.625 0.46903
16.625 73.875 -0.47702
16.625 74.125 -0.13968
16.625 74.375 -1.0792
16.625 74.625 -0.39344
16.625 74.875 -0.47704
16.625 75.125 -0.1305
16.625 75.375 -0.066956
16.625 75.625 0.26456
16.625 75.875 0.69831
16.625 76.125 1.1142
16.625 76.375 0.87372
16.625 76.625 -0.70565
16.625 76.875 0.91559
16.625 77.125 1.5511
16.625 77.375 2.216
16.625 77.625 1.5051
16.625 77.875 1.741
16.625 78.125 1.8279
16.625 78.375 1.3757
16.625 78.625 0.74822
16.625 78.875 0.068338
16.625 79.125 -0.18156
16.625 79.375 -0.38381
16.625 79.625 0.13576
16.625 79.875 0.012739
16.625 80.125 -0.013085
16.625 80.375 -0.44661
16.625 80.625 -0.5116
16.625 80.875 -0.31338
16.625 81.125 -0.32252
16.625 81.375 -0.40738
16.625 81.625 -0.3143
16.625 81.875 -0.36794
16.625 82.125 -0.41244
16.875 73.375 0.42079
16.875 73.625 0.29632
16.875 73.875 -0.47391
16.875 74.125 -1.0042
16.875 74.375 -0.35126
16.875 74.625 -0.84978
16.875 74.875 -0.67468
16.875 75.125 -0.065953
16.875 75.375 0.92783
16.875 75.625 0.7479
16.875 75.875 0.42185
16.875 76.125 0.13221
16.875 76.375 -0.13538
16.875 76.625 0.96753
16.875 76.875 1.6051
16.875 77.125 1.6439
16.875 77.375 1.4534
16.875 77.625 0.6044
16.875 77.875 0.78935
16.875 78.125 0.62782
16.875 78.375 0.45373
16.875 78.625 0.087642
16.875 78.875 -0.43049
16.875 79.125 -0.3527
16.875 79.375 -0.42615
16.875 79.625 0.40089
16.875 79.875 -0.18962
16.875 80.125 -0.061375
16.875 80.375 -0.19286
16.875 80.625 -0.25654
16.875 80.875 -0.07024
16.875 81.125 -0.26159
16.875 81.375 -0.52707
16.875 81.625 -0.35086
16.875 81.875 -0.4577
16.875 82.125 -0.45935
17.125 73.375 -0.20239
17.125 73.625 -0.22243
17.125 73.875 -0.2427
17.125 74.125 -0.37472
17.125 74.375 -0.7037
17.125 74.625 -1.0596
17.125 74.875 -1.1815
17.125 75.125 -1.1131
17.125 75.375 -0.59318
17.125 75.625 -0.41717
17.125 75.875 -0.55686
17.125 76.125 -0.5642
17.125 76.375 0.087868
17.125 76.625 0.89916
17.125 76.875 1.6131
17.125 77.125 0.81534
17.125 77.375 -0.090968
17.125 77.625 0.28673
17.125 77.875 -0.02848
17.125 78.125 0.36631
17.125 78.375 0.58361
17.125 78.625 0.24089
17.125 78.875 0.32226
17.125 79.125 0.22547
17.125 79.375 0.012848
17.125 79.625 0.18639
17.125 79.875 -0.073338
17.125 80.125 -0.21231
17.125 80.375 -0.24087
17.125 80.625 -0.17183
17.125 80.875 -0.067371
17.125 81.125 -0.37553
17.125 81.375 -0.44061
17.125 81.625 -0.49941
17.125 81.875 -0.47697
17.125 82.125 -0.31353
17.125 82.375 -0.31817
17.375 73.375 -0.54505
17.375 73.625 -1.0548
17.375 73.875 -0.78945
17.375 74.125 -1.0474
17.375 74.375 -1.4131
17.375 74.625 -1.3322
17.375 74.875 -1.342
17.375 75.125 -1.5478
17.375 75.375 -1.5732
17.375 75.625 -0.87887
17.375 75.875 -1.2798
17.375 76.125 -0.84764
17.375 76.375 0.028643
17.375 76.625 0.57739
17.375 76.875 1.5547
17.375 77.125 1.4747
17.375 77.375 -0.16773
17.375 77.625 0.36105
17.375 77.875 -0.056778
17.375 78.125 0.40201
17.375 78.375 0.34764
17.375 78.625 0.5735
17.375 78.875 0.96363
17.375 79.125 0.62087
17.375 79.375 0.33909
17.375 79.625 0.084372
17.375 79.875 0.20977
17.375 80.125 0.20367
17.375 80.375 -0.089252
17.375 80.625 -0.075685
17.375 80.875 -0.13882
17.375 81.125 -0.34177
17.375 81.375 -0.55604
17.375 81.625 -0.55443
17.375 81.875 -0.51374
17.375 82.125 -0.38306
17.375 82.375 -0.36956
NaN NaN NaN
17.625 73.375 -0.54902
17.625 73.625 -1.5831
17.625 73.875 -0.85377
17.625 74.125 -1.0794
17.625 74.375 -1.3436
17.625 74.625 -1.034
17.625 74.875 -0.54046
17.625 75.125 -0.83413
17.625 75.375 -1.1154
17.625 75.625 -0.9326
17.625 75.875 -1.0686
17.625 76.125 -0.99221
17.625 76.375 -0.6606
17.625 76.625 0.69015
17.625 76.875 1.5133
17.625 77.125 1.2711
17.625 77.375 0.45993
17.625 77.625 0.16591
17.625 77.875 -0.040297
17.625 78.125 0.97846
17.625 78.375 1.0721
17.625 78.625 0.72727
17.625 78.875 0.59943
17.625 79.125 0.57431
17.625 79.375 0.51876
17.625 79.625 0.53308
17.625 79.875 0.39785
17.625 80.125 0.34004
17.625 80.375 0.24989
17.625 80.625 -0.12736
17.625 80.875 -0.10665
17.625 81.125 1.0533
17.625 81.375 -0.24276
17.625 81.625 -0.53667
17.625 81.875 -0.53728
17.625 82.125 -0.36734
17.625 82.375 -0.43179
17.625 82.625 -0.24435
17.625 82.875 -0.46945
17.625 83.125 -0.29836
17.875 73.375 -0.56619
17.875 73.625 -1.0355
17.875 73.875 -0.65586
17.875 74.125 -0.3866
17.875 74.375 -0.46052
17.875 74.625 -0.32502
17.875 74.875 -0.026638
17.875 75.125 -0.85677
17.875 75.375 -0.95665
17.875 75.625 -1.0627
17.875 75.875 -1.0629
17.875 76.125 -0.86631
17.875 76.375 -0.73054
17.875 76.625 0.19585
17.875 76.875 0.8681
17.875 77.125 1.2184
17.875 77.375 0.44394
17.875 77.625 0.52829
17.875 77.875 0.38783
17.875 78.125 0.47803
17.875 78.375 0.79651
17.875 78.625 1.1045
17.875 78.875 0.97292
17.875 79.125 0.53566
17.875 79.375 0.409
17.875 79.625 0.66794
17.875 79.875 0.7741
17.875 80.125 0.45112
17.875 80.375 -0.018287
17.875 80.625 0.3423
17.875 80.875 0.056315
17.875 81.125 0.14485
17.875 81.375 0.57417
17.875 81.625 -0.39804
17.875 81.875 -0.53672
17.875 82.125 -0.54207
17.875 82.375 -0.47984
17.875 82.625 -0.23931
17.875 82.875 -0.1832
17.875 83.125 -0.21637
17.875 83.375 -0.019251
NaN NaN NaN
18.125 73.375 -0.59
18.125 73.625 -0.45463
18.125 73.875 0.00010246
18.125 74.125 -0.28551
18.125 74.375 -0.49464
18.125 74.625 -0.43087
18.125 74.875 -0.38351
18.125 75.125 -1.0134
18.125 75.375 -0.65216
18.125 75.625 -0.55176
18.125 75.875 -0.38499
18.125 76.125 0.58553
18.125 76.375 1.1425
18.125 76.625 0.83035
18.125 76.875 1.1569
18.125 77.125 0.97372
18.125 77.375 0.4757
18.125 77.625 0.4449
18.125 77.875 0.40686
18.125 78.125 0.70264
18.125 78.375 1.1522
18.125 78.625 1.022
18.125 78.875 1.0157
18.125 79.125 0.85175
18.125 79.375 0.55397
18.125 79.625 0.20224
18.125 79.875 0.42573
18.125 80.125 0.62325
18.125 80.375 0.35908
18.125 80.625 0.061685
18.125 80.875 -0.37672
18.125 81.125 0.3013
18.125 81.375 0.67396
18.125 81.625 0.078039
18.125 81.875 -0.35172
18.125 82.125 -0.4213
18.125 82.375 -0.45067
18.125 82.625 -0.36513
18.125 82.875 -0.23376
18.125 83.125 -0.12592
18.125 83.375 0.046075
18.125 83.625 0.54542
18.375 73.125 -0.47602
18.375 73.375 -0.38565
18.375 73.625 1.0431
18.375 73.875 0.50635
18.375 74.125 -0.27761
18.375 74.375 -0.51669
18.375 74.625 -0.68154
18.375 74.875 -0.6333
18.375 75.125 -0.29143
18.375 75.375 0.074581
18.375 75.625 -0.12677
18.375 75.875 -0.064441
18.375 76.125 1.1851
18.375 76.375 1.358
18.375 76.625 0.70247
18.375 76.875 0.75723
18.375 77.125 0.86718
18.375 77.375 0.48074
18.375 77.625 -0.085933
18.375 77.875 0.43162
18.375 78.125 0.70352
18.375 78.375 0.77132
18.375 78.625 0.26218
18.375 78.875 0.11659
18.375 79.125 0.77578
18.375 79.375 0.74199
18.375 79.625 0.33492
18.375 79.875 0.21192
18.375 80.125 0.36422
18.375 80.375 0.63539
18.375 80.625 0.85052
18.375 80.875 -0.28879
18.375 81.125 -0.38738
18.375 81.375 1.1046
18.375 81.625 0.37816
18.375 81.875 0.70584
18.375 82.125 -0.087921
18.375 82.375 -0.10409
18.375 82.625 -0.14708
18.375 82.875 -0.78777
18.375 83.125 -0.040995
18.375 83.375 0.088686
18.375 83.625 0.02077
18.375 83.875 0.15852
18.625 73.125 -0.5428
18.625 73.375 -0.023183
18.625 73.625 0.64498
18.625 73.875 1.0516
18.625 74.125 -0.06093
18.625 74.375 -0.66156
18.625 74.625 -0.66111
18.625 74.875 -0.37925
18.625 75.125 0.064648
18.625 75.375 -0.070895
18.625 75.625 0.84198
18.625 75.875 0.96559
18.625 76.125 0.82942
18.625 76.375 0.76449
18.625 76.625 0.85855
18.625 76.875 0.8664
18.625 77.125 1.1828
18.625 77.375 0.15898
18.625 77.625 0.56081
18.625 77.875 0.74094
18.625 78.125 0.67843
18.625 78.375 0.58642
18.625 78.625 -0.96613
18.625 78.875 0.11942
18.625 79.125 -0.32679
18.625 79.375 0.44075
18.625 79.625 -0.26055
18.625 79.875 0.041513
18.625 80.125 0.47776
18.625 80.375 0.90327
18.625 80.625 1.6925
18.625 80.875 0.61765
18.625 81.125 -0.5326
18.625 81.375 -0.30955
18.625 81.625 0.058225
18.625 81.875 0.037914
18.625 82.125 0.60544
18.625 82.375 1.1947
18.625 82.625 -0.0166
18.625 82.875 -0.25361
18.625 83.125 -0.6379
18.625 83.375 -0.32785
18.625 83.625 -0.23002
18.625 83.875 -0.18661
18.625 84.125 0.0064871
18.875 73.125 -0.52764
18.875 73.375 0.16888
18.875 73.625 1.4473
18.875 73.875 1.2034
18.875 74.125 -0.58094
18.875 74.375 0.31995
18.875 74.625 0.17439
18.875 74.875 0.053317
18.875 75.125 -0.4824
18.875 75.375 1.0235
18.875 75.625 0.30227
18.875 75.875 -0.42816
18.875 76.125 0.59644
18.875 76.375 0.24247
18.875 76.625 0.75002
18.875 76.875 0.96448
18.875 77.125 1.0645
18.875 77.375 0.46008
18.875 77.625 1.3716
18.875 77.875 1.1373
18.875 78.125 0.75679
18.875 78.375 -1.5797
18.875 78.625 0.13152
18.875 78.875 0.21898
18.875 79.125 0.10991
18.875 79.375 0.54496
18.875 79.625 0.16185
18.875 79.875 0.1802
18.875 80.125 0.52685
18.875 80.375 1.3934
18.875 80.625 1.6749
18.875 80.875 1.864
18.875 81.125 0.25441
18.875 81.375 -0.51719
18.875 81.625 -0.85733
18.875 81.875 0.6235
18.875 82.125 0.9501
18.875 82.375 1.1495
18.875 82.625 -0.21016
18.875 82.875 0.063233
18.875 83.125 -0.36411
18.875 83.375 -0.4278
18.875 83.625 -0.18188
18.875 83.875 -0.21033
18.875 84.125 -0.38078
18.875 84.375 -0.4725
19.125 73.125 -0.60865
19.125 73.375 0.094071
19.125 73.625 0.37422
19.125 73.875 0.63443
19.125 74.125 0.73268
19.125 74.375 0.92305
19.125 74.625 0.27594
19.125 74.875 0.43555
19.125 75.125 0.52124
19.125 75.375 0.4408
19.125 75.625 0.22361
19.125 75.875 -0.25838
19.125 76.125 0.50008
19.125 76.375 0.26631
19.125 76.625 0.64926
19.125 76.875 0.0090546
19.125 77.125 1.4749
19.125 77.375 0.39506
19.125 77.625 0.96318
19.125 77.875 0.65485
19.125 78.125 0.42654
19.125 78.375 0.095087
19.125 78.625 0.13976
19.125 78.875 0.38773
19.125 79.125 0.29701
19.125 79.375 0.94428
19.125 79.625 0.70416
19.125 79.875 -0.26836
19.125 80.125 0.090472
19.125 80.375 0.24414
19.125 80.625 1.6487
19.125 80.875 1.6341
19.125 81.125 0.74131
19.125 81.375 -0.94554
19.125 81.625 -0.9573
19.125 81.875 -0.51632
19.125 82.125 0.76207
19.125 82.375 0.54639
19.125 82.625 0.266
19.125 82.875 -0.18728
19.125 83.125 -0.9051
19.125 83.375 -0.80478
19.125 83.625 -0.56534
19.125 83.875 -0.31834
19.125 84.125 -0.32225
19.125 84.375 -0.67261
19.125 84.625 -0.4645
19.375 72.875 -0.47152
19.375 73.125 -0.51511
19.375 73.375 0.22342
19.375 73.625 0.82975
19.375 73.875 1.1544
19.375 74.125 1.6535
19.375 74.375 0.97618
19.375 74.625 0.89482
19.375 74.875 0.8529
19.375 75.125 0.79921
19.375 75.375 0.47428
19.375 75.625 -0.68782
19.375 75.875 -0.11607
19.375 76.125 0.53177
19.375 76.375 -0.58492
19.375 76.625 -1.1454
19.375 76.875 -1.5758
19.375 77.125 0.23742
19.375 77.375 0.14203
19.375 77.625 -0.10509
19.375 77.875 0.017197
19.375 78.125 0.93227
19.375 78.375 0.28968
19.375 78.625 0.30719
19.375 78.875 0.13606
19.375 79.125 0.18612
19.375 79.375 0.52835
19.375 79.625 0.097291
19.375 79.875 -0.44529
19.375 80.125 -0.62781
19.375 80.375 -0.29482
19.375 80.625 0.92375
19.375 80.875 1.2259
19.375 81.125 0.80498
19.375 81.375 -0.8044
19.375 81.625 -0.73267
19.375 81.875 0.5499
19.375 82.125 1.0591
19.375 82.375 0.63327
19.375 82.625 0.34007
19.375 82.875 0.14462
19.375 83.125 -0.4906
19.375 83.375 -1.141
19.375 83.625 -0.93973
19.375 83.875 -0.30653
19.375 84.125 -0.31497
19.375 84.375 -0.50827
19.375 84.625 -0.035167
19.375 84.875 0.052846
19.625 72.875 -0.45892
19.625 73.125 -0.49648
19.625 73.375 0.57857
19.625 73.625 1.1674
19.625 73.875 1.5546
19.625 74.125 0.92697
19.625 74.375 0.82327
19.625 74.625 0.60665
19.625 74.875 0.31407
19.625 75.125 0.10577
19.625 75.375 -0.24928
19.625 75.625 -0.020805
19.625 75.875 0.40745
19.625 76.125 0.72127
19.625 76.375 -0.79229
19.625 76.625 -1.457
19.625 76.875 -2.1794
19.625 77.125 -1.4631
19.625 77.375 -0.30526
19.625 77.625 -0.009646
19.625 77.875 0.076865
19.625 78.125 0.055981
19.625 78.375 0.50319
19.625 78.625 0.82672
19.625 78.875 0.07978
19.625 79.125 -0.2137
19.625 79.375 -0.34731
19.625 79.625 -0.38405
19.625 79.875 -0.56601
19.625 80.125 -0.87004
19.625 80.375 -0.14891
19.625 80.625 0.32353
19.625 80.875 0.49089
19.625 81.125 0.98976
19.625 81.375 -0.94683
19.625 81.625 -0.9566
19.625 81.875 0.39247
19.625 82.125 0.50853
19.625 82.375 0.46977
19.625 82.625 0.17354
19.625 82.875 0.54508
19.625 83.125 0.29221
19.625 83.375 -0.52607
19.625 83.625 -0.046926
19.625 83.875 0.21225
19.625 84.125 -0.18191
19.625 84.375 -0.25133
19.625 84.625 -0.21684
19.625 84.875 -0.40472
19.625 85.125 -0.80979
19.625 85.375 -0.254
19.875 72.875 -0.43051
19.875 73.125 -0.53509
19.875 73.375 0.56689
19.875 73.625 2.1591
19.875 73.875 1.7988
19.875 74.125 0.81922
19.875 74.375 0.87974
19.875 74.625 0.6675
19.875 74.875 0.55865
19.875 75.125 -0.50544
19.875 75.375 -0.51455
19.875 75.625 0.26747
19.875 75.875 0.78113
19.875 76.125 0.69898
19.875 76.375 0.50933
19.875 76.625 -0.5554
19.875 76.875 -0.62963
19.875 77.125 -0.50217
19.875 77.375 -0.092649
19.875 77.625 0.14543
19.875 77.875 -0.16931
19.875 78.125 -0.24571
19.875 78.375 -0.15904
19.875 78.625 0.014836
19.875 78.875 -0.13711
19.875 79.125 -0.15804
19.875 79.375 -0.335
19.875 79.625 -0.20443
19.875 79.875 -0.26085
19.875 80.125 -0.41496
19.875 80.375 -0.8218
19.875 80.625 -0.18773
19.875 80.875 1.0754
19.875 81.125 0.53232
19.875 81.375 -0.81743
19.875 81.625 -0.11833
19.875 81.875 0.32888
19.875 82.125 0.42724
19.875 82.375 -0.1576
19.875 82.625 0.046742
19.875 82.875 -0.32655
19.875 83.125 -0.69329
19.875 83.375 -0.66378
19.875 83.625 -0.070266
19.875 83.875 -0.74053
19.875 84.125 -0.25928
19.875 84.375 -0.20342
19.875 84.625 0.6668
19.875 84.875 -0.22553
19.875 85.125 -1.0024
19.875 85.375 -1.5129
NaN NaN NaN
NaN NaN NaN
NaN NaN NaN
20.125 72.875 -0.4908
20.125 73.125 -0.55429
20.125 73.375 0.28239
20.125 73.625 1.1519
20.125 73.875 1.3021
20.125 74.125 0.76415
20.125 74.375 0.53224
20.125 74.625 0.85263
20.125 74.875 0.37077
20.125 75.125 -0.28059
20.125 75.375 0.03542
20.125 75.625 -0.35972
20.125 75.875 -0.49474
20.125 76.125 0.49549
20.125 76.375 0.93664
20.125 76.625 0.22659
20.125 76.875 0.014839
20.125 77.125 0.16155
20.125 77.375 0.12089
20.125 77.625 0.28549
20.125 77.875 -0.12896
20.125 78.125 -0.15676
20.125 78.375 -0.13001
20.125 78.625 -0.13213
20.125 78.875 -0.051883
20.125 79.125 -0.26145
20.125 79.375 -0.38909
20.125 79.625 -0.27027
20.125 79.875 -0.25103
20.125 80.125 -0.2776
20.125 80.375 0.50199
20.125 80.625 0.82584
20.125 80.875 0.62556
20.125 81.125 0.44883
20.125 81.375 0.34046
20.125 81.625 0.83991
20.125 81.875 1.0377
20.125 82.125 0.76178
20.125 82.375 -0.59148
20.125 82.625 -0.94949
20.125 82.875 -1.4937
20.125 83.125 -0.4708
20.125 83.375 -1.3679
20.125 83.625 -1.5637
20.125 83.875 1.0971
20.125 84.125 0.79546
20.125 84.375 -0.69614
20.125 84.625 -0.11808
20.125 84.875 -0.17788
20.125 85.125 0.76534
20.125 85.375 0.003682
20.125 85.625 -0.40862
20.125 85.875 -0.6807
20.125 86.125 -0.80212
NaN NaN NaN
20.375 73.125 -0.47694
20.375 73.375 0.35865
20.375 73.625 0.81976
20.375 73.875 0.040495
20.375 74.125 -0.3249
20.375 74.375 0.29499
20.375 74.625 -0.076172
20.375 74.875 0.29807
20.375 75.125 1.2334
20.375 75.375 1.259
20.375 75.625 0.54345
20.375 75.875 0.024631
20.375 76.125 -0.06865
20.375 76.375 -0.41784
20.375 76.625 0.23377
20.375 76.875 -0.23525
20.375 77.125 0.33884
20.375 77.375 -0.027602
20.375 77.625 -0.18828
20.375 77.875 -0.75942
20.375 78.125 -0.34895
20.375 78.375 0.057426
20.375 78.625 0.19534
20.375 78.875 0.25803
20.375 79.125 0.16634
20.375 79.375 -0.066993
20.375 79.625 -0.032644
20.375 79.875 -0.040942
20.375 80.125 0.41638
20.375 80.375 1.1362
20.375 80.625 1.3145
20.375 80.875 0.95821
20.375 81.125 0.46838
20.375 81.375 0.25216
20.375 81.625 1.0249
20.375 81.875 0.9613
20.375 82.125 1.2882
20.375 82.375 0.76546
20.375 82.625 0.0055321
20.375 82.875 -0.72007
20.375 83.125 -0.92163
20.375 83.375 -0.71141
20.375 83.625 -0.27596
20.375 83.875 -0.61429
20.375 84.125 -0.89962
20.375 84.375 -1.4307
20.375 84.625 -0.85496
20.375 84.875 -0.83784
20.375 85.125 -0.69339
20.375 85.375 -0.69656
20.375 85.625 -0.16998
20.375 85.875 -0.62798
20.375 86.125 -0.4679
20.375 86.375 -0.61097
NaN NaN NaN
20.625 73.125 1.5783
20.625 73.375 2.1588
20.625 73.625 1.983
20.625 73.875 1.7174
20.625 74.125 0.95981
20.625 74.375 1.1995
20.625 74.625 1.573
20.625 74.875 0.86314
20.625 75.125 0.93511
20.625 75.375 1.4305
20.625 75.625 0.81974
20.625 75.875 -0.22961
20.625 76.125 -0.38941
20.625 76.375 -0.25627
20.625 76.625 -0.43384
20.625 76.875 -0.14186
20.625 77.125 0.10069
20.625 77.375 0.093903
20.625 77.625 -0.10295
20.625 77.875 0.0071742
20.625 78.125 0.028774
20.625 78.375 0.036483
20.625 78.625 0.16528
20.625 78.875 1.0869
20.625 79.125 0.75049
20.625 79.375 -0.17205
20.625 79.625 -0.31236
20.625 79.875 0.016482
20.625 80.125 0.2866
20.625 80.375 0.68542
20.625 80.625 0.70634
20.625 80.875 0.74757
20.625 81.125 1.0523
20.625 81.375 0.60893
20.625 81.625 0.85715
20.625 81.875 1.0549
20.625 82.125 1.7104
20.625 82.375 1.1297
20.625 82.625 -0.32102
20.625 82.875 -0.034448
20.625 83.125 -0.52349
20.625 83.375 -0.17554
20.625 83.625 -0.74315
20.625 83.875 -0.92612
20.625 84.125 -1.693
20.625 84.375 -1.3062
20.625 84.625 -0.47731
20.625 84.875 -0.43937
20.625 85.125 -0.52385
20.625 85.375 0.55492
20.625 85.625 -1.2855
20.625 85.875 -0.29602
20.625 86.125 -0.24059
20.625 86.375 -0.13603
20.625 86.625 -0.22185
NaN NaN NaN
20.875 70.625 2.0878
20.875 70.875 2.0151
20.875 71.125 1.8865
20.875 71.375 1.9533
20.875 72.875 1.8054
20.875 73.125 1.6594
20.875 73.375 1.7109
20.875 73.625 1.5321
20.875 73.875 1.531
20.875 74.125 1.8317
20.875 74.375 2.0009
20.875 74.625 1.7067
20.875 74.875 0.86058
20.875 75.125 1.2871
20.875 75.375 0.81407
20.875 75.625 -0.24464
20.875 75.875 0.51861
20.875 76.125 0.28875
20.875 76.375 -0.31996
20.875 76.625 -0.079074
20.875 76.875 0.20161
20.875 77.125 0.061877
20.875 77.375 -0.0013301
20.875 77.625 0.58437
20.875 77.875 0.65726
20.875 78.125 0.30448
20.875 78.375 0.4492
20.875 78.625 -0.33264
20.875 78.875 0.17619
20.875 79.125 0.083677
20.875 79.375 -0.69541
20.875 79.625 -0.48648
20.875 79.875 -0.15669
20.875 80.125 -0.019222
20.875 80.375 0.15336
20.875 80.625 0.26534
20.875 80.875 0.76347
20.875 81.125 1.077
20.875 81.375 -0.098343
20.875 81.625 1.0362
20.875 81.875 0.90138
20.875 82.125 0.6513
20.875 82.375 0.84446
20.875 82.625 -0.8787
20.875 82.875 -1.2532
20.875 83.125 -0.96368
20.875 83.375 -1.0707
20.875 83.625 0.208
20.875 83.875 -1.2437
20.875 84.125 -1.6306
20.875 84.375 -0.14644
20.875 84.625 -0.47449
20.875 84.875 -0.26981
20.875 85.125 0.46644
20.875 85.375 0.40212
20.875 85.625 -0.15389
20.875 85.875 -0.5061
20.875 86.125 0.55642
20.875 86.375 -0.073296
20.875 86.625 -0.13263
21.125 70.375 1.9207
21.125 70.625 1.9084
21.125 70.875 0.43976
21.125 71.125 0.44622
21.125 71.375 0.9871
NaN NaN NaN
NaN NaN NaN
21.125 72.875 1.483
21.125 73.125 1.5108
21.125 73.375 2.1027
21.125 73.625 1.3196
21.125 73.875 0.93652
21.125 74.125 1.0255
21.125 74.375 0.65231
21.125 74.625 0.91765
21.125 74.875 1.3845
21.125 75.125 0.68041
21.125 75.375 1.3608
21.125 75.625 0.92944
21.125 75.875 1.1537
21.125 76.125 1.572
21.125 76.375 0.8907
21.125 76.625 -0.051483
21.125 76.875 0.084342
21.125 77.125 0.2499
21.125 77.375 0.46944
21.125 77.625 0.82305
21.125 77.875 0.76449
21.125 78.125 0.93423
21.125 78.375 0.72786
21.125 78.625 -0.1821
21.125 78.875 0.25954
21.125 79.125 -0.047091
21.125 79.375 -0.64565
21.125 79.625 0.10854
21.125 79.875 0.47192
21.125 80.125 0.85865
21.125 80.375 -0.66832
21.125 80.625 -0.066222
21.125 80.875 0.0031904
21.125 81.125 0.15943
21.125 81.375 0.66581
21.125 81.625 -0.13149
21.125 81.875 0.20675
21.125 82.125 1.6464
21.125 82.375 0.60894
21.125 82.625 -0.56242
21.125 82.875 -0.5522
21.125 83.125 -0.90742
21.125 83.375 -0.84426
21.125 83.625 -0.37575
21.125 83.875 -0.75069
21.125 84.125 -1.3639
21.125 84.375 -1.5427
21.125 84.625 -0.30687
21.125 84.875 0.51696
21.125 85.125 -0.11277
21.125 85.375 0.26519
21.125 85.625 0.089499
21.125 85.875 0.20388
21.125 86.125 0.18008
21.125 86.375 0.14081
21.125 86.625 -0.049021
21.375 70.125 1.2682
21.375 70.375 1.262
21.375 70.625 1.9547
21.375 70.875 0.80793
21.375 71.125 -0.11137
21.375 71.375 0.022223
21.375 71.625 0.59001
21.375 71.875 1.1113
21.375 72.875 1.9415
21.375 73.125 2.2292
21.375 73.375 2.0036
21.375 73.625 1.3025
21.375 73.875 0.8119
21.375 74.125 0.62117
21.375 74.375 1.1823
21.375 74.625 1.3838
21.375 74.875 1.7285
21.375 75.125 1.4792
21.375 75.375 1.1842
21.375 75.625 1.2384
21.375 75.875 1.1942
21.375 76.125 1.3471
21.375 76.375 1.1415
21.375 76.625 0.0054787
21.375 76.875 0.2584
21.375 77.125 0.67474
21.375 77.375 1.1958
21.375 77.625 1.0765
21.375 77.875 0.58728
21.375 78.125 1.2155
21.375 78.375 1.2712
21.375 78.625 0.43851
21.375 78.875 0.1918
21.375 79.125 0.12245
21.375 79.375 -0.34366
21.375 79.625 -1.0777
21.375 79.875 -0.022417
21.375 80.125 -1.091
21.375 80.375 -1.0277
21.375 80.625 -0.73137
21.375 80.875 -1.2474
21.375 81.125 -1.3288
21.375 81.375 -0.2254
21.375 81.625 0.17513
21.375 81.875 0.43385
21.375 82.125 0.77209
21.375 82.375 0.70327
21.375 82.625 0.06611
21.375 82.875 0.36959
21.375 83.125 0.27046
21.375 83.375 -0.27939
21.375 83.625 -0.33552
21.375 83.875 -0.043451
21.375 84.125 0.1578
21.375 84.375 -0.20888
21.375 84.625 1.1362
21.375 84.875 0.3766
21.375 85.125 0.86425
21.375 85.375 0.60699
21.375 85.625 0.38189
21.375 85.875 -0.0045748
21.375 86.125 0.22748
21.375 86.375 -0.25854
21.375 86.625 -0.40558
21.375 86.875 -0.33901
21.625 69.875 1.0847
21.625 70.125 0.78603
21.625 70.375 1.4118
21.625 70.625 1.5763
21.625 70.875 0.77052
21.625 71.125 -0.21299
21.625 71.375 1.4237
21.625 71.625 1.855
21.625 71.875 1.2566
21.625 72.125 0.9847
21.625 72.875 1.5966
21.625 73.125 1.1968
21.625 73.375 1.3927
21.625 73.625 1.054
21.625 73.875 0.91786
21.625 74.125 0.93449
21.625 74.375 1.5002
21.625 74.625 1.5688
21.625 74.875 1.6972
21.625 75.125 1.0945
21.625 75.375 0.83601
21.625 75.625 0.89183
21.625 75.875 0.80779
21.625 76.125 0.70901
21.625 76.375 0.10489
21.625 76.625 -0.90823
21.625 76.875 0.55012
21.625 77.125 1.0416
21.625 77.375 1.4218
21.625 77.625 0.76757
21.625 77.875 0.57586
21.625 78.125 0.68616
21.625 78.375 0.78973
21.625 78.625 0.07722
21.625 78.875 0.010936
21.625 79.125 -0.082367
21.625 79.375 -0.04301
21.625 79.625 -0.26019
21.625 79.875 -0.44736
21.625 80.125 -0.33566
21.625 80.375 0.31137
21.625 80.625 -0.84014
21.625 80.875 -1.3414
21.625 81.125 -1.8892
21.625 81.375 -1.0765
21.625 81.625 0.17247
21.625 81.875 0.42317
21.625 82.125 0.76213
21.625 82.375 0.39385
21.625 82.625 0.60027
21.625 82.875 1.023
21.625 83.125 0.83165
21.625 83.375 0.84371
21.625 83.625 0.93329
21.625 83.875 1.6702
21.625 84.125 1.6413
21.625 84.375 1.7927
21.625 84.625 1.7578
21.625 84.875 1.4414
21.625 85.125 1.2371
21.625 85.375 1.3934
21.625 85.625 1.0118
21.625 85.875 0.93021
21.625 86.125 0.36651
21.625 86.375 0.08812
21.625 86.625 -0.45859
21.625 86.875 -0.47274
21.625 87.125 -0.022549
NaN NaN NaN
NaN NaN NaN
21.875 69.625 1.8738
21.875 69.875 1.6936
21.875 70.125 1.4469
21.875 70.375 1.5922
21.875 70.625 1.4773
21.875 70.875 0.39108
21.875 71.125 -0.38481
21.875 71.375 1.2628
21.875 71.625 1.6007
21.875 71.875 0.88543
21.875 72.125 0.54824
NaN NaN NaN
21.875 72.875 1.5977
21.875 73.125 1.0102
21.875 73.375 0.9501
21.875 73.625 0.83992
21.875 73.875 1.1963
21.875 74.125 0.64708
21.875 74.375 0.54201
21.875 74.625 1.1668
21.875 74.875 0.89442
21.875 75.125 0.68685
21.875 75.375 0.079913
21.875 75.625 0.6663
21.875 75.875 1.0253
21.875 76.125 0.73418
21.875 76.375 0.19105
21.875 76.625 -0.012791
21.875 76.875 0.31412
21.875 77.125 1.1575
21.875 77.375 1.139
21.875 77.625 0.63675
21.875 77.875 0.3169
21.875 78.125 0.30259
21.875 78.375 0.28555
21.875 78.625 -0.00011148
21.875 78.875 0.42905
21.875 79.125 -0.016516
21.875 79.375 0.13202
21.875 79.625 0.077085
21.875 79.875 -0.030326
21.875 80.125 0.075117
21.875 80.375 0.16981
21.875 80.625 0.14751
21.875 80.875 -0.82826
21.875 81.125 -1.3582
21.875 81.375 -0.5781
21.875 81.625 0.75545
21.875 81.875 0.010623
21.875 82.125 1.148
21.875 82.375 0.90163
21.875 82.625 0.16293
21.875 82.875 1.3909
21.875 83.125 1.0307
21.875 83.375 0.56886
21.875 83.625 0.47319
21.875 83.875 1.9713
21.875 84.125 2.0206
21.875 84.375 2.1379
21.875 84.625 1.6511
21.875 84.875 1.557
21.875 85.125 1.2703
21.875 85.375 1.6053
21.875 85.625 0.61352
21.875 85.875 1.2868
21.875 86.125 0.49356
21.875 86.375 0.0085942
21.875 86.625 -0.3913
21.875 86.875 -0.25444
21.875 87.125 -0.025638
21.875 87.375 0.33088
21.875 87.625 0.1689
21.875 87.875 0.061826
21.875 88.375 0.29491
NaN NaN NaN
NaN NaN NaN
22.125 69.125 1.9518
22.125 69.375 2.0629
22.125 69.625 1.9222
22.125 69.875 1.6511
22.125 70.125 1.5601
22.125 70.375 1.2704
22.125 70.625 1.0132
22.125 70.875 1.0177
22.125 71.125 -0.26289
22.125 71.375 0.45235
22.125 71.625 0.80068
22.125 71.875 0.022074
22.125 72.125 0.47194
NaN NaN NaN
22.125 72.875 1.2712
22.125 73.125 0.75332
22.125 73.375 1.316
22.125 73.625 1.2219
22.125 73.875 1.3654
22.125 74.125 1.3434
22.125 74.375 0.59165
22.125 74.625 0.55596
22.125 74.875 0.63612
22.125 75.125 0.50718
22.125 75.375 0.25078
22.125 75.625 1.0035
22.125 75.875 1.0653
22.125 76.125 0.70072
22.125 76.375 0.3471
22.125 76.625 0.74691
22.125 76.875 0.87376
22.125 77.125 0.87458
22.125 77.375 0.82309
22.125 77.625 0.38387
22.125 77.875 0.25824
22.125 78.125 0.01226
22.125 78.375 -0.032427
22.125 78.625 -0.095598
22.125 78.875 0.6002
22.125 79.125 0.076457
22.125 79.375 -0.28166
22.125 79.625 0.30359
22.125 79.875 0.40388
22.125 80.125 0.1297
22.125 80.375 0.31194
22.125 80.625 0.38564
22.125 80.875 -0.94111
22.125 81.125 -1.6896
22.125 81.375 1.0464
22.125 81.625 0.19989
22.125 81.875 0.202
22.125 82.125 0.29946
22.125 82.375 -0.37073
22.125 82.625 -0.32573
22.125 82.875 0.60727
22.125 83.125 -0.23039
22.125 83.375 -0.52243
22.125 83.625 0.78635
22.125 83.875 1.1428
22.125 84.125 1.789
22.125 84.375 1.606
22.125 84.625 1.6528
22.125 84.875 1.7062
22.125 85.125 1.3235
22.125 85.375 1.1965
22.125 85.625 0.33623
22.125 85.875 0.079778
22.125 86.125 0.82404
22.125 86.375 0.87479
22.125 86.625 0.70794
22.125 86.875 0.50113
22.125 87.125 0.54489
22.125 87.375 0.32352
22.125 87.625 0.10202
22.125 87.875 0.11568
22.125 88.125 0.54193
22.125 88.375 0.37389
NaN NaN NaN
22.375 69.125 2.0595
22.375 69.875 0.83594
22.375 70.125 1.3083
22.375 70.375 -0.035902
22.375 70.625 0.51585
22.375 70.875 0.37615
22.375 71.125 0.72678
22.375 71.375 0.97736
22.375 71.625 -0.82732
22.375 71.875 -0.064417
22.375 72.125 0.36587
NaN NaN NaN
22.375 72.875 0.41732
22.375 73.125 0.82104
22.375 73.375 0.67938
22.375 73.625 1.6101
22.375 73.875 1.2791
22.375 74.125 1.2526
22.375 74.375 0.9156
22.375 74.625 0.62888
22.375 74.875 0.77572
22.375 75.125 0.978
22.375 75.375 0.89855
22.375 75.625 0.79718
22.375 75.875 0.56212
22.375 76.125 0.7287
22.375 76.375 0.84764
22.375 76.625 1.2999
22.375 76.875 1.0022
22.375 77.125 0.89826
22.375 77.375 0.83497
22.375 77.625 0.60748
22.375 77.875 0.42517
22.375 78.125 0.080116
22.375 78.375 0.45103
22.375 78.625 0.016905
22.375 78.875 0.36468
22.375 79.125 0.13793
22.375 79.375 0.23661
22.375 79.625 0.12314
22.375 79.875 0.067588
22.375 80.125 0.16187
22.375 80.375 -0.33894
22.375 80.625 0.0075573
22.375 80.875 -0.3707
22.375 81.125 -0.43085
22.375 81.375 0.43182
22.375 81.625 0.14463
22.375 81.875 0.12776
22.375 82.125 -0.22277
22.375 82.375 -0.85535
22.375 82.625 -1.1877
22.375 82.875 -1.1106
22.375 83.125 -0.97028
22.375 83.375 -2.0264
22.375 83.625 -1.8796
22.375 83.875 -0.97341
22.375 84.125 0.48582
22.375 84.375 1.192
22.375 84.625 1.0238
22.375 84.875 1.0924
22.375 85.125 0.45143
22.375 85.375 0.58029
22.375 85.625 0.14741
22.375 85.875 -0.63813
22.375 86.125 -0.5636
22.375 86.375 0.47405
22.375 86.625 0.41407
22.375 86.875 0.47516
22.375 87.125 0.60472
22.375 87.375 0.44984
22.375 87.625 0.48513
22.375 87.875 1.0793
22.375 88.125 0.5904
22.375 88.375 0.24419
22.375 88.625 0.17255
22.375 88.875 0.15982
NaN NaN NaN
22.625 70.375 1.5831
22.625 70.625 1.5986
22.625 70.875 0.39213
22.625 71.125 0.61657
22.625 71.375 0.18738
22.625 71.625 -0.76493
22.625 71.875 -1.4765
22.625 72.125 -0.71075
22.625 72.375 -0.21393
22.625 72.625 1.792
22.625 72.875 0.37884
22.625 73.125 -0.23782
22.625 73.375 0.9217
22.625 73.625 0.21134
22.625 73.875 -0.034287
22.625 74.125 0.83441
22.625 74.375 1.1482
22.625 74.625 0.93908
22.625 74.875 0.84291
22.625 75.125 1.0144
22.625 75.375 0.86799
22.625 75.625 0.58824
22.625 75.875 0.53943
22.625 76.125 0.8505
22.625 76.375 0.45502
22.625 76.625 1.1123
22.625 76.875 1.0643
22.625 77.125 0.84732
22.625 77.375 0.75296
22.625 77.625 0.33772
22.625 77.875 0.65482
22.625 78.125 0.55237
22.625 78.375 0.54813
22.625 78.625 0.38309
22.625 78.875 0.51208
22.625 79.125 0.34063
22.625 79.375 -0.057521
22.625 79.625 -0.22337
22.625 79.875 -0.31907
22.625 80.125 -0.05471
22.625 80.375 -0.53811
22.625 80.625 -0.59588
22.625 80.875 -0.50656
22.625 81.125 -0.16899
22.625 81.375 -0.48336
22.625 81.625 -0.22357
22.625 81.875 0.19656
22.625 82.125 -0.12181
22.625 82.375 -1.9898
22.625 82.625 -1.9742
22.625 82.875 -2.2666
22.625 83.125 -2.1627
22.625 83.375 -1.7349
22.625 83.625 -0.61868
22.625 83.875 -1.3675
22.625 84.125 -0.30842
22.625 84.375 0.23404
22.625 84.625 0.44574
22.625 84.875 0.54731
22.625 85.125 0.38419
22.625 85.375 0.30652
22.625 85.625 -0.39621
22.625 85.875 -0.45009
22.625 86.125 -0.33398
22.625 86.375 0.23381
22.625 86.625 0.44464
22.625 86.875 0.54711
22.625 87.125 0.92488
22.625 87.375 0.90035
22.625 87.625 0.63991
22.625 87.875 1.1884
22.625 88.125 0.83544
22.625 88.375 0.33373
22.625 88.625 0.34626
22.625 88.875 0.24059
22.625 92.625 -0.47772
22.625 92.875 1.3761
NaN NaN NaN
NaN NaN NaN
NaN NaN NaN
22.875 70.625 1.3438
22.875 70.875 0.54868
22.875 71.125 -0.1883
22.875 71.375 -1.5505
22.875 71.625 -1.4875
22.875 71.875 -1.5945
22.875 72.125 -1.0528
22.875 72.375 0.2468
22.875 72.625 1.3829
22.875 72.875 0.56311
22.875 73.125 0.99926
22.875 73.375 0.88065
22.875 73.625 0.50473
22.875 73.875 0.63289
22.875 74.125 1.0751
22.875 74.375 0.90897
22.875 74.625 1.0523
22.875 74.875 1.1971
22.875 75.125 0.97361
22.875 75.375 0.89488
22.875 75.625 0.61611
22.875 75.875 0.4713
22.875 76.125 0.33622
22.875 76.375 0.23133
22.875 76.625 1.138
22.875 76.875 1.1743
22.875 77.125 1.037
22.875 77.375 0.33047
22.875 77.625 0.69711
22.875 77.875 0.58212
22.875 78.125 0.74156
22.875 78.375 0.44873
22.875 78.625 0.28218
22.875 78.875 0.2526
22.875 79.125 0.047324
22.875 79.375 -0.1155
22.875 79.625 -0.61311
22.875 79.875 -0.76432
22.875 80.125 -0.62673
22.875 80.375 -0.39521
22.875 80.625 -0.46699
22.875 80.875 -0.28963
22.875 81.125 -0.34761
22.875 81.375 -0.52775
22.875 81.625 -0.60368
22.875 81.875 -0.54853
22.875 82.125 -0.15592
22.875 82.375 -0.28721
22.875 82.625 -1.8751
22.875 82.875 -2.1141
22.875 83.125 -2.0175
22.875 83.375 -0.47708
22.875 83.625 -0.058459
22.875 83.875 -0.11869
22.875 84.125 -0.61092
22.875 84.375 -0.52231
22.875 84.625 -0.8387
22.875 84.875 0.93534
22.875 85.125 0.64575
22.875 85.375 0.93615
22.875 85.625 0.57303
22.875 85.875 0.14272
22.875 86.125 0.10687
22.875 86.375 0.3963
22.875 86.625 1.1997
22.875 86.875 1.4767
22.875 87.125 1.7688
22.875 87.375 1.6336
22.875 87.625 0.95036
22.875 87.875 -0.81643
22.875 88.125 1.1438
22.875 88.375 0.95324
22.875 88.625 0.82767
22.875 92.625 -0.41856
22.875 92.875 0.77057
23.125 68.875 1.9198
23.125 69.125 2.1336
23.125 69.375 1.9749
23.125 69.625 1.6016
23.125 69.875 1.5057
23.125 70.125 1.1496
23.125 70.875 -0.29942
23.125 71.125 0.58954
23.125 71.375 -1.329
23.125 71.625 -1.1583
23.125 71.875 -1.3361
23.125 72.125 0.0050996
23.125 72.375 -0.50987
23.125 72.625 1.3054
23.125 72.875 0.82386
23.125 73.125 0.17761
23.125 73.375 1.1989
23.125 73.625 0.52824
23.125 73.875 0.86072
23.125 74.125 0.76466
23.125 74.375 0.85084
23.125 74.625 1.1323
23.125 74.875 1.1381
23.125 75.125 1.0065
23.125 75.375 0.97981
23.125 75.625 0.62343
23.125 75.875 0.29618
23.125 76.125 0.18958
23.125 76.375 0.2411
23.125 76.625 0.1419
23.125 76.875 0.25315
23.125 77.125 0.58194
23.125 77.375 0.86629
23.125 77.625 0.68654
23.125 77.875 0.83791
23.125 78.125 0.72602
23.125 78.375 0.53611
23.125 78.625 -0.033051
23.125 78.875 -0.26643
23.125 79.125 -0.082823
23.125 79.375 0.17662
23.125 79.625 -0.60795
23.125 79.875 -0.57501
23.125 80.125 -0.55253
23.125 80.375 -0.38588
23.125 80.625 -0.25875
23.125 80.875 -0.22742
23.125 81.125 -0.068999
23.125 81.375 -0.31928
23.125 81.625 -0.21983
23.125 81.875 -0.076397
23.125 82.125 0.051596
23.125 82.375 0.55203
23.125 82.625 1.211
23.125 82.875 -0.38242
23.125 83.125 -1.5764
23.125 83.375 0.46398
23.125 83.625 1.0269
23.125 83.875 0.84664
23.125 84.125 -0.80506
23.125 84.375 -1.1796
23.125 84.625 0.26618
23.125 84.875 0.4239
23.125 85.125 0.76433
23.125 85.375 1.403
23.125 85.625 0.52741
23.125 85.875 -0.80815
23.125 86.125 -0.42571
23.125 86.375 1.3079
23.125 86.625 1.2329
23.125 86.875 1.1817
23.125 87.125 1.5358
23.125 87.375 2.2281
23.125 87.625 1.6672
23.125 87.875 0.22449
23.125 88.125 0.46967
23.125 88.375 1.1191
23.125 88.625 1.2992
NaN NaN NaN
23.125 92.625 -0.13806
23.125 92.875 -0.10123
NaN NaN NaN
23.375 68.875 2.0833
23.375 69.125 2.2302
23.375 69.375 2.1339
23.375 69.625 1.8016
23.375 69.875 1.4358
23.375 70.125 0.81338
23.375 70.375 0.79996
23.375 70.625 0.85955
23.375 70.875 1.2106
23.375 71.125 0.91449
23.375 71.375 -0.10543
23.375 71.625 -0.69692
23.375 71.875 0.095252
23.375 72.125 -0.016322
23.375 72.375 0.30877
23.375 72.625 0.80112
23.375 72.875 1.1357
23.375 73.125 1.131
23.375 73.375 0.92468
23.375 73.625 0.33885
23.375 73.875 0.21444
23.375 74.125 0.63322
23.375 74.375 0.7966
23.375 74.625 1.2451
23.375 74.875 1.2999
23.375 75.125 0.83263
23.375 75.375 0.99466
23.375 75.625 0.74764
23.375 75.875 0.67378
23.375 76.125 0.8213
23.375 76.375 0.83388
23.375 76.625 1.0913
23.375 76.875 1.2589
23.375 77.125 0.96496
23.375 77.375 0.87271
23.375 77.625 0.29612
23.375 77.875 0.3219
23.375 78.125 0.43933
23.375 78.375 0.18292
23.375 78.625 0.13527
23.375 78.875 0.25979
23.375 79.125 -0.0086815
23.375 79.375 0.27439
23.375 79.625 0.47023
23.375 79.875 0.18573
23.375 80.125 -0.4052
23.375 80.375 -0.38662
23.375 80.625 -0.39847
23.375 80.875 -0.27883
23.375 81.125 -0.1821
23.375 81.375 -0.19541
23.375 81.625 0.45674
23.375 81.875 0.70636
23.375 82.125 0.67698
23.375 82.375 -0.12879
23.375 82.625 -0.1983
23.375 82.875 -0.82887
23.375 83.125 0.53267
23.375 83.375 1.3509
23.375 83.625 1.1125
23.375 83.875 -0.37249
23.375 84.125 -0.95466
23.375 84.375 -0.77816
23.375 84.625 0.18899
23.375 84.875 0.043433
23.375 85.125 0.68613
23.375 85.375 1.1673
23.375 85.625 1.4068
23.375 85.875 -0.47556
23.375 86.125 -0.61998
23.375 86.375 0.45379
23.375 86.625 0.61206
23.375 86.875 0.51586
23.375 87.125 0.60658
23.375 87.375 0.47071
23.375 87.625 1.459
23.375 87.875 1.0977
23.375 88.125 -0.34968
23.375 88.375 0.89241
23.375 88.625 1.2312
23.375 91.375 0.50346
23.375 91.625 0.30061
23.375 92.625 0.16671
23.375 92.875 -0.1416
23.375 93.125 -0.91923
23.625 68.625 1.7979
23.625 68.875 1.9195
23.625 69.125 2.0525
23.625 69.375 1.9546
23.625 69.625 1.6873
23.625 69.875 1
23.625 70.125 1.0609
23.625 70.375 1.0318
23.625 70.625 1.1693
23.625 70.875 1.2997
23.625 71.125 1.0802
23.625 71.375 0.82842
23.625 71.625 -0.48426
23.625 71.875 -0.53347
23.625 72.125 0.18863
23.625 72.375 0.20997
23.625 72.625 1.0728
23.625 72.875 1.1834
23.625 73.125 1.1509
23.625 73.375 0.48778
23.625 73.625 0.39584
23.625 73.875 0.65604
23.625 74.125 0.98337
23.625 74.375 0.87182
23.625 74.625 1.2764
23.625 74.875 1.2654
23.625 75.125 0.44592
23.625 75.375 1.0594
23.625 75.625 1.1412
23.625 75.875 1.1694
23.625 76.125 1.3032
23.625 76.375 1.4257
23.625 76.625 1.6436
23.625 76.875 1.678
23.625 77.125 1.3284
23.625 77.375 0.84376
23.625 77.625 0.20976
23.625 77.875 0.46144
23.625 78.125 0.25685
23.625 78.375 -0.032133
23.625 78.625 -0.069811
23.625 78.875 -0.044571
23.625 79.125 -0.18377
23.625 79.375 0.10959
23.625 79.625 0.47017
23.625 79.875 0.47707
23.625 80.125 0.036143
23.625 80.375 -0.27834
23.625 80.625 -0.35206
23.625 80.875 -0.42412
23.625 81.125 -0.43908
23.625 81.375 -0.21343
23.625 81.625 0.19578
23.625 81.875 0.34868
23.625 82.125 0.3753
23.625 82.375 0.36025
23.625 82.625 0.19546
23.625 82.875 -0.19821
23.625 83.125 1.328
23.625 83.375 1.7077
23.625 83.625 0.70743
23.625 83.875 0.38405
23.625 84.125 -0.15732
23.625 84.375 -0.0039835
23.625 84.625 0.060454
23.625 84.875 0.094289
23.625 85.125 -0.45018
23.625 85.375 0.4286
23.625 85.625 0.8957
23.625 85.875 1.5864
23.625 86.125 -1.4786
23.625 86.375 0.53744
23.625 86.625 0.88074
23.625 86.875 0.62519
23.625 87.125 0.32921
23.625 87.375 0.60699
23.625 87.625 0.051492
23.625 87.875 1.0023
23.625 88.125 0.35217
23.625 88.375 0.20422
23.625 91.375 0.27526
23.625 91.625 -0.13942
NaN NaN NaN
23.625 92.375 -0.17387
23.625 92.625 0.071481
23.625 92.875 -0.5357
23.625 93.125 -1.1216
23.875 68.875 1.3335
23.875 69.125 1.4236
23.875 69.375 1.5476
23.875 69.625 1.5923
23.875 69.875 1.3521
23.875 70.125 0.81849
23.875 70.375 0.7148
23.875 70.625 0.77309
23.875 70.875 0.65622
23.875 71.125 0.82012
23.875 71.375 1.0751
23.875 71.625 0.77214
23.875 71.875 0.71557
23.875 72.125 0.93266
23.875 72.375 0.94695
23.875 72.625 1.1643
23.875 72.875 1.2163
23.875 73.125 1.3578
23.875 73.375 1.4378
23.875 73.625 0.65623
23.875 73.875 1.2739
23.875 74.125 1.3491
23.875 74.375 1.412
23.875 74.625 1.5313
23.875 74.875 0.98934
23.875 75.125 0.35434
23.875 75.375 0.67624
23.875 75.625 0.99188
23.875 75.875 0.98257
23.875 76.125 1.1952
23.875 76.375 1.282
23.875 76.625 1.4905
23.875 76.875 1.5144
23.875 77.125 1.2554
23.875 77.375 0.88848
23.875 77.625 0.72616
23.875 77.875 0.66698
23.875 78.125 0.20339
23.875 78.375 -0.26766
23.875 78.625 -0.20184
23.875 78.875 -0.37732
23.875 79.125 -0.33347
23.875 79.375 0.19781
23.875 79.625 0.29166
23.875 79.875 0.33345
23.875 80.125 -0.075636
23.875 80.375 -0.60936
23.875 80.625 -0.45724
23.875 80.875 -0.43276
23.875 81.125 -0.64097
23.875 81.375 -0.38259
23.875 81.625 -0.044185
23.875 81.875 0.38416
23.875 82.125 0.33484
23.875 82.375 0.67062
23.875 82.625 1.108
23.875 82.875 0.66757
23.875 83.125 0.75283
23.875 83.375 -0.8229
23.875 83.625 -0.60828
23.875 83.875 -0.45954
23.875 84.125 -0.063274
23.875 84.375 0.2323
23.875 84.625 -0.22095
23.875 84.875 -0.69444
23.875 85.125 -1.1373
23.875 85.375 -0.75589
23.875 85.625 0.47772
23.875 85.875 0.467
23.875 86.125 -0.21374
23.875 86.375 0.56728
23.875 86.625 0.26673
23.875 86.875 1.1901
23.875 87.125 0.60678
23.875 87.375 0.33305
23.875 87.625 -0.32122
23.875 87.875 0.26287
23.875 88.125 0.12261
23.875 88.375 0.18147
23.875 91.375 0.10153
23.875 91.625 0.54276
23.875 91.875 1.2069
23.875 92.125 0.55008
23.875 92.375 0.60337
23.875 92.625 0.1138
23.875 92.875 -1.2363
23.875 93.125 -1.4482
23.875 93.375 -1.2435
24.125 68.875 1.3162
24.125 69.125 1.3765
24.125 69.375 1.5232
24.125 69.625 1.6295
24.125 69.875 1.2627
24.125 70.125 1.0454
24.125 70.375 1.0066
24.125 70.625 0.86888
24.125 70.875 0.70369
24.125 71.125 0.54907
24.125 71.375 0.16619
24.125 71.625 0.55598
24.125 71.875 0.76095
24.125 72.125 1.1169
24.125 72.375 1.0688
24.125 72.625 1.252
24.125 72.875 1.3483
24.125 73.125 1.7745
24.125 73.375 1.8174
24.125 73.625 1.0455
24.125 73.875 1.3721
24.125 74.125 1.9588
24.125 74.375 1.698
24.125 74.625 1.1461
24.125 74.875 -0.001685
24.125 75.125 -0.33528
24.125 75.375 0.49248
24.125 75.625 0.55228
24.125 75.875 0.1671
24.125 76.125 0.67581
24.125 76.375 1.0141
24.125 76.625 1.2953
24.125 76.875 1.5034
24.125 77.125 1.5144
24.125 77.375 1.3418
24.125 77.625 1.1399
24.125 77.875 0.42985
24.125 78.125 -0.22206
24.125 78.375 -0.35992
24.125 78.625 -0.32243
24.125 78.875 -0.58052
24.125 79.125 -0.36262
24.125 79.375 0.045959
24.125 79.625 -0.37653
24.125 79.875 -0.11129
24.125 80.125 -0.84818
24.125 80.375 -0.99266
24.125 80.625 -0.54945
24.125 80.875 -0.23949
24.125 81.125 -0.40801
24.125 81.375 -0.51555
24.125 81.625 -0.18463
24.125 81.875 0.66191
24.125 82.125 0.67439
24.125 82.375 0.91757
24.125 82.625 0.60236
24.125 82.875 0.27934
24.125 83.125 0.46456
24.125 83.375 -1.2891
24.125 83.625 -1.3803
24.125 83.875 -1.0283
24.125 84.125 -0.45606
24.125 84.375 -0.55461
24.125 84.625 -0.79561
24.125 84.875 -0.93581
24.125 85.125 -1.1974
24.125 85.375 -0.34663
24.125 85.625 -0.46909
24.125 85.875 0.41733
24.125 86.125 -0.48486
24.125 86.375 -1.0734
24.125 86.625 -0.45225
24.125 86.875 -0.33182
24.125 87.125 -0.88042
24.125 87.375 -0.27222
24.125 87.625 -0.44587
24.125 87.875 0.38368
24.125 88.125 0.10858
24.125 88.375 0.35034
24.125 91.875 1.8424
24.125 92.125 1.6909
24.125 92.375 1.2932
24.125 92.625 0.38194
24.125 92.875 -1.4104
24.125 93.125 -1.6238
24.125 93.375 -0.95466
24.125 93.625 -0.85328
24.125 93.875 -0.77045
NaN NaN NaN
24.375 71.375 0.15372
24.375 71.625 0.78513
24.375 71.875 0.8568
24.375 72.125 1.1372
24.375 72.375 0.41092
24.375 72.625 0.81034
24.375 72.875 1.1017
24.375 73.125 1.6966
24.375 73.375 1.6118
24.375 73.625 1.6096
24.375 73.875 1.6895
24.375 74.125 1.6185
24.375 74.375 0.67895
24.375 74.625 1.6562
24.375 74.875 1.2535
24.375 75.125 1.1288
24.375 75.375 1.3926
24.375 75.625 1.2376
24.375 75.875 0.21832
24.375 76.125 0.53795
24.375 76.375 1.1534
24.375 76.625 1.4343
24.375 76.875 1.5573
24.375 77.125 1.4606
24.375 77.375 1.508
24.375 77.625 1.2256
24.375 77.875 0.66348
24.375 78.125 0.40714
24.375 78.375 0.17652
24.375 78.625 -0.20468
24.375 78.875 -0.19364
24.375 79.125 -0.20663
24.375 79.375 -0.31222
24.375 79.625 -0.63156
24.375 79.875 -0.63685
24.375 80.125 -1.1694
24.375 80.375 -0.86846
24.375 80.625 -0.43102
24.375 80.875 -0.26165
24.375 81.125 -0.46638
24.375 81.375 -0.54883
24.375 81.625 0.14182
24.375 81.875 0.82344
24.375 82.125 0.43449
24.375 82.375 0.77735
24.375 82.625 1.0597
24.375 82.875 0.93207
24.375 83.125 -0.21811
24.375 83.375 -0.41079
24.375 83.625 -0.69253
24.375 83.875 -0.92058
24.375 84.125 -0.38232
24.375 84.375 0.53835
24.375 84.625 1.3793
24.375 84.875 0.73169
24.375 85.125 0.14191
24.375 85.375 1.9177
24.375 85.625 1.5999
24.375 85.875 -0.64507
24.375 86.125 -0.67122
24.375 86.375 -0.74476
24.375 86.625 -0.64526
24.375 86.875 -0.45841
24.375 87.125 -0.7754
24.375 87.375 -0.92346
24.375 87.625 -0.16054
24.375 87.875 -0.18227
24.375 88.125 0.22412
24.375 92.375 1.952
24.375 92.625 1.184
24.375 92.875 -1.4522
24.375 93.125 -1.3553
24.375 93.375 -0.5882
24.375 93.625 -0.55224
24.375 93.875 -0.34828
24.375 94.125 -0.26506
24.625 71.125 0.21392
24.625 71.375 0.15768
24.625 71.625 0.73008
24.625 71.875 0.82159
24.625 72.125 0.62717
24.625 72.375 0.62305
24.625 72.625 1.0226
24.625 72.875 1.3012
24.625 73.125 1.9466
24.625 73.375 1.6775
24.625 73.625 1.4648
24.625 73.875 1.1857
24.625 74.125 0.72007
24.625 74.375 0.73736
24.625 74.625 1.516
24.625 74.875 1.8536
24.625 75.125 1.7914
24.625 75.375 1.649
24.625 75.625 1.5329
24.625 75.875 0.73866
24.625 76.125 1.0783
24.625 76.375 1.31
24.625 76.625 1.2916
24.625 76.875 1.4841
24.625 77.125 1.6041
24.625 77.375 1.7149
24.625 77.625 1.6255
24.625 77.875 0.84819
24.625 78.125 0.80311
24.625 78.375 0.38717
24.625 78.625 -0.08396
24.625 78.875 -0.14892
24.625 79.125 -0.25419
24.625 79.375 -0.36585
24.625 79.625 -0.42468
24.625 79.875 -0.52582
24.625 80.125 -0.50782
24.625 80.375 -0.45662
24.625 80.625 -0.18451
24.625 80.875 -0.53765
24.625 81.125 -0.85874
24.625 81.375 -0.22222
24.625 81.625 0.11313
24.625 81.875 0.33882
24.625 82.125 -0.35516
24.625 82.375 -0.69567
24.625 82.625 0.97706
24.625 82.875 1.2484
24.625 83.125 0.16764
24.625 83.375 0.81083
24.625 83.625 1.3852
24.625 83.875 0.42673
24.625 84.125 1.0438
24.625 84.375 1.5279
24.625 84.625 1.1148
24.625 84.875 0.75957
24.625 85.125 0.32116
24.625 85.375 0.68524
24.625 85.625 -0.25409
24.625 85.875 -0.81464
24.625 86.125 -0.74589
24.625 86.375 -0.21588
24.625 86.625 0.6239
24.625 86.875 0.32133
24.625 87.125 -0.50812
24.625 87.375 -0.68461
24.625 87.625 0.052414
24.625 87.875 0.55313
24.625 92.375 1.8274
24.625 92.625 1.1406
24.625 92.875 -0.88159
24.625 93.125 0.28502
24.625 93.375 0.79614
24.625 93.625 -0.16329
24.625 93.875 -0.17202
24.625 94.125 -0.18593
NaN NaN NaN
24.875 71.125 0.03748
24.875 71.375 -0.096459
24.875 71.625 0.2039
24.875 71.875 -0.18849
24.875 72.125 0.18154
24.875 72.375 0.50182
24.875 72.625 1.1029
24.875 72.875 1.5894
24.875 73.125 1.939
24.875 73.375 2.0809
24.875 73.625 1.2291
24.875 73.875 0.91224
24.875 74.125 0.72504
24.875 74.375 0.92977
24.875 74.625 1.48
24.875 74.875 1.6052
24.875 75.125 1.4608
24.875 75.375 1.3955
24.875 75.625 1.2567
24.875 75.875 1.3967
24.875 76.125 1.5594
24.875 76.375 1.3395
24.875 76.625 1.5017
24.875 76.875 1.8367
24.875 77.125 1.6281
24.875 77.375 1.7227
24.875 77.625 1.7602
24.875 77.875 1.1985
24.875 78.125 0.54828
24.875 78.375 0.72828
24.875 78.625 0.41726
24.875 78.875 0.30218
24.875 79.125 0.086087
24.875 79.375 -0.023722
24.875 79.625 0.086663
24.875 79.875 -0.10059
24.875 80.125 -0.28971
24.875 80.375 0.167
24.875 80.625 0.16585
24.875 80.875 -0.3649
24.875 81.125 -0.84202
24.875 81.375 -0.75761
24.875 81.625 -0.07305
24.875 81.875 0.011341
24.875 82.125 -0.58864
24.875 82.375 -0.88925
24.875 82.625 0.82001
24.875 82.875 -0.88522
24.875 83.125 -0.24646
24.875 83.375 -0.46474
24.875 83.625 1.0573
24.875 83.875 0.20451
24.875 84.125 0.2636
24.875 84.375 -1.9003
24.875 84.625 -1.6242
24.875 84.875 1.2192
24.875 85.125 0.30612
24.875 85.375 -0.0041374
24.875 85.625 0.79525
24.875 85.875 0.35542
24.875 86.125 0.20443
24.875 86.375 0.65869
24.875 86.625 0.73946
24.875 86.875 -0.033971
24.875 87.125 -0.55832
24.875 87.375 0.092875
24.875 87.625 0.97773
24.875 87.875 1.4113
24.875 88.125 2.2605
24.875 92.625 0.31312
24.875 92.875 0.47628
24.875 93.125 1.5763
24.875 93.375 0.80462
24.875 93.625 0.30473
24.875 93.875 0.23826
24.875 94.125 0.21011
24.875 94.375 0.37245
25.125 71.125 0.26311
25.125 71.375 0.51559
25.125 71.625 -0.030075
25.125 71.875 0.21758
25.125 72.125 0.64207
25.125 72.375 1.7524
25.125 72.625 1.9074
25.125 72.875 1.9005
25.125 73.125 1.9257
25.125 73.375 2.3739
25.125 73.625 1.6282
25.125 73.875 0.91016
25.125 74.125 0.75475
25.125 74.375 1.1579
25.125 74.625 1.3726
25.125 74.875 0.96533
25.125 75.125 1.1484
25.125 75.375 1.1456
25.125 75.625 1.2996
25.125 75.875 1.1595
25.125 76.125 1.4596
25.125 76.375 1.5518
25.125 76.625 1.6993
25.125 76.875 1.8342
25.125 77.125 1.727
25.125 77.375 1.9282
25.125 77.625 2.0196
25.125 77.875 2.0287
25.125 78.125 1.0922
25.125 78.375 0.79798
25.125 78.625 0.32646
25.125 78.875 -0.43928
25.125 79.125 -0.19158
25.125 79.375 0.30805
25.125 79.625 -0.11702
25.125 79.875 0.28679
25.125 80.125 -0.051797
25.125 80.375 0.21259
25.125 80.625 -0.058791
25.125 80.875 -0.16161
25.125 81.125 -1.0245
25.125 81.375 -0.16257
25.125 81.625 -1.6488
25.125 81.875 -0.69033
25.125 82.125 -0.043652
25.125 82.375 1.1443
25.125 82.625 0.32198
25.125 82.875 -1.3723
25.125 83.125 -1.0498
25.125 83.375 -0.95274
25.125 83.625 0.58139
25.125 83.875 0.076723
25.125 84.125 -0.040328
25.125 84.375 -1.7981
25.125 84.625 -0.11038
25.125 84.875 -0.48226
25.125 85.125 -0.25406
25.125 85.375 0.62389
25.125 85.625 0.10262
25.125 85.875 0.89394
25.125 86.125 0.88452
25.125 86.375 0.92868
25.125 86.625 1.2432
25.125 86.875 -0.41259
25.125 87.125 1.6
25.125 87.375 1.17
25.125 87.625 1.8364
25.125 87.875 2.0926
25.125 88.125 2.267
25.125 88.375 2.2645
25.125 92.375 -0.68556
25.125 92.625 -0.58068
25.125 92.875 0.067009
25.125 93.125 1.4324
25.125 93.375 0.7538
25.125 93.625 0.64687
25.125 93.875 0.3201
25.125 94.125 0.4934
25.125 94.375 0.57663
25.375 70.875 1.1041
25.375 71.125 0.69992
25.375 71.375 0.64854
25.375 71.625 0.88539
25.375 71.875 0.87449
25.375 72.125 1.1232
25.375 72.375 2.0833
25.375 72.625 2.1316
25.375 72.875 2.1099
25.375 73.125 2.2156
25.375 73.375 2.3583
25.375 73.625 2.2237
25.375 73.875 1.1453
25.375 74.125 1.081
25.375 74.375 1.417
25.375 74.625 1.3681
25.375 74.875 1.2201
25.375 75.125 1.4189
25.375 75.375 1.5885
25.375 75.625 1.5712
25.375 75.875 1.4861
25.375 76.125 1.6854
25.375 76.375 1.6996
25.375 76.625 1.0014
25.375 76.875 0.84383
25.375 77.125 1.6689
25.375 77.375 1.8119
25.375 77.625 2.0286
25.375 77.875 2.1633
25.375 78.125 1.2255
25.375 78.375 0.95847
25.375 78.625 -0.65702
25.375 78.875 -1.7752
25.375 79.125 -0.7959
25.375 79.375 0.42073
25.375 79.625 0.48315
25.375 79.875 0.92241
25.375 80.125 0.64459
25.375 80.375 -0.029011
25.375 80.625 0.36562
25.375 80.875 -1.0586
25.375 81.125 -0.94386
25.375 81.375 -0.10062
25.375 81.625 -0.28267
25.375 81.875 -1.7116
25.375 82.125 -1.5025
25.375 82.375 -0.75993
25.375 82.625 -0.71007
25.375 82.875 -1.4508
25.375 83.125 -0.89447
25.375 83.375 0.3639
25.375 83.625 1.6864
25.375 83.875 1.682
25.375 84.125 0.77785
25.375 84.375 -0.47719
25.375 84.625 -0.60226
25.375 84.875 0.073571
25.375 85.125 -0.14356
25.375 85.375 0.4697
25.375 85.625 1.7493
25.375 85.875 1.7319
25.375 86.125 2.1532
25.375 86.375 1.4079
25.375 86.625 1.9813
25.375 86.875 1.0024
25.375 87.125 1.6557
25.375 87.375 1.7989
25.375 87.625 2.1589
25.375 87.875 2.2199
25.375 88.125 2.2568
25.375 88.375 2.2169
25.375 88.625 2.1267
25.375 90.125 0.83444
25.375 90.375 0.52487
25.375 90.625 -0.0836
25.375 90.875 -0.14133
25.375 91.125 0.12471
25.375 91.375 -0.29496
25.375 91.625 -0.59728
25.375 91.875 -0.74262
25.375 92.125 -0.92319
25.375 92.375 -1.1566
25.375 92.625 -0.67466
25.375 92.875 0.31323
25.375 93.125 0.23477
25.375 93.375 0.38181
25.375 93.625 0.68367
25.375 93.875 0.60323
25.375 94.125 1.0032
25.375 94.375 1.2235
25.625 70.875 1.4966
25.625 71.125 0.30776
25.625 71.375 0.66533
25.625 71.625 1.1004
25.625 71.875 1.2142
25.625 72.125 1.553
25.625 72.375 1.4494
25.625 72.625 1.9786
25.625 72.875 2.1454
25.625 73.125 2.0636
25.625 73.375 2.3692
25.625 73.625 2.2745
25.625 73.875 1.8412
25.625 74.125 1.0339
25.625 74.375 1.3754
25.625 74.625 1.3323
25.625 74.875 1.3048
25.625 75.125 1.3171
25.625 75.375 1.5314
25.625 75.625 1.7445
25.625 75.875 1.5202
25.625 76.125 1.5927
25.625 76.375 1.8585
25.625 76.625 0.77217
25.625 76.875 0.82314
25.625 77.125 1.3237
25.625 77.375 1.8118
25.625 77.625 1.7809
25.625 77.875 1.9029
25.625 78.125 1.4984
25.625 78.375 0.37399
25.625 78.625 -0.43773
25.625 78.875 -1.0245
25.625 79.125 0.62951
25.625 79.375 0.66938
25.625 79.625 1.1353
25.625 79.875 1.3857
25.625 80.125 0.89946
25.625 80.375 -0.096406
25.625 80.625 -1.6287
25.625 80.875 -1.8412
25.625 81.125 -0.54983
25.625 81.375 -0.57995
25.625 81.625 -0.46169
25.625 81.875 -0.081722
25.625 82.125 -1.4726
25.625 82.375 -0.17679
25.625 82.625 -1.3152
25.625 82.875 -2.118
25.625 83.125 -1.3228
25.625 83.375 -1.0892
25.625 83.625 1.5501
25.625 83.875 0.75467
25.625 84.125 -1.8956
25.625 84.375 -1.025
25.625 84.625 0.62991
25.625 84.875 -0.14234
25.625 85.125 -0.17522
25.625 85.375 1.2355
25.625 85.625 1.7029
25.625 85.875 1.514
25.625 86.125 1.4884
25.625 86.375 1.4386
25.625 86.625 -0.81156
25.625 86.875 1.7043
25.625 87.125 2.0371
25.625 87.375 1.0062
25.625 87.625 1.5998
25.625 87.875 1.8047
25.625 88.125 2.2263
25.625 90.125 1.5466
25.625 90.375 1.4632
25.625 90.625 1.1019
25.625 90.875 0.68601
25.625 91.125 1.0712
25.625 91.375 0.44617
25.625 91.625 0.090778
25.625 91.875 -0.25151
25.625 92.125 -0.51138
25.625 92.375 -0.26991
25.625 92.625 -0.12647
25.625 92.875 0.16078
25.625 93.125 -0.12081
25.625 93.375 -0.18282
25.625 93.625 0.41849
25.625 93.875 1.2037
25.625 94.125 1.5237
25.625 94.375 1.6283
NaN NaN NaN
NaN NaN NaN
25.875 70.375 1.5553
25.875 70.625 0.63653
25.875 70.875 0.4739
25.875 71.125 0.74128
25.875 71.375 0.84522
25.875 71.625 1.0627
25.875 71.875 1.1339
25.875 72.125 1.3829
25.875 72.375 1.4387
25.875 72.625 1.4925
25.875 72.875 1.7633
25.875 73.125 2.3715
25.875 73.375 2.2925
25.875 73.625 2.0381
25.875 73.875 2.0486
25.875 74.125 1.6757
25.875 74.375 1.3219
25.875 74.625 1.6326
25.875 74.875 1.5354
25.875 75.125 1.4771
25.875 75.375 1.4921
25.875 75.625 1.5361
25.875 75.875 1.6646
25.875 76.125 1.7259
25.875 76.375 1.6582
25.875 76.625 1.0221
25.875 76.875 0.8593
25.875 77.125 1.6739
25.875 77.375 1.7883
25.875 77.625 1.7396
25.875 77.875 1.2935
25.875 78.125 1.6639
25.875 78.375 1.2725
25.875 78.625 1.1105
25.875 78.875 0.15216
25.875 79.125 0.7956
25.875 79.375 -0.050972
25.875 79.625 -0.073784
25.875 79.875 0.41775
25.875 80.125 -0.025816
25.875 80.375 -1.3594
25.875 80.625 -1.255
25.875 80.875 -1.3882
25.875 81.125 -1.6712
25.875 81.375 -0.22363
25.875 81.625 0.12224
25.875 81.875 -0.00091096
25.875 82.125 -2.0527
25.875 82.375 -1.3886
25.875 82.625 -2.059
25.875 82.875 -0.77655
25.875 83.125 -1.4215
25.875 83.375 -1.8662
25.875 83.625 0.19885
25.875 83.875 -1.6461
25.875 84.125 1.3553
25.875 84.375 -0.79479
25.875 84.625 -0.56865
25.875 84.875 0.29428
25.875 85.125 0.81519
25.875 85.375 1.853
25.875 85.625 1.5507
25.875 85.875 1.836
25.875 86.125 1.6889
25.875 86.375 1.4269
25.875 86.625 1.9541
25.875 86.875 2.0267
25.875 87.125 1.6899
25.875 87.375 1.0007
25.875 87.625 0.45893
25.875 87.875 0.13541
25.875 90.125 0.99579
25.875 90.375 1.5279
25.875 90.625 1.4739
25.875 90.875 1.1591
25.875 91.125 1.3189
25.875 91.375 1.229
25.875 91.625 0.0059375
25.875 91.875 -0.74005
25.875 92.125 -0.84257
25.875 92.375 -0.0091745
25.875 92.625 0.43648
25.875 92.875 0.72869
25.875 93.125 -0.56097
25.875 93.375 -0.4983
25.875 93.625 0.72525
25.875 93.875 1.4123
25.875 94.125 1.5023
25.875 94.375 1.2944
25.875 94.625 0.71001
25.875 94.875 0.24535
26.125 70.375 1.64
26.125 70.625 0.96357
26.125 70.875 0.94496
26.125 71.125 0.56241
26.125 71.375 0.76814
26.125 71.625 1.2723
26.125 71.875 1.5495
26.125 72.125 1.4781
26.125 72.375 1.004
26.125 72.625 1.2212
26.125 72.875 1.0634
26.125 73.125 1.3826
26.125 73.375 1.7983
26.125 73.625 1.5607
26.125 73.875 1.7338
26.125 74.125 1.9847
26.125 74.375 1.9273
26.125 74.625 1.4484
26.125 74.875 1.4273
26.125 75.125 1.3308
26.125 75.375 1.5095
26.125 75.625 1.3669
26.125 75.875 1.6506
26.125 76.125 1.6608
26.125 76.375 1.4481
26.125 76.625 1.3518
26.125 76.875 1.135
26.125 77.125 0.72647
26.125 77.375 1.3661
26.125 77.625 1.4487
26.125 77.875 1.1548
26.125 78.125 1.2393
26.125 78.375 1.3771
26.125 78.625 1.627
26.125 78.875 1.5222
26.125 79.125 1.1268
26.125 79.375 0.1923
26.125 79.625 -1.7863
26.125 79.875 -1.4076
26.125 80.125 0.21835
26.125 80.375 -0.39421
26.125 80.625 -1.307
26.125 80.875 1.1486
26.125 81.125 0.7088
26.125 81.375 -1.912
26.125 81.625 -0.16031
26.125 81.875 -0.98576
26.125 82.125 -1.7278
26.125 82.375 -1.4675
26.125 82.625 -1.5364
26.125 82.875 -1.6482
26.125 83.125 -1.7502
26.125 83.375 -1.1588
26.125 83.625 -0.91604
26.125 83.875 0.95135
26.125 84.125 0.83198
26.125 84.375 -0.50649
26.125 84.625 0.6848
26.125 84.875 -0.85576
26.125 85.125 0.033075
26.125 85.375 -0.66672
26.125 85.625 1.0192
26.125 85.875 2.31
26.125 86.125 1.965
26.125 86.375 1.9014
26.125 86.625 1.9174
26.125 86.875 1.8853
26.125 87.125 1.3745
26.125 87.375 0.76354
26.125 87.625 0.67728
26.125 87.875 -0.040801
26.125 88.125 1.6462
26.125 89.375 0.89129
26.125 89.875 1.6552
26.125 90.125 0.91901
26.125 90.375 1.2506
26.125 90.625 1.1867
26.125 90.875 0.83516
26.125 91.125 0.29852
26.125 91.375 0.35572
26.125 91.625 -0.81565
26.125 91.875 -1.2598
26.125 92.125 -0.32215
26.125 92.375 0.7209
26.125 92.625 0.96348
26.125 92.875 1.1233
26.125 93.125 0.1007
26.125 93.375 1.3616
26.125 93.625 0.94288
26.125 93.875 1.2331
26.125 94.125 0.90556
26.125 94.375 0.46839
26.125 94.625 0.30198
26.125 94.875 0.30535
26.375 70.375 0.9929
26.375 70.625 1.0905
26.375 70.875 0.90775
26.375 71.125 1.0689
26.375 71.375 1.4111
26.375 71.625 1.6773
26.375 71.875 1.6303
26.375 72.125 1.459
26.375 72.375 1.1718
26.375 72.625 0.32104
26.375 72.875 1.0063
26.375 73.125 0.99243
26.375 73.375 1.1492
26.375 73.625 1.6822
26.375 73.875 1.8002
26.375 74.125 2.0337
26.375 74.375 2.0451
26.375 74.625 -0.2265
26.375 74.875 0.92372
26.375 75.125 1.3795
26.375 75.375 1.547
26.375 75.625 1.4491
26.375 75.875 1.5769
26.375 76.125 1.5208
26.375 76.375 1.4158
26.375 76.625 1.4916
26.375 76.875 1.4831
26.375 77.125 1.3022
26.375 77.375 1.5657
26.375 77.625 1.6411
26.375 77.875 1.3843
26.375 78.125 1.1326
26.375 78.375 0.13691
26.375 78.625 1.4635
26.375 78.875 1.6606
26.375 79.125 1.2889
26.375 79.375 -1.714
26.375 79.625 -1.7823
26.375 79.875 0.59575
26.375 80.125 0.67499
26.375 80.375 -1.6056
26.375 80.625 -1.0806
26.375 80.875 1.0365
26.375 81.125 -0.41582
26.375 81.375 -1.8017
26.375 81.625 -2.2584
26.375 81.875 -1.6484
26.375 82.125 -1.6787
26.375 82.375 -1.002
26.375 82.625 -1.3742
26.375 82.875 -0.6313
26.375 83.125 -1.4352
26.375 83.375 -1.0589
26.375 83.625 0.67197
26.375 83.875 1.0114
26.375 84.125 0.13548
26.375 84.375 0.61709
26.375 84.625 -0.89382
26.375 84.875 0.28435
26.375 85.125 0.15222
26.375 85.375 0.3222
26.375 85.625 0.68158
26.375 85.875 1.7484
26.375 86.125 1.4681
26.375 86.375 -1.3965
26.375 86.625 -0.54888
26.375 86.875 1.4831
26.375 87.125 1.2183
26.375 87.625 -0.47238
26.375 87.875 0.69935
26.375 88.125 1.8308
26.375 88.375 1.9144
26.375 88.875 1.6213
26.375 89.375 0.74528
26.375 89.625 0.9254
26.375 89.875 1.1553
26.375 90.125 1.2607
26.375 90.375 0.89989
26.375 90.625 1.0501
26.375 90.875 0.2631
26.375 91.125 -0.15501
26.375 91.375 0.058974
26.375 91.625 -0.91447
26.375 91.875 -0.84034
26.375 92.125 -0.054197
26.375 92.375 0.39456
26.375 92.625 0.71016
26.375 92.875 1.3752
26.375 93.125 0.46964
26.375 93.375 -0.031085
26.375 93.625 0.059976
26.375 93.875 0.37446
26.375 94.125 0.61881
26.375 94.375 0.34689
26.375 94.625 0.27731
26.375 94.875 0.20085
26.625 69.875 1.343
26.625 70.125 1.0169
26.625 70.375 0.7136
26.625 70.625 1.0692
26.625 70.875 0.98743
26.625 71.125 0.80952
26.625 71.375 1.7205
26.625 71.625 1.6397
26.625 71.875 1.6344
26.625 72.125 1.3832
26.625 72.375 0.70144
26.625 72.625 0.30564
26.625 72.875 0.71778
26.625 73.125 1.5438
26.625 73.375 1.1615
26.625 73.625 1.801
26.625 73.875 1.877
26.625 74.125 1.8868
26.625 74.375 1.6292
26.625 74.625 0.75043
26.625 74.875 1.4315
26.625 75.125 1.3507
26.625 75.375 1.5004
26.625 75.625 1.4708
26.625 75.875 1.3524
26.625 76.125 1.4976
26.625 76.375 1.0998
26.625 76.625 1.2579
26.625 76.875 1.6378
26.625 77.125 1.4792
26.625 77.375 1.3976
26.625 77.625 1.4776
26.625 77.875 0.47723
26.625 78.125 0.8499
26.625 78.375 0.58306
26.625 78.625 1.5642
26.625 78.875 0.23681
26.625 79.125 -1.136
26.625 79.375 -0.24382
26.625 79.625 -0.10608
26.625 79.875 -0.69731
26.625 80.125 -1.4261
26.625 80.375 -0.15136
26.625 80.625 0.10316
26.625 80.875 1.2428
26.625 81.125 1.2634
26.625 81.375 0.56302
26.625 81.625 -0.97159
26.625 81.875 0.4787
26.625 82.125 0.53026
26.625 82.375 -0.59385
26.625 82.625 -2.1992
26.625 82.875 -0.11483
26.625 83.125 0.052952
26.625 83.375 -1.3721
26.625 83.625 -1.0473
26.625 83.875 -0.3334
26.625 84.125 1.0404
26.625 84.375 -0.089013
26.625 84.625 -0.60309
26.625 84.875 0.0033851
26.625 85.125 0.68677
26.625 85.375 0.36739
26.625 85.625 0.92549
26.625 86.125 0.78123
26.625 88.375 1.4813
26.625 88.625 1.2661
26.625 88.875 1.185
26.625 89.125 0.64408
26.625 89.375 0.95643
26.625 89.625 0.83153
26.625 89.875 1.1708
26.625 90.125 1.2981
26.625 90.375 0.96817
26.625 90.625 0.51206
26.625 90.875 -0.16548
26.625 91.125 -0.050498
26.625 91.375 -0.37039
26.625 91.625 -0.93374
26.625 91.875 -0.96319
26.625 92.125 -0.29533
26.625 92.375 0.1624
26.625 92.625 -0.1976
26.625 92.875 1.6535
26.625 93.125 1.005
26.625 93.375 1.3042
26.625 93.625 -0.03504
26.625 93.875 -0.061015
26.625 94.125 0.31174
26.625 94.375 0.095478
26.625 94.625 0.34317
26.625 94.875 0.23099
26.625 95.125 0.42887
26.875 69.625 1.2073
26.875 69.875 0.63269
26.875 70.125 0.71638
26.875 70.375 0.80626
26.875 70.625 0.61459
26.875 70.875 0.72553
26.875 71.125 0.77478
26.875 71.375 1.739
26.875 71.625 1.9258
26.875 71.875 1.7758
26.875 72.125 1.185
26.875 72.375 0.954
26.875 72.625 0.98676
26.875 72.875 1.6366
26.875 73.125 1.7128
26.875 73.375 1.1356
26.875 73.625 1.2982
26.875 73.875 1.7794
26.875 74.125 1.7636
26.875 74.375 1.706
26.875 74.625 1.4989
26.875 74.875 1.578
26.875 75.125 1.4588
26.875 75.375 1.5151
26.875 75.625 1.0936
26.875 75.875 1.4775
26.875 76.125 1.65
26.875 76.375 1.3644
26.875 76.625 1.5252
26.875 76.875 1.744
26.875 77.125 1.6882
26.875 77.375 0.31744
26.875 77.625 1.1445
26.875 77.875 0.6123
26.875 78.125 -1.4152
26.875 78.375 0.27133
26.875 78.625 0.80243
26.875 78.875 0.52729
26.875 79.125 1.5268
26.875 79.375 1.2778
26.875 79.625 1.1244
26.875 79.875 0.23819
26.875 80.125 0.16323
26.875 80.375 0.3515
26.875 80.625 0.48599
26.875 80.875 1.3968
26.875 81.125 1.0068
26.875 81.375 0.30544
26.875 81.625 -1.351
26.875 81.875 0.76609
26.875 82.125 0.26104
26.875 82.375 -1.7409
26.875 82.625 -2.2829
26.875 82.875 -1.6905
26.875 83.125 -0.57348
26.875 83.375 -1.6604
26.875 83.625 -1.302
26.875 83.875 -0.51792
26.875 84.125 0.094328
26.875 84.375 -0.38886
26.875 84.625 -0.28921
26.875 84.875 0.010407
26.875 88.375 1.4713
26.875 88.625 0.78472
26.875 88.875 0.94812
26.875 92.375 -0.51887
26.875 92.625 0.19049
26.875 92.875 1.7763
26.875 93.125 1.5703
26.875 93.375 1.6226
26.875 93.625 0.49771
26.875 93.875 0.65862
26.875 94.125 -0.096888
26.875 94.375 0.40455
26.875 94.625 0.46156
26.875 94.875 0.45836
26.875 95.125 0.39262
26.875 95.375 0.55815
26.875 95.625 0.77183
27.125 69.875 0.3187
27.125 70.125 0.067974
27.125 70.375 0.31291
27.125 70.625 0.82483
27.125 70.875 0.55062
27.125 71.125 1.116
27.125 71.375 1.4243
27.125 71.625 1.3264
27.125 71.875 0.71027
27.125 72.125 0.33657
27.125 72.375 0.44785
27.125 72.625 0.87572
27.125 72.875 1.2244
27.125 73.125 1.3998
27.125 73.375 1.4551
27.125 73.625 1.0827
27.125 73.875 1.4013
27.125 74.125 1.4539
27.125 74.375 0.83754
27.125 74.625 1.4479
27.125 74.875 1.1436
27.125 75.125 1.3064
27.125 75.375 1.7235
27.125 75.625 1.7493
27.125 75.875 1.7106
27.125 76.125 1.4079
27.125 76.375 1.5157
27.125 76.625 1.3302
27.125 76.875 1.1205
27.125 77.125 1.9163
27.125 77.375 0.65525
27.125 77.625 0.79801
27.125 77.875 0.17326
27.125 78.125 0.93721
27.125 78.375 1.1138
27.125 78.625 -1.4877
27.125 78.875 -0.11133
27.125 79.125 1.5211
27.125 79.375 -0.68939
27.125 79.625 -0.38187
27.125 79.875 0.35107
27.125 80.125 -0.16876
27.125 80.375 -0.29678
27.125 80.625 -0.94946
27.125 80.875 1.1988
27.125 81.125 0.47044
27.125 81.375 0.34813
27.125 81.625 -0.46135
27.125 81.875 -0.017987
27.125 82.125 -0.41741
27.125 82.375 -1.3432
27.125 82.625 -0.58658
27.125 82.875 -0.042036
27.125 83.125 -0.43514
27.125 83.375 -0.0098059
27.125 83.625 0.2801
27.125 83.875 0.20144
27.125 84.125 -0.55049
27.125 84.375 0.46695
27.125 84.625 -0.4163
27.125 88.125 1.6478
27.125 88.375 1.3604
27.125 88.625 1.2066
27.125 92.125 -1.0476
27.125 92.375 -0.16963
27.125 92.625 0.29777
27.125 92.875 1.5622
27.125 93.125 1.2043
27.125 93.375 0.75375
27.125 93.625 0.46454
27.125 93.875 0.88323
27.125 94.125 1.11
27.125 94.375 0.65881
27.125 94.625 0.36653
27.125 94.875 0.29927
27.125 95.125 -0.02779
27.125 95.375 0.86581
27.125 95.625 0.71553
27.125 95.875 0.86549
27.375 70.125 0.24474
27.375 70.375 0.44467
27.375 70.625 0.08084
27.375 70.875 0.92544
27.375 71.125 1.52
27.375 71.375 1.5785
27.375 71.625 1.1611
27.375 71.875 0.39093
27.375 72.125 -0.50751
27.375 72.375 0.052868
27.375 72.625 0.077426
27.375 72.875 0.24434
27.375 73.125 0.83671
27.375 73.375 1.0472
27.375 73.625 1.326
27.375 73.875 1.2655
27.375 74.125 0.53455
27.375 74.375 0.45274
27.375 74.625 0.98423
27.375 74.875 1.0923
27.375 75.125 1.7138
27.375 75.375 1.6167
27.375 75.625 1.9203
27.375 75.875 1.9166
27.375 76.125 1.3478
27.375 76.375 1.431
27.375 76.625 1.1488
27.375 76.875 1.7317
27.375 77.125 1.3343
27.375 77.375 -0.9448
27.375 77.625 0.78885
27.375 77.875 1.0515
27.375 78.125 1.1665
27.375 78.375 1.4046
27.375 78.625 0.47977
27.375 78.875 1.2472
27.375 79.125 -1.448
27.375 79.375 -1.6824
27.375 79.625 -1.0183
27.375 79.875 0.080787
27.375 80.125 -1.3782
27.375 80.375 -1.9285
27.375 80.625 -1.1768
27.375 80.875 -1.7906
27.375 81.125 0.29114
27.375 81.375 0.4736
27.375 81.625 -1.6989
27.375 81.875 -0.27629
27.375 82.125 0.693
27.375 82.375 0.039626
27.375 82.625 0.25972
27.375 82.875 -0.23428
27.375 83.125 -0.42294
27.375 83.625 -0.096617
27.375 84.125 -0.24192
27.375 84.375 -0.31497
27.375 88.125 2.0127
27.375 88.375 1.7328
27.375 88.625 1.4062
27.375 92.125 -0.75463
27.375 92.375 -0.71738
27.375 92.625 0.10503
27.375 92.875 -0.025865
27.375 93.125 -0.78587
27.375 93.375 -0.72259
27.375 93.625 0.2025
27.375 93.875 0.9653
27.375 94.125 1.6877
27.375 94.375 1.1373
27.375 94.625 0.48896
27.375 94.875 -0.31366
27.375 95.125 0.39466
27.375 95.375 0.88362
27.375 95.625 0.86245
27.375 95.875 0.55924
27.375 96.125 0.078945
27.375 96.375 -0.42241
NaN NaN NaN
27.375 96.875 0.39385
27.625 70.125 0.17823
27.625 70.375 0.52732
27.625 70.625 0.37247
27.625 70.875 0.93741
27.625 71.125 1.3101
27.625 71.375 1.2347
27.625 71.625 1.0705
27.625 71.875 0.46781
27.625 72.125 0.14531
27.625 72.375 0.23343
27.625 72.625 -0.1357
27.625 72.875 0.026312
27.625 73.125 0.0029709
27.625 73.375 0.80377
27.625 73.625 1.339
27.625 73.875 1.1697
27.625 74.125 1.1573
27.625 74.375 1.0818
27.625 74.625 1.3484
27.625 74.875 1.538
27.625 75.125 1.2187
27.625 75.375 1.2378
27.625 75.625 1.3828
27.625 75.875 1.619
27.625 76.125 1.443
27.625 76.375 1.3981
27.625 76.625 1.209
27.625 76.875 1.3272
27.625 77.125 -0.033595
27.625 77.375 -0.85305
27.625 77.625 -1.0107
27.625 77.875 0.15368
27.625 78.125 1.3795
27.625 78.375 1.319
27.625 78.625 -0.30569
27.625 78.875 -0.34522
27.625 79.125 -1.8399
27.625 79.375 -1.9113
27.625 79.625 -1.1572
27.625 79.875 -0.077137
27.625 80.125 -0.34611
27.625 80.375 -0.38255
27.625 80.625 -0.96613
27.625 80.875 -1.4594
27.625 81.125 -0.05777
27.625 81.375 -0.046666
27.625 81.625 -0.44012
27.625 81.875 -0.17442
27.625 82.125 0.2203
27.625 82.375 0.14467
27.625 82.625 0.28398
27.625 88.375 1.8314
27.625 88.625 1.6652
27.625 91.625 -0.44538
27.625 91.875 -0.61827
27.625 92.125 -0.8801
27.625 92.375 -0.71944
27.625 92.625 -0.4063
27.625 92.875 -0.58069
27.625 93.125 -1.2331
27.625 93.375 -1.2718
27.625 93.625 -1.1003
27.625 93.875 -0.92502
27.625 94.125 0.53682
27.625 94.375 0.77906
27.625 94.625 0.018296
27.625 94.875 -0.51705
27.625 95.125 -0.6856
27.625 95.375 0.12293
27.625 95.625 0.0039783
27.625 95.875 0.027709
27.625 96.125 -0.61404
27.625 96.375 -0.58445
27.625 96.625 0.052092
27.625 96.875 0.24771
27.875 70.375 -0.025564
27.875 71.875 0.28617
27.875 72.125 -0.01803
27.875 72.375 -0.017426
27.875 72.625 0.14138
27.875 72.875 0.51342
27.875 73.125 0.44748
27.875 73.375 1.0155
27.875 73.625 1.2733
27.875 73.875 1.1308
27.875 74.125 1.0147
27.875 74.375 1.0416
27.875 74.625 1.0908
27.875 74.875 1.1228
27.875 75.125 1.1135
27.875 75.375 1.0673
27.875 75.625 1.1735
27.875 75.875 1.2127
27.875 76.125 1.4919
27.875 76.375 1.9028
27.875 76.625 0.92147
27.875 76.875 1.077
27.875 77.125 1.3364
27.875 77.375 -0.6143
27.875 77.625 -0.70726
27.875 77.875 0.41249
27.875 78.125 1.7419
27.875 78.375 0.94303
27.875 78.625 0.36981
27.875 78.875 0.16315
27.875 79.125 -0.18512
27.875 79.375 -0.90848
27.875 79.625 -0.97174
27.875 79.875 0.29345
27.875 80.125 0.13015
27.875 80.375 0.0056897
27.875 80.625 -1.0111
27.875 80.875 -1.7603
27.875 81.125 -0.69305
27.875 81.375 -0.087775
27.875 81.625 -0.1559
27.875 88.375 1.3956
27.875 88.625 1.3161
27.875 92.875 -1.1485
27.875 93.125 -1.3381
27.875 93.375 -1.1904
27.875 93.625 -1.4226
27.875 93.875 -1.1694
27.875 94.125 -0.64884
27.875 94.375 -0.39939
27.875 94.625 -0.69005
27.875 94.875 0.60856
27.875 95.125 0.069992
27.875 95.375 -0.62665
27.875 95.625 -0.65785
27.875 95.875 -0.95078
27.875 96.125 -0.90449
27.875 96.375 -0.7884
27.875 96.625 0.14487
NaN NaN NaN
27.875 97.125 0.40756
28.125 72.125 -0.1122
28.125 72.375 0.23049
28.125 72.625 0.31515
28.125 72.875 0.84876
28.125 73.125 1.4163
28.125 73.375 1.485
28.125 73.625 1.0436
28.125 73.875 0.61487
28.125 74.125 0.6058
28.125 74.375 0.87726
28.125 74.625 1.2192
28.125 74.875 1.1083
28.125 75.125 0.8083
28.125 75.375 1.2898
28.125 75.625 0.77418
28.125 75.875 1.6399
28.125 76.125 1.6345
28.125 76.375 1.5764
28.125 76.625 1.8783
28.125 76.875 1.7478
28.125 77.125 0.93932
28.125 77.375 -0.43504
28.125 77.625 -0.26554
28.125 77.875 0.78575
28.125 78.125 2.1243
28.125 78.375 1.4301
28.125 78.625 -0.32568
28.125 78.875 -0.061593
28.125 79.125 -0.35248
28.125 79.375 -1.7024
28.125 79.625 -1.7521
28.125 79.875 -0.62617
28.125 80.125 -0.26336
28.125 80.375 -0.067579
28.125 80.625 -0.1219
28.125 80.875 -0.68026
28.125 81.125 -1.2094
28.125 81.375 0.0066687
28.125 92.875 -1.0464
28.125 93.125 -1.3302
28.125 93.375 -1.4018
28.125 93.625 -1.3176
28.125 93.875 -1.544
28.125 94.125 -1.1755
28.125 94.375 -0.87633
28.125 94.625 -1.6008
28.125 94.875 0.15379
28.125 95.125 -0.47505
28.125 95.375 -0.45693
28.125 95.625 -0.80255
28.125 95.875 -0.97883
28.125 96.125 -1.037
28.125 96.375 -0.33767
NaN NaN NaN
NaN NaN NaN
NaN NaN NaN
28.375 72.375 0.17655
28.375 72.625 0.2811
28.375 72.875 0.50101
28.375 73.125 1.3166
28.375 73.375 1.0823
28.375 73.625 0.82102
28.375 73.875 0.44894
28.375 74.125 0.22504
28.375 74.375 0.34782
28.375 74.625 1.0783
28.375 74.875 1.2064
28.375 75.125 0.94554
28.375 75.375 0.94255
28.375 75.625 1.2348
28.375 75.875 1.3403
28.375 76.125 1.0812
28.375 76.375 1.1429
28.375 76.625 0.92232
28.375 76.875 1.2821
28.375 77.125 0.14776
28.375 77.375 -0.59001
28.375 77.625 -0.35309
28.375 77.875 -0.85455
28.375 78.125 1.38
28.375 78.375 0.66308
28.375 78.625 -1.2862
28.375 78.875 -0.87446
28.375 79.125 -0.12346
28.375 79.375 0.0268
28.375 79.625 -1.0266
28.375 79.875 -0.75848
28.375 80.125 -0.26594
28.375 80.375 -0.262
28.375 80.625 -0.29375
28.375 80.875 -0.49778
28.375 81.125 -0.51665
28.375 93.375 -1.0007
28.375 93.625 -0.40197
28.375 93.875 0.51009
28.375 94.125 1.1007
28.375 94.375 0.78592
28.375 94.625 0.13373
28.375 94.875 0.027351
28.375 95.125 -0.4153
28.375 95.375 -0.22334
28.375 95.625 -0.22884
28.375 95.875 -0.58666
28.375 96.125 -0.63962
NaN NaN NaN
28.625 72.375 0.46751
28.625 72.625 0.46885
28.625 72.875 0.49386
28.625 73.125 1.2078
28.625 73.375 1.2481
28.625 73.625 1.1986
28.625 73.875 0.20837
28.625 74.125 0.053524
28.625 74.375 0.79693
28.625 74.625 1.1531
28.625 74.875 1.0986
28.625 75.125 0.86014
28.625 75.375 -0.38883
28.625 75.625 -1.0824
28.625 75.875 -0.60886
28.625 76.125 0.86778
28.625 76.375 0.92829
28.625 76.625 1.4784
28.625 76.875 0.89447
28.625 77.125 -1.6793
28.625 77.375 -0.65223
28.625 77.625 -0.69823
28.625 77.875 -1.4917
28.625 78.125 -0.16597
28.625 78.375 -0.10179
28.625 78.625 -1.3847
28.625 78.875 -1.1162
28.625 79.125 0.14032
28.625 79.375 0.088679
28.625 79.625 0.083608
28.625 79.875 0.068855
28.625 80.125 0.17874
28.625 80.375 -0.063773
28.625 80.625 -0.20133
28.625 93.625 0.62215
28.625 93.875 0.47888
28.625 94.125 1.2519
28.625 94.375 1.2065
28.625 94.625 0.92221
28.625 94.875 0.48636
28.625 95.125 -0.25185
28.625 95.375 -0.065726
28.625 95.625 -0.17348
28.625 95.875 -0.65596
28.625 96.125 0.026065
NaN NaN NaN
28.875 72.875 -0.10383
28.875 73.125 0.84787
28.875 73.375 1.8966
28.875 73.625 1.7387
28.875 73.875 1.5963
28.875 74.125 0.97303
28.875 74.375 0.6127
28.875 74.625 1.024
28.875 74.875 1.4488
28.875 75.125 0.53248
28.875 75.375 -0.31436
28.875 75.625 -0.4241
28.875 75.875 -0.89391
28.875 76.125 0.66904
28.875 76.375 0.87251
28.875 76.625 0.48291
28.875 76.875 0.08875
28.875 77.125 0.84591
28.875 77.375 0.17759
28.875 77.625 -0.011006
28.875 77.875 -0.33316
28.875 78.125 -0.62593
28.875 78.375 -0.59912
28.875 78.625 -0.59788
28.875 78.875 -0.78337
28.875 79.125 0.070873
28.875 79.375 0.50287
28.875 79.625 0.51716
28.875 79.875 0.76508
28.875 94.125 1.1178
28.875 94.375 0.9432
28.875 94.625 1.1547
28.875 94.875 1.1402
28.875 95.125 0.69424
28.875 95.375 -0.39055
28.875 95.625 -0.10592
28.875 95.875 0.10323
28.875 96.125 0.40844
NaN NaN NaN
29.125 73.125 0.77168
29.125 73.375 2.0966
29.125 73.625 1.8287
29.125 73.875 1.6615
29.125 74.125 1.2264
29.125 74.375 0.48397
29.125 74.625 0.76577
29.125 74.875 1.3131
29.125 75.125 0.65768
29.125 75.375 0.99003
29.125 75.625 0.49886
29.125 75.875 -0.58105
29.125 76.125 -1.4411
29.125 76.375 -1.5008
29.125 76.625 0.31785
29.125 76.875 0.24653
29.125 77.125 -0.26759
29.125 77.375 0.1329
29.125 77.625 -0.16122
29.125 77.875 -0.51628
29.125 78.125 -0.7336
29.125 78.375 -0.72625
29.125 78.625 -0.33818
29.125 78.875 -0.5925
29.125 79.125 0.34318
29.125 79.375 0.4104
29.125 79.625 -0.13032
29.125 79.875 0.20011
29.125 80.125 0.2301
29.125 94.375 0.93108
29.125 94.625 0.87897
29.125 94.875 1.1302
29.125 95.625 -0.24632
29.125 95.875 0.33865
29.125 96.125 1.2743
29.375 73.375 0.8241
29.375 73.625 1.6915
29.375 73.875 1.6558
29.375 74.125 1.7368
29.375 74.375 0.33171
29.375 74.625 0.03118
29.375 74.875 0.41851
29.375 75.125 0.6431
29.375 75.375 0.12195
29.375 75.625 -0.089413
29.375 75.875 -0.83926
29.375 76.125 -0.66467
29.375 76.375 -1.1506
29.375 76.625 0.075115
29.375 76.875 -1.4077
29.375 77.125 -1.4544
29.375 77.375 -0.39244
29.375 77.625 -0.60733
29.375 77.875 -0.63646
29.375 78.125 -0.85884
29.375 78.375 -0.85327
29.375 78.625 -0.93619
29.375 78.875 -0.55339
29.375 79.125 -0.0098691
29.375 79.375 -0.038124
29.375 79.625 -1.394
29.375 79.875 -0.50171
29.375 80.125 -0.32342
NaN NaN NaN
29.625 73.375 -0.87529
29.625 73.625 1.4377
29.625 73.875 1.4724
29.625 74.125 1.8949
29.625 74.375 0.72384
29.625 74.625 -0.71111
29.625 74.875 -0.66785
29.625 75.125 0.064474
29.625 75.375 0.11896
29.625 75.625 0.81196
29.625 75.875 -0.59523
29.625 76.125 -0.99349
29.625 76.375 0.26073
29.625 76.625 0.23632
29.625 76.875 0.49784
29.625 77.125 -0.71919
29.625 77.375 -1.0826
29.625 77.625 -1.3037
29.625 77.875 -0.9674
29.625 78.125 -0.59283
29.625 78.375 -0.43408
29.625 78.625 -1.1887
29.625 78.875 -0.97644
29.625 79.125 -0.62567
29.625 79.375 -0.90762
29.625 79.625 0.13658
29.625 79.875 -0.18461
29.625 80.125 -0.3035
29.875 73.625 1.4233
29.875 73.875 0.27442
29.875 74.125 1.024
29.875 74.375 -0.16026
29.875 74.625 -1.3751
29.875 74.875 -1.4078
29.875 75.125 -0.81219
29.875 75.375 0.53354
29.875 75.625 1.51
29.875 75.875 0.30116
29.875 76.125 0.544
29.875 76.375 0.13149
29.875 76.625 0.68603
29.875 76.875 -0.88852
29.875 77.125 -0.89575
29.875 77.375 -1.2031
29.875 77.625 -1.4722
29.875 77.875 -1.0335
29.875 78.125 -1.5491
29.875 78.375 -0.063299
29.875 78.625 -0.32062
29.875 78.875 -0.55259
29.875 79.125 -1.4225
29.875 79.375 -1.2467
29.875 79.625 -0.31391
29.875 79.875 -0.54904
29.875 80.125 -0.64723
29.875 80.375 -0.65103
30.125 74.125 -0.14065
30.125 74.375 -0.55455
30.125 74.625 -0.66519
30.125 74.875 -0.76758
30.125 75.125 0.83019
30.125 75.375 1.3958
30.125 75.625 1.4932
30.125 75.875 -0.10929
30.125 76.125 0.12584
30.125 76.375 -0.49273
30.125 76.625 -0.76008
30.125 76.875 -1.2006
30.125 77.125 -1.2273
30.125 77.375 -1.5026
30.125 77.625 -0.96473
30.125 77.875 -1.1204
30.125 78.125 -0.40191
30.125 78.375 0.12568
30.125 78.625 0.036513
30.125 78.875 -0.60674
30.125 79.125 -0.77673
30.125 79.375 -1.2192
30.125 79.625 -0.8715
30.125 79.875 -1.0057
30.125 80.125 -0.94674
30.125 80.375 -0.77119
30.125 80.625 -0.86333
30.375 74.125 0.39697
30.375 74.375 0.035256
30.375 74.625 0.17747
30.375 74.875 0.58985
30.375 75.125 1.4977
30.375 75.375 1.4807
30.375 75.625 0.31569
30.375 75.875 0.030995
30.375 76.125 -0.19372
30.375 76.375 -0.63454
30.375 76.625 -1.3476
30.375 76.875 -1.3486
30.375 77.125 -0.61802
30.375 77.375 -0.12354
30.375 77.625 -0.58006
30.375 77.875 -0.86558
30.375 78.125 -0.80828
30.375 78.375 -1.5957
30.375 78.625 -0.92962
30.375 78.875 -0.93184
30.375 79.125 -1.1013
30.375 79.375 -1.1513
30.375 79.625 -1.2705
30.375 79.875 -1.0242
30.375 80.125 -0.88406
30.375 80.375 -0.58808
30.375 80.625 -0.77682
30.625 74.375 0.33818
30.625 74.625 0.20835
30.625 74.875 0.58374
30.625 75.125 1.1131
30.625 75.375 0.88117
30.625 75.625 0.69028
30.625 75.875 0.64358
30.625 76.125 -0.4805
30.625 76.375 -0.90878
30.625 76.625 0.068242
30.625 76.875 0.42456
30.625 77.125 0.50762
30.625 77.375 0.29759
30.625 77.625 -0.86593
30.625 77.875 -1.5967
30.625 78.125 -0.92079
30.625 78.375 -1.9173
30.625 78.625 -1.6319
30.625 78.875 -1.3882
30.625 79.125 -1.3271
30.625 79.375 -1.6638
30.625 79.625 -1.3292
30.625 79.875 -1.1342
30.625 80.125 -0.75811
30.875 74.625 -0.043094
30.875 74.875 0.91582
30.875 75.125 1.149
30.875 75.375 0.17319
30.875 75.625 0.38711
30.875 75.875 0.10847
30.875 76.125 0.61998
30.875 76.375 0.86633
30.875 76.625 0.52834
30.875 76.875 0.82968
30.875 77.125 -0.019682
30.875 77.375 -0.77075
30.875 77.625 -1.364
30.875 77.875 -1.1253
30.875 78.125 -1.2734
30.875 78.375 -1.5812
30.875 78.625 -1.9021
30.875 78.875 -1.8669
30.875 79.125 -1.3699
30.875 79.375 -0.84446
30.875 79.625 1.6401
30.875 79.875 -1.0815
31.125 74.875 0.54064
31.125 75.125 1.172
31.125 75.375 -0.1708
31.125 75.625 -0.46024
31.125 75.875 0.46022
31.125 76.125 1.0904
31.125 76.375 0.87865
31.125 76.625 0.76296
31.125 76.875 0.34429
31.125 77.125 0.59604
31.125 77.375 -0.13796
31.125 77.625 0.59644
31.125 77.875 -0.91605
31.125 78.125 -1.2988
31.125 78.375 -1.2793
31.125 78.625 -1.443
31.125 78.875 -0.9562
31.125 79.125 -0.89365
31.375 74.875 0.21619
31.375 75.125 -0.068716
31.375 75.375 -0.67345
31.375 75.625 0.24981
31.375 75.875 0.71815
31.375 76.125 0.59244
31.375 76.375 1.6365
31.375 76.625 0.7563
31.375 76.875 0.1558
31.375 77.125 1.0541
31.375 77.375 0.8362
31.375 77.625 0.51441
31.375 77.875 -1.1766
31.375 78.125 -1.3515
31.375 78.375 -1.5085
31.375 78.625 -1.4883
31.625 74.875 0.32241
31.625 75.125 0.09758
31.625 75.375 -0.23966
31.625 75.625 -0.28526
31.625 75.875 -0.29315
31.625 76.125 0.017311
31.625 76.375 0.45793
31.625 76.625 0.48484
31.625 76.875 0.44151
31.625 77.125 0.31182
31.625 77.375 1.4891
31.625 77.625 0.36049
31.625 77.875 -1.0884
31.625 78.125 -1.4019
31.625 78.375 -1.6322
31.625 78.625 -1.5289
31.875 74.875 0.49583
31.875 75.125 -0.0027784
31.875 75.375 -0.55995
31.875 75.625 -0.45101
31.875 75.875 -0.31221
31.875 76.125 -0.050862
31.875 76.375 0.17638
31.875 76.625 0.27577
31.875 76.875 -0.11122
31.875 77.125 -0.11858
31.875 77.375 -0.13486
31.875 77.625 -0.90689
31.875 77.875 -1.7789
31.875 78.125 -1.4635
31.875 78.375 -1.3248
31.875 78.625 -1.2899
32.125 75.375 -0.30774
32.125 75.625 0.39452
32.125 75.875 0.59665
32.125 76.125 0.028924
32.125 76.375 -0.43455
32.125 76.625 -0.94926
32.125 76.875 -0.29682
32.125 77.125 -0.61568
32.125 77.375 -1.4809
32.125 77.625 -1.3504
32.125 77.875 -1.6672
32.125 78.125 -1.4704
32.125 78.375 -1.365
32.375 75.375 -0.15449
32.375 75.625 -0.17217
32.375 75.875 0.18883
32.375 76.125 -0.68858
32.375 76.375 -0.80498
32.375 76.625 -1.514
32.375 76.875 -1.3809
32.375 77.125 -1.1619
32.375 77.375 -1.7537
32.375 77.625 -1.9698
32.375 77.875 -1.9497
32.375 78.125 -1.4506
32.375 78.375 -1.334
32.625 74.875 -0.92037
32.625 75.125 -0.48432
32.625 75.375 -0.8743
32.625 75.625 -0.97144
32.625 75.875 -0.70274
32.625 76.125 -0.47455
32.625 76.375 -0.75454
32.625 76.625 -1.6813
32.625 76.875 -1.3089
32.625 77.125 -1.3272
32.625 77.375 -1.7239
32.625 77.625 -1.8867
32.625 77.875 -1.876
32.625 78.125 -1.7381
32.625 78.375 -1.2295
32.625 78.625 -1.2259
32.625 78.875 -1.2392
32.625 79.125 -1.1732
32.625 79.375 -1.1935
32.875 74.375 -0.3467
32.875 74.625 -0.31677
32.875 74.875 -0.15112
32.875 75.125 -0.40648
32.875 75.375 -1.1413
32.875 75.625 -1.6597
32.875 75.875 -1.3734
32.875 76.125 -0.47868
32.875 76.375 -0.7304
32.875 76.625 -1.1103
32.875 76.875 -1.0887
32.875 77.125 -1.5576
32.875 77.375 -1.6737
32.875 77.625 -1.835
32.875 77.875 -1.8169
32.875 78.125 -1.0697
32.875 78.375 -1.0683
32.875 78.625 -1.1114
32.875 78.875 -1.2312
32.875 79.125 -1.2413
32.875 79.375 -1.2739
33.125 73.875 0.15257
33.125 74.125 0.36119
33.125 74.375 0.27862
33.125 74.625 -0.11381
33.125 74.875 -0.62768
33.125 75.125 -0.63228
33.125 75.375 -1.4184
33.125 75.625 -1.4691
33.125 75.875 -0.71438
33.125 76.125 -0.027009
33.125 76.375 -0.70739
33.125 76.625 -0.82479
33.125 76.875 -1.6962
33.125 77.125 -1.55
33.125 77.375 -0.80972
33.125 77.625 -0.38138
33.125 77.875 -0.1531
33.125 78.125 0.021546
33.125 78.375 -0.04772
33.125 78.625 -0.77755
33.125 78.875 -1.0953
33.125 79.125 -1.2546
33.375 73.875 0.13056
33.375 74.125 0.26776
33.375 74.375 -0.53778
33.375 74.625 -1.1175
33.375 74.875 -1.5096
33.375 75.125 -1.6876
33.375 75.375 -1.5218
33.375 75.625 -1.2776
33.375 75.875 -0.88122
33.375 76.125 -0.34749
33.375 76.375 -0.10224
33.375 76.625 -0.29999
33.375 76.875 -0.38993
33.375 77.125 -0.32506
33.375 77.375 -0.25676
33.375 77.625 -0.23514
33.375 77.875 -0.24761
33.375 78.125 -0.21856
33.375 78.375 -0.22785
33.375 78.625 -0.51875
33.375 78.875 -0.92129
33.625 73.875 0.033034
33.625 74.125 0.15876
33.625 74.375 -0.96682
33.625 74.625 -1.3748
33.625 74.875 -1.2134
33.625 75.125 -1.6926
33.625 75.375 -1.4815
33.625 75.625 -1.1034
33.625 75.875 -0.77992
33.625 76.125 -0.69788
33.625 76.375 -0.38607
33.625 76.625 -0.53442
33.625 76.875 -0.46295
33.625 77.125 -0.32699
33.625 77.375 -0.25521
33.625 77.625 -0.2921
33.625 77.875 -0.29376
33.625 78.125 -0.2956
33.625 78.375 -0.3525
33.625 78.625 -0.23
33.625 78.875 -0.67524
33.875 73.875 0.025954
33.875 74.125 -0.41502
33.875 74.375 -0.88947
33.875 74.625 -0.96575
33.875 74.875 -1.0743
33.875 75.125 -0.33609
33.875 75.375 -0.40159
33.875 75.625 -0.91549
33.875 75.875 -0.89216
33.875 76.125 -0.82471
33.875 76.375 -0.84331
33.875 76.625 -0.75454
33.875 76.875 -0.7639
33.875 77.125 -0.72074
33.875 77.375 -0.49757
33.875 77.625 -0.40723
33.875 77.875 -0.34197
33.875 78.125 -0.3597
33.875 78.375 -0.36785
33.875 78.625 -0.31336
33.875 78.875 -0.51618
34.125 73.625 -1.3559
34.125 73.875 -1.1475
34.125 74.125 -0.53403
34.125 74.375 -1.6122
34.125 74.625 -1.465
34.125 74.875 -0.70578
34.125 75.125 -0.18363
34.125 75.375 -0.49149
34.125 75.625 -1.0632
34.125 75.875 -1.008
34.125 76.125 -1.0002
34.125 76.375 -0.83496
34.125 76.625 -0.74816
34.125 76.875 -0.77827
34.125 77.125 -0.73754
34.125 77.375 -0.62017
34.125 77.625 -0.51809
34.125 77.875 -0.44923
34.125 78.125 -0.38963
34.125 78.375 -0.40144
34.125 78.625 -0.40577
34.125 78.875 -0.48238
34.125 79.125 -0.52592
34.125 79.375 -0.75726
34.375 73.625 -1.4867
34.375 73.875 -0.97414
34.375 74.125 -1.9959
34.375 74.375 -1.8678
34.375 74.625 -1.654
34.375 74.875 -1.1206
34.375 75.125 -0.58899
34.375 75.375 -1.0241
34.375 75.625 -1.3212
34.375 75.875 -1.2269
34.375 76.125 -1.061
34.375 76.375 -0.83416
34.375 76.625 -0.71329
34.375 76.875 -0.74618
34.375 77.125 -0.7864
34.375 77.375 -0.76126
34.375 77.625 -0.70531
34.375 77.875 -0.62031
34.375 78.125 -0.55839
34.375 78.375 -0.44827
34.375 78.625 -0.49269
34.375 78.875 -0.50539
34.375 79.125 -0.61472
34.375 79.375 -0.82866
34.625 73.875 -1.6435
34.625 74.125 -1.6569
34.625 74.375 -2.0444
34.625 74.625 -1.8971
34.625 74.875 -1.6049
34.625 75.125 -0.73824
34.625 75.375 -1.3503
34.625 75.625 -1.234
34.625 75.875 -1.0422
34.625 76.125 -1.0716
34.625 76.375 -0.8031
34.625 76.625 -0.6851
34.625 76.875 -0.74904
34.625 77.125 -0.81798
34.625 77.375 -0.80409
34.625 77.625 -0.79909
34.625 77.875 -0.7041
34.625 78.125 -0.63447
34.625 78.375 -0.5024
34.625 78.625 -0.55079
34.625 78.875 -0.60206
34.625 79.125 -0.61935
34.625 79.375 -0.83973
34.625 79.625 -1.0282
34.875 74.125 -1.9685
34.875 74.375 -1.7978
34.875 74.625 -1.5397
34.875 74.875 -1.1974
34.875 75.125 -1.8365
34.875 75.375 -1.9398
34.875 75.625 -1.269
34.875 75.875 -1.1329
34.875 76.125 -1.0769
34.875 76.375 -0.83961
34.875 76.625 -0.79555
34.875 76.875 -0.87853
34.875 77.125 -0.90771
34.875 77.375 -0.91273
34.875 77.625 -0.85322
34.875 77.875 -0.81026
34.875 78.125 -0.70179
34.875 78.375 -0.61991
34.875 78.625 -0.62369
34.875 78.875 -0.61929
34.875 79.125 -0.63468
34.875 79.375 -0.69887
34.875 79.625 -0.91275
34.875 79.875 -1.0704
35.125 74.375 -2.0807
35.125 74.625 -2.0886
35.125 74.875 -2.0691
35.125 75.125 -2.2272
35.125 75.375 -2.1653
35.125 75.625 -1.2043
35.125 75.875 -1.0174
35.125 76.125 -1.1319
35.125 76.375 -0.84692
35.125 76.625 -0.91545
35.125 76.875 -0.95994
35.125 77.125 -0.9995
35.125 77.375 -1.071
35.125 77.625 -0.94769
35.125 77.875 -0.83348
35.125 78.125 -0.7635
35.125 78.375 -0.70144
35.125 78.625 -0.67487
35.125 78.875 -0.55836
35.125 79.125 -0.62983
35.125 79.375 -0.69195
35.125 79.625 -0.78349
35.125 79.875 -0.93632
35.375 73.875 -1.6397
35.375 74.125 -1.941
35.375 74.375 -1.9771
35.375 74.625 -2.2209
35.375 74.875 -2.1567
35.375 75.125 -2.0851
35.375 75.375 -1.9298
35.375 75.625 -1.4195
35.375 75.875 -1.425
35.375 76.125 -1.1951
35.375 76.375 -1.0803
35.375 76.625 -1.1292
35.375 76.875 -1.0537
35.375 77.125 -0.97901
35.375 77.375 -0.93479
35.375 77.625 -0.90091
35.375 77.875 -0.81613
35.375 78.125 -0.77534
35.375 78.375 -0.72293
35.375 78.625 -0.70115
35.375 78.875 -0.69506
35.375 79.125 -0.70571
35.375 79.375 -0.68113
35.375 79.625 -0.69975
35.375 79.875 -0.83406
NaN NaN NaN
35.625 73.375 -1.8091
35.625 73.625 -1.7833
35.625 73.875 -2.0052
35.625 74.125 -2.0625
35.625 74.375 -2.1171
35.625 74.625 -1.8774
35.625 74.875 -2.218
35.625 75.125 -2.2719
35.625 75.375 -2.1976
35.625 75.625 -2.1094
35.625 75.875 -1.9638
35.625 76.125 -1.3995
35.625 76.375 -1.3116
35.625 76.625 -1.1784
35.625 76.875 -1.0559
35.625 77.125 -0.98557
35.625 78.375 -0.71564
35.625 78.625 -0.71853
35.625 78.875 -0.67086
35.625 79.125 -0.67965
35.625 79.375 -0.66137
35.625 79.625 -0.67519
35.625 79.875 -0.91776
35.625 80.125 -0.94546
35.875 73.125 1.0206
35.875 73.375 0.19599
35.875 73.625 -1.5022
35.875 73.875 -1.8331
35.875 74.125 -2.2153
35.875 74.375 -2.0026
35.875 74.625 -2.2554
35.875 74.875 -1.6698
35.875 75.125 -2.2652
35.875 75.375 -2.251
35.875 75.625 -2.0338
35.875 75.875 -1.847
35.875 76.125 -1.6235
35.875 76.375 -1.3591
35.875 76.625 -1.1936
35.875 79.375 -0.53419
36.125 72.625 -0.41711
36.125 72.875 0.086632
36.125 73.125 -0.8089
36.125 73.375 1.3433
36.125 73.625 0.02382
36.125 73.875 -0.84477
36.125 74.125 -1.8777
36.125 74.375 -2.0366
36.125 74.625 -2.3787
36.125 74.875 -2.1954
36.125 75.125 -1.9306
36.125 75.375 -2.2609
36.125 75.625 -2.3308
36.125 75.875 -2.0931
36.125 76.125 -1.6487
36.125 76.375 -1.2591
36.125 76.625 -1.0061
36.375 73.125 2.1779
36.375 73.375 1.9453
36.375 73.625 1.0784
36.375 73.875 -1.1634
36.375 74.125 -1.6042
36.375 74.375 -1.9906
36.375 74.625 -2.2449
36.375 74.875 -1.7194
36.375 75.125 -1.9343
36.375 75.375 -1.9788
36.375 75.625 -2.3645
36.375 75.875 -2.1774
36.375 76.125 -1.7875
36.625 73.375 1.9131
36.625 73.625 1.3983
36.625 73.875 -0.64976
36.625 74.125 -0.64368
36.625 74.375 -2.3215
36.625 74.625 -1.8745
36.625 74.875 -1.8175
36.625 75.125 -1.8749
36.625 75.375 -2.2704
36.625 75.625 -2.3707
36.875 73.875 -2.1335
36.875 74.375 -2.1795
36.875 74.625 -1.5635
36.875 74.875 -2.033
36.875 75.125 -2.1629
36.875 75.375 -2.3597
