8.125 77.375 0.95336
8.375 77.125 -0.37785
8.375 77.375 0.67324
8.375 77.625 1.238
8.375 77.875 1.4575
8.625 76.875 -0.1826
8.625 77.125 0.85572
8.625 77.375 1.0806
8.625 77.625 0.62196
8.625 77.875 0.87825
8.875 76.875 0.6114
8.875 77.125 1.1373
8.875 77.375 0.44252
8.875 77.625 0.56033
8.875 77.875 -0.14843
9.125 76.625 1.3583
9.125 76.875 1.2134
9.125 77.125 0.56721
9.125 77.375 0.11788
9.125 77.625 0.20292
9.125 77.875 -0.22343
9.125 78.125 0.23799
NaN NaN NaN
9.375 76.625 1.1368
9.375 76.875 1.1553
9.375 77.125 0.6367
9.375 77.375 0.31245
9.375 77.625 -0.13301
9.375 77.875 -0.068491
9.375 78.125 0.3572
9.375 78.375 0.44866
9.375 78.625 0.61605
NaN NaN NaN
9.625 76.375 1.2298
9.625 76.625 1.1602
9.625 76.875 1.7048
9.625 77.125 0.5416
9.625 77.375 0.060207
9.625 77.625 -0.54115
9.625 77.875 0.31311
9.625 78.125 -0.15518
9.625 78.375 0.036545
9.625 78.625 1.0407
9.875 76.625 0.86048
9.875 76.875 1.324
9.875 77.125 1.1263
9.875 77.375 -0.032763
9.875 77.625 -0.21301
9.875 77.875 -0.028679
9.875 78.125 -0.4684
9.875 78.375 0.61959
9.875 78.625 1.3012
9.875 78.875 1.1825
10.125 76.375 0.65451
10.125 76.625 1.6608
10.125 76.875 2.1472
10.125 77.125 1.8445
10.125 77.375 -1.4218
10.125 77.625 0.052939
10.125 77.875 0.42049
10.125 78.125 -0.021981
10.125 78.375 0.593
10.125 78.625 -0.25901
10.125 78.875 -0.14038
10.125 79.125 0.74316
10.375 76.375 0.95197
10.375 76.625 0.45966
10.375 76.875 1.4787
10.375 77.125 1.3409
10.375 77.375 -0.48138
10.375 77.625 -0.21046
10.375 77.875 -0.68548
10.375 78.125 -0.51202
10.375 78.375 -0.19682
10.375 78.625 0.049979
10.375 78.875 -0.35426
10.375 79.125 0.81247
NaN NaN NaN
NaN NaN NaN
10.625 76.125 1.5174
10.625 76.375 1.5729
10.625 76.625 0.91496
10.625 76.875 0.79747
10.625 77.125 -0.53899
10.625 77.375 -0.67753
10.625 77.625 -0.087676
10.625 77.875 -0.079178
10.625 78.125 -0.83631
10.625 78.375 -1.0181
10.625 78.625 0.14307
10.625 78.875 0.391
10.625 79.125 1.9363
10.625 79.375 1.5995
10.625 79.625 1.4277
10.875 76.125 1.2492
10.875 76.375 1.6429
10.875 76.625 1.2852
10.875 76.875 0.25887
10.875 77.125 -1.5314
10.875 77.375 0.2016
10.875 77.625 -0.74683
10.875 77.875 -0.46447
10.875 78.125 -1.14
10.875 78.375 -0.16453
10.875 78.625 1.2478
10.875 78.875 1.0969
10.875 79.125 0.8459
10.875 79.375 0.92898
10.875 79.625 1.432
11.125 76.125 0.37473
11.125 76.375 1.8366
11.125 76.625 2.3434
11.125 76.875 -1.1727
11.125 77.125 -0.4621
11.125 77.375 -0.31963
11.125 77.625 0.16173
11.125 77.875 0.52418
11.125 78.125 -1.326
11.125 78.375 1.4293
11.125 78.625 0.8416
11.125 78.875 0.78532
11.125 79.125 1.1735
11.125 79.375 1.254
11.125 79.625 1.0049
11.375 75.875 0.55597
11.375 76.125 1.1165
11.375 76.375 1.3974
11.375 76.625 1.6324
11.375 76.875 2.2768
11.375 77.125 1.5434
11.375 77.375 -0.40099
11.375 77.625 0.75476
11.375 77.875 1.1176
11.375 78.125 1.5821
11.375 78.375 0.89229
11.375 78.625 0.033964
11.375 78.875 0.11124
11.375 79.125 -0.45066
11.375 79.375 1.0921
11.375 79.625 1.0002
11.625 75.875 0.81696
11.625 76.125 2.0107
11.625 76.375 0.79302
11.625 76.625 2.0812
11.625 76.875 -0.75048
11.625 77.125 -0.73737
11.625 77.375 0.65872
11.625 77.625 0.39245
11.625 77.875 0.96371
11.625 78.125 0.097301
11.625 78.375 0.4878
11.625 78.625 1.6421
11.625 78.875 0.34904
11.625 79.125 2.1178
11.625 79.375 1.2777
NaN NaN NaN
NaN NaN NaN
11.875 75.875 -1.2154
11.875 76.125 0.57023
11.875 76.375 0.71021
11.875 76.625 0.74375
11.875 76.875 -1.0327
11.875 77.125 0.98115
11.875 77.375 0.77465
11.875 77.625 1.3062
11.875 77.875 -0.30867
11.875 78.125 1.9462
11.875 78.375 1.6486
11.875 78.625 0.96643
11.875 78.875 1.0318
11.875 79.125 2.1269
11.875 79.375 0.98003
11.875 79.625 1.0783
12.125 75.375 0.6962
12.125 75.625 1.2803
12.125 75.875 0.32692
12.125 76.125 0.70591
12.125 76.375 -0.4765
12.125 76.625 -0.91302
12.125 76.875 -1.0114
12.125 77.125 0.66538
12.125 77.375 1.6735
12.125 77.625 1.4913
12.125 77.875 -0.68573
12.125 78.125 2.2468
12.125 78.375 1.9081
12.125 78.625 0.86167
12.125 78.875 -0.073025
12.125 79.125 1.1382
12.125 79.375 1.1768
12.125 79.625 0.93892
12.375 75.125 1.4653
12.375 75.375 2.0335
12.375 75.625 0.76069
12.375 75.875 0.53854
12.375 76.125 0.42928
12.375 76.375 0.66112
12.375 76.625 1.781
12.375 76.875 -0.28284
12.375 77.125 -1.2111
12.375 77.375 -0.33268
12.375 77.625 -0.16811
12.375 77.875 0.47262
12.375 78.125 1.5172
12.375 78.375 1.5841
12.375 78.625 0.71129
12.375 78.875 0.25635
12.375 79.125 0.5981
12.375 79.375 0.17927
12.375 79.625 0.7344
12.375 79.875 0.58002
12.625 75.125 1.7488
12.625 75.375 0.74525
12.625 75.625 0.65155
12.625 75.875 0.91495
12.625 76.125 0.73184
12.625 76.375 2.2432
12.625 76.625 2.0206
12.625 76.875 1.1766
12.625 77.125 -0.86142
12.625 77.375 -0.46847
12.625 77.625 1.4384
12.625 77.875 0.42744
12.625 78.125 1.2517
12.625 78.375 2.0211
12.625 78.625 1.2419
12.625 78.875 1.2759
12.625 79.125 1.3073
12.625 79.375 0.19092
12.625 79.625 0.076975
12.625 79.875 -0.6934
12.875 75.125 1.9951
12.875 75.375 1.9041
12.875 75.625 -1.8094
12.875 75.875 0.60357
12.875 76.125 1.4528
12.875 76.375 2.2373
12.875 76.625 1.3532
12.875 76.875 0.88398
12.875 77.125 -0.30352
12.875 77.375 0.80527
12.875 77.625 0.98156
12.875 77.875 0.81012
12.875 78.125 1.438
12.875 78.375 1.8224
12.875 78.625 0.73025
12.875 78.875 1.0884
12.875 79.125 1.112
12.875 79.375 1.1995
12.875 79.625 0.98701
12.875 79.875 0.4399
NaN NaN NaN
13.125 75.125 1.614
13.125 75.375 0.77076
13.125 75.625 1.7519
13.125 75.875 1.816
13.125 76.125 1.3529
13.125 76.375 1.3285
13.125 76.625 2.1629
13.125 76.875 0.93444
13.125 77.125 -0.066099
13.125 77.375 0.38189
13.125 77.625 0.80533
13.125 77.875 1.5313
13.125 78.125 1.3341
13.125 78.375 1.2482
13.125 78.625 0.97325
13.125 78.875 0.61335
13.125 79.125 1.2226
13.125 79.375 1.1451
13.125 79.625 1.1785
13.125 79.875 1.3388
13.125 80.125 1.2921
NaN NaN NaN
13.375 75.125 0.57112
13.375 75.375 0.42591
13.375 75.625 1.0305
13.375 75.875 1.6655
13.375 76.125 1.8705
13.375 76.375 2.132
13.375 76.625 1.7145
13.375 76.875 0.95645
13.375 77.125 1.4607
13.375 77.375 0.5099
13.375 77.625 0.87499
13.375 77.875 2.2376
13.375 78.125 0.91767
13.375 78.375 1.2224
13.375 78.625 1.8572
13.375 78.875 1.828
13.375 79.125 1.0174
13.375 79.375 0.706
13.375 79.625 1.0458
13.375 79.875 1.0405
13.375 80.125 1.1906
13.625 74.875 -0.81926
13.625 75.125 0.64581
13.625 75.375 0.26212
13.625 75.625 1.4656
13.625 75.875 1.7972
13.625 76.125 1.26
13.625 76.375 0.77938
13.625 76.625 -0.051466
13.625 76.875 1.027
13.625 77.125 0.64015
13.625 77.375 0.73808
13.625 77.625 1.944
13.625 77.875 2.2438
13.625 78.125 1.1687
13.625 78.375 0.87557
13.625 78.625 0.35906
13.625 78.875 1.4516
13.625 79.125 1.95
13.625 79.375 1.1609
13.625 79.625 0.10269
13.625 79.875 0.57506
13.625 80.125 1.1053
13.875 74.875 0.56132
13.875 75.125 0.62392
13.875 75.375 0.39064
13.875 75.625 0.83417
13.875 75.875 1.5349
13.875 76.125 1.2705
13.875 76.375 1.2587
13.875 76.625 1.7034
13.875 76.875 1.1109
13.875 77.125 0.43733
13.875 77.375 0.63534
13.875 77.625 1.1606
13.875 77.875 0.53221
13.875 78.125 0.73591
13.875 78.375 1.3176
13.875 78.625 0.54433
13.875 78.875 1.4412
13.875 79.125 1.402
13.875 79.375 0.44488
13.875 79.625 -1.1346
13.875 79.875 0.15585
14.125 74.625 1.0648
14.125 74.875 0.37912
14.125 75.125 0.36802
14.125 75.375 0.87653
14.125 75.625 0.11492
14.125 75.875 1.6104
14.125 76.125 2.0059
14.125 76.375 2.0509
14.125 76.625 1.646
14.125 76.875 1.5303
14.125 77.125 0.57241
14.125 77.375 0.66752
14.125 77.625 0.11547
14.125 77.875 0.21707
14.125 78.125 -0.37934
14.125 78.375 0.40389
14.125 78.625 0.72852
14.125 78.875 1.2508
14.125 79.125 1.2144
14.125 79.375 0.71555
14.125 79.625 0.5103
14.125 79.875 0.60281
14.375 74.625 -0.21464
14.375 74.875 0.50577
14.375 75.125 0.62128
14.375 75.375 0.23057
14.375 75.625 1.5811
14.375 75.875 1.8746
14.375 76.125 2.2913
14.375 76.375 2.28
14.375 76.625 1.5491
14.375 76.875 1.6245
14.375 77.125 1.7313
14.375 77.375 0.90652
14.375 77.625 0.27912
14.375 77.875 0.24685
14.375 78.125 0.060583
14.375 78.375 0.69859
14.375 78.625 0.80597
14.375 78.875 1.4217
14.375 79.125 1.4683
14.375 79.375 1.5077
14.375 79.625 1.1053
14.375 79.875 1.2643
NaN NaN NaN
14.625 74.625 -0.2168
14.625 74.875 0.2902
14.625 75.125 0.77841
14.625 75.375 1.5699
14.625 75.625 0.83235
14.625 75.875 1.7228
14.625 76.125 2.3721
14.625 76.375 1.9245
14.625 76.625 1.2816
14.625 76.875 1.2987
14.625 77.125 1.9074
14.625 77.375 1.1145
14.625 77.625 0.3601
14.625 77.875 0.94775
14.625 78.125 1.0057
14.625 78.375 0.77351
14.625 78.625 0.70186
14.625 78.875 1.6299
14.625 79.125 1.7022
14.625 79.375 1.4518
14.625 79.625 0.76747
14.625 79.875 0.94438
14.875 74.375 1.2562
14.875 74.625 0.36588
14.875 74.875 0.65658
14.875 75.125 0.58398
14.875 75.375 -0.46813
14.875 75.625 0.63399
14.875 75.875 1.5303
14.875 76.125 1.691
14.875 76.375 0.76579
14.875 76.625 1.7324
14.875 76.875 1.5541
14.875 77.125 1.3295
14.875 77.375 1.955
14.875 77.625 0.27083
14.875 77.875 0.27368
14.875 78.125 0.54722
14.875 78.375 0.73243
14.875 78.625 0.86936
14.875 78.875 1.6243
14.875 79.125 1.7835
14.875 79.375 1.128
14.875 79.625 1.2736
14.875 79.875 1.142
15.125 74.125 1.993
15.125 74.375 1.6155
15.125 74.625 0.9707
15.125 74.875 0.48089
15.125 75.125 0.24899
15.125 75.375 1.4572
15.125 75.625 1.1047
15.125 75.875 1.4614
15.125 76.125 1.0901
15.125 76.375 1.2109
15.125 76.625 1.2559
15.125 76.875 1.0838
15.125 77.125 0.68754
15.125 77.375 0.63431
15.125 77.625 0.57828
15.125 77.875 0.13902
15.125 78.125 0.30343
15.125 78.375 0.88748
15.125 78.625 0.8413
15.125 78.875 1.0284
15.125 79.125 0.93764
15.125 79.375 1.7697
15.125 79.625 1.966
15.125 79.875 1.6922
15.375 73.875 1.3648
15.375 74.125 1.5521
15.375 74.375 1.8593
15.375 74.625 0.98348
15.375 74.875 1.0079
15.375 75.125 0.87446
15.375 75.375 2.0462
15.375 75.625 1.1695
15.375 75.875 0.75928
15.375 76.125 1.5341
15.375 76.375 1.6648
15.375 76.625 0.3952
15.375 76.875 0.48283
15.375 77.125 0.59281
15.375 77.375 0.46401
15.375 77.625 0.95536
15.375 77.875 -0.018809
15.375 78.125 0.24599
15.375 78.375 0.26352
15.375 78.625 0.61843
15.375 78.875 0.87371
15.375 79.125 1.1008
15.375 79.375 0.8919
15.375 79.625 1.4003
15.375 79.875 1.2833
15.625 73.875 1.1394
15.625 74.125 0.013586
15.625 74.375 -0.84731
15.625 74.625 0.71691
15.625 74.875 0.90727
15.625 75.125 1.373
15.625 75.375 1.2914
15.625 75.625 0.38516
15.625 75.875 1.0833
15.625 76.125 1.7481
15.625 76.375 1.7282
15.625 76.625 1.0501
15.625 76.875 0.94843
15.625 77.125 1.2379
15.625 77.375 0.74631
15.625 77.625 1.4259
15.625 77.875 0.38604
15.625 78.125 -0.039881
15.625 78.375 0.31211
15.625 78.625 0.58295
15.625 78.875 1.6643
15.625 79.125 1.238
15.625 79.375 0.99332
15.625 79.625 1.455
15.625 79.875 0.80211
15.625 80.125 0.44507
15.875 73.875 1.0888
15.875 74.125 1.3796
15.875 74.375 0.55211
15.875 74.625 1.0473
15.875 74.875 0.41736
15.875 75.125 0.81852
15.875 75.375 0.76387
15.875 75.625 0.90017
15.875 75.875 1.1533
15.875 76.125 0.8121
15.875 76.375 0.94935
15.875 76.625 0.99088
15.875 76.875 1.0132
15.875 77.125 1.3962
15.875 77.375 1.0355
15.875 77.625 0.97756
15.875 77.875 1.6089
15.875 78.125 1.6371
15.875 78.375 1.5962
15.875 78.625 1.7359
15.875 78.875 1.3047
15.875 79.125 1.3599
15.875 79.375 1.4858
15.875 79.625 -0.21723
15.875 79.875 0.60169
15.875 80.125 0.62189
15.875 80.375 0.43143
NaN NaN NaN
15.875 80.875 0.6149
16.125 73.625 1.8733
16.125 73.875 1.3169
16.125 74.125 1.3951
16.125 74.375 0.81336
16.125 74.625 1.7551
16.125 74.875 1.085
16.125 75.125 -0.75899
16.125 75.375 -0.5546
16.125 75.625 0.70744
16.125 75.875 1.0561
16.125 76.125 0.99317
16.125 76.375 0.87129
16.125 76.625 0.55714
16.125 76.875 1.3835
16.125 77.125 1.8762
16.125 77.375 1.5433
16.125 77.625 1.2068
16.125 77.875 1.818
16.125 78.125 1.9985
16.125 78.375 1.7845
16.125 78.625 1.6039
16.125 78.875 1.3228
16.125 79.125 1.3225
16.125 79.375 1.314
16.125 79.625 0.041807
16.125 79.875 0.92965
16.125 80.125 1.6141
16.125 80.375 1.235
16.125 80.625 0.75666
16.125 80.875 0.78489
16.375 73.625 1.7659
16.375 73.875 1.6522
16.375 74.125 1.7854
16.375 74.375 1.7877
16.375 74.625 -0.45576
16.375 74.875 0.09685
16.375 75.125 0.077378
16.375 75.375 0.63314
16.375 75.625 1.0835
16.375 75.875 1.603
16.375 76.125 1.7889
16.375 76.375 1.4307
16.375 76.625 0.24746
16.375 76.875 1.4342
16.375 77.125 1.6583
16.375 77.375 1.7896
16.375 77.625 1.7475
16.375 77.875 2.1325
16.375 78.125 2.2827
16.375 78.375 2.0967
16.375 78.625 1.8908
16.375 78.875 1.0631
16.375 79.125 1.3254
16.375 79.375 0.93591
16.375 79.625 1.0008
16.375 79.875 0.73728
16.375 80.125 0.91264
16.375 80.375 0.6127
16.375 80.625 0.66265
16.375 80.875 0.59866
16.375 81.125 0.60069
NaN NaN NaN
NaN NaN NaN
16.625 73.625 1.6266
16.625 73.875 1.7314
16.625 74.125 2.0681
16.625 74.375 -0.32358
16.625 74.625 1.2639
16.625 74.875 0.60054
16.625 75.125 0.63463
16.625 75.375 1.0446
16.625 75.625 1.3577
16.625 75.875 1.3505
16.625 76.125 1.3313
16.625 76.375 1.2538
16.625 76.625 -0.28415
16.625 76.875 1.3543
16.625 77.125 2.0556
16.625 77.375 2.1509
16.625 77.625 2.1067
16.625 77.875 2.2397
16.625 78.125 2.4159
16.625 78.375 2.317
16.625 78.625 1.9031
16.625 78.875 0.50059
16.625 79.125 0.34299
16.625 79.375 0.26997
16.625 79.625 0.76704
16.625 79.875 0.7819
16.625 80.125 1.0711
16.625 80.375 0.72556
16.625 80.625 0.51515
16.625 80.875 0.57934
16.625 81.125 0.94384
16.625 81.375 0.68779
16.625 81.625 0.51702
16.625 81.875 0.59771
16.625 82.125 0.026803
16.875 73.375 1.9811
16.875 73.625 2.0842
16.875 73.875 1.4492
16.875 74.125 -0.58057
16.875 74.375 0.96255
16.875 74.625 0.19531
16.875 74.875 0.52216
16.875 75.125 0.80624
16.875 75.375 1.5563
16.875 75.625 1.5617
16.875 75.875 1.3427
16.875 76.125 0.52944
16.875 76.375 0.88978
16.875 76.625 1.0293
16.875 76.875 0.3931
16.875 77.125 0.75308
16.875 77.375 1.8261
16.875 77.625 1.4879
16.875 77.875 1.9093
16.875 78.125 1.458
16.875 78.375 0.84131
16.875 78.625 0.57199
16.875 78.875 0.018469
16.875 79.125 0.43982
16.875 79.375 0.54188
16.875 79.625 1.4188
16.875 79.875 0.67183
16.875 80.125 1.1964
16.875 80.375 1.1732
16.875 80.625 1.2019
16.875 80.875 1.2535
16.875 81.125 1.0139
16.875 81.375 0.10519
16.875 81.625 0.8836
16.875 81.875 -0.13841
16.875 82.125 0.022222
17.125 73.375 1.7427
17.125 73.625 1.4584
17.125 73.875 1.8442
17.125 74.125 1.7441
17.125 74.375 -0.14592
17.125 74.625 -1.0078
17.125 74.875 -0.66983
17.125 75.125 -0.71021
17.125 75.375 1.0866
17.125 75.625 1.2519
17.125 75.875 0.88689
17.125 76.125 1.1184
17.125 76.375 0.46444
17.125 76.625 0.48507
17.125 76.875 2.0481
17.125 77.125 1.1977
17.125 77.375 1.0664
17.125 77.625 1.3799
17.125 77.875 1.4239
17.125 78.125 0.71329
17.125 78.375 1.2011
17.125 78.625 0.88988
17.125 78.875 1.4621
17.125 79.125 1.5094
17.125 79.375 1.2863
17.125 79.625 1.1039
17.125 79.875 1.1217
17.125 80.125 1.174
17.125 80.375 1.4775
17.125 80.625 1.3913
17.125 80.875 1.207
17.125 81.125 0.97046
17.125 81.375 1.2686
17.125 81.625 0.27287
17.125 81.875 -0.32448
17.125 82.125 0.47402
17.125 82.375 0.57546
17.375 73.375 0.93122
17.375 73.625 0.61079
17.375 73.875 1.5921
17.375 74.125 1.0007
17.375 74.375 -1.2767
17.375 74.625 -1.2844
17.375 74.875 -0.91903
17.375 75.125 -0.87363
17.375 75.375 -0.41756
17.375 75.625 1.189
17.375 75.875 -0.17005
17.375 76.125 0.25053
17.375 76.375 0.97798
17.375 76.625 0.34538
17.375 76.875 1.8596
17.375 77.125 1.2011
17.375 77.375 1.166
17.375 77.625 1.296
17.375 77.875 0.57909
17.375 78.125 1.274
17.375 78.375 1.2516
17.375 78.625 1.6833
17.375 78.875 1.9491
17.375 79.125 1.3198
17.375 79.375 1.3261
17.375 79.625 1.2582
17.375 79.875 1.2983
17.375 80.125 1.8885
17.375 80.375 1.5267
17.375 80.625 1.195
17.375 80.875 1.0731
17.375 81.125 0.95612
17.375 81.375 1.3658
17.375 81.625 0.31617
17.375 81.875 -0.49819
17.375 82.125 0.499
17.375 82.375 0.80472
NaN NaN NaN
17.625 73.375 1.2877
17.625 73.625 -1.7128
17.625 73.875 1.0441
17.625 74.125 -0.074552
17.625 74.375 -0.60153
17.625 74.625 -0.53834
17.625 74.875 0.5206
17.625 75.125 0.47256
17.625 75.375 -0.0044656
17.625 75.625 0.96538
17.625 75.875 0.3125
17.625 76.125 0.8318
17.625 76.375 1.3205
17.625 76.625 1.078
17.625 76.875 1.542
17.625 77.125 0.765
17.625 77.375 0.39686
17.625 77.625 0.70331
17.625 77.875 1.1253
17.625 78.125 1.0859
17.625 78.375 1.4127
17.625 78.625 1.6122
17.625 78.875 1.5493
17.625 79.125 0.89587
17.625 79.375 1.3503
17.625 79.625 1.7436
17.625 79.875 1.6136
17.625 80.125 1.7986
17.625 80.375 1.5264
17.625 80.625 1.0742
17.625 80.875 1.4418
17.625 81.125 1.1552
17.625 81.375 1.1319
17.625 81.625 -0.35481
17.625 81.875 -0.81188
17.625 82.125 0.1339
17.625 82.375 0.89232
17.625 82.625 1.0769
17.625 82.875 0.62841
17.625 83.125 1.0131
17.875 73.375 1.8222
17.875 73.625 -0.051949
17.875 73.875 1.0677
17.875 74.125 1.6266
17.875 74.375 1.5595
17.875 74.625 1.2606
17.875 74.875 1.4403
17.875 75.125 0.067504
17.875 75.375 -0.14541
17.875 75.625 0.68538
17.875 75.875 0.96349
17.875 76.125 1.5604
17.875 76.375 1.6322
17.875 76.625 1.6632
17.875 76.875 0.8122
17.875 77.125 1.5775
17.875 77.375 0.64891
17.875 77.625 1.5972
17.875 77.875 1.2964
17.875 78.125 1.4766
17.875 78.375 1.521
17.875 78.625 1.8669
17.875 78.875 1.1002
17.875 79.125 1.3126
17.875 79.375 1.0637
17.875 79.625 1.6052
17.875 79.875 1.7608
17.875 80.125 1.6936
17.875 80.375 0.91845
17.875 80.625 1.0708
17.875 80.875 1.2767
17.875 81.125 1.2785
17.875 81.375 1.7625
17.875 81.625 1.0422
17.875 81.875 -0.19982
17.875 82.125 -0.010638
17.875 82.375 0.80127
17.875 82.625 1.1595
17.875 82.875 1.4036
17.875 83.125 0.94611
17.875 83.375 0.74593
NaN NaN NaN
18.125 73.375 0.56997
18.125 73.625 1.005
18.125 73.875 1.6817
18.125 74.125 1.8611
18.125 74.375 1.6693
18.125 74.625 1.8502
18.125 74.875 1.571
18.125 75.125 -0.0045354
18.125 75.375 1.1369
18.125 75.625 1.5879
18.125 75.875 1.7859
18.125 76.125 1.7457
18.125 76.375 1.7326
18.125 76.625 1.5616
18.125 76.875 1.7038
18.125 77.125 1.8793
18.125 77.375 0.38007
18.125 77.625 1.9362
18.125 77.875 1.3361
18.125 78.125 1.5375
18.125 78.375 1.5591
18.125 78.625 1.3561
18.125 78.875 1.6988
18.125 79.125 1.0363
18.125 79.375 0.98344
18.125 79.625 1.4151
18.125 79.875 1.388
18.125 80.125 1.0986
18.125 80.375 0.48529
18.125 80.625 0.61698
18.125 80.875 0.46596
18.125 81.125 0.7398
18.125 81.375 1.552
18.125 81.625 1.8402
18.125 81.875 1.7369
18.125 82.125 1.5219
18.125 82.375 1.3052
18.125 82.625 1.8084
18.125 82.875 1.2165
18.125 83.125 1.1447
18.125 83.375 0.89838
18.125 83.625 1.5235
18.375 73.125 0.37265
18.375 73.375 0.246
18.375 73.625 1.0104
18.375 73.875 1.3492
18.375 74.125 1.314
18.375 74.375 1.3557
18.375 74.625 1.5676
18.375 74.875 1.8566
18.375 75.125 1.4908
18.375 75.375 2.0661
18.375 75.625 1.6621
18.375 75.875 0.80531
18.375 76.125 1.4499
18.375 76.375 1.3027
18.375 76.625 1.1059
18.375 76.875 1.5644
18.375 77.125 1.1871
18.375 77.375 0.51182
18.375 77.625 0.30754
18.375 77.875 1.1616
18.375 78.125 1.2662
18.375 78.375 1.0473
18.375 78.625 0.61761
18.375 78.875 -0.15559
18.375 79.125 0.95776
18.375 79.375 0.63996
18.375 79.625 0.86961
18.375 79.875 0.91721
18.375 80.125 0.66458
18.375 80.375 1.2802
18.375 80.625 1.4105
18.375 80.875 -0.50456
18.375 81.125 0.051295
18.375 81.375 1.3508
18.375 81.625 1.7869
18.375 81.875 1.7374
18.375 82.125 1.7563
18.375 82.375 1.9077
18.375 82.625 1.024
18.375 82.875 -1.3915
18.375 83.125 1.579
18.375 83.375 0.65597
18.375 83.625 1.1462
18.375 83.875 0.80615
18.625 73.125 1.4787
18.625 73.375 0.94875
18.625 73.625 0.43267
18.625 73.875 1.3769
18.625 74.125 1.0813
18.625 74.375 0.71914
18.625 74.625 1.643
18.625 74.875 1.4782
18.625 75.125 1.4944
18.625 75.375 1.5487
18.625 75.625 1.0626
18.625 75.875 0.99239
18.625 76.125 1.0991
18.625 76.375 0.61535
18.625 76.625 1.1653
18.625 76.875 1.3437
18.625 77.125 1.1809
18.625 77.375 0.18239
18.625 77.625 0.45481
18.625 77.875 0.51385
18.625 78.125 0.68656
18.625 78.375 1.4102
18.625 78.625 -0.56989
18.625 78.875 0.42923
18.625 79.125 -0.34952
18.625 79.375 0.59907
18.625 79.625 -0.35521
18.625 79.875 0.13788
18.625 80.125 1.1621
18.625 80.375 1.9115
18.625 80.625 1.7902
18.625 80.875 0.018012
18.625 81.125 -0.39763
18.625 81.375 0.68336
18.625 81.625 1.4138
18.625 81.875 1.6206
18.625 82.125 1.1261
18.625 82.375 0.86491
18.625 82.625 1.4431
18.625 82.875 1.4841
18.625 83.125 -0.41829
18.625 83.375 -0.18125
18.625 83.625 -0.033015
18.625 83.875 0.37076
18.625 84.125 0.27595
18.875 73.125 1.3827
18.875 73.375 1.0972
18.875 73.625 1.1544
18.875 73.875 1.5858
18.875 74.125 0.87068
18.875 74.375 1.7273
18.875 74.625 1.7002
18.875 74.875 1.8108
18.875 75.125 1.0463
18.875 75.375 0.96591
18.875 75.625 0.8399
18.875 75.875 0.50313
18.875 76.125 1.5003
18.875 76.375 0.8208
18.875 76.625 1.2895
18.875 76.875 1.2185
18.875 77.125 1.0289
18.875 77.375 0.27159
18.875 77.625 1.5239
18.875 77.875 1.2411
18.875 78.125 0.87055
18.875 78.375 -0.22252
18.875 78.625 0.26588
18.875 78.875 0.33267
18.875 79.125 0.16632
18.875 79.375 0.89061
18.875 79.625 -0.16387
18.875 79.875 0.42089
18.875 80.125 0.67648
18.875 80.375 1.794
18.875 80.625 1.7444
18.875 80.875 0.72513
18.875 81.125 0.28378
18.875 81.375 0.9227
18.875 81.625 0.46382
18.875 81.875 1.8231
18.875 82.125 0.96787
18.875 82.375 0.76139
18.875 82.625 0.54931
18.875 82.875 0.86441
18.875 83.125 0.73417
18.875 83.375 -0.4595
18.875 83.625 0.081505
18.875 83.875 0.15915
18.875 84.125 -0.26052
18.875 84.375 -0.92107
19.125 73.125 1.9032
19.125 73.375 1.6439
19.125 73.625 1.4019
19.125 73.875 1.8432
19.125 74.125 1.6317
19.125 74.375 1.8099
19.125 74.625 1.8866
19.125 74.875 2.0321
19.125 75.125 1.5258
19.125 75.375 1.1632
19.125 75.625 1.0123
19.125 75.875 0.83017
19.125 76.125 1.2488
19.125 76.375 0.69056
19.125 76.625 0.59996
19.125 76.875 -0.039751
19.125 77.125 0.95354
19.125 77.375 0.23482
19.125 77.625 0.88015
19.125 77.875 0.47538
19.125 78.125 0.31744
19.125 78.375 0.33301
19.125 78.625 0.50051
19.125 78.875 1.0851
19.125 79.125 1.0633
19.125 79.375 -0.00082346
19.125 79.625 0.021663
19.125 79.875 -0.010634
19.125 80.125 0.62845
19.125 80.375 1.5293
19.125 80.625 1.301
19.125 80.875 0.6577
19.125 81.125 0.36013
19.125 81.375 -0.023982
19.125 81.625 0.37671
19.125 81.875 0.069512
19.125 82.125 1.0493
19.125 82.375 0.78713
19.125 82.625 -0.4591
19.125 82.875 -0.21926
19.125 83.125 -0.45341
19.125 83.375 -0.91078
19.125 83.625 -0.17225
19.125 83.875 -0.29374
19.125 84.125 0.047006
19.125 84.375 -0.10586
19.125 84.625 -0.77768
19.375 72.875 0.9705
19.375 73.125 -0.77437
19.375 73.375 2.2292
19.375 73.625 2.0953
19.375 73.875 2.035
19.375 74.125 1.9485
19.375 74.375 1.8283
19.375 74.625 1.9801
19.375 74.875 1.9577
19.375 75.125 1.4987
19.375 75.375 1.0193
19.375 75.625 0.38078
19.375 75.875 0.63721
19.375 76.125 1.1617
19.375 76.375 -0.0044569
19.375 76.625 -0.72669
19.375 76.875 -1.3348
19.375 77.125 0.093976
19.375 77.375 0.2541
19.375 77.625 0.72545
19.375 77.875 0.59997
19.375 78.125 0.73976
19.375 78.375 0.56771
19.375 78.625 0.61548
19.375 78.875 1.0695
19.375 79.125 0.812
19.375 79.375 0.3882
19.375 79.625 -0.046779
19.375 79.875 0.59591
19.375 80.125 1.1521
19.375 80.375 1.3097
19.375 80.625 1.0813
19.375 80.875 1.0124
19.375 81.125 -0.077478
19.375 81.375 -0.19812
19.375 81.625 -0.5678
19.375 81.875 0.4103
19.375 82.125 1.0538
19.375 82.375 0.12591
19.375 82.625 -0.20493
19.375 82.875 -0.10725
19.375 83.125 -0.47817
19.375 83.375 -0.74021
19.375 83.625 -0.25598
19.375 83.875 -0.29277
19.375 84.125 0.1927
19.375 84.375 0.41395
19.375 84.625 -0.26697
19.375 84.875 -0.11422
19.625 72.875 1.3373
19.625 73.125 1.6845
19.625 73.375 2.1615
19.625 73.625 2.0853
19.625 73.875 1.7457
19.625 74.125 0.91764
19.625 74.375 1.214
19.625 74.625 1.5052
19.625 74.875 1.4453
19.625 75.125 1.0737
19.625 75.375 0.63313
19.625 75.625 0.60032
19.625 75.875 1.1711
19.625 76.125 1.0796
19.625 76.375 -0.22651
19.625 76.625 -1.0499
19.625 76.875 -1.7607
19.625 77.125 -1.4526
19.625 77.375 0.45046
19.625 77.625 0.53584
19.625 77.875 0.56336
19.625 78.125 0.62202
19.625 78.375 0.5366
19.625 78.625 1.1235
19.625 78.875 0.95261
19.625 79.125 0.88483
19.625 79.375 0.27561
19.625 79.625 0.43938
19.625 79.875 0.60666
19.625 80.125 0.54475
19.625 80.375 0.73867
19.625 80.625 0.54102
19.625 80.875 0.92929
19.625 81.125 1.0563
19.625 81.375 -0.17246
19.625 81.625 -0.51225
19.625 81.875 0.07132
19.625 82.125 0.0072177
19.625 82.375 0.49689
19.625 82.625 0.037201
19.625 82.875 0.28527
19.625 83.125 0.43881
19.625 83.375 1.1695
19.625 83.625 0.62074
19.625 83.875 -0.13646
19.625 84.125 -0.10655
19.625 84.375 -0.067756
19.625 84.625 0.2313
19.625 84.875 -0.50501
19.625 85.125 -2.0341
19.625 85.375 -1.5662
19.875 72.875 1.5377
19.875 73.125 1.5001
19.875 73.375 2.2233
19.875 73.625 1.9052
19.875 73.875 1.7434
19.875 74.125 1.5688
19.875 74.375 1.4943
19.875 74.625 1.2301
19.875 74.875 1.0592
19.875 75.125 0.69545
19.875 75.375 0.44661
19.875 75.625 1.0196
19.875 75.875 1.3621
19.875 76.125 1.4208
19.875 76.375 0.81605
19.875 76.625 -0.18972
19.875 76.875 0.55497
19.875 77.125 0.51522
19.875 77.375 0.71098
19.875 77.625 1.3859
19.875 77.875 0.70257
19.875 78.125 0.10644
19.875 78.375 0.45143
19.875 78.625 1.0443
19.875 78.875 0.92229
19.875 79.125 0.85338
19.875 79.375 0.95593
19.875 79.625 1.186
19.875 79.875 0.89225
19.875 80.125 0.37988
19.875 80.375 0.46744
19.875 80.625 0.89864
19.875 80.875 0.84399
19.875 81.125 1.2854
19.875 81.375 -0.36603
19.875 81.625 0.23954
19.875 81.875 0.48006
19.875 82.125 -0.021372
19.875 82.375 0.14582
19.875 82.625 -0.25245
19.875 82.875 -0.84484
19.875 83.125 0.051269
19.875 83.375 -0.076931
19.875 83.625 0.0012746
19.875 83.875 -0.80402
19.875 84.125 -0.12162
19.875 84.375 -0.4192
19.875 84.625 -0.24971
19.875 84.875 0.30678
19.875 85.125 -0.63146
19.875 85.375 -0.9528
NaN NaN NaN
NaN NaN NaN
NaN NaN NaN
20.125 72.875 1.7926
20.125 73.125 1.3905
20.125 73.375 0.90292
20.125 73.625 2.1648
20.125 73.875 1.4918
20.125 74.125 1.5164
20.125 74.375 1.8376
20.125 74.625 1.0136
20.125 74.875 1.0083
20.125 75.125 0.85587
20.125 75.375 1.017
20.125 75.625 1.0889
20.125 75.875 0.7479
20.125 76.125 0.98909
20.125 76.375 1.335
20.125 76.625 1.3207
20.125 76.875 1.0912
20.125 77.125 0.71679
20.125 77.375 1.1619
20.125 77.625 1.5907
20.125 77.875 0.81828
20.125 78.125 0.86208
20.125 78.375 0.90324
20.125 78.625 0.88333
20.125 78.875 0.84375
20.125 79.125 1.1863
20.125 79.375 1.3468
20.125 79.625 1.1765
20.125 79.875 0.80898
20.125 80.125 0.64532
20.125 80.375 0.12287
20.125 80.625 0.99841
20.125 80.875 0.7448
20.125 81.125 -0.19015
20.125 81.375 0.21735
20.125 81.625 0.79269
20.125 81.875 0.69277
20.125 82.125 0.43918
20.125 82.375 -0.48393
20.125 82.625 -0.66072
20.125 82.875 -1.1931
20.125 83.125 0.30012
20.125 83.375 -1.1857
20.125 83.625 -0.94503
20.125 83.875 0.46563
20.125 84.125 0.88892
20.125 84.375 -0.95915
20.125 84.625 -0.079885
20.125 84.875 0.12539
20.125 85.125 1.3
20.125 85.375 0.26146
20.125 85.625 1.1787
20.125 85.875 -1.6243
20.125 86.125 -1.2534
NaN NaN NaN
20.375 73.125 1.5739
20.375 73.375 1.5305
20.375 73.625 1.0743
20.375 73.875 0.62722
20.375 74.125 1.1792
20.375 74.375 1.4349
20.375 74.625 0.88274
20.375 74.875 1.0526
20.375 75.125 1.6606
20.375 75.375 1.8999
20.375 75.625 2.1619
20.375 75.875 1.0224
20.375 76.125 0.52088
20.375 76.375 0.3622
20.375 76.625 0.58548
20.375 76.875 0.2929
20.375 77.125 0.46214
20.375 77.375 0.70962
20.375 77.625 0.69891
20.375 77.875 0.6258
20.375 78.125 1.3301
20.375 78.375 0.95309
20.375 78.625 1.0801
20.375 78.875 1.0953
20.375 79.125 0.91592
20.375 79.375 1.1899
20.375 79.625 0.98498
20.375 79.875 1.2317
20.375 80.125 1.1384
20.375 80.375 0.16187
20.375 80.625 0.59807
20.375 80.875 0.82633
20.375 81.125 0.22388
20.375 81.375 -0.012413
20.375 81.625 0.17815
20.375 81.875 0.15589
20.375 82.125 1.1464
20.375 82.375 0.48272
20.375 82.625 -0.41906
20.375 82.875 -0.8018
20.375 83.125 -0.90751
20.375 83.375 -0.23273
20.375 83.625 0.13221
20.375 83.875 0.0068624
20.375 84.125 -0.22977
20.375 84.375 -1.4089
20.375 84.625 -0.80335
20.375 84.875 -0.43869
20.375 85.125 -0.54165
20.375 85.375 -0.66417
20.375 85.625 1.2136
20.375 85.875 -0.2869
20.375 86.125 -0.19492
20.375 86.375 -0.96848
NaN NaN NaN
20.625 73.125 1.241
20.625 73.375 1.3433
20.625 73.625 1.2924
20.625 73.875 1.7017
20.625 74.125 1.7468
20.625 74.375 1.8984
20.625 74.625 2.0523
20.625 74.875 1.6619
20.625 75.125 1.6795
20.625 75.375 2.0051
20.625 75.625 2.016
20.625 75.875 1.8242
20.625 76.125 0.65154
20.625 76.375 0.68844
20.625 76.625 0.27511
20.625 76.875 0.17873
20.625 77.125 0.051376
20.625 77.375 -0.0772
20.625 77.625 0.69522
20.625 77.875 1.0915
20.625 78.125 1.6258
20.625 78.375 1.437
20.625 78.625 1.4433
20.625 78.875 0.84531
20.625 79.125 0.85859
20.625 79.375 0.87565
20.625 79.625 1.3123
20.625 79.875 1.3091
20.625 80.125 1.4333
20.625 80.375 0.57586
20.625 80.625 0.54726
20.625 80.875 1.3648
20.625 81.125 0.77971
20.625 81.375 -0.39036
20.625 81.625 -0.41454
20.625 81.875 0.02869
20.625 82.125 1.7271
20.625 82.375 0.65782
20.625 82.625 -0.75583
20.625 82.875 -0.56589
20.625 83.125 -0.12549
20.625 83.375 0.085959
20.625 83.625 0.070453
20.625 83.875 -0.045289
20.625 84.125 -0.48009
20.625 84.375 -0.82943
20.625 84.625 -0.14561
20.625 84.875 0.038172
20.625 85.125 -0.090277
20.625 85.375 1.472
20.625 85.625 -1.6067
20.625 85.875 1.1754
20.625 86.125 0.72677
20.625 86.375 0.36567
20.625 86.625 -0.013346
NaN NaN NaN
20.875 70.625 1.9885
20.875 70.875 1.734
20.875 71.125 1.5105
20.875 71.375 1.7926
20.875 72.875 1.9805
20.875 73.125 1.7673
20.875 73.375 1.0421
20.875 73.625 1.2979
20.875 73.875 1.5843
20.875 74.125 1.5007
20.875 74.375 2.0664
20.875 74.625 1.9674
20.875 74.875 1.1259
20.875 75.125 1.8036
20.875 75.375 1.7802
20.875 75.625 1.5498
20.875 75.875 1.312
20.875 76.125 1.6564
20.875 76.375 0.64303
20.875 76.625 0.038212
20.875 76.875 0.27259
20.875 77.125 -0.049708
20.875 77.375 -0.35452
20.875 77.625 0.5327
20.875 77.875 1.2983
20.875 78.125 1.5097
20.875 78.375 1.565
20.875 78.625 0.76607
20.875 78.875 0.90554
20.875 79.125 1.0662
20.875 79.375 -0.035872
20.875 79.625 0.074604
20.875 79.875 0.71371
20.875 80.125 1.1991
20.875 80.375 0.19341
20.875 80.625 0.67916
20.875 80.875 1.4796
20.875 81.125 0.99509
20.875 81.375 -0.49953
20.875 81.625 -0.11981
20.875 81.875 -0.43578
20.875 82.125 0.22548
20.875 82.375 1.568
20.875 82.625 -0.098011
20.875 82.875 -0.73561
20.875 83.125 -0.15936
20.875 83.375 -0.52813
20.875 83.625 -0.0089728
20.875 83.875 -0.51381
20.875 84.125 -1.2892
20.875 84.375 0.26994
20.875 84.625 -0.024423
20.875 84.875 0.84137
20.875 85.125 0.82382
20.875 85.375 0.8894
20.875 85.625 0.12893
20.875 85.875 0.26482
20.875 86.125 -0.36515
20.875 86.375 -1.5649
20.875 86.625 -0.7125
21.125 70.375 2.0974
21.125 70.625 1.8694
21.125 70.875 0.71644
21.125 71.125 1.0704
21.125 71.375 1.1583
NaN NaN NaN
NaN NaN NaN
21.125 72.875 -0.35878
21.125 73.125 0.32646
21.125 73.375 1.4716
21.125 73.625 1.0031
21.125 73.875 1.1778
21.125 74.125 0.89336
21.125 74.375 0.86609
21.125 74.625 0.96823
21.125 74.875 1.2947
21.125 75.125 0.95964
21.125 75.375 2.0048
21.125 75.625 1.7305
21.125 75.875 0.91637
21.125 76.125 1.4974
21.125 76.375 0.98733
21.125 76.625 -0.191
21.125 76.875 -0.29012
21.125 77.125 -0.53211
21.125 77.375 0.012523
21.125 77.625 0.30744
21.125 77.875 1.1264
21.125 78.125 0.76724
21.125 78.375 0.78883
21.125 78.625 -0.17955
21.125 78.875 0.98131
21.125 79.125 0.58462
21.125 79.375 -0.11441
21.125 79.625 -0.15378
21.125 79.875 0.51627
21.125 80.125 0.067081
21.125 80.375 0.12411
21.125 80.625 0.86383
21.125 80.875 0.12878
21.125 81.125 -1.1127
21.125 81.375 -0.073073
21.125 81.625 -0.28389
21.125 81.875 -0.11682
21.125 82.125 1.0972
21.125 82.375 0.45037
21.125 82.625 0.42293
21.125 82.875 -0.19891
21.125 83.125 -0.4131
21.125 83.375 -0.32269
21.125 83.625 -0.0052907
21.125 83.875 -0.36325
21.125 84.125 -1.4108
21.125 84.375 -1.6962
21.125 84.625 0.20357
21.125 84.875 0.72699
21.125 85.125 0.96912
21.125 85.375 0.29721
21.125 85.625 1.0973
21.125 85.875 1.0368
21.125 86.125 -1.1442
21.125 86.375 -1.0308
21.125 86.625 -0.92496
21.375 70.125 1.5287
21.375 70.375 1.4248
21.375 70.625 1.6848
21.375 70.875 1.4249
21.375 71.125 0.31026
21.375 71.375 0.7119
21.375 71.625 0.94333
21.375 71.875 1.0101
21.375 72.875 1.561
21.375 73.125 1.9266
21.375 73.375 1.8715
21.375 73.625 1.3365
21.375 73.875 1.3247
21.375 74.125 0.14482
21.375 74.375 0.23519
21.375 74.625 1.27
21.375 74.875 1.6514
21.375 75.125 1.5259
21.375 75.375 1.4562
21.375 75.625 1.2464
21.375 75.875 0.81589
21.375 76.125 1.2711
21.375 76.375 0.44388
21.375 76.625 -1.483
21.375 76.875 -0.6923
21.375 77.125 -0.04837
21.375 77.375 0.43013
21.375 77.625 0.4495
21.375 77.875 0.32485
21.375 78.125 0.72478
21.375 78.375 1.6512
21.375 78.625 1.2174
21.375 78.875 0.53521
21.375 79.125 0.28155
21.375 79.375 0.038395
21.375 79.625 -1.1462
21.375 79.875 0.87126
21.375 80.125 -1.0887
21.375 80.375 -1.1989
21.375 80.625 -1.0453
21.375 80.875 -1.3974
21.375 81.125 -1.5756
21.375 81.375 0.076058
21.375 81.625 0.32463
21.375 81.875 1.1071
21.375 82.125 0.92882
21.375 82.375 0.35279
21.375 82.625 0.1627
21.375 82.875 0.22956
21.375 83.125 0.31197
21.375 83.375 -0.14199
21.375 83.625 -0.50027
21.375 83.875 -0.55376
21.375 84.125 -1.7376
21.375 84.375 -1.7207
21.375 84.625 0.34528
21.375 84.875 0.51112
21.375 85.125 0.72812
21.375 85.375 -0.13886
21.375 85.625 1.3496
21.375 85.875 0.71
21.375 86.125 1.7208
21.375 86.375 -0.23159
21.375 86.625 -1.1127
21.375 86.875 -0.54979
21.625 69.875 1.8852
21.625 70.125 1.5401
21.625 70.375 1.8476
21.625 70.625 2.0772
21.625 70.875 1.2389
21.625 71.125 0.58531
21.625 71.375 1.8997
21.625 71.625 1.9538
21.625 71.875 1.4073
21.625 72.125 1.1523
21.625 72.875 1.3863
21.625 73.125 1.3216
21.625 73.375 1.1457
21.625 73.625 0.84375
21.625 73.875 0.92597
21.625 74.125 0.80177
21.625 74.375 0.63727
21.625 74.625 1.4401
21.625 74.875 1.7002
21.625 75.125 1.1811
21.625 75.375 1.0079
21.625 75.625 0.86847
21.625 75.875 0.65919
21.625 76.125 0.75135
21.625 76.375 0.18777
21.625 76.625 -0.98623
21.625 76.875 -0.013997
21.625 77.125 0.58993
21.625 77.375 0.66671
21.625 77.625 0.21921
21.625 77.875 0.38726
21.625 78.125 0.68551
21.625 78.375 1.5417
21.625 78.625 1.2634
21.625 78.875 1.0848
21.625 79.125 0.71883
21.625 79.375 1.0029
21.625 79.625 0.97246
21.625 79.875 0.43401
21.625 80.125 0.82491
21.625 80.375 0.78105
21.625 80.625 -1.2073
21.625 80.875 -0.70229
21.625 81.125 -1.4695
21.625 81.375 -0.90927
21.625 81.625 0.07368
21.625 81.875 0.82144
21.625 82.125 1.0805
21.625 82.375 -0.11914
21.625 82.625 1.0709
21.625 82.875 1.0759
21.625 83.125 0.57169
21.625 83.375 -0.39713
21.625 83.625 -0.40957
21.625 83.875 0.37534
21.625 84.125 -1.3133
21.625 84.375 0.31645
21.625 84.625 0.47772
21.625 84.875 1.3951
21.625 85.125 1.0148
21.625 85.375 0.45246
21.625 85.625 0.62512
21.625 85.875 1.3213
21.625 86.125 1.2063
21.625 86.375 0.66934
21.625 86.625 -1.4789
21.625 86.875 -0.54048
21.625 87.125 0.44879
NaN NaN NaN
NaN NaN NaN
21.875 69.625 2.1971
21.875 69.875 2.1781
21.875 70.125 2.1201
21.875 70.375 2.07
21.875 70.625 1.8562
21.875 70.875 1.0498
21.875 71.125 0.22187
21.875 71.375 1.7562
21.875 71.625 1.753
21.875 71.875 1.0445
21.875 72.125 0.77654
NaN NaN NaN
21.875 72.875 1.1066
21.875 73.125 0.61388
21.875 73.375 0.72639
21.875 73.625 0.50436
21.875 73.875 0.78717
21.875 74.125 0.75678
21.875 74.375 0.59287
21.875 74.625 1.1303
21.875 74.875 0.7613
21.875 75.125 0.52063
21.875 75.375 0.51852
21.875 75.625 0.85929
21.875 75.875 0.90694
21.875 76.125 0.67988
21.875 76.375 0.3155
21.875 76.625 -0.1295
21.875 76.875 0.21309
21.875 77.125 0.62273
21.875 77.375 0.37574
21.875 77.625 0.32596
21.875 77.875 0.27559
21.875 78.125 0.1917
21.875 78.375 0.59767
21.875 78.625 1.106
21.875 78.875 1.1175
21.875 79.125 1.481
21.875 79.375 1.7772
21.875 79.625 0.91214
21.875 79.875 1.1238
21.875 80.125 1.8316
21.875 80.375 1.9842
21.875 80.625 1.667
21.875 80.875 -0.11089
21.875 81.125 -1.4217
21.875 81.375 -1.5135
21.875 81.625 0.23871
21.875 81.875 -0.3464
21.875 82.125 1.5164
21.875 82.375 0.31202
21.875 82.625 0.010491
21.875 82.875 0.38956
21.875 83.125 0.5756
21.875 83.375 0.03545
21.875 83.625 -0.07662
21.875 83.875 1.2162
21.875 84.125 0.13159
21.875 84.375 0.3734
21.875 84.625 0.61386
21.875 84.875 0.71736
21.875 85.125 0.65777
21.875 85.375 0.53734
21.875 85.625 -0.048789
21.875 85.875 1.3717
21.875 86.125 0.75372
21.875 86.375 0.83822
21.875 86.625 -0.3849
21.875 86.875 -0.25778
21.875 87.125 0.27462
21.875 87.375 0.6861
21.875 87.625 1.5288
21.875 87.875 2.1225
21.875 88.375 1.7865
NaN NaN NaN
NaN NaN NaN
22.125 69.125 2.1702
22.125 69.375 2.2371
22.125 69.625 2.2408
22.125 69.875 2.2328
22.125 70.125 2.1723
22.125 70.375 1.9827
22.125 70.625 1.6964
22.125 70.875 1.9315
22.125 71.125 0.632
22.125 71.375 1.5239
22.125 71.625 1.2707
22.125 71.875 0.025737
22.125 72.125 0.38857
NaN NaN NaN
22.125 72.875 1.0393
22.125 73.125 0.53552
22.125 73.375 0.71813
22.125 73.625 0.85817
22.125 73.875 1.5037
22.125 74.125 1.6782
22.125 74.375 0.791
22.125 74.625 1.0933
22.125 74.875 0.81529
22.125 75.125 0.50808
22.125 75.375 0.40152
22.125 75.625 0.74505
22.125 75.875 1.0204
22.125 76.125 0.63943
22.125 76.375 0.39447
22.125 76.625 0.29946
22.125 76.875 0.29977
22.125 77.125 0.38442
22.125 77.375 0.4036
22.125 77.625 0.22874
22.125 77.875 0.39576
22.125 78.125 0.30362
22.125 78.375 -0.1299
22.125 78.625 0.17484
22.125 78.875 0.73188
22.125 79.125 1.6285
22.125 79.375 1.2247
22.125 79.625 0.8838
22.125 79.875 1.491
22.125 80.125 1.8994
22.125 80.375 2.2384
22.125 80.625 2.0756
22.125 80.875 -0.64441
22.125 81.125 -2.1329
22.125 81.375 2.0898
22.125 81.625 0.26313
22.125 81.875 0.43684
22.125 82.125 0.15589
22.125 82.375 -0.070759
22.125 82.625 -0.45367
22.125 82.875 -0.41771
22.125 83.125 -1.123
22.125 83.375 -1.0987
22.125 83.625 -0.44771
22.125 83.875 -0.40575
22.125 84.125 0.12212
22.125 84.375 -0.46451
22.125 84.625 0.019172
22.125 84.875 0.69431
22.125 85.125 0.6316
22.125 85.375 0.79303
22.125 85.625 0.55295
22.125 85.875 0.5641
22.125 86.125 0.82232
22.125 86.375 1.1347
22.125 86.625 1.3169
22.125 86.875 0.92974
22.125 87.125 0.87808
22.125 87.375 1.1329
22.125 87.625 1.8341
22.125 87.875 2.1558
22.125 88.125 2.0138
22.125 88.375 1.7817
NaN NaN NaN
22.375 69.125 2.2219
22.375 69.875 1.7392
22.375 70.125 1.3384
22.375 70.375 0.63713
22.375 70.625 1.8645
22.375 70.875 1.6828
22.375 71.125 1.7019
22.375 71.375 1.7355
22.375 71.625 0.48856
22.375 71.875 0.13403
22.375 72.125 0.87489
NaN NaN NaN
22.375 72.875 0.11018
22.375 73.125 0.19071
22.375 73.375 0.19203
22.375 73.625 0.86504
22.375 73.875 1.4973
22.375 74.125 1.3496
22.375 74.375 1.1191
22.375 74.625 0.79044
22.375 74.875 0.53163
22.375 75.125 0.59833
22.375 75.375 0.78597
22.375 75.625 0.34561
22.375 75.875 0.7287
22.375 76.125 0.71614
22.375 76.375 0.90861
22.375 76.625 0.77046
22.375 76.875 0.43787
22.375 77.125 0.31381
22.375 77.375 0.76791
22.375 77.625 0.79464
22.375 77.875 0.93206
22.375 78.125 0.82184
22.375 78.375 0.62222
22.375 78.625 0.27386
22.375 78.875 0.97002
22.375 79.125 1.374
22.375 79.375 1.4685
22.375 79.625 1.58
22.375 79.875 1.4707
22.375 80.125 1.6909
22.375 80.375 2.2323
22.375 80.625 1.3354
22.375 80.875 0.33958
22.375 81.125 -0.21815
22.375 81.375 1.7445
22.375 81.625 0.92713
22.375 81.875 1.4007
22.375 82.125 0.98626
22.375 82.375 -0.12667
22.375 82.625 -0.97051
22.375 82.875 -1.3156
22.375 83.125 -1.6243
22.375 83.375 -2.095
22.375 83.625 -2.0781
22.375 83.875 -0.21881
22.375 84.125 0.22043
22.375 84.375 0.40155
22.375 84.625 0.47413
22.375 84.875 0.85767
22.375 85.125 0.54718
22.375 85.375 0.91149
22.375 85.625 0.73553
22.375 85.875 1.2545
22.375 86.125 1.8762
22.375 86.375 1.3481
22.375 86.625 1.2383
22.375 86.875 0.86896
22.375 87.125 0.98123
22.375 87.375 1.1494
22.375 87.625 1.5452
22.375 87.875 1.9372
22.375 88.125 0.39335
22.375 88.375 1.2976
22.375 88.625 1.1984
22.375 88.875 1.1674
NaN NaN NaN
22.625 70.375 1.7279
22.625 70.625 1.7998
22.625 70.875 1.8581
22.625 71.125 1.756
22.625 71.375 1.1964
22.625 71.625 0.22872
22.625 71.875 -0.60527
22.625 72.125 -0.22133
22.625 72.375 0.74111
22.625 72.625 1.7548
22.625 72.875 0.14998
22.625 73.125 -0.11303
22.625 73.375 1.0162
22.625 73.625 0.13831
22.625 73.875 0.1611
22.625 74.125 0.57424
22.625 74.375 0.93663
22.625 74.625 0.72451
22.625 74.875 0.63809
22.625 75.125 0.71585
22.625 75.375 0.80667
22.625 75.625 0.4479
22.625 75.875 0.51931
22.625 76.125 0.59314
22.625 76.375 0.72731
22.625 76.625 0.80029
22.625 76.875 0.74734
22.625 77.125 0.76136
22.625 77.375 1.0105
22.625 77.625 1.0758
22.625 77.875 1.2978
22.625 78.125 1.3401
22.625 78.375 0.92739
22.625 78.625 0.80915
22.625 78.875 0.94225
22.625 79.125 1.1593
22.625 79.375 1.2551
22.625 79.625 1.1704
22.625 79.875 1.4592
22.625 80.125 1.6354
22.625 80.375 1.0932
22.625 80.625 -0.68932
22.625 80.875 -0.34302
22.625 81.125 1.2538
22.625 81.375 1.1035
22.625 81.625 1.3928
22.625 81.875 1.3414
22.625 82.125 -0.25801
22.625 82.375 -1.3011
22.625 82.625 -2.1878
22.625 82.875 -2.2691
22.625 83.125 -2.1323
22.625 83.375 -1.3963
22.625 83.625 0.04178
22.625 83.875 -0.92845
22.625 84.125 0.23097
22.625 84.375 0.53131
22.625 84.625 1.0602
22.625 84.875 1.4907
22.625 85.125 0.71638
22.625 85.375 0.38247
22.625 85.625 1.1824
22.625 85.875 1.6626
22.625 86.125 1.7067
22.625 86.375 1.296
22.625 86.625 1.4351
22.625 86.875 1.1745
22.625 87.125 1.5733
22.625 87.375 1.8435
22.625 87.625 1.6566
22.625 87.875 1.8469
22.625 88.125 1.4568
22.625 88.375 1.1031
22.625 88.625 1.2125
22.625 88.875 1.2019
22.625 92.625 -0.36135
22.625 92.875 1.2156
NaN NaN NaN
NaN NaN NaN
NaN NaN NaN
22.875 70.625 1.9029
22.875 70.875 1.8367
22.875 71.125 1.3685
22.875 71.375 -0.83698
22.875 71.625 -0.43568
22.875 71.875 -1.2478
22.875 72.125 -0.77154
22.875 72.375 0.38509
22.875 72.625 1.681
22.875 72.875 0.47243
22.875 73.125 0.98094
22.875 73.375 0.81539
22.875 73.625 0.63404
22.875 73.875 0.57734
22.875 74.125 0.94646
22.875 74.375 0.58437
22.875 74.625 0.71243
22.875 74.875 0.93051
22.875 75.125 0.75845
22.875 75.375 0.55031
22.875 75.625 0.34171
22.875 75.875 0.27752
22.875 76.125 -0.090878
22.875 76.375 -0.089095
22.875 76.625 0.91572
22.875 76.875 1.3545
22.875 77.125 1.3268
22.875 77.375 1.1469
22.875 77.625 1.2917
22.875 77.875 1.5548
22.875 78.125 1.7472
22.875 78.375 1.2557
22.875 78.625 1.1574
22.875 78.875 1.0369
22.875 79.125 0.66006
22.875 79.375 0.35707
22.875 79.625 -0.0090309
22.875 79.875 1.4392
22.875 80.125 1.3827
22.875 80.375 1.8061
22.875 80.625 -0.025919
22.875 80.875 0.5168
22.875 81.125 1.272
22.875 81.375 1.0434
22.875 81.625 -0.71698
22.875 81.875 -0.48177
22.875 82.125 -0.34329
22.875 82.375 0.2661
22.875 82.625 -2.0237
22.875 82.875 -1.9883
22.875 83.125 -2.1515
22.875 83.375 0.3224
22.875 83.625 1.2413
22.875 83.875 0.93483
22.875 84.125 0.326
22.875 84.375 0.0014145
22.875 84.625 1.3203
22.875 84.875 1.2416
22.875 85.125 1.7035
22.875 85.375 1.3583
22.875 85.625 0.77246
22.875 85.875 0.78747
22.875 86.125 0.067104
22.875 86.375 0.82417
22.875 86.625 1.924
22.875 86.875 2.1039
22.875 87.125 2.303
22.875 87.375 2.1011
22.875 87.625 1.4532
22.875 87.875 -0.491
22.875 88.125 0.54168
22.875 88.375 0.81335
22.875 88.625 0.89928
22.875 92.625 -0.38169
22.875 92.875 1.0552
23.125 68.875 2.3158
23.125 69.125 2.2807
23.125 69.375 2.1927
23.125 69.625 1.8584
23.125 69.875 1.7843
23.125 70.125 1.5826
23.125 70.875 1.3292
23.125 71.125 1.3617
23.125 71.375 -0.65988
23.125 71.625 -0.24118
23.125 71.875 -1.046
23.125 72.125 0.54713
23.125 72.375 -0.13756
23.125 72.625 1.6994
23.125 72.875 0.87462
23.125 73.125 0.25578
23.125 73.375 1.0936
23.125 73.625 0.93465
23.125 73.875 0.78287
23.125 74.125 0.87118
23.125 74.375 0.8222
23.125 74.625 1.341
23.125 74.875 0.90503
23.125 75.125 0.79605
23.125 75.375 1.0988
23.125 75.625 0.22874
23.125 75.875 0.29402
23.125 76.125 -0.064486
23.125 76.375 0.28379
23.125 76.625 0.18868
23.125 76.875 0.45204
23.125 77.125 1.186
23.125 77.375 1.2657
23.125 77.625 1.1691
23.125 77.875 1.299
23.125 78.125 1.467
23.125 78.375 1.3421
23.125 78.625 1.2066
23.125 78.875 1.1051
23.125 79.125 0.44318
23.125 79.375 0.66742
23.125 79.625 -0.2947
23.125 79.875 -0.086243
23.125 80.125 1.0684
23.125 80.375 1.3853
23.125 80.625 0.86245
23.125 80.875 1.212
23.125 81.125 1.1469
23.125 81.375 -0.64449
23.125 81.625 7.5578e-05
23.125 81.875 0.036671
23.125 82.125 -0.25949
23.125 82.375 0.54768
23.125 82.625 0.81041
23.125 82.875 -0.092602
23.125 83.125 1.0395
23.125 83.375 2.2058
23.125 83.625 2.3788
23.125 83.875 1.9753
23.125 84.125 0.9206
23.125 84.375 0.3889
23.125 84.625 0.83346
23.125 84.875 1.3543
23.125 85.125 1.1654
23.125 85.375 1.6311
23.125 85.625 1.2645
23.125 85.875 1.3995
23.125 86.125 1.6222
23.125 86.375 1.8483
23.125 86.625 1.8215
23.125 86.875 2.0069
23.125 87.125 2.1199
23.125 87.375 1.9574
23.125 87.625 1.3091
23.125 87.875 -0.37873
23.125 88.125 -1.4661
23.125 88.375 -0.35871
23.125 88.625 0.25418
NaN NaN NaN
23.125 92.625 -0.89801
23.125 92.875 -0.058478
NaN NaN NaN
23.375 68.875 2.2809
23.375 69.125 2.297
23.375 69.375 2.2254
23.375 69.625 2.048
23.375 69.875 1.6925
23.375 70.125 1.3584
23.375 70.375 1.3191
23.375 70.625 1.3778
23.375 70.875 1.5923
23.375 71.125 1.2753
23.375 71.375 0.3068
23.375 71.625 0.034379
23.375 71.875 0.88376
23.375 72.125 0.96549
23.375 72.375 1.4637
23.375 72.625 1.2292
23.375 72.875 1.2607
23.375 73.125 1.4199
23.375 73.375 0.9742
23.375 73.625 0.32496
23.375 73.875 0.038623
23.375 74.125 0.44315
23.375 74.375 0.8164
23.375 74.625 1.3779
23.375 74.875 1.0221
23.375 75.125 0.60711
23.375 75.375 0.55936
23.375 75.625 -0.048229
23.375 75.875 0.51577
23.375 76.125 0.41744
23.375 76.375 0.42731
23.375 76.625 0.76747
23.375 76.875 1.0982
23.375 77.125 0.67845
23.375 77.375 1.1088
23.375 77.625 0.37434
23.375 77.875 0.8496
23.375 78.125 0.81613
23.375 78.375 1.0288
23.375 78.625 1.2724
23.375 78.875 1.1663
23.375 79.125 0.59
23.375 79.375 0.26882
23.375 79.625 0.40445
23.375 79.875 0.89034
23.375 80.125 0.50115
23.375 80.375 0.61089
23.375 80.625 0.2797
23.375 80.875 0.74493
23.375 81.125 0.80274
23.375 81.375 -0.80958
23.375 81.625 0.43752
23.375 81.875 0.066229
23.375 82.125 0.75052
23.375 82.375 0.42829
23.375 82.625 0.44086
23.375 82.875 0.50975
23.375 83.125 1.8117
23.375 83.375 2.2617
23.375 83.625 2.3085
23.375 83.875 1.4869
23.375 84.125 0.94531
23.375 84.375 1.2179
23.375 84.625 0.51967
23.375 84.875 0.40677
23.375 85.125 1.1092
23.375 85.375 1.1237
23.375 85.625 1.5486
23.375 85.875 1.2757
23.375 86.125 0.79195
23.375 86.375 1.9276
23.375 86.625 2.0677
23.375 86.875 1.6263
23.375 87.125 1.9123
23.375 87.375 1.1533
23.375 87.625 1.2891
23.375 87.875 -0.9917
23.375 88.125 -1.7139
23.375 88.375 -0.96759
23.375 88.625 -0.47345
23.375 91.375 -0.69531
23.375 91.625 -0.76061
23.375 92.625 -0.65179
23.375 92.875 -0.46818
23.375 93.125 -1.2224
23.625 68.625 1.4369
23.625 68.875 1.9121
23.625 69.125 2.1067
23.625 69.375 2.1151
23.625 69.625 2.0839
23.625 69.875 1.6386
23.625 70.125 1.4343
23.625 70.375 1.4535
23.625 70.625 1.6081
23.625 70.875 1.6476
23.625 71.125 1.3324
23.625 71.375 0.8652
23.625 71.625 0.053388
23.625 71.875 -0.21997
23.625 72.125 0.59661
23.625 72.375 0.51284
23.625 72.625 1.1821
23.625 72.875 1.1415
23.625 73.125 0.87061
23.625 73.375 0.44876
23.625 73.625 0.27219
23.625 73.875 0.23163
23.625 74.125 0.78132
23.625 74.375 1.163
23.625 74.625 1.1491
23.625 74.875 0.98524
23.625 75.125 0.63574
23.625 75.375 1.1488
23.625 75.625 1.3029
23.625 75.875 1.1329
23.625 76.125 1.1935
23.625 76.375 1.5824
23.625 76.625 1.9441
23.625 76.875 1.9514
23.625 77.125 1.2645
23.625 77.375 0.81619
23.625 77.625 -0.40816
23.625 77.875 0.93281
23.625 78.125 0.77647
23.625 78.375 0.59479
23.625 78.625 0.93136
23.625 78.875 0.99108
23.625 79.125 0.53862
23.625 79.375 0.59643
23.625 79.625 0.59752
23.625 79.875 1.7389
23.625 80.125 -0.069791
23.625 80.375 0.29253
23.625 80.625 0.69287
23.625 80.875 1.0028
23.625 81.125 0.57855
23.625 81.375 1.023
23.625 81.625 1.0082
23.625 81.875 0.98997
23.625 82.125 1.2505
23.625 82.375 1.3207
23.625 82.625 2.0416
23.625 82.875 2.0257
23.625 83.125 1.9718
23.625 83.375 1.7557
23.625 83.625 2.0385
23.625 83.875 1.0869
23.625 84.125 0.85318
23.625 84.375 0.82779
23.625 84.625 0.55469
23.625 84.875 0.34615
23.625 85.125 -0.16231
23.625 85.375 1.2153
23.625 85.625 1.7071
23.625 85.875 2.0179
23.625 86.125 -0.27616
23.625 86.375 1.8663
23.625 86.625 1.9455
23.625 86.875 1.2397
23.625 87.125 0.46992
23.625 87.375 0.87851
23.625 87.625 0.25119
23.625 87.875 -0.4082
23.625 88.125 -1.2687
23.625 88.375 -1.2307
23.625 91.375 -0.71216
23.625 91.625 -0.67229
NaN NaN NaN
23.625 92.375 -0.38477
23.625 92.625 -0.47901
23.625 92.875 -1.0633
23.625 93.125 -1.5386
23.875 68.875 1.5203
23.875 69.125 1.6619
23.875 69.375 1.8992
23.875 69.625 1.9519
23.875 69.875 1.6022
23.875 70.125 1.5381
23.875 70.375 1.5598
23.875 70.625 1.6048
23.875 70.875 1.3128
23.875 71.125 1.221
23.875 71.375 1.1019
23.875 71.625 0.50362
23.875 71.875 0.69667
23.875 72.125 1.1332
23.875 72.375 0.91806
23.875 72.625 0.98232
23.875 72.875 1.4105
23.875 73.125 1.0796
23.875 73.375 1.4653
23.875 73.625 0.89679
23.875 73.875 0.87846
23.875 74.125 0.68072
23.875 74.375 1.2538
23.875 74.625 1.3286
23.875 74.875 0.80555
23.875 75.125 1.0766
23.875 75.375 1.0655
23.875 75.625 0.8492
23.875 75.875 0.91235
23.875 76.125 1.9172
23.875 76.375 1.6724
23.875 76.625 1.9454
23.875 76.875 1.7451
23.875 77.125 1.3081
23.875 77.375 0.84419
23.875 77.625 0.65322
23.875 77.875 1.354
23.875 78.125 1.1725
23.875 78.375 0.7963
23.875 78.625 0.80772
23.875 78.875 0.91657
23.875 79.125 0.69802
23.875 79.375 1.0315
23.875 79.625 0.98452
23.875 79.875 1.0471
23.875 80.125 0.40311
23.875 80.375 -0.71775
23.875 80.625 0.20529
23.875 80.875 1.0131
23.875 81.125 1.0432
23.875 81.375 1.2267
23.875 81.625 1.2266
23.875 81.875 0.90127
23.875 82.125 1.3017
23.875 82.375 1.9406
23.875 82.625 1.9167
23.875 82.875 1.7009
23.875 83.125 1.7114
23.875 83.375 0.10595
23.875 83.625 1.6976
23.875 83.875 1.2849
23.875 84.125 1.1021
23.875 84.375 0.73925
23.875 84.625 0.51562
23.875 84.875 0.039258
23.875 85.125 -0.66206
23.875 85.375 0.03832
23.875 85.625 0.97755
23.875 85.875 1.1092
23.875 86.125 0.94217
23.875 86.375 1.6707
23.875 86.625 1.4116
23.875 86.875 1.0557
23.875 87.125 0.14871
23.875 87.375 0.35628
23.875 87.625 -0.30978
23.875 87.875 -0.48627
23.875 88.125 -0.53287
23.875 88.375 -0.90579
23.875 91.375 -0.71743
23.875 91.625 -0.53986
23.875 91.875 0.67159
23.875 92.125 0.57889
23.875 92.375 0.08761
23.875 92.625 -0.16665
23.875 92.875 -1.49
23.875 93.125 -1.8342
23.875 93.375 -1.8859
24.125 68.875 1.5297
24.125 69.125 1.3461
24.125 69.375 1.7174
24.125 69.625 1.8793
24.125 69.875 1.4971
24.125 70.125 1.4455
24.125 70.375 1.487
24.125 70.625 1.3651
24.125 70.875 1.1219
24.125 71.125 1.0106
24.125 71.375 0.83604
24.125 71.625 0.76111
24.125 71.875 0.70107
24.125 72.125 1.102
24.125 72.375 1.0742
24.125 72.625 1.4703
24.125 72.875 1.1335
24.125 73.125 1.2528
24.125 73.375 1.7324
24.125 73.625 0.90229
24.125 73.875 0.82409
24.125 74.125 0.84135
24.125 74.375 1.0658
24.125 74.625 1.1145
24.125 74.875 0.57425
24.125 75.125 0.093961
24.125 75.375 1.0869
24.125 75.625 0.75402
24.125 75.875 0.40319
24.125 76.125 0.87333
24.125 76.375 1.0059
24.125 76.625 1.3804
24.125 76.875 1.834
24.125 77.125 1.8972
24.125 77.375 1.5433
24.125 77.625 1.5567
24.125 77.875 1.8143
24.125 78.125 1.4521
24.125 78.375 1.2493
24.125 78.625 1.118
24.125 78.875 1.0571
24.125 79.125 0.98809
24.125 79.375 1.1677
24.125 79.625 0.61267
24.125 79.875 1.2542
24.125 80.125 -1.4158
24.125 80.375 -0.87474
24.125 80.625 -0.074847
24.125 80.875 0.4916
24.125 81.125 0.96989
24.125 81.375 1.0213
24.125 81.625 1.1151
24.125 81.875 0.92532
24.125 82.125 1.3392
24.125 82.375 1.6632
24.125 82.625 0.73153
24.125 82.875 0.15855
24.125 83.125 0.7294
24.125 83.375 -1.5099
24.125 83.625 -1.0921
24.125 83.875 1.0992
24.125 84.125 1.2787
24.125 84.375 1.1781
24.125 84.625 1.3017
24.125 84.875 0.63001
24.125 85.125 -0.78569
24.125 85.375 1.321
24.125 85.625 0.29906
24.125 85.875 1.1963
24.125 86.125 0.73892
24.125 86.375 -0.19289
24.125 86.625 0.39933
24.125 86.875 0.22348
24.125 87.125 -0.58861
24.125 87.375 -0.42132
24.125 87.625 -0.61517
24.125 87.875 -0.50532
24.125 88.125 -0.54945
24.125 88.375 -0.53024
24.125 91.875 0.85373
24.125 92.125 0.94203
24.125 92.375 0.22359
24.125 92.625 -0.23885
24.125 92.875 -1.4164
24.125 93.125 -1.9711
24.125 93.375 -2.0619
24.125 93.625 -1.5741
24.125 93.875 -1.3086
NaN NaN NaN
24.375 71.375 0.86451
24.375 71.625 0.91256
24.375 71.875 0.9067
24.375 72.125 0.85532
24.375 72.375 0.011807
24.375 72.625 0.56862
24.375 72.875 0.93044
24.375 73.125 1.5649
24.375 73.375 1.5201
24.375 73.625 1.3256
24.375 73.875 1.4065
24.375 74.125 1.1727
24.375 74.375 1.4856
24.375 74.625 1.5563
24.375 74.875 1.5135
24.375 75.125 0.78059
24.375 75.375 1.3018
24.375 75.625 1.4322
24.375 75.875 0.63252
24.375 76.125 0.93381
24.375 76.375 1.3759
24.375 76.625 1.7885
24.375 76.875 1.9064
24.375 77.125 1.9774
24.375 77.375 1.9347
24.375 77.625 1.8819
24.375 77.875 1.7955
24.375 78.125 1.413
24.375 78.375 1.5826
24.375 78.625 1.4891
24.375 78.875 1.9236
24.375 79.125 1.5996
24.375 79.375 1.4295
24.375 79.625 0.89519
24.375 79.875 -0.15244
24.375 80.125 -2.1461
24.375 80.375 -0.39139
24.375 80.625 -0.47452
24.375 80.875 -0.62189
24.375 81.125 0.26644
24.375 81.375 0.77701
24.375 81.625 1.0541
24.375 81.875 1.3711
24.375 82.125 1.4342
24.375 82.375 1.0426
24.375 82.625 0.5715
24.375 82.875 0.5517
24.375 83.125 0.56388
24.375 83.375 -0.32224
24.375 83.625 -0.26245
24.375 83.875 1.131
24.375 84.125 0.42168
24.375 84.375 0.76318
24.375 84.625 0.76913
24.375 84.875 0.78951
24.375 85.125 1.842
24.375 85.375 1.7496
24.375 85.625 1.797
24.375 85.875 -0.67721
24.375 86.125 -0.93073
24.375 86.375 -0.50834
24.375 86.625 0.082861
24.375 86.875 -0.38196
24.375 87.125 -1.2112
24.375 87.375 0.024753
24.375 87.625 -1.1348
24.375 87.875 -1.0798
24.375 88.125 -0.73574
24.375 92.375 -0.62118
24.375 92.625 -1.163
24.375 92.875 -1.4055
24.375 93.125 -1.8645
24.375 93.375 -1.5683
24.375 93.625 -1.2613
24.375 93.875 -1.063
24.375 94.125 -0.15347
24.625 71.125 0.09339
24.625 71.375 0.45369
24.625 71.625 0.90886
24.625 71.875 0.90255
24.625 72.125 0.32215
24.625 72.375 0.14652
24.625 72.625 0.81226
24.625 72.875 1.2454
24.625 73.125 1.9976
24.625 73.375 1.7451
24.625 73.625 1.625
24.625 73.875 1.499
24.625 74.125 0.99913
24.625 74.375 1.4927
24.625 74.625 2.0068
24.625 74.875 1.8801
24.625 75.125 1.7428
24.625 75.375 1.7268
24.625 75.625 1.2849
24.625 75.875 0.89115
24.625 76.125 1.3013
24.625 76.375 1.7759
24.625 76.625 1.7973
24.625 76.875 1.9513
24.625 77.125 1.9543
24.625 77.375 2.1244
24.625 77.625 1.7054
24.625 77.875 1.5287
24.625 78.125 1.3187
24.625 78.375 1.7268
24.625 78.625 1.5809
24.625 78.875 1.664
24.625 79.125 1.7142
24.625 79.375 1.5402
24.625 79.625 0.88042
24.625 79.875 0.2772
24.625 80.125 0.025739
24.625 80.375 0.27945
24.625 80.625 0.34744
24.625 80.875 -1.2179
24.625 81.125 -1.452
24.625 81.375 0.31083
24.625 81.625 1.2094
24.625 81.875 1.4041
24.625 82.125 0.027398
24.625 82.375 0.16009
24.625 82.625 0.39334
24.625 82.875 0.45214
24.625 83.125 -0.057948
24.625 83.375 -0.60355
24.625 83.625 -0.30549
24.625 83.875 -0.18593
24.625 84.125 -0.20719
24.625 84.375 -0.056264
24.625 84.625 -0.3478
24.625 84.875 0.093071
24.625 85.125 0.85384
24.625 85.375 1.9997
24.625 85.625 0.9358
24.625 85.875 -0.37383
24.625 86.125 -0.36646
24.625 86.375 0.15446
24.625 86.625 0.4926
24.625 86.875 -0.11804
24.625 87.125 0.36909
24.625 87.375 -0.57531
24.625 87.625 -0.3786
24.625 87.875 -0.7576
24.625 92.375 -0.144
24.625 92.625 -1.1667
24.625 92.875 -1.3758
24.625 93.125 -0.012695
24.625 93.375 0.53035
24.625 93.625 -0.37072
24.625 93.875 -0.31744
24.625 94.125 0.21687
NaN NaN NaN
24.875 71.125 0.44902
24.875 71.375 0.18952
24.875 71.625 0.57099
24.875 71.875 -0.040933
24.875 72.125 0.18226
24.875 72.375 0.38926
24.875 72.625 0.95846
24.875 72.875 1.2641
24.875 73.125 1.777
24.875 73.375 2.0558
24.875 73.625 1.7342
24.875 73.875 1.2521
24.875 74.125 1.5037
24.875 74.375 1.4142
24.875 74.625 1.7335
24.875 74.875 1.9627
24.875 75.125 1.8433
24.875 75.375 1.6496
24.875 75.625 0.97497
24.875 75.875 1.3839
24.875 76.125 1.6153
24.875 76.375 1.8171
24.875 76.625 1.9408
24.875 76.875 2.1002
24.875 77.125 2.1488
24.875 77.375 2.2176
24.875 77.625 1.9929
24.875 77.875 1.5207
24.875 78.125 1.6943
24.875 78.375 1.939
24.875 78.625 1.4687
24.875 78.875 1.9909
24.875 79.125 1.7242
24.875 79.375 1.6136
24.875 79.625 1.3714
24.875 79.875 0.68492
24.875 80.125 0.096192
24.875 80.375 0.60027
24.875 80.625 0.88489
24.875 80.875 -0.32004
24.875 81.125 -1.3777
24.875 81.375 -1.2224
24.875 81.625 -0.53594
24.875 81.875 -0.70999
24.875 82.125 -0.98219
24.875 82.375 -1.6449
24.875 82.625 0.35965
24.875 82.875 -1.2397
24.875 83.125 -1.2272
24.875 83.375 -1.6737
24.875 83.625 -0.85933
24.875 83.875 -0.98705
24.875 84.125 -1.2886
24.875 84.375 -2.105
24.875 84.625 -2.2362
24.875 84.875 -1.7774
24.875 85.125 0.80629
24.875 85.375 -0.33574
24.875 85.625 1.2639
24.875 85.875 0.40968
24.875 86.125 -0.97168
24.875 86.375 0.45791
24.875 86.625 0.27849
24.875 86.875 -0.66888
24.875 87.125 -0.39162
24.875 87.375 0.25083
24.875 87.625 0.18887
24.875 87.875 0.065088
24.875 88.125 0.51032
24.875 92.625 -0.50702
24.875 92.875 0.16217
24.875 93.125 1.6358
24.875 93.375 0.641
24.875 93.625 0.079017
24.875 93.875 0.19202
24.875 94.125 0.30548
24.875 94.375 0.35148
25.125 71.125 1.4384
25.125 71.375 1.4571
25.125 71.625 1.3086
25.125 71.875 0.55253
25.125 72.125 0.37384
25.125 72.375 1.9506
25.125 72.625 1.8302
25.125 72.875 1.6435
25.125 73.125 1.8464
25.125 73.375 2.163
25.125 73.625 2.0153
25.125 73.875 1.5088
25.125 74.125 1.4983
25.125 74.375 1.6836
25.125 74.625 2.226
25.125 74.875 1.8772
25.125 75.125 1.912
25.125 75.375 1.6047
25.125 75.625 1.8102
25.125 75.875 1.4613
25.125 76.125 1.5681
25.125 76.375 1.8088
25.125 76.625 2.0149
25.125 76.875 2.0943
25.125 77.125 2.1745
25.125 77.375 2.1077
25.125 77.625 2.1203
25.125 77.875 2.099
25.125 78.125 2.1206
25.125 78.375 1.7394
25.125 78.625 0.88686
25.125 78.875 0.24474
25.125 79.125 0.70976
25.125 79.375 0.33501
25.125 79.625 0.31443
25.125 79.875 1.5881
25.125 80.125 -0.00012418
25.125 80.375 0.98366
25.125 80.625 0.87148
25.125 80.875 0.035835
25.125 81.125 -1.2557
25.125 81.375 -0.73587
25.125 81.625 -1.5377
25.125 81.875 -1.593
25.125 82.125 -0.33124
25.125 82.375 0.37129
25.125 82.625 0.24796
25.125 82.875 -1.7233
25.125 83.125 -2.0529
25.125 83.375 -1.9055
25.125 83.625 -0.58607
25.125 83.875 -1.187
25.125 84.125 -1.1044
25.125 84.375 -2.0798
25.125 84.625 -2.0183
25.125 84.875 -2.2143
25.125 85.125 -0.44012
25.125 85.375 1.1119
25.125 85.625 -0.47895
25.125 85.875 0.021584
25.125 86.125 -0.32751
25.125 86.375 -0.37861
25.125 86.625 -1.1236
25.125 86.875 -1.2945
25.125 87.125 -1.3329
25.125 87.375 -0.33537
25.125 87.625 -0.25468
25.125 87.875 -0.53321
25.125 88.125 0.39397
25.125 88.375 0.52148
25.125 92.375 -0.73344
25.125 92.625 -0.33773
25.125 92.875 0.99082
25.125 93.125 1.4964
25.125 93.375 0.46226
25.125 93.625 0.23638
25.125 93.875 -0.038992
25.125 94.125 0.13765
25.125 94.375 0.11361
25.375 70.875 1.4101
25.375 71.125 1.2955
25.375 71.375 1.356
25.375 71.625 1.8898
25.375 71.875 1.7833
25.375 72.125 1.3214
25.375 72.375 2.145
25.375 72.625 2.0834
25.375 72.875 2.0528
25.375 73.125 2.2265
25.375 73.375 2.2274
25.375 73.625 2.1609
25.375 73.875 1.7054
25.375 74.125 1.7464
25.375 74.375 2.0052
25.375 74.625 2.2264
25.375 74.875 1.8755
25.375 75.125 1.9016
25.375 75.375 2.0855
25.375 75.625 1.9264
25.375 75.875 1.8232
25.375 76.125 1.9889
25.375 76.375 2.1186
25.375 76.625 1.9337
25.375 76.875 1.8206
25.375 77.125 2.0791
25.375 77.375 2.0313
25.375 77.625 2.1741
25.375 77.875 2.0693
25.375 78.125 2.1733
25.375 78.375 1.8756
25.375 78.625 -0.18231
25.375 78.875 -1.7418
25.375 79.125 -1.2928
25.375 79.375 0.69197
25.375 79.625 0.43955
25.375 79.875 1.6661
25.375 80.125 1.5242
25.375 80.375 -0.11496
25.375 80.625 0.11074
25.375 80.875 -1.2568
25.375 81.125 -1.3498
25.375 81.375 -0.57231
25.375 81.625 -0.7169
25.375 81.875 -1.5859
25.375 82.125 -1.6295
25.375 82.375 -1.0328
25.375 82.625 -1.138
25.375 82.875 -1.477
25.375 83.125 -1.1831
25.375 83.375 -0.24252
25.375 83.625 -0.0053788
25.375 83.875 -0.54591
25.375 84.125 -1.0332
25.375 84.375 -2.0711
25.375 84.625 -1.6529
25.375 84.875 -1.2486
25.375 85.125 -1.7836
25.375 85.375 -1.0307
25.375 85.625 0.88287
25.375 85.875 1.0632
25.375 86.125 1.5782
25.375 86.375 0.62679
25.375 86.625 -1.4313
25.375 86.875 -1.358
25.375 87.125 -2.0973
25.375 87.375 -1.314
25.375 87.625 -1.1082
25.375 87.875 -1.0382
25.375 88.125 0.089392
25.375 88.375 0.26081
25.375 88.625 -0.73677
25.375 90.125 0.46045
25.375 90.375 0.13179
25.375 90.625 0.020714
25.375 90.875 -0.019104
25.375 91.125 0.34874
25.375 91.375 0.60805
25.375 91.625 -0.3451
25.375 91.875 -0.50351
25.375 92.125 -0.72146
25.375 92.375 -0.54042
25.375 92.625 -0.28876
25.375 92.875 1.2873
25.375 93.125 0.061113
25.375 93.375 -0.2525
25.375 93.625 0.46454
25.375 93.875 0.13242
25.375 94.125 0.19238
25.375 94.375 0.44336
25.625 70.875 1.1604
25.625 71.125 1.3579
25.625 71.375 1.6506
25.625 71.625 2.0774
25.625 71.875 2.0426
25.625 72.125 1.8593
25.625 72.375 1.755
25.625 72.625 1.9731
25.625 72.875 2.2074
25.625 73.125 2.2702
25.625 73.375 2.3071
25.625 73.625 2.17
25.625 73.875 1.3908
25.625 74.125 1.4065
25.625 74.375 2.0506
25.625 74.625 2.077
25.625 74.875 1.7434
25.625 75.125 1.9247
25.625 75.375 1.9505
25.625 75.625 1.942
25.625 75.875 1.9822
25.625 76.125 2.1381
25.625 76.375 2.0909
25.625 76.625 1.9057
25.625 76.875 1.4803
25.625 77.125 1.6381
25.625 77.375 1.844
25.625 77.625 2.1596
25.625 77.875 2.087
25.625 78.125 1.8786
25.625 78.375 1.2994
25.625 78.625 -0.89233
25.625 78.875 -1.8027
25.625 79.125 0.43974
25.625 79.375 1.0848
25.625 79.625 1.3615
25.625 79.875 1.7234
25.625 80.125 1.2377
25.625 80.375 -0.62924
25.625 80.625 -1.6882
25.625 80.875 -1.7648
25.625 81.125 -1.5771
25.625 81.375 -1.3415
25.625 81.625 0.015142
25.625 81.875 -0.50203
25.625 82.125 -1.6424
25.625 82.375 -0.58715
25.625 82.625 -1.3598
25.625 82.875 -1.6315
25.625 83.125 -1.2927
25.625 83.375 -1.4024
25.625 83.625 0.031064
25.625 83.875 -0.74888
25.625 84.125 -1.5787
25.625 84.375 -1.9584
25.625 84.625 -1.1861
25.625 84.875 -1.2935
25.625 85.125 -2.0013
25.625 85.375 -1.1187
25.625 85.625 0.34659
25.625 85.875 -0.72244
25.625 86.125 -2.0357
25.625 86.375 -2.1189
25.625 86.625 -2.2323
25.625 86.875 -1.4825
25.625 87.125 -0.85416
25.625 87.375 -1.2414
25.625 87.625 -1.4687
25.625 87.875 -1.4607
25.625 88.125 -1.4525
25.625 90.125 1.3811
25.625 90.375 1.0902
25.625 90.625 0.71919
25.625 90.875 0.90987
25.625 91.125 1.8652
25.625 91.375 1.2471
25.625 91.625 0.36372
25.625 91.875 -0.34487
25.625 92.125 -0.69134
25.625 92.375 -0.12915
25.625 92.625 0.089413
25.625 92.875 0.54329
25.625 93.125 -1.0296
25.625 93.375 -1.0905
25.625 93.625 -0.19794
25.625 93.875 0.35833
25.625 94.125 1.0023
25.625 94.375 1.1598
NaN NaN NaN
NaN NaN NaN
25.875 70.375 1.083
25.875 70.625 0.94441
25.875 70.875 1.0957
25.875 71.125 1.3182
25.875 71.375 1.677
25.875 71.625 2.2133
25.875 71.875 2.1521
25.875 72.125 1.9738
25.875 72.375 1.9294
25.875 72.625 1.8404
25.875 72.875 2.0398
25.875 73.125 2.3489
25.875 73.375 2.3041
25.875 73.625 2.0813
25.875 73.875 2.0883
25.875 74.125 1.69
25.875 74.375 1.8271
25.875 74.625 1.9138
25.875 74.875 1.6855
25.875 75.125 1.5819
25.875 75.375 1.6275
25.875 75.625 1.9198
25.875 75.875 2.0376
25.875 76.125 2.0914
25.875 76.375 2.0958
25.875 76.625 1.8679
25.875 76.875 1.3411
25.875 77.125 1.3247
25.875 77.375 1.4717
25.875 77.625 2.0631
25.875 77.875 1.8967
25.875 78.125 1.8068
25.875 78.375 1.5772
25.875 78.625 1.164
25.875 78.875 -0.63913
25.875 79.125 0.72191
25.875 79.375 0.33531
25.875 79.625 -0.20245
25.875 79.875 0.096342
25.875 80.125 -0.52792
25.875 80.375 -1.6028
25.875 80.625 -1.5892
25.875 80.875 -1.344
25.875 81.125 -1.2661
25.875 81.375 -0.81842
25.875 81.625 0.47612
25.875 81.875 0.0041868
25.875 82.125 -2.1014
25.875 82.375 -2.2506
25.875 82.625 -1.9907
25.875 82.875 -1.1974
25.875 83.125 -1.4163
25.875 83.375 -1.8787
25.875 83.625 -1.1671
25.875 83.875 -1.7977
25.875 84.125 -0.17577
25.875 84.375 -1.6081
25.875 84.625 -1.6833
25.875 84.875 -1.3349
25.875 85.125 -1.4023
25.875 85.375 -0.83901
25.875 85.625 -0.73223
25.875 85.875 -1.7067
25.875 86.125 -0.49408
25.875 86.375 -1.5136
25.875 86.625 -1.5597
25.875 86.875 -0.56556
25.875 87.125 -0.50842
25.875 87.375 -1.2099
25.875 87.625 -1.3559
25.875 87.875 -1.8048
25.875 90.125 -0.51702
25.875 90.375 -0.83335
25.875 90.625 0.028033
25.875 90.875 -0.077806
25.875 91.125 -1.1605
25.875 91.375 0.063322
25.875 91.625 -0.16824
25.875 91.875 -1.1678
25.875 92.125 -1.2738
25.875 92.375 -0.27798
25.875 92.625 0.38252
25.875 92.875 0.15131
25.875 93.125 -1.8171
25.875 93.375 -1.7806
25.875 93.625 -0.75201
25.875 93.875 0.90791
25.875 94.125 1.1094
25.875 94.375 1.2293
25.875 94.625 0.82164
25.875 94.875 0.18927
26.125 70.375 1.4483
26.125 70.625 1.3499
26.125 70.875 1.277
26.125 71.125 1.3204
26.125 71.375 1.5624
26.125 71.625 2.0346
26.125 71.875 2.0181
26.125 72.125 1.9008
26.125 72.375 1.8704
26.125 72.625 1.8031
26.125 72.875 1.7008
26.125 73.125 1.8645
26.125 73.375 1.6247
26.125 73.625 1.6363
26.125 73.875 1.876
26.125 74.125 1.9753
26.125 74.375 1.9077
26.125 74.625 1.7068
26.125 74.875 1.7513
26.125 75.125 1.7909
26.125 75.375 1.7474
26.125 75.625 1.7926
26.125 75.875 1.976
26.125 76.125 2.083
26.125 76.375 1.9672
26.125 76.625 1.9348
26.125 76.875 1.5339
26.125 77.125 1.2413
26.125 77.375 1.1079
26.125 77.625 1.9019
26.125 77.875 2.1947
26.125 78.125 1.8943
26.125 78.375 1.9927
26.125 78.625 1.8209
26.125 78.875 0.49594
26.125 79.125 0.6824
26.125 79.375 1.2381
26.125 79.625 -1.7637
26.125 79.875 -1.9685
26.125 80.125 -0.31923
26.125 80.375 -1.0366
26.125 80.625 -1.6121
26.125 80.875 0.81842
26.125 81.125 -0.18743
26.125 81.375 -1.9735
26.125 81.625 0.25247
26.125 81.875 -0.84675
26.125 82.125 -2.0682
26.125 82.375 -1.6988
26.125 82.625 -1.6784
26.125 82.875 -2.1379
26.125 83.125 -1.7585
26.125 83.375 -1.7451
26.125 83.625 -1.9578
26.125 83.875 -1.2888
26.125 84.125 -0.25734
26.125 84.375 -1.2357
26.125 84.625 -1.4159
26.125 84.875 -2.0877
26.125 85.125 -1.4516
26.125 85.375 -1.5967
26.125 85.625 -1.0311
26.125 85.875 0.52924
26.125 86.125 -0.22652
26.125 86.375 -0.91428
26.125 86.625 -0.7082
26.125 86.875 0.31144
26.125 87.125 -0.44936
26.125 87.375 -0.14711
26.125 87.625 -0.85134
26.125 87.875 -1.9653
26.125 88.125 -1.5845
26.125 89.375 -1.4789
26.125 89.875 -0.48291
26.125 90.125 -0.52831
26.125 90.375 -0.21544
26.125 90.625 -0.21744
26.125 90.875 -0.87183
26.125 91.125 -1.5739
26.125 91.375 -1.6547
26.125 91.625 -1.3572
26.125 91.875 -1.3221
26.125 92.125 -0.94084
26.125 92.375 0.27172
26.125 92.625 0.56575
26.125 92.875 -0.51659
26.125 93.125 -1.3181
26.125 93.375 -0.3604
26.125 93.625 -0.042155
26.125 93.875 1.5169
26.125 94.125 1.4855
26.125 94.375 0.78386
26.125 94.625 0.10926
26.125 94.875 0.1026
26.375 70.375 1.4557
26.375 70.625 1.5967
26.375 70.875 1.2883
26.375 71.125 1.4256
26.375 71.375 1.9034
26.375 71.625 2.2283
26.375 71.875 2.1845
26.375 72.125 1.979
26.375 72.375 1.9478
26.375 72.625 1.6007
26.375 72.875 1.7547
26.375 73.125 1.5762
26.375 73.375 1.3277
26.375 73.625 1.6097
26.375 73.875 1.802
26.375 74.125 2.0916
26.375 74.375 1.9064
26.375 74.625 -0.30408
26.375 74.875 1.0969
26.375 75.125 1.6418
26.375 75.375 1.758
26.375 75.625 1.8168
26.375 75.875 1.8916
26.375 76.125 1.9598
26.375 76.375 1.9242
26.375 76.625 2.1129
26.375 76.875 2.0059
26.375 77.125 1.7356
26.375 77.375 1.7445
26.375 77.625 1.9302
26.375 77.875 1.5197
26.375 78.125 1.2898
26.375 78.375 0.72842
26.375 78.625 1.5192
26.375 78.875 1.764
26.375 79.125 1.9656
26.375 79.375 -0.83388
26.375 79.625 -1.4917
26.375 79.875 -0.16578
26.375 80.125 0.80686
26.375 80.375 -1.8172
26.375 80.625 -1.6426
26.375 80.875 -0.41684
26.375 81.125 -1.6062
26.375 81.375 -2.0463
26.375 81.625 -2.1347
26.375 81.875 -1.5519
26.375 82.125 -2.11
26.375 82.375 -1.8412
26.375 82.625 -1.2981
26.375 82.875 -0.94472
26.375 83.125 -0.79971
26.375 83.375 -1.5637
26.375 83.625 -1.4959
26.375 83.875 -0.81921
26.375 84.125 -0.76714
26.375 84.375 -0.99065
26.375 84.625 -1.1843
26.375 84.875 -0.6977
26.375 85.125 -0.86936
26.375 85.375 -1.1391
26.375 85.625 -0.92607
26.375 85.875 -0.66315
26.375 86.125 -1.0558
26.375 86.375 -1.5438
26.375 86.625 -1.7966
26.375 86.875 -0.47463
26.375 87.125 -1.0633
26.375 87.625 -2.2331
26.375 87.875 -1.8901
26.375 88.125 -0.75116
26.375 88.375 -1.1756
26.375 88.875 -0.70308
26.375 89.375 -0.40724
26.375 89.625 -0.95209
26.375 89.875 -1.0378
26.375 90.125 -0.39131
26.375 90.375 0.010565
26.375 90.625 -1.1536
26.375 90.875 -0.79646
26.375 91.125 -1.638
26.375 91.375 -1.179
26.375 91.625 -1.4288
26.375 91.875 -0.9886
26.375 92.125 0.085691
26.375 92.375 0.21257
26.375 92.625 0.19454
26.375 92.875 -0.5113
26.375 93.125 -0.65249
26.375 93.375 -0.57574
26.375 93.625 -0.4705
26.375 93.875 0.67117
26.375 94.125 0.87421
26.375 94.375 -0.020081
26.375 94.625 -0.1204
26.375 94.875 0.16525
26.625 69.875 1.7252
26.625 70.125 1.7407
26.625 70.375 1.8127
26.625 70.625 1.4631
26.625 70.875 1.202
26.625 71.125 1.1453
26.625 71.375 2.0515
26.625 71.625 2.2302
26.625 71.875 2.2305
26.625 72.125 2.1971
26.625 72.375 1.9243
26.625 72.625 1.7735
26.625 72.875 1.6683
26.625 73.125 1.6421
26.625 73.375 1.0865
26.625 73.625 1.612
26.625 73.875 1.7822
26.625 74.125 1.8197
26.625 74.375 1.5754
26.625 74.625 0.60867
26.625 74.875 1.3093
26.625 75.125 1.3141
26.625 75.375 1.8151
26.625 75.625 1.8559
26.625 75.875 1.7526
26.625 76.125 2.0408
26.625 76.375 1.7464
26.625 76.625 1.7965
26.625 76.875 1.8032
26.625 77.125 1.7713
26.625 77.375 1.7024
26.625 77.625 2.0439
26.625 77.875 1.4269
26.625 78.125 1.6899
26.625 78.375 1.5971
26.625 78.625 1.522
26.625 78.875 0.048342
26.625 79.125 -0.76671
26.625 79.375 -0.36012
26.625 79.625 -1.1429
26.625 79.875 -1.9886
26.625 80.125 -2.1465
26.625 80.375 -1.382
26.625 80.625 -0.77665
26.625 80.875 -0.011957
26.625 81.125 -1.1989
26.625 81.375 -1.6596
26.625 81.625 -1.6865
26.625 81.875 0.31514
26.625 82.125 0.063485
26.625 82.375 -0.66947
26.625 82.625 -1.9177
26.625 82.875 -1.0921
26.625 83.125 -0.7315
26.625 83.375 -1.3221
26.625 83.625 -1.6494
26.625 83.875 -1.5725
26.625 84.125 -0.08998
26.625 84.375 -0.42402
26.625 84.625 -1.4034
26.625 84.875 -1.6958
26.625 85.125 -0.69482
26.625 85.375 -1.3211
26.625 85.625 -0.91079
26.625 86.125 -1.3523
26.625 88.375 0.30315
26.625 88.625 -0.0083059
26.625 88.875 -1.2387
26.625 89.125 -1.5287
26.625 89.375 -0.89021
26.625 89.625 -0.83249
26.625 89.875 -1.4057
26.625 90.125 -0.91724
26.625 90.375 -1.4711
26.625 90.625 -1.5443
26.625 90.875 -1.0583
26.625 91.125 -1.0137
26.625 91.375 -0.57899
26.625 91.625 -0.98185
26.625 91.875 -1.0678
26.625 92.125 -0.44494
26.625 92.375 -0.13199
26.625 92.625 -0.40027
26.625 92.875 0.59269
26.625 93.125 -0.21473
26.625 93.375 -0.53354
26.625 93.625 -0.56377
26.625 93.875 0.17245
26.625 94.125 -0.98185
26.625 94.375 -0.96106
26.625 94.625 0.22665
26.625 94.875 0.53265
26.625 95.125 0.54498
26.875 69.625 1.7524
26.875 69.875 1.6561
26.875 70.125 1.614
26.875 70.375 1.6686
26.875 70.625 1.3059
26.875 70.875 1.1045
26.875 71.125 1.245
26.875 71.375 2.0083
26.875 71.625 2.1621
26.875 71.875 2.061
26.875 72.125 1.555
26.875 72.375 1.4512
26.875 72.625 1.5092
26.875 72.875 1.8502
26.875 73.125 1.4928
26.875 73.375 1.5238
26.875 73.625 1.4956
26.875 73.875 1.5396
26.875 74.125 1.6819
26.875 74.375 1.6605
26.875 74.625 1.376
26.875 74.875 1.3624
26.875 75.125 1.3533
26.875 75.375 1.6084
26.875 75.625 0.47814
26.875 75.875 1.8977
26.875 76.125 2.086
26.875 76.375 1.8466
26.875 76.625 1.8046
26.875 76.875 1.9247
26.875 77.125 1.4878
26.875 77.375 0.28723
26.875 77.625 1.3331
26.875 77.875 1.5481
26.875 78.125 0.63076
26.875 78.375 1.185
26.875 78.625 1.594
26.875 78.875 0.096243
26.875 79.125 0.60597
26.875 79.375 0.62668
26.875 79.625 0.10238
26.875 79.875 -1.1407
26.875 80.125 -0.89864
26.875 80.375 -0.11204
26.875 80.625 0.28565
26.875 80.875 0.34128
26.875 81.125 0.2338
26.875 81.375 -0.88268
26.875 81.625 -1.5668
26.875 81.875 0.0059278
26.875 82.125 1.4169
26.875 82.375 -1.1864
26.875 82.625 -1.4434
26.875 82.875 -1.2581
26.875 83.125 -0.81759
26.875 83.375 -1.5382
26.875 83.625 -1.473
26.875 83.875 -1.2823
26.875 84.125 -0.12897
26.875 84.375 -1.0066
26.875 84.625 -1.4432
26.875 84.875 -1.1032
26.875 88.375 1.0671
26.875 88.625 0.037474
26.875 88.875 -0.88751
26.875 92.375 -0.80588
26.875 92.625 -0.36775
26.875 92.875 0.60276
26.875 93.125 0.81062
26.875 93.375 -0.25945
26.875 93.625 -0.21472
26.875 93.875 0.54568
26.875 94.125 -1.4025
26.875 94.375 0.2492
26.875 94.625 0.5692
26.875 94.875 0.40196
26.875 95.125 -0.0099842
26.875 95.375 0.0020028
26.875 95.625 -0.13522
27.125 69.875 1.4643
27.125 70.125 1.2927
27.125 70.375 1.1787
27.125 70.625 1.3054
27.125 70.875 1.1074
27.125 71.125 1.4475
27.125 71.375 1.9009
27.125 71.625 1.7847
27.125 71.875 1.378
27.125 72.125 0.95387
27.125 72.375 1.022
27.125 72.625 1.3621
27.125 72.875 1.3859
27.125 73.125 1.3362
27.125 73.375 1.3264
27.125 73.625 1.2041
27.125 73.875 1.1002
27.125 74.125 1.197
27.125 74.375 1.0242
27.125 74.625 1.4682
27.125 74.875 1.1897
27.125 75.125 1.2908
27.125 75.375 1.7247
27.125 75.625 1.8149
27.125 75.875 1.7299
27.125 76.125 1.679
27.125 76.375 1.7751
27.125 76.625 1.5133
27.125 76.875 1.2944
27.125 77.125 1.8808
27.125 77.375 0.90643
27.125 77.625 0.50041
27.125 77.875 1.0499
27.125 78.125 1.5786
27.125 78.375 2.0342
27.125 78.625 1.1152
27.125 78.875 -0.38038
27.125 79.125 0.35588
27.125 79.375 -1.0215
27.125 79.625 -1.0668
27.125 79.875 -0.57462
27.125 80.125 -0.94125
27.125 80.375 -0.82286
27.125 80.625 -1.4131
27.125 80.875 0.38925
27.125 81.125 0.52858
27.125 81.375 0.12539
27.125 81.625 -1.0045
27.125 81.875 0.1701
27.125 82.125 0.30724
27.125 82.375 -1.3021
27.125 82.625 -0.14779
27.125 82.875 -0.70133
27.125 83.125 -0.90338
27.125 83.375 -0.70065
27.125 83.625 -0.097948
27.125 83.875 0.1876
27.125 84.125 -0.059284
27.125 84.375 -0.49204
27.125 84.625 -1.0496
27.125 88.125 0.54635
27.125 88.375 1.0147
27.125 88.625 0.74217
27.125 92.125 -1.5145
27.125 92.375 -0.99367
27.125 92.625 -0.54966
27.125 92.875 0.089922
27.125 93.125 -0.071348
27.125 93.375 -0.12495
27.125 93.625 -0.017701
27.125 93.875 0.63682
27.125 94.125 1.0889
27.125 94.375 0.9143
27.125 94.625 0.11453
27.125 94.875 -0.12306
27.125 95.125 -0.3814
27.125 95.375 -0.21452
27.125 95.625 -0.23461
27.125 95.875 -0.1673
27.375 70.125 1.2011
27.375 70.375 1.1618
27.375 70.625 1.0548
27.375 70.875 1.3882
27.375 71.125 1.8525
27.375 71.375 1.8241
27.375 71.625 1.4438
27.375 71.875 0.63557
27.375 72.125 0.15289
27.375 72.375 0.62224
27.375 72.625 0.79318
27.375 72.875 0.78596
27.375 73.125 0.94571
27.375 73.375 0.99231
27.375 73.625 1.2069
27.375 73.875 0.9629
27.375 74.125 0.69165
27.375 74.375 0.88459
27.375 74.625 1.0342
27.375 74.875 0.94107
27.375 75.125 1.4242
27.375 75.375 1.6547
27.375 75.625 1.895
27.375 75.875 1.5411
27.375 76.125 1.5845
27.375 76.375 1.6265
27.375 76.625 1.4887
27.375 76.875 1.7098
27.375 77.125 1.64
27.375 77.375 -0.19674
27.375 77.625 1.2579
27.375 77.875 1.5628
27.375 78.125 1.6205
27.375 78.375 2.0763
27.375 78.625 1.5033
27.375 78.875 1.3838
27.375 79.125 -0.97167
27.375 79.375 -1.6813
27.375 79.625 -1.4486
27.375 79.875 -0.53854
27.375 80.125 -1.4555
27.375 80.375 -2.3201
27.375 80.625 -2.1669
27.375 80.875 -2.1548
27.375 81.125 -0.26089
27.375 81.375 0.18611
27.375 81.625 -1.7493
27.375 81.875 0.41091
27.375 82.125 -0.33056
27.375 82.375 -0.84366
27.375 82.625 -0.24278
27.375 82.875 -0.7714
27.375 83.125 -1.051
27.375 83.625 -0.13364
27.375 84.125 0.12457
27.375 84.375 -0.21268
27.375 88.125 1.3837
27.375 88.375 0.25233
27.375 88.625 -0.80494
27.375 92.125 -1.4795
27.375 92.375 -1.1388
27.375 92.625 -0.76138
27.375 92.875 -1.051
27.375 93.125 -1.8608
27.375 93.375 -1.8864
27.375 93.625 -0.53717
27.375 93.875 0.11241
27.375 94.125 1.2277
27.375 94.375 0.054673
27.375 94.625 -0.34541
27.375 94.875 -0.83085
27.375 95.125 -0.62899
27.375 95.375 -0.54485
27.375 95.625 -0.43979
27.375 95.875 -0.46395
27.375 96.125 -0.88211
27.375 96.375 -0.5799
NaN NaN NaN
27.375 96.875 0.38292
27.625 70.125 1.2018
27.625 70.375 1.1061
27.625 70.625 1.0415
27.625 70.875 1.3891
27.625 71.125 1.5638
27.625 71.375 1.518
27.625 71.625 1.3041
27.625 71.875 0.7523
27.625 72.125 0.37863
27.625 72.375 0.4762
27.625 72.625 0.52668
27.625 72.875 0.81498
27.625 73.125 0.58455
27.625 73.375 1.0528
27.625 73.625 1.4321
27.625 73.875 1.3915
27.625 74.125 1.1413
27.625 74.375 1.0967
27.625 74.625 1.0341
27.625 74.875 1.0831
27.625 75.125 0.99777
27.625 75.375 1.3762
27.625 75.625 1.3857
27.625 75.875 1.5614
27.625 76.125 1.7718
27.625 76.375 1.4964
27.625 76.625 1.5176
27.625 76.875 1.7284
27.625 77.125 -0.42688
27.625 77.375 -0.55729
27.625 77.625 -1.3667
27.625 77.875 0.0065121
27.625 78.125 1.3469
27.625 78.375 1.9609
27.625 78.625 0.93621
27.625 78.875 0.2457
27.625 79.125 -1.6861
27.625 79.375 -2.0969
27.625 79.625 -1.5242
27.625 79.875 -0.06281
27.625 80.125 -1.6078
27.625 80.375 -1.6509
27.625 80.625 -1.8524
27.625 80.875 -1.5453
27.625 81.125 -0.68111
27.625 81.375 0.22949
27.625 81.625 0.087597
27.625 81.875 -0.6488
27.625 82.125 -0.34166
27.625 82.375 -0.70961
27.625 82.625 -0.4652
27.625 88.375 0.59331
27.625 88.625 -0.17559
27.625 91.625 -1.5046
27.625 91.875 -1.5494
27.625 92.125 -1.5937
27.625 92.375 -1.4176
27.625 92.625 -1.1995
27.625 92.875 -1.4684
27.625 93.125 -1.9927
27.625 93.375 -2.007
27.625 93.625 -1.851
27.625 93.875 -2.0101
27.625 94.125 -1.2792
27.625 94.375 -0.14735
27.625 94.625 -0.53033
27.625 94.875 -0.83933
27.625 95.125 -0.82808
27.625 95.375 -0.84784
27.625 95.625 -0.99466
27.625 95.875 -0.9198
27.625 96.125 -1.2389
27.625 96.375 -0.79122
27.625 96.625 -0.13977
27.625 96.875 0.14141
27.875 70.375 1.1806
27.875 71.875 0.7227
27.875 72.125 0.36994
27.875 72.375 0.45528
27.875 72.625 0.70878
27.875 72.875 0.78145
27.875 73.125 0.97318
27.875 73.375 1.5725
27.875 73.625 1.6523
27.875 73.875 1.4827
27.875 74.125 1.1059
27.875 74.375 1.2163
27.875 74.625 0.90977
27.875 74.875 0.96609
27.875 75.125 1.0441
27.875 75.375 1.0096
27.875 75.625 0.85955
27.875 75.875 0.9754
27.875 76.125 1.2114
27.875 76.375 1.7598
27.875 76.625 0.58558
27.875 76.875 0.90796
27.875 77.125 0.76694
27.875 77.375 -0.49402
27.875 77.625 -1.3462
27.875 77.875 0.065153
27.875 78.125 1.1
27.875 78.375 1.167
27.875 78.625 0.88224
27.875 78.875 1.0192
27.875 79.125 -0.28879
27.875 79.375 -1.5616
27.875 79.625 -1.3754
27.875 79.875 0.9716
27.875 80.125 1.4193
27.875 80.375 0.40848
27.875 80.625 -0.92723
27.875 80.875 -1.5545
27.875 81.125 -1.0359
27.875 81.375 0.11709
27.875 81.625 0.24535
27.875 88.375 0.64905
27.875 88.625 0.31459
27.875 92.875 -1.8679
27.875 93.125 -2.0694
27.875 93.375 -2.0401
27.875 93.625 -2.1189
27.875 93.875 -2.1343
27.875 94.125 -1.4899
27.875 94.375 -0.89128
27.875 94.625 -0.81055
27.875 94.875 -0.31433
27.875 95.125 0.10356
27.875 95.375 -0.44771
27.875 95.625 -0.92996
27.875 95.875 -1.2451
27.875 96.125 -1.1994
27.875 96.375 -1.1974
27.875 96.625 -0.018872
NaN NaN NaN
27.875 97.125 0.32809
28.125 72.125 0.48963
28.125 72.375 0.72439
28.125 72.625 0.65175
28.125 72.875 1.1571
28.125 73.125 1.8537
28.125 73.375 1.8673
28.125 73.625 1.5019
28.125 73.875 1.1519
28.125 74.125 0.85561
28.125 74.375 0.98899
28.125 74.625 1.434
28.125 74.875 1.4151
28.125 75.125 1.0912
28.125 75.375 1.3043
28.125 75.625 0.62519
28.125 75.875 1.479
28.125 76.125 1.8407
28.125 76.375 1.5135
28.125 76.625 1.8309
28.125 76.875 1.6532
28.125 77.125 0.37943
28.125 77.375 -0.39451
28.125 77.625 -0.602
28.125 77.875 -0.17723
28.125 78.125 1.6545
28.125 78.375 1.0883
28.125 78.625 -0.41585
28.125 78.875 -0.39231
28.125 79.125 -0.47766
28.125 79.375 -1.324
28.125 79.625 -1.4139
28.125 79.875 -0.52491
28.125 80.125 0.68283
28.125 80.375 0.72056
28.125 80.625 0.64144
28.125 80.875 -0.86437
28.125 81.125 -1.3509
28.125 81.375 -0.10363
28.125 92.875 -1.9289
28.125 93.125 -2.0907
28.125 93.375 -2.1131
28.125 93.625 -2.0326
28.125 93.875 -1.9421
28.125 94.125 -1.7217
28.125 94.375 -1.1564
28.125 94.625 -1.0256
28.125 94.875 -0.38655
28.125 95.125 0.14946
28.125 95.375 0.134
28.125 95.625 -0.70724
28.125 95.875 -1.1042
28.125 96.125 -1.1418
28.125 96.375 -0.94827
NaN NaN NaN
NaN NaN NaN
NaN NaN NaN
28.375 72.375 0.9071
28.375 72.625 0.75729
28.375 72.875 0.79715
28.375 73.125 1.4939
28.375 73.375 1.133
28.375 73.625 0.93079
28.375 73.875 0.7537
28.375 74.125 0.53081
28.375 74.375 0.60181
28.375 74.625 1.2737
28.375 74.875 1.2232
28.375 75.125 0.81758
28.375 75.375 0.94807
28.375 75.625 0.71582
28.375 75.875 1.0124
28.375 76.125 0.7427
28.375 76.375 0.79223
28.375 76.625 1.1689
28.375 76.875 1.2264
28.375 77.125 -0.067471
28.375 77.375 -0.98248
28.375 77.625 -0.8705
28.375 77.875 -0.88222
28.375 78.125 1.4309
28.375 78.375 0.55096
28.375 78.625 -1.355
28.375 78.875 -1.1711
28.375 79.125 0.46604
28.375 79.375 1.6643
28.375 79.625 -1.98
28.375 79.875 -2.0323
28.375 80.125 0.083361
28.375 80.375 0.59609
28.375 80.625 0.42018
28.375 80.875 -0.29374
28.375 81.125 -0.9163
28.375 93.375 -2.0359
28.375 93.625 -1.6563
28.375 93.875 -1.0505
28.375 94.125 -0.83805
28.375 94.375 -0.66745
28.375 94.625 -0.50057
28.375 94.875 -0.17613
28.375 95.125 -0.13786
28.375 95.375 -0.19567
28.375 95.625 -0.20911
28.375 95.875 -0.33224
28.375 96.125 -1.1068
NaN NaN NaN
28.625 72.375 1.1103
28.625 72.625 1.2072
28.625 72.875 0.84418
28.625 73.125 1.0992
28.625 73.375 1.2802
28.625 73.625 1.2374
28.625 73.875 0.57965
28.625 74.125 0.27307
28.625 74.375 0.66902
28.625 74.625 1.192
28.625 74.875 1.1277
28.625 75.125 0.59195
28.625 75.375 -0.36563
28.625 75.625 -1.0953
28.625 75.875 -0.61273
28.625 76.125 0.54434
28.625 76.375 0.63006
28.625 76.625 1.0029
28.625 76.875 0.73085
28.625 77.125 -0.49217
28.625 77.375 -0.89354
28.625 77.625 -1.069
28.625 77.875 -1.4664
28.625 78.125 -0.46811
28.625 78.375 0.71829
28.625 78.625 -1.428
28.625 78.875 -1.6073
28.625 79.125 1.4674
28.625 79.375 0.80648
28.625 79.625 1.4051
28.625 79.875 0.22913
28.625 80.125 0.46074
28.625 80.375 0.68969
28.625 80.625 0.35186
28.625 93.625 -0.73762
28.625 93.875 0.19973
28.625 94.125 -0.10686
28.625 94.375 -0.040338
28.625 94.625 0.058511
28.625 94.875 0.028249
28.625 95.125 0.0022156
28.625 95.375 -0.017082
28.625 95.625 -0.22733
28.625 95.875 -0.39587
28.625 96.125 -0.85931
NaN NaN NaN
28.875 72.875 0.81936
28.875 73.125 1.3045
28.875 73.375 1.8171
28.875 73.625 1.734
28.875 73.875 1.4843
28.875 74.125 0.89571
28.875 74.375 0.61975
28.875 74.625 0.82181
28.875 74.875 1.3198
28.875 75.125 0.099263
28.875 75.375 -0.57998
28.875 75.625 -0.56846
28.875 75.875 -0.90805
28.875 76.125 0.0067865
28.875 76.375 -0.20073
28.875 76.625 -0.041058
28.875 76.875 -0.35754
28.875 77.125 1.0682
28.875 77.375 0.6985
28.875 77.625 0.040829
28.875 77.875 0.16922
28.875 78.125 -0.71152
28.875 78.375 -0.072474
28.875 78.625 -0.20247
28.875 78.875 -0.69369
28.875 79.125 1.3449
28.875 79.375 1.3174
28.875 79.625 1.8245
28.875 79.875 1.5298
28.875 94.125 0.46572
28.875 94.375 0.47843
28.875 94.625 0.26471
28.875 94.875 0.31303
28.875 95.125 0.25045
28.875 95.375 0.019837
28.875 95.625 0.013927
28.875 95.875 -0.063289
28.875 96.125 0.10793
NaN NaN NaN
29.125 73.125 1.2754
29.125 73.375 2.0784
29.125 73.625 1.6778
29.125 73.875 1.5021
29.125 74.125 1.0767
29.125 74.375 0.67608
29.125 74.625 0.54191
29.125 74.875 0.76647
29.125 75.125 0.17998
29.125 75.375 0.57636
29.125 75.625 0.034902
29.125 75.875 -0.87109
29.125 76.125 -1.4421
29.125 76.375 -1.5632
29.125 76.625 -0.54862
29.125 76.875 -0.25228
29.125 77.125 -0.77884
29.125 77.375 -0.21065
29.125 77.625 0.35184
29.125 77.875 1.0637
29.125 78.125 0.36514
29.125 78.375 0.34055
29.125 78.625 0.4796
29.125 78.875 -0.94173
29.125 79.125 1.6653
29.125 79.375 1.6716
29.125 79.625 -0.54625
29.125 79.875 0.64256
29.125 80.125 0.76087
29.125 94.375 0.46744
29.125 94.625 0.49798
29.125 94.875 0.44679
29.125 95.625 0.20945
29.125 95.875 0.79379
29.125 96.125 1.3601
29.375 73.375 1.6236
29.375 73.625 1.63
29.375 73.875 1.5961
29.375 74.125 1.596
29.375 74.375 1.0193
29.375 74.625 0.17638
29.375 74.875 0.36446
29.375 75.125 0.52581
29.375 75.375 0.056954
29.375 75.625 -0.16177
29.375 75.875 -0.86002
29.375 76.125 -0.93145
29.375 76.375 -1.2523
29.375 76.625 -0.39016
29.375 76.875 -1.3761
29.375 77.125 -1.6244
29.375 77.375 0.39829
29.375 77.625 0.89344
29.375 77.875 1.2883
29.375 78.125 0.12414
29.375 78.375 0.392
29.375 78.625 -1.4053
29.375 78.875 -1.1444
29.375 79.125 0.31001
29.375 79.375 1.0915
29.375 79.625 -1.1035
29.375 79.875 0.12062
29.375 80.125 0.63244
NaN NaN NaN
29.625 73.375 1.374
29.625 73.625 1.628
29.625 73.875 1.493
29.625 74.125 1.5966
29.625 74.375 0.87739
29.625 74.625 -0.65401
29.625 74.875 -0.81771
29.625 75.125 -0.30722
29.625 75.375 -0.36996
29.625 75.625 0.20849
29.625 75.875 -0.61365
29.625 76.125 -1.2294
29.625 76.375 0.013793
29.625 76.625 0.15817
29.625 76.875 0.34298
29.625 77.125 -1.1122
29.625 77.375 -1.4486
29.625 77.625 -0.16621
29.625 77.875 0.88381
29.625 78.125 1.0571
29.625 78.375 -0.51165
29.625 78.625 -1.5816
29.625 78.875 -1.6849
29.625 79.125 -0.76337
29.625 79.375 0.32892
29.625 79.625 0.12955
29.625 79.875 0.48439
29.625 80.125 1.1783
29.875 73.625 1.6112
29.875 73.875 1.1485
29.875 74.125 1.2114
29.875 74.375 -0.14311
29.875 74.625 -1.117
29.875 74.875 -1.1955
29.875 75.125 -0.63864
29.875 75.375 -0.089759
29.875 75.625 -0.037412
29.875 75.875 -0.3271
29.875 76.125 -0.19397
29.875 76.375 -0.010767
29.875 76.625 0.81542
29.875 76.875 -1.3574
29.875 77.125 -0.85567
29.875 77.375 -1.852
29.875 77.625 -0.35809
29.875 77.875 1.4565
29.875 78.125 -2.0422
29.875 78.375 -0.35506
29.875 78.625 -0.58428
29.875 78.875 0.77583
29.875 79.125 -0.76041
29.875 79.375 0.15077
29.875 79.625 1.6546
29.875 79.875 0.64134
29.875 80.125 1.07
29.875 80.375 1.0425
30.125 74.125 0.94132
30.125 74.375 -0.74339
30.125 74.625 -0.69932
30.125 74.875 -0.44881
30.125 75.125 0.19778
30.125 75.375 0.46967
30.125 75.625 0.51181
30.125 75.875 -0.62899
30.125 76.125 -0.21324
30.125 76.375 -0.81833
30.125 76.625 -1.093
30.125 76.875 -1.4253
30.125 77.125 -0.36328
30.125 77.375 -1.7919
30.125 77.625 1.0938
30.125 77.875 0.87557
30.125 78.125 0.88458
30.125 78.375 0.38274
30.125 78.625 1.2646
30.125 78.875 1.9393
30.125 79.125 1.7513
30.125 79.375 1.2966
30.125 79.625 1.6821
30.125 79.875 0.75443
30.125 80.125 0.6134
30.125 80.375 0.91934
30.125 80.625 0.89283
30.375 74.125 0.65527
30.375 74.375 -0.3791
30.375 74.625 -0.17659
30.375 74.875 -0.11628
30.375 75.125 0.84132
30.375 75.375 0.72568
30.375 75.625 -0.61232
30.375 75.875 -0.49579
30.375 76.125 -0.67468
30.375 76.375 -1.3492
30.375 76.625 -1.9789
30.375 76.875 -1.3784
30.375 77.125 -0.0054007
30.375 77.375 0.49072
30.375 77.625 1.0957
30.375 77.875 0.27102
30.375 78.125 -0.2268
30.375 78.375 -0.50766
30.375 78.625 1.6263
30.375 78.875 1.0966
30.375 79.125 1.4661
30.375 79.375 1.3454
30.375 79.625 1.6159
30.375 79.875 1.3276
30.375 80.125 1.1685
30.375 80.375 0.85098
30.375 80.625 0.78671
30.625 74.375 -0.57216
30.625 74.625 -0.4119
30.625 74.875 -0.36223
30.625 75.125 0.70302
30.625 75.375 0.57167
30.625 75.625 -0.093577
30.625 75.875 -0.22249
30.625 76.125 -1.0342
30.625 76.375 -1.5888
30.625 76.625 -0.61032
30.625 76.875 0.34371
30.625 77.125 -0.096674
30.625 77.375 0.37685
30.625 77.625 -0.80366
30.625 77.875 -0.076229
30.625 78.125 0.54522
30.625 78.375 -0.44738
30.625 78.625 0.47191
30.625 78.875 1.1653
30.625 79.125 1.141
30.625 79.375 1.78
30.625 79.625 1.7323
30.625 79.875 1.3457
30.625 80.125 1.0955
30.875 74.625 -0.57255
30.875 74.875 0.19098
30.875 75.125 1.8159
30.875 75.375 0.11708
30.875 75.625 -0.20803
30.875 75.875 -0.21051
30.875 76.125 -0.28035
30.875 76.375 0.26697
30.875 76.625 0.2664
30.875 76.875 0.64486
30.875 77.125 1.7945
30.875 77.375 0.77361
30.875 77.625 0.32489
30.875 77.875 1.1163
30.875 78.125 0.88129
30.875 78.375 0.44227
30.875 78.625 0.44105
30.875 78.875 1.8499
30.875 79.125 1.0504
30.875 79.375 -0.17586
30.875 79.625 2.0962
30.875 79.875 1.4255
31.125 74.875 -0.19161
31.125 75.125 1.8239
31.125 75.375 -0.6057
31.125 75.625 -0.97964
31.125 75.875 0.033471
31.125 76.125 1.4781
31.125 76.375 1.7532
31.125 76.625 0.73893
31.125 76.875 1.7516
31.125 77.125 2.0182
31.125 77.375 0.93668
31.125 77.625 1.8231
31.125 77.875 0.46099
31.125 78.125 -1.351
31.125 78.375 -0.98641
31.125 78.625 -0.70936
31.125 78.875 0.56412
31.125 79.125 0.78447
31.375 74.875 -0.2065
31.375 75.125 0.11575
31.375 75.375 -0.87461
31.375 75.625 -0.058906
31.375 75.875 0.86844
31.375 76.125 0.43024
31.375 76.375 2.0057
31.375 76.625 1.0602
31.375 76.875 1.966
31.375 77.125 2.0471
31.375 77.375 1.9649
31.375 77.625 0.31873
31.375 77.875 -1.4524
31.375 78.125 -1.7057
31.375 78.375 -1.8631
31.375 78.625 -1.5571
31.625 74.875 0.034144
31.625 75.125 -0.0047695
31.625 75.375 -0.22444
31.625 75.625 -0.12263
31.625 75.875 -0.37152
31.625 76.125 0.79882
31.625 76.375 1.6517
31.625 76.625 1.3678
31.625 76.875 1.2804
31.625 77.125 1.8737
31.625 77.375 1.9177
31.625 77.625 0.81649
31.625 77.875 -1.5629
31.625 78.125 -1.7614
31.625 78.375 -1.8525
31.625 78.625 -1.7768
31.875 74.875 0.32128
31.875 75.125 0.20986
31.875 75.375 -0.84339
31.875 75.625 -0.42544
31.875 75.875 -0.20013
31.875 76.125 1.1317
31.875 76.375 1.2483
31.875 76.625 1.2262
31.875 76.875 0.93751
31.875 77.125 0.55472
31.875 77.375 0.33373
31.875 77.625 -0.16144
31.875 77.875 -1.7088
31.875 78.125 -1.8387
31.875 78.375 -1.8942
31.875 78.625 -1.8711
32.125 75.375 0.81172
32.125 75.625 0.46493
32.125 75.875 0.16369
32.125 76.125 0.059088
32.125 76.375 0.37045
32.125 76.625 0.78924
32.125 76.875 0.33324
32.125 77.125 0.27277
32.125 77.375 -0.79167
32.125 77.625 -1.0756
32.125 77.875 -1.9712
32.125 78.125 -1.9986
32.125 78.375 -1.9286
32.375 75.375 1.2868
32.375 75.625 0.77421
32.375 75.875 0.38886
32.375 76.125 -1.1065
32.375 76.375 -0.62399
32.375 76.625 -0.69167
32.375 76.875 -0.5812
32.375 77.125 -0.15229
32.375 77.375 -0.82813
32.375 77.625 -1.3857
32.375 77.875 -1.7389
32.375 78.125 -1.9523
32.375 78.375 -1.8495
32.625 74.875 0.89945
32.625 75.125 0.079535
32.625 75.375 -0.051288
32.625 75.625 0.10797
32.625 75.875 0.040834
32.625 76.125 -0.5589
32.625 76.375 -0.97994
32.625 76.625 -1.2518
32.625 76.875 -0.48508
32.625 77.125 -0.4959
32.625 77.375 -1.0028
32.625 77.625 -1.2728
32.625 77.875 -1.4477
32.625 78.125 -1.795
32.625 78.375 -1.6985
32.625 78.625 -1.6807
32.625 78.875 -1.5956
32.625 79.125 -1.4757
32.625 79.375 -1.6324
32.875 74.375 1.6413
32.875 74.625 1.6537
32.875 74.875 1.2883
32.875 75.125 0.25632
32.875 75.375 -0.54109
32.875 75.625 -0.82337
32.875 75.875 -0.55561
32.875 76.125 -0.04289
32.875 76.375 -0.36921
32.875 76.625 -0.43806
32.875 76.875 -0.57662
32.875 77.125 -0.85586
32.875 77.375 -1.1058
32.875 77.625 -1.2869
32.875 77.875 -1.2988
32.875 78.125 -1.1709
32.875 78.375 -1.3541
32.875 78.625 -1.5163
32.875 78.875 -1.5939
32.875 79.125 -1.6141
32.875 79.375 -1.6871
33.125 73.875 0.49137
33.125 74.125 0.6687
33.125 74.375 1.3526
33.125 74.625 1.8332
33.125 74.875 1.3314
33.125 75.125 0.028269
33.125 75.375 -1.038
33.125 75.625 -1.2258
33.125 75.875 -0.74487
33.125 76.125 -0.3635
33.125 76.375 -0.47817
33.125 76.625 -0.67153
33.125 76.875 -0.76684
33.125 77.125 -1.2861
33.125 77.375 -0.78695
33.125 77.625 -0.49144
33.125 77.875 -0.35078
33.125 78.125 -0.27503
33.125 78.375 -0.27174
33.125 78.625 -0.84604
33.125 78.875 -1.3183
33.125 79.125 -1.5825
33.375 73.875 0.54073
33.375 74.125 0.65564
33.375 74.375 0.14628
33.375 74.625 -0.40693
33.375 74.875 -0.4338
33.375 75.125 -1.1146
33.375 75.375 -0.777
33.375 75.625 -1.3668
33.375 75.875 -0.77108
33.375 76.125 -0.38283
33.375 76.375 -0.10203
33.375 76.625 -0.40756
33.375 76.875 -0.49865
33.375 77.125 -0.47117
33.375 77.375 -0.47846
33.375 77.625 -0.49125
33.375 77.875 -0.49971
33.375 78.125 -0.49685
33.375 78.375 -0.47952
33.375 78.625 -0.61019
33.375 78.875 -0.98074
33.625 73.875 -0.40407
33.625 74.125 -0.37906
33.625 74.375 -0.83515
33.625 74.625 -1.1789
33.625 74.875 -0.67031
33.625 75.125 -1.3876
33.625 75.375 -0.98712
33.625 75.625 -0.90672
33.625 75.875 -0.71718
33.625 76.125 -0.75823
33.625 76.375 -0.59471
33.625 76.625 -0.51239
33.625 76.875 -0.60076
33.625 77.125 -0.54301
33.625 77.375 -0.51188
33.625 77.625 -0.53755
33.625 77.875 -0.51339
33.625 78.125 -0.53899
33.625 78.375 -0.59789
33.625 78.625 -0.43813
33.625 78.875 -0.71515
33.875 73.875 -0.37844
33.875 74.125 -0.36452
33.875 74.375 -0.59041
33.875 74.625 -0.41616
33.875 74.875 -0.63684
33.875 75.125 -0.35844
33.875 75.375 -0.31075
33.875 75.625 -0.76357
33.875 75.875 -0.95701
33.875 76.125 -0.91676
33.875 76.375 -0.79085
33.875 76.625 -0.71264
33.875 76.875 -0.71276
33.875 77.125 -0.68259
33.875 77.375 -0.5623
33.875 77.625 -0.53258
33.875 77.875 -0.50037
33.875 78.125 -0.56706
33.875 78.375 -0.59661
33.875 78.625 -0.54251
33.875 78.875 -0.60781
34.125 73.625 -1.3197
34.125 73.875 -1.1151
34.125 74.125 -0.46483
34.125 74.375 -1.253
34.125 74.625 -1.0171
34.125 74.875 -1.1501
34.125 75.125 -0.94801
34.125 75.375 -0.68464
34.125 75.625 -1.0707
34.125 75.875 -1.2417
34.125 76.125 -1.1926
34.125 76.375 -0.78099
34.125 76.625 -0.68268
34.125 76.875 -0.73568
34.125 77.125 -0.66073
34.125 77.375 -0.60914
34.125 77.625 -0.55793
34.125 77.875 -0.54653
34.125 78.125 -0.54045
34.125 78.375 -0.58605
34.125 78.625 -0.61113
34.125 78.875 -0.62088
34.125 79.125 -0.65666
34.125 79.375 -0.80164
34.375 73.625 -1.3705
34.375 73.875 -1.2298
34.375 74.125 -1.7214
34.375 74.375 -1.3379
34.375 74.625 -1.2389
34.375 74.875 -1.0488
34.375 75.125 -0.83266
34.375 75.375 -1.2162
34.375 75.625 -1.3242
34.375 75.875 -1.2736
34.375 76.125 -1.2346
34.375 76.375 -0.85369
34.375 76.625 -0.70354
34.375 76.875 -0.74696
34.375 77.125 -0.78889
34.375 77.375 -0.78389
34.375 77.625 -0.75336
34.375 77.875 -0.6971
34.375 78.125 -0.65892
34.375 78.375 -0.59007
34.375 78.625 -0.62051
34.375 78.875 -0.62657
34.375 79.125 -0.7014
34.375 79.375 -0.85559
34.625 73.875 -1.5366
34.625 74.125 -1.592
34.625 74.375 -1.7413
34.625 74.625 -1.7111
34.625 74.875 -1.4047
34.625 75.125 -0.71455
34.625 75.375 -1.4722
34.625 75.625 -1.4132
34.625 75.875 -1.2172
34.625 76.125 -1.2039
34.625 76.375 -0.83412
34.625 76.625 -0.6728
34.625 76.875 -0.77903
34.625 77.125 -0.86332
34.625 77.375 -0.89288
34.625 77.625 -0.84666
34.625 77.875 -0.63006
34.625 78.125 -0.72946
34.625 78.375 -0.63854
34.625 78.625 -0.63052
34.625 78.875 -0.63895
34.625 79.125 -0.66439
34.625 79.375 -0.77597
34.625 79.625 -0.90663
34.875 74.125 -1.7237
34.875 74.375 -1.6605
34.875 74.625 -1.5106
34.875 74.875 -1.1448
34.875 75.125 -1.4152
34.875 75.375 -1.6492
34.875 75.625 -1.3396
34.875 75.875 -1.2118
34.875 76.125 -1.2591
34.875 76.375 -0.93307
34.875 76.625 -0.8151
34.875 76.875 -0.86437
34.875 77.125 -0.86707
34.875 77.375 -0.88676
34.875 77.625 -0.86439
34.875 77.875 -0.76528
34.875 78.125 -0.79405
34.875 78.375 -0.76308
34.875 78.625 -0.72188
34.875 78.875 -0.66304
34.875 79.125 -0.66313
34.875 79.375 -0.67084
34.875 79.625 -0.81474
34.875 79.875 -0.96116
35.125 74.375 -1.9619
35.125 74.625 -1.9131
35.125 74.875 -1.8071
35.125 75.125 -1.6987
35.125 75.375 -1.721
35.125 75.625 -1.2775
35.125 75.875 -1.1954
35.125 76.125 -1.2092
35.125 76.375 -0.9543
35.125 76.625 -0.96488
35.125 76.875 -0.90605
35.125 77.125 -0.89525
35.125 77.375 -0.98427
35.125 77.625 -0.93767
35.125 77.875 -0.87503
35.125 78.125 -0.85012
35.125 78.375 -0.84247
35.125 78.625 -0.80902
35.125 78.875 -0.70349
35.125 79.125 -0.69525
35.125 79.375 -0.71452
35.125 79.625 -0.72859
35.125 79.875 -0.84038
35.375 73.875 -1.6861
35.375 74.125 -1.9267
35.375 74.375 -2.0025
35.375 74.625 -1.9762
35.375 74.875 -1.8797
35.375 75.125 -1.6804
35.375 75.375 -1.6123
35.375 75.625 -1.3655
35.375 75.875 -1.3594
35.375 76.125 -1.3739
35.375 76.375 -1.2775
35.375 76.625 -1.1969
35.375 76.875 -1.0206
35.375 77.125 -0.9224
35.375 77.375 -0.84265
35.375 77.625 -0.90062
35.375 77.875 -0.8354
35.375 78.125 -0.85013
35.375 78.375 -0.84089
35.375 78.625 -0.82007
35.375 78.875 -0.76098
35.375 79.125 -0.74045
35.375 79.375 -0.70306
35.375 79.625 -0.67461
35.375 79.875 -0.77553
NaN NaN NaN
35.625 73.375 -1.5533
35.625 73.625 -1.5738
35.625 73.875 -1.8812
35.625 74.125 -1.8714
35.625 74.375 -1.9597
35.625 74.625 -1.9594
35.625 74.875 -1.9248
35.625 75.125 -2.0523
35.625 75.375 -1.8492
35.625 75.625 -1.6937
35.625 75.875 -1.6247
35.625 76.125 -1.37
35.625 76.375 -1.5066
35.625 76.625 -1.3775
35.625 76.875 -1.1251
35.625 77.125 -1.005
35.625 78.375 -0.76624
35.625 78.625 -0.7659
35.625 78.875 -0.76713
35.625 79.125 -0.74377
35.625 79.375 -0.6748
35.625 79.625 -0.70613
35.625 79.875 -0.85119
35.625 80.125 -0.86614
35.875 73.125 0.24791
35.875 73.375 -0.17563
35.875 73.625 -1.0738
35.875 73.875 -1.6993
35.875 74.125 -1.8449
35.875 74.375 -2.0455
35.875 74.625 -1.9972
35.875 74.875 -2.0212
35.875 75.125 -2.2459
35.875 75.375 -2.0461
35.875 75.625 -1.8312
35.875 75.875 -1.3998
35.875 76.125 -1.4767
35.875 76.375 -1.4708
35.875 76.625 -1.457
35.875 79.375 -0.66897
36.125 72.625 0.23536
36.125 72.875 -1.5296
36.125 73.125 -1.644
36.125 73.375 0.3618
36.125 73.625 0.14009
36.125 73.875 -0.76862
36.125 74.125 -1.3097
36.125 74.375 -1.5889
36.125 74.625 -1.9818
36.125 74.875 -2.0465
36.125 75.125 -2.243
36.125 75.375 -2.1504
36.125 75.625 -2.064
36.125 75.875 -1.7889
36.125 76.125 -1.521
36.125 76.375 -1.3415
36.125 76.625 -1.3415
36.375 73.125 0.78107
36.375 73.375 0.74625
36.375 73.625 0.59074
36.375 73.875 -0.16421
36.375 74.125 -0.9751
36.375 74.375 -1.3426
36.375 74.625 -1.6908
36.375 74.875 -1.9204
36.375 75.125 -2.0457
36.375 75.375 -2.2678
36.375 75.625 -2.2441
36.375 75.875 -1.9348
36.375 76.125 -1.6023
36.625 73.375 0.64742
36.625 73.625 0.49732
36.625 73.875 -0.14285
36.625 74.125 -0.79022
36.625 74.375 -0.94068
36.625 74.625 -1.4309
36.625 74.875 -1.9958
36.625 75.125 -1.9561
36.625 75.375 -2.1389
36.625 75.625 -2.2414
36.875 73.875 -0.78096
36.875 74.375 0.78275
36.875 74.625 -1.0525
36.875 74.875 -1.5193
36.875 75.125 -1.8432
36.875 75.375 -0.71467
