8.125 77.375 0.33377
8.375 77.125 -0.23406
8.375 77.375 -0.013237
8.375 77.625 1.2148
8.375 77.875 0.47583
8.625 76.875 -0.37206
8.625 77.125 0.023491
8.625 77.375 0.36932
8.625 77.625 -0.22532
8.625 77.875 -0.20624
8.875 76.875 -0.85539
8.875 77.125 0.79586
8.875 77.375 -0.44309
8.875 77.625 -0.52399
8.875 77.875 -0.90108
9.125 76.625 0.038088
9.125 76.875 -0.1819
9.125 77.125 -0.16468
9.125 77.375 0.33234
9.125 77.625 -0.33781
9.125 77.875 -0.52295
9.125 78.125 0.078287
NaN NaN NaN
9.375 76.625 -0.51219
9.375 76.875 -0.56046
9.375 77.125 -0.81995
9.375 77.375 0.13407
9.375 77.625 -0.41246
9.375 77.875 -0.3808
9.375 78.125 -0.029745
9.375 78.375 -0.2775
9.375 78.625 -0.622
NaN NaN NaN
9.625 76.375 -0.75223
9.625 76.625 -0.58612
9.625 76.875 -0.43807
9.625 77.125 -0.10325
9.625 77.375 0.78239
9.625 77.625 0.030967
9.625 77.875 1.1094
9.625 78.125 -0.28448
9.625 78.375 -0.089548
9.625 78.625 0.10138
9.875 76.625 -0.27286
9.875 76.875 -0.68533
9.875 77.125 0.73702
9.875 77.375 -0.20177
9.875 77.625 0.93348
9.875 77.875 0.24516
9.875 78.125 -0.87795
9.875 78.375 -0.097552
9.875 78.625 0.11157
9.875 78.875 0.25538
10.125 76.375 -0.63177
10.125 76.625 0.95153
10.125 76.875 1.9881
10.125 77.125 -0.8007
10.125 77.375 -0.8394
10.125 77.625 0.7684
10.125 77.875 1.0385
10.125 78.125 0.2678
10.125 78.375 0.26052
10.125 78.625 -0.29304
10.125 78.875 -0.75447
10.125 79.125 0.037928
10.375 76.375 -1.4307
10.375 76.625 -0.43472
10.375 76.875 0.16725
10.375 77.125 0.43079
10.375 77.375 0.68877
10.375 77.625 0.12246
10.375 77.875 -1.1081
10.375 78.125 -0.047288
10.375 78.375 0.096238
10.375 78.625 -0.40096
10.375 78.875 -0.57324
10.375 79.125 0.81644
NaN NaN NaN
NaN NaN NaN
10.625 76.125 -2.324
10.625 76.375 -1.9816
10.625 76.625 -0.74159
10.625 76.875 -0.45976
10.625 77.125 -0.72714
10.625 77.375 -0.60233
10.625 77.625 0.0096779
10.625 77.875 -0.10088
10.625 78.125 -0.62494
10.625 78.375 -0.6111
10.625 78.625 0.19948
10.625 78.875 -0.074628
10.625 79.125 0.17304
10.625 79.375 0.99297
10.625 79.625 0.54581
10.875 76.125 -0.6885
10.875 76.375 -0.25208
10.875 76.625 -1.0352
10.875 76.875 -0.82265
10.875 77.125 -0.78771
10.875 77.375 -0.58331
10.875 77.625 -0.4624
10.875 77.875 -0.65421
10.875 78.125 -1.0608
10.875 78.375 -0.20677
10.875 78.625 0.1468
10.875 78.875 0.45573
10.875 79.125 -0.25406
10.875 79.375 0.2481
10.875 79.625 0.46171
11.125 76.125 -0.80901
11.125 76.375 0.080943
11.125 76.625 -0.38458
11.125 76.875 -0.17492
11.125 77.125 -0.42917
11.125 77.375 -0.78562
11.125 77.625 -0.27247
11.125 77.875 -0.49454
11.125 78.125 -0.48246
11.125 78.375 0.49086
11.125 78.625 0.9136
11.125 78.875 0.11056
11.125 79.125 0.012516
11.125 79.375 -0.18983
11.125 79.625 0.14287
11.375 75.875 -0.75537
11.375 76.125 -0.52593
11.375 76.375 -0.5771
11.375 76.625 -0.48502
11.375 76.875 -0.567
11.375 77.125 -0.46922
11.375 77.375 -0.41066
11.375 77.625 -0.5347
11.375 77.875 -1.2252
11.375 78.125 -0.78261
11.375 78.375 0.56028
11.375 78.625 -0.32388
11.375 78.875 0.63593
11.375 79.125 0.0010119
11.375 79.375 0.53411
11.375 79.625 -0.128
11.625 75.875 0.078517
11.625 76.125 0.73875
11.625 76.375 -0.50991
11.625 76.625 0.12128
11.625 76.875 -0.1443
11.625 77.125 -0.77181
11.625 77.375 -1.1694
11.625 77.625 -1.2764
11.625 77.875 -0.94902
11.625 78.125 -1.0926
11.625 78.375 -1.1517
11.625 78.625 -0.33545
11.625 78.875 -0.2758
11.625 79.125 0.63748
11.625 79.375 0.079164
NaN NaN NaN
NaN NaN NaN
11.875 75.875 -0.60711
11.875 76.125 0.43485
11.875 76.375 -0.19173
11.875 76.625 -0.17381
11.875 76.875 -0.84871
11.875 77.125 -1.0545
11.875 77.375 -1.2841
11.875 77.625 -0.72311
11.875 77.875 -0.82443
11.875 78.125 -0.79152
11.875 78.375 -0.6507
11.875 78.625 -0.24934
11.875 78.875 -0.22513
11.875 79.125 0.39924
11.875 79.375 -0.31261
11.875 79.625 0.064018
12.125 75.375 -0.93574
12.125 75.625 -0.71943
12.125 75.875 -0.54698
12.125 76.125 -0.30174
12.125 76.375 -0.68999
12.125 76.625 -0.209
12.125 76.875 -0.91075
12.125 77.125 -1.0854
12.125 77.375 -1.0059
12.125 77.625 -0.68901
12.125 77.875 -0.559
12.125 78.125 -0.19861
12.125 78.375 0.027921
12.125 78.625 -0.39618
12.125 78.875 -0.57613
12.125 79.125 0.83729
12.125 79.375 -0.77874
12.125 79.625 -0.19554
12.375 75.125 -1.292
12.375 75.375 -1.0039
12.375 75.625 -0.72347
12.375 75.875 0.023768
12.375 76.125 0.21626
12.375 76.375 -0.70909
12.375 76.625 -0.27308
12.375 76.875 -0.8326
12.375 77.125 -1.0315
12.375 77.375 -0.93575
12.375 77.625 -1.0148
12.375 77.875 -0.70496
12.375 78.125 -0.13113
12.375 78.375 -0.82562
12.375 78.625 -0.18017
12.375 78.875 -0.19616
12.375 79.125 0.017459
12.375 79.375 -0.0068121
12.375 79.625 -0.65496
12.375 79.875 -0.68965
12.625 75.125 -1.5325
12.625 75.375 -1.206
12.625 75.625 -0.99691
12.625 75.875 -0.75777
12.625 76.125 -1.2859
12.625 76.375 -0.93031
12.625 76.625 0.39734
12.625 76.875 -0.4799
12.625 77.125 -0.67732
12.625 77.375 -0.41349
12.625 77.625 -0.68983
12.625 77.875 -0.62709
12.625 78.125 -0.19867
12.625 78.375 0.057801
12.625 78.625 0.20831
12.625 78.875 0.48979
12.625 79.125 0.2606
12.625 79.375 -0.69342
12.625 79.625 -0.6494
12.625 79.875 -0.47954
12.875 75.125 -0.94872
12.875 75.375 -0.96858
12.875 75.625 -1.0177
12.875 75.875 -1.0369
12.875 76.125 -1.249
12.875 76.375 -1.6038
12.875 76.625 -0.97874
12.875 76.875 -0.70388
12.875 77.125 -0.093601
12.875 77.375 0.057676
12.875 77.625 -1.5239
12.875 77.875 -0.76025
12.875 78.125 -0.23291
12.875 78.375 -0.62879
12.875 78.625 0.20228
12.875 78.875 -0.089413
12.875 79.125 -0.034836
12.875 79.375 0.032094
12.875 79.625 0.083467
12.875 79.875 -0.12865
NaN NaN NaN
13.125 75.125 -0.20746
13.125 75.375 -1.0089
13.125 75.625 -1.0768
13.125 75.875 -0.96646
13.125 76.125 -0.55278
13.125 76.375 -0.59058
13.125 76.625 0.49216
13.125 76.875 -0.93215
13.125 77.125 -0.37722
13.125 77.375 -0.59586
13.125 77.625 -0.09189
13.125 77.875 -0.5332
13.125 78.125 -0.84312
13.125 78.375 -1.583
13.125 78.625 -1.4328
13.125 78.875 -0.90463
13.125 79.125 0.057325
13.125 79.375 0.21882
13.125 79.625 0.014138
13.125 79.875 -0.13321
13.125 80.125 -0.26666
NaN NaN NaN
13.375 75.125 -0.62858
13.375 75.375 -0.6124
13.375 75.625 -1.325
13.375 75.875 -1.3456
13.375 76.125 -0.061287
13.375 76.375 0.18327
13.375 76.625 -0.055379
13.375 76.875 -1.1761
13.375 77.125 -0.66452
13.375 77.375 -0.46913
13.375 77.625 0.04344
13.375 77.875 0.47251
13.375 78.125 -0.39413
13.375 78.375 -0.095468
13.375 78.625 -0.3428
13.375 78.875 -0.76545
13.375 79.125 -0.58136
13.375 79.375 -0.36425
13.375 79.625 -0.30701
13.375 79.875 0.13765
13.375 80.125 -0.18337
13.625 74.875 -0.60991
13.625 75.125 -0.41549
13.625 75.375 -0.45903
13.625 75.625 -0.63518
13.625 75.875 -0.58323
13.625 76.125 -0.77572
13.625 76.375 -1.0193
13.625 76.625 -0.96449
13.625 76.875 -1.2934
13.625 77.125 -0.76776
13.625 77.375 -2.0489
13.625 77.625 -1.447
13.625 77.875 -1.3325
13.625 78.125 -0.77929
13.625 78.375 0.18727
13.625 78.625 0.16737
13.625 78.875 -0.43555
13.625 79.125 -0.52872
13.625 79.375 -0.33227
13.625 79.625 -0.44145
13.625 79.875 -0.34095
13.625 80.125 0.032818
13.875 74.875 -0.51204
13.875 75.125 -0.22686
13.875 75.375 0.095882
13.875 75.625 -0.73211
13.875 75.875 -0.60405
13.875 76.125 -0.80017
13.875 76.375 -0.41516
13.875 76.625 -1.0287
13.875 76.875 -1.4992
13.875 77.125 -0.87116
13.875 77.375 -2.0728
13.875 77.625 -1.9528
13.875 77.875 -1.2099
13.875 78.125 -0.9136
13.875 78.375 0.42472
13.875 78.625 0.51819
13.875 78.875 0.36917
13.875 79.125 -0.6053
13.875 79.375 -0.68181
13.875 79.625 -0.86447
13.875 79.875 -0.37702
14.125 74.625 -0.71204
14.125 74.875 -0.8117
14.125 75.125 -0.27532
14.125 75.375 -1.0245
14.125 75.625 -0.52298
14.125 75.875 -0.45576
14.125 76.125 -0.77396
14.125 76.375 -0.033364
14.125 76.625 -1.266
14.125 76.875 -0.80208
14.125 77.125 -0.81765
14.125 77.375 -0.7067
14.125 77.625 -0.47869
14.125 77.875 -0.6459
14.125 78.125 -0.78267
14.125 78.375 -0.22638
14.125 78.625 -0.80447
14.125 78.875 -0.7172
14.125 79.125 -0.1884
14.125 79.375 -0.8719
14.125 79.625 -0.49654
14.125 79.875 -0.28445
14.375 74.625 -1.0864
14.375 74.875 -1.1622
14.375 75.125 -1.6185
14.375 75.375 -1.2352
14.375 75.625 -1.3311
14.375 75.875 -0.55624
14.375 76.125 -0.12149
14.375 76.375 0.070419
14.375 76.625 0.16464
14.375 76.875 -1.8262
14.375 77.125 -1.2494
14.375 77.375 -0.49522
14.375 77.625 -0.22571
14.375 77.875 -0.63447
14.375 78.125 -0.73567
14.375 78.375 -1.3933
14.375 78.625 -1.1409
14.375 78.875 -0.078908
14.375 79.125 -0.051664
14.375 79.375 0.71308
14.375 79.625 -0.078282
14.375 79.875 -0.21269
NaN NaN NaN
14.625 74.625 -1.0285
14.625 74.875 -1.9318
14.625 75.125 -0.20642
14.625 75.375 -0.14963
14.625 75.625 -1.1597
14.625 75.875 -0.086814
14.625 76.125 -0.23606
14.625 76.375 -1.1978
14.625 76.625 -1.1963
14.625 76.875 -1.8
14.625 77.125 -2.0869
14.625 77.375 -0.66255
14.625 77.625 -1.3164
14.625 77.875 -1.4628
14.625 78.125 -1.0572
14.625 78.375 -0.039045
14.625 78.625 -1.1348
14.625 78.875 -0.52149
14.625 79.125 0.19062
14.625 79.375 0.20193
14.625 79.625 -0.4285
14.625 79.875 -0.43684
14.875 74.375 -0.49613
14.875 74.625 -0.57258
14.875 74.875 -0.83682
14.875 75.125 -0.33629
14.875 75.375 -0.54012
14.875 75.625 -0.49592
14.875 75.875 -1.1716
14.875 76.125 -0.72326
14.875 76.375 -0.93434
14.875 76.625 -1.0766
14.875 76.875 -2.0771
14.875 77.125 -1.734
14.875 77.375 -1.4636
14.875 77.625 -1.6114
14.875 77.875 -1.99
14.875 78.125 -0.46873
14.875 78.375 0.38968
14.875 78.625 -1.1612
14.875 78.875 -1.1897
14.875 79.125 -0.65872
14.875 79.375 -0.80954
14.875 79.625 -0.60788
14.875 79.875 -0.47808
15.125 74.125 -1.1334
15.125 74.375 -0.45731
15.125 74.625 -0.0020054
15.125 74.875 0.74132
15.125 75.125 0.43806
15.125 75.375 -0.16362
15.125 75.625 -1.1337
15.125 75.875 -0.80888
15.125 76.125 -1.6229
15.125 76.375 0.82357
15.125 76.625 -1.3498
15.125 76.875 -1.6726
15.125 77.125 -1.572
15.125 77.375 -1.635
15.125 77.625 -1.9268
15.125 77.875 -2.0724
15.125 78.125 -0.6041
15.125 78.375 1.7368
15.125 78.625 0.57997
15.125 78.875 0.49707
15.125 79.125 -0.2647
15.125 79.375 -0.57911
15.125 79.625 -0.59616
15.125 79.875 -0.40566
15.375 73.875 -1.1272
15.375 74.125 -0.70292
15.375 74.375 -0.74539
15.375 74.625 -0.45717
15.375 74.875 0.95505
15.375 75.125 -0.29371
15.375 75.375 1.5878
15.375 75.625 0.80299
15.375 75.875 0.048037
15.375 76.125 1.5674
15.375 76.375 1.1494
15.375 76.625 -1.1966
15.375 76.875 -1.1306
15.375 77.125 -0.99119
15.375 77.375 0.20871
15.375 77.625 -1.0822
15.375 77.875 -1.4196
15.375 78.125 -1.9645
15.375 78.375 -0.68949
15.375 78.625 1.4168
15.375 78.875 0.017626
15.375 79.125 -0.54621
15.375 79.375 -0.61886
15.375 79.625 -0.39833
15.375 79.875 -0.41764
15.625 73.875 -0.57971
15.625 74.125 -0.50416
15.625 74.375 -0.71615
15.625 74.625 -0.80616
15.625 74.875 -0.94409
15.625 75.125 -0.46955
15.625 75.375 -0.18202
15.625 75.625 0.11786
15.625 75.875 0.031141
15.625 76.125 0.75735
15.625 76.375 0.086164
15.625 76.625 -1.0424
15.625 76.875 -0.67257
15.625 77.125 -0.27182
15.625 77.375 -0.99658
15.625 77.625 -1.0008
15.625 77.875 -0.7208
15.625 78.125 -1.8314
15.625 78.375 -1.811
15.625 78.625 -0.039479
15.625 78.875 0.89697
15.625 79.125 -0.34636
15.625 79.375 -0.55551
15.625 79.625 -0.37063
15.625 79.875 -0.12566
15.625 80.125 -0.28535
15.875 73.875 -0.67369
15.875 74.125 -1.0534
15.875 74.375 -0.85413
15.875 74.625 -1.0635
15.875 74.875 -0.88322
15.875 75.125 -0.81101
15.875 75.375 -0.81174
15.875 75.625 -0.59731
15.875 75.875 -1.121
15.875 76.125 -0.33816
15.875 76.375 -0.20207
15.875 76.625 -0.68951
15.875 76.875 -0.18784
15.875 77.125 0.30388
15.875 77.375 -0.28489
15.875 77.625 -1.0642
15.875 77.875 -0.67351
15.875 78.125 -0.89673
15.875 78.375 -1.5047
15.875 78.625 -1.1263
15.875 78.875 -0.60503
15.875 79.125 -0.74359
15.875 79.375 -0.23382
15.875 79.625 -0.64331
15.875 79.875 -0.45541
15.875 80.125 -0.48656
15.875 80.375 -0.46095
NaN NaN NaN
15.875 80.875 -0.30007
16.125 73.625 -0.60452
16.125 73.875 -0.88414
16.125 74.125 -0.5735
16.125 74.375 -0.87397
16.125 74.625 -1.1226
16.125 74.875 -0.54571
16.125 75.125 -1.6055
16.125 75.375 -1.5142
16.125 75.625 -0.97233
16.125 75.875 -1.1488
16.125 76.125 -0.67505
16.125 76.375 0.85797
16.125 76.625 0.97413
16.125 76.875 -0.49126
16.125 77.125 -0.43898
16.125 77.375 -0.14072
16.125 77.625 -0.23708
16.125 77.875 -0.53428
16.125 78.125 1.0214
16.125 78.375 0.013713
16.125 78.625 -0.56077
16.125 78.875 -0.29108
16.125 79.125 -0.497
16.125 79.375 -0.65032
16.125 79.625 -0.62109
16.125 79.875 -0.51569
16.125 80.125 -0.6298
16.125 80.375 -0.49366
16.125 80.625 -0.45253
16.125 80.875 -0.47785
16.375 73.625 -0.96013
16.375 73.875 -0.80821
16.375 74.125 -0.79258
16.375 74.375 -0.87756
16.375 74.625 -0.97436
16.375 74.875 0.39145
16.375 75.125 0.042811
16.375 75.375 -0.79922
16.375 75.625 -1.7772
16.375 75.875 -1.2174
16.375 76.125 -0.36616
16.375 76.375 -0.064414
16.375 76.625 1.0522
16.375 76.875 -0.59566
16.375 77.125 -0.085455
16.375 77.375 -0.2625
16.375 77.625 -0.31217
16.375 77.875 -0.59203
16.375 78.125 0.21986
16.375 78.375 -0.16957
16.375 78.625 -0.21018
16.375 78.875 -0.024652
16.375 79.125 -0.38132
16.375 79.375 -0.41559
16.375 79.625 -0.43406
16.375 79.875 -0.29205
16.375 80.125 0.039149
16.375 80.375 -0.42084
16.375 80.625 -0.33461
16.375 80.875 -0.42978
16.375 81.125 -0.49402
NaN NaN NaN
NaN NaN NaN
16.625 73.625 -1.473
16.625 73.875 -0.45581
16.625 74.125 -1.0467
16.625 74.375 -1.0437
16.625 74.625 -0.91341
16.625 74.875 -0.8214
16.625 75.125 0.062546
16.625 75.375 -1.0511
16.625 75.625 -1.057
16.625 75.875 -1.1302
16.625 76.125 -0.52976
16.625 76.375 -0.81171
16.625 76.625 -0.81202
16.625 76.875 0.84645
16.625 77.125 0.071198
16.625 77.375 0.012428
16.625 77.625 -0.48344
16.625 77.875 0.93994
16.625 78.125 0.39795
16.625 78.375 0.20314
16.625 78.625 0.21894
16.625 78.875 -0.30125
16.625 79.125 -0.28633
16.625 79.375 -0.52675
16.625 79.625 0.38878
16.625 79.875 0.047801
16.625 80.125 -0.274
16.625 80.375 -0.40997
16.625 80.625 -0.50515
16.625 80.875 -0.40797
16.625 81.125 -0.47833
16.625 81.375 -0.44419
16.625 81.625 -0.28177
16.625 81.875 -0.42857
16.625 82.125 -0.43663
16.875 73.375 -0.26721
16.875 73.625 -0.66726
16.875 73.875 -0.71751
16.875 74.125 -0.9137
16.875 74.375 -0.20545
16.875 74.625 -1.153
16.875 74.875 -1.2324
16.875 75.125 -1.2424
16.875 75.375 -1.1015
16.875 75.625 -1.1991
16.875 75.875 -1.0744
16.875 76.125 -0.95718
16.875 76.375 -0.84338
16.875 76.625 -0.33598
16.875 76.875 0.84003
16.875 77.125 1.9678
16.875 77.375 -0.092815
16.875 77.625 -0.32182
16.875 77.875 0.56259
16.875 78.125 0.534
16.875 78.375 0.60012
16.875 78.625 -0.32206
16.875 78.875 -0.54643
16.875 79.125 -0.60053
16.875 79.375 -0.28293
16.875 79.625 0.017808
16.875 79.875 -0.43674
16.875 80.125 -0.38498
16.875 80.375 -0.54713
16.875 80.625 -0.38621
16.875 80.875 -0.35809
16.875 81.125 -0.34973
16.875 81.375 -0.53191
16.875 81.625 -0.69554
16.875 81.875 -0.43633
16.875 82.125 -0.47726
17.125 73.375 -0.50594
17.125 73.625 -0.6522
17.125 73.875 -0.90922
17.125 74.125 -0.97913
17.125 74.375 -0.62027
17.125 74.625 -0.86111
17.125 74.875 -0.90709
17.125 75.125 -1.5094
17.125 75.375 -0.57901
17.125 75.625 -0.59863
17.125 75.875 -1.214
17.125 76.125 -1.4249
17.125 76.375 -0.66442
17.125 76.625 0.53112
17.125 76.875 0.41453
17.125 77.125 0.23299
17.125 77.375 -0.18668
17.125 77.625 0.23344
17.125 77.875 0.51948
17.125 78.125 0.016389
17.125 78.375 -0.47175
17.125 78.625 -0.057242
17.125 78.875 -0.44026
17.125 79.125 -0.49679
17.125 79.375 -0.48176
17.125 79.625 0.3348
17.125 79.875 -0.38792
17.125 80.125 -0.44785
17.125 80.375 -0.54942
17.125 80.625 -0.31032
17.125 80.875 -0.16343
17.125 81.125 -0.47857
17.125 81.375 -0.57659
17.125 81.625 -0.63628
17.125 81.875 -0.58817
17.125 82.125 -0.4939
17.125 82.375 -0.47903
17.375 73.375 -0.54703
17.375 73.625 -0.81818
17.375 73.875 -0.99536
17.375 74.125 -1.0715
17.375 74.375 -0.63275
17.375 74.625 -0.86648
17.375 74.875 -1.2275
17.375 75.125 -1.6381
17.375 75.375 -1.3045
17.375 75.625 -0.91427
17.375 75.875 -1.3238
17.375 76.125 -1.2318
17.375 76.375 -0.47469
17.375 76.625 -0.30296
17.375 76.875 0.53901
17.375 77.125 0.76994
17.375 77.375 0.35487
17.375 77.625 0.33262
17.375 77.875 -0.30643
17.375 78.125 -0.49215
17.375 78.375 -0.26316
17.375 78.625 -0.42383
17.375 78.875 -0.19411
17.375 79.125 -0.29829
17.375 79.375 -0.26772
17.375 79.625 -0.31378
17.375 79.875 -0.38235
17.375 80.125 -0.43603
17.375 80.375 -0.45483
17.375 80.625 -0.37733
17.375 80.875 -0.51923
17.375 81.125 -0.62072
17.375 81.375 -0.48704
17.375 81.625 -0.45034
17.375 81.875 -0.59606
17.375 82.125 -0.39611
17.375 82.375 -0.42309
NaN NaN NaN
17.625 73.375 -0.77295
17.625 73.625 -0.84866
17.625 73.875 -1.022
17.625 74.125 -1.0636
17.625 74.375 -0.82462
17.625 74.625 -0.95271
17.625 74.875 -1.1919
17.625 75.125 -1.0249
17.625 75.375 -0.89257
17.625 75.625 -0.76608
17.625 75.875 -0.74033
17.625 76.125 -0.96643
17.625 76.375 -0.87928
17.625 76.625 -0.42188
17.625 76.875 0.5362
17.625 77.125 0.63402
17.625 77.375 0.34725
17.625 77.625 -0.25261
17.625 77.875 -0.58889
17.625 78.125 -0.025699
17.625 78.375 -0.43814
17.625 78.625 -0.14145
17.625 78.875 -0.090996
17.625 79.125 -0.21636
17.625 79.375 -0.10722
17.625 79.625 -0.11255
17.625 79.875 0.081716
17.625 80.125 -0.37403
17.625 80.375 -0.51108
17.625 80.625 -0.33022
17.625 80.875 -0.32711
17.625 81.125 -0.46263
17.625 81.375 -0.57261
17.625 81.625 -0.49206
17.625 81.875 -0.5163
17.625 82.125 -0.56278
17.625 82.375 -0.48357
17.625 82.625 -0.14107
17.625 82.875 -0.23062
17.625 83.125 -0.28285
17.875 73.375 -0.79515
17.875 73.625 -0.73477
17.875 73.875 -0.94272
17.875 74.125 -0.72054
17.875 74.375 -1.0847
17.875 74.625 -1.2859
17.875 74.875 -0.76348
17.875 75.125 -1.2949
17.875 75.375 -1.0419
17.875 75.625 -0.7986
17.875 75.875 -0.70903
17.875 76.125 -0.7926
17.875 76.375 -0.42742
17.875 76.625 -0.042549
17.875 76.875 -0.12129
17.875 77.125 0.61938
17.875 77.375 -0.2241
17.875 77.625 -0.47
17.875 77.875 -0.26637
17.875 78.125 -0.0636
17.875 78.375 -0.32721
17.875 78.625 -0.1387
17.875 78.875 -0.54769
17.875 79.125 0.1098
17.875 79.375 -0.0071691
17.875 79.625 -0.032119
17.875 79.875 -0.028297
17.875 80.125 -0.49069
17.875 80.375 -0.49716
17.875 80.625 -0.29466
17.875 80.875 -0.41843
17.875 81.125 -0.91947
17.875 81.375 -0.54428
17.875 81.625 -0.57058
17.875 81.875 -0.6364
17.875 82.125 -0.87037
17.875 82.375 -0.59204
17.875 82.625 -0.16901
17.875 82.875 0.013888
17.875 83.125 -0.40124
17.875 83.375 -0.3791
NaN NaN NaN
18.125 73.375 -0.56144
18.125 73.625 -0.45258
18.125 73.875 -0.66162
18.125 74.125 -0.69465
18.125 74.375 -0.9143
18.125 74.625 -0.69899
18.125 74.875 -1.0952
18.125 75.125 -1.2959
18.125 75.375 -1.007
18.125 75.625 -0.72137
18.125 75.875 -0.7823
18.125 76.125 -0.56692
18.125 76.375 -0.56933
18.125 76.625 -1.1429
18.125 76.875 0.29728
18.125 77.125 0.58531
18.125 77.375 -0.42402
18.125 77.625 -0.012501
18.125 77.875 -0.18351
18.125 78.125 -0.48486
18.125 78.375 0.17428
18.125 78.625 0.26948
18.125 78.875 -0.23267
18.125 79.125 -0.52235
18.125 79.375 -0.44188
18.125 79.625 -0.51969
18.125 79.875 -0.081076
18.125 80.125 -0.79025
18.125 80.375 -0.4051
18.125 80.625 -0.39959
18.125 80.875 -0.52239
18.125 81.125 -0.28111
18.125 81.375 -0.44216
18.125 81.625 -0.75154
18.125 81.875 -0.76909
18.125 82.125 -0.80153
18.125 82.375 -0.46953
18.125 82.625 -0.6111
18.125 82.875 -0.36439
18.125 83.125 -0.11016
18.125 83.375 0.064162
18.125 83.625 0.35636
18.375 73.125 1.2785
18.375 73.375 -0.0040589
18.375 73.625 0.79887
18.375 73.875 -0.30789
18.375 74.125 -0.74259
18.375 74.375 -1.0022
18.375 74.625 -1.0982
18.375 74.875 -1.3485
18.375 75.125 -1.1412
18.375 75.375 -0.7083
18.375 75.625 -0.84433
18.375 75.875 -0.68413
18.375 76.125 -0.82431
18.375 76.375 -0.78055
18.375 76.625 -0.8154
18.375 76.875 -0.89386
18.375 77.125 -1.1155
18.375 77.375 -0.64966
18.375 77.625 -0.55765
18.375 77.875 -0.12827
18.375 78.125 -0.3018
18.375 78.375 -0.80722
18.375 78.625 -0.42964
18.375 78.875 -0.60257
18.375 79.125 -0.43974
18.375 79.375 -0.66019
18.375 79.625 -0.47301
18.375 79.875 -0.056763
18.375 80.125 -0.30367
18.375 80.375 -0.70293
18.375 80.625 -0.63636
18.375 80.875 -0.60591
18.375 81.125 -0.41884
18.375 81.375 -0.40054
18.375 81.625 -0.66835
18.375 81.875 -0.74555
18.375 82.125 -0.35416
18.375 82.375 -0.31591
18.375 82.625 0.0044942
18.375 82.875 -0.29288
18.375 83.125 0.11042
18.375 83.375 0.267
18.375 83.625 0.35315
18.375 83.875 0.7927
18.625 73.125 1.655
18.625 73.375 0.85898
18.625 73.625 0.11696
18.625 73.875 0.18417
18.625 74.125 -0.67856
18.625 74.375 -1.072
18.625 74.625 -1.2554
18.625 74.875 -1.328
18.625 75.125 -0.62614
18.625 75.375 -0.59713
18.625 75.625 -1.0032
18.625 75.875 -0.74543
18.625 76.125 -0.56209
18.625 76.375 -1.4091
18.625 76.625 -1.19
18.625 76.875 -0.72413
18.625 77.125 -0.96909
18.625 77.375 -0.90206
18.625 77.625 -0.60903
18.625 77.875 -0.41206
18.625 78.125 -0.059392
18.625 78.375 -0.50357
18.625 78.625 -0.43299
18.625 78.875 -0.57287
18.625 79.125 -0.61731
18.625 79.375 -0.54076
18.625 79.625 -0.357
18.625 79.875 -0.46314
18.625 80.125 -0.6395
18.625 80.375 -1.0059
18.625 80.625 -0.92836
18.625 80.875 -0.50163
18.625 81.125 -0.69193
18.625 81.375 -0.84711
18.625 81.625 -0.59581
18.625 81.875 -0.63799
18.625 82.125 -0.040784
18.625 82.375 0.13194
18.625 82.625 0.10862
18.625 82.875 -0.070039
18.625 83.125 -0.40394
18.625 83.375 -0.40669
18.625 83.625 0.57132
18.625 83.875 0.033744
18.625 84.125 -0.033839
18.875 73.125 1.1658
18.875 73.375 0.091605
18.875 73.625 1.1383
18.875 73.875 -0.4085
18.875 74.125 -0.74711
18.875 74.375 -1.1653
18.875 74.625 -1.0908
18.875 74.875 -0.98887
18.875 75.125 -1.1861
18.875 75.375 -0.95538
18.875 75.625 -0.73553
18.875 75.875 -1.0442
18.875 76.125 -0.26417
18.875 76.375 -0.41812
18.875 76.625 -0.86142
18.875 76.875 -0.95981
18.875 77.125 0.27895
18.875 77.375 -0.75352
18.875 77.625 0.41807
18.875 77.875 -0.4195
18.875 78.125 -0.73252
18.875 78.375 -0.57362
18.875 78.625 -0.39929
18.875 78.875 -0.30011
18.875 79.125 -0.45929
18.875 79.375 -0.21822
18.875 79.625 -0.2485
18.875 79.875 -0.22839
18.875 80.125 -0.60514
18.875 80.375 -0.74243
18.875 80.625 -0.33475
18.875 80.875 -0.093913
18.875 81.125 -0.82211
18.875 81.375 -0.90924
18.875 81.625 -0.76609
18.875 81.875 -0.18058
18.875 82.125 0.27505
18.875 82.375 0.34038
18.875 82.625 0.17819
18.875 82.875 0.083064
18.875 83.125 -0.51033
18.875 83.375 0.05701
18.875 83.625 0.141
18.875 83.875 0.38254
18.875 84.125 -0.29486
18.875 84.375 -0.17392
19.125 73.125 1.134
19.125 73.375 -0.13899
19.125 73.625 -0.38326
19.125 73.875 -0.34509
19.125 74.125 -0.92901
19.125 74.375 -0.86906
19.125 74.625 -0.65994
19.125 74.875 -0.72939
19.125 75.125 -0.56486
19.125 75.375 -0.78748
19.125 75.625 -0.92612
19.125 75.875 -0.94695
19.125 76.125 -0.93012
19.125 76.375 -1.2153
19.125 76.625 -1.1038
19.125 76.875 -1.1462
19.125 77.125 -0.34022
19.125 77.375 -0.4794
19.125 77.625 -0.50132
19.125 77.875 -0.57683
19.125 78.125 -0.36561
19.125 78.375 -0.50734
19.125 78.625 -0.3051
19.125 78.875 -0.39232
19.125 79.125 -0.65412
19.125 79.375 -0.12352
19.125 79.625 0.095101
19.125 79.875 -0.47094
19.125 80.125 -0.72828
19.125 80.375 -1.0788
19.125 80.625 1.2053
19.125 80.875 1.0679
19.125 81.125 -0.87927
19.125 81.375 -1.2222
19.125 81.625 -0.96055
19.125 81.875 -0.12464
19.125 82.125 0.61241
19.125 82.375 0.47321
19.125 82.625 0.095119
19.125 82.875 -0.20503
19.125 83.125 -0.59073
19.125 83.375 -0.2514
19.125 83.625 -0.46645
19.125 83.875 0.29853
19.125 84.125 -0.28104
19.125 84.375 0.32161
19.125 84.625 0.87584
19.375 72.875 -0.24642
19.375 73.125 0.35222
19.375 73.375 0.19728
19.375 73.625 0.12838
19.375 73.875 -0.40888
19.375 74.125 -0.72281
19.375 74.375 -0.55502
19.375 74.625 -0.80498
19.375 74.875 -0.66125
19.375 75.125 -0.75812
19.375 75.375 -0.59615
19.375 75.625 -1.3664
19.375 75.875 -0.77272
19.375 76.125 -0.72378
19.375 76.375 -0.98267
19.375 76.625 -1.0756
19.375 76.875 -1.1405
19.375 77.125 -1.1697
19.375 77.375 -1.3165
19.375 77.625 -0.85258
19.375 77.875 -0.35517
19.375 78.125 -0.10266
19.375 78.375 -0.46114
19.375 78.625 -0.6734
19.375 78.875 -0.31054
19.375 79.125 -0.50689
19.375 79.375 -0.48855
19.375 79.625 -0.58636
19.375 79.875 -0.71794
19.375 80.125 -0.51688
19.375 80.375 -0.49742
19.375 80.625 -0.18478
19.375 80.875 0.50695
19.375 81.125 -0.53506
19.375 81.375 -1.4368
19.375 81.625 -0.75637
19.375 81.875 0.80868
19.375 82.125 0.71252
19.375 82.375 -0.75164
19.375 82.625 0.2406
19.375 82.875 0.506
19.375 83.125 -0.2722
19.375 83.375 -0.33253
19.375 83.625 -0.41313
19.375 83.875 -0.45232
19.375 84.125 -0.18511
19.375 84.375 -0.28588
19.375 84.625 0.71658
19.375 84.875 0.73982
19.625 72.875 -0.77295
19.625 73.125 0.21018
19.625 73.375 0.095168
19.625 73.625 1.37
19.625 73.875 1.9248
19.625 74.125 -0.88816
19.625 74.375 -0.34013
19.625 74.625 -0.44354
19.625 74.875 -0.47845
19.625 75.125 -0.86394
19.625 75.375 -0.5233
19.625 75.625 -0.8492
19.625 75.875 -0.54268
19.625 76.125 -0.27266
19.625 76.375 -0.80159
19.625 76.625 -1.3471
19.625 76.875 -1.5932
19.625 77.125 -2.052
19.625 77.375 -1.0806
19.625 77.625 -0.87882
19.625 77.875 -0.96322
19.625 78.125 -0.41123
19.625 78.375 -0.48779
19.625 78.625 -0.42729
19.625 78.875 -0.54496
19.625 79.125 -0.61745
19.625 79.375 -0.73389
19.625 79.625 -0.47995
19.625 79.875 -0.68838
19.625 80.125 -1.0949
19.625 80.375 -0.89167
19.625 80.625 -0.45679
19.625 80.875 0.071541
19.625 81.125 -0.32904
19.625 81.375 -0.82285
19.625 81.625 -0.95154
19.625 81.875 0.03877
19.625 82.125 -0.27409
19.625 82.375 0.12689
19.625 82.625 -0.058208
19.625 82.875 -0.30632
19.625 83.125 -0.47706
19.625 83.375 -0.42526
19.625 83.625 0.52303
19.625 83.875 0.81706
19.625 84.125 0.15024
19.625 84.375 0.7656
19.625 84.625 0.56507
19.625 84.875 0.15285
19.625 85.125 0.2112
19.625 85.375 0.018098
19.875 72.875 -0.43961
19.875 73.125 -0.53213
19.875 73.375 0.18387
19.875 73.625 0.62723
19.875 73.875 -0.34533
19.875 74.125 -0.85402
19.875 74.375 -0.4342
19.875 74.625 -0.12285
19.875 74.875 -0.067594
19.875 75.125 -0.60695
19.875 75.375 -1.1682
19.875 75.625 -1.062
19.875 75.875 -0.38064
19.875 76.125 0.16108
19.875 76.375 0.15147
19.875 76.625 -1.0923
19.875 76.875 -1.4388
19.875 77.125 -1.3273
19.875 77.375 -1.1021
19.875 77.625 -0.73854
19.875 77.875 -0.8118
19.875 78.125 -0.88977
19.875 78.375 -0.82085
19.875 78.625 -0.90343
19.875 78.875 -0.57976
19.875 79.125 -0.53636
19.875 79.375 -0.75188
19.875 79.625 -0.5327
19.875 79.875 -0.80068
19.875 80.125 -0.89795
19.875 80.375 -0.90634
19.875 80.625 -0.86311
19.875 80.875 -1.205
19.875 81.125 -0.27316
19.875 81.375 -0.79812
19.875 81.625 -0.43391
19.875 81.875 0.049336
19.875 82.125 0.21435
19.875 82.375 0.10622
19.875 82.625 0.33705
19.875 82.875 -0.36712
19.875 83.125 -0.31379
19.875 83.375 -0.40662
19.875 83.625 -0.058429
19.875 83.875 -0.47227
19.875 84.125 0.17176
19.875 84.375 0.69591
19.875 84.625 1.0083
19.875 84.875 1.1917
19.875 85.125 0.48556
19.875 85.375 -0.08766
NaN NaN NaN
NaN NaN NaN
NaN NaN NaN
20.125 72.875 0.85585
20.125 73.125 -0.61389
20.125 73.375 -0.61983
20.125 73.625 -1.1262
20.125 73.875 -0.78578
20.125 74.125 -1.0837
20.125 74.375 -0.80355
20.125 74.625 -0.43998
20.125 74.875 -0.71786
20.125 75.125 -1.4214
20.125 75.375 -0.91064
20.125 75.625 -0.73337
20.125 75.875 -0.75166
20.125 76.125 -0.19631
20.125 76.375 -0.27798
20.125 76.625 -0.69382
20.125 76.875 -1.4441
20.125 77.125 -1.0899
20.125 77.375 -0.64896
20.125 77.625 -0.63847
20.125 77.875 -0.75708
20.125 78.125 -0.95814
20.125 78.375 -1.0432
20.125 78.625 -0.69998
20.125 78.875 -0.73181
20.125 79.125 -0.64096
20.125 79.375 -0.64169
20.125 79.625 -0.59431
20.125 79.875 -0.72307
20.125 80.125 -0.55863
20.125 80.375 -0.62768
20.125 80.625 -0.94638
20.125 80.875 -0.12604
20.125 81.125 -0.99937
20.125 81.375 -0.81395
20.125 81.625 -0.030441
20.125 81.875 0.67177
20.125 82.125 0.65764
20.125 82.375 0.98238
20.125 82.625 -0.16692
20.125 82.875 -0.51545
20.125 83.125 -0.043005
20.125 83.375 -0.35174
20.125 83.625 -0.89225
20.125 83.875 -0.026056
20.125 84.125 -0.23129
20.125 84.375 -0.19574
20.125 84.625 0.18645
20.125 84.875 0.29568
20.125 85.125 -0.30938
20.125 85.375 0.62957
20.125 85.625 0.24075
20.125 85.875 0.082437
20.125 86.125 0.19151
NaN NaN NaN
20.375 73.125 0.13324
20.375 73.375 -0.66214
20.375 73.625 -0.64157
20.375 73.875 -0.55388
20.375 74.125 -0.46114
20.375 74.375 -0.54504
20.375 74.625 -0.55215
20.375 74.875 -0.8126
20.375 75.125 -0.58602
20.375 75.375 -0.011012
20.375 75.625 -0.21477
20.375 75.875 -0.24737
20.375 76.125 -0.38218
20.375 76.375 -0.53828
20.375 76.625 -0.62644
20.375 76.875 -1.0717
20.375 77.125 -0.64285
20.375 77.375 -0.62439
20.375 77.625 -0.71998
20.375 77.875 -0.97588
20.375 78.125 -1.0345
20.375 78.375 -0.72146
20.375 78.625 -0.66623
20.375 78.875 -0.60077
20.375 79.125 -0.53241
20.375 79.375 -0.59019
20.375 79.625 -0.62233
20.375 79.875 -0.60784
20.375 80.125 0.039515
20.375 80.375 0.18112
20.375 80.625 -0.25492
20.375 80.875 0.056576
20.375 81.125 -0.2445
20.375 81.375 -0.47302
20.375 81.625 -0.018419
20.375 81.875 -0.11569
20.375 82.125 0.81135
20.375 82.375 0.49346
20.375 82.625 0.090389
20.375 82.875 -0.34293
20.375 83.125 -0.36017
20.375 83.375 0.079434
20.375 83.625 0.036215
20.375 83.875 -0.24985
20.375 84.125 -0.073367
20.375 84.375 -0.35651
20.375 84.625 -0.22836
20.375 84.875 0.14223
20.375 85.125 -0.11321
20.375 85.375 0.243
20.375 85.625 -0.10929
20.375 85.875 -0.40223
20.375 86.125 -0.36708
20.375 86.375 0.1569
NaN NaN NaN
20.625 73.125 -0.78349
20.625 73.375 -1.7002
20.625 73.625 -0.30714
20.625 73.875 0.19544
20.625 74.125 -0.19512
20.625 74.375 -0.061525
20.625 74.625 -0.076439
20.625 74.875 0.42063
20.625 75.125 -0.24165
20.625 75.375 -0.10197
20.625 75.625 -0.19484
20.625 75.875 -0.61013
20.625 76.125 -0.74946
20.625 76.375 -0.55367
20.625 76.625 -0.78507
20.625 76.875 -0.91733
20.625 77.125 -0.90258
20.625 77.375 -0.82092
20.625 77.625 -0.75349
20.625 77.875 -0.88865
20.625 78.125 -0.73951
20.625 78.375 -0.84939
20.625 78.625 -0.86499
20.625 78.875 0.0025312
20.625 79.125 -0.80189
20.625 79.375 -0.64122
20.625 79.625 -0.86836
20.625 79.875 -0.13688
20.625 80.125 -0.20026
20.625 80.375 0.33865
20.625 80.625 -0.13618
20.625 80.875 0.046909
20.625 81.125 -0.38898
20.625 81.375 -0.44339
20.625 81.625 -0.45946
20.625 81.875 -0.40869
20.625 82.125 0.78619
20.625 82.375 0.82256
20.625 82.625 0.43921
20.625 82.875 0.07034
20.625 83.125 -0.59705
20.625 83.375 0.30202
20.625 83.625 0.13305
20.625 83.875 -0.4356
20.625 84.125 -0.41919
20.625 84.375 -0.2286
20.625 84.625 0.26036
20.625 84.875 0.71416
20.625 85.125 0.10137
20.625 85.375 0.055499
20.625 85.625 -0.40962
20.625 85.875 0.11137
20.625 86.125 -0.30674
20.625 86.375 0.0045587
20.625 86.625 0.091582
NaN NaN NaN
20.875 70.625 1.5466
20.875 70.875 0.52764
20.875 71.125 -0.034139
20.875 71.375 1.3269
20.875 72.875 -0.25145
20.875 73.125 -0.53168
20.875 73.375 -0.70324
20.875 73.625 0.32794
20.875 73.875 -0.48207
20.875 74.125 0.44272
20.875 74.375 0.45584
20.875 74.625 1.2878
20.875 74.875 1.6314
20.875 75.125 0.7256
20.875 75.375 1.167
20.875 75.625 -0.19749
20.875 75.875 -0.48651
20.875 76.125 -0.74789
20.875 76.375 -0.77744
20.875 76.625 -0.82502
20.875 76.875 -0.58099
20.875 77.125 -0.63058
20.875 77.375 -0.83272
20.875 77.625 -0.61897
20.875 77.875 -0.70471
20.875 78.125 -0.68539
20.875 78.375 -0.75321
20.875 78.625 -1.0276
20.875 78.875 -0.95368
20.875 79.125 -1.1495
20.875 79.375 -0.86049
20.875 79.625 -0.71733
20.875 79.875 -0.49737
20.875 80.125 -0.47514
20.875 80.375 -0.49229
20.875 80.625 -0.64569
20.875 80.875 0.23431
20.875 81.125 1.3726
20.875 81.375 -0.43289
20.875 81.625 -1.1122
20.875 81.875 -1.6743
20.875 82.125 -0.092243
20.875 82.375 1.2783
20.875 82.625 -0.22564
20.875 82.875 -0.2392
20.875 83.125 -0.36753
20.875 83.375 0.44459
20.875 83.625 0.42751
20.875 83.875 -0.078882
20.875 84.125 -0.59976
20.875 84.375 0.14309
20.875 84.625 -0.013921
20.875 84.875 -0.045435
20.875 85.125 0.034273
20.875 85.375 0.35027
20.875 85.625 -0.45577
20.875 85.875 -0.4544
20.875 86.125 0.083319
20.875 86.375 0.24873
20.875 86.625 0.21118
21.125 70.375 2.2319
21.125 70.625 0.17489
21.125 70.875 1.7879
21.125 71.125 1.6472
21.125 71.375 1.5063
NaN NaN NaN
NaN NaN NaN
21.125 72.875 0.26866
21.125 73.125 -0.28137
21.125 73.375 2.1319
21.125 73.625 -1.1917
21.125 73.875 -0.47559
21.125 74.125 0.32142
21.125 74.375 1.387
21.125 74.625 0.68025
21.125 74.875 0.078096
21.125 75.125 -0.14011
21.125 75.375 -0.25959
21.125 75.625 0.63431
21.125 75.875 -0.45651
21.125 76.125 -0.13682
21.125 76.375 -0.40768
21.125 76.625 -1.1522
21.125 76.875 -0.87611
21.125 77.125 -0.97971
21.125 77.375 -0.39381
21.125 77.625 -0.29128
21.125 77.875 -0.42623
21.125 78.125 -0.56212
21.125 78.375 -0.64587
21.125 78.625 -0.87122
21.125 78.875 -0.82607
21.125 79.125 -0.95059
21.125 79.375 -0.95035
21.125 79.625 -0.38585
21.125 79.875 0.99133
21.125 80.125 1.759
21.125 80.375 -0.63712
21.125 80.625 -0.74261
21.125 80.875 -0.78409
21.125 81.125 -0.37369
21.125 81.375 -0.3801
21.125 81.625 -1.1571
21.125 81.875 -1.7983
21.125 82.125 0.041283
21.125 82.375 0.61525
21.125 82.625 0.3318
21.125 82.875 -1.4092
21.125 83.125 -0.63354
21.125 83.375 -0.073875
21.125 83.625 0.13298
21.125 83.875 -0.11348
21.125 84.125 -0.31594
21.125 84.375 -0.37792
21.125 84.625 -0.37462
21.125 84.875 -0.19172
21.125 85.125 -0.063829
21.125 85.375 -0.21672
21.125 85.625 -0.050743
21.125 85.875 -0.48066
21.125 86.125 0.32519
21.125 86.375 0.30023
21.125 86.625 0.26691
21.375 70.125 1.8835
21.375 70.375 1.6856
21.375 70.625 1.1692
21.375 70.875 1.0105
21.375 71.125 1.0466
21.375 71.375 -0.12024
21.375 71.625 -0.04628
21.375 71.875 0.81822
21.375 72.875 -0.19577
21.375 73.125 -0.25108
21.375 73.375 -2.2856
21.375 73.625 -0.56749
21.375 73.875 -0.55117
21.375 74.125 -0.35013
21.375 74.375 -0.047628
21.375 74.625 1.0059
21.375 74.875 -0.3405
21.375 75.125 -0.41939
21.375 75.375 -0.43411
21.375 75.625 -0.22771
21.375 75.875 0.031075
21.375 76.125 -0.29573
21.375 76.375 -0.48749
21.375 76.625 -0.98537
21.375 76.875 -0.81955
21.375 77.125 -0.31313
21.375 77.375 -0.37862
21.375 77.625 -0.4406
21.375 77.875 -0.43199
21.375 78.125 0.021553
21.375 78.375 -0.64152
21.375 78.625 -0.37751
21.375 78.875 -0.31447
21.375 79.125 -1.1443
21.375 79.375 -1.2291
21.375 79.625 -0.89042
21.375 79.875 -0.66777
21.375 80.125 -0.69815
21.375 80.375 -0.66175
21.375 80.625 -0.99184
21.375 80.875 -0.84761
21.375 81.125 -0.3096
21.375 81.375 -0.41859
21.375 81.625 -1.7751
21.375 81.875 0.059555
21.375 82.125 0.75627
21.375 82.375 0.84859
21.375 82.625 0.34485
21.375 82.875 -0.65297
21.375 83.125 0.074105
21.375 83.375 0.84339
21.375 83.625 0.36621
21.375 83.875 0.40576
21.375 84.125 0.30522
21.375 84.375 0.73469
21.375 84.625 1.9537
21.375 84.875 0.92863
21.375 85.125 1.0685
21.375 85.375 0.59511
21.375 85.625 0.48353
21.375 85.875 0.25253
21.375 86.125 0.0052111
21.375 86.375 -0.012419
21.375 86.625 -0.035152
21.375 86.875 0.026475
21.625 69.875 1.4535
21.625 70.125 1.4558
21.625 70.375 0.96403
21.625 70.625 0.50689
21.625 70.875 0.33896
21.625 71.125 -0.35462
21.625 71.375 0.4764
21.625 71.625 1.0353
21.625 71.875 2.0293
21.625 72.125 1.7731
21.625 72.875 -0.55352
21.625 73.125 -2.2993
21.625 73.375 -2.3018
21.625 73.625 -1.8043
21.625 73.875 -0.70635
21.625 74.125 -0.4976
21.625 74.375 -0.24429
21.625 74.625 -1.2564
21.625 74.875 -0.44585
21.625 75.125 -0.81164
21.625 75.375 -0.65671
21.625 75.625 -0.26624
21.625 75.875 -0.40513
21.625 76.125 -0.83388
21.625 76.375 -0.28072
21.625 76.625 -0.5896
21.625 76.875 -0.905
21.625 77.125 -0.20219
21.625 77.375 -0.18969
21.625 77.625 -0.59711
21.625 77.875 -0.73903
21.625 78.125 -0.34274
21.625 78.375 -0.025297
21.625 78.625 -0.57287
21.625 78.875 -0.83554
21.625 79.125 -0.78055
21.625 79.375 -0.80961
21.625 79.625 -0.90171
21.625 79.875 -0.55911
21.625 80.125 -1.1057
21.625 80.375 -0.41756
21.625 80.625 -0.58584
21.625 80.875 -0.58533
21.625 81.125 -0.50953
21.625 81.375 -0.49095
21.625 81.625 0.13994
21.625 81.875 0.2895
21.625 82.125 0.59477
21.625 82.375 0.41711
21.625 82.625 -0.17841
21.625 82.875 0.65024
21.625 83.125 0.38358
21.625 83.375 1.1466
21.625 83.625 0.50409
21.625 83.875 1.1359
21.625 84.125 0.86373
21.625 84.375 1.537
21.625 84.625 1.7438
21.625 84.875 1.3523
21.625 85.125 1.3516
21.625 85.375 1.1878
21.625 85.625 1.0283
21.625 85.875 0.60813
21.625 86.125 0.41354
21.625 86.375 -0.10267
21.625 86.625 -0.13415
21.625 86.875 0.10318
21.625 87.125 0.6291
NaN NaN NaN
NaN NaN NaN
21.875 69.625 -0.13403
21.875 69.875 0.45467
21.875 70.125 0.89684
21.875 70.375 0.71101
21.875 70.625 0.58417
21.875 70.875 -0.5639
21.875 71.125 -0.56917
21.875 71.375 0.83401
21.875 71.625 1.6719
21.875 71.875 1.7966
21.875 72.125 2.1675
NaN NaN NaN
21.875 72.875 -0.73951
21.875 73.125 -2.0301
21.875 73.375 -1.9932
21.875 73.625 -1.2181
21.875 73.875 -0.4464
21.875 74.125 -0.14669
21.875 74.375 0.68876
21.875 74.625 0.48376
21.875 74.875 0.68532
21.875 75.125 0.33438
21.875 75.375 -1.2033
21.875 75.625 -1.7827
21.875 75.875 -0.45349
21.875 76.125 -0.064623
21.875 76.375 -0.42603
21.875 76.625 -0.21485
21.875 76.875 -0.49396
21.875 77.125 -0.35915
21.875 77.375 0.28668
21.875 77.625 -0.66537
21.875 77.875 -0.37805
21.875 78.125 -0.75209
21.875 78.375 -0.78985
21.875 78.625 -0.83747
21.875 78.875 -0.97563
21.875 79.125 -0.68228
21.875 79.375 -0.74563
21.875 79.625 -0.91376
21.875 79.875 -0.66276
21.875 80.125 -0.52974
21.875 80.375 -0.022206
21.875 80.625 -0.50297
21.875 80.875 -0.81161
21.875 81.125 -1.0249
21.875 81.375 -0.62518
21.875 81.625 -0.38296
21.875 81.875 -0.37128
21.875 82.125 0.27244
21.875 82.375 -0.19795
21.875 82.625 0.16816
21.875 82.875 1.1831
21.875 83.125 0.16801
21.875 83.375 -0.07858
21.875 83.625 0.2066
21.875 83.875 1.3276
21.875 84.125 1.4429
21.875 84.375 2.0466
21.875 84.625 2.0728
21.875 84.875 1.7867
21.875 85.125 1.2815
21.875 85.375 1.2724
21.875 85.625 1.4404
21.875 85.875 0.62606
21.875 86.125 0.49997
21.875 86.375 0.79972
21.875 86.625 -0.03006
21.875 86.875 0.25899
21.875 87.125 0.69089
21.875 87.375 0.72542
21.875 87.625 0.46755
21.875 87.875 0.39095
21.875 88.375 0.72745
NaN NaN NaN
NaN NaN NaN
22.125 69.125 1.9305
22.125 69.375 1.8305
22.125 69.625 0.75943
22.125 69.875 0.6338
22.125 70.125 -0.55952
22.125 70.375 0.011123
22.125 70.625 0.19213
22.125 70.875 0.63434
22.125 71.125 -0.63811
22.125 71.375 1.2524
22.125 71.625 -0.1444
22.125 71.875 -0.076961
22.125 72.125 1.2936
NaN NaN NaN
22.125 72.875 -0.41061
22.125 73.125 -0.335
22.125 73.375 -0.37683
22.125 73.625 -1.6223
22.125 73.875 -1.7335
22.125 74.125 -1.1687
22.125 74.375 -0.1699
22.125 74.625 0.91182
22.125 74.875 0.75501
22.125 75.125 -0.3596
22.125 75.375 -0.34077
22.125 75.625 -0.19265
22.125 75.875 0.21375
22.125 76.125 0.5562
22.125 76.375 0.33671
22.125 76.625 0.57056
22.125 76.875 0.69647
22.125 77.125 0.05288
22.125 77.375 -0.33617
22.125 77.625 -0.60157
22.125 77.875 -0.61421
22.125 78.125 -0.82257
22.125 78.375 -0.7073
22.125 78.625 -0.20999
22.125 78.875 0.84097
22.125 79.125 -0.89898
22.125 79.375 -0.87552
22.125 79.625 -0.8479
22.125 79.875 -0.67021
22.125 80.125 -0.5821
22.125 80.375 -0.31115
22.125 80.625 0.66192
22.125 80.875 -0.79365
22.125 81.125 -0.70465
22.125 81.375 0.032728
22.125 81.625 0.81661
22.125 81.875 0.88093
22.125 82.125 -0.22037
22.125 82.375 0.7478
22.125 82.625 0.40115
22.125 82.875 -0.28303
22.125 83.125 -0.24395
22.125 83.375 -0.59621
22.125 83.625 0.097333
22.125 83.875 0.53217
22.125 84.125 1.8937
22.125 84.375 2.2126
22.125 84.625 2.2802
22.125 84.875 2.1601
22.125 85.125 1.3819
22.125 85.375 1.1606
22.125 85.625 0.46894
22.125 85.875 0.60744
22.125 86.125 1.8466
22.125 86.375 1.5444
22.125 86.625 1.134
22.125 86.875 1.0589
22.125 87.125 0.97467
22.125 87.375 0.85652
22.125 87.625 0.49703
22.125 87.875 0.5834
22.125 88.125 0.30376
22.125 88.375 0.89907
NaN NaN NaN
22.375 69.125 1.8867
22.375 69.875 1.0513
22.375 70.125 -0.063507
22.375 70.375 -0.15965
22.375 70.625 0.1582
22.375 70.875 0.50428
22.375 71.125 0.32249
22.375 71.375 0.81828
22.375 71.625 -0.46755
22.375 71.875 -0.4097
22.375 72.125 0.52343
NaN NaN NaN
22.375 72.875 0.30582
22.375 73.125 -0.44865
22.375 73.375 -0.0731
22.375 73.625 -1.1879
22.375 73.875 -1.4254
22.375 74.125 0.43784
22.375 74.375 0.59429
22.375 74.625 0.91051
22.375 74.875 0.041728
22.375 75.125 -1.1167
22.375 75.375 0.18494
22.375 75.625 0.17111
22.375 75.875 -0.30447
22.375 76.125 0.011559
22.375 76.375 -0.16272
22.375 76.625 0.90214
22.375 76.875 0.58884
22.375 77.125 0.12926
22.375 77.375 0.038477
22.375 77.625 -0.66494
22.375 77.875 -0.80295
22.375 78.125 -0.76825
22.375 78.375 -0.11433
22.375 78.625 -0.016091
22.375 78.875 -0.20998
22.375 79.125 -0.55184
22.375 79.375 -0.55099
22.375 79.625 -0.58731
22.375 79.875 -0.98742
22.375 80.125 -0.75883
22.375 80.375 -0.24472
22.375 80.625 0.47406
22.375 80.875 0.20465
22.375 81.125 -0.19067
22.375 81.375 0.19561
22.375 81.625 -0.33187
22.375 81.875 -0.86068
22.375 82.125 -0.59985
22.375 82.375 -0.23814
22.375 82.625 -0.17326
22.375 82.875 -0.41436
22.375 83.125 -0.63948
22.375 83.375 -0.46426
22.375 83.625 -0.5863
22.375 83.875 0.67124
22.375 84.125 1.1585
22.375 84.375 1.496
22.375 84.625 1.4376
22.375 84.875 0.77601
22.375 85.125 0.87297
22.375 85.375 0.72723
22.375 85.625 0.04421
22.375 85.875 -0.35476
22.375 86.125 0.37938
22.375 86.375 1.5091
22.375 86.625 0.6965
22.375 86.875 0.78236
22.375 87.125 0.96027
22.375 87.375 1.2141
22.375 87.625 0.74609
22.375 87.875 1.0446
22.375 88.125 1.3833
22.375 88.375 0.83133
22.375 88.625 1.2525
22.375 88.875 1.0513
NaN NaN NaN
22.625 70.375 0.021536
22.625 70.625 -0.48243
22.625 70.875 0.45211
22.625 71.125 1.2924
22.625 71.375 0.31752
22.625 71.625 0.055343
22.625 71.875 -0.62331
22.625 72.125 0.11752
22.625 72.375 0.4928
22.625 72.625 1.3376
22.625 72.875 0.56857
22.625 73.125 -0.058094
22.625 73.375 -0.38576
22.625 73.625 -0.23428
22.625 73.875 0.81351
22.625 74.125 1.2313
22.625 74.375 1.7509
22.625 74.625 0.88799
22.625 74.875 0.75369
22.625 75.125 0.27318
22.625 75.375 -0.44142
22.625 75.625 -0.016178
22.625 75.875 -0.30513
22.625 76.125 -0.20184
22.625 76.375 -0.3157
22.625 76.625 0.34494
22.625 76.875 0.85055
22.625 77.125 1.013
22.625 77.375 -0.041585
22.625 77.625 -0.39012
22.625 77.875 -0.13001
22.625 78.125 0.63591
22.625 78.375 0.82619
22.625 78.625 -0.20742
22.625 78.875 -0.4327
22.625 79.125 -0.30972
22.625 79.375 -0.41241
22.625 79.625 -0.64338
22.625 79.875 -0.84532
22.625 80.125 0.10731
22.625 80.375 -1.1317
22.625 80.625 -0.95493
22.625 80.875 -0.41351
22.625 81.125 0.0072376
22.625 81.375 -0.46929
22.625 81.625 -0.3651
22.625 81.875 -0.70708
22.625 82.125 -0.58023
22.625 82.375 -0.11649
22.625 82.625 -0.64087
22.625 82.875 -0.6858
22.625 83.125 -0.16392
22.625 83.375 -0.042889
22.625 83.625 -0.16842
22.625 83.875 -0.56713
22.625 84.125 0.66574
22.625 84.375 0.93329
22.625 84.625 0.42101
22.625 84.875 0.46041
22.625 85.125 0.64721
22.625 85.375 0.59341
22.625 85.625 0.70774
22.625 85.875 0.7825
22.625 86.125 -0.32243
22.625 86.375 0.85072
22.625 86.625 0.65301
22.625 86.875 0.94754
22.625 87.125 0.90471
22.625 87.375 0.35197
22.625 87.625 1.1422
22.625 87.875 0.73494
22.625 88.125 1.2429
22.625 88.375 0.70996
22.625 88.625 0.96363
22.625 88.875 0.26274
22.625 92.625 -0.33951
22.625 92.875 1.7484
NaN NaN NaN
NaN NaN NaN
NaN NaN NaN
22.875 70.625 -0.25446
22.875 70.875 1.4484
22.875 71.125 1.4399
22.875 71.375 0.72229
22.875 71.625 0.52209
22.875 71.875 -0.232
22.875 72.125 0.77756
22.875 72.375 0.65435
22.875 72.625 0.85685
22.875 72.875 0.12017
22.875 73.125 1.2712
22.875 73.375 -0.38356
22.875 73.625 0.051768
22.875 73.875 -0.73654
22.875 74.125 0.7669
22.875 74.375 1.4722
22.875 74.625 1.6148
22.875 74.875 1.385
22.875 75.125 0.78829
22.875 75.375 0.90194
22.875 75.625 0.88917
22.875 75.875 0.11089
22.875 76.125 -0.9872
22.875 76.375 -2.025
22.875 76.625 -0.24556
22.875 76.875 1.5249
22.875 77.125 0.74407
22.875 77.375 0.15417
22.875 77.625 -0.30166
22.875 77.875 0.19443
22.875 78.125 0.91271
22.875 78.375 -0.19555
22.875 78.625 -0.24976
22.875 78.875 -0.030938
22.875 79.125 -0.32213
22.875 79.375 -0.49319
22.875 79.625 -0.89034
22.875 79.875 -0.95654
22.875 80.125 -0.93369
22.875 80.375 -0.50794
22.875 80.625 -0.81453
22.875 80.875 -0.28038
22.875 81.125 -0.54059
22.875 81.375 -0.62457
22.875 81.625 -0.67393
22.875 81.875 -0.38392
22.875 82.125 -0.60084
22.875 82.375 -0.39601
22.875 82.625 -0.73214
22.875 82.875 -0.57367
22.875 83.125 -0.74816
22.875 83.375 -0.047874
22.875 83.625 0.041653
22.875 83.875 -0.1208
22.875 84.125 -0.035446
22.875 84.375 -0.060209
22.875 84.625 0.1331
22.875 84.875 0.32985
22.875 85.125 0.6326
22.875 85.375 0.7249
22.875 85.625 1.0527
22.875 85.875 1.3794
22.875 86.125 1.0104
22.875 86.375 1.4271
22.875 86.625 0.99811
22.875 86.875 0.73171
22.875 87.125 1.1509
22.875 87.375 0.83778
22.875 87.625 1.4029
22.875 87.875 0.55843
22.875 88.125 1.5182
22.875 88.375 1.4242
22.875 88.625 0.99092
22.875 92.625 -0.18001
22.875 92.875 -0.42176
23.125 68.875 -0.86504
23.125 69.125 -2.2137
23.125 69.375 0.018919
23.125 69.625 1.5207
23.125 69.875 2.0176
23.125 70.125 1.1628
23.125 70.875 1.7165
23.125 71.125 -1.0435
23.125 71.375 -0.026375
23.125 71.625 0.17875
23.125 71.875 -0.50966
23.125 72.125 -0.10258
23.125 72.375 0.751
23.125 72.625 0.52847
23.125 72.875 1.6509
23.125 73.125 1.0948
23.125 73.375 -1.5928
23.125 73.625 0.081178
23.125 73.875 0.40061
23.125 74.125 -0.076123
23.125 74.375 0.63182
23.125 74.625 1.1228
23.125 74.875 1.0441
23.125 75.125 1.1133
23.125 75.375 1.0834
23.125 75.625 0.89118
23.125 75.875 0.72609
23.125 76.125 -0.37753
23.125 76.375 -0.022961
23.125 76.625 -0.39227
23.125 76.875 -0.72894
23.125 77.125 -1.1753
23.125 77.375 0.60685
23.125 77.625 0.41859
23.125 77.875 -0.15333
23.125 78.125 -0.38737
23.125 78.375 -0.71835
23.125 78.625 -0.41146
23.125 78.875 -0.44001
23.125 79.125 -0.26751
23.125 79.375 -0.3398
23.125 79.625 -0.57788
23.125 79.875 -0.88041
23.125 80.125 -0.89943
23.125 80.375 -0.63995
23.125 80.625 -0.83408
23.125 80.875 -0.48466
23.125 81.125 -0.75169
23.125 81.375 -0.35266
23.125 81.625 -0.62636
23.125 81.875 0.090516
23.125 82.125 -0.45349
23.125 82.375 -0.13981
23.125 82.625 -0.12326
23.125 82.875 -0.1423
23.125 83.125 -0.26346
23.125 83.375 0.4264
23.125 83.625 0.97272
23.125 83.875 0.91508
23.125 84.125 -0.22805
23.125 84.375 -0.18994
23.125 84.625 0.23895
23.125 84.875 1.2214
23.125 85.125 1.4812
23.125 85.375 1.4332
23.125 85.625 1.0573
23.125 85.875 0.19655
23.125 86.125 0.83809
23.125 86.375 1.1846
23.125 86.625 1.1523
23.125 86.875 1.1817
23.125 87.125 1.5279
23.125 87.375 1.7536
23.125 87.625 1.5893
23.125 87.875 1.5553
23.125 88.125 0.95023
23.125 88.375 1.5953
23.125 88.625 1.0044
NaN NaN NaN
23.125 92.625 -0.069297
23.125 92.875 0.35785
NaN NaN NaN
23.375 68.875 -0.53197
23.375 69.125 -0.44807
23.375 69.375 0.043173
23.375 69.625 2.4249
23.375 69.875 2.2453
23.375 70.125 0.45424
23.375 70.375 -0.86834
23.375 70.625 0.2645
23.375 70.875 0.42404
23.375 71.125 0.0023275
23.375 71.375 0.33253
23.375 71.625 0.35116
23.375 71.875 -0.36239
23.375 72.125 -0.27819
23.375 72.375 0.15753
23.375 72.625 -0.028269
23.375 72.875 0.79753
23.375 73.125 0.35525
23.375 73.375 0.38528
23.375 73.625 0.32643
23.375 73.875 -0.014305
23.375 74.125 1.1378
23.375 74.375 1.4792
23.375 74.625 0.72803
23.375 74.875 0.79242
23.375 75.125 0.50235
23.375 75.375 1.7184
23.375 75.625 1.2491
23.375 75.875 0.9717
23.375 76.125 0.90075
23.375 76.375 0.76674
23.375 76.625 -0.51658
23.375 76.875 -0.017009
23.375 77.125 -0.8285
23.375 77.375 0.57689
23.375 77.625 0.13015
23.375 77.875 0.10896
23.375 78.125 1.4031
23.375 78.375 0.55201
23.375 78.625 -0.76948
23.375 78.875 -0.14313
23.375 79.125 -0.36748
23.375 79.375 0.97948
23.375 79.625 0.60513
23.375 79.875 1.0027
23.375 80.125 0.20069
23.375 80.375 0.13028
23.375 80.625 0.28667
23.375 80.875 -0.34361
23.375 81.125 -0.41285
23.375 81.375 0.054211
23.375 81.625 0.71282
23.375 81.875 0.0064282
23.375 82.125 -0.21992
23.375 82.375 -0.45759
23.375 82.625 -0.37722
23.375 82.875 -0.34686
23.375 83.125 -0.031378
23.375 83.375 0.47504
23.375 83.625 1.4576
23.375 83.875 1.0905
23.375 84.125 -0.060777
23.375 84.375 -0.68553
23.375 84.625 0.61426
23.375 84.875 0.91339
23.375 85.125 1.2577
23.375 85.375 1.8494
23.375 85.625 -0.20564
23.375 85.875 0.096142
23.375 86.125 0.27688
23.375 86.375 0.96667
23.375 86.625 1.1201
23.375 86.875 1.1782
23.375 87.125 0.99286
23.375 87.375 0.8369
23.375 87.625 1.6442
23.375 87.875 -0.067449
23.375 88.125 0.80223
23.375 88.375 0.78814
23.375 88.625 0.87734
23.375 91.375 0.41542
23.375 91.625 0.085035
23.375 92.625 0.40565
23.375 92.875 -0.22454
23.375 93.125 -1.3048
23.625 68.625 1.5855
23.625 68.875 -0.081047
23.625 69.125 1.1578
23.625 69.375 2.2808
23.625 69.625 2.2368
23.625 69.875 1.6002
23.625 70.125 1.7014
23.625 70.375 2.184
23.625 70.625 1.1654
23.625 70.875 1.3411
23.625 71.125 0.73085
23.625 71.375 0.63109
23.625 71.625 -0.11479
23.625 71.875 -0.098452
23.625 72.125 -0.5028
23.625 72.375 -0.22119
23.625 72.625 0.88424
23.625 72.875 0.42324
23.625 73.125 1.3384
23.625 73.375 -0.033055
23.625 73.625 0.24568
23.625 73.875 0.3537
23.625 74.125 1.3976
23.625 74.375 0.85604
23.625 74.625 1.4491
23.625 74.875 0.89061
23.625 75.125 0.72953
23.625 75.375 1.6187
23.625 75.625 1.6174
23.625 75.875 1.5919
23.625 76.125 1.0942
23.625 76.375 1.4554
23.625 76.625 1.3513
23.625 76.875 1.0002
23.625 77.125 0.43031
23.625 77.375 0.28493
23.625 77.625 -0.065957
23.625 77.875 0.2486
23.625 78.125 -0.3741
23.625 78.375 0.54022
23.625 78.625 -0.052747
23.625 78.875 0.36839
23.625 79.125 -0.33384
23.625 79.375 0.3515
23.625 79.625 0.66053
23.625 79.875 1.2882
23.625 80.125 0.158
23.625 80.375 -0.43108
23.625 80.625 -0.22739
23.625 80.875 -0.21125
23.625 81.125 -0.11602
23.625 81.375 -0.0081617
23.625 81.625 0.47926
23.625 81.875 -0.33467
23.625 82.125 -0.49705
23.625 82.375 -0.48734
23.625 82.625 -0.2947
23.625 82.875 -0.22903
23.625 83.125 -0.10186
23.625 83.375 0.20195
23.625 83.625 0.021154
23.625 83.875 0.18459
23.625 84.125 -0.29112
23.625 84.375 0.010316
23.625 84.625 1.4414
23.625 84.875 1.6321
23.625 85.125 0.53551
23.625 85.375 1.7057
23.625 85.625 1.2317
23.625 85.875 0.79994
23.625 86.125 0.27136
23.625 86.375 0.63619
23.625 86.625 1.2601
23.625 86.875 1.1674
23.625 87.125 0.95978
23.625 87.375 1.3948
23.625 87.625 1.1137
23.625 87.875 1.1281
23.625 88.125 1.5119
23.625 88.375 1.0712
23.625 91.375 0.15151
23.625 91.625 -0.18969
NaN NaN NaN
23.625 92.375 -0.065913
23.625 92.625 0.38856
23.625 92.875 -0.42382
23.625 93.125 -0.97647
23.875 68.875 1.9174
23.875 69.125 2.2627
23.875 69.375 2.4348
23.875 69.625 2.0837
23.875 69.875 1.2494
23.875 70.125 1.2529
23.875 70.375 1.3554
23.875 70.625 1.6134
23.875 70.875 0.80392
23.875 71.125 0.88878
23.875 71.375 1.0541
23.875 71.625 0.97481
23.875 71.875 0.45939
23.875 72.125 0.10047
23.875 72.375 -0.17768
23.875 72.625 -0.2329
23.875 72.875 0.44762
23.875 73.125 0.59445
23.875 73.375 -0.96073
23.875 73.625 -0.51316
23.875 73.875 0.32882
23.875 74.125 0.88895
23.875 74.375 0.70827
23.875 74.625 -0.014583
23.875 74.875 0.28545
23.875 75.125 0.11668
23.875 75.375 0.74612
23.875 75.625 1.3622
23.875 75.875 1.5027
23.875 76.125 0.45918
23.875 76.375 1.6627
23.875 76.625 1.3453
23.875 76.875 1.1932
23.875 77.125 0.47851
23.875 77.375 0.45081
23.875 77.625 1.34
23.875 77.875 1.2141
23.875 78.125 0.81231
23.875 78.375 0.51552
23.875 78.625 1.152
23.875 78.875 0.076056
23.875 79.125 0.18769
23.875 79.375 0.44697
23.875 79.625 0.29273
23.875 79.875 -0.26448
23.875 80.125 -0.23932
23.875 80.375 0.064839
23.875 80.625 -0.3909
23.875 80.875 0.30075
23.875 81.125 0.17814
23.875 81.375 -0.17373
23.875 81.625 -0.58301
23.875 81.875 -0.26434
23.875 82.125 -0.57637
23.875 82.375 0.12032
23.875 82.625 0.35463
23.875 82.875 -0.064735
23.875 83.125 -0.45542
23.875 83.375 -0.21651
23.875 83.625 -0.52022
23.875 83.875 -0.5337
23.875 84.125 0.31319
23.875 84.375 -0.51576
23.875 84.625 0.69007
23.875 84.875 0.41741
23.875 85.125 -0.052492
23.875 85.375 0.27863
23.875 85.625 1.9862
23.875 85.875 0.77016
23.875 86.125 -0.013865
23.875 86.375 1.0192
23.875 86.625 0.83683
23.875 86.875 0.65411
23.875 87.125 0.83326
23.875 87.375 1.2772
23.875 87.625 0.66902
23.875 87.875 1.5382
23.875 88.125 1.4274
23.875 88.375 0.66809
23.875 91.375 0.48
23.875 91.625 1.1169
23.875 91.875 0.26595
23.875 92.125 0.91412
23.875 92.375 1.0015
23.875 92.625 -0.077074
23.875 92.875 -1.2574
23.875 93.125 -0.96243
23.875 93.375 -1.0114
24.125 68.875 1.3248
24.125 69.125 2.2827
24.125 69.375 2.3045
24.125 69.625 1.4987
24.125 69.875 1.1322
24.125 70.125 1.2629
24.125 70.375 1.5523
24.125 70.625 1.1451
24.125 70.875 1.1745
24.125 71.125 1.647
24.125 71.375 1.1477
24.125 71.625 0.50458
24.125 71.875 0.66262
24.125 72.125 0.52558
24.125 72.375 0.29555
24.125 72.625 -0.4106
24.125 72.875 -0.90897
24.125 73.125 0.14081
24.125 73.375 0.70659
24.125 73.625 -0.30681
24.125 73.875 -0.41835
24.125 74.125 -0.36766
24.125 74.375 -0.61362
24.125 74.625 0.27814
24.125 74.875 1.745
24.125 75.125 0.65942
24.125 75.375 0.46798
24.125 75.625 1.0366
24.125 75.875 0.67399
24.125 76.125 0.84679
24.125 76.375 1.624
24.125 76.625 0.7915
24.125 76.875 1.0217
24.125 77.125 0.48905
24.125 77.375 0.88624
24.125 77.625 1.767
24.125 77.875 1.2542
24.125 78.125 1.0707
24.125 78.375 0.80187
24.125 78.625 1.299
24.125 78.875 0.79118
24.125 79.125 0.74709
24.125 79.375 0.3474
24.125 79.625 0.51853
24.125 79.875 0.068703
24.125 80.125 -0.0035897
24.125 80.375 0.23006
24.125 80.625 0.066397
24.125 80.875 0.23746
24.125 81.125 0.14813
24.125 81.375 -0.88321
24.125 81.625 -0.73842
24.125 81.875 1.2064
24.125 82.125 0.76871
24.125 82.375 -0.00082329
24.125 82.625 1.9561
24.125 82.875 0.40426
24.125 83.125 -0.43989
24.125 83.375 -0.35699
24.125 83.625 -0.52134
24.125 83.875 -0.44989
24.125 84.125 -0.35701
24.125 84.375 0.12297
24.125 84.625 0.35138
24.125 84.875 0.085874
24.125 85.125 -0.41276
24.125 85.375 0.78076
24.125 85.625 -0.31429
24.125 85.875 0.50473
24.125 86.125 -0.48049
24.125 86.375 -0.25199
24.125 86.625 0.21125
24.125 86.875 0.058542
24.125 87.125 -0.093872
24.125 87.375 1.0256
24.125 87.625 1.253
24.125 87.875 0.89497
24.125 88.125 1.1185
24.125 88.375 0.85175
24.125 91.875 0.49758
24.125 92.125 0.53598
24.125 92.375 1.3404
24.125 92.625 -0.3795
24.125 92.875 -1.315
24.125 93.125 -1.2042
24.125 93.375 -0.62439
24.125 93.625 -0.88956
24.125 93.875 -0.75019
NaN NaN NaN
24.375 71.375 1.1938
24.375 71.625 0.4215
24.375 71.875 0.17841
24.375 72.125 0.88494
24.375 72.375 0.28671
24.375 72.625 -0.32434
24.375 72.875 -0.24331
24.375 73.125 0.89538
24.375 73.375 0.53495
24.375 73.625 1.0798
24.375 73.875 0.024174
24.375 74.125 1.4086
24.375 74.375 0.95725
24.375 74.625 0.77702
24.375 74.875 2.2225
24.375 75.125 1.6476
24.375 75.375 0.80485
24.375 75.625 1.4785
24.375 75.875 0.61549
24.375 76.125 0.84644
24.375 76.375 0.96313
24.375 76.625 0.69948
24.375 76.875 1.3038
24.375 77.125 0.21823
24.375 77.375 0.87208
24.375 77.625 0.67672
24.375 77.875 1.4324
24.375 78.125 1.4048
24.375 78.375 0.92524
24.375 78.625 1.7503
24.375 78.875 1.2169
24.375 79.125 1.1336
24.375 79.375 0.44828
24.375 79.625 1.4192
24.375 79.875 1.2902
24.375 80.125 -0.12637
24.375 80.375 0.44007
24.375 80.625 0.797
24.375 80.875 0.11514
24.375 81.125 0.0078892
24.375 81.375 -0.67844
24.375 81.625 -0.61976
24.375 81.875 1.04
24.375 82.125 1.2035
24.375 82.375 1.6497
24.375 82.625 2.0745
24.375 82.875 1.182
24.375 83.125 0.66253
24.375 83.375 0.62108
24.375 83.625 0.38785
24.375 83.875 0.97215
24.375 84.125 1.9349
24.375 84.375 1.0785
24.375 84.625 1.459
24.375 84.875 1.0381
24.375 85.125 -0.041485
24.375 85.375 1.5731
24.375 85.625 2.2524
24.375 85.875 2.3212
24.375 86.125 0.34835
24.375 86.375 -0.2865
24.375 86.625 0.90826
24.375 86.875 0.7074
24.375 87.125 0.12046
24.375 87.375 -0.11162
24.375 87.625 0.60663
24.375 87.875 1.01
24.375 88.125 0.63125
24.375 92.375 1.0274
24.375 92.625 0.69963
24.375 92.875 -1.7183
24.375 93.125 -1.0264
24.375 93.375 -0.7102
24.375 93.625 -0.086421
24.375 93.875 -0.28567
24.375 94.125 -0.79195
24.625 71.125 0.32262
24.625 71.375 0.50278
24.625 71.625 0.49455
24.625 71.875 0.56155
24.625 72.125 -0.085422
24.625 72.375 -0.1895
24.625 72.625 -0.3097
24.625 72.875 -0.02165
24.625 73.125 0.89599
24.625 73.375 0.73433
24.625 73.625 1.2672
24.625 73.875 1.7141
24.625 74.125 1.5852
24.625 74.375 1.3619
24.625 74.625 1.6819
24.625 74.875 1.5954
24.625 75.125 1.1958
24.625 75.375 1.1752
24.625 75.625 1.6566
24.625 75.875 1.1877
24.625 76.125 0.93294
24.625 76.375 1.4258
24.625 76.625 1.1272
24.625 76.875 1.7234
24.625 77.125 1.145
24.625 77.375 1.1635
24.625 77.625 1.0939
24.625 77.875 0.85582
24.625 78.125 1.3203
24.625 78.375 0.97272
24.625 78.625 1.0516
24.625 78.875 0.95239
24.625 79.125 1.3078
24.625 79.375 1.6752
24.625 79.625 1.8447
24.625 79.875 1.0375
24.625 80.125 0.74399
24.625 80.375 0.37892
24.625 80.625 0.28143
24.625 80.875 -0.23494
24.625 81.125 -0.7452
24.625 81.375 0.97094
24.625 81.625 0.36936
24.625 81.875 1.076
24.625 82.125 -0.047907
24.625 82.375 -0.54855
24.625 82.625 1.8043
24.625 82.875 1.958
24.625 83.125 0.93136
24.625 83.375 0.9284
24.625 83.625 0.95499
24.625 83.875 0.8648
24.625 84.125 1.9554
24.625 84.375 1.8146
24.625 84.625 1.3634
24.625 84.875 1.8975
24.625 85.125 0.19035
24.625 85.375 0.80583
24.625 85.625 0.027177
24.625 85.875 1.9075
24.625 86.125 1.7711
24.625 86.375 2.0925
24.625 86.625 1.9588
24.625 86.875 1.6966
24.625 87.125 -1.729
24.625 87.375 -0.48197
24.625 87.625 0.38417
24.625 87.875 0.76819
24.625 92.375 0.78782
24.625 92.625 1.1339
24.625 92.875 -0.62769
24.625 93.125 0.61645
24.625 93.375 0.52074
24.625 93.625 -0.52163
24.625 93.875 -0.67339
24.625 94.125 -0.76367
NaN NaN NaN
24.875 71.125 0.29357
24.875 71.375 0.86575
24.875 71.625 0.99533
24.875 71.875 0.27062
24.875 72.125 -1.801
24.875 72.375 -0.57889
24.875 72.625 -0.54229
24.875 72.875 -0.30455
24.875 73.125 1.5655
24.875 73.375 0.81862
24.875 73.625 1.423
24.875 73.875 1.9218
24.875 74.125 1.571
24.875 74.375 1.5944
24.875 74.625 1.698
24.875 74.875 2.014
24.875 75.125 1.5258
24.875 75.375 1.0872
24.875 75.625 1.4336
24.875 75.875 2.2779
24.875 76.125 2.1933
24.875 76.375 2.0222
24.875 76.625 2.0453
24.875 76.875 2.3622
24.875 77.125 2.0472
24.875 77.375 2.0335
24.875 77.625 1.8891
24.875 77.875 1.6277
24.875 78.125 1.5475
24.875 78.375 1.5782
24.875 78.625 1.4851
24.875 78.875 1.5649
24.875 79.125 1.644
24.875 79.375 1.4226
24.875 79.625 1.2947
24.875 79.875 1.9343
24.875 80.125 0.64778
24.875 80.375 0.3976
24.875 80.625 0.30877
24.875 80.875 0.29728
24.875 81.125 0.071295
24.875 81.375 -0.53275
24.875 81.625 0.124
24.875 81.875 0.37795
24.875 82.125 -0.36679
24.875 82.375 -0.5166
24.875 82.625 1.1659
24.875 82.875 0.10119
24.875 83.125 0.31229
24.875 83.375 0.32797
24.875 83.625 0.67486
24.875 83.875 -0.21108
24.875 84.125 1.131
24.875 84.375 -0.26068
24.875 84.625 0.49642
24.875 84.875 0.61308
24.875 85.125 -0.34475
24.875 85.375 -0.22732
24.875 85.625 1.9578
24.875 85.875 1.9356
24.875 86.125 2.2833
24.875 86.375 1.6009
24.875 86.625 1.5183
24.875 86.875 0.37332
24.875 87.125 -0.18337
24.875 87.375 -0.024942
24.875 87.625 1.0262
24.875 87.875 1.3051
24.875 88.125 2.1997
24.875 92.625 0.36825
24.875 92.875 0.11958
24.875 93.125 0.52827
24.875 93.375 -0.055523
24.875 93.625 -0.28369
24.875 93.875 -0.63892
24.875 94.125 -0.64933
24.875 94.375 -0.65045
25.125 71.125 -0.86737
25.125 71.375 -0.15011
25.125 71.625 0.61111
25.125 71.875 -0.026527
25.125 72.125 -0.78096
25.125 72.375 -0.37206
25.125 72.625 -0.37495
25.125 72.875 0.12855
25.125 73.125 1.2539
25.125 73.375 0.46676
25.125 73.625 1.6327
25.125 73.875 1.8046
25.125 74.125 1.2112
25.125 74.375 1.6167
25.125 74.625 2.3288
25.125 74.875 2.3384
25.125 75.125 2.2115
25.125 75.375 2.0907
25.125 75.625 1.6073
25.125 75.875 1.2026
25.125 76.125 1.6207
25.125 76.375 1.8279
25.125 76.625 2.2066
25.125 76.875 2.1148
25.125 77.125 1.594
25.125 77.375 1.5072
25.125 77.625 2.2315
25.125 77.875 2.3803
25.125 78.125 1.2298
25.125 78.375 1.5176
25.125 78.625 1.5666
25.125 78.875 1.7367
25.125 79.125 0.36011
25.125 79.375 0.69827
25.125 79.625 0.773
25.125 79.875 1.4167
25.125 80.125 0.49224
25.125 80.375 0.23965
25.125 80.625 0.70413
25.125 80.875 -0.34545
25.125 81.125 -0.55005
25.125 81.375 -0.0099541
25.125 81.625 -0.55617
25.125 81.875 -0.28813
25.125 82.125 -0.56197
25.125 82.375 -0.17193
25.125 82.625 -0.26016
25.125 82.875 -0.32593
25.125 83.125 0.047898
25.125 83.375 0.48992
25.125 83.625 1.7702
25.125 83.875 0.64945
25.125 84.125 0.76931
25.125 84.375 -0.36593
25.125 84.625 1.7022
25.125 84.875 2.0134
25.125 85.125 0.67348
25.125 85.375 0.86616
25.125 85.625 1.0817
25.125 85.875 0.52426
25.125 86.125 2.193
25.125 86.375 1.2447
25.125 86.625 0.9273
25.125 86.875 0.11265
25.125 87.125 2.1042
25.125 87.375 1.2284
25.125 87.625 1.5556
25.125 87.875 1.6237
25.125 88.125 2.0647
25.125 88.375 2.107
25.125 92.375 -0.44315
25.125 92.625 -0.23632
25.125 92.875 0.19382
25.125 93.125 1.0428
25.125 93.375 0.96552
25.125 93.625 -0.15168
25.125 93.875 -0.71505
25.125 94.125 0.18794
25.125 94.375 -0.24613
25.375 70.875 0.60808
25.375 71.125 -0.087861
25.375 71.375 -0.16377
25.375 71.625 -0.15925
25.375 71.875 0.037543
25.375 72.125 -1.2191
25.375 72.375 -1.5779
25.375 72.625 -0.81588
25.375 72.875 0.35806
25.375 73.125 0.22895
25.375 73.375 1.1343
25.375 73.625 1.3096
25.375 73.875 1.8437
25.375 74.125 1.9223
25.375 74.375 1.7882
25.375 74.625 1.8443
25.375 74.875 2.1543
25.375 75.125 2.2704
25.375 75.375 1.8818
25.375 75.625 2.1312
25.375 75.875 1.5111
25.375 76.125 1.385
25.375 76.375 0.73679
25.375 76.625 0.91432
25.375 76.875 0.84576
25.375 77.125 1.4975
25.375 77.375 1.9256
25.375 77.625 2.0105
25.375 77.875 2.351
25.375 78.125 1.6992
25.375 78.375 1.6733
25.375 78.625 0.76085
25.375 78.875 1.1946
25.375 79.125 1.5029
25.375 79.375 0.92243
25.375 79.625 1.2807
25.375 79.875 1.5314
25.375 80.125 1.5629
25.375 80.375 0.82379
25.375 80.625 0.8193
25.375 80.875 -0.69691
25.375 81.125 -0.62245
25.375 81.375 -0.57873
25.375 81.625 -0.642
25.375 81.875 -0.19066
25.375 82.125 -1.034
25.375 82.375 -0.87319
25.375 82.625 -0.71629
25.375 82.875 -0.57375
25.375 83.125 -0.27813
25.375 83.375 0.34117
25.375 83.625 2.3849
25.375 83.875 2.3976
25.375 84.125 1.9986
25.375 84.375 0.5832
25.375 84.625 0.75987
25.375 84.875 2.3242
25.375 85.125 1.2068
25.375 85.375 1.1588
25.375 85.625 2.2987
25.375 85.875 1.352
25.375 86.125 1.51
25.375 86.375 1.2342
25.375 86.625 1.8764
25.375 86.875 1.4612
25.375 87.125 1.7638
25.375 87.375 1.7293
25.375 87.625 1.804
25.375 87.875 2.0504
25.375 88.125 2.2072
25.375 88.375 1.8733
25.375 88.625 1.974
25.375 90.125 0.95201
25.375 90.375 0.63755
25.375 90.625 0.60702
25.375 90.875 0.12226
25.375 91.125 -0.092803
25.375 91.375 -0.39491
25.375 91.625 -0.687
25.375 91.875 -1.2755
25.375 92.125 -0.2799
25.375 92.375 -0.47743
25.375 92.625 -0.065141
25.375 92.875 0.13314
25.375 93.125 -0.2292
25.375 93.375 -0.16844
25.375 93.625 0.010719
25.375 93.875 -1.0703
25.375 94.125 0.51107
25.375 94.375 0.12452
25.625 70.875 -0.36029
25.625 71.125 -0.47118
25.625 71.375 -0.11565
25.625 71.625 0.59885
25.625 71.875 -1.8755
25.625 72.125 -1.0564
25.625 72.375 -0.95875
25.625 72.625 -0.086425
25.625 72.875 0.36694
25.625 73.125 1.0029
25.625 73.375 1.857
25.625 73.625 1.5671
25.625 73.875 1.9067
25.625 74.125 1.9055
25.625 74.375 1.1538
25.625 74.625 1.3024
25.625 74.875 2.1909
25.625 75.125 1.8539
25.625 75.375 2.0062
25.625 75.625 2.2614
25.625 75.875 1.8648
25.625 76.125 1.8684
25.625 76.375 1.6636
25.625 76.625 0.12052
25.625 76.875 0.17845
25.625 77.125 1.2883
25.625 77.375 1.8864
25.625 77.625 1.45
25.625 77.875 2.1732
25.625 78.125 1.3972
25.625 78.375 0.44581
25.625 78.625 2.0336
25.625 78.875 1.7369
25.625 79.125 1.7653
25.625 79.375 1.5911
25.625 79.625 1.6199
25.625 79.875 2.0736
25.625 80.125 1.4435
25.625 80.375 0.96696
25.625 80.625 -0.24444
25.625 80.875 -0.91111
25.625 81.125 -0.62727
25.625 81.375 -0.77998
25.625 81.625 -0.4346
25.625 81.875 0.92945
25.625 82.125 -1.2016
25.625 82.375 -0.46992
25.625 82.625 -0.27383
25.625 82.875 -0.78336
25.625 83.125 -0.083196
25.625 83.375 1.7735
25.625 83.625 2.3092
25.625 83.875 2.0901
25.625 84.125 1.9041
25.625 84.375 0.51644
25.625 84.625 2.1781
25.625 84.875 0.79663
25.625 85.125 1.7212
25.625 85.375 2.1923
25.625 85.625 1.7688
25.625 85.875 1.9041
25.625 86.125 1.3196
25.625 86.375 1.8546
25.625 86.625 -0.11419
25.625 86.875 1.792
25.625 87.125 2.0219
25.625 87.375 1.1799
25.625 87.625 1.4857
25.625 87.875 1.7665
25.625 88.125 2.1126
25.625 90.125 0.8438
25.625 90.375 1.4565
25.625 90.625 0.68984
25.625 90.875 -0.67854
25.625 91.125 0.57392
25.625 91.375 0.13831
25.625 91.625 0.093318
25.625 91.875 -0.18794
25.625 92.125 -0.14804
25.625 92.375 -0.24443
25.625 92.625 -0.058563
25.625 92.875 -0.10764
25.625 93.125 -0.46314
25.625 93.375 0.15044
25.625 93.625 0.39891
25.625 93.875 0.29214
25.625 94.125 -0.64023
25.625 94.375 -0.86084
NaN NaN NaN
NaN NaN NaN
25.875 70.375 -1.3531
25.875 70.625 0.21458
25.875 70.875 0.18188
25.875 71.125 -0.62139
25.875 71.375 0.56148
25.875 71.625 1.6934
25.875 71.875 0.12015
25.875 72.125 -1.0864
25.875 72.375 0.0027419
25.875 72.625 0.31995
25.875 72.875 0.27587
25.875 73.125 0.95808
25.875 73.375 2.2192
25.875 73.625 1.4694
25.875 73.875 0.41207
25.875 74.125 1.3395
25.875 74.375 1.2623
25.875 74.625 2.3592
25.875 74.875 2.3473
25.875 75.125 1.9256
25.875 75.375 1.9451
25.875 75.625 1.4908
25.875 75.875 2.0659
25.875 76.125 1.9441
25.875 76.375 1.5667
25.875 76.625 0.83647
25.875 76.875 0.81521
25.875 77.125 1.9912
25.875 77.375 2.224
25.875 77.625 1.862
25.875 77.875 1.2097
25.875 78.125 1.5189
25.875 78.375 1.7027
25.875 78.625 1.8674
25.875 78.875 1.6097
25.875 79.125 0.7962
25.875 79.375 1.1495
25.875 79.625 1.1608
25.875 79.875 1.2197
25.875 80.125 0.58489
25.875 80.375 0.32692
25.875 80.625 0.45974
25.875 80.875 -0.17539
25.875 81.125 -1.2674
25.875 81.375 -0.44218
25.875 81.625 -0.11925
25.875 81.875 0.88133
25.875 82.125 0.23226
25.875 82.375 -0.46444
25.875 82.625 -1.0324
25.875 82.875 -0.18559
25.875 83.125 -0.33668
25.875 83.375 1.4219
25.875 83.625 2.296
25.875 83.875 0.98757
25.875 84.125 1.8893
25.875 84.375 0.37235
25.875 84.625 1.4522
25.875 84.875 1.8469
25.875 85.125 1.5577
25.875 85.375 2.3126
25.875 85.625 2.3052
25.875 85.875 2.1115
25.875 86.125 1.8464
25.875 86.375 1.6085
25.875 86.625 1.7465
25.875 86.875 1.5276
25.875 87.125 1.7601
25.875 87.375 1.0414
25.875 87.625 1.0189
25.875 87.875 0.63092
25.875 90.125 0.55304
25.875 90.375 0.20048
25.875 90.625 0.31812
25.875 90.875 0.53152
25.875 91.125 0.81665
25.875 91.375 0.7275
25.875 91.625 0.17612
25.875 91.875 -0.50515
25.875 92.125 -0.34494
25.875 92.375 -0.080666
25.875 92.625 0.068931
25.875 92.875 0.067273
25.875 93.125 -1.1416
25.875 93.375 -1.4007
25.875 93.625 -0.62099
25.875 93.875 -0.1196
25.875 94.125 0.0086653
25.875 94.375 0.50261
25.875 94.625 -0.51622
25.875 94.875 -0.027642
26.125 70.375 -1.884
26.125 70.625 -0.72524
26.125 70.875 -0.60057
26.125 71.125 -1.2141
26.125 71.375 -0.68786
26.125 71.625 1.7452
26.125 71.875 1.1847
26.125 72.125 0.5725
26.125 72.375 0.58978
26.125 72.625 -0.075435
26.125 72.875 0.28385
26.125 73.125 1.1348
26.125 73.375 1.8912
26.125 73.625 1.1477
26.125 73.875 0.84693
26.125 74.125 1.4301
26.125 74.375 1.7364
26.125 74.625 2.1352
26.125 74.875 2.1656
26.125 75.125 1.7679
26.125 75.375 1.6719
26.125 75.625 1.2211
26.125 75.875 2.3368
26.125 76.125 2.1695
26.125 76.375 1.7061
26.125 76.625 1.2292
26.125 76.875 1.0116
26.125 77.125 0.66441
26.125 77.375 1.5558
26.125 77.625 1.9842
26.125 77.875 1.1702
26.125 78.125 1.5375
26.125 78.375 1.5373
26.125 78.625 1.8144
26.125 78.875 2.1196
26.125 79.125 0.91782
26.125 79.375 0.21425
26.125 79.625 0.44173
26.125 79.875 1.2609
26.125 80.125 1.1202
26.125 80.375 0.60802
26.125 80.625 -0.27928
26.125 80.875 0.44994
26.125 81.125 -0.17339
26.125 81.375 -0.23106
26.125 81.625 2.2477
26.125 81.875 0.058275
26.125 82.125 1.2406
26.125 82.375 -1.2713
26.125 82.625 -0.68146
26.125 82.875 0.6308
26.125 83.125 0.038937
26.125 83.375 0.22862
26.125 83.625 0.6872
26.125 83.875 2.4347
26.125 84.125 1.8867
26.125 84.375 0.88927
26.125 84.625 2.1541
26.125 84.875 1.4123
26.125 85.125 2.0093
26.125 85.375 -0.56847
26.125 85.625 2.1189
26.125 85.875 2.3451
26.125 86.125 1.6336
26.125 86.375 1.9162
26.125 86.625 1.0138
26.125 86.875 1.7374
26.125 87.125 1.6004
26.125 87.375 0.32057
26.125 87.625 0.73839
26.125 87.875 0.46049
26.125 88.125 0.9223
26.125 89.375 1.1111
26.125 89.875 1.1573
26.125 90.125 0.73518
26.125 90.375 1.0416
26.125 90.625 0.62479
26.125 90.875 0.76301
26.125 91.125 0.20859
26.125 91.375 0.49863
26.125 91.625 -0.28233
26.125 91.875 -0.47402
26.125 92.125 -0.57182
26.125 92.375 0.31315
26.125 92.625 0.48458
26.125 92.875 0.76018
26.125 93.125 -1.3193
26.125 93.375 -0.93516
26.125 93.625 -0.19602
26.125 93.875 -0.74231
26.125 94.125 0.26626
26.125 94.375 0.24211
26.125 94.625 0.34587
26.125 94.875 0.060888
26.375 70.375 -1.4419
26.375 70.625 -0.81493
26.375 70.875 -0.60496
26.375 71.125 -0.84866
26.375 71.375 -0.48031
26.375 71.625 0.29615
26.375 71.875 0.92113
26.375 72.125 0.8307
26.375 72.375 1.0905
26.375 72.625 0.59765
26.375 72.875 0.82058
26.375 73.125 0.77571
26.375 73.375 1.1709
26.375 73.625 1.2043
26.375 73.875 1.7752
26.375 74.125 1.9241
26.375 74.375 2.0712
26.375 74.625 1.6864
26.375 74.875 2.0801
26.375 75.125 2.1812
26.375 75.375 2.1075
26.375 75.625 1.4695
26.375 75.875 2.3323
26.375 76.125 2.3132
26.375 76.375 2.1146
26.375 76.625 1.6892
26.375 76.875 1.0135
26.375 77.125 0.36905
26.375 77.375 1.7906
26.375 77.625 1.6133
26.375 77.875 0.039695
26.375 78.125 0.75078
26.375 78.375 0.59097
26.375 78.625 1.4978
26.375 78.875 0.10776
26.375 79.125 1.265
26.375 79.375 0.84097
26.375 79.625 1.4294
26.375 79.875 2.1542
26.375 80.125 1.6437
26.375 80.375 1.1481
26.375 80.625 1.8207
26.375 80.875 2.0993
26.375 81.125 2.068
26.375 81.375 0.076657
26.375 81.625 -0.53555
26.375 81.875 0.65039
26.375 82.125 0.51973
26.375 82.375 0.97762
26.375 82.625 0.62065
26.375 82.875 1.053
26.375 83.125 1.0976
26.375 83.375 2.3252
26.375 83.625 1.7998
26.375 83.875 2.0993
26.375 84.125 1.6015
26.375 84.375 2.3036
26.375 84.625 1.3149
26.375 84.875 0.88257
26.375 85.125 1.6341
26.375 85.375 1.8099
26.375 85.625 1.1577
26.375 85.875 1.7182
26.375 86.125 1.3947
26.375 86.375 -0.023466
26.375 86.625 0.69144
26.375 86.875 1.6439
26.375 87.125 1.4378
26.375 87.625 -0.67114
26.375 87.875 1.3279
26.375 88.125 2.1802
26.375 88.375 2.1169
26.375 88.875 1.2248
26.375 89.375 0.69657
26.375 89.625 0.94943
26.375 89.875 0.55985
26.375 90.125 0.74546
26.375 90.375 0.80272
26.375 90.625 0.50396
26.375 90.875 -0.078001
26.375 91.125 0.19549
26.375 91.375 0.2577
26.375 91.625 -0.25305
26.375 91.875 -0.47478
26.375 92.125 -0.18199
26.375 92.375 0.14427
26.375 92.625 0.43213
26.375 92.875 0.835
26.375 93.125 0.79546
26.375 93.375 0.41657
26.375 93.625 0.099521
26.375 93.875 0.28715
26.375 94.125 0.90341
26.375 94.375 -0.48382
26.375 94.625 -1.0739
26.375 94.875 -0.15677
26.625 69.875 -0.99101
26.625 70.125 -1.2008
26.625 70.375 -1.0856
26.625 70.625 -0.80136
26.625 70.875 -1.4178
26.625 71.125 -1.5685
26.625 71.375 -0.055125
26.625 71.625 0.59339
26.625 71.875 1.3437
26.625 72.125 1.0164
26.625 72.375 0.15434
26.625 72.625 0.72956
26.625 72.875 0.78732
26.625 73.125 0.74679
26.625 73.375 0.69527
26.625 73.625 1.2763
26.625 73.875 1.6855
26.625 74.125 1.9055
26.625 74.375 1.42
26.625 74.625 1.0265
26.625 74.875 2.0925
26.625 75.125 1.3302
26.625 75.375 2.118
26.625 75.625 1.9462
26.625 75.875 1.7705
26.625 76.125 2.0177
26.625 76.375 1.0501
26.625 76.625 1.229
26.625 76.875 1.3958
26.625 77.125 2.1091
26.625 77.375 2.1565
26.625 77.625 1.4486
26.625 77.875 -0.18821
26.625 78.125 0.30236
26.625 78.375 1.7778
26.625 78.625 0.12863
26.625 78.875 0.40458
26.625 79.125 1.8485
26.625 79.375 2.4025
26.625 79.625 2.4312
26.625 79.875 2.4183
26.625 80.125 2.4365
26.625 80.375 2.0445
26.625 80.625 2.3192
26.625 80.875 2.3839
26.625 81.125 2.0386
26.625 81.375 1.6716
26.625 81.625 0.41543
26.625 81.875 1.4058
26.625 82.125 0.95423
26.625 82.375 0.44992
26.625 82.625 -1.1641
26.625 82.875 1.7331
26.625 83.125 1.5494
26.625 83.375 -0.53396
26.625 83.625 1.4346
26.625 83.875 1.9616
26.625 84.125 2.2094
26.625 84.375 1.9226
26.625 84.625 1.6022
26.625 84.875 0.77845
26.625 85.125 0.62519
26.625 85.375 1.9039
26.625 85.625 1.7088
26.625 86.125 1.044
26.625 88.375 2.3428
26.625 88.625 1.0483
26.625 88.875 -1.7776
26.625 89.125 0.70241
26.625 89.375 1.2284
26.625 89.625 0.53936
26.625 89.875 0.68716
26.625 90.125 0.83797
26.625 90.375 0.3796
26.625 90.625 0.063923
26.625 90.875 -0.14472
26.625 91.125 0.26605
26.625 91.375 -0.065213
26.625 91.625 -0.95727
26.625 91.875 -0.47
26.625 92.125 0.19632
26.625 92.375 -0.14719
26.625 92.625 0.043571
26.625 92.875 1.6855
26.625 93.125 0.76827
26.625 93.375 0.99148
26.625 93.625 -0.083841
26.625 93.875 -0.21527
26.625 94.125 -0.63783
26.625 94.375 -0.53225
26.625 94.625 0.56679
26.625 94.875 1.5396
26.625 95.125 0.91283
26.875 69.625 -1.4502
26.875 69.875 -1.3131
26.875 70.125 -1.3982
26.875 70.375 -1.0025
26.875 70.625 -1.0341
26.875 70.875 -2.2009
26.875 71.125 -1.5395
26.875 71.375 -1.7489
26.875 71.625 -1.6246
26.875 71.875 0.12065
26.875 72.125 0.67658
26.875 72.375 0.89994
26.875 72.625 0.84909
26.875 72.875 0.71467
26.875 73.125 1.3298
26.875 73.375 1.2037
26.875 73.625 1.9855
26.875 73.875 2.1229
26.875 74.125 2.2259
26.875 74.375 -0.10222
26.875 74.625 0.95014
26.875 74.875 2.046
26.875 75.125 1.9319
26.875 75.375 1.8057
26.875 75.625 0.32796
26.875 75.875 1.0598
26.875 76.125 1.8837
26.875 76.375 1.7267
26.875 76.625 1.4269
26.875 76.875 1.5062
26.875 77.125 1.8715
26.875 77.375 0.39501
26.875 77.625 1.4356
26.875 77.875 0.79539
26.875 78.125 1.7837
26.875 78.375 1.7555
26.875 78.625 0.29626
26.875 78.875 2.1165
26.875 79.125 2.4368
26.875 79.375 2.4417
26.875 79.625 2.335
26.875 79.875 2.2497
26.875 80.125 2.138
26.875 80.375 1.8255
26.875 80.625 2.2962
26.875 80.875 2.4018
26.875 81.125 2.3169
26.875 81.375 1.4405
26.875 81.625 -0.96115
26.875 81.875 2.2279
26.875 82.125 1.2845
26.875 82.375 0.094353
26.875 82.625 -0.56971
26.875 82.875 0.77619
26.875 83.125 0.96589
26.875 83.375 -0.26406
26.875 83.625 0.32959
26.875 83.875 0.046194
26.875 84.125 0.47736
26.875 84.375 -0.55074
26.875 84.625 0.39753
26.875 84.875 0.54467
26.875 88.375 2.1168
26.875 88.625 1.4942
26.875 88.875 0.85269
26.875 92.375 0.35827
26.875 92.625 0.31998
26.875 92.875 1.3393
26.875 93.125 0.97357
26.875 93.375 0.67818
26.875 93.625 0.41432
26.875 93.875 -0.67549
26.875 94.125 -0.096337
26.875 94.375 -0.59106
26.875 94.625 0.069512
26.875 94.875 0.17146
26.875 95.125 1.1434
26.875 95.375 1.571
26.875 95.625 -9.4435e-05
27.125 69.875 -0.92829
27.125 70.125 -0.78581
27.125 70.375 -0.61607
27.125 70.625 -1.5484
27.125 70.875 -1.6446
27.125 71.125 -1.8331
27.125 71.375 -1.423
27.125 71.625 -2.1928
27.125 71.875 -0.54856
27.125 72.125 -0.12342
27.125 72.375 1.0236
27.125 72.625 0.94871
27.125 72.875 0.035176
27.125 73.125 0.76062
27.125 73.375 1.5957
27.125 73.625 2.0942
27.125 73.875 1.9922
27.125 74.125 1.8994
27.125 74.375 0.97936
27.125 74.625 1.3824
27.125 74.875 1.368
27.125 75.125 1.4886
27.125 75.375 2.0895
27.125 75.625 2.2435
27.125 75.875 1.9621
27.125 76.125 1.3059
27.125 76.375 0.97632
27.125 76.625 1.0545
27.125 76.875 1.0282
27.125 77.125 1.8824
27.125 77.375 1.8115
27.125 77.625 1.5137
27.125 77.875 0.021398
27.125 78.125 1.9844
27.125 78.375 -0.16555
27.125 78.625 2.1674
27.125 78.875 2.1626
27.125 79.125 2.4326
27.125 79.375 2.145
27.125 79.625 1.4627
27.125 79.875 2.0718
27.125 80.125 1.9248
27.125 80.375 2.098
27.125 80.625 2.3103
27.125 80.875 2.061
27.125 81.125 0.64263
27.125 81.375 0.94803
27.125 81.625 0.55773
27.125 81.875 1.025
27.125 82.125 0.16366
27.125 82.375 0.64138
27.125 82.625 0.78763
27.125 82.875 0.76304
27.125 83.125 0.31415
27.125 83.375 -0.72727
27.125 83.625 0.66072
27.125 83.875 0.004861
27.125 84.125 0.34255
27.125 84.375 0.21266
27.125 84.625 -0.47841
27.125 88.125 1.9042
27.125 88.375 1.4144
27.125 88.625 1.3539
27.125 92.125 -1.4839
27.125 92.375 -1.4211
27.125 92.625 -1.1457
27.125 92.875 0.10362
27.125 93.125 0.83281
27.125 93.375 0.34341
27.125 93.625 -0.11206
27.125 93.875 0.81118
27.125 94.125 -0.42133
27.125 94.375 -0.48972
27.125 94.625 0.078336
27.125 94.875 0.20555
27.125 95.125 -0.12841
27.125 95.375 0.092633
27.125 95.625 0.71676
27.125 95.875 0.26544
27.375 70.125 -1.0026
27.375 70.375 -0.65453
27.375 70.625 -0.922
27.375 70.875 -0.85342
27.375 71.125 -0.89187
27.375 71.375 -0.67168
27.375 71.625 -0.89753
27.375 71.875 0.76703
27.375 72.125 0.77533
27.375 72.375 1.239
27.375 72.625 0.98077
27.375 72.875 -0.06603
27.375 73.125 -0.45499
27.375 73.375 -0.57286
27.375 73.625 0.59945
27.375 73.875 1.8337
27.375 74.125 0.89057
27.375 74.375 0.61053
27.375 74.625 1.1448
27.375 74.875 1.101
27.375 75.125 2.1639
27.375 75.375 2.3537
27.375 75.625 2.3547
27.375 75.875 2.233
27.375 76.125 1.1171
27.375 76.375 1.4996
27.375 76.625 0.63117
27.375 76.875 1.4576
27.375 77.125 1.3062
27.375 77.375 1.3064
27.375 77.625 1.743
27.375 77.875 1.5018
27.375 78.125 1.1375
27.375 78.375 0.56856
27.375 78.625 1.4385
27.375 78.875 2.2045
27.375 79.125 1.7477
27.375 79.375 -0.099841
27.375 79.625 1.3643
27.375 79.875 2.1033
27.375 80.125 1.3289
27.375 80.375 0.22336
27.375 80.625 0.49616
27.375 80.875 0.54652
27.375 81.125 1.1337
27.375 81.375 1.3427
27.375 81.625 0.56945
27.375 81.875 0.45474
27.375 82.125 1.3917
27.375 82.375 0.87253
27.375 82.625 0.3153
27.375 82.875 0.8263
27.375 83.125 0.34542
27.375 83.625 0.53669
27.375 84.125 0.4401
27.375 84.375 0.81321
27.375 88.125 2.4271
27.375 88.375 2.329
27.375 88.625 0.60227
27.375 92.125 -0.40995
27.375 92.375 -0.23114
27.375 92.625 -0.16257
27.375 92.875 -1.2346
27.375 93.125 0.87938
27.375 93.375 -0.71092
27.375 93.625 0.59922
27.375 93.875 -0.7636
27.375 94.125 -1.2987
27.375 94.375 -0.30962
27.375 94.625 0.19067
27.375 94.875 0.043947
27.375 95.125 -0.21486
27.375 95.375 -0.42342
27.375 95.625 -0.26575
27.375 95.875 0.12299
27.375 96.125 0.33289
27.375 96.375 1.8884
NaN NaN NaN
27.375 96.875 1.1225
27.625 70.125 -0.91077
27.625 70.375 -1.0199
27.625 70.625 -0.76974
27.625 70.875 -0.34342
27.625 71.125 -0.32784
27.625 71.375 -0.91046
27.625 71.625 -0.52651
27.625 71.875 0.95114
27.625 72.125 0.37111
27.625 72.375 -0.6497
27.625 72.625 -0.27591
27.625 72.875 0.20655
27.625 73.125 0.22617
27.625 73.375 -0.68208
27.625 73.625 -0.41183
27.625 73.875 -0.17064
27.625 74.125 -0.15917
27.625 74.375 -0.010777
27.625 74.625 0.39709
27.625 74.875 0.11072
27.625 75.125 0.60753
27.625 75.375 2.1612
27.625 75.625 1.1219
27.625 75.875 1.0644
27.625 76.125 1.0637
27.625 76.375 0.66944
27.625 76.625 0.5825
27.625 76.875 0.30992
27.625 77.125 0.96873
27.625 77.375 0.17426
27.625 77.625 0.85419
27.625 77.875 1.2086
27.625 78.125 2.1667
27.625 78.375 1.9257
27.625 78.625 1.8187
27.625 78.875 1.3459
27.625 79.125 0.18217
27.625 79.375 -0.17769
27.625 79.625 0.9343
27.625 79.875 1.5093
27.625 80.125 1.5172
27.625 80.375 1.1095
27.625 80.625 0.81199
27.625 80.875 0.49939
27.625 81.125 1.3495
27.625 81.375 0.11329
27.625 81.625 -0.30165
27.625 81.875 0.34196
27.625 82.125 0.71636
27.625 82.375 0.70647
27.625 82.625 0.41935
27.625 88.375 2.3432
27.625 88.625 1.6689
27.625 91.625 0.3209
27.625 91.875 -0.89635
27.625 92.125 -1.1971
27.625 92.375 -0.58729
27.625 92.625 -0.92492
27.625 92.875 -0.80846
27.625 93.125 1.996
27.625 93.375 0.46913
27.625 93.625 -2.091
27.625 93.875 -0.52803
27.625 94.125 -0.89475
27.625 94.375 1.5009
27.625 94.625 -0.071462
27.625 94.875 0.18966
27.625 95.125 -0.96673
27.625 95.375 0.045741
27.625 95.625 -0.60485
27.625 95.875 -1.1147
27.625 96.125 0.79243
27.625 96.375 1.9365
27.625 96.625 1.0083
27.625 96.875 0.94445
27.875 70.375 -0.85671
27.875 71.875 -0.26866
27.875 72.125 0.061256
27.875 72.375 -0.21891
27.875 72.625 0.63652
27.875 72.875 0.59212
27.875 73.125 0.66295
27.875 73.375 0.49427
27.875 73.625 -0.59972
27.875 73.875 -0.50042
27.875 74.125 -0.35374
27.875 74.375 -0.57231
27.875 74.625 0.62263
27.875 74.875 1.0104
27.875 75.125 0.14405
27.875 75.375 0.85488
27.875 75.625 0.46722
27.875 75.875 0.72102
27.875 76.125 -0.15139
27.875 76.375 -0.22234
27.875 76.625 0.87991
27.875 76.875 1.7292
27.875 77.125 1.3692
27.875 77.375 -0.073947
27.875 77.625 -0.5186
27.875 77.875 1.1283
27.875 78.125 2.2803
27.875 78.375 1.952
27.875 78.625 2.2798
27.875 78.875 2.1166
27.875 79.125 1.3067
27.875 79.375 0.2981
27.875 79.625 0.0093743
27.875 79.875 1.2364
27.875 80.125 1.6616
27.875 80.375 0.89353
27.875 80.625 1.1996
27.875 80.875 1.4229
27.875 81.125 0.8276
27.875 81.375 0.55983
27.875 81.625 0.42475
27.875 88.375 2.2008
27.875 88.625 2.1958
27.875 92.875 -0.96328
27.875 93.125 1.7644
27.875 93.375 -0.20502
27.875 93.625 -1.1095
27.875 93.875 -1.0829
27.875 94.125 -0.76298
27.875 94.375 -0.8022
27.875 94.625 -0.91174
27.875 94.875 0.163
27.875 95.125 1.3314
27.875 95.375 0.059044
27.875 95.625 -0.57756
27.875 95.875 -0.66948
27.875 96.125 1.0892
27.875 96.375 0.92556
27.875 96.625 0.74593
NaN NaN NaN
27.875 97.125 0.69337
28.125 72.125 -0.39694
28.125 72.375 -0.73698
28.125 72.625 -0.70481
28.125 72.875 0.57264
28.125 73.125 0.92369
28.125 73.375 0.14137
28.125 73.625 -0.47771
28.125 73.875 -0.55248
28.125 74.125 -0.33648
28.125 74.375 -0.54042
28.125 74.625 -0.020582
28.125 74.875 0.55072
28.125 75.125 -0.38986
28.125 75.375 0.094473
28.125 75.625 0.75036
28.125 75.875 0.12471
28.125 76.125 0.10594
28.125 76.375 0.14707
28.125 76.625 1.2936
28.125 76.875 1.2029
28.125 77.125 0.16621
28.125 77.375 0.15145
28.125 77.625 0.30142
28.125 77.875 1.5962
28.125 78.125 2.0926
28.125 78.375 2.0458
28.125 78.625 0.74867
28.125 78.875 1.5528
28.125 79.125 1.0024
28.125 79.375 0.59824
28.125 79.625 -0.22875
28.125 79.875 0.4035
28.125 80.125 0.41574
28.125 80.375 0.34585
28.125 80.625 0.80664
28.125 80.875 0.039649
28.125 81.125 0.049188
28.125 81.375 0.45803
28.125 92.875 -1.3229
28.125 93.125 1.7051
28.125 93.375 0.83846
28.125 93.625 -0.23674
28.125 93.875 -0.26686
28.125 94.125 -0.61693
28.125 94.375 -1.5194
28.125 94.625 -1.7414
28.125 94.875 -0.61785
28.125 95.125 0.2986
28.125 95.375 0.43433
28.125 95.625 1.6366
28.125 95.875 0.89348
28.125 96.125 0.45117
28.125 96.375 0.66827
NaN NaN NaN
NaN NaN NaN
NaN NaN NaN
28.375 72.375 -0.54447
28.375 72.625 -0.75072
28.375 72.875 -0.59334
28.375 73.125 0.018554
28.375 73.375 -0.52262
28.375 73.625 -1.1396
28.375 73.875 -0.70897
28.375 74.125 -0.20596
28.375 74.375 0.25855
28.375 74.625 0.25123
28.375 74.875 0.34949
28.375 75.125 -0.5005
28.375 75.375 -0.48172
28.375 75.625 -0.39115
28.375 75.875 -0.21454
28.375 76.125 -0.23565
28.375 76.375 -0.11569
28.375 76.625 -0.15389
28.375 76.875 -0.06501
28.375 77.125 -0.61315
28.375 77.375 -0.43758
28.375 77.625 -0.26329
28.375 77.875 0.57789
28.375 78.125 2.1185
28.375 78.375 1.7542
28.375 78.625 0.66028
28.375 78.875 -0.13043
28.375 79.125 1.7137
28.375 79.375 0.88364
28.375 79.625 0.097282
28.375 79.875 0.21424
28.375 80.125 0.47197
28.375 80.375 0.28629
28.375 80.625 0.3547
28.375 80.875 0.24114
28.375 81.125 0.80761
28.375 93.375 0.97642
28.375 93.625 0.60338
28.375 93.875 0.38875
28.375 94.125 0.45679
28.375 94.375 -0.39597
28.375 94.625 -0.078351
28.375 94.875 -0.30615
28.375 95.125 -0.33918
28.375 95.375 -0.78405
28.375 95.625 1.5132
28.375 95.875 0.62939
28.375 96.125 -0.20564
NaN NaN NaN
28.625 72.375 -0.16828
28.625 72.625 -0.39734
28.625 72.875 -1.0808
28.625 73.125 -0.21581
28.625 73.375 -0.46381
28.625 73.625 -0.85349
28.625 73.875 -0.54059
28.625 74.125 -0.39085
28.625 74.375 0.87974
28.625 74.625 0.2083
28.625 74.875 -0.17005
28.625 75.125 0.05227
28.625 75.375 0.081714
28.625 75.625 -0.35766
28.625 75.875 0.01453
28.625 76.125 -0.16861
28.625 76.375 0.095805
28.625 76.625 0.64699
28.625 76.875 -0.25443
28.625 77.125 -0.74181
28.625 77.375 -0.61618
28.625 77.625 -0.70972
28.625 77.875 0.20077
28.625 78.125 0.72714
28.625 78.375 1.1769
28.625 78.625 -0.66055
28.625 78.875 0.15657
28.625 79.125 0.61372
28.625 79.375 0.57117
28.625 79.625 1.2002
28.625 79.875 1.0171
28.625 80.125 1.0223
28.625 80.375 0.47733
28.625 80.625 0.51493
28.625 93.625 2.0848
28.625 93.875 1.7476
28.625 94.125 0.92977
28.625 94.375 -0.26726
28.625 94.625 0.86503
28.625 94.875 0.34735
28.625 95.125 -0.5886
28.625 95.375 -0.52139
28.625 95.625 0.19796
28.625 95.875 -0.46151
28.625 96.125 0.12899
NaN NaN NaN
28.875 72.875 -1.038
28.875 73.125 -0.30129
28.875 73.375 -0.58306
28.875 73.625 -0.85791
28.875 73.875 0.53581
28.875 74.125 1.3494
28.875 74.375 -0.12614
28.875 74.625 1.1701
28.875 74.875 0.21724
28.875 75.125 0.12994
28.875 75.375 -0.26563
28.875 75.625 0.64991
28.875 75.875 0.0046617
28.875 76.125 -0.25869
28.875 76.375 0.25053
28.875 76.625 0.17553
28.875 76.875 -0.0094268
28.875 77.125 -0.22898
28.875 77.375 0.14882
28.875 77.625 -0.453
28.875 77.875 0.12627
28.875 78.125 0.18576
28.875 78.375 -0.21211
28.875 78.625 0.68572
28.875 78.875 0.22159
28.875 79.125 1.3769
28.875 79.375 1.3329
28.875 79.625 2.0079
28.875 79.875 2.0139
28.875 94.125 0.13935
28.875 94.375 0.25441
28.875 94.625 1.3499
28.875 94.875 1.3665
28.875 95.125 0.22038
28.875 95.375 -1.1796
28.875 95.625 -0.1342
28.875 95.875 -0.71323
28.875 96.125 0.15769
NaN NaN NaN
29.125 73.125 0.92899
29.125 73.375 1.0412
29.125 73.625 0.83156
29.125 73.875 1.2829
29.125 74.125 0.69174
29.125 74.375 0.76262
29.125 74.625 1.0566
29.125 74.875 0.77002
29.125 75.125 -0.65631
29.125 75.375 0.35751
29.125 75.625 0.55588
29.125 75.875 0.27642
29.125 76.125 -0.26126
29.125 76.375 -0.52536
29.125 76.625 0.55489
29.125 76.875 0.063944
29.125 77.125 -0.51198
29.125 77.375 -0.63906
29.125 77.625 -1.2408
29.125 77.875 -0.36982
29.125 78.125 -0.15279
29.125 78.375 -0.12675
29.125 78.625 0.78794
29.125 78.875 0.13372
29.125 79.125 1.8354
29.125 79.375 1.7119
29.125 79.625 1.7646
29.125 79.875 1.5876
29.125 80.125 1.6938
29.125 94.375 1.01
29.125 94.625 1.1484
29.125 94.875 1.1673
29.125 95.625 1.3557
29.125 95.875 1.1673
29.125 96.125 2.2776
29.375 73.375 1.0072
29.375 73.625 0.19574
29.375 73.875 0.19652
29.375 74.125 0.30287
29.375 74.375 0.9596
29.375 74.625 0.063164
29.375 74.875 -0.62345
29.375 75.125 -0.55403
29.375 75.375 -0.89844
29.375 75.625 0.06702
29.375 75.875 -0.9234
29.375 76.125 -0.95631
29.375 76.375 -0.97905
29.375 76.625 0.0068644
29.375 76.875 -0.83016
29.375 77.125 -1.2592
29.375 77.375 -1.9878
29.375 77.625 -1.2365
29.375 77.875 -0.49715
29.375 78.125 -0.11762
29.375 78.375 -0.18059
29.375 78.625 -0.55455
29.375 78.875 0.39469
29.375 79.125 1.176
29.375 79.375 1.5876
29.375 79.625 -0.017025
29.375 79.875 0.12471
29.375 80.125 0.0097954
NaN NaN NaN
29.625 73.375 0.87106
29.625 73.625 -0.23389
29.625 73.875 -0.603
29.625 74.125 1.0672
29.625 74.375 0.13642
29.625 74.625 -0.71041
29.625 74.875 -0.14789
29.625 75.125 -0.48315
29.625 75.375 -0.55194
29.625 75.625 0.99772
29.625 75.875 -0.83066
29.625 76.125 -0.81861
29.625 76.375 -0.56315
29.625 76.625 0.041144
29.625 76.875 0.16239
29.625 77.125 -1.8733
29.625 77.375 -1.5859
29.625 77.625 -1.0112
29.625 77.875 -0.44193
29.625 78.125 -0.081735
29.625 78.375 -0.1325
29.625 78.625 -0.6268
29.625 78.875 -0.8434
29.625 79.125 0.29131
29.625 79.375 0.011185
29.625 79.625 0.11764
29.625 79.875 -0.11879
29.625 80.125 -0.23084
29.875 73.625 -0.47309
29.875 73.875 0.092536
29.875 74.125 0.44306
29.875 74.375 -1.0052
29.875 74.625 -0.83166
29.875 74.875 -0.94963
29.875 75.125 -0.20767
29.875 75.375 -0.47342
29.875 75.625 0.59702
29.875 75.875 -0.78356
29.875 76.125 -0.91566
29.875 76.375 -0.44775
29.875 76.625 -0.35276
29.875 76.875 -1.3175
29.875 77.125 -1.4843
29.875 77.375 -1.3791
29.875 77.625 -1.1186
29.875 77.875 -0.22705
29.875 78.125 -0.0047993
29.875 78.375 0.2342
29.875 78.625 0.53199
29.875 78.875 0.4549
29.875 79.125 -1.1395
29.875 79.375 -1.0221
29.875 79.625 -0.019408
29.875 79.875 -0.53503
29.875 80.125 -0.29459
29.875 80.375 -0.24716
30.125 74.125 1.2389
30.125 74.375 -0.0049127
30.125 74.625 -0.51636
30.125 74.875 -0.6692
30.125 75.125 -0.23957
30.125 75.375 0.082912
30.125 75.625 0.5848
30.125 75.875 -0.128
30.125 76.125 -0.75803
30.125 76.375 -0.63787
30.125 76.625 -1.1548
30.125 76.875 -1.67
30.125 77.125 -0.70439
30.125 77.375 -1.2377
30.125 77.625 0.44583
30.125 77.875 0.027391
30.125 78.125 0.41588
30.125 78.375 1.3934
30.125 78.625 0.79307
30.125 78.875 0.08681
30.125 79.125 -0.70752
30.125 79.375 -1.0231
30.125 79.625 -0.52491
30.125 79.875 -0.22999
30.125 80.125 -0.64303
30.125 80.375 -0.58239
30.125 80.625 -0.63556
30.375 74.125 0.76806
30.375 74.375 0.24717
30.375 74.625 0.13407
30.375 74.875 0.10844
30.375 75.125 0.036793
30.375 75.375 0.075732
30.375 75.625 -0.3747
30.375 75.875 -1.3157
30.375 76.125 -0.71722
30.375 76.375 -1.1667
30.375 76.625 -1.3884
30.375 76.875 -0.081883
30.375 77.125 -0.019199
30.375 77.375 0.84782
30.375 77.625 1.5431
30.375 77.875 1.8138
30.375 78.125 -0.10892
30.375 78.375 -1.0643
30.375 78.625 -0.56205
30.375 78.875 -0.49104
30.375 79.125 -0.59913
30.375 79.375 -0.90885
30.375 79.625 -0.26491
30.375 79.875 -1.2292
30.375 80.125 -1.0347
30.375 80.375 0.064342
30.375 80.625 -0.29804
30.625 74.375 0.49689
30.625 74.625 0.24199
30.625 74.875 0.036352
30.625 75.125 -0.098421
30.625 75.375 -0.93888
30.625 75.625 0.2079
30.625 75.875 -0.16998
30.625 76.125 -0.9837
30.625 76.375 -1.1485
30.625 76.625 0.28567
30.625 76.875 -0.38107
30.625 77.125 1.1694
30.625 77.375 1.571
30.625 77.625 0.44149
30.625 77.875 0.58253
30.625 78.125 -0.11051
30.625 78.375 -1.2715
30.625 78.625 -1.2151
30.625 78.875 -1.1551
30.625 79.125 -0.55686
30.625 79.375 -0.94653
30.625 79.625 -0.27663
30.625 79.875 -1.2739
30.625 80.125 -0.64189
30.875 74.625 -0.55426
30.875 74.875 -0.53901
30.875 75.125 -0.60628
30.875 75.375 -0.55819
30.875 75.625 -0.52656
30.875 75.875 -0.038446
30.875 76.125 0.033116
30.875 76.375 0.15999
30.875 76.625 1.169
30.875 76.875 1.2552
30.875 77.125 0.90442
30.875 77.375 0.43123
30.875 77.625 0.11339
30.875 77.875 -0.43374
30.875 78.125 -1.0468
30.875 78.375 -1.9483
30.875 78.625 -1.6527
30.875 78.875 0.21072
30.875 79.125 -1.2573
30.875 79.375 0.50845
30.875 79.625 0.2296
30.875 79.875 -0.32594
31.125 74.875 -0.72877
31.125 75.125 -1.0434
31.125 75.375 -0.93373
31.125 75.625 -1.1588
31.125 75.875 -1.1014
31.125 76.125 0.63736
31.125 76.375 1.2869
31.125 76.625 1.0873
31.125 76.875 1.0307
31.125 77.125 0.16345
31.125 77.375 0.061505
31.125 77.625 0.89667
31.125 77.875 -0.55393
31.125 78.125 -1.3049
31.125 78.375 -1.4715
31.125 78.625 -1.3469
31.125 78.875 -1.9262
31.125 79.125 2.1689
31.375 74.875 -0.35172
31.375 75.125 -1.1115
31.375 75.375 -1.3509
31.375 75.625 0.070397
31.375 75.875 1.865
31.375 76.125 1.5218
31.375 76.375 1.0498
31.375 76.625 0.73927
31.375 76.875 -1.3161
31.375 77.125 0.43351
31.375 77.375 0.56777
31.375 77.625 1.0214
31.375 77.875 -0.2595
31.375 78.125 0.33674
31.375 78.375 1.3081
31.375 78.625 1.4143
31.625 74.875 -0.35245
31.625 75.125 0.19454
31.625 75.375 0.40275
31.625 75.625 0.28788
31.625 75.875 -1.1856
31.625 76.125 0.28321
31.625 76.375 0.72064
31.625 76.625 0.60515
31.625 76.875 -0.37878
31.625 77.125 -1.5257
31.625 77.375 1.3973
31.625 77.625 2.038
31.625 77.875 1.3943
31.625 78.125 1.5541
31.625 78.375 2.0302
31.625 78.625 1.6474
31.875 74.875 0.81762
31.875 75.125 0.59636
31.875 75.375 -0.024345
31.875 75.625 0.018114
31.875 75.875 0.79003
31.875 76.125 0.8176
31.875 76.375 0.72657
31.875 76.625 1.225
31.875 76.875 -1.0824
31.875 77.125 0.28199
31.875 77.375 1.1358
31.875 77.625 1.7626
31.875 77.875 1.7436
31.875 78.125 1.5647
31.875 78.375 1.7984
31.875 78.625 1.6435
32.125 75.375 0.03608
32.125 75.625 0.88762
32.125 75.875 1.1572
32.125 76.125 0.17638
32.125 76.375 -0.059883
32.125 76.625 -1.6057
32.125 76.875 -0.75438
32.125 77.125 -0.43743
32.125 77.375 -1.2367
32.125 77.625 2.1119
32.125 77.875 1.2866
32.125 78.125 1.0764
32.125 78.375 1.6465
32.375 75.375 -0.57044
32.375 75.625 0.25797
32.375 75.875 0.043828
32.375 76.125 -0.93688
32.375 76.375 -0.53768
32.375 76.625 -2.119
32.375 76.875 -2.2227
32.375 77.125 1.9298
32.375 77.375 1.9124
32.375 77.625 1.7882
32.375 77.875 0.66884
32.375 78.125 1.2789
32.375 78.375 1.2788
32.625 74.875 -0.071779
32.625 75.125 0.10284
32.625 75.375 -0.29807
32.625 75.625 -0.67507
32.625 75.875 -1.2159
32.625 76.125 -0.63622
32.625 76.375 -1.6272
32.625 76.625 -2.3302
32.625 76.875 1.8615
32.625 77.125 1.6923
32.625 77.375 1.4423
32.625 77.625 1.4326
32.625 77.875 1.8972
32.625 78.125 1.1787
32.625 78.375 1.029
32.625 78.625 0.74185
32.625 78.875 0.99758
32.625 79.125 1.7469
32.625 79.375 1.915
32.875 74.375 1.1759
32.875 74.625 0.56404
32.875 74.875 0.51177
32.875 75.125 0.59862
32.875 75.375 -0.13328
32.875 75.625 -0.76532
32.875 75.875 -1.1574
32.875 76.125 0.0035779
32.875 76.375 0.32779
32.875 76.625 1.2201
32.875 76.875 1.9189
32.875 77.125 1.479
32.875 77.375 1.453
32.875 77.625 1.1039
32.875 77.875 0.46829
32.875 78.125 0.63408
32.875 78.375 0.79077
32.875 78.625 1.0501
32.875 78.875 1.4979
32.875 79.125 1.2404
32.875 79.375 1.3714
33.125 73.875 0.51296
33.125 74.125 0.82662
33.125 74.375 0.57281
33.125 74.625 -0.30022
33.125 74.875 0.91118
33.125 75.125 0.90739
33.125 75.375 0.18489
33.125 75.625 0.069911
33.125 75.875 0.11987
33.125 76.125 0.45201
33.125 76.375 1.6578
33.125 76.625 1.9414
33.125 76.875 1.501
33.125 77.125 2.1755
33.125 77.375 0.38446
33.125 77.625 0.059965
33.125 77.875 -1.244
33.125 78.125 -0.27673
33.125 78.375 0.27655
33.125 78.625 1.5079
33.125 78.875 1.2531
33.125 79.125 1.5815
33.375 73.875 0.45391
33.375 74.125 0.77745
33.375 74.375 0.16033
33.375 74.625 -0.13128
33.375 74.875 -0.19332
33.375 75.125 -0.41515
33.375 75.375 -0.086911
33.375 75.625 0.088019
33.375 75.875 0.15758
33.375 76.125 0.38747
33.375 76.375 1.9787
33.375 76.625 2.0583
33.375 76.875 1.4353
33.375 77.125 1.8158
33.375 77.375 1.5364
33.375 77.625 0.31523
33.375 77.875 -1.2172
33.375 78.125 1.7942
33.375 78.375 2.1618
33.375 78.625 1.9603
33.375 78.875 1.747
33.625 73.875 0.113
33.625 74.125 0.92788
33.625 74.375 0.71392
33.625 74.625 -0.34474
33.625 74.875 -0.51619
33.625 75.125 -0.12256
33.625 75.375 0.90094
33.625 75.625 0.3786
33.625 75.875 -0.42846
33.625 76.125 1.6661
33.625 76.375 1.3308
33.625 76.625 0.37305
33.625 76.875 1.3984
33.625 77.125 1.1938
33.625 77.375 1.8685
33.625 77.625 1.6612
33.625 77.875 2.0747
33.625 78.125 1.9339
33.625 78.375 2.0361
33.625 78.625 1.7724
33.625 78.875 1.239
33.875 73.875 -0.11884
33.875 74.125 0.15698
33.875 74.375 0.28756
33.875 74.625 0.99897
33.875 74.875 -0.18517
33.875 75.125 0.28378
33.875 75.375 0.014783
33.875 75.625 0.21396
33.875 75.875 2.0298
33.875 76.125 1.0649
33.875 76.375 1.4178
33.875 76.625 1.0397
33.875 76.875 1.2036
33.875 77.125 1.1525
33.875 77.375 1.5685
33.875 77.625 1.1942
33.875 77.875 1.4659
33.875 78.125 2.0759
33.875 78.375 2.0669
33.875 78.625 1.4177
33.875 78.875 2.3749
34.125 73.625 -0.30855
34.125 73.875 0.32068
34.125 74.125 0.47135
34.125 74.375 0.051026
34.125 74.625 0.073585
34.125 74.875 0.37235
34.125 75.125 0.54565
34.125 75.375 0.42619
34.125 75.625 1.1626
34.125 75.875 1.4486
34.125 76.125 1.3767
34.125 76.375 1.4447
34.125 76.625 1.3362
34.125 76.875 0.81358
34.125 77.125 0.57489
34.125 77.375 0.68256
34.125 77.625 1.6778
34.125 77.875 1.5333
34.125 78.125 1.4711
34.125 78.375 1.901
34.125 78.625 1.7712
34.125 78.875 1.9347
34.125 79.125 1.6632
34.125 79.375 1.9533
34.375 73.625 -0.67992
34.375 73.875 -1.3245
34.375 74.125 -0.50534
34.375 74.375 0.84773
34.375 74.625 0.8703
34.375 74.875 0.6669
34.375 75.125 0.14485
34.375 75.375 0.36702
34.375 75.625 1.7192
34.375 75.875 1.9468
34.375 76.125 1.677
34.375 76.375 1.5251
34.375 76.625 1.1013
34.375 76.875 0.8268
34.375 77.125 1.6972
34.375 77.375 1.1128
34.375 77.625 0.73292
34.375 77.875 1.3146
34.375 78.125 1.5837
34.375 78.375 1.8802
34.375 78.625 2.3817
34.375 78.875 -0.022061
34.375 79.125 2.0101
34.375 79.375 1.8331
34.625 73.875 -0.12592
34.625 74.125 -1.1173
34.625 74.375 0.97213
34.625 74.625 -0.43247
34.625 74.875 0.74542
34.625 75.125 0.78332
34.625 75.375 1.6664
34.625 75.625 0.47809
34.625 75.875 1.6041
34.625 76.125 1.4384
34.625 76.375 0.56042
34.625 76.625 1.4298
34.625 76.875 1.3116
34.625 77.125 2.0355
34.625 77.375 1.6586
34.625 77.625 2.1189
34.625 77.875 1.5333
34.625 78.125 1.5706
34.625 78.375 2.3453
34.625 78.625 1.1472
34.625 78.875 -0.45383
34.625 79.125 0.42455
34.625 79.375 1.8932
34.625 79.625 1.6921
34.875 74.125 1.958
34.875 74.375 2.2729
34.875 74.625 1.0132
34.875 74.875 0.95809
34.875 75.125 0.92422
34.875 75.375 -0.39653
34.875 75.625 1.6281
34.875 75.875 1.3511
34.875 76.125 0.60949
34.875 76.375 0.32866
34.875 76.625 1.4149
34.875 76.875 2.2592
34.875 77.125 2.1538
34.875 77.375 1.993
34.875 77.625 1.4998
34.875 77.875 1.4403
34.875 78.125 1.7546
34.875 78.375 2.3139
34.875 78.625 -0.36704
34.875 78.875 0.28972
34.875 79.125 0.66251
34.875 79.375 2.3025
34.875 79.625 0.093849
34.875 79.875 1.2689
35.125 74.375 2.3577
35.125 74.625 0.38663
35.125 74.875 1.7324
35.125 75.125 0.41496
35.125 75.375 1.7856
35.125 75.625 2.2841
35.125 75.875 2.3112
35.125 76.125 0.11033
35.125 76.375 1.6355
35.125 76.625 2.0636
35.125 76.875 0.97416
35.125 77.125 2.0342
35.125 77.375 1.2797
35.125 77.625 -0.44793
35.125 77.875 1.1245
35.125 78.125 -0.59565
35.125 78.375 -0.93577
35.125 78.625 -0.042167
35.125 78.875 2.2966
35.125 79.125 1.889
35.125 79.375 0.5936
35.125 79.625 -0.57726
35.125 79.875 1.6604
35.375 73.875 1.9978
35.375 74.125 2.1659
35.375 74.375 2.1904
35.375 74.625 2.2142
35.375 74.875 2.3306
35.375 75.125 0.18883
35.375 75.375 2.3117
35.375 75.625 2.3072
35.375 75.875 2.3713
35.375 76.125 2.3495
35.375 76.375 2.323
35.375 76.625 1.9402
35.375 76.875 1.5069
35.375 77.125 1.4275
35.375 77.375 -1.2316
35.375 77.625 -0.36521
35.375 77.875 -0.82209
35.375 78.125 -1.2489
35.375 78.375 -0.17686
35.375 78.625 1.33
35.375 78.875 1.2293
35.375 79.125 1.6358
35.375 79.375 -0.28461
35.375 79.625 -0.087489
35.375 79.875 0.52956
NaN NaN NaN
35.625 73.375 1.4722
35.625 73.625 1.3329
35.625 73.875 1.5969
35.625 74.125 -0.26906
35.625 74.375 0.16522
35.625 74.625 1.211
35.625 74.875 2.1973
35.625 75.125 2.3192
35.625 75.375 2.3839
35.625 75.625 2.4086
35.625 75.875 2.3662
35.625 76.125 2.444
35.625 76.375 2.3533
35.625 76.625 -1.366
35.625 76.875 -1.2462
35.625 77.125 -0.17233
35.625 78.375 1.2018
35.625 78.625 1.0347
35.625 78.875 0.63077
35.625 79.125 0.73438
35.625 79.375 1.8433
35.625 79.625 1.17
35.625 79.875 1.5227
35.625 80.125 2.0907
35.875 73.125 1.636
35.875 73.375 0.67639
35.875 73.625 1.0536
35.875 73.875 0.81512
35.875 74.125 0.73614
35.875 74.375 -0.30261
35.875 74.625 1.0119
35.875 74.875 2.312
35.875 75.125 2.2702
35.875 75.375 -0.19989
35.875 75.625 2.372
35.875 75.875 2.3877
35.875 76.125 2.227
35.875 76.375 2.4422
35.875 76.625 -1.1406
35.875 79.375 2.2059
36.125 72.625 1.9777
36.125 72.875 1.1698
36.125 73.125 1.7517
36.125 73.375 0.67318
36.125 73.625 0.1288
36.125 73.875 0.1747
36.125 74.125 -1.2885
36.125 74.375 -1.3614
36.125 74.625 2.1692
36.125 74.875 2.3218
36.125 75.125 2.2611
36.125 75.375 1.6163
36.125 75.625 -1.1542
36.125 75.875 2.3882
36.125 76.125 1.4003
36.125 76.375 2.4391
36.125 76.625 2.2181
36.375 73.125 1.6999
36.375 73.375 2.4123
36.375 73.625 2.2961
36.375 73.875 1.576
36.375 74.125 2.2232
36.375 74.375 2.0505
36.375 74.625 2.2239
36.375 74.875 2.3037
36.375 75.125 2.2217
36.375 75.375 2.427
36.375 75.625 2.4476
36.375 75.875 2.4061
36.375 76.125 2.4337
36.625 73.375 2.0862
36.625 73.625 2.3152
36.625 73.875 1.4206
36.625 74.125 2.0703
36.625 74.375 0.60078
36.625 74.625 1.7016
36.625 74.875 2.344
36.625 75.125 2.4364
36.625 75.375 2.4049
36.625 75.625 2.1154
36.875 73.875 -1.6632
36.875 74.375 -1.1566
36.875 74.625 -1.3353
36.875 74.875 -2.3803
36.875 75.125 -2.2339
36.875 75.375 -1.1444
