8.125 77.375 0.49261
8.375 77.125 -0.19029
8.375 77.375 0.35933
8.375 77.625 1.4285
8.375 77.875 0.68791
8.625 76.875 -0.50079
8.625 77.125 0.40198
8.625 77.375 0.51051
8.625 77.625 -0.26463
8.625 77.875 0.24571
8.875 76.875 -1.0463
8.875 77.125 1.5431
8.875 77.375 -0.27104
8.875 77.625 -0.4812
8.875 77.875 -1.0482
9.125 76.625 -0.073558
9.125 76.875 0.14244
9.125 77.125 0.2108
9.125 77.375 0.24344
9.125 77.625 -0.31249
9.125 77.875 -0.60942
9.125 78.125 0.16124
NaN NaN NaN
9.375 76.625 -0.43517
9.375 76.875 -0.45191
9.375 77.125 0.20188
9.375 77.375 0.51696
9.375 77.625 -0.23048
9.375 77.875 -0.17047
9.375 78.125 -0.051944
9.375 78.375 -0.29899
9.375 78.625 -0.77247
NaN NaN NaN
9.625 76.375 -0.67326
9.625 76.625 -0.71498
9.625 76.875 -0.19623
9.625 77.125 0.34427
9.625 77.375 1.0988
9.625 77.625 0.15746
9.625 77.875 0.95839
9.625 78.125 -0.27492
9.625 78.375 -0.093308
9.625 78.625 -0.028697
9.875 76.625 -0.27345
9.875 76.875 -0.63523
9.875 77.125 1.8506
9.875 77.375 -0.32385
9.875 77.625 0.72569
9.875 77.875 0.051212
9.875 78.125 -0.83115
9.875 78.375 -0.12266
9.875 78.625 0.046689
9.875 78.875 0.30656
10.125 76.375 -0.43303
10.125 76.625 0.72753
10.125 76.875 2.0928
10.125 77.125 0.16015
10.125 77.375 -0.53716
10.125 77.625 0.63816
10.125 77.875 0.88999
10.125 78.125 0.11337
10.125 78.375 0.55542
10.125 78.625 -0.32038
10.125 78.875 -0.58828
10.125 79.125 0.23555
10.375 76.375 -1.3521
10.375 76.625 -0.44867
10.375 76.875 0.041744
10.375 77.125 0.4699
10.375 77.375 0.67581
10.375 77.625 0.16712
10.375 77.875 -1.2758
10.375 78.125 -0.1424
10.375 78.375 0.079014
10.375 78.625 -0.285
10.375 78.875 -0.66456
10.375 79.125 0.94354
NaN NaN NaN
NaN NaN NaN
10.625 76.125 -1.5083
10.625 76.375 -0.98979
10.625 76.625 0.20396
10.625 76.875 0.23798
10.625 77.125 -0.044439
10.625 77.375 -0.16593
10.625 77.625 0.27005
10.625 77.875 -0.21481
10.625 78.125 -0.86142
10.625 78.375 -0.51688
10.625 78.625 0.71212
10.625 78.875 0.43068
10.625 79.125 0.74467
10.625 79.375 1.578
10.625 79.625 0.98299
10.875 76.125 0.25457
10.875 76.375 1.0906
10.875 76.625 0.18234
10.875 76.875 -0.056213
10.875 77.125 -0.19368
10.875 77.375 -0.54599
10.875 77.625 -0.35339
10.875 77.875 -0.6915
10.875 78.125 -1.1157
10.875 78.375 -0.14142
10.875 78.625 0.66027
10.875 78.875 0.86551
10.875 79.125 0.032806
10.875 79.375 0.52613
10.875 79.625 0.89136
11.125 76.125 0.15937
11.125 76.375 1.0534
11.125 76.625 0.22414
11.125 76.875 -0.12023
11.125 77.125 -0.26939
11.125 77.375 -0.4909
11.125 77.625 -0.19159
11.125 77.875 -0.47814
11.125 78.125 -0.46566
11.125 78.375 0.36783
11.125 78.625 0.99235
11.125 78.875 0.34877
11.125 79.125 0.35235
11.125 79.375 0.18498
11.125 79.625 0.47975
11.375 75.875 -0.1481
11.375 76.125 0.92357
11.375 76.375 1.2363
11.375 76.625 -0.49166
11.375 76.875 -0.57327
11.375 77.125 -0.44354
11.375 77.375 -0.17925
11.375 77.625 -0.23003
11.375 77.875 -0.99818
11.375 78.125 -0.56275
11.375 78.375 -0.030527
11.375 78.625 -0.44562
11.375 78.875 0.61102
11.375 79.125 0.29832
11.375 79.375 0.79204
11.375 79.625 0.13019
11.625 75.875 0.38031
11.625 76.125 0.5698
11.625 76.375 -0.65147
11.625 76.625 0.24108
11.625 76.875 -0.088639
11.625 77.125 -0.65104
11.625 77.375 -0.753
11.625 77.625 -0.52691
11.625 77.875 -0.80047
11.625 78.125 -0.87225
11.625 78.375 -1.2547
11.625 78.625 -0.45584
11.625 78.875 -0.15641
11.625 79.125 0.79744
11.625 79.375 0.21095
NaN NaN NaN
NaN NaN NaN
11.875 75.875 -0.24084
11.875 76.125 0.54875
11.875 76.375 -0.57275
11.875 76.625 0.22265
11.875 76.875 -1.0479
11.875 77.125 -1.0083
11.875 77.375 -0.99962
11.875 77.625 -0.5671
11.875 77.875 -0.87584
11.875 78.125 -0.96629
11.875 78.375 -0.89014
11.875 78.625 -0.1901
11.875 78.875 -0.25258
11.875 79.125 0.48801
11.875 79.375 -0.38686
11.875 79.625 0.08784
12.125 75.375 -1.536
12.125 75.625 -0.17684
12.125 75.875 0.14667
12.125 76.125 -0.41585
12.125 76.375 -0.95611
12.125 76.625 -0.30217
12.125 76.875 -0.91802
12.125 77.125 -0.76355
12.125 77.375 -1.0604
12.125 77.625 -0.71199
12.125 77.875 -0.80639
12.125 78.125 -0.32207
12.125 78.375 0.31695
12.125 78.625 -0.13244
12.125 78.875 -0.36656
12.125 79.125 0.8078
12.125 79.375 -0.89595
12.125 79.625 -0.18491
12.375 75.125 -1.4343
12.375 75.375 -1.0635
12.375 75.625 -0.45049
12.375 75.875 0.46511
12.375 76.125 -0.34716
12.375 76.375 -0.079244
12.375 76.625 -0.017347
12.375 76.875 -0.84304
12.375 77.125 -1.0393
12.375 77.375 -0.97673
12.375 77.625 -0.97606
12.375 77.875 -0.68764
12.375 78.125 -0.36413
12.375 78.375 -0.85628
12.375 78.625 0.16406
12.375 78.875 -0.16185
12.375 79.125 0.034308
12.375 79.375 0.13111
12.375 79.625 -0.66281
12.375 79.875 -0.55982
12.625 75.125 -2.0461
12.625 75.375 -1.4806
12.625 75.625 -0.38331
12.625 75.875 -0.94439
12.625 76.125 -1.1503
12.625 76.375 -0.31392
12.625 76.625 0.91329
12.625 76.875 -0.26705
12.625 77.125 -0.72961
12.625 77.375 -0.78409
12.625 77.625 -0.18504
12.625 77.875 -0.29911
12.625 78.125 -0.3855
12.625 78.375 0.83482
12.625 78.625 0.23034
12.625 78.875 0.38603
12.625 79.125 0.24079
12.625 79.375 -0.64327
12.625 79.625 -0.55827
12.625 79.875 -0.27684
12.875 75.125 -1.3018
12.875 75.375 -0.68129
12.875 75.625 -0.46874
12.875 75.875 -0.6093
12.875 76.125 -1.0768
12.875 76.375 -1.2035
12.875 76.625 -0.33828
12.875 76.875 -0.65687
12.875 77.125 -0.086976
12.875 77.375 -0.045758
12.875 77.625 -1.8702
12.875 77.875 -1.9077
12.875 78.125 -0.29204
12.875 78.375 -0.20667
12.875 78.625 0.19725
12.875 78.875 -0.21544
12.875 79.125 0.1611
12.875 79.375 0.19615
12.875 79.625 0.19418
12.875 79.875 0.17768
NaN NaN NaN
13.125 75.125 -0.23796
13.125 75.375 -0.62396
13.125 75.625 -0.27081
13.125 75.875 -0.44999
13.125 76.125 0.063579
13.125 76.375 0.37619
13.125 76.625 1.2531
13.125 76.875 -0.72019
13.125 77.125 -0.51936
13.125 77.375 -0.91126
13.125 77.625 -0.55949
13.125 77.875 -1.333
13.125 78.125 -1.0159
13.125 78.375 -2.0073
13.125 78.625 -1.6062
13.125 78.875 -1.0971
13.125 79.125 0.6863
13.125 79.375 0.47897
13.125 79.625 0.35931
13.125 79.875 0.1827
13.125 80.125 -0.05745
NaN NaN NaN
13.375 75.125 -0.2474
13.375 75.375 -0.090474
13.375 75.625 -0.70937
13.375 75.875 -0.68874
13.375 76.125 0.31605
13.375 76.375 0.54165
13.375 76.625 0.60289
13.375 76.875 -0.66211
13.375 77.125 -0.76283
13.375 77.375 -0.47351
13.375 77.625 0.0083467
13.375 77.875 0.11734
13.375 78.125 -0.81767
13.375 78.375 -0.24388
13.375 78.625 -0.49246
13.375 78.875 -1.0296
13.375 79.125 -0.26437
13.375 79.375 -0.072057
13.375 79.625 -0.13129
13.375 79.875 0.33227
13.375 80.125 -0.044312
13.625 74.875 -0.7757
13.625 75.125 0.3224
13.625 75.375 0.2308
13.625 75.625 -0.033845
13.625 75.875 -0.095872
13.625 76.125 -0.27188
13.625 76.375 -0.78283
13.625 76.625 -0.8042
13.625 76.875 -1.1441
13.625 77.125 -0.56701
13.625 77.375 -1.446
13.625 77.625 -0.89777
13.625 77.875 -0.48357
13.625 78.125 -0.66925
13.625 78.375 0.39067
13.625 78.625 0.12969
13.625 78.875 -0.41789
13.625 79.125 -0.54125
13.625 79.375 -0.41267
13.625 79.625 -0.42441
13.625 79.875 -0.092327
13.625 80.125 0.27484
13.875 74.875 0.60109
13.875 75.125 0.32175
13.875 75.375 0.57771
13.875 75.625 -0.37802
13.875 75.875 -0.29385
13.875 76.125 -0.25868
13.875 76.375 -0.045363
13.875 76.625 -0.3981
13.875 76.875 -1.6904
13.875 77.125 -0.86682
13.875 77.375 -1.5548
13.875 77.625 -1.4951
13.875 77.875 -1.0398
13.875 78.125 -0.83491
13.875 78.375 0.39505
13.875 78.625 0.61557
13.875 78.875 0.022287
13.875 79.125 -1.0253
13.875 79.375 -0.70843
13.875 79.625 -0.83322
13.875 79.875 -0.27103
14.125 74.625 -0.60933
14.125 74.875 -0.76234
14.125 75.125 0.12095
14.125 75.375 -0.45676
14.125 75.625 0.071943
14.125 75.875 0.0078928
14.125 76.125 -0.16847
14.125 76.375 0.36374
14.125 76.625 -1.3497
14.125 76.875 0.25541
14.125 77.125 0.016931
14.125 77.375 -0.62119
14.125 77.625 -0.095616
14.125 77.875 -0.36301
14.125 78.125 -0.78283
14.125 78.375 -0.23195
14.125 78.625 -0.53221
14.125 78.875 -0.98078
14.125 79.125 -0.17654
14.125 79.375 -0.83632
14.125 79.625 -0.52835
14.125 79.875 -0.21858
14.375 74.625 -1.2644
14.375 74.875 -1.2642
14.375 75.125 -1.2742
14.375 75.375 -0.97556
14.375 75.625 -0.42944
14.375 75.875 0.05335
14.375 76.125 0.46486
14.375 76.375 0.362
14.375 76.625 -0.38102
14.375 76.875 -1.233
14.375 77.125 -0.49666
14.375 77.375 -0.35427
14.375 77.625 -0.10847
14.375 77.875 -0.20498
14.375 78.125 -0.95076
14.375 78.375 -1.6098
14.375 78.625 -0.78025
14.375 78.875 -0.23501
14.375 79.125 0.3248
14.375 79.375 1.0694
14.375 79.625 0.022159
14.375 79.875 -0.14396
NaN NaN NaN
14.625 74.625 -1.0076
14.625 74.875 -1.7717
14.625 75.125 0.045247
14.625 75.375 0.121
14.625 75.625 -1.0649
14.625 75.875 0.080715
14.625 76.125 0.1459
14.625 76.375 -0.80953
14.625 76.625 -0.64416
14.625 76.875 -1.3846
14.625 77.125 -1.4638
14.625 77.375 -0.5707
14.625 77.625 -0.99109
14.625 77.875 -0.936
14.625 78.125 -0.38495
14.625 78.375 -0.11913
14.625 78.625 -1.2579
14.625 78.875 -0.36221
14.625 79.125 0.68129
14.625 79.375 0.39097
14.625 79.625 -0.30914
14.625 79.875 -0.28462
14.875 74.375 -0.41052
14.875 74.625 -0.43684
14.875 74.875 -0.55762
14.875 75.125 -0.0018497
14.875 75.375 -0.047131
14.875 75.625 -0.26963
14.875 75.875 -1.027
14.875 76.125 -0.46475
14.875 76.375 -0.84065
14.875 76.625 -0.084048
14.875 76.875 -1.221
14.875 77.125 -1.4232
14.875 77.375 -1.2115
14.875 77.625 -1.5835
14.875 77.875 -2.1471
14.875 78.125 -0.51484
14.875 78.375 1.4689
14.875 78.625 -1.0112
14.875 78.875 -0.89138
14.875 79.125 -0.42053
14.875 79.375 -0.8859
14.875 79.625 -0.5161
14.875 79.875 -0.42024
15.125 74.125 -1.2447
15.125 74.375 -0.3595
15.125 74.625 0.24191
15.125 74.875 1.0693
15.125 75.125 0.77187
15.125 75.375 0.57321
15.125 75.625 -0.89501
15.125 75.875 -0.7015
15.125 76.125 -1.5017
15.125 76.375 0.28969
15.125 76.625 -1.247
15.125 76.875 -1.3166
15.125 77.125 -1.3896
15.125 77.375 -1.6379
15.125 77.625 -1.9463
15.125 77.875 -2.055
15.125 78.125 -0.27116
15.125 78.375 1.3571
15.125 78.625 0.66632
15.125 78.875 0.45911
15.125 79.125 0.053331
15.125 79.375 -0.48136
15.125 79.625 -0.37187
15.125 79.875 -0.21944
15.375 73.875 -1.141
15.375 74.125 -0.84764
15.375 74.375 -0.71481
15.375 74.625 -0.27615
15.375 74.875 1.0112
15.375 75.125 0.033094
15.375 75.375 2.0295
15.375 75.625 1.3366
15.375 75.875 0.1175
15.375 76.125 1.1793
15.375 76.375 1.1755
15.375 76.625 -1.2125
15.375 76.875 -0.78216
15.375 77.125 -0.92022
15.375 77.375 -0.16729
15.375 77.625 -1.6167
15.375 77.875 -1.6712
15.375 78.125 -1.5821
15.375 78.375 -0.3155
15.375 78.625 1.0747
15.375 78.875 0.083971
15.375 79.125 -0.53714
15.375 79.375 -0.52572
15.375 79.625 -0.34058
15.375 79.875 -0.34017
15.625 73.875 -0.85575
15.625 74.125 -0.56967
15.625 74.375 -0.8638
15.625 74.625 -0.62042
15.625 74.875 -1.21
15.625 75.125 -0.37845
15.625 75.375 0.034736
15.625 75.625 0.40506
15.625 75.875 -0.077001
15.625 76.125 0.85046
15.625 76.375 0.3816
15.625 76.625 -0.25393
15.625 76.875 -0.31764
15.625 77.125 -0.18507
15.625 77.375 -0.63694
15.625 77.625 -0.87194
15.625 77.875 -0.91848
15.625 78.125 -1.5666
15.625 78.375 -1.5748
15.625 78.625 0.15029
15.625 78.875 0.83642
15.625 79.125 -0.19684
15.625 79.375 -0.47556
15.625 79.625 -0.31275
15.625 79.875 -0.073717
15.625 80.125 -0.20539
15.875 73.875 -0.61378
15.875 74.125 -1.4386
15.875 74.375 -0.97064
15.875 74.625 -1.3109
15.875 74.875 -1.0632
15.875 75.125 -0.96341
15.875 75.375 -0.81193
15.875 75.625 -0.22421
15.875 75.875 -0.54282
15.875 76.125 -0.28377
15.875 76.375 0.36202
15.875 76.625 -0.27791
15.875 76.875 0.24398
15.875 77.125 0.17702
15.875 77.375 0.063267
15.875 77.625 -0.88751
15.875 77.875 0.065962
15.875 78.125 -0.5339
15.875 78.375 -1.4261
15.875 78.625 -1.2616
15.875 78.875 -0.34382
15.875 79.125 -0.50769
15.875 79.375 0.099164
15.875 79.625 -0.5308
15.875 79.875 -0.41042
15.875 80.125 -0.40087
15.875 80.375 -0.39136
NaN NaN NaN
15.875 80.875 -0.15323
16.125 73.625 -0.87961
16.125 73.875 -1.0262
16.125 74.125 -0.61377
16.125 74.375 -0.91579
16.125 74.625 -0.98395
16.125 74.875 0.27918
16.125 75.125 -2.0009
16.125 75.375 -1.6753
16.125 75.625 -0.37377
16.125 75.875 -0.42344
16.125 76.125 -0.25766
16.125 76.375 1.6751
16.125 76.625 1.0127
16.125 76.875 -0.19488
16.125 77.125 -0.3165
16.125 77.375 0.44999
16.125 77.625 0.19768
16.125 77.875 0.14456
16.125 78.125 0.97252
16.125 78.375 0.74785
16.125 78.625 -0.17681
16.125 78.875 -0.35859
16.125 79.125 -0.39963
16.125 79.375 -0.66339
16.125 79.625 -0.63302
16.125 79.875 -0.43565
16.125 80.125 -0.41577
16.125 80.375 -0.43425
16.125 80.625 -0.30432
16.125 80.875 -0.2378
16.375 73.625 -1.1811
16.375 73.875 -1.3279
16.375 74.125 -0.82311
16.375 74.375 -0.87848
16.375 74.625 -1.0731
16.375 74.875 1.6632
16.375 75.125 0.45496
16.375 75.375 -0.87556
16.375 75.625 -1.4744
16.375 75.875 -0.93866
16.375 76.125 -0.036658
16.375 76.375 0.71892
16.375 76.625 1.4183
16.375 76.875 -0.41985
16.375 77.125 0.58796
16.375 77.375 0.21793
16.375 77.625 0.45508
16.375 77.875 -0.1613
16.375 78.125 0.63934
16.375 78.375 0.37402
16.375 78.625 -0.17359
16.375 78.875 -0.098962
16.375 79.125 -0.50821
16.375 79.375 -0.40733
16.375 79.625 -0.42406
16.375 79.875 -0.18234
16.375 80.125 0.18089
16.375 80.375 -0.33513
16.375 80.625 -0.21138
16.375 80.875 -0.31197
16.375 81.125 -0.28808
NaN NaN NaN
NaN NaN NaN
16.625 73.625 -1.5972
16.625 73.875 -1.2662
16.625 74.125 -1.2601
16.625 74.375 -1.2545
16.625 74.625 -0.98455
16.625 74.875 -0.87659
16.625 75.125 0.18627
16.625 75.375 -0.77312
16.625 75.625 -0.76687
16.625 75.875 -0.93469
16.625 76.125 -0.052518
16.625 76.375 -0.87974
16.625 76.625 -1.0749
16.625 76.875 0.13561
16.625 77.125 0.75509
16.625 77.375 0.80748
16.625 77.625 0.12713
16.625 77.875 1.1317
16.625 78.125 0.90724
16.625 78.375 0.82138
16.625 78.625 0.30372
16.625 78.875 -0.31107
16.625 79.125 -0.25439
16.625 79.375 -0.46999
16.625 79.625 0.60993
16.625 79.875 0.25002
16.625 80.125 -0.12775
16.625 80.375 -0.32184
16.625 80.625 -0.45382
16.625 80.875 -0.3852
16.625 81.125 -0.47252
16.625 81.375 -0.44158
16.625 81.625 -0.26763
16.625 81.875 -0.3674
16.625 82.125 -0.32819
16.875 73.375 -0.75785
16.875 73.625 -1.4497
16.875 73.875 -1.2754
16.875 74.125 -1.2962
16.875 74.375 -0.21717
16.875 74.625 -1.3544
16.875 74.875 -1.337
16.875 75.125 -1.3346
16.875 75.375 -1.2086
16.875 75.625 -0.39962
16.875 75.875 -0.52068
16.875 76.125 -0.6095
16.875 76.375 -0.55356
16.875 76.625 0.31396
16.875 76.875 1.0135
16.875 77.125 1.8592
16.875 77.375 0.17395
16.875 77.625 -0.2186
16.875 77.875 0.82199
16.875 78.125 0.64055
16.875 78.375 0.86404
16.875 78.625 -0.30717
16.875 78.875 -0.41688
16.875 79.125 -0.52832
16.875 79.375 -0.15194
16.875 79.625 0.14365
16.875 79.875 -0.28604
16.875 80.125 -0.26233
16.875 80.375 -0.38958
16.875 80.625 -0.30431
16.875 80.875 -0.24264
16.875 81.125 -0.38721
16.875 81.375 -0.50989
16.875 81.625 -0.68988
16.875 81.875 -0.41603
16.875 82.125 -0.46534
17.125 73.375 -0.96013
17.125 73.625 -1.0934
17.125 73.875 -1.2648
17.125 74.125 -1.3198
17.125 74.375 -1.0156
17.125 74.625 -1.197
17.125 74.875 -0.98475
17.125 75.125 -1.4659
17.125 75.375 -0.51614
17.125 75.625 -0.40519
17.125 75.875 -1.2266
17.125 76.125 -1.7002
17.125 76.375 -0.70227
17.125 76.625 -0.075006
17.125 76.875 1.3901
17.125 77.125 0.988
17.125 77.375 0.24073
17.125 77.625 0.62114
17.125 77.875 0.89267
17.125 78.125 0.18438
17.125 78.375 -0.20724
17.125 78.625 -0.010903
17.125 78.875 -0.48886
17.125 79.125 -0.43349
17.125 79.375 -0.42627
17.125 79.625 0.23612
17.125 79.875 -0.27453
17.125 80.125 -0.3452
17.125 80.375 -0.44604
17.125 80.625 -0.21318
17.125 80.875 -0.11726
17.125 81.125 -0.44715
17.125 81.375 -0.58596
17.125 81.625 -0.60341
17.125 81.875 -0.56972
17.125 82.125 -0.50824
17.125 82.375 -0.46254
17.375 73.375 -0.95666
17.375 73.625 -1.1243
17.375 73.875 -1.598
17.375 74.125 -1.2919
17.375 74.375 -0.60597
17.375 74.625 -1.1103
17.375 74.875 -1.3121
17.375 75.125 -1.815
17.375 75.375 -1.5552
17.375 75.625 -1.5868
17.375 75.875 -1.5076
17.375 76.125 -1.3497
17.375 76.375 -0.60694
17.375 76.625 -0.24181
17.375 76.875 0.85198
17.375 77.125 0.96482
17.375 77.375 0.77614
17.375 77.625 0.6037
17.375 77.875 0.10295
17.375 78.125 -0.44761
17.375 78.375 -0.24201
17.375 78.625 -0.44229
17.375 78.875 -0.12002
17.375 79.125 -0.13504
17.375 79.375 -0.19769
17.375 79.625 -0.27859
17.375 79.875 -0.28193
17.375 80.125 -0.34765
17.375 80.375 -0.32379
17.375 80.625 -0.32782
17.375 80.875 -0.52822
17.375 81.125 -0.59403
17.375 81.375 -0.5355
17.375 81.625 -0.48108
17.375 81.875 -0.59443
17.375 82.125 -0.39494
17.375 82.375 -0.41507
NaN NaN NaN
17.625 73.375 -1.3571
17.625 73.625 -1.2255
17.625 73.875 -1.4138
17.625 74.125 -1.3501
17.625 74.375 -0.9846
17.625 74.625 -1.1789
17.625 74.875 -1.4514
17.625 75.125 -1.2023
17.625 75.375 -1.4926
17.625 75.625 -1.4223
17.625 75.875 -0.94077
17.625 76.125 -1.4088
17.625 76.375 -0.88991
17.625 76.625 0.45928
17.625 76.875 1.1143
17.625 77.125 1.1073
17.625 77.375 0.82073
17.625 77.625 0.3054
17.625 77.875 0.0062073
17.625 78.125 0.24162
17.625 78.375 -0.20401
17.625 78.625 -0.088209
17.625 78.875 0.0077719
17.625 79.125 -0.22647
17.625 79.375 0.0062612
17.625 79.625 0.018819
17.625 79.875 0.089841
17.625 80.125 -0.35898
17.625 80.375 -0.52677
17.625 80.625 -0.34785
17.625 80.875 -0.16289
17.625 81.125 0.09672
17.625 81.375 -0.61457
17.625 81.625 -0.52184
17.625 81.875 -0.58747
17.625 82.125 -0.54525
17.625 82.375 -0.44083
17.625 82.625 -0.20139
17.625 82.875 -0.17733
17.625 83.125 -0.19326
17.875 73.375 -1.2184
17.875 73.625 -0.97692
17.875 73.875 -1.2081
17.875 74.125 -0.94575
17.875 74.375 -1.3593
17.875 74.625 -1.5628
17.875 74.875 -0.93945
17.875 75.125 -1.7058
17.875 75.375 -1.4069
17.875 75.625 -1.1281
17.875 75.875 -1.0188
17.875 76.125 -1.0831
17.875 76.375 -0.58707
17.875 76.625 0.11554
17.875 76.875 0.68134
17.875 77.125 1.1158
17.875 77.375 0.017371
17.875 77.625 -0.26239
17.875 77.875 -0.18922
17.875 78.125 0.37931
17.875 78.375 0.30432
17.875 78.625 0.18571
17.875 78.875 -0.41059
17.875 79.125 0.33237
17.875 79.375 0.15845
17.875 79.625 0.028913
17.875 79.875 -0.088546
17.875 80.125 -0.61536
17.875 80.375 -0.55735
17.875 80.625 -0.24371
17.875 80.875 -0.4322
17.875 81.125 -1.22
17.875 81.375 -0.63126
17.875 81.625 -0.65174
17.875 81.875 -0.63199
17.875 82.125 -0.92395
17.875 82.375 -0.616
17.875 82.625 -0.21615
17.875 82.875 0.11292
17.875 83.125 -0.33917
17.875 83.375 -0.28646
NaN NaN NaN
18.125 73.375 -0.88649
18.125 73.625 -0.64892
18.125 73.875 -0.72939
18.125 74.125 -0.82127
18.125 74.375 -1.1841
18.125 74.625 -0.87815
18.125 74.875 -1.3979
18.125 75.125 -1.5062
18.125 75.375 -1.237
18.125 75.625 -1.0155
18.125 75.875 -1.1663
18.125 76.125 -0.86003
18.125 76.375 -0.69655
18.125 76.625 -1.0565
18.125 76.875 0.55914
18.125 77.125 0.73887
18.125 77.375 -0.36916
18.125 77.625 -0.025004
18.125 77.875 0.1433
18.125 78.125 0.32259
18.125 78.375 0.085614
18.125 78.625 0.39895
18.125 78.875 -0.15937
18.125 79.125 -0.33206
18.125 79.375 -0.26574
18.125 79.625 -0.49008
18.125 79.875 -0.16591
18.125 80.125 -1.0072
18.125 80.375 -0.4352
18.125 80.625 -0.42884
18.125 80.875 -0.62059
18.125 81.125 -0.48024
18.125 81.375 -0.45371
18.125 81.625 -0.84034
18.125 81.875 -0.76532
18.125 82.125 -0.8043
18.125 82.375 -0.46171
18.125 82.625 -0.56074
18.125 82.875 -0.38159
18.125 83.125 -0.11523
18.125 83.375 0.15043
18.125 83.625 0.37073
18.375 73.125 0.14835
18.375 73.375 -0.3751
18.375 73.625 0.21365
18.375 73.875 -0.36979
18.375 74.125 -0.96212
18.375 74.375 -1.2402
18.375 74.625 -1.4035
18.375 74.875 -1.7806
18.375 75.125 -1.4391
18.375 75.375 -0.61395
18.375 75.625 -0.80719
18.375 75.875 -0.79817
18.375 76.125 -1.0395
18.375 76.375 -0.82126
18.375 76.625 -0.66521
18.375 76.875 -0.67093
18.375 77.125 -1.1929
18.375 77.375 -0.41518
18.375 77.625 -0.55371
18.375 77.875 -0.015429
18.375 78.125 -0.0022562
18.375 78.375 -0.72487
18.375 78.625 -0.31819
18.375 78.875 -0.58332
18.375 79.125 -0.19657
18.375 79.375 -0.45294
18.375 79.625 -0.38016
18.375 79.875 -0.153
18.375 80.125 -0.50796
18.375 80.375 -0.72481
18.375 80.625 -0.61595
18.375 80.875 -0.61943
18.375 81.125 -0.5918
18.375 81.375 -0.45543
18.375 81.625 -0.78841
18.375 81.875 -0.64043
18.375 82.125 -0.31342
18.375 82.375 -0.19226
18.375 82.625 -0.021079
18.375 82.875 -0.64081
18.375 83.125 0.028012
18.375 83.375 0.33199
18.375 83.625 0.13794
18.375 83.875 0.46492
18.625 73.125 0.66265
18.625 73.375 -0.099897
18.625 73.625 -0.0043181
18.625 73.875 0.062987
18.625 74.125 -1.0647
18.625 74.375 -1.3692
18.625 74.625 -1.6346
18.625 74.875 -1.7589
18.625 75.125 -0.82086
18.625 75.375 -0.59005
18.625 75.625 -0.85286
18.625 75.875 -0.63526
18.625 76.125 -0.48214
18.625 76.375 -0.97264
18.625 76.625 -0.57184
18.625 76.875 -0.44367
18.625 77.125 -1.0142
18.625 77.375 -0.98846
18.625 77.625 -0.60484
18.625 77.875 -0.23965
18.625 78.125 -0.14718
18.625 78.375 -0.42696
18.625 78.625 -0.49705
18.625 78.875 -0.57496
18.625 79.125 -0.60678
18.625 79.375 -0.53404
18.625 79.625 -0.49173
18.625 79.875 -0.53952
18.625 80.125 -0.77145
18.625 80.375 -1.2482
18.625 80.625 -1.0736
18.625 80.875 -0.50108
18.625 81.125 -0.88846
18.625 81.375 -0.93867
18.625 81.625 -0.7098
18.625 81.875 -0.65127
18.625 82.125 0.01205
18.625 82.375 0.19054
18.625 82.625 0.26299
18.625 82.875 -0.1951
18.625 83.125 -0.5606
18.625 83.375 -0.55702
18.625 83.625 0.348
18.625 83.875 -0.1555
18.625 84.125 -0.10733
18.875 73.125 0.011144
18.875 73.375 -0.62567
18.875 73.625 1.1982
18.875 73.875 -0.65656
18.875 74.125 -1.1082
18.875 74.375 -1.4173
18.875 74.625 -1.1756
18.875 74.875 -1.1006
18.875 75.125 -1.4013
18.875 75.375 -0.93525
18.875 75.625 -0.83295
18.875 75.875 -0.937
18.875 76.125 -0.46139
18.875 76.375 -0.58767
18.875 76.625 -0.87495
18.875 76.875 -0.46337
18.875 77.125 0.35513
18.875 77.375 -0.79543
18.875 77.625 0.42811
18.875 77.875 -0.26517
18.875 78.125 -0.62846
18.875 78.375 -0.46506
18.875 78.625 -0.31647
18.875 78.875 -0.30958
18.875 79.125 -0.5123
18.875 79.375 -0.19206
18.875 79.625 -0.29763
18.875 79.875 -0.34149
18.875 80.125 -0.72962
18.875 80.375 -1.0157
18.875 80.625 -0.32781
18.875 80.875 -0.29697
18.875 81.125 -1.2
18.875 81.375 -0.88217
18.875 81.625 -0.89928
18.875 81.875 -0.20865
18.875 82.125 0.36557
18.875 82.375 0.32548
18.875 82.625 0.039613
18.875 82.875 -0.07647
18.875 83.125 -0.58953
18.875 83.375 -0.13666
18.875 83.625 0.13103
18.875 83.875 0.22156
18.875 84.125 -0.10965
18.875 84.375 0.037092
19.125 73.125 -0.27393
19.125 73.375 -1.0607
19.125 73.625 -1.1515
19.125 73.875 -0.85185
19.125 74.125 -1.3862
19.125 74.375 -1.1411
19.125 74.625 -0.91213
19.125 74.875 -1.1596
19.125 75.125 -0.95875
19.125 75.375 -1.0466
19.125 75.625 -1.1476
19.125 75.875 -0.69986
19.125 76.125 -0.78154
19.125 76.375 -1.1602
19.125 76.625 -1.1114
19.125 76.875 -0.94635
19.125 77.125 -0.26582
19.125 77.375 -0.49179
19.125 77.625 -0.39787
19.125 77.875 -0.5266
19.125 78.125 -0.3097
19.125 78.375 -0.48151
19.125 78.625 -0.30109
19.125 78.875 -0.41293
19.125 79.125 -0.64071
19.125 79.375 -0.03558
19.125 79.625 0.38262
19.125 79.875 -0.40953
19.125 80.125 -0.90221
19.125 80.375 -1.2569
19.125 80.625 0.95268
19.125 80.875 0.50641
19.125 81.125 -0.91913
19.125 81.375 -1.42
19.125 81.625 -0.87709
19.125 81.875 -0.30787
19.125 82.125 0.47385
19.125 82.375 0.50234
19.125 82.625 -0.144
19.125 82.875 -0.38354
19.125 83.125 -0.68225
19.125 83.375 -0.44476
19.125 83.625 -0.44206
19.125 83.875 0.13452
19.125 84.125 -0.20322
19.125 84.375 0.26367
19.125 84.625 0.72559
19.375 72.875 -0.66066
19.375 73.125 -0.5087
19.375 73.375 -0.76
19.375 73.625 -0.72402
19.375 73.875 -1.0489
19.375 74.125 -1.4739
19.375 74.375 -0.8642
19.375 74.625 -1.2192
19.375 74.875 -1.0901
19.375 75.125 -1.0729
19.375 75.375 -0.80275
19.375 75.625 -1.6969
19.375 75.875 -0.80134
19.375 76.125 -0.76645
19.375 76.375 -0.91641
19.375 76.625 -1.3
19.375 76.875 -1.1841
19.375 77.125 -0.46944
19.375 77.375 -1.2911
19.375 77.625 -0.86584
19.375 77.875 -0.31032
19.375 78.125 -0.1139
19.375 78.375 -0.45088
19.375 78.625 -0.65169
19.375 78.875 -0.34748
19.375 79.125 -0.5392
19.375 79.375 -0.41153
19.375 79.625 -0.40019
19.375 79.875 -0.51536
19.375 80.125 -0.7208
19.375 80.375 -0.64848
19.375 80.625 -0.47924
19.375 80.875 0.19551
19.375 81.125 -0.75854
19.375 81.375 -1.6643
19.375 81.625 -0.92836
19.375 81.875 0.76143
19.375 82.125 0.50074
19.375 82.375 -0.94938
19.375 82.625 0.057674
19.375 82.875 0.20235
19.375 83.125 -0.39654
19.375 83.375 -0.48798
19.375 83.625 -0.52242
19.375 83.875 -0.59325
19.375 84.125 -0.11151
19.375 84.375 -0.12363
19.375 84.625 0.42212
19.375 84.875 0.27198
19.625 72.875 -0.57362
19.625 73.125 -0.44853
19.625 73.375 -0.39757
19.625 73.625 -0.59081
19.625 73.875 0.31083
19.625 74.125 -0.88466
19.625 74.375 -0.33112
19.625 74.625 -0.59653
19.625 74.875 -0.74379
19.625 75.125 -0.78157
19.625 75.375 -0.70628
19.625 75.625 -1.3363
19.625 75.875 -0.60115
19.625 76.125 -0.44545
19.625 76.375 -0.82194
19.625 76.625 -1.4056
19.625 76.875 -1.8576
19.625 77.125 -2.0012
19.625 77.375 -1.0549
19.625 77.625 -0.73464
19.625 77.875 -0.86186
19.625 78.125 -0.45495
19.625 78.375 -0.43161
19.625 78.625 -0.22613
19.625 78.875 -0.40662
19.625 79.125 -0.62446
19.625 79.375 -0.80225
19.625 79.625 -0.45435
19.625 79.875 -0.56011
19.625 80.125 -1.1718
19.625 80.375 -0.96428
19.625 80.625 -0.74405
19.625 80.875 -0.042045
19.625 81.125 -0.44042
19.625 81.375 -0.91787
19.625 81.625 -0.78162
19.625 81.875 -0.29922
19.625 82.125 -0.60967
19.625 82.375 -0.26402
19.625 82.625 -0.21606
19.625 82.875 -0.40575
19.625 83.125 -0.53383
19.625 83.375 -0.66812
19.625 83.625 0.15166
19.625 83.875 0.33817
19.625 84.125 0.036002
19.625 84.375 0.49378
19.625 84.625 0.14253
19.625 84.875 -0.1764
19.625 85.125 0.036823
19.625 85.375 0.028953
19.875 72.875 -0.39511
19.875 73.125 -0.42764
19.875 73.375 -0.24398
19.875 73.625 -0.36592
19.875 73.875 -0.61691
19.875 74.125 -0.77858
19.875 74.375 -0.39547
19.875 74.625 -0.17392
19.875 74.875 -0.23903
19.875 75.125 -0.58733
19.875 75.375 -1.0419
19.875 75.625 -1.1819
19.875 75.875 -0.49715
19.875 76.125 -0.10014
19.875 76.375 -0.22992
19.875 76.625 -1.2415
19.875 76.875 -1.8489
19.875 77.125 -1.3581
19.875 77.375 -1.275
19.875 77.625 -0.72244
19.875 77.875 -0.94016
19.875 78.125 -0.8837
19.875 78.375 -0.89296
19.875 78.625 -1.006
19.875 78.875 -0.5702
19.875 79.125 -0.53103
19.875 79.375 -0.70394
19.875 79.625 -0.42732
19.875 79.875 -0.62824
19.875 80.125 -0.90091
19.875 80.375 -0.92702
19.875 80.625 -0.95725
19.875 80.875 -1.1551
19.875 81.125 -0.64667
19.875 81.375 -0.99526
19.875 81.625 -0.89083
19.875 81.875 -0.73675
19.875 82.125 -0.63982
19.875 82.375 -0.29905
19.875 82.625 -0.071786
19.875 82.875 -0.48474
19.875 83.125 -0.4535
19.875 83.375 -0.65327
19.875 83.625 -0.38753
19.875 83.875 -0.65583
19.875 84.125 -0.18862
19.875 84.375 0.46956
19.875 84.625 0.33184
19.875 84.875 0.79189
19.875 85.125 0.34006
19.875 85.375 -0.15018
NaN NaN NaN
NaN NaN NaN
NaN NaN NaN
20.125 72.875 0.25077
20.125 73.125 -0.64936
20.125 73.375 -0.58618
20.125 73.625 -0.85238
20.125 73.875 -0.87831
20.125 74.125 -0.87724
20.125 74.375 -0.74295
20.125 74.625 -0.31215
20.125 74.875 -0.76814
20.125 75.125 -1.0649
20.125 75.375 -0.78974
20.125 75.625 -0.85545
20.125 75.875 -0.93162
20.125 76.125 -0.41772
20.125 76.375 -0.43662
20.125 76.625 -0.81442
20.125 76.875 -1.7135
20.125 77.125 -1.621
20.125 77.375 -0.8442
20.125 77.625 -0.80824
20.125 77.875 -0.91019
20.125 78.125 -1.1627
20.125 78.375 -1.058
20.125 78.625 -0.6827
20.125 78.875 -0.64762
20.125 79.125 -0.64345
20.125 79.375 -0.6381
20.125 79.625 -0.5053
20.125 79.875 -0.66633
20.125 80.125 -0.63712
20.125 80.375 -0.83701
20.125 80.625 -1.0048
20.125 80.875 -0.60804
20.125 81.125 -1.2341
20.125 81.375 -0.94977
20.125 81.625 -0.41297
20.125 81.875 -0.11431
20.125 82.125 -0.11607
20.125 82.375 -0.25937
20.125 82.625 -0.37959
20.125 82.875 -0.78946
20.125 83.125 -0.28198
20.125 83.375 -0.64517
20.125 83.625 -1.0549
20.125 83.875 -0.33513
20.125 84.125 -0.53197
20.125 84.375 -0.59308
20.125 84.625 -0.10304
20.125 84.875 -0.019121
20.125 85.125 -0.22391
20.125 85.375 0.22441
20.125 85.625 -0.025599
20.125 85.875 -0.11771
20.125 86.125 -0.061472
NaN NaN NaN
20.375 73.125 -0.36991
20.375 73.375 -0.69942
20.375 73.625 -0.77622
20.375 73.875 -0.67263
20.375 74.125 -0.61359
20.375 74.375 -0.72529
20.375 74.625 -0.64023
20.375 74.875 -0.77268
20.375 75.125 -0.45008
20.375 75.375 -0.15782
20.375 75.625 -0.42126
20.375 75.875 -0.42329
20.375 76.125 -0.52696
20.375 76.375 -0.61704
20.375 76.625 -0.70486
20.375 76.875 -0.97692
20.375 77.125 -0.80456
20.375 77.375 -0.73745
20.375 77.625 -0.79555
20.375 77.875 -1.1164
20.375 78.125 -1.2353
20.375 78.375 -0.73184
20.375 78.625 -0.64558
20.375 78.875 -0.54372
20.375 79.125 -0.57266
20.375 79.375 -0.63835
20.375 79.625 -0.59192
20.375 79.875 -0.73051
20.375 80.125 -0.097456
20.375 80.375 -0.092714
20.375 80.625 -0.51848
20.375 80.875 -0.21114
20.375 81.125 -0.39388
20.375 81.375 -0.50557
20.375 81.625 -0.084151
20.375 81.875 -0.49696
20.375 82.125 0.23307
20.375 82.375 -0.019419
20.375 82.625 0.098491
20.375 82.875 -0.61541
20.375 83.125 -0.7964
20.375 83.375 -0.39919
20.375 83.625 -0.22397
20.375 83.875 -0.48609
20.375 84.125 -0.53297
20.375 84.375 -0.61593
20.375 84.625 -0.46643
20.375 84.875 -0.21882
20.375 85.125 -0.28626
20.375 85.375 -0.22763
20.375 85.625 -0.31176
20.375 85.875 -0.65219
20.375 86.125 -0.55887
20.375 86.375 0.027468
NaN NaN NaN
20.625 73.125 -0.44364
20.625 73.375 -0.8472
20.625 73.625 -0.57774
20.625 73.875 -0.38178
20.625 74.125 -0.41836
20.625 74.375 0.0032354
20.625 74.625 0.27476
20.625 74.875 0.35513
20.625 75.125 -0.0045629
20.625 75.375 0.20493
20.625 75.625 -0.43709
20.625 75.875 -0.70559
20.625 76.125 -0.75684
20.625 76.375 -0.59711
20.625 76.625 -0.80933
20.625 76.875 -1.0403
20.625 77.125 -1.565
20.625 77.375 -0.95921
20.625 77.625 -0.72701
20.625 77.875 -1.0518
20.625 78.125 -0.84749
20.625 78.375 -0.78658
20.625 78.625 -0.8019
20.625 78.875 0.35644
20.625 79.125 -0.58884
20.625 79.375 -0.72596
20.625 79.625 -0.82333
20.625 79.875 -0.098132
20.625 80.125 -0.12117
20.625 80.375 0.36652
20.625 80.625 -0.32073
20.625 80.875 0.092486
20.625 81.125 -0.39463
20.625 81.375 -0.53108
20.625 81.625 -0.8454
20.625 81.875 -0.74274
20.625 82.125 0.47725
20.625 82.375 0.72485
20.625 82.625 0.20372
20.625 82.875 -0.41814
20.625 83.125 -0.83923
20.625 83.375 -0.20457
20.625 83.625 -0.077072
20.625 83.875 -0.67323
20.625 84.125 -0.59246
20.625 84.375 -0.8217
20.625 84.625 -0.20099
20.625 84.875 0.10114
20.625 85.125 -0.17398
20.625 85.375 -0.24189
20.625 85.625 -0.60591
20.625 85.875 -0.24374
20.625 86.125 -0.54792
20.625 86.375 -0.070528
20.625 86.625 0.041279
NaN NaN NaN
20.875 70.625 1.0616
20.875 70.875 0.17152
20.875 71.125 -0.36458
20.875 71.375 0.62547
20.875 72.875 -0.16692
20.875 73.125 -0.13119
20.875 73.375 -0.59448
20.875 73.625 -0.46021
20.875 73.875 -0.50989
20.875 74.125 0.05326
20.875 74.375 0.43342
20.875 74.625 0.52509
20.875 74.875 0.79317
20.875 75.125 0.19112
20.875 75.375 0.54727
20.875 75.625 -0.27197
20.875 75.875 -0.47276
20.875 76.125 -0.80904
20.875 76.375 -0.81344
20.875 76.625 -0.77955
20.875 76.875 -0.56898
20.875 77.125 -0.64144
20.875 77.375 -0.8168
20.875 77.625 -0.71751
20.875 77.875 -0.80594
20.875 78.125 -0.85239
20.875 78.375 -0.7718
20.875 78.625 -1.1059
20.875 78.875 -0.96544
20.875 79.125 -1.3181
20.875 79.375 -0.88045
20.875 79.625 -0.48951
20.875 79.875 -0.39009
20.875 80.125 -0.45405
20.875 80.375 -0.58971
20.875 80.625 -0.70432
20.875 80.875 0.17276
20.875 81.125 0.57981
20.875 81.375 -0.72732
20.875 81.625 -1.5325
20.875 81.875 -1.8499
20.875 82.125 -0.11883
20.875 82.375 1.0386
20.875 82.625 -0.18899
20.875 82.875 -0.77649
20.875 83.125 -0.69111
20.875 83.375 -0.22121
20.875 83.625 0.24206
20.875 83.875 -0.361
20.875 84.125 -0.74421
20.875 84.375 -0.60985
20.875 84.625 -0.34823
20.875 84.875 -0.40178
20.875 85.125 -0.1721
20.875 85.375 -0.0013179
20.875 85.625 -0.56444
20.875 85.875 -0.71488
20.875 86.125 -0.097279
20.875 86.375 0.18075
20.875 86.625 0.1217
21.125 70.375 2.1961
21.125 70.625 -0.11659
21.125 70.875 1.58
21.125 71.125 1.4906
21.125 71.375 1.7566
NaN NaN NaN
NaN NaN NaN
21.125 72.875 -0.23019
21.125 73.125 -0.36489
21.125 73.375 1.1394
21.125 73.625 -0.82253
21.125 73.875 -0.60332
21.125 74.125 -0.035671
21.125 74.375 0.21873
21.125 74.625 -0.070037
21.125 74.875 -0.19115
21.125 75.125 -0.2156
21.125 75.375 -0.32387
21.125 75.625 0.25871
21.125 75.875 -0.42061
21.125 76.125 0.29839
21.125 76.375 -0.085512
21.125 76.625 -1.0209
21.125 76.875 -0.85101
21.125 77.125 -0.94649
21.125 77.375 -0.5269
21.125 77.625 -0.82032
21.125 77.875 -0.68482
21.125 78.125 -0.41364
21.125 78.375 -0.65458
21.125 78.625 -0.88444
21.125 78.875 -0.80427
21.125 79.125 -0.95946
21.125 79.375 -0.89455
21.125 79.625 -0.19777
21.125 79.875 0.90897
21.125 80.125 1.0701
21.125 80.375 -0.75576
21.125 80.625 -1.0093
21.125 80.875 -0.83276
21.125 81.125 -0.53174
21.125 81.375 -0.65789
21.125 81.625 -1.3706
21.125 81.875 -1.8286
21.125 82.125 -0.12834
21.125 82.375 0.49204
21.125 82.625 0.21584
21.125 82.875 -1.2107
21.125 83.125 -1.1334
21.125 83.375 -0.3154
21.125 83.625 0.073824
21.125 83.875 -0.24954
21.125 84.125 -0.52862
21.125 84.375 -0.69345
21.125 84.625 -0.47281
21.125 84.875 -0.11563
21.125 85.125 -0.15435
21.125 85.375 -0.378
21.125 85.625 -0.27635
21.125 85.875 -0.74379
21.125 86.125 -0.12504
21.125 86.375 -0.068238
21.125 86.625 0.14695
21.375 70.125 1.7042
21.375 70.375 1.2275
21.375 70.625 1.0963
21.375 70.875 1.131
21.375 71.125 0.9971
21.375 71.375 -0.13489
21.375 71.625 0.13804
21.375 71.875 0.8774
21.375 72.875 -0.43827
21.375 73.125 0.56398
21.375 73.375 -0.51895
21.375 73.625 -0.63737
21.375 73.875 -0.56377
21.375 74.125 -0.46211
21.375 74.375 -0.32403
21.375 74.625 -0.24464
21.375 74.875 0.11376
21.375 75.125 -0.50841
21.375 75.375 -0.71174
21.375 75.625 -0.59581
21.375 75.875 0.023338
21.375 76.125 0.24837
21.375 76.375 -0.10381
21.375 76.625 -0.40934
21.375 76.875 -0.66261
21.375 77.125 0.90652
21.375 77.375 1.2861
21.375 77.625 -0.014983
21.375 77.875 -0.64632
21.375 78.125 0.23004
21.375 78.375 -0.46073
21.375 78.625 -0.22842
21.375 78.875 -0.29399
21.375 79.125 -1.1727
21.375 79.375 -1.1984
21.375 79.625 -0.81703
21.375 79.875 -0.59851
21.375 80.125 -0.90688
21.375 80.375 -0.76538
21.375 80.625 -1.0613
21.375 80.875 -0.93926
21.375 81.125 -0.61102
21.375 81.375 -0.58677
21.375 81.625 -1.8815
21.375 81.875 -0.30037
21.375 82.125 0.30707
21.375 82.375 0.59429
21.375 82.625 -0.21658
21.375 82.875 -1.017
21.375 83.125 -0.47768
21.375 83.375 0.77745
21.375 83.625 0.378
21.375 83.875 0.31641
21.375 84.125 0.19312
21.375 84.375 0.51111
21.375 84.625 1.6498
21.375 84.875 0.29201
21.375 85.125 0.73956
21.375 85.375 0.43107
21.375 85.625 0.21522
21.375 85.875 -0.019776
21.375 86.125 -0.1924
21.375 86.375 -0.12099
21.375 86.625 -0.25276
21.375 86.875 -0.15077
21.625 69.875 1.1211
21.625 70.125 1.2468
21.625 70.375 0.89475
21.625 70.625 0.40861
21.625 70.875 0.41136
21.625 71.125 -0.20652
21.625 71.375 0.87893
21.625 71.625 1.449
21.625 71.875 1.3539
21.625 72.125 1.5186
21.625 72.875 -0.39036
21.625 73.125 -0.6372
21.625 73.375 -0.76356
21.625 73.625 -1.1472
21.625 73.875 -0.91563
21.625 74.125 -0.53895
21.625 74.375 -0.37977
21.625 74.625 -1.0026
21.625 74.875 -0.36364
21.625 75.125 -0.76884
21.625 75.375 -0.54494
21.625 75.625 -0.44329
21.625 75.875 -0.65166
21.625 76.125 -0.82243
21.625 76.375 -0.28466
21.625 76.625 -0.39004
21.625 76.875 -0.48657
21.625 77.125 0.97498
21.625 77.375 0.46168
21.625 77.625 -0.20881
21.625 77.875 -0.6764
21.625 78.125 -0.41041
21.625 78.375 -0.060449
21.625 78.625 -0.52247
21.625 78.875 -0.72682
21.625 79.125 -0.8242
21.625 79.375 -0.82231
21.625 79.625 -0.80569
21.625 79.875 -0.69668
21.625 80.125 -1.3663
21.625 80.375 -0.48907
21.625 80.625 -0.61656
21.625 80.875 -0.7066
21.625 81.125 -0.6971
21.625 81.375 -0.63255
21.625 81.625 -0.089491
21.625 81.875 0.11427
21.625 82.125 0.21771
21.625 82.375 0.1425
21.625 82.625 -0.30015
21.625 82.875 -0.01735
21.625 83.125 -0.076618
21.625 83.375 0.29151
21.625 83.625 0.3588
21.625 83.875 1.0919
21.625 84.125 0.883
21.625 84.375 1.2519
21.625 84.625 1.793
21.625 84.875 1.1725
21.625 85.125 1.1062
21.625 85.375 1.0152
21.625 85.625 0.5281
21.625 85.875 0.30145
21.625 86.125 0.098812
21.625 86.375 -0.36996
21.625 86.625 -0.29389
21.625 86.875 -0.17864
21.625 87.125 0.26284
NaN NaN NaN
NaN NaN NaN
21.875 69.625 -0.27873
21.875 69.875 0.44148
21.875 70.125 0.90171
21.875 70.375 0.78258
21.875 70.625 0.51192
21.875 70.875 -0.78261
21.875 71.125 -0.5979
21.875 71.375 1.0343
21.875 71.625 1.6501
21.875 71.875 1.7865
21.875 72.125 2.1552
NaN NaN NaN
21.875 72.875 -0.4196
21.875 73.125 -0.46951
21.875 73.375 -0.4591
21.875 73.625 -0.47688
21.875 73.875 -0.69254
21.875 74.125 -0.28173
21.875 74.375 0.74174
21.875 74.625 0.82084
21.875 74.875 0.58238
21.875 75.125 0.41813
21.875 75.375 -1.005
21.875 75.625 -1.1145
21.875 75.875 -0.76224
21.875 76.125 -0.16739
21.875 76.375 -0.37903
21.875 76.625 0.083775
21.875 76.875 -0.073099
21.875 77.125 0.61343
21.875 77.375 1.5611
21.875 77.625 -0.61238
21.875 77.875 -0.50917
21.875 78.125 -0.76818
21.875 78.375 -0.79613
21.875 78.625 -0.93603
21.875 78.875 -0.99927
21.875 79.125 -0.69091
21.875 79.375 -0.81921
21.875 79.625 -1.0685
21.875 79.875 -0.96047
21.875 80.125 -0.67757
21.875 80.375 -0.33075
21.875 80.625 -0.64856
21.875 80.875 -0.86879
21.875 81.125 -1.0894
21.875 81.375 -0.65191
21.875 81.625 -0.42561
21.875 81.875 -0.38818
21.875 82.125 0.14559
21.875 82.375 -0.24268
21.875 82.625 -0.015079
21.875 82.875 0.75477
21.875 83.125 -0.14736
21.875 83.375 -0.28196
21.875 83.625 -0.0010993
21.875 83.875 1.2972
21.875 84.125 1.3797
21.875 84.375 2.0213
21.875 84.625 2.2141
21.875 84.875 2.0392
21.875 85.125 1.482
21.875 85.375 1.2721
21.875 85.625 1.1854
21.875 85.875 0.4397
21.875 86.125 0.37156
21.875 86.375 0.492
21.875 86.625 -0.15968
21.875 86.875 0.10516
21.875 87.125 0.35677
21.875 87.375 0.26053
21.875 87.625 0.11875
21.875 87.875 0.13115
21.875 88.375 0.51552
NaN NaN NaN
NaN NaN NaN
22.125 69.125 2.0604
22.125 69.375 1.3686
22.125 69.625 0.29852
22.125 69.875 0.14775
22.125 70.125 -0.61092
22.125 70.375 -0.010424
22.125 70.625 0.11812
22.125 70.875 0.45144
22.125 71.125 -0.84426
22.125 71.375 -0.18348
22.125 71.625 0.53838
22.125 71.875 0.78297
22.125 72.125 1.5737
NaN NaN NaN
22.125 72.875 -0.53381
22.125 73.125 -0.41204
22.125 73.375 -0.47034
22.125 73.625 -1.5581
22.125 73.875 -1.5808
22.125 74.125 -0.44644
22.125 74.375 0.36257
22.125 74.625 1.1752
22.125 74.875 1.0982
22.125 75.125 -0.43688
22.125 75.375 -0.66494
22.125 75.625 -0.41757
22.125 75.875 0.2832
22.125 76.125 0.77675
22.125 76.375 0.48036
22.125 76.625 0.94966
22.125 76.875 1.2738
22.125 77.125 0.76848
22.125 77.375 -0.03763
22.125 77.625 -0.48216
22.125 77.875 -0.7241
22.125 78.125 -0.82271
22.125 78.375 -0.7298
22.125 78.625 -0.75656
22.125 78.875 0.36018
22.125 79.125 -0.76966
22.125 79.375 -0.84903
22.125 79.625 -0.81893
22.125 79.875 -0.74829
22.125 80.125 -0.6167
22.125 80.375 -0.50008
22.125 80.625 -0.1699
22.125 80.875 -0.99183
22.125 81.125 -0.78781
22.125 81.375 -0.17564
22.125 81.625 0.41167
22.125 81.875 0.42663
22.125 82.125 -0.15838
22.125 82.375 0.71551
22.125 82.625 0.112
22.125 82.875 -0.43007
22.125 83.125 -0.1929
22.125 83.375 -0.61594
22.125 83.625 0.00047262
22.125 83.875 0.41895
22.125 84.125 1.9697
22.125 84.375 2.2855
22.125 84.625 2.3504
22.125 84.875 2.2829
22.125 85.125 1.4949
22.125 85.375 1.1685
22.125 85.625 0.40437
22.125 85.875 0.59318
22.125 86.125 1.6019
22.125 86.375 1.2102
22.125 86.625 0.68189
22.125 86.875 0.67264
22.125 87.125 0.59778
22.125 87.375 0.40969
22.125 87.625 0.1526
22.125 87.875 0.24722
22.125 88.125 0.25475
22.125 88.375 0.41286
NaN NaN NaN
22.375 69.125 1.9891
22.375 69.875 0.87716
22.375 70.125 -0.011949
22.375 70.375 -0.23308
22.375 70.625 0.12769
22.375 70.875 0.51822
22.375 71.125 0.12732
22.375 71.375 1.7218
22.375 71.625 -0.23958
22.375 71.875 0.51718
22.375 72.125 0.8606
NaN NaN NaN
22.375 72.875 -0.002384
22.375 73.125 -0.38046
22.375 73.375 -0.31433
22.375 73.625 -1.1749
22.375 73.875 -1.3672
22.375 74.125 0.63326
22.375 74.375 0.92767
22.375 74.625 1.1202
22.375 74.875 0.47061
22.375 75.125 -0.79442
22.375 75.375 0.08803
22.375 75.625 0.059146
22.375 75.875 -0.26969
22.375 76.125 0.66803
22.375 76.375 0.47043
22.375 76.625 1.1773
22.375 76.875 1.1506
22.375 77.125 0.65063
22.375 77.375 0.14582
22.375 77.625 -0.31115
22.375 77.875 -0.81691
22.375 78.125 -0.75094
22.375 78.375 -0.40255
22.375 78.625 -0.59968
22.375 78.875 -0.54333
22.375 79.125 -0.5799
22.375 79.375 -0.67779
22.375 79.625 -0.59544
22.375 79.875 -0.94004
22.375 80.125 -0.7587
22.375 80.375 -0.60584
22.375 80.625 -0.45004
22.375 80.875 -0.21355
22.375 81.125 -0.26726
22.375 81.375 0.032416
22.375 81.625 -0.56941
22.375 81.875 -1.0584
22.375 82.125 -0.6401
22.375 82.375 -0.23461
22.375 82.625 -0.40503
22.375 82.875 -0.65798
22.375 83.125 -0.70506
22.375 83.375 -0.53177
22.375 83.625 -0.49771
22.375 83.875 0.7371
22.375 84.125 1.2036
22.375 84.375 1.4198
22.375 84.625 1.7139
22.375 84.875 0.86822
22.375 85.125 0.92949
22.375 85.375 0.54618
22.375 85.625 -0.29751
22.375 85.875 -0.54444
22.375 86.125 0.061973
22.375 86.375 1.0259
22.375 86.625 0.3514
22.375 86.875 0.42379
22.375 87.125 0.56867
22.375 87.375 0.67596
22.375 87.625 0.4998
22.375 87.875 0.53892
22.375 88.125 0.64381
22.375 88.375 0.28893
22.375 88.625 0.55049
22.375 88.875 0.43805
NaN NaN NaN
22.625 70.375 0.13757
22.625 70.625 -0.46215
22.625 70.875 0.79956
22.625 71.125 1.3307
22.625 71.375 1.9285
22.625 71.625 0.37845
22.625 71.875 -0.42516
22.625 72.125 0.35435
22.625 72.375 0.76439
22.625 72.625 1.6264
22.625 72.875 0.60068
22.625 73.125 -0.37395
22.625 73.375 -0.13642
22.625 73.625 -0.27523
22.625 73.875 -0.45235
22.625 74.125 1.027
22.625 74.375 1.5802
22.625 74.625 0.15713
22.625 74.875 0.13575
22.625 75.125 -0.021732
22.625 75.375 -0.1701
22.625 75.625 0.21698
22.625 75.875 -0.15054
22.625 76.125 0.12709
22.625 76.375 -0.080528
22.625 76.625 0.73242
22.625 76.875 0.77603
22.625 77.125 1.0005
22.625 77.375 0.2913
22.625 77.625 -0.10852
22.625 77.875 -0.51958
22.625 78.125 -0.024161
22.625 78.375 0.25403
22.625 78.625 -0.56465
22.625 78.875 -0.8901
22.625 79.125 -0.41372
22.625 79.375 -0.58675
22.625 79.625 -0.71373
22.625 79.875 -0.92961
22.625 80.125 -0.35282
22.625 80.375 -1.1831
22.625 80.625 -1.1794
22.625 80.875 -0.61558
22.625 81.125 -0.23024
22.625 81.375 -0.71239
22.625 81.625 -0.37509
22.625 81.875 -0.67363
22.625 82.125 -0.66333
22.625 82.375 -0.21185
22.625 82.625 -0.85156
22.625 82.875 -0.88111
22.625 83.125 -0.35059
22.625 83.375 -0.19272
22.625 83.625 -0.2715
22.625 83.875 -1.0831
22.625 84.125 0.73686
22.625 84.375 0.99423
22.625 84.625 0.35373
22.625 84.875 0.5179
22.625 85.125 0.48611
22.625 85.375 0.51304
22.625 85.625 0.54652
22.625 85.875 0.54128
22.625 86.125 -0.55467
22.625 86.375 0.53417
22.625 86.625 0.36891
22.625 86.875 0.56513
22.625 87.125 0.47
22.625 87.375 0.04208
22.625 87.625 0.6349
22.625 87.875 0.21661
22.625 88.125 0.72921
22.625 88.375 0.049879
22.625 88.625 0.32934
22.625 88.875 -0.1311
22.625 92.625 -0.58421
22.625 92.875 1.6706
NaN NaN NaN
NaN NaN NaN
NaN NaN NaN
22.875 70.625 -0.18016
22.875 70.875 1.4834
22.875 71.125 1.4887
22.875 71.375 1.484
22.875 71.625 1.2596
22.875 71.875 0.31858
22.875 72.125 0.93585
22.875 72.375 0.95388
22.875 72.625 0.89717
22.875 72.875 0.055407
22.875 73.125 1.2406
22.875 73.375 0.77019
22.875 73.625 0.39522
22.875 73.875 -0.86647
22.875 74.125 0.41702
22.875 74.375 1.3156
22.875 74.625 1.6588
22.875 74.875 0.80379
22.875 75.125 1.3657
22.875 75.375 0.76116
22.875 75.625 0.98185
22.875 75.875 0.029266
22.875 76.125 -0.80388
22.875 76.375 -1.4164
22.875 76.625 -0.096132
22.875 76.875 0.91333
22.875 77.125 0.52966
22.875 77.375 -0.35789
22.875 77.625 -0.46545
22.875 77.875 -0.12988
22.875 78.125 0.25812
22.875 78.375 -0.52093
22.875 78.625 -0.51967
22.875 78.875 -0.372
22.875 79.125 -0.4824
22.875 79.375 -0.61593
22.875 79.625 -0.87277
22.875 79.875 -1.0243
22.875 80.125 -1.0131
22.875 80.375 -0.69714
22.875 80.625 -0.82669
22.875 80.875 -0.4715
22.875 81.125 -0.66705
22.875 81.375 -0.74094
22.875 81.625 -0.82051
22.875 81.875 -0.61337
22.875 82.125 -0.7251
22.875 82.375 -0.52372
22.875 82.625 -0.84287
22.875 82.875 -0.61558
22.875 83.125 -0.90726
22.875 83.375 -0.32086
22.875 83.625 -0.025835
22.875 83.875 -0.4166
22.875 84.125 -0.21299
22.875 84.375 -0.16136
22.875 84.625 -0.11059
22.875 84.875 0.31423
22.875 85.125 0.66883
22.875 85.375 0.70715
22.875 85.625 0.91131
22.875 85.875 1.0187
22.875 86.125 0.48696
22.875 86.375 1.0548
22.875 86.625 0.59332
22.875 86.875 0.40665
22.875 87.125 0.67863
22.875 87.375 0.44806
22.875 87.625 0.86902
22.875 87.875 0.092402
22.875 88.125 1.0127
22.875 88.375 0.95795
22.875 88.625 0.53683
22.875 92.625 -0.24034
22.875 92.875 0.13051
23.125 68.875 -0.73163
23.125 69.125 -1.97
23.125 69.375 -0.086095
23.125 69.625 1.2054
23.125 69.875 1.9897
23.125 70.125 0.85141
23.125 70.875 1.8575
23.125 71.125 -0.018764
23.125 71.375 0.19489
23.125 71.625 0.3024
23.125 71.875 -0.09531
23.125 72.125 0.18776
23.125 72.375 1.0641
23.125 72.625 0.92166
23.125 72.875 1.155
23.125 73.125 1.5841
23.125 73.375 0.25172
23.125 73.625 0.70364
23.125 73.875 -0.02438
23.125 74.125 -0.15771
23.125 74.375 0.66095
23.125 74.625 1.5883
23.125 74.875 0.5607
23.125 75.125 1.016
23.125 75.375 1.1589
23.125 75.625 0.92506
23.125 75.875 0.59243
23.125 76.125 0.98279
23.125 76.375 0.53756
23.125 76.625 0.65794
23.125 76.875 -0.20955
23.125 77.125 -0.71056
23.125 77.375 0.0067627
23.125 77.625 -0.16069
23.125 77.875 0.23151
23.125 78.125 -0.067689
23.125 78.375 -1.0017
23.125 78.625 -0.49312
23.125 78.875 -0.67387
23.125 79.125 -0.4382
23.125 79.375 -0.45584
23.125 79.625 -0.70683
23.125 79.875 -0.93777
23.125 80.125 -0.98809
23.125 80.375 -0.6521
23.125 80.625 -0.87799
23.125 80.875 -0.68135
23.125 81.125 -0.90409
23.125 81.375 -0.47668
23.125 81.625 -0.75843
23.125 81.875 -0.25432
23.125 82.125 -0.60932
23.125 82.375 -0.47551
23.125 82.625 -0.25608
23.125 82.875 -0.21932
23.125 83.125 -0.48389
23.125 83.375 0.37042
23.125 83.625 1.2883
23.125 83.875 0.71112
23.125 84.125 -0.78709
23.125 84.375 -0.41933
23.125 84.625 0.038219
23.125 84.875 1.0754
23.125 85.125 1.1551
23.125 85.375 0.97268
23.125 85.625 0.83554
23.125 85.875 -0.090129
23.125 86.125 0.52899
23.125 86.375 0.73139
23.125 86.625 0.58563
23.125 86.875 0.72674
23.125 87.125 0.90505
23.125 87.375 1.6347
23.125 87.625 1.5303
23.125 87.875 1.0035
23.125 88.125 0.71628
23.125 88.375 1.1326
23.125 88.625 0.59295
NaN NaN NaN
23.125 92.625 -0.60053
23.125 92.875 -0.28085
NaN NaN NaN
23.375 68.875 -0.40794
23.375 69.125 -0.24771
23.375 69.375 0.30604
23.375 69.625 2.3407
23.375 69.875 2.1944
23.375 70.125 0.52153
23.375 70.375 -0.85716
23.375 70.625 0.41203
23.375 70.875 0.47428
23.375 71.125 0.52002
23.375 71.375 0.81936
23.375 71.625 0.84725
23.375 71.875 -0.33868
23.375 72.125 -0.16346
23.375 72.375 0.53055
23.375 72.625 -0.185
23.375 72.875 0.59713
23.375 73.125 0.04545
23.375 73.375 0.46187
23.375 73.625 0.53676
23.375 73.875 0.23448
23.375 74.125 1.8546
23.375 74.375 0.90834
23.375 74.625 1.197
23.375 74.875 1.2786
23.375 75.125 0.63008
23.375 75.375 1.7594
23.375 75.625 1.2416
23.375 75.875 1.3984
23.375 76.125 2.0783
23.375 76.375 0.98964
23.375 76.625 0.75509
23.375 76.875 0.072924
23.375 77.125 -0.66293
23.375 77.375 -0.15277
23.375 77.625 -0.32514
23.375 77.875 0.21258
23.375 78.125 1.2755
23.375 78.375 0.22833
23.375 78.625 -0.70302
23.375 78.875 -0.50814
23.375 79.125 -0.49714
23.375 79.375 0.61943
23.375 79.625 0.11178
23.375 79.875 0.68826
23.375 80.125 -0.27124
23.375 80.375 -0.30797
23.375 80.625 -0.21402
23.375 80.875 -0.6109
23.375 81.125 -0.55356
23.375 81.375 -0.14403
23.375 81.625 0.26214
23.375 81.875 -0.26495
23.375 82.125 -0.56121
23.375 82.375 -0.52741
23.375 82.625 -0.4986
23.375 82.875 -0.41464
23.375 83.125 -0.17717
23.375 83.375 0.56553
23.375 83.625 1.8723
23.375 83.875 0.12024
23.375 84.125 -0.67446
23.375 84.375 -0.95978
23.375 84.625 0.35545
23.375 84.875 0.8204
23.375 85.125 0.54657
23.375 85.375 1.4809
23.375 85.625 -0.36882
23.375 85.875 -0.10239
23.375 86.125 -0.027769
23.375 86.375 0.52483
23.375 86.625 0.73274
23.375 86.875 0.60514
23.375 87.125 0.46877
23.375 87.375 0.47415
23.375 87.625 1.4394
23.375 87.875 -0.68982
23.375 88.125 0.12232
23.375 88.375 0.38185
23.375 88.625 0.37725
23.375 91.375 0.0054471
23.375 91.625 -0.23132
23.375 92.625 -0.11367
23.375 92.875 -0.61147
23.375 93.125 -1.4653
23.625 68.625 0.78923
23.625 68.875 0.018397
23.625 69.125 1.2977
23.625 69.375 2.2483
23.625 69.625 2.246
23.625 69.875 1.6092
23.625 70.125 1.7341
23.625 70.375 2.184
23.625 70.625 1.5712
23.625 70.875 1.523
23.625 71.125 1.1143
23.625 71.375 1.1849
23.625 71.625 0.27493
23.625 71.875 0.86851
23.625 72.125 -0.12318
23.625 72.375 -0.26706
23.625 72.625 0.8343
23.625 72.875 0.64791
23.625 73.125 1.5787
23.625 73.375 -0.14336
23.625 73.625 0.2504
23.625 73.875 0.35762
23.625 74.125 1.3617
23.625 74.375 0.78555
23.625 74.625 1.3583
23.625 74.875 1.6101
23.625 75.125 1.0074
23.625 75.375 1.2782
23.625 75.625 1.7481
23.625 75.875 1.8985
23.625 76.125 1.6645
23.625 76.375 1.5386
23.625 76.625 1.4346
23.625 76.875 1.366
23.625 77.125 0.4007
23.625 77.375 0.2512
23.625 77.625 -0.35315
23.625 77.875 0.31774
23.625 78.125 -0.48676
23.625 78.375 0.24662
23.625 78.625 -0.36728
23.625 78.875 0.058569
23.625 79.125 -0.37382
23.625 79.375 -0.057344
23.625 79.625 0.3326
23.625 79.875 1.2541
23.625 80.125 0.1114
23.625 80.375 -0.61606
23.625 80.625 -0.45649
23.625 80.875 -0.49736
23.625 81.125 -0.3197
23.625 81.375 -0.08341
23.625 81.625 0.24177
23.625 81.875 -0.49807
23.625 82.125 -0.76753
23.625 82.375 -0.65033
23.625 82.625 -0.46782
23.625 82.875 -0.30161
23.625 83.125 -0.27122
23.625 83.375 0.14659
23.625 83.625 -0.159
23.625 83.875 -0.16454
23.625 84.125 -0.65252
23.625 84.375 -0.47359
23.625 84.625 0.93362
23.625 84.875 1.4976
23.625 85.125 0.11623
23.625 85.375 0.55445
23.625 85.625 1.0199
23.625 85.875 0.45152
23.625 86.125 -0.058198
23.625 86.375 0.44936
23.625 86.625 0.91446
23.625 86.875 0.67159
23.625 87.125 0.5739
23.625 87.375 0.79631
23.625 87.625 0.18586
23.625 87.875 0.61799
23.625 88.125 0.76887
23.625 88.375 0.19049
23.625 91.375 -0.19909
23.625 91.625 -0.60604
NaN NaN NaN
23.625 92.375 -0.37875
23.625 92.625 -0.10067
23.625 92.875 -0.55926
23.625 93.125 -1.0945
23.875 68.875 1.8452
23.875 69.125 2.2537
23.875 69.375 2.3654
23.875 69.625 2.1078
23.875 69.875 1.3227
23.875 70.125 1.2742
23.875 70.375 1.5441
23.875 70.625 1.8913
23.875 70.875 1.2115
23.875 71.125 1.281
23.875 71.375 1.5937
23.875 71.625 1.1746
23.875 71.875 0.60799
23.875 72.125 0.10034
23.875 72.375 -0.29688
23.875 72.625 -0.32946
23.875 72.875 0.021553
23.875 73.125 0.37142
23.875 73.375 -0.80483
23.875 73.625 -0.32857
23.875 73.875 0.93628
23.875 74.125 0.88185
23.875 74.375 0.72277
23.875 74.625 0.90283
23.875 74.875 1.6501
23.875 75.125 1.1442
23.875 75.375 1.2792
23.875 75.625 1.6214
23.875 75.875 1.317
23.875 76.125 0.60687
23.875 76.375 1.568
23.875 76.625 1.5724
23.875 76.875 1.2979
23.875 77.125 0.4597
23.875 77.375 0.49346
23.875 77.625 1.0982
23.875 77.875 0.94056
23.875 78.125 0.44927
23.875 78.375 0.21082
23.875 78.625 0.84944
23.875 78.875 -0.052497
23.875 79.125 0.17986
23.875 79.375 0.43466
23.875 79.625 -0.08246
23.875 79.875 -0.50512
23.875 80.125 -0.35675
23.875 80.375 -0.20986
23.875 80.625 -0.47755
23.875 80.875 -0.028139
23.875 81.125 -0.26082
23.875 81.375 -0.27151
23.875 81.625 -0.47818
23.875 81.875 -0.6061
23.875 82.125 -0.63745
23.875 82.375 -0.56286
23.875 82.625 -0.46915
23.875 82.875 -0.43123
23.875 83.125 -0.61551
23.875 83.375 -0.2565
23.875 83.625 -0.61919
23.875 83.875 -0.79466
23.875 84.125 -0.10765
23.875 84.375 -0.60343
23.875 84.625 -0.079569
23.875 84.875 0.045691
23.875 85.125 -0.46922
23.875 85.375 -0.36362
23.875 85.625 1.2723
23.875 85.875 0.77536
23.875 86.125 -0.29022
23.875 86.375 0.53284
23.875 86.625 0.48229
23.875 86.875 0.13545
23.875 87.125 1.1197
23.875 87.375 1.2332
23.875 87.625 0.01203
23.875 87.875 1.0148
23.875 88.125 1.1154
23.875 88.375 0.41655
23.875 91.375 0.26817
23.875 91.625 0.48664
23.875 91.875 -0.59176
23.875 92.125 0.063044
23.875 92.375 0.3675
23.875 92.625 -0.27616
23.875 92.875 -1.2352
23.875 93.125 -1.0871
23.875 93.375 -1.237
24.125 68.875 1.2262
24.125 69.125 2.1856
24.125 69.375 2.3323
24.125 69.625 1.5285
24.125 69.875 1.1356
24.125 70.125 1.3107
24.125 70.375 1.6266
24.125 70.625 1.405
24.125 70.875 1.2982
24.125 71.125 1.6219
24.125 71.375 1.5272
24.125 71.625 0.73213
24.125 71.875 0.70321
24.125 72.125 0.73304
24.125 72.375 0.38396
24.125 72.625 -0.56689
24.125 72.875 -1.152
24.125 73.125 0.077205
24.125 73.375 0.7374
24.125 73.625 -0.032038
24.125 73.875 0.39254
24.125 74.125 0.40776
24.125 74.375 0.2297
24.125 74.625 2.0636
24.125 74.875 2.3083
24.125 75.125 1.8845
24.125 75.375 1.1437
24.125 75.625 1.374
24.125 75.875 0.79332
24.125 76.125 1.0549
24.125 76.375 1.6697
24.125 76.625 0.96753
24.125 76.875 1.1788
24.125 77.125 0.37049
24.125 77.375 0.58967
24.125 77.625 1.5679
24.125 77.875 1.1288
24.125 78.125 1.0942
24.125 78.375 0.55863
24.125 78.625 0.95361
24.125 78.875 0.55516
24.125 79.125 0.55239
24.125 79.375 0.35534
24.125 79.625 0.077713
24.125 79.875 -0.14948
24.125 80.125 -0.22163
24.125 80.375 0.078968
24.125 80.625 -0.059262
24.125 80.875 -0.01863
24.125 81.125 -0.19303
24.125 81.375 -1.009
24.125 81.625 -0.82895
24.125 81.875 0.44094
24.125 82.125 0.73955
24.125 82.375 0.16557
24.125 82.625 1.189
24.125 82.875 -0.13422
24.125 83.125 -0.50555
24.125 83.375 -0.51045
24.125 83.625 -0.62497
24.125 83.875 -0.52058
24.125 84.125 -0.71148
24.125 84.375 -0.13676
24.125 84.625 -0.13987
24.125 84.875 -0.53298
24.125 85.125 -0.60776
24.125 85.375 -0.09347
24.125 85.625 -1.0086
24.125 85.875 -0.1933
24.125 86.125 -0.76573
24.125 86.375 -0.72207
24.125 86.625 0.086502
24.125 86.875 -0.12527
24.125 87.125 -0.05597
24.125 87.375 0.89281
24.125 87.625 1.0403
24.125 87.875 0.5286
24.125 88.125 0.9021
24.125 88.375 0.50492
24.125 91.875 0.20442
24.125 92.125 0.49352
24.125 92.375 1.1014
24.125 92.625 -0.16359
24.125 92.875 -1.2268
24.125 93.125 -1.1867
24.125 93.375 -0.98756
24.125 93.625 -1.0545
24.125 93.875 -1.1953
NaN NaN NaN
24.375 71.375 1.2766
24.375 71.625 0.93974
24.375 71.875 0.40198
24.375 72.125 0.953
24.375 72.375 0.40216
24.375 72.625 -0.23655
24.375 72.875 -0.38745
24.375 73.125 1.1188
24.375 73.375 0.75176
24.375 73.625 1.1385
24.375 73.875 0.97092
24.375 74.125 1.864
24.375 74.375 1.3838
24.375 74.625 2.1201
24.375 74.875 2.247
24.375 75.125 2.2088
24.375 75.375 1.5059
24.375 75.625 1.663
24.375 75.875 0.692
24.375 76.125 0.74654
24.375 76.375 0.88522
24.375 76.625 0.77035
24.375 76.875 0.95519
24.375 77.125 0.23715
24.375 77.375 0.61177
24.375 77.625 0.5241
24.375 77.875 1.2687
24.375 78.125 1.3792
24.375 78.375 0.91935
24.375 78.625 1.6086
24.375 78.875 0.87884
24.375 79.125 0.99184
24.375 79.375 0.24461
24.375 79.625 0.91954
24.375 79.875 0.79447
24.375 80.125 -0.31105
24.375 80.375 0.37128
24.375 80.625 0.46123
24.375 80.875 -0.0001144
24.375 81.125 -0.26405
24.375 81.375 -0.86643
24.375 81.625 -0.70561
24.375 81.875 0.67492
24.375 82.125 0.97212
24.375 82.375 1.1281
24.375 82.625 1.653
24.375 82.875 0.54837
24.375 83.125 0.40833
24.375 83.375 0.17162
24.375 83.625 0.023087
24.375 83.875 -0.3608
24.375 84.125 1.7028
24.375 84.375 0.64041
24.375 84.625 0.98166
24.375 84.875 0.16281
24.375 85.125 -0.18004
24.375 85.375 0.9824
24.375 85.625 1.1681
24.375 85.875 2.2083
24.375 86.125 -0.1622
24.375 86.375 -0.80767
24.375 86.625 0.14964
24.375 86.875 0.36068
24.375 87.125 -0.20313
24.375 87.375 -0.20377
24.375 87.625 0.29529
24.375 87.875 0.75394
24.375 88.125 0.28579
24.375 92.375 0.79256
24.375 92.625 0.47927
24.375 92.875 -1.5161
24.375 93.125 -0.9671
24.375 93.375 -0.72772
24.375 93.625 0.051334
24.375 93.875 -0.36688
24.375 94.125 -0.864
24.625 71.125 0.41568
24.625 71.375 1.0614
24.625 71.625 1.1542
24.625 71.875 1.0208
24.625 72.125 -0.10014
24.625 72.375 -0.24008
24.625 72.625 -0.35924
24.625 72.875 -0.1751
24.625 73.125 0.77529
24.625 73.375 1.1115
24.625 73.625 1.6114
24.625 73.875 1.8752
24.625 74.125 1.7074
24.625 74.375 1.6866
24.625 74.625 1.7731
24.625 74.875 1.7076
24.625 75.125 1.3174
24.625 75.375 1.3171
24.625 75.625 1.7647
24.625 75.875 1.112
24.625 76.125 0.91149
24.625 76.375 1.3369
24.625 76.625 1.1296
24.625 76.875 1.5059
24.625 77.125 1.0392
24.625 77.375 1.2516
24.625 77.625 0.88145
24.625 77.875 0.57974
24.625 78.125 1.2091
24.625 78.375 0.86266
24.625 78.625 0.93722
24.625 78.875 0.85427
24.625 79.125 0.9283
24.625 79.375 1.6174
24.625 79.625 1.6833
24.625 79.875 0.63556
24.625 80.125 0.38168
24.625 80.375 0.3557
24.625 80.625 0.33919
24.625 80.875 -0.4145
24.625 81.125 -0.78603
24.625 81.375 0.221
24.625 81.625 0.089132
24.625 81.875 0.94487
24.625 82.125 -0.19517
24.625 82.375 -0.88948
24.625 82.625 1.7133
24.625 82.875 1.7471
24.625 83.125 0.93079
24.625 83.375 0.77622
24.625 83.625 0.67038
24.625 83.875 0.55616
24.625 84.125 1.6734
24.625 84.375 1.7938
24.625 84.625 1.2297
24.625 84.875 1.345
24.625 85.125 0.28631
24.625 85.375 0.797
24.625 85.625 -0.3262
24.625 85.875 1.007
24.625 86.125 1.2442
24.625 86.375 1.4673
24.625 86.625 1.6912
24.625 86.875 0.86845
24.625 87.125 -2.0539
24.625 87.375 -0.49741
24.625 87.625 0.4634
24.625 87.875 0.50206
24.625 92.375 0.72286
24.625 92.625 0.7916
24.625 92.875 -0.49972
24.625 93.125 0.39747
24.625 93.375 0.62324
24.625 93.625 -0.38256
24.625 93.875 -0.71463
24.625 94.125 -0.74518
NaN NaN NaN
24.875 71.125 0.55561
24.875 71.375 1.147
24.875 71.625 1.5244
24.875 71.875 0.63757
24.875 72.125 -1.2348
24.875 72.375 -0.82112
24.875 72.625 -0.49341
24.875 72.875 -0.36802
24.875 73.125 1.1127
24.875 73.375 0.74021
24.875 73.625 1.8485
24.875 73.875 1.9943
24.875 74.125 1.6824
24.875 74.375 1.9481
24.875 74.625 1.9352
24.875 74.875 1.9402
24.875 75.125 1.3667
24.875 75.375 1.1168
24.875 75.625 1.2806
24.875 75.875 2.3181
24.875 76.125 2.2102
24.875 76.375 1.944
24.875 76.625 1.7926
24.875 76.875 2.1499
24.875 77.125 2.1467
24.875 77.375 2.1779
24.875 77.625 2.0332
24.875 77.875 1.5811
24.875 78.125 1.3716
24.875 78.375 1.3776
24.875 78.625 1.1877
24.875 78.875 1.45
24.875 79.125 1.2476
24.875 79.375 1.2722
24.875 79.625 1.1452
24.875 79.875 1.7777
24.875 80.125 0.8873
24.875 80.375 0.34119
24.875 80.625 -0.091658
24.875 80.875 -0.17375
24.875 81.125 -0.62817
24.875 81.375 -0.88059
24.875 81.625 0.38995
24.875 81.875 0.37352
24.875 82.125 -0.49137
24.875 82.375 -0.92855
24.875 82.625 0.30164
24.875 82.875 -0.18994
24.875 83.125 0.14552
24.875 83.375 -0.012725
24.875 83.625 0.27451
24.875 83.875 -0.37093
24.875 84.125 1.0675
24.875 84.375 -0.6728
24.875 84.625 0.73063
24.875 84.875 -0.43062
24.875 85.125 -0.41164
24.875 85.375 -0.48255
24.875 85.625 0.9962
24.875 85.875 1.2517
24.875 86.125 1.6319
24.875 86.375 1.0779
24.875 86.625 1.1828
24.875 86.875 0.22303
24.875 87.125 -0.48526
24.875 87.375 -0.90029
24.875 87.625 0.94866
24.875 87.875 1.3069
24.875 88.125 2.2539
24.875 92.625 0.1485
24.875 92.875 -0.041784
24.875 93.125 0.12081
24.875 93.375 0.12218
24.875 93.625 -0.22468
24.875 93.875 -0.49359
24.875 94.125 -0.51956
24.875 94.375 -0.64118
25.125 71.125 -0.58829
25.125 71.375 0.035987
25.125 71.625 0.70654
25.125 71.875 0.0028426
25.125 72.125 -0.14858
25.125 72.375 -0.39063
25.125 72.625 -0.64265
25.125 72.875 -0.047668
25.125 73.125 0.97103
25.125 73.375 0.036513
25.125 73.625 1.5519
25.125 73.875 1.786
25.125 74.125 1.4875
25.125 74.375 1.8408
25.125 74.625 2.3436
25.125 74.875 2.2176
25.125 75.125 2.1088
25.125 75.375 2.0078
25.125 75.625 1.6701
25.125 75.875 0.82323
25.125 76.125 1.3834
25.125 76.375 1.8587
25.125 76.625 2.183
25.125 76.875 2.046
25.125 77.125 1.6412
25.125 77.375 1.75
25.125 77.625 2.2231
25.125 77.875 2.245
25.125 78.125 1.4249
25.125 78.375 1.6072
25.125 78.625 1.471
25.125 78.875 1.6166
25.125 79.125 0.1341
25.125 79.375 0.36734
25.125 79.625 0.54321
25.125 79.875 1.4055
25.125 80.125 0.32148
25.125 80.375 0.5114
25.125 80.625 0.22978
25.125 80.875 -0.7393
25.125 81.125 -0.55162
25.125 81.375 0.06276
25.125 81.625 -0.81148
25.125 81.875 -0.21463
25.125 82.125 -0.84477
25.125 82.375 -0.40368
25.125 82.625 -0.514
25.125 82.875 -0.70695
25.125 83.125 -0.38284
25.125 83.375 0.067817
25.125 83.625 1.4853
25.125 83.875 0.52706
25.125 84.125 0.95887
25.125 84.375 -0.14503
25.125 84.625 1.0417
25.125 84.875 0.4679
25.125 85.125 -0.38808
25.125 85.375 0.38852
25.125 85.625 0.13211
25.125 85.875 0.42415
25.125 86.125 1.8174
25.125 86.375 0.8473
25.125 86.625 1.4838
25.125 86.875 -0.025983
25.125 87.125 1.9167
25.125 87.375 0.88759
25.125 87.625 1.6757
25.125 87.875 1.5659
25.125 88.125 2.0244
25.125 88.375 2.029
25.125 92.375 -0.29895
25.125 92.625 -0.34237
25.125 92.875 0.0024584
25.125 93.125 0.77243
25.125 93.375 0.74258
25.125 93.625 -0.31591
25.125 93.875 -0.60955
25.125 94.125 0.26947
25.125 94.375 -0.096979
25.375 70.875 0.67951
25.375 71.125 0.37044
25.375 71.375 0.037958
25.375 71.625 -0.20622
25.375 71.875 0.47528
25.375 72.125 -1.4365
25.375 72.375 -1.5972
25.375 72.625 -0.96203
25.375 72.875 0.52218
25.375 73.125 0.23491
25.375 73.375 0.75981
25.375 73.625 1.073
25.375 73.875 1.6953
25.375 74.125 2.0859
25.375 74.375 1.9639
25.375 74.625 2.0396
25.375 74.875 2.2297
25.375 75.125 2.3064
25.375 75.375 1.8983
25.375 75.625 2.2524
25.375 75.875 1.8408
25.375 76.125 1.4983
25.375 76.375 1.1888
25.375 76.625 1.2892
25.375 76.875 0.87728
25.375 77.125 1.7865
25.375 77.375 2.0174
25.375 77.625 1.9815
25.375 77.875 2.3446
25.375 78.125 1.7168
25.375 78.375 1.6281
25.375 78.625 0.7319
25.375 78.875 0.6008
25.375 79.125 0.99918
25.375 79.375 0.55891
25.375 79.625 1.0398
25.375 79.875 1.4909
25.375 80.125 1.4756
25.375 80.375 0.57516
25.375 80.625 0.37858
25.375 80.875 -0.69037
25.375 81.125 -0.52487
25.375 81.375 -0.0091692
25.375 81.625 -0.96878
25.375 81.875 -0.81828
25.375 82.125 -1.2086
25.375 82.375 -0.83741
25.375 82.625 -0.45986
25.375 82.875 -0.71793
25.375 83.125 -0.25288
25.375 83.375 0.19736
25.375 83.625 2.3359
25.375 83.875 2.3157
25.375 84.125 1.4288
25.375 84.375 -0.04878
25.375 84.625 0.18892
25.375 84.875 2.004
25.375 85.125 0.77733
25.375 85.375 0.4815
25.375 85.625 2.0562
25.375 85.875 1.6173
25.375 86.125 1.4694
25.375 86.375 0.85007
25.375 86.625 1.7512
25.375 86.875 1.2429
25.375 87.125 1.5326
25.375 87.375 1.562
25.375 87.625 1.8105
25.375 87.875 2.2039
25.375 88.125 2.1473
25.375 88.375 1.8166
25.375 88.625 1.7958
25.375 90.125 0.7175
25.375 90.375 0.49174
25.375 90.625 0.55211
25.375 90.875 -0.0024239
25.375 91.125 -0.08732
25.375 91.375 -0.23232
25.375 91.625 -0.53962
25.375 91.875 -0.95241
25.375 92.125 -0.44101
25.375 92.375 -0.011349
25.375 92.625 0.59105
25.375 92.875 -0.21022
25.375 93.125 -0.4986
25.375 93.375 -0.50473
25.375 93.625 0.019612
25.375 93.875 -1.027
25.375 94.125 0.48502
25.375 94.375 0.075816
25.625 70.875 -0.21589
25.625 71.125 -0.358
25.625 71.375 0.10696
25.625 71.625 0.74887
25.625 71.875 -1.8413
25.625 72.125 -1.1957
25.625 72.375 -0.9575
25.625 72.625 0.095205
25.625 72.875 0.68506
25.625 73.125 0.64557
25.625 73.375 1.8196
25.625 73.625 1.5359
25.625 73.875 1.7558
25.625 74.125 2.0322
25.625 74.375 1.4666
25.625 74.625 1.6708
25.625 74.875 2.2287
25.625 75.125 2.0883
25.625 75.375 2.1059
25.625 75.625 2.3184
25.625 75.875 1.9637
25.625 76.125 1.8406
25.625 76.375 1.7916
25.625 76.625 0.24756
25.625 76.875 0.49568
25.625 77.125 1.8234
25.625 77.375 2.1773
25.625 77.625 1.5625
25.625 77.875 2.1062
25.625 78.125 1.6217
25.625 78.375 0.23526
25.625 78.625 1.7766
25.625 78.875 1.4271
25.625 79.125 1.7159
25.625 79.375 1.3097
25.625 79.625 1.5647
25.625 79.875 1.9854
25.625 80.125 1.3088
25.625 80.375 0.66364
25.625 80.625 -0.36486
25.625 80.875 -0.79272
25.625 81.125 -0.79858
25.625 81.375 -0.94873
25.625 81.625 -0.64865
25.625 81.875 0.14151
25.625 82.125 -1.3799
25.625 82.375 -0.22288
25.625 82.625 -0.20115
25.625 82.875 -0.79957
25.625 83.125 -0.23807
25.625 83.375 0.83712
25.625 83.625 2.2806
25.625 83.875 1.5164
25.625 84.125 0.2348
25.625 84.375 0.32096
25.625 84.625 2.2862
25.625 84.875 0.93871
25.625 85.125 0.75678
25.625 85.375 1.8203
25.625 85.625 1.2656
25.625 85.875 1.1928
25.625 86.125 0.98132
25.625 86.375 1.8094
25.625 86.625 -0.21613
25.625 86.875 1.7356
25.625 87.125 2.0066
25.625 87.375 0.68319
25.625 87.625 1.3306
25.625 87.875 1.8051
25.625 88.125 2.2848
25.625 90.125 0.59848
25.625 90.375 1.2698
25.625 90.625 0.69458
25.625 90.875 -0.47313
25.625 91.125 0.37779
25.625 91.375 0.15689
25.625 91.625 0.19296
25.625 91.875 -0.11657
25.625 92.125 0.28079
25.625 92.375 0.43997
25.625 92.625 0.48014
25.625 92.875 -0.27435
25.625 93.125 -0.70691
25.625 93.375 -0.24307
25.625 93.625 0.23315
25.625 93.875 0.11575
25.625 94.125 0.22469
25.625 94.375 -1.2134
NaN NaN NaN
NaN NaN NaN
25.875 70.375 1.0637
25.875 70.625 1.5148
25.875 70.875 0.6324
25.875 71.125 0.068787
25.875 71.375 0.64818
25.875 71.625 1.7491
25.875 71.875 0.001435
25.875 72.125 -1.173
25.875 72.375 -0.026643
25.875 72.625 0.39234
25.875 72.875 0.47008
25.875 73.125 1.0179
25.875 73.375 2.2459
25.875 73.625 1.5051
25.875 73.875 0.21045
25.875 74.125 1.3336
25.875 74.375 1.4717
25.875 74.625 2.3403
25.875 74.875 2.335
25.875 75.125 2.0915
25.875 75.375 2.0117
25.875 75.625 1.7107
25.875 75.875 2.0778
25.875 76.125 1.9066
25.875 76.375 1.5809
25.875 76.625 1.1409
25.875 76.875 1.0666
25.875 77.125 2.1208
25.875 77.375 2.2221
25.875 77.625 1.812
25.875 77.875 1.4266
25.875 78.125 1.8451
25.875 78.375 1.714
25.875 78.625 1.7117
25.875 78.875 1.5861
25.875 79.125 1.3814
25.875 79.375 0.77581
25.875 79.625 0.80136
25.875 79.875 0.92416
25.875 80.125 0.42961
25.875 80.375 0.064285
25.875 80.625 -0.062733
25.875 80.875 -0.45916
25.875 81.125 -1.3338
25.875 81.375 -0.87654
25.875 81.625 -0.56198
25.875 81.875 0.2866
25.875 82.125 0.15753
25.875 82.375 -0.15233
25.875 82.625 -1.0192
25.875 82.875 0.0086636
25.875 83.125 -0.80639
25.875 83.375 1.012
25.875 83.625 2.0613
25.875 83.875 0.50836
25.875 84.125 1.7934
25.875 84.375 -0.046446
25.875 84.625 0.57265
25.875 84.875 1.5609
25.875 85.125 1.3222
25.875 85.375 2.3683
25.875 85.625 1.9771
25.875 85.875 1.6417
25.875 86.125 1.5491
25.875 86.375 1.4146
25.875 86.625 1.7252
25.875 86.875 1.5944
25.875 87.125 1.7709
25.875 87.375 0.57869
25.875 87.625 0.58642
25.875 87.875 0.11026
25.875 90.125 0.44498
25.875 90.375 0.21192
25.875 90.625 0.088266
25.875 90.875 0.47202
25.875 91.125 0.76855
25.875 91.375 0.71023
25.875 91.625 0.1987
25.875 91.875 -0.33178
25.875 92.125 -0.13476
25.875 92.375 0.41496
25.875 92.625 -0.0047119
25.875 92.875 -0.056678
25.875 93.125 -1.3603
25.875 93.375 -1.4011
25.875 93.625 -0.66694
25.875 93.875 -0.075904
25.875 94.125 -0.34597
25.875 94.375 0.085653
25.875 94.625 -0.57562
25.875 94.875 0.19142
26.125 70.375 -1.4189
26.125 70.625 -0.60401
26.125 70.875 -0.087579
26.125 71.125 -0.79474
26.125 71.375 -0.5744
26.125 71.625 1.5947
26.125 71.875 0.76062
26.125 72.125 0.79616
26.125 72.375 0.63392
26.125 72.625 -0.1864
26.125 72.875 0.44941
26.125 73.125 1.2779
26.125 73.375 1.9978
26.125 73.625 1.2486
26.125 73.875 0.88546
26.125 74.125 1.5521
26.125 74.375 1.9168
26.125 74.625 2.2232
26.125 74.875 2.2056
26.125 75.125 2.0902
26.125 75.375 1.7713
26.125 75.625 1.4127
26.125 75.875 2.2081
26.125 76.125 2.1422
26.125 76.375 1.9435
26.125 76.625 1.7687
26.125 76.875 1.1628
26.125 77.125 1.2275
26.125 77.375 2.0397
26.125 77.625 2.0966
26.125 77.875 1.3439
26.125 78.125 1.7124
26.125 78.375 1.6831
26.125 78.625 1.1673
26.125 78.875 2.0551
26.125 79.125 1.3133
26.125 79.375 -0.059987
26.125 79.625 0.24892
26.125 79.875 0.7551
26.125 80.125 0.71002
26.125 80.375 0.011942
26.125 80.625 -0.48877
26.125 80.875 0.26251
26.125 81.125 -0.39622
26.125 81.375 -0.75187
26.125 81.625 2.2798
26.125 81.875 -0.46462
26.125 82.125 0.49451
26.125 82.375 -1.2829
26.125 82.625 -0.51347
26.125 82.875 0.3181
26.125 83.125 -0.66924
26.125 83.375 -0.30006
26.125 83.625 0.18115
26.125 83.875 2.4118
26.125 84.125 1.7014
26.125 84.375 0.49064
26.125 84.625 1.9875
26.125 84.875 0.8948
26.125 85.125 1.2705
26.125 85.375 -1.2862
26.125 85.625 2.0374
26.125 85.875 2.3555
26.125 86.125 1.5203
26.125 86.375 1.9813
26.125 86.625 0.835
26.125 86.875 1.4352
26.125 87.125 1.2709
26.125 87.375 0.057293
26.125 87.625 0.31668
26.125 87.875 -0.0017476
26.125 88.125 0.88083
26.125 89.375 0.8037
26.125 89.875 1.0478
26.125 90.125 0.59426
26.125 90.375 0.90082
26.125 90.625 0.51688
26.125 90.875 0.67766
26.125 91.125 0.17116
26.125 91.375 0.53619
26.125 91.625 -0.2674
26.125 91.875 -0.37951
26.125 92.125 -0.31466
26.125 92.375 0.24012
26.125 92.625 0.50998
26.125 92.875 0.55401
26.125 93.125 -1.2202
26.125 93.375 -0.21644
26.125 93.625 0.17533
26.125 93.875 -0.53793
26.125 94.125 0.25179
26.125 94.375 0.30643
26.125 94.625 0.089086
26.125 94.875 0.21564
26.375 70.375 -1.3843
26.375 70.625 -0.7784
26.375 70.875 -0.45841
26.375 71.125 -0.73384
26.375 71.375 0.30022
26.375 71.625 0.95171
26.375 71.875 0.94727
26.375 72.125 0.84653
26.375 72.375 0.98051
26.375 72.625 0.52037
26.375 72.875 0.86369
26.375 73.125 0.74311
26.375 73.375 1.1427
26.375 73.625 1.2534
26.375 73.875 1.8374
26.375 74.125 2.0707
26.375 74.375 2.146
26.375 74.625 1.8332
26.375 74.875 2.1098
26.375 75.125 2.1191
26.375 75.375 1.9397
26.375 75.625 1.5838
26.375 75.875 2.3857
26.375 76.125 2.3749
26.375 76.375 2.3103
26.375 76.625 1.8303
26.375 76.875 1.3306
26.375 77.125 0.84092
26.375 77.375 1.9007
26.375 77.625 1.9385
26.375 77.875 0.92585
26.375 78.125 1.4437
26.375 78.375 1.2107
26.375 78.625 0.72771
26.375 78.875 0.28046
26.375 79.125 1.2917
26.375 79.375 0.1371
26.375 79.625 0.75062
26.375 79.875 1.7401
26.375 80.125 1.1114
26.375 80.375 0.44783
26.375 80.625 0.8066
26.375 80.875 1.7628
26.375 81.125 1.8547
26.375 81.375 -0.74459
26.375 81.625 -0.75952
26.375 81.875 0.33327
26.375 82.125 -0.24578
26.375 82.375 0.39786
26.375 82.625 -0.19546
26.375 82.875 0.08963
26.375 83.125 -0.81886
26.375 83.375 1.9462
26.375 83.625 1.6666
26.375 83.875 1.8874
26.375 84.125 0.86635
26.375 84.375 2.0336
26.375 84.625 0.76014
26.375 84.875 0.74629
26.375 85.125 1.228
26.375 85.375 1.5883
26.375 85.625 1.153
26.375 85.875 1.7895
26.375 86.125 1.0667
26.375 86.375 -0.2966
26.375 86.625 0.52884
26.375 86.875 1.4273
26.375 87.125 0.90467
26.375 87.625 -1.1498
26.375 87.875 0.99083
26.375 88.125 2.2101
26.375 88.375 2.1647
26.375 88.875 1.168
26.375 89.375 0.27794
26.375 89.625 0.94297
26.375 89.875 0.73325
26.375 90.125 0.76988
26.375 90.375 0.67527
26.375 90.625 0.39295
26.375 90.875 -0.12327
26.375 91.125 0.0068558
26.375 91.375 0.31692
26.375 91.625 -0.32529
26.375 91.875 -0.43603
26.375 92.125 -0.056942
26.375 92.375 0.085466
26.375 92.625 0.42399
26.375 92.875 0.623
26.375 93.125 0.65066
26.375 93.375 0.46024
26.375 93.625 0.29419
26.375 93.875 0.40789
26.375 94.125 0.81617
26.375 94.375 -0.39299
26.375 94.625 -0.78703
26.375 94.875 0.1374
26.625 69.875 -0.65272
26.625 70.125 -1.0271
26.625 70.375 -1.0038
26.625 70.625 -0.7097
26.625 70.875 -1.5911
26.625 71.125 -1.8294
26.625 71.375 -0.14283
26.625 71.625 0.80725
26.625 71.875 1.6606
26.625 72.125 1.2123
26.625 72.375 0.12573
26.625 72.625 0.47064
26.625 72.875 0.61208
26.625 73.125 0.71211
26.625 73.375 0.47515
26.625 73.625 1.1702
26.625 73.875 1.7485
26.625 74.125 1.8852
26.625 74.375 1.6087
26.625 74.625 0.99883
26.625 74.875 2.3037
26.625 75.125 1.6276
26.625 75.375 2.1853
26.625 75.625 1.9992
26.625 75.875 1.7348
26.625 76.125 2.2541
26.625 76.375 1.6609
26.625 76.625 1.5249
26.625 76.875 1.8064
26.625 77.125 1.9941
26.625 77.375 1.9453
26.625 77.625 1.7348
26.625 77.875 0.39784
26.625 78.125 1.5341
26.625 78.375 0.80522
26.625 78.625 1.0926
26.625 78.875 1.3158
26.625 79.125 1.7568
26.625 79.375 2.3787
26.625 79.625 2.3825
26.625 79.875 2.138
26.625 80.125 2.0563
26.625 80.375 1.7842
26.625 80.625 1.6652
26.625 80.875 1.9706
26.625 81.125 1.8822
26.625 81.375 1.1916
26.625 81.625 -0.049454
26.625 81.875 1.0452
26.625 82.125 0.62752
26.625 82.375 -0.05111
26.625 82.625 -1.5222
26.625 82.875 0.55417
26.625 83.125 0.61246
26.625 83.375 -0.88303
26.625 83.625 0.92665
26.625 83.875 1.39
26.625 84.125 1.4859
26.625 84.375 0.95961
26.625 84.625 0.43762
26.625 84.875 0.047153
26.625 85.125 0.39554
26.625 85.375 1.766
26.625 85.625 1.7663
26.625 86.125 0.79187
26.625 88.375 2.3282
26.625 88.625 0.72792
26.625 88.875 -1.4024
26.625 89.125 0.52676
26.625 89.375 0.95812
26.625 89.625 0.42939
26.625 89.875 0.56987
26.625 90.125 0.68508
26.625 90.375 0.33336
26.625 90.625 -0.086033
26.625 90.875 -0.077302
26.625 91.125 0.27259
26.625 91.375 -0.094007
26.625 91.625 -1.1343
26.625 91.875 -0.68697
26.625 92.125 0.11718
26.625 92.375 -0.19862
26.625 92.625 -0.047348
26.625 92.875 1.3872
26.625 93.125 0.8147
26.625 93.375 0.85765
26.625 93.625 0.034566
26.625 93.875 -0.05928
26.625 94.125 -0.37306
26.625 94.375 -0.30964
26.625 94.625 0.50845
26.625 94.875 1.6293
26.625 95.125 0.79678
26.875 69.625 -0.94773
26.875 69.875 -1.0454
26.875 70.125 -1.0563
26.875 70.375 -1.0573
26.875 70.625 -0.99242
26.875 70.875 -2.1785
26.875 71.125 -1.6732
26.875 71.375 -2.0005
26.875 71.625 -1.7853
26.875 71.875 -0.011034
26.875 72.125 0.67002
26.875 72.375 1.0459
26.875 72.625 1.0041
26.875 72.875 0.54721
26.875 73.125 1.5313
26.875 73.375 1.4313
26.875 73.625 2.0596
26.875 73.875 2.0865
26.875 74.125 2.372
26.875 74.375 -0.18931
26.875 74.625 0.64004
26.875 74.875 1.9678
26.875 75.125 1.8294
26.875 75.375 1.8292
26.875 75.625 0.42477
26.875 75.875 1.5446
26.875 76.125 2.01
26.875 76.375 1.8652
26.875 76.625 1.6808
26.875 76.875 1.8335
26.875 77.125 2.2739
26.875 77.375 0.77023
26.875 77.625 1.75
26.875 77.875 0.52189
26.875 78.125 1.2783
26.875 78.375 1.0915
26.875 78.625 -0.3852
26.875 78.875 2.0798
26.875 79.125 2.3061
26.875 79.375 2.412
26.875 79.625 2.2637
26.875 79.875 2.1338
26.875 80.125 1.8108
26.875 80.375 1.3801
26.875 80.625 1.5039
26.875 80.875 2.1065
26.875 81.125 2.1572
26.875 81.375 1.1207
26.875 81.625 -1.1587
26.875 81.875 2.0927
26.875 82.125 0.90827
26.875 82.375 -0.79267
26.875 82.625 -1.135
26.875 82.875 0.255
26.875 83.125 0.13828
26.875 83.375 -0.76976
26.875 83.625 -0.27344
26.875 83.875 -0.35928
26.875 84.125 0.093377
26.875 84.375 -1.132
26.875 84.625 -0.29131
26.875 84.875 0.057091
26.875 88.375 2.0201
26.875 88.625 1.2424
26.875 88.875 0.726
26.875 92.375 0.1882
26.875 92.625 0.3685
26.875 92.875 0.99729
26.875 93.125 0.55436
26.875 93.375 0.66021
26.875 93.625 0.3198
26.875 93.875 -0.29858
26.875 94.125 -0.00043935
26.875 94.375 -0.33156
26.875 94.625 0.1524
26.875 94.875 0.12796
26.875 95.125 1.0635
26.875 95.375 1.39
26.875 95.625 0.084885
27.125 69.875 -0.65385
27.125 70.125 -0.23936
27.125 70.375 -0.14124
27.125 70.625 -1.6361
27.125 70.875 -1.644
27.125 71.125 -1.8694
27.125 71.375 -1.4338
27.125 71.625 -2.1231
27.125 71.875 -0.4835
27.125 72.125 0.083075
27.125 72.375 1.3123
27.125 72.625 1.2322
27.125 72.875 0.14619
27.125 73.125 0.93873
27.125 73.375 1.6984
27.125 73.625 1.9956
27.125 73.875 1.7503
27.125 74.125 1.7773
27.125 74.375 1.0101
27.125 74.625 1.2419
27.125 74.875 1.3655
27.125 75.125 1.2646
27.125 75.375 2.0003
27.125 75.625 2.3025
27.125 75.875 2.1086
27.125 76.125 1.6163
27.125 76.375 1.0998
27.125 76.625 1.2084
27.125 76.875 0.99254
27.125 77.125 2.2132
27.125 77.375 1.4165
27.125 77.625 1.6308
27.125 77.875 0.11513
27.125 78.125 1.2014
27.125 78.375 -0.45857
27.125 78.625 1.9824
27.125 78.875 2.0222
27.125 79.125 2.3149
27.125 79.375 1.6896
27.125 79.625 1.0639
27.125 79.875 1.9801
27.125 80.125 1.5729
27.125 80.375 1.0636
27.125 80.625 1.7155
27.125 80.875 1.527
27.125 81.125 0.22467
27.125 81.375 0.50417
27.125 81.625 0.11925
27.125 81.875 0.464
27.125 82.125 -0.1396
27.125 82.375 -0.020046
27.125 82.625 0.39623
27.125 82.875 0.16903
27.125 83.125 -0.42006
27.125 83.375 -0.69298
27.125 83.625 0.35847
27.125 83.875 -0.28736
27.125 84.125 0.0415
27.125 84.375 -0.22112
27.125 84.625 -0.96011
27.125 88.125 1.9616
27.125 88.375 1.3153
27.125 88.625 1.2546
27.125 92.125 -1.4165
27.125 92.375 -1.3066
27.125 92.625 -1.0643
27.125 92.875 0.75332
27.125 93.125 0.5762
27.125 93.375 0.26019
27.125 93.625 -0.15514
27.125 93.875 0.92268
27.125 94.125 -0.21106
27.125 94.375 -0.25496
27.125 94.625 0.16626
27.125 94.875 0.17306
27.125 95.125 -0.1116
27.125 95.375 -0.083016
27.125 95.625 0.62875
27.125 95.875 0.40454
27.375 70.125 -0.51958
27.375 70.375 -0.10859
27.375 70.625 -0.64334
27.375 70.875 -1.0124
27.375 71.125 -0.76733
27.375 71.375 -0.64531
27.375 71.625 -0.70573
27.375 71.875 1.0323
27.375 72.125 0.8757
27.375 72.375 1.4076
27.375 72.625 1.196
27.375 72.875 0.21908
27.375 73.125 -0.43258
27.375 73.375 -0.6558
27.375 73.625 1.1178
27.375 73.875 1.853
27.375 74.125 0.66385
27.375 74.375 0.8668
27.375 74.625 1.4567
27.375 74.875 1.1446
27.375 75.125 2.2016
27.375 75.375 2.2589
27.375 75.625 2.3458
27.375 75.875 2.1656
27.375 76.125 1.1988
27.375 76.375 1.7162
27.375 76.625 1.5539
27.375 76.875 1.7433
27.375 77.125 1.7959
27.375 77.375 1.0465
27.375 77.625 1.8262
27.375 77.875 1.6257
27.375 78.125 1.0534
27.375 78.375 0.59042
27.375 78.625 0.90752
27.375 78.875 1.685
27.375 79.125 1.8206
27.375 79.375 -0.82561
27.375 79.625 0.6855
27.375 79.875 1.7792
27.375 80.125 0.52905
27.375 80.375 -0.04466
27.375 80.625 0.30096
27.375 80.875 0.12457
27.375 81.125 0.58986
27.375 81.375 0.91541
27.375 81.625 -0.1007
27.375 81.875 0.048578
27.375 82.125 0.96291
27.375 82.375 0.20246
27.375 82.625 0.3875
27.375 82.875 0.39199
27.375 83.125 -0.071055
27.375 83.625 0.20139
27.375 84.125 0.33888
27.375 84.375 0.38001
27.375 88.125 2.4181
27.375 88.375 2.3422
27.375 88.625 1.1083
27.375 92.125 -0.5779
27.375 92.375 -0.014458
27.375 92.625 0.042107
27.375 92.875 -0.013806
27.375 93.125 1.2195
27.375 93.375 -0.46351
27.375 93.625 0.41579
27.375 93.875 -0.59588
27.375 94.125 -1.125
27.375 94.375 0.097571
27.375 94.625 0.30767
27.375 94.875 -0.057598
27.375 95.125 -0.13585
27.375 95.375 -0.3734
27.375 95.625 -0.16622
27.375 95.875 -0.074
27.375 96.125 0.081948
27.375 96.375 1.2942
NaN NaN NaN
27.375 96.875 0.97193
27.625 70.125 -0.37301
27.625 70.375 -0.66649
27.625 70.625 -0.27594
27.625 70.875 0.48885
27.625 71.125 0.16802
27.625 71.375 -0.62978
27.625 71.625 -0.017684
27.625 71.875 1.361
27.625 72.125 0.31293
27.625 72.375 -0.68686
27.625 72.625 -0.25441
27.625 72.875 0.32999
27.625 73.125 0.14037
27.625 73.375 -0.79737
27.625 73.625 -0.4781
27.625 73.875 1.0305
27.625 74.125 0.36988
27.625 74.375 -0.012324
27.625 74.625 0.38611
27.625 74.875 -0.19523
27.625 75.125 0.59058
27.625 75.375 2.2311
27.625 75.625 1.6752
27.625 75.875 0.332
27.625 76.125 0.36558
27.625 76.375 0.63911
27.625 76.625 0.88809
27.625 76.875 0.2476
27.625 77.125 0.7312
27.625 77.375 0.14939
27.625 77.625 1.5022
27.625 77.875 1.3274
27.625 78.125 2.1875
27.625 78.375 2.1944
27.625 78.625 1.734
27.625 78.875 1.0416
27.625 79.125 -0.24899
27.625 79.375 -0.58082
27.625 79.625 0.28115
27.625 79.875 1.1596
27.625 80.125 1.1918
27.625 80.375 0.67382
27.625 80.625 0.41347
27.625 80.875 0.35238
27.625 81.125 0.80461
27.625 81.375 0.031307
27.625 81.625 -0.40118
27.625 81.875 -0.066009
27.625 82.125 0.10192
27.625 82.375 -0.047846
27.625 82.625 0.20342
27.625 88.375 2.3526
27.625 88.625 1.9125
27.625 91.625 -0.073368
27.625 91.875 -0.95976
27.625 92.125 -1.1115
27.625 92.375 -0.41569
27.625 92.625 -0.95175
27.625 92.875 -0.46627
27.625 93.125 2.0135
27.625 93.375 1.5393
27.625 93.625 -1.8724
27.625 93.875 -1.296
27.625 94.125 -0.85373
27.625 94.375 1.6769
27.625 94.625 0.1011
27.625 94.875 -0.070196
27.625 95.125 -1.0072
27.625 95.375 -0.078614
27.625 95.625 -0.47749
27.625 95.875 -0.98439
27.625 96.125 0.45543
27.625 96.375 2.1042
27.625 96.625 1.0767
27.625 96.875 0.83144
27.875 70.375 -0.099712
27.875 71.875 -0.20329
27.875 72.125 0.5295
27.875 72.375 -0.22756
27.875 72.625 0.54318
27.875 72.875 0.6987
27.875 73.125 0.61383
27.875 73.375 0.67384
27.875 73.625 -0.5505
27.875 73.875 -0.37754
27.875 74.125 -0.14545
27.875 74.375 -0.81499
27.875 74.625 0.54258
27.875 74.875 1.4066
27.875 75.125 -0.077981
27.875 75.375 0.88972
27.875 75.625 0.51075
27.875 75.875 0.287
27.875 76.125 -0.4744
27.875 76.375 -0.43032
27.875 76.625 0.87074
27.875 76.875 1.5651
27.875 77.125 0.97778
27.875 77.375 -0.26119
27.875 77.625 -0.64006
27.875 77.875 1.5821
27.875 78.125 2.2385
27.875 78.375 2.1895
27.875 78.625 2.087
27.875 78.875 2.1006
27.875 79.125 1.293
27.875 79.375 -0.20667
27.875 79.625 -0.66033
27.875 79.875 0.53955
27.875 80.125 1.281
27.875 80.375 0.7513
27.875 80.625 1.1348
27.875 80.875 1.302
27.875 81.125 0.35164
27.875 81.375 0.25348
27.875 81.625 0.20415
27.875 88.375 2.2179
27.875 88.625 2.2245
27.875 92.875 -1.0855
27.875 93.125 1.9513
27.875 93.375 0.37044
27.875 93.625 -0.59162
27.875 93.875 -0.83737
27.875 94.125 -0.89644
27.875 94.375 -0.85085
27.875 94.625 -0.98307
27.875 94.875 0.12533
27.875 95.125 1.1421
27.875 95.375 -0.21125
27.875 95.625 -0.79813
27.875 95.875 -1.0148
27.875 96.125 0.39033
27.875 96.375 0.96879
27.875 96.625 0.67894
NaN NaN NaN
27.875 97.125 0.67345
28.125 72.125 -0.50266
28.125 72.375 -0.89159
28.125 72.625 -0.61187
28.125 72.875 0.72876
28.125 73.125 1.2718
28.125 73.375 0.4725
28.125 73.625 0.36168
28.125 73.875 -0.045358
28.125 74.125 -0.34922
28.125 74.375 -0.70185
28.125 74.625 -0.36572
28.125 74.875 0.31534
28.125 75.125 -0.7359
28.125 75.375 -0.15959
28.125 75.625 0.35704
28.125 75.875 -0.21189
28.125 76.125 -0.084853
28.125 76.375 0.31637
28.125 76.625 0.6802
28.125 76.875 0.80713
28.125 77.125 -0.21526
28.125 77.375 -0.36859
28.125 77.625 0.29966
28.125 77.875 1.7082
28.125 78.125 1.9864
28.125 78.375 1.9532
28.125 78.625 0.21714
28.125 78.875 1.0046
28.125 79.125 0.42388
28.125 79.375 -0.29609
28.125 79.625 -0.71291
28.125 79.875 -0.16157
28.125 80.125 0.11201
28.125 80.375 0.2516
28.125 80.625 0.61249
28.125 80.875 -0.19414
28.125 81.125 -0.23803
28.125 81.375 0.19053
28.125 92.875 -1.2
28.125 93.125 1.9093
28.125 93.375 1.3827
28.125 93.625 0.64074
28.125 93.875 0.22216
28.125 94.125 -0.75294
28.125 94.375 -1.4898
28.125 94.625 -1.3401
28.125 94.875 -0.68792
28.125 95.125 0.073311
28.125 95.375 0.30239
28.125 95.625 1.2882
28.125 95.875 0.83517
28.125 96.125 0.43274
28.125 96.375 0.61548
NaN NaN NaN
NaN NaN NaN
NaN NaN NaN
28.375 72.375 -0.55635
28.375 72.625 -0.82742
28.375 72.875 -0.56756
28.375 73.125 -0.03515
28.375 73.375 -0.55124
28.375 73.625 -1.0923
28.375 73.875 -0.60964
28.375 74.125 -0.47843
28.375 74.375 -0.039197
28.375 74.625 -0.12305
28.375 74.875 0.057992
28.375 75.125 -0.49746
28.375 75.375 -0.61534
28.375 75.625 -1.0379
28.375 75.875 -0.88218
28.375 76.125 -0.28064
28.375 76.375 -0.60868
28.375 76.625 -0.53139
28.375 76.875 -0.22947
28.375 77.125 -0.91707
28.375 77.375 -0.85312
28.375 77.625 -0.56153
28.375 77.875 -0.26648
28.375 78.125 2.0945
28.375 78.375 1.8228
28.375 78.625 0.12725
28.375 78.875 -0.61649
28.375 79.125 -0.34082
28.375 79.375 0.11472
28.375 79.625 -0.20211
28.375 79.875 -0.15474
28.375 80.125 0.09926
28.375 80.375 0.074516
28.375 80.625 0.084986
28.375 80.875 -0.038121
28.375 81.125 0.44008
28.375 93.375 1.2592
28.375 93.625 0.78255
28.375 93.875 0.34413
28.375 94.125 1.1771
28.375 94.375 0.41442
28.375 94.625 -0.29621
28.375 94.875 -0.36361
28.375 95.125 -0.63044
28.375 95.375 -0.80038
28.375 95.625 1.3884
28.375 95.875 0.37624
28.375 96.125 -0.34942
NaN NaN NaN
28.625 72.375 -0.29506
28.625 72.625 -0.4954
28.625 72.875 -1.1506
28.625 73.125 -0.43811
28.625 73.375 -0.64994
28.625 73.625 -1.0782
28.625 73.875 -0.82032
28.625 74.125 -0.77226
28.625 74.375 1.0655
28.625 74.625 -0.36354
28.625 74.875 -0.29649
28.625 75.125 -0.077169
28.625 75.375 -0.1688
28.625 75.625 -0.4589
28.625 75.875 -0.61241
28.625 76.125 -0.53584
28.625 76.375 -0.37876
28.625 76.625 0.37498
28.625 76.875 -0.63296
28.625 77.125 -1.024
28.625 77.375 -0.97879
28.625 77.625 -1.0693
28.625 77.875 -0.30979
28.625 78.125 0.23557
28.625 78.375 0.71351
28.625 78.625 -1.3194
28.625 78.875 -0.50663
28.625 79.125 0.17232
28.625 79.375 0.10904
28.625 79.625 0.88226
28.625 79.875 0.6685
28.625 80.125 0.80209
28.625 80.375 0.17055
28.625 80.625 0.12134
28.625 93.625 1.8056
28.625 93.875 1.9141
28.625 94.125 1.8412
28.625 94.375 0.042349
28.625 94.625 1.2598
28.625 94.875 0.17348
28.625 95.125 -0.73752
28.625 95.375 -0.45936
28.625 95.625 0.37288
28.625 95.875 -0.50943
28.625 96.125 0.07005
NaN NaN NaN
28.875 72.875 -1.2758
28.875 73.125 -0.60616
28.875 73.375 -0.66834
28.875 73.625 -0.86952
28.875 73.875 0.47609
28.875 74.125 1.4585
28.875 74.375 -0.086361
28.875 74.625 1.693
28.875 74.875 -0.019028
28.875 75.125 -0.48994
28.875 75.375 -0.69087
28.875 75.625 0.51182
28.875 75.875 -0.27214
28.875 76.125 -0.94813
28.875 76.375 -0.37534
28.875 76.625 -1.0253
28.875 76.875 -0.40456
28.875 77.125 -0.82778
28.875 77.375 -0.38961
28.875 77.625 -0.97209
28.875 77.875 -0.2082
28.875 78.125 -0.20508
28.875 78.375 -0.534
28.875 78.625 -0.19477
28.875 78.875 -0.46684
28.875 79.125 0.89099
28.875 79.375 0.68566
28.875 79.625 1.6795
28.875 79.875 1.7522
28.875 94.125 0.46834
28.875 94.375 0.62674
28.875 94.625 1.4576
28.875 94.875 1.3123
28.875 95.125 -0.021488
28.875 95.375 -1.2934
28.875 95.625 -0.36792
28.875 95.875 -0.7243
28.875 96.125 1.301
NaN NaN NaN
29.125 73.125 0.65791
29.125 73.375 -0.31644
29.125 73.625 0.078989
29.125 73.875 1.0532
29.125 74.125 0.78542
29.125 74.375 0.92825
29.125 74.625 1.1408
29.125 74.875 0.50529
29.125 75.125 -1.0119
29.125 75.375 -0.090552
29.125 75.625 0.47942
29.125 75.875 -0.28378
29.125 76.125 -0.36565
29.125 76.375 -0.884
29.125 76.625 -0.030427
29.125 76.875 -0.61279
29.125 77.125 -0.97794
29.125 77.375 -1.3513
29.125 77.625 -1.4407
29.125 77.875 -0.50859
29.125 78.125 -0.32052
29.125 78.375 -0.56745
29.125 78.625 0.29519
29.125 78.875 -0.067526
29.125 79.125 1.3624
29.125 79.375 1.5999
29.125 79.625 1.5807
29.125 79.875 1.3875
29.125 80.125 1.597
29.125 94.375 1.152
29.125 94.625 0.89665
29.125 94.875 0.97602
29.125 95.625 1.4353
29.125 95.875 1.2803
29.125 96.125 2.2709
29.375 73.375 0.90016
29.375 73.625 -0.063623
29.375 73.875 0.57672
29.375 74.125 0.044868
29.375 74.375 0.77583
29.375 74.625 -0.36702
29.375 74.875 -0.96183
29.375 75.125 -0.72568
29.375 75.375 -1.281
29.375 75.625 -0.55983
29.375 75.875 -1.7981
29.375 76.125 -1.3297
29.375 76.375 -1.3699
29.375 76.625 -0.47802
29.375 76.875 -1.1512
29.375 77.125 -1.547
29.375 77.375 -2.2003
29.375 77.625 -1.4474
29.375 77.875 -0.6017
29.375 78.125 -0.43744
29.375 78.375 -0.49263
29.375 78.625 -0.77356
29.375 78.875 0.10599
29.375 79.125 0.93502
29.375 79.375 1.6927
29.375 79.625 -0.26036
29.375 79.875 -0.038057
29.375 80.125 -0.082317
NaN NaN NaN
29.625 73.375 1.0311
29.625 73.625 -0.35594
29.625 73.875 -0.92812
29.625 74.125 0.91133
29.625 74.375 -0.16374
29.625 74.625 -1.5148
29.625 74.875 -0.46195
29.625 75.125 -1.0522
29.625 75.375 -0.85421
29.625 75.625 -0.043919
29.625 75.875 -1.2308
29.625 76.125 -0.96819
29.625 76.375 -0.667
29.625 76.625 -0.36248
29.625 76.875 -0.29767
29.625 77.125 -1.8143
29.625 77.375 -1.7419
29.625 77.625 -1.249
29.625 77.875 -0.59272
29.625 78.125 -0.37692
29.625 78.375 -0.27567
29.625 78.625 -0.92548
29.625 78.875 -0.80067
29.625 79.125 0.048622
29.625 79.375 -0.11406
29.625 79.625 -0.059287
29.625 79.875 -0.28616
29.625 80.125 -0.24721
29.875 73.625 -0.62063
29.875 73.875 -0.37293
29.875 74.125 0.067384
29.875 74.375 -1.0173
29.875 74.625 -1.5101
29.875 74.875 -1.8647
29.875 75.125 -0.69008
29.875 75.375 -0.72026
29.875 75.625 0.30492
29.875 75.875 -1.3004
29.875 76.125 -1.4418
29.875 76.375 -0.8615
29.875 76.625 -0.69674
29.875 76.875 -1.4539
29.875 77.125 -1.5083
29.875 77.375 -1.2904
29.875 77.625 -1.283
29.875 77.875 -0.25518
29.875 78.125 -0.42278
29.875 78.375 0.6288
29.875 78.625 0.40593
29.875 78.875 0.0053104
29.875 79.125 -1.2453
29.875 79.375 -1.1305
29.875 79.625 -0.082086
29.875 79.875 -0.58833
29.875 80.125 -0.31091
29.875 80.375 -0.2695
30.125 74.125 0.89349
30.125 74.375 -0.60651
30.125 74.625 -1.0916
30.125 74.875 -0.94747
30.125 75.125 -0.50611
30.125 75.375 -0.52627
30.125 75.625 0.61651
30.125 75.875 -0.65955
30.125 76.125 -0.683
30.125 76.375 -1.2024
30.125 76.625 -1.6233
30.125 76.875 -1.7669
30.125 77.125 -0.79397
30.125 77.375 -1.3391
30.125 77.625 0.81511
30.125 77.875 0.12068
30.125 78.125 0.30613
30.125 78.375 1.4018
30.125 78.625 0.43238
30.125 78.875 -0.072724
30.125 79.125 -0.7341
30.125 79.375 -1.0388
30.125 79.625 -0.48049
30.125 79.875 -0.17298
30.125 80.125 -0.62443
30.125 80.375 -0.51777
30.125 80.625 -0.24331
30.375 74.125 0.47992
30.375 74.375 0.01781
30.375 74.625 0.10767
30.375 74.875 0.22056
30.375 75.125 -0.011786
30.375 75.375 -0.25542
30.375 75.625 -0.090534
30.375 75.875 -0.99564
30.375 76.125 -0.8208
30.375 76.375 -0.83664
30.375 76.625 -1.429
30.375 76.875 -0.89011
30.375 77.125 -0.18403
30.375 77.375 0.71684
30.375 77.625 1.0546
30.375 77.875 1.3659
30.375 78.125 -0.19849
30.375 78.375 -1.1317
30.375 78.625 -0.68444
30.375 78.875 -0.52179
30.375 79.125 -0.61495
30.375 79.375 -0.91249
30.375 79.625 -0.17403
30.375 79.875 -1.0099
30.375 80.125 -0.75952
30.375 80.375 0.23679
30.375 80.625 -0.065279
30.625 74.375 0.31353
30.625 74.625 0.19444
30.625 74.875 0.016851
30.625 75.125 0.26212
30.625 75.375 -0.66816
30.625 75.625 0.29814
30.625 75.875 0.024778
30.625 76.125 -0.69533
30.625 76.375 -0.95125
30.625 76.625 0.20809
30.625 76.875 -0.35438
30.625 77.125 0.85253
30.625 77.375 1.3068
30.625 77.625 0.10768
30.625 77.875 0.34655
30.625 78.125 -0.26382
30.625 78.375 -1.3329
30.625 78.625 -1.1733
30.625 78.875 -0.86564
30.625 79.125 -0.42737
30.625 79.375 -0.74756
30.625 79.625 0.13713
30.625 79.875 -0.99572
30.625 80.125 0.23587
30.875 74.625 -0.7391
30.875 74.875 -0.63802
30.875 75.125 -0.81526
30.875 75.375 -0.37222
30.875 75.625 -0.23366
30.875 75.875 0.14413
30.875 76.125 0.31275
30.875 76.375 0.28727
30.875 76.625 0.85253
30.875 76.875 1.3092
30.875 77.125 0.64444
30.875 77.375 0.1116
30.875 77.625 -0.28487
30.875 77.875 -0.49125
30.875 78.125 -0.93307
30.875 78.375 -1.8643
30.875 78.625 -1.5387
30.875 78.875 0.1154
30.875 79.125 -0.79544
30.875 79.375 0.95174
30.875 79.625 0.61913
30.875 79.875 0.72038
31.125 74.875 -0.93722
31.125 75.125 -1.3852
31.125 75.375 -1.3725
31.125 75.625 -1.0106
31.125 75.875 -1.0519
31.125 76.125 0.59458
31.125 76.375 1.3442
31.125 76.625 1.204
31.125 76.875 0.97688
31.125 77.125 -0.01768
31.125 77.375 0.031608
31.125 77.625 0.73189
31.125 77.875 -0.45447
31.125 78.125 -1.2504
31.125 78.375 -1.5532
31.125 78.625 -0.7418
31.125 78.875 0.92445
31.125 79.125 2.2155
31.375 74.875 -0.25147
31.375 75.125 -1.3681
31.375 75.375 -1.2562
31.375 75.625 -0.16494
31.375 75.875 1.6134
31.375 76.125 1.5282
31.375 76.375 1.379
31.375 76.625 0.8304
31.375 76.875 -0.88003
31.375 77.125 -0.35752
31.375 77.375 0.64733
31.375 77.625 1.5214
31.375 77.875 0.48064
31.375 78.125 0.9575
31.375 78.375 1.6495
31.375 78.625 1.5304
31.625 74.875 -0.28872
31.625 75.125 -0.25944
31.625 75.375 0.15143
31.625 75.625 0.12227
31.625 75.875 -1.1172
31.625 76.125 0.27315
31.625 76.375 0.74364
31.625 76.625 0.47035
31.625 76.875 -0.44379
31.625 77.125 -0.81651
31.625 77.375 1.5153
31.625 77.625 2.0048
31.625 77.875 1.5942
31.625 78.125 1.7749
31.625 78.375 2.0512
31.625 78.625 1.5627
31.875 74.875 0.90029
31.875 75.125 0.55582
31.875 75.375 -0.13137
31.875 75.625 -0.078155
31.875 75.875 0.54923
31.875 76.125 0.58423
31.875 76.375 0.44988
31.875 76.625 0.89516
31.875 76.875 -1.086
31.875 77.125 0.093546
31.875 77.375 0.93395
31.875 77.625 2.1055
31.875 77.875 2.0085
31.875 78.125 1.4971
31.875 78.375 1.7286
31.875 78.625 1.5907
32.125 75.375 0.07139
32.125 75.625 0.93391
32.125 75.875 1.1926
32.125 76.125 0.10225
32.125 76.375 -0.22299
32.125 76.625 -1.3922
32.125 76.875 -0.50313
32.125 77.125 -0.14377
32.125 77.375 -1.2018
32.125 77.625 2.2944
32.125 77.875 1.1537
32.125 78.125 1.1868
32.125 78.375 1.6214
32.375 75.375 -0.58696
32.375 75.625 0.15286
32.375 75.875 0.25997
32.375 76.125 -0.9443
32.375 76.375 -0.46198
32.375 76.625 -1.6956
32.375 76.875 -1.3211
32.375 77.125 1.6575
32.375 77.375 2.016
32.375 77.625 1.7158
32.375 77.875 0.7858
32.375 78.125 1.2371
32.375 78.375 1.215
32.625 74.875 -0.1766
32.625 75.125 0.013553
32.625 75.375 -0.35627
32.625 75.625 -0.64001
32.625 75.875 -1.1564
32.625 76.125 -0.48446
32.625 76.375 -1.7023
32.625 76.625 -2.248
32.625 76.875 2.0857
32.625 77.125 2.1412
32.625 77.375 1.4885
32.625 77.625 1.4929
32.625 77.875 1.8113
32.625 78.125 1.12
32.625 78.375 1.0712
32.625 78.625 0.67813
32.625 78.875 0.88812
32.625 79.125 1.565
32.625 79.375 1.8541
32.875 74.375 0.96829
32.875 74.625 0.52655
32.875 74.875 0.51402
32.875 75.125 0.51
32.875 75.375 -0.22785
32.875 75.625 -0.85661
32.875 75.875 -1.143
32.875 76.125 -0.1825
32.875 76.375 0.27614
32.875 76.625 1.3138
32.875 76.875 1.9986
32.875 77.125 1.7604
32.875 77.375 1.6431
32.875 77.625 1.1531
32.875 77.875 0.4085
32.875 78.125 0.53683
32.875 78.375 0.71785
32.875 78.625 0.96454
32.875 78.875 1.338
32.875 79.125 1.2495
32.875 79.375 1.4092
33.125 73.875 0.41299
33.125 74.125 0.57273
33.125 74.375 0.50841
33.125 74.625 -0.11272
33.125 74.875 0.88611
33.125 75.125 0.79081
33.125 75.375 -0.0080627
33.125 75.625 0.03085
33.125 75.875 0.066074
33.125 76.125 0.15943
33.125 76.375 1.5271
33.125 76.625 1.8354
33.125 76.875 1.5239
33.125 77.125 2.2033
33.125 77.375 0.76079
33.125 77.625 -0.017834
33.125 77.875 -1.1625
33.125 78.125 -0.23385
33.125 78.375 -0.072818
33.125 78.625 1.3218
33.125 78.875 1.2633
33.125 79.125 1.5269
33.375 73.875 0.32712
33.375 74.125 0.59544
33.375 74.375 0.1545
33.375 74.625 -0.004945
33.375 74.875 -0.12235
33.375 75.125 -0.49712
33.375 75.375 -0.12617
33.375 75.625 0.079936
33.375 75.875 0.28341
33.375 76.125 0.5206
33.375 76.375 1.9131
33.375 76.625 1.906
33.375 76.875 1.3995
33.375 77.125 1.6574
33.375 77.375 1.379
33.375 77.625 0.31682
33.375 77.875 -1.4362
33.375 78.125 1.5924
33.375 78.375 2.1378
33.375 78.625 1.7394
33.375 78.875 1.5655
33.625 73.875 0.041591
33.625 74.125 0.71669
33.625 74.375 0.63461
33.625 74.625 -0.32136
33.625 74.875 -0.55486
33.625 75.125 -0.12708
33.625 75.375 0.50993
33.625 75.625 0.076687
33.625 75.875 0.067297
33.625 76.125 1.6202
33.625 76.375 1.3047
33.625 76.625 0.24831
33.625 76.875 1.2607
33.625 77.125 1.2407
33.625 77.375 1.8943
33.625 77.625 1.4911
33.625 77.875 2.0334
33.625 78.125 1.8289
33.625 78.375 1.9756
33.625 78.625 1.6931
33.625 78.875 1.275
33.875 73.875 -0.047685
33.875 74.125 0.26187
33.875 74.375 0.2543
33.875 74.625 0.97501
33.875 74.875 -0.17142
33.875 75.125 0.27261
33.875 75.375 0.18728
33.875 75.625 0.35074
33.875 75.875 2.1205
33.875 76.125 1.1897
33.875 76.375 1.3211
33.875 76.625 0.96967
33.875 76.875 1.1204
33.875 77.125 1.1561
33.875 77.375 1.6167
33.875 77.625 1.134
33.875 77.875 1.3773
33.875 78.125 1.8887
33.875 78.375 1.9729
33.875 78.625 1.4853
33.875 78.875 2.3521
34.125 73.625 -0.21877
34.125 73.875 0.43239
34.125 74.125 0.55242
34.125 74.375 -0.063607
34.125 74.625 -0.094194
34.125 74.875 0.34808
34.125 75.125 0.57862
34.125 75.375 0.38621
34.125 75.625 1.3731
34.125 75.875 1.3668
34.125 76.125 1.2907
34.125 76.375 1.2555
34.125 76.625 1.4726
34.125 76.875 0.85391
34.125 77.125 0.69152
34.125 77.375 0.81872
34.125 77.625 1.6983
34.125 77.875 1.4728
34.125 78.125 1.5253
34.125 78.375 1.8514
34.125 78.625 1.6423
34.125 78.875 1.8458
34.125 79.125 1.5349
34.125 79.375 1.8759
34.375 73.625 -0.20578
34.375 73.875 -0.86249
34.375 74.125 -0.44061
34.375 74.375 0.89765
34.375 74.625 0.62761
34.375 74.875 0.47697
34.375 75.125 0.19467
34.375 75.375 0.48248
34.375 75.625 1.8724
34.375 75.875 1.7414
34.375 76.125 1.5733
34.375 76.375 1.5237
34.375 76.625 1.1504
34.375 76.875 0.90629
34.375 77.125 1.5972
34.375 77.375 1.0542
34.375 77.625 0.93532
34.375 77.875 1.2945
34.375 78.125 1.5599
34.375 78.375 1.8982
34.375 78.625 2.3267
34.375 78.875 -0.2759
34.375 79.125 1.8175
34.375 79.375 1.8286
34.625 73.875 -0.04327
34.625 74.125 -1.1581
34.625 74.375 0.95829
34.625 74.625 0.0003945
34.625 74.875 0.67336
34.625 75.125 0.81325
34.625 75.375 1.8239
34.625 75.625 0.5436
34.625 75.875 1.7914
34.625 76.125 1.3652
34.625 76.375 0.72345
34.625 76.625 1.4191
34.625 76.875 1.2105
34.625 77.125 2.0566
34.625 77.375 1.3251
34.625 77.625 2.0421
34.625 77.875 1.3155
34.625 78.125 1.4981
34.625 78.375 2.3472
34.625 78.625 0.96862
34.625 78.875 -0.53631
34.625 79.125 0.37845
34.625 79.375 1.9353
34.625 79.625 1.5981
34.875 74.125 1.8922
34.875 74.375 2.2887
34.875 74.625 1.2191
34.875 74.875 0.96461
34.875 75.125 0.86057
34.875 75.375 -1.4882
34.875 75.625 1.5825
34.875 75.875 1.3609
34.875 76.125 0.51531
34.875 76.375 0.2547
34.875 76.625 1.3663
34.875 76.875 2.0517
34.875 77.125 2.1006
34.875 77.375 1.9108
34.875 77.625 1.4566
34.875 77.875 1.326
34.875 78.125 1.696
34.875 78.375 2.3004
34.875 78.625 -0.50044
34.875 78.875 0.18524
34.875 79.125 0.54077
34.875 79.375 2.282
34.875 79.625 0.13662
34.875 79.875 1.3163
35.125 74.375 2.3686
35.125 74.625 1.3514
35.125 74.875 1.9512
35.125 75.125 -1.1481
35.125 75.375 1.068
35.125 75.625 2.1859
35.125 75.875 2.3166
35.125 76.125 0.14632
35.125 76.375 1.6809
35.125 76.625 1.9845
35.125 76.875 0.92391
35.125 77.125 1.9843
35.125 77.375 1.3238
35.125 77.625 -0.55005
35.125 77.875 0.92216
35.125 78.125 -0.61833
35.125 78.375 -1.0957
35.125 78.625 -0.085895
35.125 78.875 2.1469
35.125 79.125 1.6317
35.125 79.375 0.33885
35.125 79.625 -1.3597
35.125 79.875 1.4756
35.375 73.875 2.1038
35.375 74.125 2.1851
35.375 74.375 2.2624
35.375 74.625 2.2322
35.375 74.875 2.3346
35.375 75.125 0.43474
35.375 75.375 2.3022
35.375 75.625 2.3122
35.375 75.875 2.3804
35.375 76.125 2.3919
35.375 76.375 2.3253
35.375 76.625 1.9023
35.375 76.875 1.3443
35.375 77.125 1.2261
35.375 77.375 -1.2972
35.375 77.625 -0.54659
35.375 77.875 -0.9093
35.375 78.125 -1.2481
35.375 78.375 -0.31836
35.375 78.625 1.09
35.375 78.875 1.1892
35.375 79.125 1.5045
35.375 79.375 -0.34908
35.375 79.625 -0.19156
35.375 79.875 0.47664
NaN NaN NaN
35.625 73.375 1.4101
35.625 73.625 1.4012
35.625 73.875 1.5381
35.625 74.125 0.26613
35.625 74.375 -0.60056
35.625 74.625 1.6063
35.625 74.875 2.3263
35.625 75.125 2.2238
35.625 75.375 2.3872
35.625 75.625 2.4018
35.625 75.875 2.3684
35.625 76.125 2.4446
35.625 76.375 2.3088
35.625 76.625 -1.3994
35.625 76.875 -1.4012
35.625 77.125 -0.037411
35.625 78.375 0.42116
35.625 78.625 0.85896
35.625 78.875 0.6823
35.625 79.125 0.65674
35.625 79.375 1.5583
35.625 79.625 0.85248
35.625 79.875 1.5021
35.625 80.125 2.1453
35.875 73.125 1.5808
35.875 73.375 0.62326
35.875 73.625 0.74789
35.875 73.875 0.73501
35.875 74.125 0.086601
35.875 74.375 -1.0514
35.875 74.625 1.4003
35.875 74.875 2.2464
35.875 75.125 2.3272
35.875 75.375 0.61276
35.875 75.625 2.3696
35.875 75.875 2.3938
35.875 76.125 2.166
35.875 76.375 2.4242
35.875 76.625 -1.2958
35.875 79.375 2.2207
36.125 72.625 1.7802
36.125 72.875 1.0938
36.125 73.125 1.6459
36.125 73.375 0.79933
36.125 73.625 0.29627
36.125 73.875 0.32706
36.125 74.125 -1.7717
36.125 74.375 -1.2713
36.125 74.625 2.2778
36.125 74.875 2.274
36.125 75.125 2.2631
36.125 75.375 1.7332
36.125 75.625 -2.3074
36.125 75.875 2.3693
36.125 76.125 1.3029
36.125 76.375 2.4331
36.125 76.625 2.1499
36.375 73.125 1.8718
36.375 73.375 2.4197
36.375 73.625 2.1874
36.375 73.875 1.8856
36.375 74.125 2.1053
36.375 74.375 2.2465
36.375 74.625 2.1621
36.375 74.875 2.2754
36.375 75.125 2.1938
36.375 75.375 2.4288
36.375 75.625 2.4271
36.375 75.875 2.3662
36.375 76.125 2.4357
36.625 73.375 2.0238
36.625 73.625 2.261
36.625 73.875 1.6189
36.625 74.125 1.7365
36.625 74.375 -0.31463
36.625 74.625 1.2296
36.625 74.875 2.4212
36.625 75.125 2.4266
36.625 75.375 2.4235
36.625 75.625 2.0098
36.875 73.875 -1.6464
36.875 74.375 -1.0489
36.875 74.625 -1.4381
36.875 74.875 -2.3786
36.875 75.125 -2.2143
36.875 75.375 -1.3182
